9.999375224752178326e-01 -6.051613226694641315e-03 9.398357488295230183e-03 -1.346131000000000133e-01 6.004560292459569515e-03 9.999693384037098287e-01 5.026679633832254086e-03 -1.005465999999999999e-01 -9.428488840610590310e-03 -4.969932575142300794e-03 9.999432000710746227e-01 7.513949999999999796e-02
9.999456875479068030e-01 -8.786032036791294880e-03 5.606032054166704484e-03 -1.339006000000000085e-01 8.768508376207649613e-03 9.999566170384462938e-01 3.142817507010051570e-03 -1.008118999999999960e-01 -5.633401743196009628e-03 -3.093490273860515383e-03 9.999793473380964581e-01 1.159057000000000004e-01
9.999709242593115555e-01 -7.493496338183612722e-03 1.413558844827009437e-03 -1.339300999999999964e-01 7.491591442082096326e-03 9.999710289163727950e-01 1.348104445407662067e-03 -1.006232999999999989e-01 -1.423619908220655249e-03 -1.337475442927600925e-03 9.999980922310784948e-01 1.577047000000000032e-01
9.999688107510629198e-01 -7.465043679427507510e-03 -2.578885024422423664e-03 -1.342031999999999947e-01 7.464839922626742390e-03 9.999721337668954213e-01 -8.862624813274724736e-05 -1.006345000000000017e-01 2.579474759424637761e-03 6.937252006045913316e-05 9.999966707431675594e-01 1.999768000000000101e-01
9.999012889291032380e-01 -7.386692888855410540e-03 -1.195195239631149063e-02 -1.353772000000000031e-01 7.374540810630624867e-03 9.999722453616002316e-01 -1.060497200389284682e-03 -1.009609000000000062e-01 1.195945424132332548e-02 9.722523568616377350e-04 9.999280104985579509e-01 2.880853999999999915e-01
9.998510725618081629e-01 -5.585958934653972516e-03 -1.632880154151826468e-02 -1.365184999999999871e-01 5.553220329924392698e-03 9.999824802563750392e-01 -2.049615641019237114e-03 -1.014487000000000028e-01 1.633996453390411385e-02 1.958632964328882453e-03 9.998645754880717273e-01 3.331142999999999743e-01
9.997711754869057499e-01 -2.598610783140564012e-03 -2.123308473887870404e-02 -1.380192000000000085e-01 2.541090328467564968e-03 9.999930298350649949e-01 -2.735533079563532040e-03 -1.017998999999999987e-01 2.124004532653418417e-02 2.680951936265050725e-03 9.997708102216439352e-01 3.795704999999999774e-01
9.996657971145161969e-01 -2.416681952776668276e-03 -2.573817646489610228e-02 -1.393935000000000035e-01 2.380916017657342450e-03 9.999961571832857166e-01 -1.420161109959510760e-03 -1.018296999999999952e-01 2.574150963552586380e-02 1.358406051408148074e-03 9.996677094988531964e-01 4.269974999999999743e-01
9.995410926933817608e-01 -3.374578337654574479e-03 -3.010342569149665817e-02 -1.408466999999999913e-01 3.422239302636828889e-03 9.999929708188174393e-01 1.531858711244749385e-03 -1.023318000000000005e-01 3.009804471183994204e-02 -1.634176856634899505e-03 9.995456153525588139e-01 4.748280999999999752e-01
9.994352140090101422e-01 -3.914764366353043652e-03 -3.337555420843293236e-02 -1.429374999999999951e-01 4.064488482697786904e-03 9.999819743630300461e-01 4.419375791914132920e-03 -1.026822000000000012e-01 3.335765177793739017e-02 -4.552534346061771695e-03 9.994331100673470303e-01 5.231907000000000085e-01
9.993560139748204341e-01 -2.207093460471216528e-03 -3.581460694765776359e-02 -1.452911000000000064e-01 2.340566099191790286e-03 9.999904702342710117e-01 3.685266744325882589e-03 -1.029638999999999971e-01 3.580613191471238715e-02 -3.766719938921044182e-03 9.993516561942586973e-01 5.718412999999999968e-01
9.992717209269130763e-01 -2.913655030949470655e-03 -3.804652901548490063e-02 -1.473984999999999879e-01 3.054447850634111825e-03 9.999886996013011009e-01 3.642940848619840525e-03 -1.032249999999999973e-01 3.803548480160688638e-02 -3.756498909810733738e-03 9.992693283654049408e-01 6.212417999999999552e-01
9.991786144470994335e-01 -5.939289400562065661e-03 -4.008517522714575426e-02 -1.490604000000000096e-01 6.060232050875740718e-03 9.999774422518348249e-01 2.896303673279588143e-03 -1.031603999999999993e-01 4.006706901015030103e-02 -3.136850154962062768e-03 9.991920686995273693e-01 6.714056000000000468e-01
9.990907813522362790e-01 -5.872556840813991479e-03 -4.222704930645002075e-02 -1.512073999999999918e-01 6.027517077216563469e-03 9.999755567036999748e-01 3.543308201274146009e-03 -1.033306999999999976e-01 4.220520885935544197e-02 -3.794610820197866566e-03 9.991017572168819916e-01 7.220549000000000550e-01
9.990260013605234413e-01 -7.504069640709943798e-03 -4.348261197801697731e-02 -1.536705999999999905e-01 7.656214868812310018e-03 9.999651344349066440e-01 3.333509931243480891e-03 -1.036345000000000044e-01 4.345608104150658346e-02 -3.663175317466658282e-03 9.990486225240028384e-01 7.730251999999999679e-01
9.989591799782361337e-01 -5.336569558907732803e-03 -4.529986492863827957e-02 -1.563566000000000122e-01 5.395035266379306048e-03 9.999847640143865179e-01 1.168474889022589128e-03 -1.041268000000000055e-01 4.529293909302482130e-02 -1.411653085815388776e-03 9.989727508315133786e-01 8.242872999999999450e-01
9.988981187109100546e-01 -4.830405100261649098e-03 -4.668206960249328408e-02 -1.589090999999999976e-01 4.755350778578868245e-03 9.999872162755018001e-01 -1.718698503385426932e-03 -1.043010000000000048e-01 4.668977484179304138e-02 1.494815085633070112e-03 9.989083193432130026e-01 8.762124000000000024e-01
9.987788746156639474e-01 4.854665783593373543e-05 -4.940402073404305539e-02 -1.652324000000000015e-01 -1.841820262818105692e-04 9.999962268114672703e-01 -2.740883034660178755e-03 -1.054699000000000053e-01 4.940370126264770345e-02 2.746635405456323772e-03 9.987751149760893954e-01 9.817772999999999639e-01
9.987026565864758343e-01 -6.824729675942905463e-04 -5.091697121554076416e-02 -1.680447999999999942e-01 6.358991002236438284e-04 9.999993645321311186e-01 -9.308961640648146440e-04 -1.062871999999999983e-01 5.091757417090918975e-02 8.973104158756147744e-04 9.987024559269729318e-01 1.035144599999999970e+00
9.985907838124403746e-01 -6.915510449245798911e-04 -5.306569741375490729e-02 -1.744578999999999991e-01 7.223504972579554819e-04 9.999995816180669017e-01 5.612249551683320481e-04 -1.071436999999999945e-01 5.306528709632165469e-02 -5.987661007908125785e-04 9.985908655623390029e-01 1.142756200000000000e+00
9.984153205153396549e-01 -2.642836103316566210e-03 -5.621266029626009048e-02 -1.800546000000000091e-01 2.606282833405132796e-03 9.999963418623288858e-01 -7.235687614868362150e-04 -1.084515000000000062e-01 5.621436693625595643e-02 5.759160453645897904e-04 9.984185561530117825e-01 1.250815599999999916e+00
9.984035129974646594e-01 -1.070685217246813026e-03 -5.647370067108214292e-02 -1.869992000000000043e-01 1.315156515165461122e-03 9.999899247016943438e-01 4.291952753734729065e-03 -1.092761000000000010e-01 5.646853635133491228e-02 -4.359372462320973418e-03 9.983948619028808480e-01 1.360989299999999957e+00
9.985104774288430241e-01 -1.501302726268493627e-03 -5.453964205005527865e-02 -1.927819000000000060e-01 2.093704769462632551e-03 9.999394177819324048e-01 1.080634842434276613e-02 -1.097093999999999986e-01 5.452011431721680290e-02 -1.090444203313790592e-02 9.984531287340350225e-01 1.471957900000000041e+00
9.986760180736039549e-01 -8.787169453279039359e-04 -5.143382915145277429e-02 -1.990735999999999895e-01 1.321733887317267254e-03 9.999623179587953103e-01 8.579958158661150566e-03 -1.095404999999999990e-01 5.142435166515915007e-02 -8.636580284073809219e-03 9.986395473527046596e-01 1.582589599999999930e+00
9.987831806194287232e-01 -7.699651909280603133e-04 -4.931090412213633145e-02 -2.052450000000000108e-01 8.095539149793617734e-04 9.999993658666602725e-01 7.828721072101618586e-04 -1.097976999999999981e-01 4.931027006817650937e-02 -8.218393287408471424e-04 9.987831705860493736e-01 1.695030899999999896e+00
9.987918010281119363e-01 -4.715223680536530931e-03 -4.891528252666110799e-02 -2.104441999999999979e-01 5.038575917227722592e-03 9.999662505878084140e-01 6.489255588021529235e-03 -1.103637999999999980e-01 4.888303337301096174e-02 -6.727878640614986909e-03 9.987818504044064793e-01 1.808783500000000100e+00
9.987219160231102233e-01 -8.246155860389226683e-03 -4.986517190037286634e-02 -2.131502999999999870e-01 8.740205887783993044e-03 9.999147771830911857e-01 9.697792116151222538e-03 -1.105142999999999959e-01 4.978095274466643599e-02 -1.012122939247536192e-02 9.987088752281207960e-01 1.865677000000000030e+00
9.984906389201910759e-01 -1.675897391091313998e-02 -5.230277987069113094e-02 -2.184538000000000035e-01 1.704653483459163399e-02 9.998419100758655365e-01 5.056728782324442992e-03 -1.108805999999999958e-01 5.220976574245180662e-02 -5.940677511720967793e-03 9.986184700433995420e-01 1.979173300000000024e+00
9.983137724646841127e-01 -1.588425546530847568e-02 -5.583280519232041578e-02 -2.251043000000000072e-01 1.594431419058232532e-02 9.998726826344739305e-01 6.303699964906746799e-04 -1.115503999999999940e-01 5.581568374859147835e-02 -1.519522837373088117e-03 9.984399333450278968e-01 2.094043699999999841e+00
9.982282544236663613e-01 -1.344461996815273820e-02 -5.796200707525604734e-02 -2.319319999999999993e-01 1.375203111506731642e-02 9.998933907498096518e-01 4.908031688850881050e-03 -1.124157999999999963e-01 5.788984116829397342e-02 -5.696431230208326424e-03 9.983067248900756585e-01 2.210035299999999925e+00
9.981135489740238231e-01 -1.198601999063527573e-02 -6.021360875469149165e-02 -2.393520000000000092e-01 1.253974505731891148e-02 9.998824164355016864e-01 8.826556349988147129e-03 -1.129055000000000059e-01 6.010073334308338455e-02 -9.564968786470852066e-03 9.981464888600958263e-01 2.325841699999999790e+00
9.981346775108493885e-01 -6.595803330554352896e-03 -6.069317036320843323e-02 -2.473001999999999978e-01 7.469267367022935401e-03 9.998716192006429360e-01 1.417586547920599883e-02 -1.130596999999999991e-01 6.059187730474045047e-02 -1.460275643531953708e-02 9.980558020016606635e-01 2.442077400000000065e+00
9.981226802205636073e-01 -6.596699291599396678e-03 -6.089005491683126964e-02 -2.544585999999999792e-01 7.340095148269857803e-03 9.999011378551937446e-01 1.199322805183442898e-02 -1.129546000000000022e-01 6.080491947641129130e-02 -1.241765172426634832e-02 9.980724240720820761e-01 2.556554999999999911e+00
9.980627979004558226e-01 -4.543691433371893802e-03 -6.204841911984752129e-02 -2.619402000000000119e-01 5.143100833410946433e-03 9.999416090372352794e-01 9.504053337517982467e-03 -1.130672000000000066e-01 6.200161256718509512e-02 -9.804763341525480833e-03 9.980278887159844681e-01 2.671368800000000210e+00
9.979951469950403276e-01 -6.589744170452466188e-03 -6.294649987184326723e-02 -2.658325999999999745e-01 7.264706828995964871e-03 9.999184842105739435e-01 1.049995089117018374e-02 -1.129756999999999983e-01 6.287217674803947942e-02 -1.093618790055446433e-02 9.979616671922659776e-01 2.728023299999999818e+00
9.979174972887312478e-01 -3.701898646885560216e-03 -6.439692967372950827e-02 -2.733616999999999853e-01 4.221908046592319323e-03 9.999595583030360668e-01 7.940859578354742335e-03 -1.133315000000000017e-01 6.436492909528601647e-02 -8.196200632318373716e-03 9.978927688873957536e-01 2.841189599999999871e+00
9.978473092878050732e-01 -2.075859628798954956e-03 -6.554722079454494699e-02 -2.813388000000000000e-01 2.244609554731352707e-03 9.999943534964161884e-01 2.500940469376844357e-03 -1.140559000000000017e-01 6.554165908057341117e-02 -2.642684636138186143e-03 9.978463344337542562e-01 2.953029200000000021e+00
9.978225675408390893e-01 -5.453323964575689659e-03 -6.572963535533235535e-02 -2.888426000000000049e-01 6.063477655750540082e-03 9.999403297873914465e-01 9.086864332707077219e-03 -1.147168999999999967e-01 6.567615963898762454e-02 -9.465628474654739360e-03 9.977960933640971364e-01 3.064754699999999943e+00
9.977594053167190280e-01 -7.463422843213662027e-03 -6.648658828283046662e-02 -2.920863000000000209e-01 8.139628557502311124e-03 9.999178105864074961e-01 9.905479242883291624e-03 -1.152032999999999946e-01 6.640719500907341089e-02 -1.042446121143416130e-02 9.977381495460010408e-01 3.119698800000000105e+00
9.977404609939173330e-01 -1.056050463636140808e-02 -6.635094752504004656e-02 -2.958201999999999776e-01 1.116019162294423599e-02 9.999001013310364616e-01 8.673954180307469689e-03 -1.155973000000000001e-01 6.625271782036111501e-02 -9.394844331243457428e-03 9.977586453052698090e-01 3.174315899999999857e+00
9.976898656153362355e-01 -1.298935142451776957e-02 -6.667989800549045665e-02 -2.994439999999999880e-01 1.350952890366120991e-02 9.998816830442429637e-01 7.356122716023112858e-03 -1.159595999999999960e-01 6.657645737986794821e-02 -8.239943093397376211e-03 9.977473020061563558e-01 3.228713299999999897e+00
9.974488069063521811e-01 -1.827571395540929580e-02 -6.900634666836587272e-02 -3.066362000000000254e-01 1.919233539137843100e-02 9.997358625339137772e-01 1.264355273632744234e-02 -1.161639000000000005e-01 6.875704955362375859e-02 -1.393568954130035981e-02 9.975360969376942943e-01 3.337467699999999926e+00
9.974005325403797473e-01 -1.915766711745275214e-02 -6.946338228724459329e-02 -3.104439999999999977e-01 2.044127514633505005e-02 9.996323159091911048e-01 1.781536585139179354e-02 -1.164275000000000032e-01 6.909654085812720614e-02 -1.918897549750849321e-02 9.974254113771100494e-01 3.391406799999999944e+00
9.973151624885558952e-01 -1.632443364329068738e-02 -7.138612986183763554e-02 -3.183294999999999875e-01 1.752601942918489628e-02 9.997145369509093937e-01 1.623832663782804817e-02 -1.163082000000000005e-01 7.110067027386719751e-02 -1.744584406828060888e-02 9.973165682025703083e-01 3.498557100000000197e+00
9.972517264313289775e-01 -1.452578875402440323e-02 -7.264981480229174005e-02 -3.223697999999999841e-01 1.517548534071671770e-02 9.998495706198021749e-01 8.398855640559357502e-03 -1.164252000000000065e-01 7.251688613286921825e-02 -9.478269487133287804e-03 9.973221463665197239e-01 3.550673699999999933e+00
9.971688027562077838e-01 -8.251139859391394202e-03 -7.474153798773396085e-02 -3.305589999999999917e-01 8.610864582504046058e-03 9.999528366119889711e-01 4.491944209200224303e-03 -1.169922000000000045e-01 7.470094926366661892e-02 -5.122815891436326846e-03 9.971928223450314821e-01 3.654547200000000107e+00
9.970465338037932668e-01 -3.743296535251362887e-03 -7.670852078413759045e-02 -3.391005000000000269e-01 4.395414078226657188e-03 9.999556099713795554e-01 8.334171935296339970e-03 -1.177496999999999988e-01 7.667391841377496631e-02 -8.646722952386607861e-03 9.970187282179119315e-01 3.756127600000000122e+00
9.968516521923175278e-01 -6.317897344539337651e-04 -7.928672248982306103e-02 -3.473261999999999738e-01 1.337838617978085853e-03 9.999599235352395477e-01 8.852203749919478407e-03 -1.185562000000000005e-01 7.927795222682672283e-02 -8.930406772890057618e-03 9.968125471349122968e-01 3.853444300000000045e+00
9.966176796976287111e-01 -1.030116977577021694e-04 -8.217779446240269792e-02 -3.552637000000000156e-01 9.320987905088069791e-04 9.999490565848262458e-01 1.005064311179238411e-02 -1.195612000000000064e-01 8.217257271109082439e-02 -1.009324644036856643e-02 9.965670046064812881e-01 3.947975899999999871e+00
9.964180162121938356e-01 2.421228348343288338e-03 -8.452972625675195251e-02 -3.637278999999999929e-01 -1.257785330579209602e-03 9.999037875000450493e-01 1.381425782035021130e-02 -1.199561999999999989e-01 8.455504091311422110e-02 -1.365845512311352275e-02 9.963251937293523541e-01 4.040195899999999618e+00
9.961465942040020893e-01 6.895608566674666512e-03 -8.743233634223927797e-02 -3.720895000000000175e-01 -5.201752976476334278e-03 9.997946364345645653e-01 1.958639126149968809e-02 -1.200530000000000069e-01 8.754944101328672457e-02 -1.905611553208141559e-02 9.959778912401062723e-01 4.128716899999999690e+00
9.959403301423109811e-01 9.870814644307626673e-03 -8.947304518279375340e-02 -3.810606000000000271e-01 -9.196068405107869076e-03 9.999261087029883699e-01 7.950437723040524457e-03 -1.203609000000000068e-01 8.954491120054286490e-02 -7.095361326746585200e-03 9.959575115062537787e-01 4.212975499999999762e+00
9.957422085508285114e-01 9.754399546150092568e-03 -9.166409220524895929e-02 -3.883170000000000233e-01 -9.702057013667981719e-03 9.999524171527199856e-01 1.016621923901321655e-03 -1.209604999999999986e-01 9.166964710318159515e-02 -1.229631110852502326e-04 9.957894660419196464e-01 4.292824699999999716e+00
9.955100802681183803e-01 1.305915878706113628e-02 -9.375040509959851887e-02 -3.962107999999999741e-01 -1.247600821648397681e-02 9.998990244491836599e-01 6.803684630632895677e-03 -1.221147999999999956e-01 9.382978899873285761e-02 -5.603505808439025737e-03 9.955724842617478254e-01 4.368680999999999592e+00
9.956101473598242269e-01 -2.225555669134310615e-03 -9.357072926996279350e-02 -4.052818000000000254e-01 1.629786982338308175e-03 9.999779156766795962e-01 -6.442977053785866291e-03 -1.238326000000000010e-01 9.358300202783242927e-02 6.262192977463624556e-03 9.955917871650868944e-01 4.473652799999999985e+00
9.971021642551800568e-01 -2.239168812774829304e-04 -7.607380560262567981e-02 -4.160194999999999865e-01 5.191428148392712499e-04 9.999924114404220576e-01 3.861029954215105999e-03 -1.261201000000000128e-01 7.607236376223368290e-02 -3.889334493178043476e-03 9.970947139308413698e-01 4.601704599999999701e+00
9.983702268245552292e-01 -1.161738710726995753e-03 -5.705734443044226806e-02 -4.191002999999999812e-01 1.577126382095805825e-03 9.999725783663150347e-01 7.235688481325050665e-03 -1.270994000000000013e-01 5.704737384543673989e-02 -7.313882593525889743e-03 9.983446820906831665e-01 4.661307800000000334e+00
9.996724100383879152e-01 9.030060475148274368e-03 -2.394849924017081189e-02 -4.208947000000000105e-01 -8.846744649994971177e-03 9.999308376276503374e-01 7.749520653776982397e-03 -1.277037000000000033e-01 2.401682154530616203e-02 -7.535115731075109520e-03 9.996831569621348335e-01 4.717724300000000426e+00
9.996936858905324241e-01 4.081514558108174755e-03 2.441056389175674107e-02 -4.182738999999999763e-01 -4.310550191177347189e-03 9.999471146976011138e-01 9.337396049858098096e-03 -1.279276000000000024e-01 -2.437116221379127812e-02 -9.439758834552697264e-03 9.996584103610065553e-01 4.771482899999999638e+00
9.861317065349555211e-01 2.564441961620143526e-03 1.659448131273823235e-01 -4.027399999999999869e-01 -4.929249943325061424e-03 9.998920685973300415e-01 1.384029086213925570e-02 -1.288142999999999927e-01 -1.658914098482877908e-01 -1.446633310752477343e-02 9.860379127320457737e-01 4.871256800000000275e+00
9.656939890104738744e-01 4.329863773563731935e-03 2.596466288414721602e-01 -3.885654000000000052e-01 -7.759234563383392291e-03 9.998956620922673233e-01 1.218438377829424157e-02 -1.293221999999999983e-01 -2.595667811335441444e-01 -1.378104527126820453e-02 9.656268269487969791e-01 4.916928799999999988e+00
9.298692444471237106e-01 5.648398104636485027e-03 3.678468211500360852e-01 -3.690498999999999863e-01 -9.194932948443215737e-03 9.999266023558127658e-01 7.889430222383201491e-03 -1.299559999999999882e-01 -3.677752594172271072e-01 -1.071846537577833894e-02 9.298529308770175916e-01 4.959475499999999926e+00
8.757670824471985860e-01 6.973089916672309263e-03 4.826835332999619976e-01 -3.452091999999999938e-01 -1.022405125127325357e-02 9.999393086927700347e-01 4.104595843250260362e-03 -1.299055000000000071e-01 -4.826256168894610954e-01 -8.529651108872651419e-03 8.757852242268236997e-01 4.998024000000000022e+00
8.051717384405143729e-01 5.214732881260297076e-03 5.930187840006899691e-01 -3.158709000000000100e-01 -7.120637546512931237e-03 9.999742653440313322e-01 8.747403020312812146e-04 -1.303929000000000060e-01 -5.929989613292852013e-01 -4.926987988813261166e-03 8.051881498455792929e-01 5.031793600000000311e+00
7.222218486700969775e-01 3.663111479706688146e-03 6.916517786558745717e-01 -2.830017000000000227e-01 -8.932563395733787021e-03 9.999519772235723192e-01 4.031446123836183656e-03 -1.310332999999999914e-01 -6.916037959805664270e-01 -9.089821832986495417e-03 7.222198865472452267e-01 5.061517699999999564e+00
6.303393043065782519e-01 1.309876038166879562e-03 7.763186495705636236e-01 -2.466820000000000124e-01 -6.036180555159632172e-03 9.999766174704083355e-01 3.213881881153726836e-03 -1.316241999999999968e-01 -7.762962874899019816e-01 -6.711835606235578428e-03 6.303324720274139370e-01 5.086189300000000024e+00
5.364988992159134273e-01 1.020834049989888725e-03 8.439004023212428596e-01 -2.080266000000000060e-01 -3.266291273480530916e-03 9.999942899415505959e-01 8.668480898467256866e-04 -1.322119999999999962e-01 -8.438946986925737193e-01 -3.221487565778770497e-03 5.364991701171899496e-01 5.106475399999999887e+00
4.432275716305342228e-01 5.795339319381110146e-03 8.963903913968915838e-01 -1.681642999999999888e-01 -8.582577424431270599e-03 9.999607020100891308e-01 -2.221215937991584920e-03 -1.330599000000000087e-01 -8.963680377563967294e-01 -6.708835790417025900e-03 4.432598926263054961e-01 5.123778800000000189e+00
3.613242618005166329e-01 -4.020275612522362929e-03 9.324315606082361763e-01 -1.257925000000000015e-01 1.298555106474822210e-02 9.999154244080112885e-01 -7.207596628026986460e-04 -1.333015999999999923e-01 -9.323498020045138945e-01 1.236856559775890291e-02 3.613459080814357405e-01 5.135385000000000311e+00
2.928363181234725499e-01 -3.301842188220232947e-03 9.561568849441249851e-01 -8.239169999999999827e-02 1.397330535275400840e-02 9.999020269241075676e-01 -8.266139243213645876e-04 -1.335094000000000003e-01 -9.560604779643425699e-01 1.360273469657020257e-02 2.928537656977755477e-01 5.146206399999999626e+00
2.615444504078145438e-01 4.396762114763246021e-03 9.651814176328615824e-01 -6.036690000000000111e-02 3.039305534455412176e-03 9.999809149723211110e-01 -5.378876554419896594e-03 -1.340728999999999949e-01 -9.651866467594453214e-01 4.340296536602308158e-03 2.615260957213101367e-01 5.152250300000000394e+00
2.332015239993923961e-01 8.744408790422056321e-03 9.723891116828008441e-01 -3.776369999999999727e-02 -1.963363742695066992e-03 9.999617638787129392e-01 -8.521501240224018531e-03 -1.348501000000000005e-01 -9.724264467851407856e-01 7.807355031347589652e-05 2.332097757328068788e-01 5.157193200000000033e+00
2.076133237478713089e-01 1.033392733331758850e-02 9.781563871632343865e-01 -1.437289999999999922e-02 -1.189597686619904733e-03 9.999461260414872488e-01 -1.031163769563977345e-02 -1.356672999999999907e-01 -9.782102497212474823e-01 9.772207999537456044e-04 2.076144320123304299e-01 5.160857700000000214e+00
1.841155637493584185e-01 1.150085359045797256e-02 9.828373159134462522e-01 9.659499999999999684e-03 6.084121669403072530e-03 9.998990506624985120e-01 -1.284024718400143122e-02 -1.362474999999999936e-01 -9.828857729404614219e-01 8.343791160210486946e-03 1.840270048126279034e-01 5.163885600000000409e+00
1.640568200423526690e-01 1.780972242354908822e-02 9.862901061983676554e-01 3.436809999999999865e-02 1.288712127860160844e-02 9.997129864726909121e-01 -2.019571199546967011e-02 -1.361217999999999873e-01 -9.863667076208227913e-01 1.602368450293117225e-02 1.637802174629426899e-01 5.166374199999999917e+00
1.444268283168586853e-01 2.464224160795185775e-02 9.892085984214188388e-01 5.949410000000000115e-02 1.473261877763910183e-02 9.995255045371589375e-01 -2.705024442940696938e-02 -1.360021999999999898e-01 -9.894058020884480831e-01 1.848041418024047589e-02 1.439952536906733416e-01 5.169071200000000310e+00
1.264709162691539379e-01 2.535878695930246507e-02 9.916461260258082611e-01 8.592149999999999788e-02 1.183132869328415437e-02 9.995635173002549445e-01 -2.707017812454072178e-02 -1.366196000000000077e-01 -9.918997565275393669e-01 1.515608149541309083e-02 1.261156857584030400e-01 5.172395200000000415e+00
1.109524118421463673e-01 2.083474509044403594e-02 9.936073045743106791e-01 1.133278999999999953e-01 1.020891758793771378e-02 9.997035833057923426e-01 -2.210256834038462626e-02 -1.377618999999999927e-01 -9.937732841589642652e-01 1.259598835244360449e-02 1.107068234994197375e-01 5.175200499999999870e+00
9.663197300387106614e-02 1.741550500520665928e-02 9.951678059396781295e-01 1.417720000000000091e-01 1.028830000938738866e-02 9.997760149757212167e-01 -1.849515510027838899e-02 -1.389567999999999914e-01 -9.952670057207241294e-01 1.202580827554372914e-02 9.643115294874315957e-02 5.177330000000000432e+00
8.327626540778371167e-02 1.523650560057236009e-02 9.964100122523938952e-01 1.711001000000000050e-01 1.240745053921420149e-02 9.997897501339773063e-01 -1.632515537923796139e-02 -1.395615000000000050e-01 -9.964492555021801090e-01 1.372240591598412190e-02 8.306971039450927741e-02 5.179284599999999905e+00
7.179608431191651652e-02 1.427438892830392575e-02 9.973171832963669825e-01 2.009520999999999946e-01 1.634643360605254545e-02 9.997464579666185402e-01 -1.548592559594908109e-02 -1.402580999999999967e-01 -9.972853735946589637e-01 1.741440794066422687e-02 7.154454563582779425e-02 5.180581600000000009e+00
6.161612685575583448e-02 1.502530500417105855e-02 9.979868201137864769e-01 2.317315000000000069e-01 1.927163373537195065e-02 9.996823719195561120e-01 -1.624067136727605151e-02 -1.409453999999999985e-01 -9.979138525165713869e-01 2.023352373715015320e-02 6.130699366885561385e-02 5.181935300000000133e+00
5.395469302423855362e-02 1.564268652765805900e-02 9.984208518750284922e-01 2.635314000000000267e-01 2.148746152792260777e-02 9.996275722544769593e-01 -1.682277580265541944e-02 -1.415637999999999896e-01 -9.983121656564876156e-01 2.236119734758825611e-02 5.359847717459875760e-02 5.183237600000000000e+00
4.832439351794117627e-02 1.605548464863512312e-02 9.987026456377396944e-01 2.963858999999999799e-01 2.318396696757826433e-02 9.995833920741276080e-01 -1.719145035263354784e-02 -1.422064000000000106e-01 -9.985625952672017025e-01 2.398465555888318682e-02 4.793203136684620613e-02 5.184522199999999970e+00
4.280326839515752324e-02 1.698026175055751194e-02 9.989392128280754068e-01 3.303710000000000258e-01 2.398586730512871149e-02 9.995499063107136095e-01 -1.801840625206393640e-02 -1.429334999999999911e-01 -9.987955538468886729e-01 2.473167008364402300e-02 4.237671660901676240e-02 5.185686099999999854e+00
3.692843625516026990e-02 1.771748740855746268e-02 9.991608385218448962e-01 3.655398000000000258e-01 2.477088964911253188e-02 9.995193730748708205e-01 -1.863936356233297439e-02 -1.437133999999999912e-01 -9.990108576095357851e-01 2.543842542188773717e-02 3.647180952893624983e-02 5.186798600000000370e+00
2.932916780774850671e-02 1.777897805305355544e-02 9.994116808678464858e-01 4.392076999999999787e-01 2.843011419341948121e-02 9.994224664820566817e-01 -1.861349236095754395e-02 -1.452649000000000024e-01 -9.991654159960973169e-01 2.895930645425295186e-02 2.880677085399552251e-02 5.188939099999999804e+00
2.599060517774501658e-02 1.715380185781047173e-02 9.995150001497314918e-01 4.777701999999999782e-01 2.889811575157635870e-02 9.994220120771840632e-01 -1.790364995193222813e-02 -1.462601000000000040e-01 -9.992444082147786677e-01 2.934942686690502484e-02 2.547987037017895862e-02 5.190205599999999642e+00
2.310612930022234307e-02 1.632349051848852595e-02 9.995997451210429929e-01 5.584154999999999536e-01 3.544202732068063577e-02 9.992247989469096314e-01 -1.713662361459273448e-02 -1.481657000000000113e-01 -9.991045838590479899e-01 3.582380251733343485e-02 2.250967980753082465e-02 5.191256499999999718e+00
2.671378564937934921e-02 1.596792525768839927e-02 9.995155821793094697e-01 6.433653000000000288e-01 4.078455988259399589e-02 9.990224793541719883e-01 -1.705008563691268533e-02 -1.498850999999999933e-01 -9.988107895549899196e-01 4.122027544798589904e-02 2.603642756850588214e-02 5.192598799999999848e+00
3.470473210554135546e-02 1.531834956007018488e-02 9.992802058162856271e-01 7.315192000000000361e-01 4.371260085108810700e-02 9.989023658952911333e-01 -1.683068434804031732e-02 -1.519794999999999896e-01 -9.984411800883995491e-01 4.426524116669213610e-02 3.399703410797072500e-02 5.195752099999999984e+00
4.649147790296615651e-02 1.009634941516049031e-02 9.988676620107814763e-01 8.710339999999999749e-01 4.179589283030581137e-02 9.990535798547677260e-01 -1.204358426262249447e-02 -1.548412000000000122e-01 -9.980439097679596472e-01 4.230848978467897925e-02 4.602549149356383040e-02 5.202747800000000034e+00
5.483500993767943116e-02 9.888022610361752243e-03 9.984464676155612173e-01 9.673507000000000078e-01 3.830313612437528242e-02 9.991941215871477100e-01 -1.199904782579848742e-02 -1.566896999999999873e-01 -9.977604880171254687e-01 3.890159886875084461e-02 5.441207731085651034e-02 5.208210000000000228e+00
5.953115363428260198e-02 1.898899154822518073e-02 9.980458205648440329e-01 1.064884799999999965e+00 3.050033078082563590e-02 9.993176363145190866e-01 -2.083246440109477390e-02 -1.593492999999999993e-01 -9.977603778308855587e-01 3.168090830049059142e-02 5.891136121347262389e-02 5.214850900000000067e+00
5.961271205394857303e-02 2.165814386853634824e-02 9.979865977886391848e-01 1.163346999999999909e+00 2.502031193947533774e-02 9.994180796075128326e-01 -2.318374741241152615e-02 -1.623876999999999959e-01 -9.979079659728268270e-01 2.635198204691502344e-02 5.903612868553209658e-02 5.221490400000000420e+00
5.932159454251845210e-02 1.877882848747704225e-02 9.980622746209633078e-01 1.262105100000000091e+00 2.336891988077805654e-02 9.995229082403123133e-01 -2.019528376710556447e-02 -1.655937000000000103e-01 -9.979653511042050340e-01 2.452165376694773538e-02 5.885445176021197877e-02 5.228122199999999609e+00
5.951041181171728978e-02 1.829653909423880481e-02 9.980599919559809408e-01 1.360547100000000009e+00 1.896953091437228456e-02 9.996307342663693918e-01 -1.945641300363147239e-02 -1.690020000000000133e-01 -9.980474276219986063e-01 2.009058902203209387e-02 5.914135989186675157e-02 5.235339200000000304e+00
5.849751691584093721e-02 2.022612313453702598e-02 9.980826340827834153e-01 1.458480199999999893e+00 1.281658435729447244e-02 9.996971112601075182e-01 -2.101001912442126279e-02 -1.722258999999999873e-01 -9.982052773253070610e-01 1.402104422440563804e-02 5.822056886328064174e-02 5.241947699999999877e+00
5.161410433060754921e-02 1.878857595993125087e-02 9.984903472981332406e-01 1.556291300000000044e+00 7.044845252438684639e-03 9.997912804365612915e-01 -1.917721873448842082e-02 -1.753158999999999967e-01 -9.986422554596405821e-01 8.024024951301871739e-03 5.147096884713298071e-02 5.247922899999999835e+00
4.066024345952833075e-02 1.428566331263845038e-02 9.990709005999174330e-01 1.654157799999999900e+00 3.105907529068999313e-03 9.998911477937523218e-01 -1.442379638353073756e-02 -1.781957000000000124e-01 -9.991682030270143677e-01 3.689496904812054716e-03 4.061144755308077059e-02 5.252803799999999690e+00
2.441030142210252191e-02 1.529123504594133952e-02 9.995850715748270110e-01 1.750579000000000107e+00 2.008044405575845973e-03 9.998802454518074256e-01 -1.534478780884632014e-02 -1.813369999999999982e-01 -9.997000074733156660e-01 2.381782106545106761e-03 2.437667269849608243e-02 5.255713499999999705e+00
4.366072187949783696e-03 1.476377290958613003e-02 9.998814771877334584e-01 1.847655999999999965e+00 3.428696342920892377e-03 9.998849090025784259e-01 -1.477879529235997386e-02 -1.838921000000000028e-01 -9.999845906087941882e-01 3.492815251285297067e-03 4.314949198163997579e-03 5.256525500000000406e+00
-1.801763270639251263e-02 1.328744566667641042e-02 9.997493729426952802e-01 1.943306399999999989e+00 3.637925719021704342e-03 9.999059417214631873e-01 -1.322396334601169329e-02 -1.860925999999999969e-01 -9.998310509321662876e-01 3.398749441912815757e-03 -1.806427673920774080e-02 5.255851700000000015e+00
-3.999917695834412368e-02 1.417152823393248023e-02 9.990992111047682922e-01 2.037671800000000033e+00 3.669063165406244442e-03 9.998947599148364507e-01 -1.403592071578495248e-02 -1.888307999999999931e-01 -9.991929762654176983e-01 3.104332837566974555e-03 -4.004696367379523281e-02 5.252724200000000288e+00
-6.131854243216346145e-02 1.623457052431283298e-02 9.979862098615821520e-01 2.130971900000000030e+00 3.932999497295938326e-03 9.998638808134886480e-01 -1.602346278255389542e-02 -1.917959999999999943e-01 -9.981104988271334300e-01 2.942543879151657445e-03 -6.137404635976051459e-02 5.247806500000000263e+00
-7.044008745412827510e-02 1.703138823966194801e-02 9.973706060908776871e-01 2.176494599999999835e+00 4.951824190398791854e-03 9.998478826556008725e-01 -1.672396443129436569e-02 -1.929394000000000109e-01 -9.975037210540330657e-01 3.760766376913409793e-03 -7.051370873536677575e-02 5.244062399999999791e+00
-8.936568195388325253e-02 1.781911888013213222e-02 9.958394719487940749e-01 2.267494399999999910e+00 5.546941372713372863e-03 9.998333469780686933e-01 -1.739280633021792963e-02 -1.957693000000000072e-01 -9.959834367750927120e-01 3.969543168742060979e-03 -8.944963050067022969e-02 5.236276600000000059e+00
-1.053611855160518640e-01 1.638269117266984154e-02 9.942990636707816909e-01 2.355695499999999942e+00 8.728529385228969012e-03 9.998410067637103493e-01 -1.554908256140205905e-02 -1.984801999999999955e-01 -9.943957126624306531e-01 7.040498822599778293e-03 -1.054874306014971230e-01 5.226930099999999690e+00
-1.144356666380734328e-01 1.312820079260078147e-02 9.933439125222687238e-01 2.442089100000000013e+00 1.449537111918692590e-02 9.998282954332607941e-01 -1.154399701737148128e-02 -2.010761000000000076e-01 -9.933249027469392978e-01 1.307784366664460109e-02 -1.146063156541298200e-01 5.216755400000000265e+00
-1.188450152241931623e-01 1.082553012065399708e-02 9.928538010472480746e-01 2.524335900000000077e+00 1.596309704645199751e-02 9.998321581788899293e-01 -8.990828884411362909e-03 -2.038031999999999899e-01 -9.927844891460821941e-01 1.478050638340997966e-02 -1.189978770483033355e-01 5.206976400000000282e+00
-1.186114277641866638e-01 1.256994739331469650e-02 9.928611814479758602e-01 2.603256700000000201e+00 1.763213302148038814e-02 9.997888672747088368e-01 -1.055124441322298316e-02 -2.055560999999999916e-01 -9.927841845481090166e-01 1.625476225861360868e-02 -1.188080199947040283e-01 5.197500699999999973e+00
-1.105475980987983969e-01 1.471215392767493725e-02 9.937619338057759322e-01 2.677925099999999947e+00 1.861284176288153375e-02 9.997457194818915038e-01 -1.273021991738383651e-02 -2.077333000000000096e-01 -9.936965284613290539e-01 1.708943838876579233e-02 -1.107933229913251605e-01 5.189399200000000434e+00
-9.138359867081856380e-02 1.520635360885844167e-02 9.956996558721373791e-01 2.748321499999999862e+00 1.721440900426940424e-02 9.997581163078732569e-01 -1.368842573734152350e-02 -2.101995999999999865e-01 -9.956669634052364160e-01 1.588948351757675168e-02 -9.162326285905864065e-02 5.183301900000000018e+00
-6.075742588710771053e-02 1.677284909489593079e-02 9.980116265519218821e-01 2.813780799999999971e+00 1.569900589302390681e-02 9.997511862001934313e-01 -1.584635305920417334e-02 -2.124793000000000098e-01 -9.980290959754347657e-01 1.470500678496945539e-02 -6.100562565788980596e-02 5.180365600000000015e+00
-1.482313104948036753e-02 2.220269378845038388e-02 9.996435940746212223e-01 2.876565499999999886e+00 1.201112918136865854e-02 9.996852552423584060e-01 -2.202551308844151109e-02 -2.148053000000000046e-01 -9.998179872165123827e-01 1.168036127681591416e-02 -1.508514496995816412e-02 5.180418000000000411e+00
4.675074026226423013e-02 2.363586600584526715e-02 9.986269143794812564e-01 2.938499900000000054e+00 8.869376721975763891e-03 9.996707909866747732e-01 -2.407579291819421027e-02 -2.167419999999999902e-01 -9.988672096137172218e-01 9.982759449662415713e-03 4.652571409743433417e-02 5.184668099999999669e+00
1.277015961037776259e-01 1.757139843575927785e-02 9.916569710890753564e-01 2.997241999999999962e+00 6.586245907517255908e-03 9.998059818730401505e-01 -1.856394289292506022e-02 -2.188210999999999906e-01 -9.917907660980681550e-01 8.901941804902287203e-03 1.275610901282548948e-01 5.192624099999999743e+00
2.211180320049457859e-01 9.898209384772734334e-03 9.751968218637890873e-01 3.054803600000000063e+00 2.009681493482518011e-05 9.999484466701394902e-01 -1.015399419407699011e-02 -2.207533000000000134e-01 -9.752470535809772967e-01 2.264829563237974810e-03 2.211064337116215306e-01 5.207665000000000433e+00
3.275554759426212437e-01 8.199728130768191292e-03 9.447963667577178315e-01 3.109906200000000176e+00 -3.532283776512170313e-03 9.999659804946046116e-01 -7.453913387347851222e-03 -2.219814999999999983e-01 -9.448253453159080051e-01 -8.957187311781291024e-04 3.275732964339882480e-01 5.228529499999999608e+00
3.851781195755825116e-01 8.650628980705322990e-03 9.228017028692873103e-01 3.135138800000000003e+00 -8.339234708585139405e-04 9.999589185089646781e-01 -9.025844338708344239e-03 -2.227012999999999909e-01 -9.228418720300152200e-01 2.707011750994694869e-03 3.851695098466608735e-01 5.241121800000000164e+00
4.446671768880651188e-01 1.248911962195800932e-02 8.956088005873249491e-01 3.159116700000000222e+00 3.970251319855436570e-04 9.998999383975851751e-01 -1.414056447069792465e-02 -2.231014000000000053e-01 -8.956957877367978105e-01 6.643424085049519714e-03 4.446177242834381538e-01 5.255451700000000059e+00
5.043278721323559699e-01 1.588603028116500337e-02 8.633661050981535912e-01 3.182077899999999904e+00 1.969804211271108593e-03 9.998069947638562605e-01 -1.954720165741077875e-02 -2.238574000000000119e-01 -8.635099983566023596e-01 1.155886080771512114e-02 5.041992418429530609e-01 5.271206900000000140e+00
5.626477488623661261e-01 2.035828733282197406e-02 8.264460362522081383e-01 3.203784900000000047e+00 -1.587101278763625514e-03 9.997214907235045800e-01 -2.354616943591311684e-02 -2.243219999999999936e-01 -8.266952230475526076e-01 1.193654566648335441e-02 5.625233569087680907e-01 5.288619500000000251e+00
6.183102953854505701e-01 2.363438140875153554e-02 7.855786368249726426e-01 3.223667400000000072e+00 -5.063676107770115342e-03 9.996467942901242631e-01 -2.608919028550837904e-02 -2.247638999999999887e-01 -7.859177678387430088e-01 1.215329917773468049e-02 6.182115815111068891e-01 5.307796500000000250e+00
6.712012618088898375e-01 2.479677669976208462e-02 7.408603012791658005e-01 3.242456400000000016e+00 -6.318272207163719983e-03 9.995954119581366148e-01 -2.773250490957310244e-02 -2.254162999999999861e-01 -7.412482347921446335e-01 1.393313523746360187e-02 6.710863745897275301e-01 5.327794100000000199e+00
7.199873095087480079e-01 2.325459194155753140e-02 6.935975043928473971e-01 3.259580900000000003e+00 -6.449488288216235349e-03 9.996194769994527496e-01 -2.681986771333352837e-02 -2.261685999999999974e-01 -6.939572596689039807e-01 1.483661541498586776e-02 7.198633179957520944e-01 5.349335199999999624e+00
7.655577791165116830e-01 1.883281312340160871e-02 6.430914491610453254e-01 3.275367500000000209e+00 -7.331094989403091379e-03 9.997619343991627217e-01 -2.055065869261888875e-02 -2.274616999999999889e-01 -6.433253779235283965e-01 1.101815212743023978e-02 7.655135912857760072e-01 5.371895799999999888e+00
8.072238084657548107e-01 1.266480658877242212e-02 5.901095878903438452e-01 3.290490600000000043e+00 -6.215052035279571355e-03 9.998967280918235057e-01 -1.295786554432158504e-02 -2.283367000000000036e-01 -5.902127550080912277e-01 6.792335779018580585e-03 8.072191573546949606e-01 5.396115299999999948e+00
8.442830775467078386e-01 1.107754344223950069e-02 5.357829532558356922e-01 3.303597499999999965e+00 -8.358886404530554287e-03 9.999369206325062764e-01 -7.502251265926419485e-03 -2.282930999999999988e-01 -5.358322629203432497e-01 1.855474943575608025e-03 8.443224166314654555e-01 5.421202199999999749e+00
9.016859991401041663e-01 7.505322787108787905e-03 4.323262993209798233e-01 3.325380099999999839e+00 -1.089216530989111330e-02 9.999263218504467199e-01 5.358321145562330509e-03 -2.293856999999999979e-01 -4.322542303894481575e-01 -9.540492675867496761e-03 9.017013138007106132e-01 5.473979500000000442e+00
9.376603268399041902e-01 1.581912692561113221e-02 3.471928379068260906e-01 3.341763499999999887e+00 -2.094473976228716089e-02 9.997199538010846931e-01 1.101507368324163537e-02 -2.298965000000000036e-01 -3.469213590235894484e-01 -1.760026122728239675e-02 9.377290661262224214e-01 5.528800000000000381e+00
