9.999318661242528883e-01 -1.892054310175537817e-03 1.151882110966845167e-02 -1.792180000000000162e-02 1.870279997310395591e-03 9.999964444931387364e-01 1.900803465003160931e-03 -4.418539999999999968e-02 -1.152237657780971931e-02 -1.879130535182047240e-03 9.999318495309722499e-01 3.141274000000000011e-01
9.999819091080835998e-01 -8.031745607209577614e-04 5.961238728421814834e-03 -1.731500000000000053e-02 7.952179415717552154e-04 9.999987900609678126e-01 1.336976075254876469e-03 -4.416239999999999749e-02 -5.962305340858333955e-03 -1.332211404174371084e-03 9.999813378897612903e-01 3.585027000000000075e-01
9.999967214313231212e-01 -1.945644314939662303e-03 1.664810741343332933e-03 -1.742080000000000017e-02 1.943952195125792787e-03 9.999975929514126616e-01 1.017418912662255851e-03 -4.435800000000000159e-02 -1.666786269386323323e-03 -1.014179264489374231e-03 9.999980966301643681e-01 4.034589000000000092e-01
9.999964459978191167e-01 -1.279961673146069517e-04 -2.663007456259606272e-03 -1.809120000000000172e-02 1.284036063215928379e-04 9.999999800778797132e-01 1.528291666203905770e-04 -4.491579999999999878e-02 2.662987841659269963e-03 -1.531705632262440984e-04 9.999964425109391097e-01 4.491045000000000176e-01
9.999667932046744090e-01 2.898797422975415376e-03 -7.616394255857661735e-03 -1.887809999999999835e-02 -2.904353618056728769e-03 9.999955242012512624e-01 -7.185454238841598815e-04 -4.489649999999999891e-02 7.614277248786735161e-03 7.406422655068835292e-04 9.999707366873359371e-01 4.960507000000000111e-01
9.999245367437449294e-01 3.072896328266931307e-03 -1.189445778347366679e-02 -1.976340000000000041e-02 -3.065787517858118739e-03 9.999951108290440205e-01 6.158448695824699903e-04 -4.471300000000000274e-02 1.189629205687465531e-02 -5.793325157189993004e-04 9.999290687889486051e-01 5.438028999999999780e-01
9.998651161231363327e-01 1.974240652866139992e-03 -1.630496654126687220e-02 -2.073809999999999890e-02 -1.919622484239959497e-03 9.999924966953536165e-01 3.364758908339538380e-03 -4.496519999999999684e-02 1.631148704395960283e-02 -3.333005676235873283e-03 9.998614036273112404e-01 5.920402999999999638e-01
9.998082694037114804e-01 1.337869369258130794e-03 -1.953546870454635903e-02 -2.220930000000000126e-02 -1.212395265535261973e-03 9.999785710272471873e-01 6.433318274803331502e-03 -4.535870000000000180e-02 1.954365701898232166e-02 -6.408400101086985864e-03 9.997884665660374814e-01 6.410192000000000112e-01
9.997494022833873784e-01 3.079024755098989496e-03 -2.217323252408919323e-02 -2.360059999999999936e-02 -2.954173271662590469e-03 9.999796111417178501e-01 5.661286173633043456e-03 -4.553770000000000040e-02 2.219021167746791992e-02 -5.594363897375815783e-03 9.997381145071407849e-01 6.902682999999999458e-01
9.996984535153200513e-01 2.425016405652903086e-03 -2.443606626504717799e-02 -2.501190000000000010e-02 -2.288209758663052769e-03 9.999815617812847224e-01 5.624961649924715978e-03 -4.570470000000000088e-02 2.444925633179507313e-02 -5.567350617221702991e-03 9.996855698027891091e-01 7.400136000000000491e-01
9.996532846529047056e-01 -6.890128683297475380e-04 -2.632177319114110264e-02 -2.625219999999999984e-02 8.240510261290423044e-04 9.999865543014672120e-01 5.119780872757255345e-03 -4.576589999999999825e-02 2.631789168160957038e-02 -5.139696250362602199e-03 9.996404113979631134e-01 7.904073999999999822e-01
9.995979110490066377e-01 -6.337410604708498471e-04 -2.834809691549654634e-02 -2.781339999999999854e-02 7.973091242560671928e-04 9.999830986619294704e-01 5.759052755971583691e-03 -4.579330000000000206e-02 2.834396804652604754e-02 -5.779339300816240498e-03 9.995815217943073705e-01 8.411686000000000440e-01
9.995563249850346610e-01 -2.273206742056034946e-03 -2.969824428345091069e-02 -2.942760000000000167e-02 2.435853299533610131e-03 9.999822275976817387e-01 5.441608905590327241e-03 -4.589399999999999730e-02 2.968534657225354104e-02 -5.511535166005903166e-03 9.995440976660304733e-01 8.925357000000000429e-01
9.995002209870414989e-01 -1.064982803628211573e-04 -3.161165773842936066e-02 -3.139150000000000273e-02 2.066621891594507519e-04 9.999949689926744822e-01 3.165324640463345728e-03 -4.615380000000000177e-02 3.161116159831671435e-02 -3.170275612030024493e-03 9.994952145032756086e-01 9.442120999999999986e-01
9.994475469963813863e-01 5.048865002424979959e-04 -3.323170011506867277e-02 -3.311379999999999879e-02 -4.901760680512182427e-04 9.999997782497166421e-01 4.508080965396928769e-04 -4.632209999999999800e-02 3.323192035285189166e-02 -4.342696621556423682e-04 9.994475728518841251e-01 9.967764999999999542e-01
9.993852365441859842e-01 4.508587681896892782e-03 -3.476811203726923316e-02 -3.578379999999999755e-02 -4.546418526062755844e-03 9.999891558314790707e-01 -1.009107542227455183e-03 -4.677449999999999664e-02 3.476318535616855498e-02 1.166557568469973709e-03 9.993948969688268846e-01 1.049361100000000047e+00
9.993401127306693610e-01 5.468118877435852385e-03 -3.590875608253994711e-02 -3.796479999999999994e-02 -5.498069814699062946e-03 9.999846150962277136e-01 -7.353904827180758434e-04 -4.718159999999999715e-02 3.590418242720219699e-02 9.323340558013476411e-04 9.993548020785423258e-01 1.102752699999999919e+00
9.992904185687793150e-01 4.568270701995677009e-03 -3.738703330604289943e-02 -4.008380000000000276e-02 -4.533313109578419008e-03 9.999892045436393762e-01 1.019739393137565446e-03 -4.774169999999999803e-02 3.739128814154972502e-02 -8.495286767849815745e-04 9.993003401741354930e-01 1.156518900000000016e+00
9.992023017725533141e-01 4.426611631128347935e-03 -3.968835146360254196e-02 -4.509339999999999876e-02 -4.323235561892018949e-03 9.999870362997548279e-01 2.690142507241969749e-03 -4.850390000000000257e-02 3.969974517182289775e-02 -2.516414492892047727e-03 9.992084856982511587e-01 1.264946499999999974e+00
9.990841795998827157e-01 2.793328438440133895e-03 -4.269659693072015011e-02 -4.916659999999999781e-02 -2.743402781663703636e-03 9.999954830385678894e-01 1.227861408670556827e-03 -4.944889999999999702e-02 4.269983389202983842e-02 -1.109602945356667845e-03 9.990873300001841262e-01 1.372955600000000054e+00
9.990668888536574643e-01 4.070817243501620789e-03 -4.299744228723052786e-02 -5.465779999999999944e-02 -3.806107777761106800e-03 9.999733096254350695e-01 6.236471786014729374e-03 -5.005180000000000046e-02 4.302168220627566875e-02 -6.066999565164085673e-03 9.990557173533508584e-01 1.483616800000000069e+00
9.991609808858108455e-01 3.999398946750282700e-03 -4.075952751651073375e-02 -5.922940000000000149e-02 -3.465274655101671653e-03 9.999073130491670236e-01 1.316651747273638560e-02 -5.054159999999999903e-02 4.080840779630066223e-02 -1.301422755525257109e-02 9.990822307169070493e-01 1.595008999999999899e+00
9.992793518446176915e-01 4.626625789779776829e-03 -3.767454459979797249e-02 -6.405389999999999695e-02 -4.222451957524565175e-03 9.999327572989670232e-01 1.080054535435578771e-02 -5.017900000000000138e-02 3.772198134333904634e-02 -1.063368300667478540e-02 9.992316933070358731e-01 1.706643200000000027e+00
9.993428016502995392e-01 4.845167261713768762e-03 -3.592337879342834273e-02 -6.838760000000000672e-02 -4.748047173732071295e-03 9.999848404540357949e-01 2.788352587565905236e-03 -4.993720000000000103e-02 3.593634424598772525e-02 -2.615954189695929733e-03 9.993506571498871338e-01 1.819562099999999960e+00
9.993792823695242244e-01 5.333615333868351252e-04 -3.522450135984270259e-02 -7.239919999999999689e-02 -2.185142731285525460e-04 9.999599996875561114e-01 8.941547761729609287e-03 -5.056179999999999702e-02 3.522786144640767392e-02 -8.928300529079198980e-03 9.993394234330872372e-01 1.933799100000000104e+00
9.993405760261975246e-01 -2.965838682682446752e-03 -3.618862954763555490e-02 -7.433209999999999817e-02 3.407791170388035137e-03 9.999202951441410470e-01 1.215690413685672350e-02 -5.057180000000000009e-02 3.614968972158297961e-02 -1.227221087506253847e-02 9.992710306885070892e-01 1.991207200000000066e+00
9.992560237537999601e-01 -1.003842956040258867e-02 -3.723746666606178590e-02 -7.585039999999999838e-02 1.047500147137748853e-02 9.998784576537103064e-01 1.154747869502683634e-02 -5.061999999999999833e-02 3.711702218551303500e-02 -1.192895016329160139e-02 9.992397243965442932e-01 2.048432399999999820e+00
9.991755104202644233e-01 -1.215690769432871930e-02 -3.873640370137431538e-02 -7.781810000000000116e-02 1.246541997956002006e-02 9.998924023929239846e-01 7.732848223023167274e-03 -5.063349999999999795e-02 3.863822823496777109e-02 -8.209338110877021158e-03 9.992195424863566933e-01 2.105341199999999802e+00
9.991237252582960693e-01 -1.151226137656758894e-02 -4.023989890621701426e-02 -8.015039999999999665e-02 1.166901483547598886e-02 9.999252063304485683e-01 3.662763680500225483e-03 -5.060280000000000333e-02 4.019472252366491916e-02 -4.129114070516872424e-03 9.991833338773411510e-01 2.163028199999999845e+00
9.990526788158398119e-01 -1.025241310179514712e-02 -4.229223305152496337e-02 -8.299320000000000308e-02 1.038107430688884475e-02 9.999421283501289670e-01 2.823693830597890329e-03 -5.068770000000000220e-02 4.226083585459726455e-02 -3.260057699526723238e-03 9.991012930512433998e-01 2.221252900000000086e+00
9.990145280977709152e-01 -1.049564966514937407e-02 -4.312556072324692791e-02 -8.559340000000000004e-02 1.067868500931204272e-02 9.999349163511266347e-01 4.016061296505738822e-03 -5.073029999999999901e-02 4.308060278199346560e-02 -4.472627859753916350e-03 9.990615883237470296e-01 2.279912200000000055e+00
9.989863670527036055e-01 -7.296031083860705403e-03 -4.441853637012738859e-02 -8.835039999999999560e-02 7.611296679671056449e-03 9.999470020083001121e-01 6.932628467382572456e-03 -5.132710000000000050e-02 4.436560160411464476e-02 -7.263683985146466952e-03 9.989889550386775730e-01 2.338507200000000008e+00
9.989074877566646027e-01 -5.723025160758597914e-03 -4.637971417201987995e-02 -9.455869999999999553e-02 6.235924416032372943e-03 9.999209132086777085e-01 1.092156465903694300e-02 -5.177190000000000264e-02 4.631354175990504835e-02 -1.119885310794446580e-02 9.988641757209637539e-01 2.455427600000000155e+00
9.989051017619635653e-01 -6.199723788311239936e-03 -4.636982961872795211e-02 -9.714490000000000625e-02 6.845187082349431934e-03 9.998817020154626700e-01 1.377408394301244884e-02 -5.158820000000000072e-02 4.627894864545702841e-02 -1.407641288148953757e-02 9.988293715708710385e-01 2.514216699999999971e+00
9.989140042606385883e-01 -1.574844593394927644e-04 -4.659170838917487539e-02 -1.009064999999999962e-01 9.049927537245312185e-04 9.998712115927067545e-01 1.602314626558070179e-02 -5.144510000000000055e-02 4.658318452073181154e-02 -1.604791035548096614e-02 9.987854982393015169e-01 2.572256299999999829e+00
9.989059292905202447e-01 5.464570650378524665e-05 -4.676474571821200021e-02 -1.066369999999999957e-01 5.928855157967031185e-04 9.999041494441551770e-01 1.383258512085351437e-02 -5.131209999999999938e-02 4.676101918272766722e-02 -1.384517743502264482e-02 9.988101512033131790e-01 2.687902699999999978e+00
9.989071971525441684e-01 2.632755165256969645e-03 -4.666347690740542398e-02 -1.099834999999999979e-01 -2.103874308514430084e-03 9.999330389216153359e-01 1.137942818762216306e-02 -5.117660000000000264e-02 4.669031151900915333e-02 -1.126881862588486292e-02 9.988458482353694823e-01 2.745775699999999819e+00
9.988115035266126318e-01 -1.369578153235261921e-04 -4.873973394946201632e-02 -1.157847999999999933e-01 7.487614828253567585e-04 9.999211606588113144e-01 1.253442551445765885e-02 -5.103919999999999985e-02 4.873417465341293997e-02 -1.255602282940230033e-02 9.987328604344398730e-01 2.860974300000000081e+00
9.987694809290242892e-01 6.255663178218221713e-04 -4.958964238174685957e-02 -1.188314000000000037e-01 4.455839743577107723e-05 9.999087193394424755e-01 1.351114367865826650e-02 -5.117610000000000214e-02 4.959356792283406423e-02 -1.349672759368492590e-02 9.986782847168277355e-01 2.918452499999999894e+00
9.987109847109968408e-01 3.757499166035373466e-03 -5.061867459355529064e-02 -1.252262000000000097e-01 -3.460542585042287230e-03 9.999762934984176566e-01 5.952905692475240866e-03 -5.165789999999999965e-02 5.063984264004091351e-02 -5.770064226994250749e-03 9.987003117533348462e-01 3.031401900000000094e+00
9.986719751748664997e-01 3.338075188402083674e-03 -5.141150896800592007e-02 -1.310980999999999952e-01 -2.911394718120587175e-03 9.999607161565194913e-01 8.371972559442844575e-03 -5.231829999999999814e-02 5.143743560021317440e-02 -8.211175176388505609e-03 9.986424619557775495e-01 3.144105199999999822e+00
9.986500404804565800e-01 -3.063855203626373127e-04 -5.194230237769173475e-02 -1.367091000000000001e-01 9.407701139174230818e-04 9.999252658269982552e-01 1.218924576828550078e-02 -5.282830000000000165e-02 5.193468590427219311e-02 -1.222165654564954206e-02 9.985756954339038982e-01 3.256483999999999934e+00
9.986144040219114837e-01 -5.893023827246412702e-03 -5.229287093030835637e-02 -1.426676000000000055e-01 6.392977599514772236e-03 9.999353965982538117e-01 9.398535380841356243e-03 -5.307629999999999987e-02 5.223410684001867504e-02 -9.719819960489520586e-03 9.985875641036999761e-01 3.367436200000000213e+00
9.984501357221835516e-01 -1.093761771973569830e-02 -5.456825995915552674e-02 -1.482911000000000090e-01 1.176652373756796599e-02 9.998198699016169755e-01 1.489216804386884682e-02 -5.329180000000000028e-02 5.439554573203859988e-02 -1.551116593072559766e-02 9.983989825395371831e-01 3.476957300000000028e+00
9.983974081140487566e-01 -1.004842260845777505e-02 -5.569241128045461509e-02 -1.545422999999999936e-01 1.129806998057561115e-02 9.996903937464672874e-01 2.216912866459203046e-02 -5.309180000000000149e-02 5.545240378796477410e-02 -2.276281735890912233e-02 9.982018258148105394e-01 3.586391700000000071e+00
9.982773043489039377e-01 -6.986975382045009647e-03 -5.825466330600961862e-02 -1.611497000000000068e-01 7.608925745861539955e-03 9.999163278591696180e-01 1.046143057271602464e-02 -5.287859999999999783e-02 5.817669525574491185e-02 -1.088666411920975394e-02 9.982469397265767430e-01 3.693567499999999892e+00
9.981918073019520055e-01 -5.107457344333318078e-04 -6.010702932317815717e-02 -1.684248999999999885e-01 9.086044026286699098e-04 9.999778595766265488e-01 6.592025074895794048e-03 -5.333009999999999834e-02 6.010233167941293753e-02 -6.634718934761987819e-03 9.981701709785534282e-01 3.798324599999999940e+00
9.980433817100781146e-01 4.759788012477395025e-03 -6.234382601980316407e-02 -1.749721999999999944e-01 -4.118548702427744096e-03 9.999373327269678313e-01 1.041000362453935353e-02 -5.418280000000000318e-02 6.238946851269804028e-02 -1.013286913729118631e-02 9.980004404717212063e-01 3.900577499999999809e+00
9.978724749352837486e-01 7.153154702981438795e-03 -6.480243933932414158e-02 -1.821589000000000125e-01 -6.472604670842516811e-03 9.999217427339898157e-01 1.070578332471413749e-02 -5.402219999999999939e-02 6.487394820192893263e-02 -1.026356593080368987e-02 9.978406837061102319e-01 3.999555599999999878e+00
9.976841479470234253e-01 7.756228152202607716e-03 -6.757352928531210057e-02 -1.889250000000000096e-01 -6.967390353153169423e-03 9.999048987319257842e-01 1.190163701194663602e-02 -5.478170000000000261e-02 6.765941476903816754e-02 -1.140326342536773958e-02 9.976433075886206314e-01 4.094747100000000195e+00
9.974963975888597734e-01 1.024621646225233954e-02 -6.997107863579103693e-02 -1.962109999999999965e-01 -9.173047077076768724e-03 9.998355863176625613e-01 1.564146860552803955e-02 -5.502230000000000315e-02 7.011984030621516706e-02 -1.496046058865351316e-02 9.974263845589840249e-01 4.187955399999999884e+00
9.972415336477745695e-01 1.457889303935968987e-02 -7.277897667308493024e-02 -2.033608000000000082e-01 -1.304731010683604468e-02 9.996842339505607189e-01 2.147556960028242090e-02 -5.494020000000000153e-02 7.306908557530049364e-02 -2.046676008623324328e-02 9.971168539668567865e-01 4.277338000000000306e+00
9.970313478128349782e-01 1.775159620330534968e-02 -7.492244197005543116e-02 -2.110495000000000010e-01 -1.704976641626806608e-02 9.998046666550306494e-01 9.996699454003403831e-03 -5.515029999999999932e-02 7.508526449092542410e-02 -8.689612595379000645e-03 9.971392549134097116e-01 4.362100100000000147e+00
9.968692762316199163e-01 1.784741639389987936e-02 -7.702672155498394013e-02 -2.175034000000000134e-01 -1.766473164268098431e-02 9.998393069923560139e-01 3.052449678100960413e-03 -5.566240000000000077e-02 7.706882223985481173e-02 -1.682236935757643395e-03 9.970243561305078828e-01 4.442844400000000249e+00
9.966516517110070028e-01 2.097738258550356158e-02 -7.902806186148692014e-02 -2.243238999999999927e-01 -2.035245743110846231e-02 9.997549709855133582e-01 8.704910468836486725e-03 -5.634809999999999819e-02 7.919130393064954809e-02 -7.067348131863402348e-03 9.968343844250892039e-01 4.519579399999999580e+00
9.968527964809651420e-01 5.718362781244828649e-03 -7.906834053640846016e-02 -2.318398999999999877e-01 -6.126266962284890663e-03 9.999691442009069897e-01 -4.917265420182957529e-03 -5.750630000000000325e-02 7.903778211201398229e-02 5.386183547539420170e-03 9.968570700083367875e-01 4.625565500000000441e+00
9.973536588919336143e-01 1.314356887521791681e-02 -7.150472496342506756e-02 -2.378221000000000085e-01 -1.331129359030746098e-02 9.999096529287297974e-01 -1.869610360465964868e-03 -5.884480000000000266e-02 7.147369136840002468e-02 2.816483120795334506e-03 9.974385088139544608e-01 4.691399599999999559e+00
9.980735483868617974e-01 7.663102839516033708e-03 -6.156678378256994627e-02 -2.406735000000000124e-01 -7.352412343482291231e-03 9.999590765368521206e-01 5.271364557434144588e-03 -5.968299999999999994e-02 6.160465926527088770e-02 -4.808545147647563453e-03 9.980890460526921082e-01 4.754611500000000213e+00
9.990839453031460371e-01 6.818916743831805564e-03 -4.224656923278974352e-02 -2.433233999999999952e-01 -6.467924094966075697e-03 9.999434703533797153e-01 8.439316058858432543e-03 -6.053780000000000272e-02 4.230172804274033582e-02 -8.158337580674067738e-03 9.990715716766831456e-01 4.814835500000000046e+00
9.991584419808896556e-01 1.198044662990242586e-02 3.922851917762337076e-02 -2.407916999999999974e-01 -1.237451796477699768e-02 9.998752296390339689e-01 9.818169861454574196e-03 -6.124140000000000139e-02 -3.910599856109694267e-02 -1.029534131716977781e-02 9.991820288734692967e-01 4.926050700000000226e+00
9.947380010032030873e-01 1.057084626534880376e-02 1.019046935591576691e-01 -2.341190999999999967e-01 -1.191741983980311448e-02 9.998494159881530230e-01 1.261429556142946301e-02 -6.166220000000000034e-02 -1.017560045624499449e-01 -1.376236016763088266e-02 9.947141865772816116e-01 4.977749799999999780e+00
9.834977658927936961e-01 1.055563122950463339e-02 1.806120791454165764e-01 -2.235127000000000086e-01 -1.310754369056736646e-02 9.998303399472704411e-01 1.294154624940467915e-02 -6.203609999999999680e-02 -1.804448303007968601e-01 -1.509536254193052582e-02 9.834692640074952363e-01 5.026801599999999759e+00
9.615212136236730434e-01 1.218809587205170117e-02 2.744602085379091450e-01 -2.088115000000000110e-01 -1.575100266191634471e-02 9.998178177574121861e-01 1.078133618576604738e-02 -6.283660000000000634e-02 -2.742788028025556213e-01 -1.468950692909331071e-02 9.615380162632036765e-01 5.072911699999999691e+00
9.239562013560035370e-01 1.372836678102905793e-02 3.822518409652329030e-01 -1.887018000000000029e-01 -1.718236272530408379e-02 9.998365574668827138e-01 5.623589952053781316e-03 -6.356109999999999538e-02 -3.821121620505689709e-01 -1.176394059396328531e-02 9.240410733916222252e-01 5.115440399999999777e+00
8.682132474662341837e-01 1.501808770248109874e-02 4.959639240568774476e-01 -1.639502999999999933e-01 -1.778335928506391897e-02 9.998414980067140689e-01 8.549831742411390101e-04 -6.370000000000000662e-02 -4.958724725740216166e-01 -9.562212372170496300e-03 8.683427059853013885e-01 5.153788600000000386e+00
7.959054216217135158e-01 1.326026444543276263e-02 6.052757431286998058e-01 -1.338773000000000046e-01 -1.415845080280577102e-02 9.998943584678977592e-01 -3.287883047776623061e-03 -6.448199999999999765e-02 -6.052553990705303866e-01 -5.952922887835861501e-03 7.960090857553476784e-01 5.187541500000000028e+00
7.112752550107198646e-01 1.164324679495491732e-02 7.028171500564759366e-01 -1.002625000000000044e-01 -1.524254323802308811e-02 9.998831773845088255e-01 -1.138621577049480499e-03 -6.525359999999999494e-02 -7.027483023708220866e-01 -9.902847445583418465e-03 7.113696346677984561e-01 5.217196000000000389e+00
6.177825351376592389e-01 9.476686698049173810e-03 7.862918870801821614e-01 -6.342889999999999640e-02 -1.159549771862009547e-02 9.999284448103704648e-01 -2.941035833055149866e-03 -6.598999999999999311e-02 -7.862634950902555042e-01 -7.300525209932232605e-03 6.178482164901950568e-01 5.241739700000000113e+00
5.229962308160820417e-01 9.231755084397183161e-03 8.522849976681702300e-01 -2.413529999999999842e-02 -8.344928604164027555e-03 9.999488752503460365e-01 -5.710433622718090636e-03 -6.702909999999999424e-02 -8.522941421356612368e-01 -4.125722194934000435e-03 5.230465311017820085e-01 5.261503199999999936e+00
4.287291362636259651e-01 1.380607900923292060e-02 9.033275817227306437e-01 1.631260000000000002e-02 -1.308550814471799197e-02 9.998732341208669272e-01 -9.071117090665223662e-03 -6.830920000000000047e-02 -9.033383071669440767e-01 -7.931448232754075359e-03 4.288554475970794977e-01 5.278433800000000176e+00
3.465303739729927446e-01 4.234431254951438739e-03 9.380291943783438668e-01 5.934119999999999673e-02 9.210638007634150415e-03 9.999262440646591310e-01 -7.916475114348909756e-03 -6.889679999999999416e-02 -9.379935309273885746e-01 1.138314643193483362e-02 3.464658134876787976e-01 5.289426299999999692e+00
2.776018535728221881e-01 5.020771028384477322e-03 9.606830917379644008e-01 1.031849999999999989e-01 1.078253081829452613e-02 9.999070737382097507e-01 -8.341517694215771356e-03 -6.942170000000000285e-02 -9.606356998998558661e-01 1.267421581680385975e-02 2.775219204519584482e-01 5.299686000000000341e+00
2.460989022727342601e-01 1.247482282705346043e-02 9.691644386251430099e-01 1.255836999999999926e-01 -6.713545056733719735e-05 9.999173865754018564e-01 -1.285361883087883864e-02 -7.023079999999999601e-02 -9.692447192494710873e-01 3.098196193250486903e-03 2.460794087024789079e-01 5.305459500000000439e+00
2.177230112898349834e-01 1.667833781683062538e-02 9.758680870909520744e-01 1.485182999999999920e-01 -4.762231204224752143e-03 9.998602361551902629e-01 -1.602589497171710495e-02 -7.123640000000000527e-02 -9.759989813052284413e-01 -1.158103343694777236e-03 2.177720075854594484e-01 5.310030499999999876e+00
1.919117186830011645e-01 1.826838532349438216e-02 9.812421507099094997e-01 1.721988000000000130e-01 -3.797959318920899295e-03 9.998330750332787842e-01 -1.787169758332608077e-02 -7.225950000000000428e-02 -9.814048439543939795e-01 -2.969295714077418991e-04 1.919490664100276245e-01 5.313425500000000135e+00
1.685183167150885175e-01 1.968398691207675494e-02 9.855019622460208240e-01 1.964280999999999944e-01 3.713785006468879948e-03 9.997808126455492994e-01 -2.060423419423212249e-02 -7.297230000000000383e-02 -9.856915261543228723e-01 7.132133274850393015e-03 1.684082775356096073e-01 5.316002400000000350e+00
1.483928575917881632e-01 2.607599931532666310e-02 9.885846458829159467e-01 2.213800999999999963e-01 1.063404743998412789e-02 9.995524346089144085e-01 -2.796153612439868097e-02 -7.307239999999999569e-02 -9.888713146060954529e-01 1.466194827091437357e-02 1.480491486706816406e-01 5.318174800000000424e+00
1.286625062195601576e-01 3.293451737048882361e-02 9.911414011425789816e-01 2.467245999999999884e-01 1.272815488677485514e-02 9.993112105328231243e-01 -3.485826410769679584e-02 -7.312319999999999931e-02 -9.916067534897490265e-01 1.710035289099740008e-02 1.281546892022428219e-01 5.320541399999999754e+00
1.107875390234045743e-01 3.356971484204815392e-02 9.932769983456585239e-01 2.733242000000000171e-01 1.031740314935903832e-02 9.993366676697358342e-01 -3.492528944764032584e-02 -7.397280000000000522e-02 -9.937905576072815217e-01 1.411732609850154321e-02 1.103676977853454977e-01 5.323380900000000082e+00
9.525415202346800003e-02 2.895209895960122043e-02 9.950318700866437327e-01 3.009530999999999734e-01 8.423171039931488802e-03 9.995177335214786574e-01 -2.988897063664683329e-02 -7.538209999999999356e-02 -9.954173480063134294e-01 1.122837218477081879e-02 9.496434565750533352e-02 5.325728899999999655e+00
8.096559688350404849e-02 2.575724687160846349e-02 9.963840305599509506e-01 3.292548000000000141e-01 8.511405719480657009e-03 9.996117206843695424e-01 -2.653231695710665111e-02 -7.671909999999999841e-02 -9.966805546883998890e-01 1.062883361564161654e-02 8.071492923861545155e-02 5.327359699999999698e+00
5.598982740686325038e-02 2.267794485609877370e-02 9.981737574410848302e-01 3.889373999999999887e-01 1.465063894644947316e-02 9.996157164417116547e-01 -2.353249288078304580e-02 -7.865419999999999356e-02 -9.983238442536622737e-01 1.594146354093844975e-02 5.563606505462515006e-02 5.329873100000000363e+00
4.578683206599531291e-02 2.342334517289446430e-02 9.986765807358611857e-01 4.199480999999999908e-01 1.762982459808867461e-02 9.995504108218153938e-01 -2.425212383649497094e-02 -7.958289999999999809e-02 -9.987956524204538722e-01 1.871692086993749504e-02 4.535329733489645854e-02 5.330775700000000228e+00
3.812453025338773116e-02 2.396341937582023227e-02 9.989856228819196104e-01 4.518414000000000041e-01 2.000501911717228118e-02 9.994937608011352781e-01 -2.473906485145361059e-02 -8.049399999999999611e-02 -9.990727297865156231e-01 2.092789170990282457e-02 3.762584145900904620e-02 5.331522900000000398e+00
3.253536325799191720e-02 2.445531674283736231e-02 9.991713504803257928e-01 4.849424999999999986e-01 2.182768371772687496e-02 9.994447878098722260e-01 -2.517276987537119676e-02 -8.132280000000000064e-02 -9.992322064271094151e-01 2.262860143020361398e-02 3.198349630862140636e-02 5.332252500000000062e+00
2.698686119423240534e-02 2.548336734209469961e-02 9.993109162376797583e-01 5.190628999999999937e-01 2.257602097085716769e-02 9.994044985982734053e-01 -2.609542984235549770e-02 -8.229390000000000316e-02 -9.993808246109220361e-01 2.326469794434782648e-02 2.639547744503989435e-02 5.332895800000000186e+00
1.649119813608921140e-02 2.608501215682332980e-02 9.995236928281463484e-01 5.910897000000000512e-01 2.535237963262327449e-02 9.993273254640425707e-01 -2.649817782125555091e-02 -8.494909999999999961e-02 -9.995425439824958680e-01 2.577729081307634715e-02 1.581878779611423091e-02 5.334037300000000315e+00
1.040886462925884152e-02 2.557175082637045543e-02 9.996187978908779304e-01 6.676412999999999931e-01 2.781729101335354837e-02 9.992786577798279390e-01 -2.585270636555943649e-02 -8.701159999999999450e-02 -9.995588296132491557e-01 2.807578432420828121e-02 9.690019441279562606e-03 5.334793099999999733e+00
7.392193551563915228e-03 2.479449284995538516e-02 9.996652382666957326e-01 7.493286000000000113e-01 3.400205091747717651e-02 9.991082293390962654e-01 -2.503211138320683357e-02 -8.939189999999999636e-02 -9.993944246431942791e-01 3.417571054432511773e-02 6.542537801877745807e-03 5.334700100000000056e+00
1.076170955159538173e-02 2.468520667401090038e-02 9.996373473310153912e-01 8.347879999999999745e-01 3.931346508427308040e-02 9.989118664890669352e-01 -2.509052511200644819e-02 -9.171780000000000210e-02 -9.991689732325534923e-01 3.956922489498565509e-02 9.779538364120599070e-03 5.335377699999999557e+00
1.911350017081272362e-02 2.411840316168963050e-02 9.995263762103279159e-01 9.240960000000000285e-01 4.219325748508506724e-02 9.987989466519928694e-01 -2.490769338310409864e-02 -9.449040000000000217e-02 -9.989266255006006290e-01 4.264934695630888395e-02 1.807290984271014977e-02 5.336590799999999746e+00
2.697911451904667565e-02 2.084170562099908058e-02 9.994187063921586844e-01 1.017630899999999894e+00 4.338948862233005938e-02 9.988159657755300014e-01 -2.200042701830773328e-02 -9.732899999999999885e-02 -9.986938868626666910e-01 4.395781862994124767e-02 2.604285937519790206e-02 5.339392199999999811e+00
3.516741682755694653e-02 1.754875956761706851e-02 9.992273484204257095e-01 1.114411800000000063e+00 3.973989827033054534e-02 9.990304639621190308e-01 -1.894393203896684030e-02 -1.000468000000000052e-01 -9.985910040047130121e-01 4.037540232952711167e-02 3.443593482959583785e-02 5.343331799999999632e+00
4.215272000087311177e-02 2.242663030594330142e-02 9.988594467940165034e-01 1.213031200000000087e+00 3.487093089799423590e-02 9.991059148330148076e-01 -2.390374707011007696e-02 -1.031661999999999996e-01 -9.985024618772030403e-01 3.583876670318093816e-02 4.133299440349880172e-02 5.348372900000000207e+00
4.333617299602136874e-02 3.067140938222259056e-02 9.985896258005922954e-01 1.312816100000000041e+00 2.592138381789829693e-02 9.991576279779019742e-01 -3.181377554672625008e-02 -1.067189000000000054e-01 -9.987242151720484573e-01 2.726351224769811218e-02 4.250462244151220759e-02 5.353714499999999710e+00
4.336553224085523683e-02 2.833259489767148837e-02 9.986574461144479553e-01 1.412881099999999890e+00 2.103521197538276571e-02 9.993503088259997336e-01 -2.926568137818924206e-02 -1.108017000000000030e-01 -9.988377998807502767e-01 2.227609291916826315e-02 4.274137589781734636e-02 5.358953999999999773e+00
4.359881017078735127e-02 2.645784545162733689e-02 9.986987164133884765e-01 1.512928000000000051e+00 1.902065296644399675e-02 9.994460904450815919e-01 -2.730800349296607851e-02 -1.148694999999999994e-01 -9.988680385878918599e-01 2.018649816336516231e-02 4.307141487667542901e-02 5.363925499999999680e+00
4.369555324849373756e-02 2.738813018955446599e-02 9.986694092396282141e-01 1.612687200000000098e+00 1.453327964333657463e-02 9.995009552894476013e-01 -2.804682082322729891e-02 -1.189820000000000044e-01 -9.989391785334662544e-01 1.573946314845754008e-02 4.327570785881751370e-02 5.369184999999999874e+00
3.976365266545703325e-02 2.814458009863032850e-02 9.988126623835787976e-01 1.711788700000000052e+00 8.525819700692769884e-03 9.995572901756384354e-01 -2.850498298834230546e-02 -1.230458999999999997e-01 -9.991727389821704053e-01 9.649158917034519195e-03 3.950609329029686201e-02 5.373970500000000428e+00
3.079382262779151516e-02 2.458733622789384399e-02 9.992233000611949745e-01 1.810213800000000095e+00 3.897792234142284304e-03 9.996868434653701785e-01 -2.471886360543277053e-02 -1.268227000000000104e-01 -9.995181577658647232e-01 4.655953120578822102e-03 3.068834301280209953e-02 5.378074599999999705e+00
1.705024897465854186e-02 2.254122955773529141e-02 9.996005111943110366e-01 1.908160899999999938e+00 1.193660960306866178e-03 9.997446689718753055e-01 -2.256484070024358801e-02 -1.306123999999999896e-01 -9.998539214222316174e-01 1.577920258128100509e-03 1.701898893133768631e-02 5.380579000000000001e+00
-1.772464348421621920e-03 2.384713020689939109e-02 9.997140454905238949e-01 2.004772399999999788e+00 1.407445846236372866e-03 9.997146851765107423e-01 -2.384465010479324548e-02 -1.340976999999999864e-01 -9.999974387298818934e-01 1.364779588538466218e-03 -1.805522182423247024e-03 5.381048700000000018e+00
-2.302122959659336568e-02 2.192380109996417553e-02 9.994945572303983727e-01 2.100665100000000063e+00 1.152159307124407325e-03 9.997594350115480699e-01 -2.190307362726152951e-02 -1.375078999999999885e-01 -9.997343124634623379e-01 6.473412696889127571e-04 -2.304095120624616300e-02 5.379760300000000051e+00
-4.548464440542403231e-02 2.161725225983671811e-02 9.987311157303784270e-01 2.196079999999999810e+00 2.544323997605220031e-03 9.997650995427461718e-01 -2.152375784286299915e-02 -1.408906000000000047e-01 -9.989617978374885077e-01 1.562095073156754416e-03 -4.552896133534212186e-02 5.376249299999999565e+00
-6.708920063981686777e-02 2.324099819730849822e-02 9.974762629558174831e-01 2.290449100000000016e+00 2.543655032746124089e-03 9.997294053209040410e-01 -2.312241241276600384e-02 -1.444744000000000028e-01 -9.977437391317395265e-01 9.859713506757145779e-04 -6.713016374112956708e-02 5.370453799999999944e+00
-8.663479725809025700e-02 2.535059910561391142e-02 9.959175463004132922e-01 2.383092599999999894e+00 4.533959669980939383e-03 9.996758713151686626e-01 -2.505185661720940593e-02 -1.476298000000000055e-01 -9.962298204298847271e-01 2.345087470581765435e-03 -8.672165502914908064e-02 5.362495899999999871e+00
-1.059780307144965600e-01 2.622037795728883458e-02 9.940227103973298117e-01 2.473860999999999866e+00 5.607752635048450160e-03 9.996521438538202853e-01 -2.577099918212651455e-02 -1.509488999999999970e-01 -9.943526588269682165e-01 2.843073730661956067e-03 -1.060882029987344488e-01 5.353743599999999603e+00
-1.269713304151799949e-01 2.340437257277128494e-02 9.916302317885804518e-01 2.606509200000000082e+00 1.184857509227430980e-02 9.996860510427573177e-01 -2.207737798789145139e-02 -1.558940000000000048e-01 -9.918356176911987676e-01 8.946211209914985488e-03 -1.272087763643124925e-01 5.337122899999999781e+00
-1.337156760668168076e-01 2.087280023798326542e-02 9.907999011829884406e-01 2.691746000000000194e+00 1.649592523731219576e-02 9.996865377229192662e-01 -1.883376611640415546e-02 -1.589649999999999952e-01 -9.908824362277088849e-01 1.382579132591159679e-02 -1.340180773987346141e-01 5.325742700000000163e+00
-1.360210778256733255e-01 2.042603955337830152e-02 9.904953524854652747e-01 2.773124199999999817e+00 1.756012837650695185e-02 9.996800773334145740e-01 -1.820397962147079010e-02 -1.617033999999999971e-01 -9.905503057788346277e-01 1.491710061714922667e-02 -1.363362454765244536e-01 5.314688199999999973e+00
-1.353471441310477585e-01 2.168125933861419705e-02 9.905609893232526497e-01 2.811912299999999920e+00 1.840145486625338264e-02 9.996431137852694881e-01 -1.936573056964436407e-02 -1.629352000000000023e-01 -9.906273451880754921e-01 1.560666701069043753e-02 -1.356978073162672382e-01 5.309694300000000311e+00
-1.271454417023332450e-01 2.376516703098661976e-02 9.915993412111100413e-01 2.885749300000000073e+00 1.983776688857068204e-02 9.995738901610070615e-01 -2.141263910091054448e-02 -1.658073999999999937e-01 -9.916856859202883845e-01 1.694859712130833765e-02 -1.275627116222693980e-01 5.300187099999999596e+00
-1.081076676295758265e-01 2.430448837309290983e-02 9.938420518596580155e-01 2.955854899999999841e+00 1.812641529208456476e-02 9.995831086245605679e-01 -2.247313999241731114e-02 -1.687636999999999887e-01 -9.939739258493414109e-01 1.558527501785243047e-02 -1.085031517250345523e-01 5.293104600000000381e+00
-7.726811842434783140e-02 2.593149393337177214e-02 9.966730634955200951e-01 3.021100999999999814e+00 1.654626630830794212e-02 9.995573801360905231e-01 -2.472377169303888872e-02 -1.715554999999999997e-01 -9.968730405354615520e-01 1.458085861183971987e-02 -7.766298742468014105e-02 5.288838900000000010e+00
-3.136388873933373955e-02 3.160868923736251390e-02 9.990081066977598567e-01 3.083596700000000190e+00 1.294320619208181797e-02 9.994288652152182317e-01 -3.121564973039163762e-02 -1.741391999999999940e-01 -9.994242241894160106e-01 1.195132374748036561e-02 -3.175509351374927736e-02 5.287744499999999626e+00
1.108702843240094021e-01 2.676291458909211413e-02 9.934744719702716109e-01 3.204507399999999784e+00 6.028007687823792871e-03 9.996008534622291553e-01 -2.760066812413281695e-02 -1.793989000000000000e-01 -9.938166043980291020e-01 9.048765677148707179e-03 1.106647037789881827e-01 5.298180600000000240e+00
2.046795588369622887e-01 1.862891505730392139e-02 9.786517469039197614e-01 3.262207300000000032e+00 -1.900188456717152516e-03 9.998245563659022839e-01 -1.863453169670725024e-02 -1.821267000000000025e-01 -9.788271897930373999e-01 1.954484974202520126e-03 2.046790475606874438e-01 5.312070399999999637e+00
3.111330212571172260e-01 1.710759203460843897e-02 9.502123833008049303e-01 3.317538299999999829e+00 -6.128271777158167052e-03 9.998532959559864874e-01 -1.599471321955019815e-02 -1.836457999999999979e-01 -9.503466143299736935e-01 -8.466762827487126636e-04 3.111922167581134824e-01 5.332165200000000382e+00
3.693594725232713927e-01 1.746443762168506039e-02 9.291224749600501820e-01 3.343059100000000061e+00 -3.946520018864242002e-03 9.998438519995809237e-01 -1.722488311660946153e-02 -1.846734999999999904e-01 -9.292782172401716778e-01 2.695373294819345192e-03 3.693707215328931870e-01 5.344287900000000313e+00
4.292407686561864333e-01 2.112859135138716801e-02 9.029429357113063492e-01 3.367025100000000215e+00 -2.935676210250537377e-03 9.997536963651608710e-01 -2.199837288042692102e-02 -1.854098000000000135e-01 -9.031853322151743857e-01 6.791850388798395706e-03 4.291970717976316685e-01 5.358152399999999815e+00
4.891285060989256084e-01 2.501150634308406395e-02 8.718530432772962913e-01 3.390159099999999981e+00 -2.094088919788798103e-03 9.996195547137090021e-01 -2.750201130030578700e-02 -1.861169000000000018e-01 -8.722092176267280950e-01 1.162627990442320798e-02 4.889947957826900060e-01 5.373710599999999893e+00
5.480180234700761099e-01 2.904684284772526826e-02 8.359620367412211595e-01 3.411927500000000002e+00 -6.088526061808277601e-03 9.995089263050056516e-01 -3.073818613726869015e-02 -1.870516000000000123e-01 -8.364443650371170547e-01 1.175530336462002508e-02 5.479257586940586844e-01 5.390611200000000380e+00
6.044995436135620626e-01 3.145037638562635240e-02 7.959844066287967701e-01 3.432291000000000203e+00 -9.334064454677442821e-03 9.994313894124017272e-01 -3.240020212826167506e-02 -1.880629000000000051e-01 -7.965508000195286042e-01 1.215613764312997551e-02 6.044493786131723834e-01 5.409233099999999794e+00
6.578819752229256856e-01 3.287674914116590213e-02 7.524031007662653758e-01 3.451432899999999915e+00 -1.116827930390109323e-02 9.993627400579304654e-01 -3.390255626490992075e-02 -1.887619000000000102e-01 -7.530382302474237788e-01 1.390083270218641677e-02 6.578299101105191671e-01 5.429212099999999985e+00
7.075360924675092589e-01 3.079930057787233846e-02 7.060057230219326518e-01 3.469112899999999833e+00 -1.132942516730807078e-02 9.994157733945878697e-01 -3.224524795184871562e-02 -1.898902000000000090e-01 -7.065863867788469976e-01 1.481603772982878833e-02 7.074716694291030006e-01 5.450545800000000440e+00
7.537881006685440699e-01 2.619011984738649906e-02 6.565954438715581043e-01 3.485088800000000209e+00 -1.228023307065934794e-02 9.995923786817211276e-01 -2.577348166524815257e-02 -1.912204999999999877e-01 -6.570028121448484582e-01 1.136459870818718951e-02 7.538024613451210776e-01 5.472887499999999683e+00
7.966354480077723066e-01 1.968852299087341801e-02 6.041393258511598141e-01 3.500750800000000051e+00 -1.137343718110614410e-02 9.997806842886318712e-01 -1.758488697838299017e-02 -1.923999000000000126e-01 -6.043530490567110558e-01 7.137603644986194838e-03 7.966846595172168977e-01 5.496599200000000351e+00
8.344850185018082289e-01 1.785964709983974691e-02 5.507411251227802840e-01 3.514207400000000092e+00 -1.378346320426156180e-02 9.998384277536426223e-01 -1.153839370193171163e-02 -1.925969999999999904e-01 -5.508582122816483295e-01 2.037496648634174769e-03 8.345963566714590387e-01 5.521563999999999695e+00
8.669070963285124831e-01 1.417056887413608961e-02 4.982682824674379285e-01 3.526349800000000201e+00 -1.395726436296026475e-02 9.998939671710013188e-01 -4.153214001097438671e-03 -1.930902999999999925e-01 -4.982743030768992387e-01 -3.354011451953884965e-03 8.670129580925596269e-01 5.547185899999999670e+00
9.150533761642920538e-01 1.634631701744576615e-02 4.030013854694494690e-01 3.546394799999999847e+00 -2.028756136661403336e-02 9.997789898316332691e-01 5.512381067631020801e-03 -1.943641999999999870e-01 -4.028222109369424264e-01 -1.322003824518182442e-02 9.151827669731710246e-01 5.600719899999999640e+00
9.440364855256836440e-01 2.579449120416019842e-02 3.288308960846506590e-01 3.562519099999999828e+00 -2.990162475884347582e-02 9.995251686565994609e-01 7.438417760377674139e-03 -1.944240999999999886e-01 -3.284828866670181924e-01 -1.685471582421624315e-02 9.443595246098743790e-01 5.657302900000000356e+00
