9.999796e-01 1.566466e-03 -6.198571e-03 -1.406429e-01 -1.587952e-03 9.999927e-01 -3.462706e-03 -8.515762e-02 6.193102e-03 3.472479e-03 9.999747e-01 2.574964e+00
9.999637e-01 2.078471e-03 -8.263498e-03 -1.874858e-01 -2.116664e-03 9.999871e-01 -4.615826e-03 -1.135202e-01 8.253797e-03 4.633149e-03 9.999551e-01 3.432648e+00
9.999433e-01 2.586172e-03 -1.033094e-02 -2.343818e-01 -2.645881e-03 9.999798e-01 -5.770163e-03 -1.419150e-01 1.031581e-02 5.797170e-03 9.999299e-01 4.291335e+00
9.999184e-01 3.088363e-03 -1.239599e-02 -2.812195e-01 -3.174350e-03 9.999710e-01 -6.922975e-03 -1.702743e-01 1.237425e-02 6.961759e-03 9.998991e-01 5.148987e+00
9.998890e-01 3.586305e-03 -1.446384e-02 -3.281178e-01 -3.703403e-03 9.999605e-01 -8.077186e-03 -1.986703e-01 1.443430e-02 8.129853e-03 9.998627e-01 6.007777e+00
9.998551e-01 4.078705e-03 -1.652913e-02 -3.749547e-01 -4.231669e-03 9.999484e-01 -9.229794e-03 -2.270290e-01 1.649063e-02 9.298401e-03 9.998207e-01 6.865477e+00
9.998167e-01 4.566671e-03 -1.859652e-02 -4.218367e-01 -4.760342e-03 9.999347e-01 -1.038342e-02 -2.554151e-01 1.854788e-02 1.047004e-02 9.997731e-01 7.724036e+00
9.997738e-01 5.049868e-03 -2.066463e-02 -4.687329e-01 -5.289072e-03 9.999194e-01 -1.153730e-02 -2.838096e-01 2.060470e-02 1.164399e-02 9.997198e-01 8.582886e+00
9.997264e-01 5.527315e-03 -2.272922e-02 -5.155474e-01 -5.816781e-03 9.999025e-01 -1.268908e-02 -3.121547e-01 2.265686e-02 1.281782e-02 9.996611e-01 9.440275e+00
9.996745e-01 6.000540e-03 -2.479692e-02 -5.624310e-01 -6.345160e-03 9.998840e-01 -1.384246e-02 -3.405416e-01 2.471098e-02 1.399530e-02 9.995966e-01 1.029896e+01
9.996182e-01 6.468772e-03 -2.686440e-02 -6.093087e-01 -6.873365e-03 9.998639e-01 -1.499561e-02 -3.689250e-01 2.676374e-02 1.517453e-02 9.995266e-01 1.115757e+01
9.995562e-01 7.058450e-03 -2.894213e-02 -6.562052e-01 -7.530449e-03 9.998399e-01 -1.623192e-02 -3.973964e-01 2.882292e-02 1.644266e-02 9.994492e-01 1.201541e+01
9.995095e-01 5.595311e-03 -3.081450e-02 -7.018788e-01 -6.093682e-03 9.998517e-01 -1.610315e-02 -4.239119e-01 3.071983e-02 1.628303e-02 9.993953e-01 1.286965e+01
9.994226e-01 7.842768e-03 -3.306167e-02 -7.498241e-01 -8.456089e-03 9.997940e-01 -1.845198e-02 -4.540039e-01 3.291014e-02 1.872089e-02 9.992829e-01 1.373146e+01
9.993587e-01 8.704386e-03 -3.473400e-02 -7.992511e-01 -9.439421e-03 9.997338e-01 -2.105422e-02 -4.840770e-01 3.454149e-02 2.136859e-02 9.991747e-01 1.460026e+01
9.992482e-01 1.235688e-02 -3.674849e-02 -8.546642e-01 -1.320676e-02 9.996488e-01 -2.297477e-02 -5.155070e-01 3.645169e-02 2.344282e-02 9.990604e-01 1.547957e+01
9.991826e-01 1.352279e-02 -3.809783e-02 -9.072868e-01 -1.439161e-02 9.996404e-01 -2.262373e-02 -5.464705e-01 3.777819e-02 2.315352e-02 9.990178e-01 1.636940e+01
9.991241e-01 1.328777e-02 -3.967996e-02 -9.609163e-01 -1.412604e-02 9.996813e-01 -2.092052e-02 -5.783595e-01 3.938933e-02 2.146271e-02 9.989934e-01 1.726896e+01
9.990604e-01 1.351433e-02 -4.118029e-02 -1.011589e+00 -1.432436e-02 9.997084e-01 -1.943894e-02 -6.092403e-01 4.090558e-02 2.001055e-02 9.989626e-01 1.817318e+01
9.989383e-01 1.325999e-02 -4.411963e-02 -1.118651e+00 -1.413494e-02 9.997084e-01 -1.957870e-02 -6.686219e-01 4.384715e-02 2.018154e-02 9.988343e-01 1.999722e+01
9.988800e-01 1.128892e-02 -4.595003e-02 -1.224279e+00 -1.218132e-02 9.997417e-01 -1.918760e-02 -7.287421e-01 4.572155e-02 1.972584e-02 9.987594e-01 2.184042e+01
9.988593e-01 1.299421e-02 -4.594914e-02 -1.280807e+00 -1.370812e-02 9.997896e-01 -1.525610e-02 -7.604717e-01 4.574123e-02 1.586857e-02 9.988272e-01 2.277432e+01
9.989649e-01 1.285173e-02 -4.363580e-02 -1.385747e+00 -1.325687e-02 9.998715e-01 -9.007757e-03 -8.209244e-01 4.351442e-02 9.576906e-03 9.990068e-01 2.465175e+01
9.990746e-01 1.289592e-02 -4.103309e-02 -1.487044e+00 -1.333334e-02 9.998570e-01 -1.040438e-02 -8.702127e-01 4.089305e-02 1.094186e-02 9.991036e-01 2.654471e+01
9.991533e-01 1.320645e-02 -3.896502e-02 -1.586551e+00 -1.396325e-02 9.997178e-01 -1.921474e-02 -9.254151e-01 3.870026e-02 1.974255e-02 9.990558e-01 2.845466e+01
9.992215e-01 9.086312e-03 -3.839229e-02 -1.680971e+00 -9.596057e-03 9.998679e-01 -1.311391e-02 -9.838377e-01 3.826806e-02 1.347211e-02 9.991766e-01 3.039839e+01
9.992105e-01 5.838117e-03 -3.929763e-02 -1.728893e+00 -6.198498e-03 9.999398e-01 -9.054940e-03 -1.011772e+00 3.924239e-02 9.291377e-03 9.991865e-01 3.137765e+01
9.991063e-01 -4.894794e-03 -4.198475e-02 -1.815834e+00 4.337365e-03 9.999014e-01 -1.335777e-02 -1.059789e+00 4.204599e-02 1.316373e-02 9.990289e-01 3.333631e+01
9.989620e-01 -3.501086e-03 -4.541814e-02 -1.929780e+00 2.639355e-03 9.998156e-01 -1.901940e-02 -1.129880e+00 4.547635e-02 1.887978e-02 9.987869e-01 3.533097e+01
9.988708e-01 -2.386257e-04 -4.750925e-02 -2.061112e+00 -4.151975e-04 9.999053e-01 -1.375168e-02 -1.249881e+00 4.750803e-02 1.375587e-02 9.987761e-01 3.742850e+01
9.987592e-01 8.809214e-04 -4.979299e-02 -2.190967e+00 -1.403287e-03 9.999443e-01 -1.045676e-02 -1.349142e+00 4.978101e-02 1.051366e-02 9.987048e-01 3.950365e+01
9.987132e-01 6.466500e-03 -5.030151e-02 -2.329940e+00 -6.722014e-03 9.999653e-01 -4.912121e-03 -1.426813e+00 5.026800e-02 5.243927e-03 9.987219e-01 4.156111e+01
9.987083e-01 6.676282e-03 -5.037160e-02 -2.465214e+00 -7.006772e-03 9.999550e-01 -6.387280e-03 -1.489501e+00 5.032669e-02 6.731971e-03 9.987101e-01 4.359302e+01
9.986535e-01 8.808468e-03 -5.112439e-02 -2.600016e+00 -9.296065e-03 9.999135e-01 -9.307503e-03 -1.559885e+00 5.103798e-02 9.770225e-03 9.986489e-01 4.559882e+01
9.986012e-01 6.863746e-03 -5.242779e-02 -2.661881e+00 -7.280160e-03 9.999434e-01 -7.755765e-03 -1.593756e+00 5.237159e-02 8.126598e-03 9.985945e-01 4.659803e+01
9.985154e-01 9.830435e-03 -5.357609e-02 -2.800794e+00 -1.032218e-02 9.999070e-01 -8.909522e-03 -1.664529e+00 5.348352e-02 9.449317e-03 9.985240e-01 4.857856e+01
9.984385e-01 1.064895e-02 -5.483888e-02 -2.937935e+00 -1.149460e-02 9.998195e-01 -1.512829e-02 -1.729013e+00 5.466788e-02 1.573501e-02 9.983805e-01 5.053773e+01
9.984356e-01 7.566176e-03 -5.540070e-02 -3.065844e+00 -8.064009e-03 9.999290e-01 -8.767995e-03 -1.798994e+00 5.533043e-02 9.201029e-03 9.984256e-01 5.249501e+01
9.984285e-01 6.348755e-03 -5.568046e-02 -3.130185e+00 -6.799312e-03 9.999456e-01 -7.906116e-03 -1.830051e+00 5.562724e-02 8.272279e-03 9.984173e-01 5.346498e+01
9.984068e-01 -1.460363e-04 -5.642638e-02 -3.248811e+00 -4.508913e-04 9.999441e-01 -1.056600e-02 -1.886487e+00 5.642476e-02 1.057461e-02 9.983508e-01 5.539178e+01
9.982641e-01 -4.382863e-03 -5.873397e-02 -3.371514e+00 4.075329e-03 9.999773e-01 -5.354817e-03 -1.938229e+00 5.875611e-02 5.106161e-03 9.982593e-01 5.731251e+01
9.982022e-01 -4.407760e-03 -5.977459e-02 -3.511313e+00 4.547914e-03 9.999872e-01 2.208854e-03 -1.975962e+00 5.976408e-02 -2.476732e-03 9.982094e-01 5.922540e+01
9.980242e-01 -1.762043e-03 -6.280674e-02 -3.641784e+00 1.227247e-03 9.999627e-01 -8.552514e-03 -2.021539e+00 6.281946e-02 8.458535e-03 9.979890e-01 6.109125e+01
9.978643e-01 4.204986e-03 -6.518610e-02 -3.776035e+00 -5.092497e-03 9.998965e-01 -1.345487e-02 -2.078109e+00 6.512277e-02 1.375809e-02 9.977824e-01 6.291678e+01
9.977905e-01 7.492613e-03 -6.601519e-02 -3.843940e+00 -8.206300e-03 9.999107e-01 -1.054641e-02 -2.112094e+00 6.593028e-02 1.106485e-02 9.977628e-01 6.381519e+01
9.975909e-01 1.034502e-02 -6.859620e-02 -3.978228e+00 -1.103350e-02 9.998924e-01 -9.665437e-03 -2.173835e+00 6.848883e-02 1.039901e-02 9.975976e-01 6.556672e+01
9.974616e-01 1.183547e-02 -7.021661e-02 -4.046625e+00 -1.248174e-02 9.998836e-01 -8.772233e-03 -2.201409e+00 7.010461e-02 9.626390e-03 9.974931e-01 6.642163e+01
9.972258e-01 1.296774e-02 -7.329823e-02 -4.179994e+00 -1.352350e-02 9.998834e-01 -7.090915e-03 -2.258366e+00 7.319772e-02 8.062491e-03 9.972848e-01 6.809328e+01
9.969894e-01 1.489953e-02 -7.609372e-02 -4.313021e+00 -1.525772e-02 9.998751e-01 -4.127928e-03 -2.307845e+00 7.602271e-02 5.276517e-03 9.970921e-01 6.971424e+01
9.966886e-01 1.928865e-02 -7.899331e-02 -4.445510e+00 -1.916694e-02 9.998136e-01 2.298764e-03 -2.355391e+00 7.902292e-02 -7.770902e-04 9.968724e-01 7.128437e+01
9.963707e-01 2.284027e-02 -8.199948e-02 -4.580210e+00 -2.361073e-02 9.996856e-01 -8.438421e-03 -2.409731e+00 8.178096e-02 1.034386e-02 9.965966e-01 7.276791e+01
9.962035e-01 2.236698e-02 -8.413330e-02 -4.709494e+00 -2.381956e-02 9.995833e-01 -1.630112e-02 -2.459523e+00 8.373364e-02 1.824325e-02 9.963211e-01 7.417539e+01
9.959529e-01 2.606958e-02 -8.601342e-02 -4.837515e+00 -2.697536e-02 9.995920e-01 -9.385091e-03 -2.525955e+00 8.573366e-02 1.166735e-02 9.962497e-01 7.550744e+01
9.961635e-01 1.044107e-02 -8.688679e-02 -4.985837e+00 -1.249941e-02 9.996532e-01 -2.317957e-02 -2.616742e+00 8.661463e-02 2.417667e-02 9.959484e-01 7.734409e+01
9.966394e-01 1.770654e-02 -7.997749e-02 -5.092732e+00 -1.941041e-02 9.995998e-01 -2.057726e-02 -2.675699e+00 7.958113e-02 2.206050e-02 9.965842e-01 7.849464e+01
9.974633e-01 1.217037e-02 -7.013516e-02 -5.159772e+00 -1.315774e-02 9.998205e-01 -1.363335e-02 -2.729207e+00 6.995665e-02 1.452158e-02 9.974443e-01 7.959230e+01
9.985955e-01 1.068615e-02 -5.189267e-02 -5.208269e+00 -1.122407e-02 9.998861e-01 -1.008572e-02 -2.780022e+00 5.177898e-02 1.065400e-02 9.986017e-01 8.063455e+01
9.997985e-01 1.993349e-02 2.394767e-03 -5.236828e+00 -1.990872e-02 9.997522e-01 -9.958356e-03 -2.839863e+00 -2.592678e-03 9.908671e-03 9.999475e-01 8.209701e+01
9.982814e-01 1.472502e-02 5.672377e-02 -5.163543e+00 -1.430176e-02 9.998668e-01 -7.860647e-03 -2.878004e+00 -5.683196e-02 7.035887e-03 9.983589e-01 8.300846e+01
9.920007e-01 1.389449e-02 1.254661e-01 -5.029560e+00 -1.324753e-02 9.998943e-01 -5.989348e-03 -2.911918e+00 -1.255360e-01 4.279320e-03 9.920798e-01 8.388530e+01
9.775146e-01 1.346779e-02 2.104374e-01 -4.817297e+00 -1.236226e-02 9.999020e-01 -6.568159e-03 -2.942364e+00 -2.105053e-01 3.818988e-03 9.775852e-01 8.472869e+01
9.507397e-01 1.607587e-02 3.095733e-01 -4.519193e+00 -1.319900e-02 9.998480e-01 -1.138540e-02 -2.980545e+00 -3.097093e-01 6.738488e-03 9.508074e-01 8.550171e+01
9.076306e-01 1.642664e-02 4.194484e-01 -4.130089e+00 -1.094447e-02 9.998204e-01 -1.547307e-02 -3.006846e+00 -4.196272e-01 9.453184e-03 9.076472e-01 8.620001e+01
8.470020e-01 1.463490e-02 5.313884e-01 -3.656380e+00 -4.922887e-03 9.997940e-01 -1.968841e-02 -3.030941e+00 -5.315670e-01 1.406015e-02 8.468995e-01 8.681210e+01
7.722941e-01 1.213857e-02 6.351492e-01 -3.115393e+00 -7.665609e-05 9.998192e-01 -1.901471e-02 -3.063358e+00 -6.352652e-01 1.463625e-02 7.721553e-01 8.734503e+01
6.869081e-01 1.002390e-02 7.266752e-01 -2.508137e+00 1.642222e-03 9.998809e-01 -1.534491e-02 -3.084460e+00 -7.267424e-01 1.173390e-02 6.868098e-01 8.782010e+01
5.961032e-01 5.416591e-03 8.028896e-01 -1.847638e+00 1.299442e-02 9.997812e-01 -1.639257e-02 -3.103538e+00 -8.028026e-01 2.020475e-02 5.959023e-01 8.818799e+01
5.045001e-01 9.750747e-03 8.633566e-01 -1.165582e+00 8.934955e-03 9.998237e-01 -1.651313e-02 -3.127427e+00 -8.633654e-01 1.604492e-02 5.043240e-01 8.850204e+01
4.188673e-01 9.627242e-03 9.079964e-01 -4.500223e-01 1.561927e-02 9.997194e-01 -1.780508e-02 -3.146259e+00 -9.079131e-01 2.164020e-02 4.185994e-01 8.874795e+01
3.461082e-01 -2.337058e-03 9.381917e-01 3.020916e-01 3.764494e-02 9.992261e-01 -1.139850e-02 -3.156586e+00 -9.374390e-01 3.926327e-02 3.459283e-01 8.893047e+01
3.138409e-01 1.002432e-03 9.494751e-01 6.763450e-01 3.611653e-02 9.992631e-01 -1.299301e-02 -3.166835e+00 -9.487884e-01 3.836947e-02 3.135734e-01 8.902315e+01
2.833112e-01 8.752363e-03 9.589881e-01 1.050891e+00 2.492263e-02 9.995534e-01 -1.648542e-02 -3.185174e+00 -9.587041e-01 2.857100e-02 2.829665e-01 8.912503e+01
2.551133e-01 1.327093e-02 9.668201e-01 1.434583e+00 1.946154e-02 9.996327e-01 -1.885662e-02 -3.205997e+00 -9.667153e-01 2.362638e-02 2.547613e-01 8.921056e+01
2.298762e-01 1.514276e-02 9.731021e-01 1.832910e+00 2.080734e-02 9.995739e-01 -2.047003e-02 -3.222114e+00 -9.729974e-01 2.495324e-02 2.294632e-01 8.927715e+01
2.067350e-01 1.580712e-02 9.782693e-01 2.240743e+00 2.747050e-02 9.993815e-01 -2.195352e-02 -3.234217e+00 -9.780112e-01 3.141210e-02 2.061729e-01 8.932950e+01
1.870149e-01 2.174817e-02 9.821163e-01 2.662750e+00 3.631700e-02 9.989184e-01 -2.903574e-02 -3.232193e+00 -9.816855e-01 4.109762e-02 1.860228e-01 8.937210e+01
1.677054e-01 2.973015e-02 9.853888e-01 3.089762e+00 3.891920e-02 9.985663e-01 -3.675147e-02 -3.233114e+00 -9.850686e-01 4.451395e-02 1.663079e-01 8.941899e+01
1.501195e-01 3.105637e-02 9.881800e-01 3.536770e+00 3.662397e-02 9.986458e-01 -3.694904e-02 -3.247013e+00 -9.879892e-01 4.173784e-02 1.487788e-01 8.947222e+01
1.346625e-01 2.612444e-02 9.905471e-01 4.002128e+00 3.409387e-02 9.989383e-01 -3.098074e-02 -3.269703e+00 -9.903048e-01 3.794352e-02 1.336289e-01 8.952059e+01
1.200339e-01 2.244059e-02 9.925162e-01 4.475771e+00 3.438479e-02 9.990507e-01 -2.674681e-02 -3.292077e+00 -9.921741e-01 3.733797e-02 1.191484e-01 8.955606e+01
1.066450e-01 2.015680e-02 9.940929e-01 4.962461e+00 3.689254e-02 9.990258e-01 -2.421462e-02 -3.311658e+00 -9.936124e-01 3.925697e-02 1.057975e-01 8.958341e+01
9.481660e-02 1.910255e-02 9.953115e-01 5.460049e+00 4.091002e-02 9.988965e-01 -2.306858e-02 -3.327578e+00 -9.946538e-01 4.290548e-02 9.393048e-02 8.960332e+01
8.451437e-02 1.970806e-02 9.962274e-01 5.974572e+00 4.433756e-02 9.987397e-01 -2.351912e-02 -3.344693e+00 -9.954353e-01 4.615798e-02 8.353405e-02 8.962101e+01
7.611140e-02 2.033196e-02 9.968920e-01 6.504623e+00 4.662512e-02 9.986258e-01 -2.392709e-02 -3.362740e+00 -9.960086e-01 4.830132e-02 7.505883e-02 8.963826e+01
7.011217e-02 2.055161e-02 9.973274e-01 7.050381e+00 4.845902e-02 9.985372e-01 -2.398322e-02 -3.379767e+00 -9.963613e-01 5.001101e-02 6.901370e-02 8.965473e+01
5.805224e-02 2.266708e-02 9.980562e-01 8.197957e+00 5.045707e-02 9.983978e-01 -2.560970e-02 -3.409306e+00 -9.970376e-01 5.184568e-02 5.681551e-02 8.968785e+01
4.996154e-02 2.243890e-02 9.984991e-01 9.420230e+00 5.465687e-02 9.981880e-01 -2.516676e-02 -3.442284e+00 -9.972544e-01 5.583219e-02 4.864457e-02 8.970786e+01
4.330615e-02 2.144658e-02 9.988317e-01 1.071458e+01 5.731411e-02 9.980697e-01 -2.391518e-02 -3.477648e+00 -9.974165e-01 5.828281e-02 4.199336e-02 8.971954e+01
4.227179e-02 2.071974e-02 9.988913e-01 1.207462e+01 6.595748e-02 9.975460e-01 -2.348308e-02 -3.511618e+00 -9.969266e-01 6.687701e-02 4.080144e-02 8.972018e+01
5.107260e-02 2.062413e-02 9.984820e-01 1.424395e+01 7.097170e-02 9.971840e-01 -2.422755e-02 -3.570045e+00 -9.961699e-01 7.210131e-02 4.946505e-02 8.975239e+01
5.870203e-02 1.722669e-02 9.981269e-01 1.577368e+01 7.228987e-02 9.971527e-01 -2.146141e-02 -3.621398e+00 -9.956546e-01 7.341427e-02 5.728957e-02 8.980526e+01
7.057071e-02 1.479215e-02 9.973971e-01 1.815651e+01 6.595721e-02 9.976326e-01 -1.946245e-02 -3.696455e+00 -9.953237e-01 6.715900e-02 6.942799e-02 8.992948e+01
7.513596e-02 2.442768e-02 9.968741e-01 1.976819e+01 5.827767e-02 9.978836e-01 -2.884490e-02 -3.758629e+00 -9.954688e-01 6.026278e-02 7.355335e-02 9.003338e+01
7.476584e-02 2.757564e-02 9.968198e-01 2.139947e+01 5.324229e-02 9.980814e-01 -3.160395e-02 -3.828201e+00 -9.957787e-01 5.543585e-02 7.315419e-02 9.013241e+01
7.437195e-02 2.433854e-02 9.969336e-01 2.303432e+01 5.132069e-02 9.982840e-01 -2.820007e-02 -3.908789e+00 -9.959091e-01 5.326060e-02 7.299525e-02 9.022769e+01
7.410208e-02 2.327013e-02 9.969792e-01 2.466660e+01 4.734121e-02 9.985185e-01 -2.682478e-02 -3.991884e+00 -9.961263e-01 4.918596e-02 7.289066e-02 9.031732e+01
7.273598e-02 2.538877e-02 9.970281e-01 2.628880e+01 4.182689e-02 9.987188e-01 -2.848322e-02 -4.070675e+00 -9.964737e-01 4.377433e-02 7.158085e-02 9.041153e+01
6.591466e-02 2.417630e-02 9.975324e-01 2.790992e+01 3.637502e-02 9.989837e-01 -2.661506e-02 -4.149285e+00 -9.971620e-01 3.803957e-02 6.496825e-02 9.049922e+01
5.454557e-02 1.931204e-02 9.983245e-01 2.953344e+01 3.223633e-02 9.992577e-01 -2.109140e-02 -4.227712e+00 -9.979907e-01 3.333275e-02 5.388253e-02 9.056802e+01
3.816210e-02 2.033872e-02 9.990646e-01 3.114204e+01 3.120822e-02 9.992809e-01 -2.153522e-02 -4.298961e+00 -9.987841e-01 3.200084e-02 3.749992e-02 9.060259e+01
1.781185e-02 2.023573e-02 9.996366e-01 3.274069e+01 3.296529e-02 9.992397e-01 -2.081509e-02 -4.366800e+00 -9.992977e-01 3.332406e-02 1.713123e-02 9.059833e+01
-4.213761e-03 1.806636e-02 9.998279e-01 3.432424e+01 3.337770e-02 9.992822e-01 -1.791584e-02 -4.430514e+00 -9.994339e-01 3.329646e-02 -4.813748e-03 9.056241e+01
-2.648072e-02 1.872506e-02 9.994740e-01 3.588915e+01 3.400306e-02 9.992628e-01 -1.782022e-02 -4.490465e+00 -9.990708e-01 3.351327e-02 -2.709790e-02 9.049003e+01
-4.758921e-02 2.088992e-02 9.986486e-01 3.743083e+01 3.458039e-02 9.992164e-01 -1.925393e-02 -4.548257e+00 -9.982682e-01 3.361737e-02 -4.827430e-02 9.038673e+01
-5.718399e-02 2.164931e-02 9.981289e-01 3.818958e+01 3.548667e-02 9.991771e-01 -1.963898e-02 -4.577147e+00 -9.977327e-01 3.429723e-02 -5.790519e-02 9.032361e+01
-7.637784e-02 2.219893e-02 9.968318e-01 3.968363e+01 3.679438e-02 9.991339e-01 -1.943100e-02 -4.635152e+00 -9.963998e-01 3.519370e-02 -7.712847e-02 9.017629e+01
-9.242347e-02 2.068885e-02 9.955049e-01 4.114574e+01 3.988263e-02 9.990587e-01 -1.705998e-02 -4.692210e+00 -9.949207e-01 3.812660e-02 -9.316159e-02 9.000290e+01
-1.017231e-01 1.749021e-02 9.946590e-01 4.257483e+01 4.579707e-02 9.988677e-01 -1.288059e-02 -4.746579e+00 -9.937580e-01 4.424220e-02 -1.024090e-01 8.981611e+01
-1.064238e-01 1.554435e-02 9.941994e-01 4.395946e+01 4.803206e-02 9.987908e-01 -1.047457e-02 -4.793116e+00 -9.931600e-01 4.663869e-02 -1.070417e-01 8.963442e+01
-1.066568e-01 1.685791e-02 9.941530e-01 4.528497e+01 4.949480e-02 9.987067e-01 -1.162513e-02 -4.837060e+00 -9.930632e-01 4.796549e-02 -1.073532e-01 8.946022e+01
-9.900439e-02 1.888729e-02 9.949078e-01 4.654259e+01 5.067771e-02 9.986181e-01 -1.391474e-02 -4.880596e+00 -9.937957e-01 4.904201e-02 -9.982473e-02 8.930650e+01
-8.067749e-02 1.959419e-02 9.965477e-01 4.772631e+01 4.891325e-02 9.986800e-01 -1.567626e-02 -4.926346e+00 -9.955393e-01 4.747965e-02 -8.152941e-02 8.919325e+01
-5.072110e-02 2.086047e-02 9.984950e-01 4.883147e+01 4.714178e-02 9.987174e-01 -1.847044e-02 -4.973119e+00 -9.975996e-01 4.613398e-02 -5.163944e-02 8.912695e+01
-6.012730e-03 2.652506e-02 9.996301e-01 4.989376e+01 4.359308e-02 9.987047e-01 -2.623831e-02 -5.029978e+00 -9.990312e-01 4.341918e-02 -7.161249e-03 8.913018e+01
1.328286e-01 2.208643e-02 9.908929e-01 5.196384e+01 3.578779e-02 9.989928e-01 -2.706431e-02 -5.139956e+00 -9.904927e-01 3.905678e-02 1.319044e-01 8.933556e+01
2.245365e-01 1.412619e-02 9.743633e-01 5.295984e+01 2.803140e-02 9.993875e-01 -2.094867e-02 -5.197886e+00 -9.740624e-01 3.201650e-02 2.240030e-01 8.959271e+01
3.285181e-01 1.239074e-02 9.444164e-01 5.388945e+01 2.179716e-02 9.995481e-01 -2.069628e-02 -5.254058e+00 -9.442461e-01 2.738469e-02 3.280996e-01 8.994526e+01
3.855813e-01 1.285007e-02 9.225844e-01 5.433154e+01 2.342307e-02 9.994444e-01 -2.370995e-02 -5.281038e+00 -9.223765e-01 3.075187e-02 3.850661e-01 9.016419e+01
4.443980e-01 1.583459e-02 8.956895e-01 5.473889e+01 2.326734e-02 9.993024e-01 -2.921047e-02 -5.307765e+00 -8.955272e-01 3.382138e-02 4.437196e-01 9.038860e+01
5.031692e-01 1.924202e-02 8.639737e-01 5.513319e+01 2.368969e-02 9.990692e-01 -3.604743e-02 -5.336870e+00 -8.638631e-01 3.860521e-02 5.022450e-01 9.066097e+01
5.605451e-01 2.352431e-02 8.277897e-01 5.549149e+01 1.882847e-02 9.989760e-01 -4.113899e-02 -5.362113e+00 -8.279098e-01 3.864626e-02 5.595281e-01 9.094160e+01
6.156356e-01 2.682680e-02 7.875742e-01 5.583593e+01 1.377101e-02 9.989015e-01 -4.478976e-02 -5.389737e+00 -7.879106e-01 3.841985e-02 6.145899e-01 9.127112e+01
6.681238e-01 2.787792e-02 7.435277e-01 5.615845e+01 1.109601e-02 9.988134e-01 -4.742037e-02 -5.418165e+00 -7.439674e-01 3.993286e-02 6.670216e-01 9.162030e+01
7.170289e-01 2.626286e-02 6.965485e-01 5.644855e+01 9.622649e-03 9.988218e-01 -4.756544e-02 -5.448053e+00 -6.969770e-01 4.080842e-02 7.159313e-01 9.196615e+01
7.622181e-01 2.264837e-02 6.469240e-01 5.672244e+01 6.903411e-03 9.990465e-01 -4.310967e-02 -5.479109e+00 -6.472835e-01 3.732494e-02 7.613349e-01 9.235602e+01
8.038727e-01 1.798655e-02 5.945294e-01 5.696793e+01 4.662333e-03 9.993214e-01 -3.653692e-02 -5.510534e+00 -5.947831e-01 3.214292e-02 8.032433e-01 9.276492e+01
8.408561e-01 1.529420e-02 5.410427e-01 5.717528e+01 1.699980e-03 9.995211e-01 -3.089649e-02 -5.539453e+00 -5.412561e-01 2.689926e-02 8.404274e-01 9.317127e+01
8.986353e-01 1.248378e-02 4.385189e-01 5.753992e+01 -4.757360e-03 9.998135e-01 -1.871374e-02 -5.590987e+00 -4.386707e-01 1.473063e-02 8.985271e-01 9.406120e+01
9.354383e-01 2.009299e-02 3.529185e-01 5.781242e+01 -1.677232e-02 9.997816e-01 -1.246502e-02 -5.628018e+00 -3.530919e-01 5.740989e-03 9.355710e-01 9.498160e+01
9.641795e-01 2.129999e-02 2.643943e-01 5.816224e+01 -1.820981e-02 9.997343e-01 -1.413344e-02 -5.661977e+00 -2.646251e-01 8.812601e-03 9.643110e-01 9.640217e+01
9.715089e-01 2.227795e-02 2.359539e-01 5.838327e+01 -1.962485e-02 9.997151e-01 -1.358695e-02 -5.692607e+00 -2.361893e-01 8.569285e-03 9.716692e-01 9.738035e+01
9.747832e-01 3.487426e-02 2.204121e-01 5.858946e+01 -3.249051e-02 9.993678e-01 -1.443214e-02 -5.712881e+00 -2.207760e-01 6.906903e-03 9.753000e-01 9.840345e+01
9.753059e-01 4.290914e-02 2.166502e-01 5.881399e+01 -3.946071e-02 9.990165e-01 -2.022010e-02 -5.756138e+00 -2.173047e-01 1.117161e-02 9.760398e-01 9.946087e+01
9.740428e-01 4.025106e-02 2.227568e-01 5.907451e+01 -3.435475e-02 9.989508e-01 -3.028340e-02 -5.797891e+00 -2.237420e-01 2.184457e-02 9.744035e-01 1.005505e+02
9.718871e-01 4.493798e-02 2.311193e-01 5.934323e+01 -3.793231e-02 9.986787e-01 -3.466905e-02 -5.844770e+00 -2.323718e-01 2.492751e-02 9.723075e-01 1.016926e+02
9.692780e-01 4.541030e-02 2.417398e-01 5.963546e+01 -4.019101e-02 9.988410e-01 -2.648059e-02 -5.900971e+00 -2.426622e-01 1.595128e-02 9.699797e-01 1.028883e+02
9.677060e-01 3.817011e-02 2.491753e-01 5.996454e+01 -3.530703e-02 9.992492e-01 -1.595117e-02 -5.953554e+00 -2.495970e-01 6.638405e-03 9.683270e-01 1.041244e+02
9.670770e-01 3.012062e-02 2.526952e-01 6.030914e+01 -2.652167e-02 9.994926e-01 -1.763722e-02 -5.998250e+00 -2.530982e-01 1.035465e-02 9.673851e-01 1.053923e+02
9.672372e-01 2.935759e-02 2.521715e-01 6.048079e+01 -2.413441e-02 9.994258e-01 -2.378160e-02 -6.023068e+00 -2.527249e-01 1.691644e-02 9.673902e-01 1.060354e+02
9.679171e-01 3.485791e-02 2.488402e-01 6.081912e+01 -2.666631e-02 9.989881e-01 -3.621546e-02 -6.075562e+00 -2.498508e-01 2.841791e-02 9.678672e-01 1.073637e+02
9.685648e-01 3.339321e-02 2.465099e-01 6.099510e+01 -2.633527e-02 9.991449e-01 -3.187395e-02 -6.103151e+00 -2.473634e-01 2.438008e-02 9.686159e-01 1.080547e+02
9.696494e-01 2.911215e-02 2.427603e-01 6.135508e+01 -2.561797e-02 9.995179e-01 -1.753858e-02 -6.168814e+00 -2.431539e-01 1.078724e-02 9.699277e-01 1.094778e+02
9.700047e-01 3.237650e-02 2.409204e-01 6.152759e+01 -2.883405e-02 9.994182e-01 -1.821556e-02 -6.198021e+00 -2.413700e-01 1.072247e-02 9.703739e-01 1.102002e+02
9.702632e-01 3.845449e-02 2.389783e-01 6.169627e+01 -3.397645e-02 9.991618e-01 -2.283122e-02 -6.225332e+00 -2.396559e-01 1.403265e-02 9.707564e-01 1.109295e+02
9.721966e-01 3.867136e-02 2.309511e-01 6.205312e+01 -3.231967e-02 9.989897e-01 -3.122404e-02 -6.282018e+00 -2.319252e-01 2.289163e-02 9.724642e-01 1.124214e+02
9.731405e-01 3.672904e-02 2.272633e-01 6.223417e+01 -3.078898e-02 9.990867e-01 -2.962862e-02 -6.315240e+00 -2.281439e-01 2.183560e-02 9.733825e-01 1.131891e+02
9.745476e-01 3.082445e-02 2.220517e-01 6.260024e+01 -2.588369e-02 9.993491e-01 -2.512708e-02 -6.387404e+00 -2.226817e-01 1.874001e-02 9.747110e-01 1.147551e+02
9.752499e-01 2.247719e-02 2.199602e-01 6.297372e+01 -1.826607e-02 9.996092e-01 -2.116033e-02 -6.450506e+00 -2.203499e-01 1.661880e-02 9.752793e-01 1.163732e+02
9.751303e-01 2.794458e-02 2.198640e-01 6.333463e+01 -2.375350e-02 9.994826e-01 -2.168323e-02 -6.517585e+00 -2.203562e-01 1.592143e-02 9.752895e-01 1.180121e+02
9.743646e-01 4.180173e-02 2.210574e-01 6.369130e+01 -3.686288e-02 9.989709e-01 -2.642226e-02 -6.583319e+00 -2.219344e-01 1.759609e-02 9.749028e-01 1.196659e+02
9.724994e-01 5.172831e-02 2.270885e-01 6.405736e+01 -4.772120e-02 9.985934e-01 -2.310429e-02 -6.658079e+00 -2.279642e-01 1.163197e-02 9.736000e-01 1.213427e+02
9.714761e-01 5.201240e-02 2.313632e-01 6.444981e+01 -4.701719e-02 9.985276e-01 -2.705593e-02 -6.728166e+00 -2.324297e-01 1.540614e-02 9.724911e-01 1.230215e+02
9.718221e-01 3.802642e-02 2.326284e-01 6.486450e+01 -3.279916e-02 9.991159e-01 -2.629888e-02 -6.784235e+00 -2.334227e-01 1.792781e-02 9.722100e-01 1.247241e+02
9.711204e-01 4.003934e-02 2.352064e-01 6.526209e+01 -3.523136e-02 9.990761e-01 -2.461010e-02 -6.849345e+00 -2.359744e-01 1.561273e-02 9.716338e-01 1.264226e+02
9.703421e-01 4.468201e-02 2.375705e-01 6.565809e+01 -4.268596e-02 9.989967e-01 -1.354208e-02 -6.913045e+00 -2.379372e-01 2.999522e-03 9.712758e-01 1.281205e+02
9.702979e-01 4.107535e-02 2.384005e-01 6.608066e+01 -3.412526e-02 9.988656e-01 -3.320919e-02 -7.000709e+00 -2.394942e-01 2.408732e-02 9.705989e-01 1.297485e+02
9.708707e-01 3.562799e-02 2.369405e-01 6.651051e+01 -2.737139e-02 9.989010e-01 -3.804652e-02 -7.092137e+00 -2.380356e-01 3.045286e-02 9.707789e-01 1.313828e+02
9.714734e-01 2.591697e-02 2.357283e-01 6.693208e+01 -2.747143e-02 9.996171e-01 3.311926e-03 -7.177765e+00 -2.355522e-01 -9.693239e-03 9.718133e-01 1.330601e+02
9.716942e-01 3.680518e-02 2.333577e-01 6.733397e+01 -3.320560e-02 9.992614e-01 -1.933645e-02 -7.221705e+00 -2.338970e-01 1.104033e-02 9.721986e-01 1.346626e+02
9.725903e-01 3.392131e-02 2.300382e-01 6.774822e+01 -2.784568e-02 9.991736e-01 -2.960745e-02 -7.275568e+00 -2.308524e-01 2.239035e-02 9.727311e-01 1.362625e+02
9.740244e-01 3.316910e-02 2.240007e-01 6.812659e+01 -2.766976e-02 9.992347e-01 -2.764591e-02 -7.329594e+00 -2.247463e-01 2.072974e-02 9.741967e-01 1.378726e+02
9.756333e-01 3.839790e-02 2.160215e-01 6.848738e+01 -3.300030e-02 9.990478e-01 -2.853953e-02 -7.375994e+00 -2.169116e-01 2.071534e-02 9.759714e-01 1.394818e+02
9.761098e-01 4.665322e-02 2.122104e-01 6.883080e+01 -4.167268e-02 9.987421e-01 -2.788476e-02 -7.431426e+00 -2.132444e-01 1.837520e-02 9.768260e-01 1.410669e+02
9.767943e-01 4.343929e-02 2.097286e-01 6.918789e+01 -3.956073e-02 9.989603e-01 -2.265516e-02 -7.492154e+00 -2.104946e-01 1.383241e-02 9.774971e-01 1.426598e+02
9.785757e-01 3.715735e-02 2.025067e-01 6.953255e+01 -3.191867e-02 9.990675e-01 -2.907493e-02 -7.548491e+00 -2.033982e-01 2.198827e-02 9.788491e-01 1.442346e+02
9.813433e-01 3.290257e-02 1.894277e-01 6.984462e+01 -2.849114e-02 9.992567e-01 -2.596524e-02 -7.612956e+00 -1.901412e-01 2.008380e-02 9.815513e-01 1.458298e+02
9.833609e-01 2.646368e-02 1.797248e-01 7.013150e+01 -2.542474e-02 9.996440e-01 -8.082177e-03 -7.668862e+00 -1.798747e-01 3.378240e-03 9.836837e-01 1.474395e+02
9.845163e-01 3.687818e-02 1.713701e-01 7.037981e+01 -3.585879e-02 9.993159e-01 -9.041220e-03 -7.712080e+00 -1.715862e-01 2.756104e-03 9.851652e-01 1.490330e+02
9.869512e-01 3.436872e-02 1.573096e-01 7.063407e+01 -3.068028e-02 9.991958e-01 -2.581629e-02 -7.751909e+00 -1.580703e-01 2.065311e-02 9.872118e-01 1.506153e+02
9.888875e-01 3.991791e-02 1.432067e-01 7.085703e+01 -3.731589e-02 9.990868e-01 -2.081080e-02 -7.812429e+00 -1.439066e-01 1.523565e-02 9.894739e-01 1.522370e+02
9.909259e-01 4.849401e-02 1.253563e-01 7.105219e+01 -4.546236e-02 9.986028e-01 -2.693473e-02 -7.868414e+00 -1.264873e-01 2.099133e-02 9.917460e-01 1.538549e+02
9.935935e-01 5.028742e-02 1.012092e-01 7.130611e+01 -4.847236e-02 9.986179e-01 -2.031541e-02 -7.939937e+00 -1.020909e-01 1.527941e-02 9.946577e-01 1.563078e+02
9.949035e-01 5.253998e-02 8.606248e-02 7.143075e+01 -5.185407e-02 9.986027e-01 -1.018773e-02 -7.990297e+00 -8.647748e-02 5.673120e-03 9.962376e-01 1.579586e+02
9.958028e-01 5.184121e-02 7.542759e-02 7.154565e+01 -5.127576e-02 9.986401e-01 -9.415322e-03 -8.036337e+00 -7.581312e-02 5.508196e-03 9.971068e-01 1.596018e+02
9.957357e-01 6.336806e-02 6.704397e-02 7.162754e+01 -6.207913e-02 9.978473e-01 -2.113905e-02 -8.085177e+00 -6.823918e-02 1.688687e-02 9.975260e-01 1.612383e+02
9.958828e-01 6.825485e-02 5.965502e-02 7.173958e+01 -6.785743e-02 9.976574e-01 -8.664995e-03 -8.140372e+00 -6.010669e-02 4.581283e-03 9.981814e-01 1.637286e+02
9.964269e-01 6.676599e-02 5.172834e-02 7.181125e+01 -6.671062e-02 9.977684e-01 -2.798170e-03 -8.173449e+00 -5.179972e-02 -6.626575e-04 9.986572e-01 1.653868e+02
9.979389e-01 5.110589e-02 3.881003e-02 7.188912e+01 -5.043294e-02 9.985629e-01 -1.812578e-02 -8.197125e+00 -3.968059e-02 1.613112e-02 9.990821e-01 1.670187e+02
9.982641e-01 5.341943e-02 2.480255e-02 7.191447e+01 -5.316930e-02 9.985288e-01 -1.063788e-02 -8.225974e+00 -2.533433e-02 9.300678e-03 9.996357e-01 1.686811e+02
9.990975e-01 4.078690e-02 1.185966e-02 7.194420e+01 -4.075076e-02 9.991640e-01 -3.273653e-03 -8.251269e+00 -1.198327e-02 2.787409e-03 9.999243e-01 1.703582e+02
9.994607e-01 3.283240e-02 -5.780755e-04 7.194712e+01 -3.283589e-02 9.994309e-01 -7.716679e-03 -8.281895e+00 3.243895e-04 7.731499e-03 9.999700e-01 1.720379e+02
9.997990e-01 1.295244e-02 -1.530398e-02 7.194610e+01 -1.333594e-02 9.995928e-01 -2.522779e-02 -8.314995e+00 1.497098e-02 2.542681e-02 9.995645e-01 1.736993e+02
9.993113e-01 2.637007e-02 -2.610724e-02 7.188077e+01 -2.645667e-02 9.996455e-01 -2.976997e-03 -8.350218e+00 2.601948e-02 3.665657e-03 9.996547e-01 1.754112e+02
9.988864e-01 3.211212e-02 -3.456697e-02 7.180048e+01 -3.201024e-02 9.994814e-01 3.496713e-03 -8.380943e+00 3.466132e-02 -2.386321e-03 9.993962e-01 1.771104e+02
9.982576e-01 4.360448e-02 -3.975662e-02 7.170504e+01 -4.429609e-02 9.988791e-01 -1.668374e-02 -8.408732e+00 3.898457e-02 1.841573e-02 9.990700e-01 1.787853e+02
9.983190e-01 3.709972e-02 -4.452873e-02 7.162938e+01 -3.785446e-02 9.991515e-01 -1.622741e-02 -8.451315e+00 4.388891e-02 1.788574e-02 9.988762e-01 1.804893e+02
9.982447e-01 3.981282e-02 -4.384633e-02 7.153819e+01 -3.987331e-02 9.992046e-01 -5.053899e-04 -8.495182e+00 4.379133e-02 2.252801e-03 9.990381e-01 1.822141e+02
9.981548e-01 3.713477e-02 -4.804330e-02 7.145164e+01 -3.766269e-02 9.992391e-01 -1.012985e-02 -8.543212e+00 4.763058e-02 1.192060e-02 9.987938e-01 1.839180e+02
9.984731e-01 1.547705e-02 -5.302878e-02 7.138986e+01 -1.690010e-02 9.995061e-01 -2.649288e-02 -8.596086e+00 5.259256e-02 2.734862e-02 9.982414e-01 1.856110e+02
9.982214e-01 2.292478e-02 -5.503216e-02 7.128399e+01 -2.362423e-02 9.996477e-01 -1.209310e-02 -8.659180e+00 5.473554e-02 1.337168e-02 9.984113e-01 1.873332e+02
9.980787e-01 2.529689e-02 -5.656048e-02 7.122920e+01 -2.571834e-02 9.996465e-01 -6.735662e-03 -8.688115e+00 5.637009e-02 8.177361e-03 9.983764e-01 1.881818e+02
9.980532e-01 2.327322e-02 -5.786424e-02 7.113685e+01 -2.430321e-02 9.995573e-01 -1.716040e-02 -8.736466e+00 5.743924e-02 1.853328e-02 9.981769e-01 1.898562e+02
9.978588e-01 3.003041e-02 -5.810388e-02 7.107577e+01 -3.115242e-02 9.993434e-01 -1.850161e-02 -8.761375e+00 5.751011e-02 2.027207e-02 9.981390e-01 1.906947e+02
9.977393e-01 3.329039e-02 -5.837976e-02 7.101964e+01 -3.417387e-02 9.993150e-01 -1.420047e-02 -8.788561e+00 5.786702e-02 1.616343e-02 9.981934e-01 1.915357e+02
9.974328e-01 4.009581e-02 -5.933112e-02 7.090819e+01 -4.066337e-02 9.991377e-01 -8.389275e-03 -8.838886e+00 5.894358e-02 1.078034e-02 9.982030e-01 1.932083e+02
9.972752e-01 4.218303e-02 -6.052129e-02 7.079115e+01 -4.291190e-02 9.990205e-01 -1.079394e-02 -8.884907e+00 6.000668e-02 1.336161e-02 9.981085e-01 1.948635e+02
9.969926e-01 4.514267e-02 -6.299117e-02 7.067083e+01 -4.633030e-02 9.987725e-01 -1.752171e-02 -8.923746e+00 6.212287e-02 2.038741e-02 9.978602e-01 1.964897e+02
9.973545e-01 4.508963e-02 -5.701710e-02 7.058733e+01 -4.624100e-02 9.987489e-01 -1.903726e-02 -8.954024e+00 5.608737e-02 2.162342e-02 9.981916e-01 1.979026e+02
9.978290e-01 4.503855e-02 -4.805043e-02 7.046202e+01 -4.610441e-02 9.987093e-01 -2.130877e-02 -8.999441e+00 4.702870e-02 2.347784e-02 9.986175e-01 2.000222e+02
9.982214e-01 4.502167e-02 -3.907941e-02 7.033667e+01 -4.596471e-02 9.986648e-01 -2.357770e-02 -9.044849e+00 3.796572e-02 2.533204e-02 9.989578e-01 2.021417e+02
9.985315e-01 4.503897e-02 -3.010522e-02 7.021128e+01 -4.582193e-02 9.986152e-01 -2.584392e-02 -9.090248e+00 2.889955e-02 2.718544e-02 9.992125e-01 2.042610e+02
9.988567e-01 4.517153e-02 -1.565232e-02 6.999905e+01 -4.562219e-02 9.985159e-01 -2.974193e-02 -9.165290e+00 1.428560e-02 3.042201e-02 9.994350e-01 2.077971e+02
9.994026e-01 3.430069e-02 4.241041e-03 6.999464e+01 -3.422306e-02 9.992663e-01 -1.719175e-02 -9.235771e+00 -4.827618e-03 1.703633e-02 9.998432e-01 2.097400e+02
9.993972e-01 3.154472e-02 1.450058e-02 7.001951e+01 -3.133748e-02 9.994065e-01 -1.430386e-02 -9.302230e+00 -1.494319e-02 1.384082e-02 9.997925e-01 2.116498e+02
9.993448e-01 3.345592e-02 1.380943e-02 7.003031e+01 -3.335812e-02 9.994171e-01 -7.253049e-03 -9.346935e+00 -1.404404e-02 6.787639e-03 9.998783e-01 2.136019e+02
9.989009e-01 4.575401e-02 1.018246e-02 7.000644e+01 -4.544509e-02 9.985532e-01 -2.874302e-02 -9.397152e+00 -1.148284e-02 2.824868e-02 9.995349e-01 2.155565e+02
9.991864e-01 4.023503e-02 2.775105e-03 7.000612e+01 -4.014078e-02 9.987944e-01 -2.825507e-02 -9.429329e+00 -3.908602e-03 2.812068e-02 9.995968e-01 2.168933e+02
9.989962e-01 4.456999e-02 -4.497923e-03 6.997211e+01 -4.457970e-02 9.990036e-01 -2.080989e-03 -9.473975e+00 4.400691e-03 2.279416e-03 9.999877e-01 2.182707e+02
9.993067e-01 3.538900e-02 -1.156541e-02 6.995651e+01 -3.531205e-02 9.993532e-01 6.791368e-03 -9.495411e+00 1.179826e-02 -6.378259e-03 9.999100e-01 2.196463e+02
9.990959e-01 3.833680e-02 -1.837810e-02 6.994019e+01 -3.847501e-02 9.992334e-01 -7.226487e-03 -9.540496e+00 1.808697e-02 7.927050e-03 9.998049e-01 2.209704e+02
9.995047e-01 2.253595e-02 -2.196621e-02 6.997285e+01 -2.273633e-02 9.997017e-01 -8.915106e-03 -9.591872e+00 2.175874e-02 9.410120e-03 9.997189e-01 2.223055e+02
9.996094e-01 1.212864e-02 -2.518004e-02 6.998430e+01 -1.213886e-02 9.999263e-01 -2.531299e-04 -9.650603e+00 2.517511e-02 5.586885e-04 9.996828e-01 2.236723e+02
9.996142e-01 3.849148e-03 -2.751025e-02 6.998542e+01 -4.102379e-03 9.999497e-01 -9.154463e-03 -9.716608e+00 2.747363e-02 9.263787e-03 9.995795e-01 2.250278e+02
9.995281e-01 -7.405982e-03 -2.981397e-02 6.998187e+01 7.180519e-03 9.999448e-01 -7.662325e-03 -9.771343e+00 2.986907e-02 7.444628e-03 9.995260e-01 2.263991e+02
9.995051e-01 -8.326333e-03 -3.033594e-02 6.996949e+01 8.243860e-03 9.999620e-01 -2.842732e-03 -9.792795e+00 3.035846e-02 2.591240e-03 9.995357e-01 2.270898e+02
9.994428e-01 -1.020901e-02 -3.178101e-02 6.994919e+01 1.015480e-02 9.999467e-01 -1.866652e-03 -9.840708e+00 3.179837e-02 1.542882e-03 9.994931e-01 2.284545e+02
9.994092e-01 -1.323742e-02 -3.171797e-02 6.993862e+01 1.297005e-02 9.998787e-01 -8.620756e-03 -9.863524e+00 3.182824e-02 8.204279e-03 9.994596e-01 2.291258e+02
9.993800e-01 -1.491247e-02 -3.189520e-02 6.992429e+01 1.432713e-02 9.997261e-01 -1.850238e-02 -9.884742e+00 3.216238e-02 1.803394e-02 9.993199e-01 2.297927e+02
9.994430e-01 -1.049593e-02 -3.167951e-02 6.988635e+01 9.741052e-03 9.996671e-01 -2.388948e-02 -9.937611e+00 3.191970e-02 2.356758e-02 9.992125e-01 2.311122e+02
9.993685e-01 -1.429766e-02 -3.252990e-02 6.985983e+01 1.401429e-02 9.998620e-01 -8.922511e-03 -9.992889e+00 3.265298e-02 8.460992e-03 9.994309e-01 2.324182e+02
9.993530e-01 -1.359056e-02 -3.329980e-02 6.982710e+01 1.357282e-02 9.999076e-01 -7.585932e-04 -1.003357e+01 3.330703e-02 3.061307e-04 9.994451e-01 2.336500e+02
9.984666e-01 -2.652601e-02 -4.858840e-02 6.978279e+01 2.653046e-02 9.996478e-01 -5.535584e-04 -1.006888e+01 4.858597e-02 -7.363619e-04 9.988187e-01 2.353659e+02
9.719757e-01 -3.229428e-02 -2.328528e-01 6.918511e+01 3.113808e-02 9.994777e-01 -8.640477e-03 -1.012556e+01 2.330102e-01 1.147745e-03 9.724735e-01 2.393949e+02
9.491560e-01 -2.367706e-02 -3.139146e-01 6.884642e+01 1.943740e-02 9.996728e-01 -1.662934e-02 -1.014043e+01 3.142056e-01 9.682159e-03 9.493055e-01 2.402766e+02
9.147510e-01 -8.804964e-03 -4.039222e-01 6.841495e+01 1.345196e-03 9.998233e-01 -1.874838e-02 -1.015095e+01 4.040159e-01 1.660675e-02 9.146011e-01 2.410925e+02
8.037197e-01 3.418704e-02 -5.940252e-01 6.731827e+01 -4.804963e-02 9.988166e-01 -7.528043e-03 -1.018322e+01 5.930648e-01 3.459312e-02 8.044112e-01 2.424928e+02
7.298087e-01 5.429701e-02 -6.814919e-01 6.667291e+01 -5.888986e-02 9.981288e-01 1.645961e-02 -1.017111e+01 6.811104e-01 2.812060e-02 7.316405e-01 2.430702e+02
6.485969e-01 7.637250e-02 -7.572908e-01 6.598247e+01 -6.981509e-02 9.967283e-01 4.072516e-02 -1.015157e+01 7.579234e-01 2.645611e-02 6.518068e-01 2.435912e+02
6.054692e-01 8.074954e-02 -7.917618e-01 6.562105e+01 -7.027296e-02 9.963781e-01 4.787927e-02 -1.013305e+01 7.927602e-01 2.665002e-02 6.089506e-01 2.437845e+02
5.598590e-01 8.423029e-02 -8.242956e-01 6.526011e+01 -7.033104e-02 9.960603e-01 5.401338e-02 -1.011788e+01 8.255976e-01 2.773368e-02 5.635773e-01 2.439919e+02
4.625216e-01 7.638311e-02 -8.833116e-01 6.452042e+01 -5.635113e-02 9.968002e-01 5.669019e-02 -1.007158e+01 8.848154e-01 2.355517e-02 4.653459e-01 2.443200e+02
4.108591e-01 6.909842e-02 -9.090766e-01 6.414030e+01 -4.771502e-02 9.973869e-01 5.424594e-02 -1.004135e+01 9.104494e-01 2.108918e-02 4.130824e-01 2.444743e+02
2.119977e-01 6.361948e-02 -9.751972e-01 6.240525e+01 -4.089409e-02 9.975822e-01 5.618988e-02 -9.929802e+00 9.764141e-01 2.796767e-02 2.140868e-01 2.448251e+02
1.692436e-01 6.258446e-02 -9.835852e-01 6.193966e+01 -3.816279e-02 9.976495e-01 5.691277e-02 -9.901649e+00 9.848351e-01 2.790424e-02 1.712342e-01 2.448844e+02
1.290802e-01 6.165050e-02 -9.897159e-01 6.145894e+01 -3.658882e-02 9.976820e-01 5.737475e-02 -9.873647e+00 9.909589e-01 2.880659e-02 1.310367e-01 2.449260e+02
9.339541e-02 6.112447e-02 -9.937511e-01 6.096195e+01 -3.577600e-02 9.976751e-01 5.800353e-02 -9.844318e+00 9.949861e-01 3.013517e-02 9.536506e-02 2.449414e+02
3.857869e-02 5.591526e-02 -9.976899e-01 5.994742e+01 -3.609550e-02 9.978595e-01 5.452904e-02 -9.779054e+00 9.986034e-01 3.390845e-02 4.051440e-02 2.449520e+02
1.584437e-02 5.443454e-02 -9.983917e-01 5.942184e+01 -3.716079e-02 9.978592e-01 5.381578e-02 -9.749152e+00 9.991836e-01 3.624835e-02 1.783327e-02 2.449457e+02
-3.072926e-03 5.313575e-02 -9.985826e-01 5.888559e+01 -3.932738e-02 9.978083e-01 5.321559e-02 -9.720660e+00 9.992216e-01 3.943516e-02 -9.765028e-04 2.449283e+02
-2.862872e-02 5.060338e-02 -9.983084e-01 5.777118e+01 -4.374597e-02 9.976975e-01 5.182693e-02 -9.660943e+00 9.986324e-01 4.515570e-02 -2.634911e-02 2.448764e+02
-3.900133e-02 4.809847e-02 -9.980809e-01 5.659598e+01 -4.432450e-02 9.977744e-01 4.981575e-02 -9.598446e+00 9.982556e-01 4.618231e-02 -3.678258e-02 2.448240e+02
-4.214587e-02 4.899243e-02 -9.979096e-01 5.534817e+01 -4.363390e-02 9.977538e-01 5.082763e-02 -9.534743e+00 9.981582e-01 4.568486e-02 -3.991346e-02 2.447709e+02
-4.211898e-02 4.942055e-02 -9.978896e-01 5.469404e+01 -4.335224e-02 9.977448e-01 5.124320e-02 -9.501856e+00 9.981716e-01 4.541906e-02 -3.988150e-02 2.447438e+02
-4.120315e-02 4.791619e-02 -9.980012e-01 5.333773e+01 -4.132406e-02 9.979130e-01 4.961806e-02 -9.428068e+00 9.982958e-01 4.328588e-02 -3.913707e-02 2.446758e+02
-4.172997e-02 4.367408e-02 -9.981740e-01 5.194411e+01 -3.799230e-02 9.982522e-01 4.526583e-02 -9.321575e+00 9.984063e-01 3.981186e-02 -3.999775e-02 2.445279e+02
-4.144332e-02 4.258583e-02 -9.982329e-01 5.045197e+01 -3.928489e-02 9.982492e-01 4.421751e-02 -9.222874e+00 9.983682e-01 4.104799e-02 -3.969778e-02 2.443907e+02
-3.976130e-02 4.369248e-02 -9.982535e-01 4.886814e+01 -3.523235e-02 9.983609e-01 4.510052e-02 -9.139656e+00 9.985878e-01 3.696407e-02 -3.815674e-02 2.442845e+02
-3.772664e-02 4.382670e-02 -9.983266e-01 4.722454e+01 -3.113691e-02 9.985011e-01 4.501103e-02 -9.074933e+00 9.988028e-01 3.278292e-02 -3.630546e-02 2.441891e+02
-3.668499e-02 5.022321e-02 -9.980641e-01 4.551505e+01 -2.858509e-02 9.982749e-01 5.128451e-02 -9.002662e+00 9.989179e-01 3.041113e-02 -3.518607e-02 2.441009e+02
