9.999580583353565588e-01 -4.475625779760177871e-03 7.990641029543121138e-03 -9.313169999999999782e-02 4.436654783270293188e-03 9.999782107405473797e-01 4.888163097454104739e-03 -8.354880000000000639e-02 -8.012344508167172641e-03 -4.852506364011631088e-03 9.999561267963057443e-01 8.886850000000000305e-02
9.999910682048459565e-01 -3.399436747252920169e-03 2.511441883146742042e-03 -9.277299999999999436e-02 3.388532357763094412e-03 9.999848693949447975e-01 4.333454699835283946e-03 -8.338520000000000654e-02 -2.526135188660664881e-03 -4.324905892219911216e-03 9.999874568363504856e-01 1.284131000000000022e-01
9.999884021914385857e-01 -4.477223795051886099e-03 -1.774809765194971210e-03 -9.302989999999999871e-02 4.484331846017266046e-03 9.999818592940049600e-01 4.021423976591679585e-03 -8.354100000000000414e-02 1.756772753774835279e-03 -4.029336172836941489e-03 9.999903390530819891e-01 1.684327999999999936e-01
9.999772651842698812e-01 -2.686370200879580322e-03 -6.184862951784714583e-03 -9.363970000000000626e-02 2.705193211344096137e-03 9.999917290996577224e-01 3.037048232432514733e-03 -8.375900000000000012e-02 6.176653161529368705e-03 -3.053710434970848681e-03 9.999762616223955014e-01 2.091366000000000058e-01
9.999384264109310028e-01 4.214231544172036131e-04 -1.108899406420632214e-02 -9.457359999999999378e-02 -3.981638247446833440e-04 9.999977164883415703e-01 2.099638938279781153e-03 -8.359850000000000614e-02 1.108985357882360384e-02 -2.095094419685426639e-03 9.999363108353316321e-01 2.508085999999999927e-01
9.998830770158511072e-01 6.620202841832693993e-04 -1.527723883615110696e-02 -9.552670000000000605e-02 -6.095406625676729221e-04 9.999938989537325851e-01 3.439551641236145672e-03 -8.328739999999999755e-02 1.527942268196512236e-02 -3.429837380311726372e-03 9.998773802112189690e-01 2.932762999999999898e-01
9.998038301992289156e-01 -5.117183174574944102e-04 -1.979998139683396274e-02 -9.646620000000000195e-02 6.394191864019549724e-04 9.999790343841412632e-01 6.443751645146879661e-03 -8.359930000000000139e-02 1.979626889228001951e-02 -6.455148063665970895e-03 9.997831958987011269e-01 3.362388000000000043e-01
9.997296529737107473e-01 -1.123921805098357721e-03 -2.322407726562765104e-02 -9.776239999999999930e-02 1.338685442277713633e-03 9.999564698250242856e-01 9.233979443442856885e-03 -8.364240000000000563e-02 2.321268804663631155e-02 -9.262572798705336410e-03 9.996876391447471200e-01 3.798381000000000118e-01
9.996707187805767836e-01 5.875101638947440941e-04 -2.565363218985354868e-02 -9.940980000000000649e-02 -3.704024199366175250e-04 9.999640859403742255e-01 8.466972982075165674e-03 -8.361999999999999988e-02 2.565768529646185805e-02 -8.454682799443518151e-03 9.996350341619627544e-01 4.235708000000000251e-01
9.996086238547142733e-01 -1.309862458304767254e-04 -2.797466635882953079e-02 -1.007625999999999938e-01 3.673605520257629980e-04 9.999642761472462560e-01 8.444612219559187449e-03 -8.365409999999999513e-02 2.797256086791555935e-02 -8.451583988656578839e-03 9.995729621026038236e-01 4.678249999999999909e-01
9.995477711907537754e-01 -3.084259505813985967e-03 -2.991221240392359301e-02 -1.019286999999999971e-01 3.323764601993244201e-03 9.999627906649003473e-01 7.960519740269567102e-03 -8.360330000000000539e-02 2.988654708170853866e-02 -8.056340916661908214e-03 9.995208300353561892e-01 5.126340000000000341e-01
9.994812569106552580e-01 -3.230834157032813105e-03 -3.204338925498314422e-02 -1.034010000000000068e-01 3.513025669389563226e-03 9.999555106945999805e-01 8.754157991946806203e-03 -8.354480000000000239e-02 3.201368043419607762e-02 -8.862186081972448989e-03 9.994481406871021933e-01 5.579840999999999829e-01
9.994310012535805310e-01 -4.841020958833557389e-03 -3.338020744904791892e-02 -1.050058999999999992e-01 5.120274304019862416e-03 9.999525660526873416e-01 8.285435154387683909e-03 -8.345510000000000428e-02 3.333851412881104481e-02 -8.451636570635509549e-03 9.994083816513452678e-01 6.035848000000000324e-01
9.993711964294308414e-01 -2.739035588219888070e-03 -3.535122955788539550e-02 -1.068529000000000007e-01 2.961240206453244223e-03 9.999761788823879893e-01 6.234799452907641149e-03 -8.365129999999999788e-02 3.533331011450143583e-02 -6.335562471064239143e-03 9.993555012329334852e-01 6.495109000000000021e-01
9.993211500403563763e-01 -2.114632336357639628e-03 -3.677998657016709472e-02 -1.086704000000000003e-01 2.245820439672422536e-03 9.999912621743414221e-01 3.525885069077732553e-03 -8.371439999999999437e-02 3.677220924247537326e-02 -3.606092767751039804e-03 9.993171672308936992e-01 6.961072999999999844e-01
9.992651143155683036e-01 1.943024818013215334e-03 -3.828127435771789405e-02 -1.112570999999999977e-01 -1.875871819082472079e-03 9.999966384249135976e-01 1.790040164605444847e-03 -8.376379999999999937e-02 3.828462376480481349e-02 -1.716913925947710900e-03 9.992654000763552258e-01 7.430636000000000463e-01
9.992171433866818830e-01 2.880496303053851730e-03 -3.945634427069079353e-02 -1.132733999999999963e-01 -2.799588946373576283e-03 9.999938642453133353e-01 2.105652738957366175e-03 -8.402060000000000084e-02 3.946216750117159666e-02 -1.993542769500786065e-03 9.992190766410214975e-01 7.905516999999999683e-01
9.991630146685054337e-01 1.891654635556854099e-03 -4.086186194098075097e-02 -1.153691000000000022e-01 -1.724381046807293375e-03 9.999899909750818994e-01 4.128493630978507731e-03 -8.461240000000000427e-02 4.086926263770129797e-02 -4.054576722099925701e-03 9.991562759543950456e-01 8.385240000000000471e-01
9.991078435385933876e-01 2.311933884881503965e-03 -4.216837608176840502e-02 -1.177544999999999981e-01 -2.087068928115874602e-03 9.999833723523756657e-01 5.375794086395690660e-03 -8.451100000000000279e-02 4.218010340137651193e-02 -5.282989729496957720e-03 9.990960558908072997e-01 8.867975999999999637e-01
9.989970036668887055e-01 1.690421009788387443e-03 -4.474515774235236776e-02 -1.223932999999999965e-01 -1.493172645192304389e-03 9.999890225066494498e-01 4.441317557596137847e-03 -8.490970000000000462e-02 4.475217424919128439e-02 -4.370050686825990502e-03 9.989885612743343302e-01 9.833094999999999475e-01
9.989255355022187421e-01 7.766057634530418698e-04 -4.633758091542540536e-02 -1.270552000000000070e-01 -5.206407311715346162e-04 9.999845421817801228e-01 5.535732176021710901e-03 -8.517489999999999783e-02 4.634116371903569676e-02 -5.505658996320822798e-03 9.989104986254683238e-01 1.081212999999999980e+00
9.989263420435859908e-01 1.535325506855898976e-03 -4.630125211059277907e-02 -1.296048999999999951e-01 -1.127533524737715526e-03 9.999603597104534947e-01 8.832195417387948139e-03 -8.537019999999999331e-02 4.631297701045860443e-02 -8.770506446513438165e-03 9.988884754451321513e-01 1.130680700000000094e+00
9.990380555662142781e-01 1.414892203694332294e-03 -4.382877605557373296e-02 -1.343475000000000086e-01 -7.329261892485501627e-04 9.998784813536351068e-01 1.557194095639744674e-02 -8.523169999999999358e-02 4.384548265989122312e-02 -1.552483835665736250e-02 9.989176908255859022e-01 1.230055499999999968e+00
9.991665147326727059e-01 2.022829138423393701e-03 -4.076989084165517224e-02 -1.387357999999999925e-01 -1.468362508007012941e-03 9.999060936348849182e-01 1.362526415780097346e-02 -8.506610000000000560e-02 4.079362387075721047e-02 -1.355404272169457962e-02 9.990756568835963414e-01 1.329611199999999993e+00
9.992435078659384073e-01 2.022981604361388710e-03 -3.883708965927674256e-02 -1.430222999999999911e-01 -1.803479118410392795e-03 9.999822078186587637e-01 5.686080301068968841e-03 -8.465250000000000552e-02 3.884790149858474012e-02 -5.611736945827229019e-03 9.992293775493228392e-01 1.430815799999999971e+00
9.992613823691739450e-01 -2.339484643864030416e-03 -3.835644036206474483e-02 -1.468118999999999952e-01 2.781484506543870517e-03 9.999303009089752781e-01 1.147417395832842774e-02 -8.457199999999999440e-02 3.832692329926003227e-02 -1.157238677573689881e-02 9.991982419994168696e-01 1.533175900000000036e+00
9.992190909357820949e-01 -5.858688473293977711e-03 -3.907536409097304986e-02 -1.488405999999999896e-01 6.440966577541359581e-03 9.998698438236208741e-01 1.479220611250720366e-02 -8.458609999999999740e-02 3.898361526354642004e-02 -1.503233785878938314e-02 9.991267720161856047e-01 1.584557800000000016e+00
9.990302971238960161e-01 -1.449656009016619604e-02 -4.157301016395333060e-02 -1.524447999999999914e-01 1.493110102248642809e-02 9.998368940374373626e-01 1.016107985533733736e-02 -8.433960000000000068e-02 4.141892865341004204e-02 -1.077195744154413846e-02 9.990837989288392507e-01 1.687228699999999915e+00
9.989002786075152907e-01 -1.291895538257598758e-02 -4.507032271519080535e-02 -1.574019999999999864e-01 1.317775922606693323e-02 9.998983178365041802e-01 5.449830227544493789e-03 -8.424529999999999519e-02 4.499533375371540800e-02 -6.037762793639773161e-03 9.989689511495537522e-01 1.791276799999999891e+00
9.988254876205558963e-01 -1.055283401676243397e-02 -4.728935370433265395e-02 -1.624161000000000077e-01 1.102056579779149038e-02 9.998927928331280413e-01 9.641056470321504243e-03 -8.445279999999999454e-02 4.718254347802126880e-02 -1.015088836417982372e-02 9.988347045714635053e-01 1.896408600000000000e+00
9.987498923969740927e-01 -8.820305379290436371e-03 -4.920218135457967573e-02 -1.684006000000000114e-01 9.497531898254519406e-03 9.998631232607794184e-01 1.354738465686539106e-02 -8.452930000000000166e-02 4.907595465066905832e-02 -1.399774825518354873e-02 9.986969579000979369e-01 2.001351600000000008e+00
9.987545434786481158e-01 -3.396780414708894680e-03 -4.977774365689331681e-02 -1.743559000000000081e-01 4.334866834868225487e-03 9.998148121390807441e-01 1.874967617903301742e-02 -8.399449999999999972e-02 4.970483689019704332e-02 -1.894210416265544594e-02 9.985843108519230071e-01 2.106708799999999826e+00
9.987401936257950252e-01 -3.589273681815452650e-03 -5.005140108674702160e-02 -1.796924000000000021e-01 4.430715700130617545e-03 9.998505485798782066e-01 1.671075291245483971e-02 -8.355279999999999652e-02 4.998394136814353350e-02 -1.691146412802655222e-02 9.986068335367790372e-01 2.210191000000000017e+00
9.986974013200949907e-01 -1.320858254462862298e-03 -5.100741053965288097e-02 -1.854410999999999976e-01 2.054754580580796762e-03 9.998950903965750925e-01 1.433827689921336572e-02 -8.329999999999999905e-02 5.098312054104432722e-02 -1.442440758910225503e-02 9.985953424113297450e-01 2.314041599999999921e+00
9.986458189594679125e-01 -3.265630826418659902e-03 -5.192170962207568602e-02 -1.884549000000000085e-01 4.059273667921164952e-03 9.998764268197706251e-01 1.518727715611431842e-02 -8.289080000000000059e-02 5.186569745084437105e-02 -1.537747526199454220e-02 9.985356692089192299e-01 2.365366900000000161e+00
9.985873529709178298e-01 -2.734060270548034567e-04 -5.313401674708975730e-02 -1.943884999999999919e-01 9.453389442131640303e-04 9.999199015850308569e-01 1.262128156974849820e-02 -8.268889999999999574e-02 5.312631006211704365e-02 -1.265368180912928263e-02 9.985076261681015142e-01 2.467758400000000130e+00
9.985096525246557331e-01 1.401663575055200547e-03 -5.455739321406091052e-02 -2.002221999999999891e-01 -1.011421285730451647e-03 9.999737131879605778e-01 7.179830086100080951e-03 -8.286789999999999434e-02 5.456602278042690241e-02 -7.113949135667193245e-03 9.984848225614754158e-01 2.569350500000000093e+00
9.984968207058025902e-01 -1.645923828011672989e-03 -5.478494296023979360e-02 -2.058923000000000003e-01 2.395261858008975158e-03 9.999044432283256123e-01 1.361495989284724518e-02 -8.306669999999999332e-02 5.475729870104908970e-02 -1.372571845131084940e-02 9.984053499916551999e-01 2.670263100000000112e+00
9.984610807737330784e-01 -3.925896887740450494e-03 -5.531778659505273699e-02 -2.084049000000000040e-01 4.736535900101333796e-03 9.998832045858992990e-01 1.453074033556723925e-02 -8.329490000000000505e-02 5.525427954300025923e-02 -1.477039338201455339e-02 9.983630602498895223e-01 2.720138099999999781e+00
9.984031331165426071e-01 -9.552107933715312318e-03 -5.567711394364724398e-02 -2.139659999999999895e-01 1.023321693294644043e-02 9.998761007467205086e-01 1.196095425696698696e-02 -8.333840000000000692e-02 5.555596326475209512e-02 -1.251161019040520662e-02 9.983771805065302374e-01 2.819310900000000064e+00
9.982019493878586669e-01 -1.463782008477636232e-02 -5.812574697536890961e-02 -2.191934000000000105e-01 1.566136949669605372e-02 9.997295267248970108e-01 1.719287352077147196e-02 -8.312419999999999531e-02 5.785835932487930905e-02 -1.807228866466569633e-02 9.981612107463674333e-01 2.918010499999999841e+00
9.981652021176562473e-01 -1.380654299653609127e-02 -5.895429290478623047e-02 -2.254367999999999927e-01 1.527184761036089189e-02 9.995837340981440500e-01 2.447711578141322300e-02 -8.266329999999999512e-02 5.859180789141466700e-02 -2.533254619843007885e-02 9.979605514002645172e-01 3.016228400000000143e+00
9.980554192243641376e-01 -1.061154376919053871e-02 -6.142292158236451610e-02 -2.318631999999999915e-01 1.141247090157979441e-02 9.998541784998222770e-01 1.270343435319746389e-02 -8.222649999999999404e-02 6.127916175013608385e-02 -1.337971880421843715e-02 9.980309852203591570e-01 3.112499500000000197e+00
9.979779583782178998e-01 -4.664937268642257821e-03 -6.338953345406253548e-02 -2.384996000000000060e-01 5.244346231891902806e-03 9.999459524218217155e-01 8.977141405589210768e-03 -8.241160000000000152e-02 6.334422960178867634e-02 -9.291425912933684236e-03 9.979484846326790448e-01 3.206460700000000053e+00
9.979360685415158416e-01 -1.696422465205245584e-03 -6.419287542027242444e-02 -2.419884999999999953e-01 2.422184928602493480e-03 9.999340097727745791e-01 1.122983169563910623e-02 -8.277470000000000661e-02 6.416958877906824010e-02 -1.136214110809563409e-02 9.978743235625240349e-01 3.252672700000000194e+00
9.977867178989595631e-01 1.425216989204155637e-03 -6.648033048169729731e-02 -2.481696999999999931e-01 -5.884280771104537624e-04 9.999203819776634194e-01 1.260489817656882360e-02 -8.322350000000000581e-02 6.649300216428849497e-02 -1.253788108801817507e-02 9.977081147314591503e-01 3.342495399999999783e+00
9.976793593127278870e-01 3.495992488095195621e-03 -6.799760317737632564e-02 -2.516412000000000093e-01 -2.593137949313921008e-03 9.999073689874407034e-01 1.336147747031729907e-02 -8.313360000000000194e-02 6.803801611540849503e-02 -1.315414311679596882e-02 9.975960088542566995e-01 3.386569999999999858e+00
9.974852133398157683e-01 4.072193528130781288e-03 -7.075780104194624720e-02 -2.578601999999999839e-01 -3.038341851162392263e-03 9.998871472235355551e-01 1.471262369447691280e-02 -8.384250000000000036e-02 7.080972847863260811e-02 -1.446063819647176556e-02 9.973850170800306891e-01 3.471963899999999992e+00
9.972953095364995857e-01 6.526055569015691560e-03 -7.320844333277175264e-02 -2.645264999999999977e-01 -5.202327258629332873e-03 9.998197785879622268e-01 1.825776917951152725e-02 -8.355830000000000202e-02 7.331440081997299407e-02 -1.782753328501500770e-02 9.971495262443742513e-01 3.555528199999999917e+00
9.970407874771368695e-01 1.111146482078334899e-02 -7.606709838364555942e-02 -2.712687999999999766e-01 -9.303577328088244447e-03 9.996667366665266119e-01 2.408026269370201061e-02 -8.332839999999999692e-02 7.630931500066687190e-02 -2.330130794684943246e-02 9.968118867128817895e-01 3.635890199999999961e+00
9.968346562652680154e-01 1.402296768565609864e-02 -7.825614637708633303e-02 -2.781950000000000256e-01 -1.307066564419464422e-02 9.998343255150725639e-01 1.266803936832849864e-02 -8.337100000000000066e-02 7.842082483704559959e-02 -1.160508074538457376e-02 9.968527957189919908e-01 3.711976299999999895e+00
9.966574569209725176e-01 1.420865900828264215e-02 -8.044891281432024754e-02 -2.840748000000000162e-01 -1.380301621955580711e-02 9.998890737949239771e-01 5.596145885492552832e-03 -8.350050000000000527e-02 8.051950265036682264e-02 -4.467002878372079364e-03 9.967430238422649857e-01 3.784864900000000087e+00
9.964433670649014418e-01 1.728177467290909972e-02 -8.247397466181083381e-02 -2.905925999999999787e-01 -1.638615531705176973e-02 9.997993254222182768e-01 1.152400968425596611e-02 -8.425889999999999769e-02 8.265657957045932647e-02 -1.013159165344552221e-02 9.965265880568767720e-01 3.853985799999999795e+00
9.965955996230311253e-01 2.131010473435365152e-03 -8.241765348742401132e-02 -2.976834999999999898e-01 -2.274833050676225345e-03 9.999960493583395227e-01 -1.651182093228572819e-03 -8.545139999999999680e-02 8.241380919847436648e-02 1.833047210400314117e-03 9.965965101239928625e-01 3.949236899999999828e+00
9.971440267593787432e-01 9.410717962380882318e-03 -7.493482691995669021e-02 -3.030836000000000086e-01 -9.346674445040843715e-03 9.999555924700530563e-01 1.205306883548460262e-03 -8.626309999999999534e-02 7.494284205252536857e-02 -5.014731275259911789e-04 9.971877049732374987e-01 4.008522000000000141e+00
9.979012204604591485e-01 4.167011759295853601e-03 -6.462035450633114853e-02 -3.062692000000000192e-01 -3.644822518761744318e-03 9.999597641843586127e-01 8.196662806808458976e-03 -8.664959999999999329e-02 6.465191004396352026e-02 -7.943930095341970518e-03 9.978762571092206768e-01 4.065413500000000013e+00
9.989544913485668420e-01 3.193348624938270770e-03 -4.560402108461229786e-02 -3.084155000000000091e-01 -2.667421404942359707e-03 9.999292912234695185e-01 1.158867621337485165e-02 -8.732990000000000197e-02 4.563780316332737008e-02 -1.145491501014257382e-02 9.988923745051495606e-01 4.119488200000000155e+00
9.998804106883050213e-01 1.184064595865442354e-02 9.948036241810098365e-03 -3.087829000000000268e-01 -1.195901631047023572e-02 9.998573797011527375e-01 1.192485580754957218e-02 -8.723069999999999435e-02 -9.805419454183150405e-03 -1.204239844992444249e-02 9.998794099234671329e-01 4.195315400000000139e+00
9.978268543137167601e-01 7.215045752143537348e-03 6.549436559878399344e-02 -3.040323999999999804e-01 -8.189749949362782472e-03 9.998594942242762240e-01 1.462599758448719992e-02 -8.757929999999999882e-02 -6.537963602039717492e-02 -1.513059563827507184e-02 9.977457432980967322e-01 4.242661499999999641e+00
9.906131927386110370e-01 7.092241234641027091e-03 1.365108145404057838e-01 -2.969555999999999862e-01 -9.429441997426596389e-03 9.998196988903602644e-01 1.648196997954144705e-02 -8.763899999999999468e-02 -1.363693073819493284e-01 -1.761447771178571015e-02 9.905014599580903578e-01 4.288130800000000242e+00
9.749166182970019356e-01 7.030719650510245007e-03 2.224593363955169878e-01 -2.853661000000000114e-01 -1.095789913529693349e-02 9.998050681039343246e-01 1.642407501894756205e-02 -8.773590000000000555e-02 -2.223004989082986993e-01 -1.844979064605579283e-02 9.748036178688701536e-01 4.330771399999999716e+00
9.461701677818803446e-01 1.005786435798782658e-02 3.235132964256103305e-01 -2.699250000000000260e-01 -1.466196438991795511e-02 9.998229078724758523e-01 1.179744436967187192e-02 -8.852740000000000609e-02 -3.233373476724229478e-01 -1.590573035050710238e-02 9.461500765429233795e-01 4.370371300000000403e+00
9.001073977227522782e-01 1.157724645591838922e-02 4.355142247151910229e-01 -2.496444999999999914e-01 -1.630987782354355320e-02 9.998415627274627182e-01 7.130030020007015017e-03 -8.844670000000000309e-02 -4.353626769144963160e-01 -1.352097656251367505e-02 9.001536106368955847e-01 4.407171700000000136e+00
8.356165080937658640e-01 1.091548582897227011e-02 5.492047920132331340e-01 -2.252000999999999864e-01 -1.466473184690109642e-02 9.998894910121628454e-01 2.439549814279653745e-03 -8.867360000000000519e-02 -5.491174710761256295e-01 -1.009246910103631274e-02 8.356842376318971422e-01 4.439645800000000087e+00
7.571700206693028345e-01 9.196753138911575171e-03 6.531531057350561387e-01 -1.966362000000000110e-01 -1.331589450360105148e-02 9.999104184529740147e-01 1.357211393776446874e-03 -8.931459999999999400e-02 -6.530821133312536553e-01 -9.724957629745713261e-03 7.572246552020631682e-01 4.468142000000000280e+00
6.679710375941102507e-01 8.021267666666741236e-03 7.441440399549453799e-01 -1.650910999999999906e-01 -1.497721697854727599e-02 9.998842805834254888e-01 2.666160862217354689e-03 -8.958280000000000409e-02 -7.440365420508762151e-01 -1.292612498722610359e-02 6.680138766416379159e-01 4.492333900000000213e+00
5.734061822976361800e-01 4.113782363078477729e-03 8.192609028249300263e-01 -1.308370000000000088e-01 -6.597878560420682680e-03 9.999781524251994957e-01 -4.033246663876863952e-04 -9.028640000000000276e-02 -8.192446631509735511e-01 -5.174115088959666854e-03 5.734207969996328869e-01 4.511833700000000391e+00
4.782579112318035564e-01 9.274770324051899786e-03 8.781704555378916366e-01 -9.535789999999999544e-02 -1.312963828813689358e-02 9.999079880071860549e-01 -3.410002616409835152e-03 -9.094950000000000256e-02 -8.781212803153187751e-01 -9.899199707921770702e-03 4.783356801478724218e-01 4.528622200000000042e+00
3.894951382392404238e-01 8.737054583025994844e-03 9.209870798036249306e-01 -5.846389999999999920e-02 -7.024377937962366682e-03 9.999541021253963713e-01 -6.515501298974247200e-03 -9.182400000000000284e-02 -9.210017347446094460e-01 -3.931605245379040346e-03 3.895386336136825722e-01 4.541391400000000189e+00
3.143088494285302126e-01 -1.861198521385443172e-03 9.493189575221688825e-01 -1.924000000000000016e-02 1.184703817077882061e-02 9.999278965201405800e-01 -1.962000863186736700e-03 -9.202889999999999682e-02 -9.492468566487294312e-01 1.186329215989509814e-02 3.143082363566620518e-01 4.550388800000000344e+00
2.809337452931887635e-01 2.241571833088298361e-03 9.597245469983868293e-01 2.627999999999999911e-04 8.783048969789583604e-03 9.999493907471368459e-01 -4.906525779419261026e-03 -9.234290000000000553e-02 -9.596869743860942936e-01 9.807716357385792144e-03 2.808998396110561346e-01 4.555194900000000047e+00
2.493767492074346614e-01 9.722573810882881654e-03 9.683577378805955371e-01 2.025180000000000036e-02 -2.076643394082010059e-03 9.999526700771458332e-01 -9.505006985827527122e-03 -9.300360000000000571e-02 -9.684043187155589871e-01 3.593940438416879518e-04 2.493851365438108925e-01 4.560447199999999590e+00
2.209975494906080695e-01 1.395237523657143555e-02 9.751745558331618158e-01 4.065429999999999738e-02 -6.748416551710315590e-03 9.998956016630660137e-01 -1.277672293273232965e-02 -9.379229999999999512e-02 -9.752510148639635945e-01 -3.757259654736962336e-03 2.210686341539569444e-01 4.564601399999999920e+00
1.952381683973275495e-01 1.578269637163044053e-02 9.806288615455379665e-01 6.192849999999999744e-02 -6.116540908339387385e-03 9.998706585740622099e-01 -1.487461091887078146e-02 -9.457999999999999741e-02 -9.807367870780484553e-01 -3.093964756118342679e-03 1.953094515222305594e-01 4.567757600000000195e+00
1.718670996800946982e-01 1.703294872219986503e-02 9.849728822182768351e-01 8.350349999999999440e-02 1.700500946925869068e-03 9.998438936813967004e-01 -1.758682929221242267e-02 -9.514730000000000409e-02 -9.851186772892299714e-01 4.697544661929966246e-03 1.718113055944435752e-01 4.570083600000000246e+00
1.518008768375290751e-01 2.336628708323112286e-02 9.881348644893073185e-01 1.058082999999999940e-01 8.486258041478506389e-03 9.996528712595824651e-01 -2.494234164881079657e-02 -9.519039999999999446e-02 -9.883746643939286258e-01 1.217183677250836121e-02 1.515498900486985656e-01 4.572052000000000227e+00
1.321223609932094534e-01 3.023158018981059875e-02 9.907722913388359309e-01 1.285447000000000117e-01 1.051371051433610398e-02 9.994358316889554450e-01 -3.189796588227328950e-02 -9.515519999999999534e-02 -9.911776549220634447e-01 1.463112762000878635e-02 1.317299756614500605e-01 4.574259299999999584e+00
1.142782360592442398e-01 3.096908276294182277e-02 9.929659614891186425e-01 1.523629999999999984e-01 8.042362831497765555e-03 9.994524027682235578e-01 -3.209696248730015827e-02 -9.583550000000000402e-02 -9.934162295650672547e-01 1.165377679753092609e-02 1.139665930133876293e-01 4.576862799999999787e+00
9.860078037576512633e-02 2.649500031498668723e-02 9.947742965455026454e-01 1.770178000000000029e-01 6.311242224769924788e-03 9.996087447329573550e-01 -2.724932430320996246e-02 -9.695380000000000664e-02 -9.951070567184572280e-01 8.965066185482586589e-03 9.839498593637530099e-02 4.579103500000000437e+00
8.414568991506933548e-02 2.313395098677799994e-02 9.961848840353172418e-01 2.024594000000000116e-01 6.330009518310605529e-03 9.996978835038911049e-01 -2.375021467984163304e-02 -9.818290000000000350e-02 -9.964333564510047259e-01 8.304337997806986518e-03 8.397382998412705746e-02 4.580833400000000388e+00
7.081913498630300341e-02 2.088019553731532835e-02 9.972706089894133319e-01 2.289284000000000041e-01 8.569376010677165825e-03 9.997312555646763466e-01 -2.154025166666951804e-02 -9.891519999999999480e-02 -9.974523627294585859e-01 1.007144882324809490e-02 7.062117249112531692e-02 4.582275400000000332e+00
5.938530802870579245e-02 2.010246899586339356e-02 9.980327028362376840e-01 2.557954000000000061e-01 1.257133136405734139e-02 9.997028631528257492e-01 -2.088413349358057142e-02 -9.966510000000000646e-02 -9.981559731916003209e-01 1.378681051994900923e-02 5.911494766652702904e-02 4.583063100000000389e+00
4.913426574653526058e-02 2.088695617464057103e-02 9.985737624188345540e-01 2.834480999999999806e-01 1.556764429478854107e-02 9.996438507036007337e-01 -2.167533625086810398e-02 -1.004127999999999965e-01 -9.986708528742888058e-01 1.661044286694076180e-02 4.879160590823294896e-02 4.584024900000000180e+00
4.144135668228234037e-02 2.143943289695654161e-02 9.989108892555874641e-01 3.118870999999999727e-01 1.748547319146648640e-02 9.996010809279617382e-01 -2.217965813354694574e-02 -1.012023999999999979e-01 -9.989879239428284263e-01 1.838558469854592245e-02 4.104994630557068369e-02 4.584868900000000025e+00
3.583106737506491085e-02 2.193585061339677067e-02 9.991170867664259658e-01 3.414413000000000031e-01 1.943771443322800385e-02 9.995546459946887952e-01 -2.264254685419983537e-02 -1.019113999999999992e-01 -9.991688094953602439e-01 2.023185923980037187e-02 3.538872706562168347e-02 4.585676199999999980e+00
2.431516579121797278e-02 2.366115880401956778e-02 9.994242954204167750e-01 4.035931999999999853e-01 2.165555880562406582e-02 9.994728214680455025e-01 -2.418916946735581025e-02 -1.035607000000000055e-01 -9.994697641676618671e-01 2.223125526719686024e-02 2.378995174192222173e-02 4.586970799999999571e+00
1.687901624561253047e-02 2.369130743327830385e-02 9.995768208410408251e-01 4.691532999999999953e-01 2.507506732731851901e-02 9.993947813106338618e-01 -2.411041450495416197e-02 -1.054947999999999997e-01 -9.995430655099913908e-01 2.547141615953367119e-02 1.627473962056091850e-02 4.587945500000000010e+00
1.146514776338020125e-02 2.249350216951793990e-02 9.996812455712640322e-01 5.391586999999999907e-01 2.783452815256243912e-02 9.993523682481382231e-01 -2.280533094173194802e-02 -1.076595000000000052e-01 -9.995467920159057940e-01 2.808712226248177846e-02 1.083162655026170818e-02 4.588428999999999647e+00
1.179592643943838844e-02 2.196318697505617729e-02 9.996891889669177189e-01 6.124479000000000450e-01 3.574858783385435196e-02 9.991103638502289996e-01 -2.237228899661638029e-02 -1.095816000000000012e-01 -9.992911960921702086e-01 3.600137865362442596e-02 1.100027943816861420e-02 4.588535300000000206e+00
2.224219430451560703e-02 2.151473442239876244e-02 9.995210858182300706e-01 7.295523999999999898e-01 4.023746583669673971e-02 9.989390840416992878e-01 -2.239760516152208836e-02 -1.129259999999999986e-01 -9.989425564743753538e-01 4.071636742962746192e-02 2.135289881432345105e-02 4.590835600000000127e+00
3.053599182380261137e-02 1.811902657115832885e-02 9.993694282293461573e-01 8.119891000000000192e-01 4.188314352258205864e-02 9.989343300427228067e-01 -1.939088834384458671e-02 -1.151357999999999965e-01 -9.986557742746013933e-01 4.244885320253438676e-02 2.974456874433106801e-02 4.592964600000000175e+00
4.246381019929783979e-02 1.589847335333877815e-02 9.989715027809307202e-01 9.397634000000000265e-01 3.457289527127382217e-02 9.992511746414484142e-01 -1.737253263767514835e-02 -1.183586999999999972e-01 -9.984996443343980843e-01 3.527504107323949090e-02 4.188235596718181686e-02 4.599031899999999951e+00
4.672346288390624713e-02 2.498331945655548822e-02 9.985953894170890299e-01 1.026721699999999959e+00 2.670394563094407800e-02 9.992986627421226453e-01 -2.625037008396167992e-02 -1.211419999999999997e-01 -9.985508586466066427e-01 2.789294517861216210e-02 4.602354077412029731e-02 4.604337199999999797e+00
4.655448949262991354e-02 2.754652209566797738e-02 9.985358624648956738e-01 1.114338800000000074e+00 2.146589218943716071e-02 9.993612786827542616e-01 -2.857009174087174475e-02 -1.243281999999999998e-01 -9.986850829869202695e-01 2.276452920671199337e-02 4.593344347427796848e-02 4.609354500000000243e+00
4.631214715008670491e-02 2.464143443322851582e-02 9.986230443642993837e-01 1.202173900000000017e+00 1.960622027327739089e-02 9.994807033271302377e-01 -2.557185568746981816e-02 -1.276509000000000116e-01 -9.987345899451687270e-01 2.076351092127619660e-02 4.580497201481081859e-02 4.614008899999999969e+00
4.659506169812561993e-02 2.418960430221349725e-02 9.986209307184834572e-01 1.289776899999999893e+00 1.549989659552703306e-02 9.995688870451285846e-01 -2.493578266048639830e-02 -1.310472000000000026e-01 -9.987935990137681852e-01 1.664040549582187362e-02 4.620003759802349119e-02 4.619076299999999691e+00
4.553025877711518177e-02 2.581859940053098448e-02 9.986292582638882642e-01 1.377080400000000093e+00 8.943147672388549602e-03 9.996153566128687107e-01 -2.625183676311317396e-02 -1.345780000000000032e-01 -9.989229277804161367e-01 1.012614184782092627e-02 4.528184631702902863e-02 4.623798400000000086e+00
3.862975843553867472e-02 2.449976030798640264e-02 9.989532038629553856e-01 1.464216200000000079e+00 3.362994509100379267e-03 9.996905379717698770e-01 -2.464789154563319651e-02 -1.377717999999999998e-01 -9.992479332133461511e-01 4.311616235792518209e-03 3.853541143275318603e-02 4.628032700000000332e+00
2.759259008927929940e-02 1.991632578041911683e-02 9.994208267489590458e-01 1.551033600000000012e+00 -5.113931733843682381e-04 9.998016495801219650e-01 -1.990979592786559088e-02 -1.408144000000000062e-01 -9.996191211902596407e-01 3.826584966121378273e-05 2.759730216049260942e-02 4.631279900000000005e+00
1.140934877257686504e-02 2.101220976998703638e-02 9.997141160357633227e-01 1.636344400000000032e+00 -1.021168888399532140e-03 9.997789138981407753e-01 -2.100191750186609224e-02 -1.439071000000000100e-01 -9.999343898349964954e-01 -7.812587509178885864e-04 1.142828333902556892e-02 4.632570699999999597e+00
-8.608015609659109765e-03 2.045231167472452011e-02 9.997537721931455401e-01 1.721824400000000033e+00 1.072715235913099946e-04 9.997908272297350019e-01 -2.045214610016336115e-02 -1.466668000000000138e-01 -9.999629445934905547e-01 -6.880728252191097016e-05 -8.608408997821892505e-03 4.632088699999999726e+00
-3.082328464448527011e-02 1.893976241495068380e-02 9.993453910052267908e-01 1.806111299999999975e+00 4.229037739627277553e-04 9.998206136440762615e-01 -1.893572509255505437e-02 -1.492703999999999975e-01 -9.995247602116330565e-01 -1.610343071291823330e-04 -3.082576506477852085e-02 4.630079300000000231e+00
-5.278736953175607732e-02 1.972506995632249127e-02 9.984109450687808085e-01 1.889386699999999975e+00 8.726778854889968851e-04 9.998054276043037980e-01 -1.970648031189891486e-02 -1.523552999999999991e-01 -9.986053935620546884e-01 -1.689621060027898108e-04 -5.279431219914443307e-02 4.626193500000000292e+00
-7.417344275288860478e-02 2.195511394890880055e-02 9.970036476170358597e-01 1.971643100000000093e+00 1.319043393352523075e-03 9.997589091819204521e-01 -2.191765580309501527e-02 -1.552491000000000010e-01 -9.972444838226535158e-01 -3.106169134507678203e-04 -7.418451996490016409e-02 4.621044200000000046e+00
-8.332144497934516891e-02 2.278973282215922269e-02 9.962620964808651669e-01 2.011559000000000097e+00 2.362250436548278196e-03 9.997401724597211325e-01 -2.267173004166776057e-02 -1.564377999999999880e-01 -9.965199228211291116e-01 4.643792650750391826e-04 -8.335363082955160596e-02 4.617341999999999835e+00
-1.023663778244202072e-01 2.360889778621960700e-02 9.944665628548946534e-01 2.092129499999999975e+00 3.131549975890032811e-03 9.997210135145160326e-01 -2.341129070036834792e-02 -1.593307999999999947e-01 -9.947418348927811182e-01 7.176927117404485051e-04 -1.024117514317325339e-01 4.609616299999999889e+00
-1.183198205444171563e-01 2.210969106052130401e-02 9.927293597086495058e-01 2.169928800000000102e+00 6.273257540522507794e-03 9.997487721296804963e-01 -2.151833787787699875e-02 -1.622347000000000095e-01 -9.929557222284219886e-01 3.681601065365823489e-03 -1.184287950940492440e-01 4.600346100000000327e+00
-1.271653413023006995e-01 1.878926266110816576e-02 9.917035542843041229e-01 2.245993900000000210e+00 1.227662341042115579e-02 9.997737939415844988e-01 -1.736794361140029525e-02 -1.651506000000000085e-01 -9.918055557865707028e-01 9.966170593661725571e-03 -1.273672444335275378e-01 4.590263400000000438e+00
-1.318911173188142827e-01 1.666228100288467961e-02 9.911241605188403359e-01 2.318483800000000095e+00 1.372161784311487151e-02 9.997936062287255954e-01 -1.498206087050382024e-02 -1.678188999999999931e-01 -9.911692339737763202e-01 1.162382621776833144e-02 -1.320925292660294348e-01 4.580979799999999713e+00
-1.315848899286600204e-01 1.865055376813945856e-02 9.911294434061596048e-01 2.387708700000000128e+00 1.565807702352589939e-02 9.997373690200985763e-01 -1.673372668285864201e-02 -1.696677000000000046e-01 -9.911812353784686946e-01 1.331727558147776519e-02 -1.318423634675107703e-01 4.571675299999999886e+00
-1.233279704302863017e-01 2.076028610564151916e-02 9.921487903688430698e-01 2.453699100000000133e+00 1.669616830320413275e-02 9.996830481286890224e-01 -1.884253826118641867e-02 -1.719266000000000127e-01 -9.922255034383755667e-01 1.424127118431146172e-02 -1.236354986301159142e-01 4.563531900000000086e+00
-1.042519775112749486e-01 2.117220001141118663e-02 9.943255317709919217e-01 2.515404499999999821e+00 1.486236029655882418e-02 9.996949065115841027e-01 -1.972825742964919027e-02 -1.744986000000000037e-01 -9.944398601380600722e-01 1.272131445535550076e-02 -1.045348397766221460e-01 4.557480299999999929e+00
-7.345594837269496524e-02 2.290119997682968714e-02 9.970354851700560239e-01 2.573407399999999789e+00 1.332044471930193472e-02 9.996696608623816260e-01 -2.198032992861697829e-02 -1.767589999999999995e-01 -9.972095012589621277e-01 1.166637008293882130e-02 -7.373673716635364972e-02 4.553946500000000341e+00
-2.773876871805833547e-02 2.828611174081058222e-02 9.992149201210879239e-01 2.628619699999999781e+00 9.484598642941080918e-03 9.995620108382708979e-01 -2.803263950352750250e-02 -1.791635000000000033e-01 -9.995702091892234575e-01 8.699561571641893296e-03 -2.799490185503106243e-02 4.553430999999999784e+00
1.146111746851685986e-01 2.328715149172586388e-02 9.931374462845951046e-01 2.735088800000000209e+00 2.787437765427020625e-03 9.997137332819687749e-01 -2.376303175380477944e-02 -1.836354000000000042e-01 -9.934065174076468496e-01 5.491817807417954944e-03 1.145134538348244746e-01 4.562898599999999583e+00
2.083135798874440336e-01 1.556528828208455714e-02 9.779382261856693903e-01 2.786030100000000065e+00 -4.197689194477392631e-03 9.998783770786330294e-01 -1.502033475078264242e-02 -1.855710999999999888e-01 -9.780530823221734726e-01 -9.761410218826569590e-04 2.083535824237283673e-01 4.575413199999999847e+00
3.146539962393729017e-01 1.380751047417345945e-02 9.491060084653862861e-01 2.834993400000000108e+00 -8.185637404884663071e-03 9.998964865285754344e-01 -1.183264839696636199e-02 -1.868972000000000133e-01 -9.491711426243784056e-01 -4.045847539894174491e-03 3.147344485861303109e-01 4.593521599999999871e+00
3.726781170299776624e-01 1.437678903139741685e-02 9.278493029711974982e-01 2.857595700000000072e+00 -5.898295472133937428e-03 9.998964794314061377e-01 -1.312404401101222723e-02 -1.875889000000000029e-01 -9.279419330957695555e-01 -5.816853326950505165e-04 3.727243357290479508e-01 4.604364399999999691e+00
4.324564252276987264e-01 1.836607212097960545e-02 9.014677629699947570e-01 2.878882200000000058e+00 -4.838895709712438299e-03 9.998254008639939627e-01 -1.804862530677663057e-02 -1.879428999999999961e-01 -9.016418498315117436e-01 3.443135489763222111e-03 4.324697902170842045e-01 4.616800800000000038e+00
4.922057391737273968e-01 2.192030080809945908e-02 8.702028560841011950e-01 2.899170900000000106e+00 -3.461435253778429380e-03 9.997242693833903182e-01 -2.322506559367130269e-02 -1.886024000000000034e-01 -8.704720149381187655e-01 8.419359733903099274e-03 4.921458986837567995e-01 4.630611899999999892e+00
5.509608348990139293e-01 2.615068324237528746e-02 8.341212742601273877e-01 2.918420600000000142e+00 -7.231585749978701114e-03 9.996209937108886390e-01 -2.656262599963387164e-02 -1.892583999999999933e-01 -8.344997678699033195e-01 8.602947077174922380e-03 5.509411281858208609e-01 4.645669899999999686e+00
6.072300383643723931e-01 2.876086477048667156e-02 7.940053483230806730e-01 2.936282900000000140e+00 -1.035022869860130999e-02 9.995461559981813071e-01 -2.829054250356465017e-02 -1.899031999999999942e-01 -7.944586542255609452e-01 8.960730266731995949e-03 6.072521321816807260e-01 4.662286800000000397e+00
6.604326524305866863e-01 2.988651274678438829e-02 7.502902824636183965e-01 2.952946900000000152e+00 -1.170024637415300293e-02 9.994958808839939923e-01 -2.951420557482501220e-02 -1.905302000000000107e-01 -7.507941234707982137e-01 1.071356391520611115e-02 6.604493952680635660e-01 4.679830599999999841e+00
7.100917884077388997e-01 2.868853023797152818e-02 7.035244276275587350e-01 2.968436200000000191e+00 -1.211507576914245404e-02 9.995195012632157594e-01 -2.853053686211490941e-02 -1.911035000000000095e-01 -7.040048841982611272e-01 1.173604819850163940e-02 7.100981539179462843e-01 4.698548299999999678e+00
7.560500378830128376e-01 2.425264233697783586e-02 6.540643313595152497e-01 2.982366100000000131e+00 -1.305439784534856776e-02 9.996732246283207557e-01 -2.197786746048208811e-02 -1.921370000000000022e-01 -6.543836206033816216e-01 8.077951528066312781e-03 7.561195829927431777e-01 4.718356100000000275e+00
7.984638413695591685e-01 1.820944982516362748e-02 6.017673221124858474e-01 2.995829800000000098e+00 -1.207058110626626178e-02 9.998257657736280279e-01 -1.423865046046294408e-02 -1.928468999999999878e-01 -6.019217516397995515e-01 4.105366273920270197e-03 7.985445202808872933e-01 4.739433299999999960e+00
8.363651387112756019e-01 1.575132119792777008e-02 5.479463939373890868e-01 3.007994699999999799e+00 -1.374681005013025925e-02 9.998753968676534765e-01 -7.759893826473496757e-03 -1.931221999999999939e-01 -5.480003466804691525e-01 -1.042410318547859656e-03 8.364774554157532460e-01 4.761581399999999853e+00
8.952635215034069338e-01 1.220012547980485994e-02 4.453699406152102913e-01 3.027958599999999834e+00 -1.634697620351163380e-02 9.998514122094361856e-01 5.470820029765146447e-03 -1.938895999999999953e-01 -4.452370193889101380e-01 -1.217827742635515034e-02 8.953299314356725214e-01 4.807879400000000025e+00
9.324492214383787170e-01 2.004260241983936430e-02 3.607447068595761586e-01 3.043315600000000121e+00 -2.619881815035778744e-02 9.995825151288414423e-01 1.218266704067562725e-02 -1.945952999999999988e-01 -3.603499290502022445e-01 -2.081080337083915030e-02 9.325850304913618771e-01 4.856555499999999803e+00
9.616790469840560407e-01 2.001162086731408940e-02 2.734464218491449161e-01 3.063866599999999885e+00 -2.410708934713828161e-02 9.996417889895902187e-01 1.162505694181605043e-02 -1.940637000000000056e-01 -2.731158340980008870e-01 -1.777157100411364682e-02 9.618169848931754640e-01 4.933048199999999994e+00
9.692421569001641313e-01 2.055111640867562928e-02 2.452494503599849940e-01 3.076794899999999888e+00 -2.423282056892343828e-02 9.996342753835170125e-01 1.200357803929077635e-02 -1.939883000000000024e-01 -2.449130696692033149e-01 -1.757745979452224674e-02 9.693856927004751434e-01 4.987357600000000168e+00
