9.998812337940049533e-01 -2.822255897937132278e-03 1.515101244884458492e-02 5.319580000000000142e-02 2.792774915198067542e-03 9.999941664001326114e-01 1.966614852235893177e-03 -5.656110000000000304e-02 -1.515647435426606404e-02 -1.924067917344252868e-03 9.998832828124480931e-01 5.263094000000000383e-01
9.999566142985927275e-01 -1.891759670402085860e-03 9.120897206134723212e-03 5.436429999999999735e-02 1.878198311178718187e-03 9.999971183978511036e-01 1.495181292754421340e-03 -5.656329999999999691e-02 -9.123699447007305174e-03 -1.477985569536307241e-03 9.999572859212821907e-01 5.685982000000000536e-01
9.999839786652535700e-01 -2.953541687113917912e-03 4.828975493023453767e-03 5.438690000000000191e-02 2.947633618623035027e-03 9.999948991152415312e-01 1.230121761562790730e-03 -5.682100000000000345e-02 -4.832584076878963276e-03 -1.215868002863527064e-03 9.999875838209889567e-01 6.111452000000000551e-01
9.999990945747870841e-01 -1.270691942324496653e-03 4.429352028132271368e-04 5.405829999999999663e-02 1.270507305222240424e-03 9.999991060101259821e-01 4.168814415770348341e-04 -5.736639999999999795e-02 -4.434645347223575059e-04 -4.163183117111524893e-04 9.999998150091178317e-01 6.541521999999999615e-01
9.999884483586096717e-01 1.852364313271896495e-03 -4.435301093624053823e-03 5.338230000000000058e-02 -1.854824740182034947e-03 9.999981281820987666e-01 -5.506881893745837466e-04 -5.727569999999999883e-02 4.434272716398332537e-03 5.589085342207125847e-04 9.999900123734871693e-01 6.981433999999999696e-01
9.999598486543219700e-01 2.116251588392180881e-03 -8.707614968522821644e-03 5.273690000000000322e-02 -2.110505785983744602e-03 9.999975491021622087e-01 6.689955125968110542e-04 -5.700090000000000018e-02 8.709009389864285147e-03 -6.505911797535417554e-04 9.999618642161129944e-01 7.430902000000000340e-01
9.999134272460723505e-01 1.016069520154060752e-03 -1.311890299315505645e-02 5.203130000000000255e-02 -9.686843382649205610e-04 9.999929864657716161e-01 3.617826684624182634e-03 -5.743020000000000069e-02 1.312248694670332255e-02 -3.604805403540175656e-03 9.999073985696557143e-01 7.885952999999999991e-01
9.998696572822238782e-01 3.283556942613223236e-04 -1.614189049852316621e-02 5.060119999999999896e-02 -2.232234135394746779e-04 9.999787562897823889e-01 6.514379513641422627e-03 -5.768240000000000173e-02 1.614368661848693265e-02 -6.509927163812928054e-03 9.998484896376480524e-01 8.345879000000000492e-01
9.998240944019594068e-01 2.032274350544981210e-03 -1.864537782577057115e-02 4.926590000000000136e-02 -1.924335218714874878e-03 9.999812982808633510e-01 5.805172046118035542e-03 -5.785409999999999858e-02 1.865682682740110385e-02 -5.768270926641158591e-03 9.998093067496667263e-01 8.810582999999999609e-01
9.997803995321176140e-01 1.411829260870695133e-03 -2.090835836543319601e-02 4.809589999999999699e-02 -1.294011523332898143e-03 9.999832159699804102e-01 5.647416445868936978e-03 -5.791600000000000220e-02 2.091598062670533067e-02 -5.619120613916253788e-03 9.997654461112114310e-01 9.280969999999999498e-01
9.997384480304005727e-01 -1.589667614980250004e-03 -2.281465508483427468e-02 4.716499999999999859e-02 1.706506123718462336e-03 9.999855252998756105e-01 5.102649074884762354e-03 -5.795159999999999895e-02 2.280621333355852681e-02 -5.140247815581845681e-03 9.997266898936821855e-01 9.758166000000000340e-01
9.996868241261691601e-01 -1.501676252833302871e-03 -2.497996471105094762e-02 4.599430000000000185e-02 1.648463432902526511e-03 9.999814909838959931e-01 5.856642206478845751e-03 -5.801230000000000275e-02 2.497070757595902524e-02 -5.895986605819481148e-03 9.996707963650333095e-01 1.024032099999999890e+00
9.996466438135470645e-01 -3.283229881296985831e-03 -2.637817116211770355e-02 4.461670000000000219e-02 3.430950805397767461e-03 9.999786749698703625e-01 5.556814021850177247e-03 -5.816169999999999674e-02 2.635936434898155864e-02 -5.645352694832176353e-03 9.996365909189541821e-01 1.072707800000000100e+00
9.996013970946419080e-01 -1.050616738440310512e-03 -2.821246410558807607e-02 4.292819999999999969e-02 1.149160486033762481e-03 9.999932951751636656e-01 3.476928945982012131e-03 -5.855080000000000007e-02 2.820862202620902717e-02 -3.507963680966207261e-03 9.995959022696099261e-01 1.121498300000000059e+00
9.995577279355094547e-01 -5.273795630591354699e-04 -2.973332129444310190e-02 4.143059999999999798e-02 5.509010529962470558e-04 9.999995417912280748e-01 7.828954999845702707e-04 -5.872229999999999811e-02 2.973289478728775859e-02 -7.989293651856962247e-04 9.995575604633469835e-01 1.171286000000000049e+00
9.994999636926652498e-01 3.678664129679009177e-03 -3.140525447408321763e-02 3.917640000000000011e-02 -3.705611849998015263e-03 9.999928142707482648e-01 -7.999047980423873178e-04 -5.905420000000000114e-02 3.140208622333976601e-02 9.158804997323208383e-04 9.995064132579301042e-01 1.221388900000000000e+00
9.994556182436131753e-01 4.533065305434812176e-03 -3.267902202045813720e-02 3.745140000000000274e-02 -4.548497933709186661e-03 9.999895763572791418e-01 -3.979237819703513234e-04 -5.943049999999999722e-02 3.267687757151786776e-02 5.463476236587049527e-04 9.994658189135084969e-01 1.272004200000000029e+00
9.994201531976900643e-01 3.710002431363212949e-03 -3.384661377841237384e-02 3.535510000000000042e-02 -3.660927376654157968e-03 9.999921560308987489e-01 1.511782860538194448e-03 -6.013349999999999945e-02 3.385195700470799984e-02 -1.386996263092294844e-03 9.994258958263576575e-01 1.323006700000000091e+00
9.993518918204541412e-01 3.887559335088872949e-03 -3.578663433875309274e-02 3.060859999999999970e-02 -3.784389494668922126e-03 9.999884872877268238e-01 2.950201375591052569e-03 -6.078419999999999657e-02 3.579769142042679708e-02 -2.812858762907088743e-03 9.993550986083714616e-01 1.426165300000000080e+00
9.992554683078767042e-01 2.417779124253749759e-03 -3.850536846872559121e-02 2.663899999999999949e-02 -2.364529390187746459e-03 9.999961843332578759e-01 1.428397594460973372e-03 -6.149609999999999799e-02 3.850867509495674995e-02 -1.336287031758634372e-03 9.992573723918176665e-01 1.530438500000000035e+00
9.992526147196845177e-01 3.545013533754719746e-03 -3.849214017067955490e-02 2.140529999999999863e-02 -3.300472496223248731e-03 9.999739789164826531e-01 6.414699621926559132e-03 -6.205709999999999699e-02 3.851387876046011988e-02 -6.282863119897387667e-03 9.992383133036087939e-01 1.636853200000000008e+00
9.993302411936784146e-01 3.537344338289998870e-03 -3.642191964760804757e-02 1.765349999999999905e-02 -3.069012861925706458e-03 9.999119991906041394e-01 1.290639510872875102e-02 -6.215989999999999710e-02 3.646436885286490071e-02 -1.278597159709228027e-02 9.992531554788709469e-01 1.744719499999999979e+00
9.994434896895303400e-01 3.962320678590389687e-03 -3.312115535505702479e-02 1.330689999999999998e-02 -3.609318159599033023e-03 9.999361224696223793e-01 1.071091979426561959e-02 -6.202900000000000080e-02 3.316147975643722601e-02 -1.058541426947558727e-02 9.993939489836363155e-01 1.853096700000000041e+00
9.995104250631289267e-01 4.430913985048246830e-03 -3.097220029930827095e-02 9.358099999999999405e-03 -4.338003350316131136e-03 9.999858894846762603e-01 3.066359155985756701e-03 -6.217310000000000197e-02 3.098535003926877751e-02 -2.930500434730478991e-03 9.995155427756720057e-01 1.962973499999999927e+00
9.995380396207700358e-01 -6.297287994832631466e-05 -3.039248896494690932e-02 6.156799999999999599e-03 3.393764701999660511e-04 9.999586329816717578e-01 9.089397616880108555e-03 -6.253010000000000512e-02 3.039065933275392206e-02 -9.095513170935556890e-03 9.994967130838788849e-01 2.074332000000000065e+00
9.994200602019261970e-01 -1.026995255654772343e-02 -3.246646485936509341e-02 3.844699999999999940e-03 1.064865748033815007e-02 9.998770187921420804e-01 1.151318310480449643e-02 -6.263119999999999798e-02 3.234423225004062763e-02 -1.185223041560432532e-02 9.994065115228791818e-01 2.186352700000000038e+00
9.993039669680018333e-01 -1.234442301434790501e-02 -3.520222752124484156e-02 -2.187000000000000033e-04 1.248280873491373899e-02 9.999151889168491625e-01 3.714089318979414342e-03 -6.246469999999999800e-02 3.515339369253289714e-02 -4.150926863320228768e-03 9.993733079875973813e-01 2.298205100000000112e+00
9.992119525471150343e-01 -1.120003436153268681e-02 -3.807930037805872664e-02 -4.975399999999999615e-03 1.137465824245251916e-02 9.999257475884262281e-01 4.372237367087065778e-03 -6.290959999999999608e-02 3.802750368942647147e-02 -4.801930864478634771e-03 9.992651552131313064e-01 2.413010400000000111e+00
9.991480727867898537e-01 -7.961526307673962716e-03 -4.049373711199986264e-02 -1.005110000000000031e-02 8.324839957090327675e-03 9.999265254473366227e-01 8.811398669092909350e-03 -6.381199999999999373e-02 4.042060967046850334e-02 -9.140995879502152380e-03 9.991409392614230001e-01 2.527773600000000176e+00
9.991156588271642436e-01 -7.306902476690909504e-03 -4.140663548946911521e-02 -1.531590000000000035e-02 7.912124395857011647e-03 9.998639767982356874e-01 1.447156483459046891e-02 -6.387180000000000635e-02 4.129526091340408878e-02 -1.478638148477846512e-02 9.990375690376616102e-01 2.643887499999999946e+00
9.991218173397427016e-01 -1.425710761946035951e-03 -4.187554733437164750e-02 -2.142509999999999901e-02 2.095403085202819649e-03 9.998705486338773651e-01 1.595290758763673322e-02 -6.357549999999999313e-02 4.184738225553005092e-02 -1.602664417189158391e-02 9.989954670942943205e-01 2.759169800000000006e+00
9.991347201714185777e-01 1.112318118959875314e-03 -4.157611930403244671e-02 -2.703010000000000135e-02 -6.172770391185320414e-04 9.999287899378997979e-01 1.191780274984815050e-02 -6.309889999999999943e-02 4.158641505393176341e-02 -1.188182653170566372e-02 9.990642583343838368e-01 2.873291299999999993e+00
9.990856570210334686e-01 6.888965218015955698e-04 -4.274781113030330648e-02 -2.933260000000000034e-02 -1.660919849815852738e-04 9.999251685960974800e-01 1.223231873025169142e-02 -6.339659999999999740e-02 4.275303905340950561e-02 -1.221403412669995470e-02 9.990110084588904593e-01 2.930368200000000201e+00
9.990373780561044859e-01 -1.744266207644480779e-03 -4.383234858162296521e-02 -3.189809999999999868e-02 2.332660324583015702e-03 9.999078139849443270e-01 1.337618135568328752e-02 -6.327399999999999691e-02 4.380497623095065685e-02 -1.346555113045442599e-02 9.989493495619079511e-01 2.986945200000000078e+00
9.989925701369221089e-01 -1.063891032770434338e-03 -4.486326946508872177e-02 -3.450109999999999982e-02 1.706539724318896067e-03 9.998964544418798006e-01 1.428874090768751139e-02 -6.323810000000000542e-02 4.484342240949159425e-02 -1.435090695489632008e-02 9.988909444659991310e-01 3.043724800000000119e+00
9.989986396070410501e-01 1.512679517296894403e-03 -4.471498478093544754e-02 -3.776129999999999765e-02 -1.022647554236325463e-03 9.999391966452998437e-01 1.097985447682463256e-02 -6.363040000000000362e-02 4.472887496082538633e-02 -1.092313201560714958e-02 9.989394440764207683e-01 3.099936500000000095e+00
9.989497218467999762e-01 1.892275481854267978e-03 -4.578070025351037298e-02 -4.040889999999999760e-02 -1.585991424524632598e-03 9.999761248988490170e-01 6.725642235711148074e-03 -6.364010000000000500e-02 4.579233400256342568e-02 -6.645970642593941775e-03 9.989288729538332579e-01 3.155752699999999855e+00
9.989213153234840492e-01 1.663810496508399007e-03 -4.640514548013405932e-02 -4.588729999999999892e-02 -1.251374330250608086e-03 9.999594743880487746e-01 8.915359996252739463e-03 -6.413299999999999557e-02 4.641809835275770985e-02 -8.847672926193773588e-03 9.988829154756351247e-01 3.268011299999999952e+00
9.989146411368416967e-01 -1.714905916947632807e-04 -4.657800246287581436e-02 -4.849030000000000007e-02 7.254501099775640446e-04 9.999292085664529539e-01 1.187651370583977552e-02 -6.425980000000000580e-02 4.657266842894702830e-02 -1.189741344343494926e-02 9.988440509452730653e-01 3.323605999999999838e+00
9.988964415082322024e-01 -2.129801802925111124e-03 -4.691868589880717616e-02 -5.098289999999999766e-02 2.723961246859065311e-03 9.999168649278830090e-01 1.260330384935719542e-02 -6.446179999999999966e-02 4.688794277121017401e-02 -1.271720004851181057e-02 9.988191996781047299e-01 3.378895299999999935e+00
9.988372372111183894e-01 -7.855355900654161991e-03 -4.756539649928478997e-02 -5.587779999999999830e-02 8.341721250600757018e-03 9.999148502225808643e-01 1.003533711097814689e-02 -6.483709999999999474e-02 4.748251517177023984e-02 -1.042044567318295249e-02 9.988177136319393856e-01 3.488865399999999894e+00
9.987742827905546905e-01 -9.177481883888937222e-03 -4.863852241263049575e-02 -5.851920000000000038e-02 9.742797503665927630e-03 9.998875698833588066e-01 1.139848628344258645e-02 -6.522189999999999932e-02 4.852844457651233484e-02 -1.185839023738712202e-02 9.987514048290306867e-01 3.543698500000000084e+00
9.986318848955014760e-01 -1.373950059022738257e-02 -5.045378671208933935e-02 -6.350920000000000176e-02 1.478719076950020528e-02 9.996814949193995048e-01 2.045110522345844339e-02 -6.487829999999999986e-02 5.015672895239749879e-02 -2.116919552665388199e-02 9.985169841828179793e-01 3.652764100000000180e+00
9.985745374697589938e-01 -1.040998528297273733e-02 -5.235002696718783766e-02 -6.947659999999999947e-02 1.141801477366470065e-02 9.997544078222796449e-01 1.899349832314827999e-02 -6.485090000000000299e-02 5.213944817204510529e-02 -1.956415718428353503e-02 9.984481567402402336e-01 3.760852600000000212e+00
9.984896827466770430e-01 -6.520498938456374682e-03 -5.455122860242439531e-02 -7.567920000000000202e-02 6.864377518668744738e-03 9.999577195419506737e-01 6.118778451849502323e-03 -6.467140000000000388e-02 5.450902466309198724e-02 -6.483997382418654060e-03 9.984922253118565516e-01 3.865835899999999992e+00
9.984189986762374014e-01 7.733887276787616101e-04 -5.620413643332092951e-02 -8.256420000000000425e-02 -2.401990357503213996e-04 9.999549135181367010e-01 9.492799131929643974e-03 -6.563479999999999315e-02 5.620894401038573768e-02 -9.464290824559386250e-03 9.983741692433881765e-01 3.969497699999999796e+00
9.982839850343995236e-01 3.877735863603001820e-03 -5.842985870606746263e-02 -8.889539999999999942e-02 -3.254300949292395460e-03 9.999368012591952626e-01 1.076118083018938291e-02 -6.608740000000000447e-02 5.846789502941177746e-02 -1.055256613818307022e-02 9.982335140630818060e-01 4.069536699999999563e+00
9.980992055763507897e-01 6.669510122682320921e-03 -6.126576093203102424e-02 -9.543840000000000656e-02 -5.911066098805884891e-03 9.999037425331551709e-01 1.255248842919851927e-02 -6.714009999999999423e-02 6.134358259372278688e-02 -1.216648276672650276e-02 9.980425549903441107e-01 4.165780500000000330e+00
9.979217507072323246e-01 5.679958457529745569e-03 -6.418658377989307218e-02 -1.015017000000000003e-01 -4.794745817062262896e-03 9.998913810709904038e-01 1.393687455986004388e-02 -6.728159999999999696e-02 6.425877277043391678e-02 -1.360015190607246315e-02 9.978405914724904902e-01 4.260555300000000045e+00
9.977407313591272198e-01 1.026926136881233832e-02 -6.639258435919587198e-02 -1.084944000000000047e-01 -8.913697397384666779e-03 9.997463787185933981e-01 2.068149505637025334e-02 -6.740880000000000483e-02 6.658812946510647701e-02 -2.004296659673482708e-02 9.975792201646646040e-01 4.351591599999999893e+00
9.974068922230552303e-01 1.628761638162137468e-02 -7.010139013280460019e-02 -1.193870999999999960e-01 -1.553727519890483674e-02 9.998161594045613665e-01 1.123567856901731832e-02 -6.774850000000000316e-02 7.027150507382086408e-02 -1.011735865322157049e-02 9.974765935241498571e-01 4.479964700000000022e+00
9.971510535610740300e-01 1.936532960517022006e-02 -7.290240319305868466e-02 -1.286218000000000083e-01 -1.880837574809150758e-02 9.997885010117621984e-01 8.318548333226649660e-03 -6.915369999999999850e-02 7.304807583885272737e-02 -6.923673442381756207e-03 9.973043875178252415e-01 4.599658999999999942e+00
9.971336482403327928e-01 8.595559502088175735e-03 -7.517049889265303708e-02 -1.364864000000000077e-01 -8.501371800208015056e-03 9.999626256604832175e-01 1.572882610622924025e-03 -6.989449999999999830e-02 7.518120925097518392e-02 -9.293218162906466103e-04 9.971694550759779840e-01 4.708456499999999600e+00
9.976952855659243502e-01 1.206639694789127075e-02 -6.677214407389343853e-02 -1.440400000000000014e-01 -1.212884625514417010e-02 9.999263024118624221e-01 -5.299372225249146919e-04 -7.127989999999999327e-02 6.676082869503595363e-02 1.338584938157596615e-03 9.977681093031163240e-01 4.808487900000000259e+00
9.983774170615833388e-01 6.669458323672864189e-03 -5.655131675840961714e-02 -1.468504999999999949e-01 -6.299208585218766393e-03 9.999575605317974070e-01 6.722879330816069164e-03 -7.208470000000000155e-02 5.659375471411219605e-02 -6.355742361486852766e-03 9.983770587640690142e-01 4.871546699999999674e+00
9.992855361766385114e-01 5.763571904820661423e-03 -3.735235504042525717e-02 -1.490206000000000031e-01 -5.400301293150300622e-03 9.999372089021950627e-01 9.819113953469519457e-03 -7.273680000000000423e-02 3.740660281435911200e-02 -9.610384580545285049e-03 9.992539149656121111e-01 4.931551899999999655e+00
9.989654966224994492e-01 1.083441613244274376e-02 4.416505388689372785e-02 -1.460641000000000023e-01 -1.134187903528713001e-02 9.998723262361575159e-01 1.125579881856237849e-02 -7.327569999999999917e-02 -4.403746515993032379e-02 -1.174506935544019498e-02 9.989608375747889291e-01 5.042279699999999920e+00
9.942592658158028174e-01 9.102014669146115539e-03 1.066098760358693137e-01 -1.390035000000000021e-01 -1.073527108758661266e-02 9.998334921972107381e-01 1.475607791407233631e-02 -7.415739999999999832e-02 -1.064578146220219873e-01 -1.581585311302540625e-02 9.941914264849655014e-01 5.093561600000000134e+00
9.826106152178674114e-01 9.381500822446915341e-03 1.854410049139150751e-01 -1.284678999999999960e-01 -1.231129255843946453e-02 9.998168316296464075e-01 1.465384814975000637e-02 -7.401789999999999758e-02 -1.852695628987793830e-01 -1.668204520956128104e-02 9.825461304340481483e-01 5.142305399999999693e+00
9.602961808379320008e-01 1.110447830743159503e-02 2.787614313882061379e-01 -1.131592000000000015e-01 -1.516017264984525353e-02 9.998082188628863998e-01 1.239736502042346547e-02 -7.450189999999999590e-02 -2.785703039329724962e-01 -1.613121370952962444e-02 9.602803599527321987e-01 5.188346400000000358e+00
9.224123546858740141e-01 1.238936365559293110e-02 3.860077092378734753e-01 -9.263860000000000150e-02 -1.645315182216326028e-02 9.998385275266822303e-01 7.225833404706246896e-03 -7.521440000000000070e-02 -3.858558561405775467e-01 -1.301624145001911877e-02 9.224672545627495834e-01 5.230574599999999741e+00
8.661018420671654505e-01 1.373394222035735808e-02 4.996788748776065936e-01 -6.796499999999999764e-02 -1.730207717678814566e-02 9.998471607285335239e-01 2.508646738522774845e-03 -7.525070000000000370e-02 -4.995680507130449421e-01 -1.081822601807337636e-02 8.662070934208462303e-01 5.268775500000000278e+00
7.935396017102436250e-01 1.195882985406695846e-02 6.084010904872453329e-01 -3.774559999999999721e-02 -1.408646906980710357e-02 9.998999599981572839e-01 -1.281165418233688041e-03 -7.613570000000000060e-02 -6.083555472802834041e-01 -7.553567647475396829e-03 7.936286736938766850e-01 5.301962900000000367e+00
7.085940056013702026e-01 1.022615033113190124e-02 7.055423169982156795e-01 -4.163599999999999940e-03 -1.533229561522588859e-02 9.998820427143260137e-01 9.062938784193527372e-04 -7.686990000000000489e-02 -7.054498252441295802e-01 -1.145977778282922591e-02 7.086672121357071585e-01 5.331274500000000138e+00
6.152562752939705337e-01 7.857249625729544745e-03 7.882880053252803165e-01 3.296380000000000143e-02 -1.178822356084821554e-02 9.999302229886435356e-01 -7.661195475172537586e-04 -7.759420000000000206e-02 -7.882390205367084679e-01 -8.821155377874145831e-03 6.153059675650236482e-01 5.355328100000000369e+00
5.200500851323749396e-01 7.861169830075660434e-03 8.540995907754037608e-01 7.216619999999999979e-02 -8.791491288161106324e-03 9.999539402372550345e-01 -3.850595397925324695e-03 -7.841839999999999922e-02 -8.540905213352619763e-01 -5.506306647022535250e-03 5.200952431549139554e-01 5.375039100000000403e+00
4.256319699723694061e-01 1.260018278684733872e-02 9.048086325467822322e-01 1.125953999999999983e-01 -1.384718568732310265e-02 9.998766644972779671e-01 -7.410212030612713108e-03 -7.947529999999999872e-02 -9.047904075452949391e-01 -9.375030001865552326e-03 4.257539515101219640e-01 5.391788000000000025e+00
3.432695529351843522e-01 3.051571197934916171e-03 9.392319745094405148e-01 1.554538000000000031e-01 8.371882877228601152e-03 9.999450552153220650e-01 -6.308575712192115471e-03 -8.002819999999999379e-02 -9.391996196787818496e-01 1.002868204952314657e-02 3.432251446668511674e-01 5.402520700000000176e+00
2.742667792078087863e-01 3.829000346574015518e-03 9.616460224944107793e-01 1.991737000000000091e-01 9.504111015577418678e-03 9.999324417468450354e-01 -6.692071129023514919e-03 -8.053810000000000136e-02 -9.616066793116500033e-01 1.097500335026218438e-02 2.742118589789345195e-01 5.412557600000000413e+00
2.428458647103144408e-01 1.134147060176332253e-02 9.699985861008709742e-01 2.214272999999999936e-01 -1.355097867483363340e-03 9.999346431280939917e-01 -1.135223247034791716e-02 -8.128069999999999740e-02 -9.700639410383570249e-01 1.442399695166979127e-03 2.428453618668682257e-01 5.418156100000000031e+00
2.143335536710256894e-01 1.545913297348230561e-02 9.766381842721786333e-01 2.442307999999999979e-01 -5.933642075919742971e-03 9.998769038022513600e-01 -1.452477657446951329e-02 -8.222630000000000217e-02 -9.767425042775933486e-01 -2.681874443663540691e-03 2.143988989873875095e-01 5.422664600000000057e+00
1.884353399404361806e-01 1.717988495222131512e-02 9.819353207897966174e-01 2.677754999999999996e-01 -5.149828132996274108e-03 9.998505198609711764e-01 -1.650506600854172168e-02 -8.317049999999999443e-02 -9.820720960966832225e-01 -1.946660415727115290e-03 1.884956460544725543e-01 5.426018199999999680e+00
1.649749517951446254e-01 1.864011091883981466e-02 9.861216007902486869e-01 2.919927999999999968e-01 2.438726684823127461e-03 9.998106309897272226e-01 -1.930685816180960010e-02 -8.375849999999999962e-02 -9.862947418963288193e-01 5.590029056887910013e-03 1.648982525158975143e-01 5.428567900000000002e+00
1.448957635925688381e-01 2.510042089683067051e-02 9.891284985095353255e-01 3.167897000000000074e-01 9.404508395343194604e-03 9.995980827399348900e-01 -2.674375075579555130e-02 -8.380749999999999311e-02 -9.894022300938926096e-01 1.317732345539647174e-02 1.446014703652197531e-01 5.430633099999999658e+00
1.250388325316771077e-01 3.189214255675265619e-02 9.916391388011343011e-01 3.419671000000000238e-01 1.149756859022142176e-02 9.993695425625542805e-01 -3.359052418203901935e-02 -8.388940000000000285e-02 -9.920852263165844676e-01 1.560155894296337206e-02 1.245933187732025660e-01 5.432901900000000062e+00
1.072205201960503146e-01 3.245802279519593297e-02 9.937053068214514173e-01 3.683681999999999790e-01 8.831797344573649733e-03 9.993964428890429463e-01 -3.359686438333597813e-02 -8.471720000000000639e-02 -9.941960367073250371e-01 1.237847716621187817e-02 1.068691438091127210e-01 5.435551600000000150e+00
9.170648010479395817e-02 2.796461590495272903e-02 9.953933402248967832e-01 3.959149000000000140e-01 7.264379152128117023e-03 9.995602090168266285e-01 -2.875095382369359520e-02 -8.600270000000000137e-02 -9.957595845897356801e-01 9.867563403723316265e-03 9.146300284896813348e-02 5.437830899999999801e+00
7.723945333525804313e-02 2.467670146173606832e-02 9.967071421703762590e-01 4.242088999999999999e-01 7.615010208814774681e-03 9.996498948009308050e-01 -2.533968121361411530e-02 -8.728569999999999385e-02 -9.969834895663970409e-01 9.547158187455278763e-03 7.702449806752109662e-02 5.439572799999999653e+00
5.249750541814784260e-02 2.149225270135736790e-02 9.983897510485032489e-01 4.835662000000000016e-01 1.375979348969422027e-02 9.996578984013944069e-01 -2.224307188380738112e-02 -8.915059999999999651e-02 -9.985262540404195031e-01 1.490534258339105619e-02 5.218381697882246151e-02 5.441614200000000068e+00
4.230689709636627910e-02 2.223142721479705666e-02 9.988572921604321753e-01 5.142198999999999520e-01 1.686433515453002532e-02 9.995940852428041312e-01 -2.296211983674893015e-02 -9.005570000000000241e-02 -9.989623219410597166e-01 1.781652018758761447e-02 4.191480586298979016e-02 5.442422900000000396e+00
3.457406665027191323e-02 2.291583779513108737e-02 9.991393788122904240e-01 5.457311000000000245e-01 1.896153443252220072e-02 9.995420883853360916e-01 -2.358121621641419419e-02 -9.087670000000000470e-02 -9.992222446118914636e-01 1.976051427539886329e-02 3.412371533618407948e-02 5.443125199999999886e+00
2.343441190013452816e-02 2.443601332789636926e-02 9.994266904538487983e-01 6.120044000000000040e-01 2.154707344484640963e-02 9.994566630520349548e-01 -2.494197880789379360e-02 -9.258760000000000601e-02 -9.994931475327165638e-01 2.211922090693746804e-02 2.289515454441992670e-02 5.444281600000000054e+00
1.742358491374743773e-02 2.500477605399138020e-02 9.995354820431555654e-01 6.467878999999999712e-01 2.254108465334454803e-02 9.994233330182431541e-01 -2.539489951459713082e-02 -9.377739999999999687e-02 -9.995940767088430379e-01 2.297308410282498589e-02 1.684990253385287851e-02 5.444674499999999639e+00
1.023292001860924734e-02 2.509410366946467769e-02 9.996327192068688028e-01 7.200841999999999521e-01 2.652074496180074209e-02 9.993265866758068716e-01 -2.535790309848516555e-02 -9.581169999999999964e-02 -9.995958870636492133e-01 2.677048979580318872e-02 9.560514710460488175e-03 5.445088900000000010e+00
6.834895551526265316e-03 2.454738553782890437e-02 9.996753023187363585e-01 7.581425999999999998e-01 2.669567176679327192e-02 9.993378720701479034e-01 -2.472162120954713577e-02 -9.706720000000000625e-02 -9.996202405472387476e-01 2.685597344290246991e-02 6.175061029233153143e-03 5.445559499999999886e+00
3.758956444797042010e-03 2.369818965027621627e-02 9.997120915812439668e-01 8.375924000000000147e-01 3.350995902090987688e-02 9.991547027825458116e-01 -2.381097549323596060e-02 -9.955239999999999922e-02 -9.994313147449717105e-01 3.358981564138278919e-02 2.961653645323192308e-03 5.445153200000000027e+00
7.488571117357525897e-03 2.362368312489611724e-02 9.996928742860151651e-01 9.220722000000000085e-01 3.876718763010020274e-02 9.989624852794865006e-01 -2.389682337643068977e-02 -1.017350000000000060e-01 -9.992202091960873389e-01 3.893423429125346391e-02 6.564977858370735220e-03 5.444908100000000140e+00
1.571848606689374428e-02 2.306445511598820969e-02 9.996104041605250456e-01 1.009540899999999963e+00 4.173870149312641081e-02 9.988473558790048612e-01 -2.370317386318421954e-02 -1.043005999999999933e-01 -9.990049098945575912e-01 4.209501827678920755e-02 1.473768783914997105e-02 5.445997700000000386e+00
2.371551308324190352e-02 1.978863467232803985e-02 9.995228783659750871e-01 1.101437599999999906e+00 4.298642725072755744e-02 9.988592079391049872e-01 -2.079542708101349280e-02 -1.069525000000000059e-01 -9.987941437110134935e-01 4.345909171932817172e-02 2.283781590946321050e-02 5.448187400000000125e+00
3.196077897889996328e-02 1.653310563349309065e-02 9.993523728020931030e-01 1.196409499999999904e+00 3.932418236139578055e-02 9.990681984212455014e-01 -1.778605029045205246e-02 -1.094958000000000042e-01 -9.987152333316388075e-01 3.986717097360382989e-02 3.128084701365752007e-02 5.451777899999999732e+00
3.890393283296238874e-02 2.143220942146733740e-02 9.990130852043144216e-01 1.292872299999999974e+00 3.449191282837853201e-02 9.991453645753247681e-01 -2.277824394198841099e-02 -1.123659000000000047e-01 -9.986474813264027972e-01 3.534403552164865070e-02 3.813144625471931448e-02 5.456499100000000269e+00
4.013523599523094454e-02 2.967239047394800919e-02 9.987535792552481029e-01 1.390427700000000044e+00 2.559652783673230583e-02 9.992004060091863593e-01 -3.071427019775211861e-02 -1.156919000000000003e-01 -9.988663477134019919e-01 2.679734827625105190e-02 3.934363393296047562e-02 5.461327999999999960e+00
4.002813654732403914e-02 2.718450709007170021e-02 9.988286894452014231e-01 1.488293099999999924e+00 2.078597845840619504e-02 9.993908668880506774e-01 -2.803280721364391145e-02 -1.195954999999999935e-01 -9.989823278637492976e-01 2.188373265739860032e-02 3.943869750516681982e-02 5.466302400000000006e+00
4.037708489057625916e-02 2.534894558011428073e-02 9.988629145051465263e-01 1.586335999999999968e+00 1.860466650617248474e-02 9.994857571049815537e-01 -2.611680930887105845e-02 -1.235514999999999947e-01 -9.990112899261617274e-01 1.963803203628700783e-02 3.988471258274861597e-02 5.470740799999999737e+00
4.056018912326340292e-02 2.610421953173584081e-02 9.988360429925042805e-01 1.684073600000000059e+00 1.422733192360645105e-02 9.995422307569766796e-01 -2.670041122721293278e-02 -1.275307999999999997e-01 -9.990757999694619418e-01 1.529374564996066263e-02 4.017022852030682767e-02 5.475409499999999596e+00
3.651522282787117435e-02 2.685737194307840497e-02 9.989721317805325684e-01 1.781100300000000081e+00 8.143101187304026267e-03 9.995976095203099598e-01 -2.717184101851066735e-02 -1.313931000000000127e-01 -9.992999191458408204e-01 9.126916981820089314e-03 3.628182715248395862e-02 5.479904200000000003e+00
2.759133020107857465e-02 2.342456323644655225e-02 9.993447895170699535e-01 1.877409899999999965e+00 3.595798418369475224e-03 9.997166043536346303e-01 -2.353255645638544988e-02 -1.348421999999999954e-01 -9.996128194113307330e-01 4.242736949214911957e-03 2.749928093078557456e-02 5.483705999999999747e+00
1.415278554521107179e-02 2.155366249652392041e-02 9.996675138736367261e-01 1.973414999999999919e+00 1.285400127313438348e-03 9.997664280037981133e-01 -2.157399321032349090e-02 -1.381888000000000005e-01 -9.998990181052406223e-01 1.590304848863830639e-03 1.412177477032239281e-02 5.485644800000000210e+00
-4.826553794412012655e-03 2.277204831658861256e-02 9.997290323852441318e-01 2.067674900000000093e+00 1.319340236343368930e-03 9.997399521317483773e-01 -2.276592745640487747e-02 -1.416874999999999940e-01 -9.999874817815521677e-01 1.209101764318454633e-03 -4.855342738994794516e-03 5.485942800000000119e+00
-2.599056025757061003e-02 2.083910852700815095e-02 9.994449571303549718e-01 2.161998300000000039e+00 1.132252401790354718e-03 9.997826677652750238e-01 -2.081670580683436800e-02 -1.449920000000000098e-01 -9.996615471158207811e-01 5.905861065314526454e-04 -2.600850680170896378e-02 5.484065099999999582e+00
-4.831448482946338469e-02 2.048468853877907780e-02 9.986220947341055698e-01 2.255665299999999984e+00 3.011265473487506963e-03 9.997881194651681014e-01 -2.036291866483658231e-02 -1.482835000000000125e-01 -9.988276341971680239e-01 2.023292310018737564e-03 -4.836593276590961388e-02 5.480214600000000047e+00
-6.987323935977690637e-02 2.197094579788402141e-02 9.973138964047967292e-01 2.348086799999999918e+00 2.973420597571838422e-03 9.997575710761381629e-01 -2.181645814265818079e-02 -1.517817999999999945e-01 -9.975514468894930431e-01 1.441047080030141356e-03 -6.992162892833575505e-02 5.474106299999999869e+00
-8.937236092663848608e-02 2.405167088991078464e-02 9.957078377866681596e-01 2.438564500000000024e+00 4.690232357795611623e-03 9.997074657076968629e-01 -2.372729922945467085e-02 -1.545954999999999968e-01 -9.959872402911738032e-01 2.549536369148558759e-03 -8.945902437135022645e-02 5.465797399999999584e+00
-1.083647473639340331e-01 2.503925045195016380e-02 9.937958127631425498e-01 2.527817999999999898e+00 5.723788825872971192e-03 9.996818876160820100e-01 -2.456342430981359876e-02 -1.577381999999999951e-01 -9.940947237412676163e-01 3.026468098566950649e-03 -1.084735945777625110e-01 5.456430899999999973e+00
-1.244098245503895694e-01 2.377657560285479851e-02 9.919460015585237489e-01 2.614526999999999823e+00 9.029111359228150085e-03 9.996985883510964843e-01 -2.282997146051145981e-02 -1.608547999999999922e-01 -9.921898360210126278e-01 6.116118166520377597e-03 -1.245870073288912749e-01 5.445757399999999748e+00
-1.332926750983771391e-01 2.062934475617202515e-02 9.908619948812497080e-01 2.699375199999999975e+00 1.529249369891648100e-02 9.997071271433061179e-01 -1.875632094378110529e-02 -1.641720000000000124e-01 -9.909587289093261253e-01 1.265267061961702563e-02 -1.335691114165412641e-01 5.433883200000000357e+00
-1.376622697393327932e-01 1.845190566479911268e-02 9.903073394999919454e-01 2.780303200000000086e+00 1.666193854603975968e-02 9.997281242061895057e-01 -1.631126834619829602e-02 -1.673186999999999869e-01 -9.903390728907464080e-01 1.425499380957600919e-02 -1.379322872187138671e-01 5.422750500000000251e+00
-1.373670421252961849e-01 2.021955490449045545e-02 9.903138216430242835e-01 2.857762600000000042e+00 1.918183746221868019e-02 9.996584456755388537e-01 -1.774962256327788229e-02 -1.696372999999999909e-01 -9.903344651426206902e-01 1.655782561298721478e-02 -1.377079720337561763e-01 5.411854700000000129e+00
-1.294361872778065636e-01 2.260998983958900643e-02 9.913299459728017737e-01 2.931218100000000160e+00 2.033329976629835029e-02 9.995903140949393695e-01 -2.014350734589798880e-02 -1.721267999999999965e-01 -9.913792565630967779e-01 1.754971016951780566e-02 -1.298428947973954140e-01 5.402504000000000417e+00
-1.102140479773777576e-01 2.294867010093180892e-02 9.936429047545394244e-01 3.000499500000000097e+00 1.862530232813542491e-02 9.996055410309535594e-01 -2.102047700220454826e-02 -1.751295999999999964e-01 -9.937333453908174796e-01 1.619014764643163587e-02 -1.105979989762966298e-01 5.395027599999999701e+00
-7.921377778843885498e-02 2.462778861796370913e-02 9.965533851411436661e-01 3.065385599999999933e+00 1.683596223233830083e-02 9.995852401296504430e-01 -2.336446213077163561e-02 -1.777285000000000115e-01 -9.967154698228553045e-01 1.492714784337184283e-02 -7.959555561127151790e-02 5.390523400000000187e+00
-3.390153476533414034e-02 2.973217914940052414e-02 9.989828244086996767e-01 3.126990300000000111e+00 1.291380607970449290e-02 9.994869782172931538e-01 -2.930894038685403352e-02 -1.807526999999999884e-01 -9.993417431254888461e-01 1.190705240990938725e-02 -3.426809813539466454e-02 5.389915900000000093e+00
2.762328060311396508e-02 3.130630065743026519e-02 9.991280548097268843e-01 3.188712600000000119e+00 9.097288125043774196e-03 9.994601975932374538e-01 -3.156822414480255079e-02 -1.829214000000000118e-01 -9.995770073973749836e-01 9.961373702112492207e-03 2.732356705255178930e-02 5.393125099999999783e+00
1.085928299299799560e-01 2.524805739485402184e-02 9.937656327754470498e-01 3.246943499999999982e+00 6.408068436610209195e-03 9.996388630755850269e-01 -2.609751114308835745e-02 -1.853396999999999961e-01 -9.940656587704407299e-01 9.202120773933468792e-03 1.083918217696878683e-01 5.399845599999999912e+00
2.025641898301782928e-01 1.742172045689008297e-02 9.791140039110692861e-01 3.304037300000000066e+00 -1.100960226427527555e-03 9.998451555478780062e-01 -1.756282477335626216e-02 -1.877727999999999897e-01 -9.792683681632032844e-01 2.479633795899999736e-03 2.025520045104834965e-01 5.413408800000000021e+00
3.094063356141699694e-01 1.557537045724928168e-02 9.508023597556598538e-01 3.358833100000000016e+00 -5.308159021138434547e-03 9.998785646484995571e-01 -1.465194199628971558e-02 -1.895205000000000084e-01 -9.509151081614057865e-01 -5.136064405533487948e-04 3.094514392902484312e-01 5.433079700000000400e+00
3.679967576517187422e-01 1.611152315135961494e-02 9.296874771553961248e-01 3.384158799999999800e+00 -3.103168626346584739e-03 9.998655809555216933e-01 -1.609939020440161878e-02 -1.904044000000000014e-01 -9.298218951510545116e-01 3.039546383973702401e-03 3.679972886523500408e-01 5.444755599999999696e+00
4.282682759059034394e-01 1.972798774936466992e-02 9.034362680078467100e-01 3.408323000000000214e+00 -2.060115675115046716e-03 9.997803834950468316e-01 -2.085523200307639463e-02 -1.911193999999999948e-01 -9.036492902536856775e-01 7.070451036384744342e-03 4.282148630607676143e-01 5.458325399999999661e+00
4.885195247868005519e-01 2.411740585652223656e-02 8.722195965677626006e-01 3.431546700000000172e+00 -1.438242007731686117e-03 9.996388396399007448e-01 -2.683508418693792211e-02 -1.915754000000000068e-01 -8.725517780407108237e-01 1.185499971086615908e-02 4.883777775655333553e-01 5.473499799999999915e+00
5.473111672817916329e-01 2.827268120490189496e-02 8.364515178216421765e-01 3.453316500000000122e+00 -5.291976112154704245e-03 9.995261717912072852e-01 -3.032205291932561775e-02 -1.923613000000000128e-01 -8.369124692328769877e-01 1.216911672636868981e-02 5.472014541653090758e-01 5.490439399999999637e+00
6.038232463180718268e-01 3.099682678582188489e-02 7.965153381668896859e-01 3.473518400000000117e+00 -8.870715395721666743e-03 9.994430730847821964e-01 -3.216914781611079910e-02 -1.932421000000000000e-01 -7.970688788393842650e-01 1.235881839240444632e-02 6.037619249287506928e-01 5.509100400000000342e+00
6.575705515014406144e-01 3.224102704588409363e-02 7.527027872760387872e-01 3.492631700000000006e+00 -1.055971105285951825e-02 9.993801777591313495e-01 -3.358203097799605102e-02 -1.940282999999999869e-01 -7.533189645167386317e-01 1.413423068842237056e-02 6.575034305783317157e-01 5.528574899999999737e+00
7.069898793019342431e-01 3.083908539646580335e-02 7.065509616273591975e-01 3.509632299999999816e+00 -1.107179666776586177e-02 9.994090131132138399e-01 -3.254289210595325693e-02 -1.948276999999999926e-01 -7.071369923028946181e-01 1.518470677957120367e-02 7.069135016371057567e-01 5.549512400000000234e+00
7.534600211266675451e-01 2.649345775083611354e-02 6.569597348850280127e-01 3.525640199999999780e+00 -1.238182831144680855e-02 9.995823934022479706e-01 -2.610994308495105665e-02 -1.961202999999999974e-01 -6.573771268392805123e-01 1.153843562352328128e-02 7.534734086959501420e-01 5.571582799999999835e+00
7.960429040928306277e-01 2.021618736897269966e-02 6.049024719834720232e-01 3.540953200000000134e+00 -1.158087180366667787e-02 9.997677939032528771e-01 -1.817255298767468316e-02 -1.970493000000000106e-01 -6.051293896777115711e-01 7.460833873327739167e-03 7.960921791515069845e-01 5.595321700000000398e+00
8.342434633216567752e-01 1.821641123594280182e-02 5.510952787556527843e-01 3.554631000000000096e+00 -1.381453682933912741e-02 9.998309115928258883e-01 -1.213700109787308953e-02 -1.973221000000000003e-01 -5.512231875359366873e-01 2.512087805383520812e-03 8.343540537071655327e-01 5.619848300000000130e+00
8.935019695901609271e-01 1.430753208247166446e-02 4.488312877509901822e-01 3.577216099999999788e+00 -1.681352932343331552e-02 9.998573649369799643e-01 1.598440793005054001e-03 -1.987250999999999879e-01 -4.487443989290486601e-01 -8.974648014698884471e-03 8.936150849906345783e-01 5.671765299999999677e+00
9.310724915322386996e-01 2.232790823372906089e-02 3.641503535984215723e-01 3.594958099999999934e+00 -2.709548817702101334e-02 9.996009328422361673e-01 7.988089970709459295e-03 -1.994981999999999867e-01 -3.638266758119836353e-01 -1.730432243219619942e-02 9.313059166529354949e-01 5.726431800000000294e+00
9.606583313493809451e-01 2.181803612161289929e-02 2.768745992481415619e-01 3.618471899999999852e+00 -2.493211555603391805e-02 9.996592490694276023e-01 7.731452893769395068e-03 -1.993218999999999963e-01 -2.766115688522870486e-01 -1.433035413882009432e-02 9.608749559268013885e-01 5.812314500000000272e+00
9.683295578367873135e-01 2.254426025371144768e-02 2.486556328523947812e-01 3.633281000000000205e+00 -2.532144388233039181e-02 9.996475446999716352e-01 7.975641355542696306e-03 -1.993513000000000090e-01 -2.483881879223044375e-01 -1.401936892057471622e-02 9.685591181728365751e-01 5.873361100000000334e+00
9.718103732124143690e-01 3.526948021998012328e-02 2.331108369033073335e-01 3.646813400000000094e+00 -3.795929894877983490e-02 9.992543370124101765e-01 7.061273624913324068e-03 -1.986370000000000080e-01 -2.326879673297806705e-01 -1.571094290299489965e-02 9.724245349295922436e-01 5.936867200000000011e+00
