9.999923695267654011e-01 -1.409348004224716651e-03 3.643436077124016272e-03 8.569200000000000775e-03 1.400244481512535931e-03 9.999958947649952856e-01 2.499953709260070017e-03 -4.642339999999999661e-02 -3.646944424733494956e-03 -2.494832932169467263e-03 9.999902377548509635e-01 1.544018000000000057e-01
9.999973476378702930e-01 -3.791170367210527350e-04 -2.271780688559356387e-03 9.132700000000000540e-03 3.836820967331872057e-04 9.999979076188660887e-01 2.009364560846411876e-03 -4.642759999999999942e-02 2.271014150790303006e-03 -2.010230872861850076e-03 9.999954007227056518e-01 1.994769000000000125e-01
9.999774599289902310e-01 -1.475360441998354146e-03 -6.550034009903574206e-03 8.676200000000000231e-03 1.486621758373312318e-03 9.999974248074440242e-01 1.714740280005502479e-03 -4.663799999999999890e-02 6.547487282327329322e-03 -1.724439052715035815e-03 9.999770780974137629e-01 2.449656000000000056e-01
9.999400195508509892e-01 4.442836388830096080e-04 -1.094348722719440219e-02 7.735800000000000141e-03 -4.369031394556149037e-04 9.999996755281088667e-01 6.768008005689541990e-04 -4.703589999999999854e-02 1.094378436786288232e-02 -6.719789618267980533e-04 9.999398892073385614e-01 2.909962999999999855e-01
9.998690612374947495e-01 3.394793470320958944e-03 -1.582200231781468250e-02 6.561799999999999577e-03 -3.397783865883563775e-03 9.999942143734792399e-01 -1.621245467895823160e-04 -4.695549999999999724e-02 1.582136039826563881e-02 2.158630626034970152e-04 9.998748111430182384e-01 3.382422999999999957e-01
9.997895677237667034e-01 3.773948924232210355e-03 -2.016376899890160238e-02 5.368799999999999961e-03 -3.752854449163365701e-03 9.999923705986993872e-01 1.083894772019776626e-03 -4.668610000000000121e-02 2.016770572492502037e-02 -1.007994995376272846e-03 9.997961030089496104e-01 3.864900000000000002e-01
9.996924757053953225e-01 2.710106597442807786e-03 -2.464973306646735599e-02 4.106799999999999860e-03 -2.611473662962276229e-03 9.999884587391195678e-01 4.032690648670122190e-03 -4.706409999999999760e-02 2.466037759899980877e-02 -3.967078369620901344e-03 9.996880153657360379e-01 4.353473999999999955e-01
9.996113324185691429e-01 2.103329747134145920e-03 -2.779856299069773454e-02 2.111099999999999869e-03 -1.910256025114042289e-03 9.999738833508891034e-01 6.970189241406715697e-03 -4.731849999999999945e-02 2.781249759175692324e-02 -6.914377782369649297e-03 9.995892438184752482e-01 4.846415000000000028e-01
9.995318496435128264e-01 3.789872084884818478e-03 -3.035981583933721958e-02 1.667000000000000133e-04 -3.604427857474733904e-03 9.999745271438129635e-01 6.160613875910513938e-03 -4.742609999999999881e-02 3.038239042666854642e-02 -6.048300016369217123e-03 9.995200490329714249e-01 5.343434999999999713e-01
9.994613276869874774e-01 3.093938445130653761e-03 -3.267234309108935780e-02 -1.652899999999999899e-03 -2.895227175803830912e-03 9.999770354352128798e-01 6.127500453159702605e-03 -4.753729999999999761e-02 3.269055089417428200e-02 -6.029605882703106302e-03 9.994473331472422117e-01 5.845527000000000362e-01
9.994040872998685154e-01 5.532195270328950988e-05 -3.451763647468443497e-02 -3.338499999999999888e-03 1.381092902537274947e-04 9.999843023389617391e-01 5.601428521720787541e-03 -4.756400000000000211e-02 3.451740451049095659e-02 -5.602857765600569202e-03 9.993883913527901175e-01 6.354524000000000283e-01
9.993224083713125871e-01 1.477457712369330300e-04 -3.680628068885252735e-02 -5.096200000000000382e-03 8.095741282510660964e-05 9.999807012442929466e-01 6.212132071158518731e-03 -4.750290000000000068e-02 3.680648818967691138e-02 -6.210902523731085326e-03 9.993031107311654004e-01 6.869927000000000117e-01
9.992737805672731177e-01 -1.624394090035876032e-03 -3.806931592016906535e-02 -7.303200000000000143e-03 1.852158830151060974e-03 9.999805928854297310e-01 5.948391393670186648e-03 -4.760419999999999929e-02 3.805891457276829731e-02 -6.014581975885988953e-03 9.992573961823840722e-01 7.387158999999999809e-01
9.991954800439423190e-01 5.679745319284686730e-04 -4.010074892925054313e-02 -9.560900000000000648e-03 -4.198249912147118830e-04 9.999930566422964295e-01 3.702757644473603921e-03 -4.785500000000000170e-02 4.010257356744650892e-02 -3.682943405489253440e-03 9.991887807222115114e-01 7.910209000000000268e-01
9.991293863070387360e-01 1.063126673179202227e-03 -4.170538549632418768e-02 -1.177070000000000026e-02 -1.020819320663143674e-03 9.999989426087720901e-01 1.035716781892735998e-03 -4.805519999999999931e-02 4.170644249555209571e-02 -9.922414093900381888e-04 9.991294150966383292e-01 8.440026999999999946e-01
9.990501331064949309e-01 5.249244294921404271e-03 -4.325825902908084913e-02 -1.494690000000000081e-02 -5.281053901627295356e-03 9.999858622549395726e-01 -6.210957519455040203e-04 -4.832369999999999721e-02 4.325438717151044304e-02 8.489549912761660405e-04 9.990637303324747531e-01 8.972660000000000080e-01
9.989924301722437061e-01 5.863364068097554754e-03 -4.449433020464250987e-02 -1.746330000000000104e-02 -5.877676746394673579e-03 9.999827080960042025e-01 -1.908534691869274796e-04 -4.873700000000000254e-02 4.449244176958275232e-02 4.521844609800855443e-04 9.990096186496872921e-01 9.510857000000000339e-01
9.989350671663669301e-01 5.081218156069117024e-03 -4.585752727062832046e-02 -2.017740000000000158e-02 -5.007691627938259428e-03 9.999859854669758130e-01 1.718107738377143033e-03 -4.944939999999999752e-02 4.586561467903230160e-02 -1.486637713643750502e-03 9.989465127314989257e-01 1.005355699999999963e+00
9.988153490940931967e-01 5.160699234418296769e-03 -4.838662622519294965e-02 -2.593780000000000044e-02 -5.012674798585218736e-03 9.999823800391037798e-01 3.180047592890787329e-03 -4.998280000000000084e-02 4.840218492390900573e-02 -2.933733924761455347e-03 9.988236189136950882e-01 1.115067100000000089e+00
9.986764877662666073e-01 3.576905367259703566e-03 -5.130768491003604576e-02 -3.136909999999999699e-02 -3.503948883055614527e-03 9.999927183455279422e-01 1.511819482095822648e-03 -5.063530000000000114e-02 5.131271894042261500e-02 -1.330039065283382307e-03 9.986817490427197797e-01 1.225061799999999979e+00
9.986650868137489923e-01 5.153791348933851879e-03 -5.139535790340278576e-02 -3.812610000000000304e-02 -4.819626253883876194e-03 9.999664485273650483e-01 6.623671364240815707e-03 -5.120809999999999945e-02 5.142777053363373208e-02 -6.367122921716299871e-03 9.986564194775097159e-01 1.337376399999999910e+00
9.987736024356246300e-01 5.109820169810415022e-03 -4.924612487899041047e-02 -4.359559999999999824e-02 -4.469439687047152207e-03 9.999041365528771319e-01 1.310503007738697892e-02 -5.132090000000000263e-02 4.930836832271746906e-02 -1.286885551545156534e-02 9.987006945882603848e-01 1.450704699999999958e+00
9.989103064918308794e-01 5.523040652471940953e-03 -4.634323689976394683e-02 -4.926889999999999742e-02 -5.019130410737510095e-03 9.999270909445976407e-01 1.098276490663812124e-02 -5.113150000000000334e-02 4.640051631519320069e-02 -1.073819430936199040e-02 9.988651977462513765e-01 1.564109100000000030e+00
9.989947367018512381e-01 5.875423100946657561e-03 -4.444092084311208890e-02 -5.475080000000000224e-02 -5.746042756549169482e-03 9.999788751158417144e-01 3.038472428025297892e-03 -5.101069999999999910e-02 4.445783434490259423e-02 -2.780058531906028085e-03 9.990073934861144478e-01 1.679061099999999973e+00
9.990310061032036115e-01 1.905012257411965206e-03 -4.397066945953790468e-02 -5.953300000000000258e-02 -1.512125370750615986e-03 9.999586547107819356e-01 8.966735518931862742e-03 -5.151010000000000311e-02 4.398593322056452287e-02 -8.891557642081174273e-03 9.989925814946843952e-01 1.795687100000000092e+00
9.989962974497037518e-01 -1.550576125436564905e-03 -4.476598480388967183e-02 -6.209119999999999917e-02 2.102837293054006171e-03 9.999222372853333596e-01 1.229217058181514104e-02 -5.162379999999999747e-02 4.474344373315264356e-02 -1.237396848115940480e-02 9.989218733949745133e-01 1.854102700000000103e+00
9.989128144433523371e-01 -8.534322743247446663e-03 -4.582962443851128220e-02 -6.414219999999999644e-02 9.075780619719166914e-03 9.998913025119946507e-01 1.161952524889545146e-02 -5.166110000000000146e-02 4.572547809486120218e-02 -1.202283228615779603e-02 9.988816907706414838e-01 1.912617599999999918e+00
9.988135320731448275e-01 -1.077661926786638129e-02 -4.749097413955948033e-02 -6.653770000000000517e-02 1.116109136256917579e-02 9.999069939269940033e-01 7.837954802041590535e-03 -5.163979999999999959e-02 4.740209053581118104e-02 -8.358706421325860086e-03 9.988409151810897502e-01 1.970625199999999966e+00
9.987521338761312650e-01 -1.013935183836147183e-02 -4.890162187670517302e-02 -6.948989999999999334e-02 1.033581759955011850e-02 9.999394908376758595e-01 3.766369317858308998e-03 -5.166250000000000009e-02 4.886047433686215025e-02 -4.267107637216369098e-03 9.987964987123199023e-01 2.029336499999999877e+00
9.986612489581846441e-01 -8.944548584684292383e-03 -5.094806060975135692e-02 -7.294100000000000583e-02 9.104585682908858044e-03 9.999543182765577853e-01 2.909962131564595034e-03 -5.173080000000000039e-02 5.091970491687129036e-02 -3.369927399928834399e-03 9.986970648001814999e-01 2.088752700000000129e+00
9.986157093509619997e-01 -9.250621482745795265e-03 -5.177925298474162635e-02 -7.596690000000000387e-02 9.477248523575811795e-03 9.999465487205918546e-01 4.132972562135179065e-03 -5.180989999999999901e-02 5.173825275265190454e-02 -4.617976175766185659e-03 9.986500025024496185e-01 2.148159300000000105e+00
9.985713631941440793e-01 -6.057248895001751850e-03 -5.308994579402800257e-02 -7.929909999999999737e-02 6.431810982338532177e-03 9.999555979945747852e-01 6.887223446337204652e-03 -5.218720000000000303e-02 5.304587086735688267e-02 -7.218848601841399565e-03 9.985659837030236297e-01 2.207980200000000170e+00
9.985279030556696300e-01 -5.822663489588838712e-03 -5.392701928657140514e-02 -8.311580000000000357e-02 6.270778515328066099e-03 9.999471734283836843e-01 8.144181321503820431e-03 -5.224890000000000090e-02 5.387674967979170365e-02 -8.470356691004276434e-03 9.985116668830005260e-01 2.266976600000000008e+00
9.984727090638092495e-01 -4.808261540629686290e-03 -5.503753151926989162e-02 -8.991839999999999555e-02 5.593899104173613579e-03 9.998845269992447937e-01 1.412943595154510582e-02 -5.295350000000000057e-02 5.496323814687459341e-02 -1.441573059034439303e-02 9.983843093538461444e-01 2.386832699999999807e+00
9.984662015430377791e-01 1.164629915004430222e-03 -5.535239844287696831e-02 -9.415439999999999920e-02 -2.763708343504840594e-04 9.998711154611699126e-01 1.605229222254343432e-02 -5.242220000000000213e-02 5.536395935425728054e-02 -1.601237345296082845e-02 9.983378365568557067e-01 2.446383200000000091e+00
9.984656176382122883e-01 1.191294737392996567e-03 -5.536236276742390744e-02 -1.010232999999999964e-01 -4.156490721117221698e-04 9.999016321457118162e-01 1.401974565355405128e-02 -5.235850000000000226e-02 5.537361853980681675e-02 -1.397522268839229698e-02 9.983678958783769319e-01 2.564130500000000090e+00
9.983886673545854240e-01 3.249463282796108323e-03 -5.665253645079667416e-02 -1.080803999999999931e-01 -2.594883575887766813e-03 9.999290718060844796e-01 1.162402409882065321e-02 -5.226270000000000221e-02 5.668629002821293922e-02 -1.145828719295058015e-02 9.983262854284871146e-01 2.682523999999999909e+00
9.983485981510823448e-01 1.244511403509785275e-03 -5.743281084132492026e-02 -1.118673000000000028e-01 -5.259225826346682238e-04 9.999214178414620458e-01 1.252523641922206367e-02 -5.199949999999999711e-02 5.744388544663348722e-02 -1.247434700843559098e-02 9.982708002799176583e-01 2.740811599999999792e+00
9.982679544356395374e-01 4.177873121683300939e-03 -5.868250610755263580e-02 -1.192330999999999946e-01 -3.599862390628482799e-03 9.999439971675416761e-01 9.952061061297855574e-03 -5.207520000000000204e-02 5.872079816940820735e-02 -9.723574691355986802e-03 9.982270883709624121e-01 2.857307000000000041e+00
9.981828301544727333e-01 5.898331863176895992e-03 -5.996871906284960418e-02 -1.267439999999999956e-01 -5.634797221086916552e-03 9.999737150907980210e-01 4.562695232518968781e-03 -5.272639999999999966e-02 5.999405508118600683e-02 -4.216492468800617753e-03 9.981898289134067959e-01 2.972844799999999843e+00
9.981836011158959909e-01 2.937266977410853217e-03 -6.017367303069651868e-02 -1.338440999999999936e-01 -2.278284944830247672e-03 9.999367153664980856e-01 1.101701773481102153e-02 -5.318099999999999911e-02 6.020222488423431634e-02 -1.085991366275038464e-02 9.981271233636653806e-01 3.088009800000000027e+00
9.981639529292587465e-01 -2.003436366054107531e-03 -6.053684262797156407e-02 -1.404704999999999981e-01 2.653957309616053906e-03 9.999395799854835509e-01 1.066737498419995100e-02 -5.385270000000000334e-02 6.051181358408751904e-02 -1.080845137760129415e-02 9.981089608833209059e-01 3.200864600000000060e+00
9.980555240926058946e-01 -6.171912690104990398e-03 -6.202482020916695593e-02 -1.473627000000000131e-01 6.847959862504584064e-03 9.999193797522943905e-01 1.069296224197716950e-02 -5.457599999999999951e-02 6.195382372344172828e-02 -1.109691351379040770e-02 9.980173256194063702e-01 3.313519700000000068e+00
9.979114138523146327e-01 -1.043938949229868303e-02 -6.374817056435846951e-02 -1.542270000000000030e-01 1.172190373068557161e-02 9.997356851179015624e-01 1.977768628450994950e-02 -5.431740000000000179e-02 6.352485400379126457e-02 -2.048362880126558885e-02 9.977700205332533656e-01 3.425794799999999807e+00
9.977995760290239158e-01 -7.395766308868899006e-03 -6.588860840088189841e-02 -1.615873999999999922e-01 8.623516393714518793e-03 9.997940890699392735e-01 1.836884388898030879e-02 -5.429040000000000254e-02 6.573918953947865962e-02 -1.889661613927191841e-02 9.976578957023181093e-01 3.536864000000000008e+00
9.976757843072047161e-01 -4.095870169877159801e-03 -6.801656603031006054e-02 -1.693497999999999948e-01 4.482306823885849438e-03 9.999746644262123008e-01 5.529867197382372541e-03 -5.422400000000000136e-02 6.799219317348548230e-02 -5.821885711318084029e-03 9.976688665655673027e-01 3.644789199999999951e+00
9.975570422913231372e-01 3.345780645928004681e-03 -6.977645109101494880e-02 -1.776751000000000025e-01 -2.720450426384377150e-03 9.999553019529240361e-01 9.055012187405137719e-03 -5.538490000000000080e-02 6.980362830444454547e-02 -8.843067799457614286e-03 9.975215554700705978e-01 3.751331799999999994e+00
9.973882002205075592e-01 6.598344782429738965e-03 -7.192523831749793317e-02 -1.856471000000000093e-01 -5.873344930096485901e-03 9.999298408394875493e-01 1.028674963480598684e-02 -5.590549999999999686e-02 7.198806762393890335e-02 -9.837440970560048376e-03 9.973569786565499307e-01 3.854668399999999995e+00
9.971621639719261410e-01 9.512008120655042129e-03 -7.468025471527399428e-02 -1.939463999999999910e-01 -8.639191866048319055e-03 9.998906553581191625e-01 1.200173701647544271e-02 -5.693619999999999931e-02 7.478624944952926012e-02 -1.132250100568000899e-02 9.971353056953952132e-01 3.954543099999999978e+00
9.969335444171145699e-01 8.602291818232644591e-03 -7.777858697227052476e-02 -2.012413999999999870e-01 -7.574940123764340415e-03 9.998802579818152347e-01 1.349407204442652775e-02 -5.722610000000000197e-02 7.788535355283732198e-02 -1.286352493264409161e-02 9.968793314279601470e-01 4.051647199999999671e+00
9.967006315695137175e-01 1.284126975290523706e-02 -8.014332673445544175e-02 -2.091859000000000079e-01 -1.124684842202413812e-02 9.997303796778438389e-01 2.031443697881303925e-02 -5.726359999999999784e-02 8.038258163000595868e-02 -1.934605231894286417e-02 9.965763246385939134e-01 4.144616100000000358e+00
9.963661513239276957e-01 1.898136295371373114e-02 -8.303132153810047211e-02 -2.175796000000000119e-01 -1.755205170850840726e-02 9.996855222190732526e-01 1.791039213419713325e-02 -5.735219999999999901e-02 8.334517368609828392e-02 -1.638793843038981526e-02 9.963859781717303576e-01 4.234087500000000226e+00
9.961361089439918493e-01 1.834812216632180151e-02 -8.588479999914508389e-02 -2.251663000000000137e-01 -1.800104117980582188e-02 9.998263788880783487e-01 4.813999999550410552e-03 -5.761340000000000211e-02 8.595821644477250056e-02 -3.249383406504527307e-03 9.962934439878198267e-01 4.318804700000000274e+00
9.959694186409551175e-01 2.179706049103214902e-02 -8.700462795707097907e-02 -2.332201999999999886e-01 -2.122688983503637564e-02 9.997467527756928041e-01 7.473249787686883118e-03 -5.856600000000000000e-02 8.714548915422576369e-02 -5.596290593618074259e-03 9.961798759519601143e-01 4.399672500000000319e+00
9.959064135765886006e-01 1.084442571257750176e-02 -8.973747170486331970e-02 -2.423194999999999932e-01 -1.079898859062283084e-02 9.999411973114787910e-01 9.918491345642275418e-04 -5.981310000000000099e-02 8.974295093452383520e-02 -1.871498132074495739e-05 9.959649604314968485e-01 4.511308699999999838e+00
9.962955723041464484e-01 9.155678932608549841e-03 -8.550617609527462470e-02 -2.482977000000000101e-01 -9.530146449532116149e-03 9.999466973537068926e-01 -3.972248741513621610e-03 -6.082900000000000112e-02 8.546524975569659566e-02 4.772420213788188849e-03 9.963297220747252547e-01 4.580930699999999689e+00
9.969835170611971442e-01 1.247826918101709905e-02 -7.660391312806150155e-02 -2.541374000000000133e-01 -1.236936625155278004e-02 9.999216989941677181e-01 1.895958636671905189e-03 -6.167029999999999734e-02 7.662157324683735449e-02 -9.426976520085837783e-04 9.970598005306985367e-01 4.647387000000000157e+00
9.980051150776795277e-01 4.205825279221137372e-03 -6.299286715579975604e-02 -2.567812999999999901e-01 -3.600188694779111239e-03 9.999462321043561808e-01 9.724790057530177320e-03 -6.282340000000000146e-02 6.303038092975128681e-02 -9.478604012285644573e-03 9.979665962074225627e-01 4.710701499999999875e+00
9.998547545627782807e-01 1.671597449196351656e-02 3.323548553957180428e-03 -2.592992000000000075e-01 -1.674839069033914538e-02 9.998099533525232063e-01 9.977403796032891653e-03 -6.355139999999999401e-02 -3.156134897346269015e-03 -1.003161871331618646e-02 9.999447011902710125e-01 4.827640999999999849e+00
9.981809490134772034e-01 1.207393046998131783e-02 5.906786968868982940e-02 -2.544947000000000181e-01 -1.282742818002727964e-02 9.998409107699339771e-01 1.239395969960047431e-02 -6.412450000000000094e-02 -5.890882881911867902e-02 -1.312910331116087098e-02 9.981770266507863365e-01 4.881565600000000060e+00
9.914202468514973221e-01 1.141362244335084562e-02 1.302137602392186011e-01 -2.467933999999999961e-01 -1.334242578973505837e-02 9.998136740860620320e-01 1.394979514455398431e-02 -6.442860000000000253e-02 -1.300302803463926904e-01 -1.556747677853565978e-02 9.913878049783486635e-01 4.933525099999999775e+00
9.763465687097470092e-01 1.152005517294838084e-02 2.159042984692883527e-01 -2.336795999999999873e-01 -1.477749269806199854e-02 9.997999492716059811e-01 1.347913743727639085e-02 -6.459260000000000002e-02 -2.157058262501549695e-01 -1.635083378016200309e-02 9.763214873987110520e-01 4.982203499999999785e+00
9.482196238135388588e-01 1.452336369094885463e-02 3.172831809630180522e-01 -2.164321999999999913e-01 -1.812626218181678447e-02 9.998003655002524193e-01 8.406412128712910381e-03 -6.560670000000000390e-02 -3.170977509132268390e-01 -1.372228307032621192e-02 9.482935807613119827e-01 5.027457700000000251e+00
9.028120688816675399e-01 1.540926365977132381e-02 4.297591451907299409e-01 -1.937900999999999929e-01 -1.887227334002266124e-02 9.998146936493648163e-01 3.796796255552580684e-03 -6.607609999999999872e-02 -4.296210022573183074e-01 -1.153832554101153277e-02 9.029355799076294042e-01 5.069704500000000280e+00
8.391094367234567253e-01 1.482664875162568313e-02 5.437605389217197160e-01 -1.660117999999999872e-01 -1.673489374592680712e-02 9.998589272052007537e-01 -1.438408626761053608e-03 -6.638209999999999944e-02 -5.437051558822627584e-01 -7.892792589503245734e-03 8.392391836015424822e-01 5.106988399999999650e+00
7.615593966976074158e-01 1.301906026744363044e-02 6.479643426696631847e-01 -1.334442000000000128e-01 -1.488923135206877794e-02 9.998857935772411665e-01 -2.590481066372402746e-03 -6.735850000000000171e-02 -6.479240666091364842e-01 -7.674885807836644147e-03 7.616662655235008073e-01 5.139673700000000345e+00
6.730695770966881319e-01 1.161737102651192420e-02 7.394879181415460190e-01 -9.759929999999999994e-02 -1.602679578236497482e-02 9.998709346273371157e-01 -1.120671408428636565e-03 -6.811369999999999925e-02 -7.394054951133618436e-01 -1.109733201664537053e-02 6.731688963538620118e-01 5.167496200000000428e+00
5.789922399258004004e-01 7.675343483359364956e-03 8.152969245668211240e-01 -5.841579999999999689e-02 -7.209765516536078590e-03 9.999647909089535158e-01 -4.293742378082420971e-03 -6.905039999999999789e-02 -8.153011746507550228e-01 -3.392056135329508081e-03 5.790271915620835985e-01 5.190252300000000041e+00
4.843432859864126860e-01 1.287186944985761576e-02 8.747833424892987875e-01 -1.797730000000000161e-02 -1.313628582825623718e-02 9.998860395934016099e-01 -7.439477190029675918e-03 -7.001309999999999478e-02 -8.747794118030685073e-01 -7.888143196496858953e-03 4.844571785848458267e-01 5.209713500000000330e+00
3.959750973529632678e-01 1.222316340567730641e-02 9.181798933502459681e-01 2.412929999999999936e-02 -6.569840770996537849e-03 9.999235209009156300e-01 -1.047805045605955387e-02 -7.112759999999999916e-02 -9.182377467021026751e-01 -1.883248649034259189e-03 3.960251177715510273e-01 5.224484399999999695e+00
3.210694324433689406e-01 1.409710146168437379e-03 9.470546089153446534e-01 6.901319999999999677e-02 1.260268638479979803e-02 9.999039874006447892e-01 -5.760926676985425599e-03 -7.166350000000000497e-02 -9.469718009773993028e-01 1.378508968396688697e-02 3.210208395977209861e-01 5.235075499999999771e+00
2.563614390099100415e-01 1.310220673544135184e-02 9.664921855697696795e-01 1.146018000000000037e-01 -9.261549473893035053e-04 9.999109946275407390e-01 -1.330958526685713239e-02 -7.283589999999999509e-02 -9.665805475105433420e-01 2.516942912358048796e-03 2.563507561381365152e-01 5.246987800000000313e+00
2.279777022672891673e-01 1.735979255980103775e-02 9.735115843538831859e-01 1.379836999999999869e-01 -5.318611880630519026e-03 9.998483315409022465e-01 -1.658391638116020125e-02 -7.382500000000000173e-02 -9.736518267001764704e-01 -1.396967127306240897e-03 2.280354552394314727e-01 5.251945000000000086e+00
2.023413310107846363e-01 1.928295898905593719e-02 9.791251979483575063e-01 1.623557999999999946e-01 -4.503230963044126643e-03 9.998138783286397713e-01 -1.875978710799923455e-02 -7.470160000000000688e-02 -9.793047057354913321e-01 -6.133466151862325411e-04 2.023905065220502619e-01 5.255701499999999804e+00
1.789977011587924605e-01 2.045621762344055142e-02 9.836368060114514256e-01 1.871775999999999995e-01 3.478297054925007237e-03 9.997644166562775769e-01 -2.142458021830725978e-02 -7.547009999999999830e-02 -9.838433434391192778e-01 7.256331612834608126e-03 1.788843794803203213e-01 5.258580700000000441e+00
1.588906278662764182e-01 2.678918361795512570e-02 9.869326765374344390e-01 2.128951000000000038e-01 1.031913772028161640e-02 9.995321440703889282e-01 -2.879250539222198702e-02 -7.563029999999999753e-02 -9.872422619463627758e-01 1.475915346944924045e-02 1.585398486687019659e-01 5.261145100000000241e+00
1.392915571577090506e-01 3.378696710474727444e-02 9.896748470878924397e-01 2.391986999999999863e-01 1.244909240852562667e-02 9.992790295436543291e-01 -3.586699335735117622e-02 -7.564680000000000015e-02 -9.901731576864647444e-01 1.731652298110129135e-02 1.387705149844891128e-01 5.263877400000000151e+00
1.214564949824382262e-01 3.436487553006154633e-02 9.920017011862352074e-01 2.665677000000000185e-01 9.865145127158398905e-03 9.993093543515763066e-01 -3.582587357003311906e-02 -7.664509999999999379e-02 -9.925477312140718045e-01 1.413752578209042689e-02 1.210335970983250631e-01 5.266994500000000023e+00
1.060296410577933612e-01 2.988959373809508061e-02 9.939136418237388693e-01 2.950764000000000165e-01 8.284007733015009284e-03 9.994868855487170078e-01 -3.094092487313937143e-02 -7.801030000000000464e-02 -9.943284620451309230e-01 1.151424345311208644e-02 1.057276300910392486e-01 5.269732000000000305e+00
9.159085581919468311e-02 2.671307651688957854e-02 9.954383590525887060e-01 3.243179999999999952e-01 8.746144185863832105e-03 9.995799846468308436e-01 -2.762895682651754850e-02 -7.936210000000000486e-02 -9.957583140964417767e-01 1.123680721754595838e-02 9.131874983467602735e-02 5.271914500000000281e+00
7.821318036959071240e-02 2.431056731664591949e-02 9.966402032495061958e-01 3.543527000000000204e-01 1.094862903360121001e-02 9.996214001863908960e-01 -2.524250010763186280e-02 -8.038919999999999400e-02 -9.968765349524276731e-01 1.288614007924938215e-02 7.791740149093462353e-02 5.273703099999999644e+00
6.677441201778686053e-02 2.347084439617605489e-02 9.974920036586806260e-01 3.851384999999999947e-01 1.474525040215016874e-02 9.995909009393522116e-01 -2.450731217069926707e-02 -8.135610000000000064e-02 -9.976591379275071558e-01 1.634473072842453426e-02 6.640101119078356540e-02 5.274845100000000286e+00
5.657443523838091154e-02 2.421795821761165909e-02 9.981046156476925946e-01 4.169261000000000217e-01 1.783486719594873718e-02 9.995217283177795231e-01 -2.526325657435666422e-02 -8.232219999999999815e-02 -9.982390749662933827e-01 1.923031774071659594e-02 5.611545321950062171e-02 5.276146899999999640e+00
4.887644276168318785e-02 2.470896340247307268e-02 9.984991539658603088e-01 4.494465999999999739e-01 2.007942391034425386e-02 9.994676150799099990e-01 -2.571581501538855452e-02 -8.326749999999999430e-02 -9.986029792056461130e-01 2.130618534727027336e-02 4.835427993006580216e-02 5.277278899999999773e+00
4.331846871609595223e-02 2.514259507833236859e-02 9.987448924429197517e-01 4.832971999999999824e-01 2.187628524830394564e-02 9.994197208756635531e-01 -2.610842141044549675e-02 -8.422069999999999557e-02 -9.988217750989548671e-01 2.297980499346299194e-02 4.274330533118553266e-02 5.278381300000000387e+00
3.783976613743193773e-02 2.628216542917284973e-02 9.989381361621038069e-01 5.181229000000000529e-01 2.282432434634917504e-02 9.993705450625643971e-01 -2.715812731919293316e-02 -8.513740000000000197e-02 -9.990231240150534431e-01 2.382774520819023328e-02 3.721607504152546486e-02 5.279365999999999559e+00
2.717189064163885032e-02 2.694776259186609790e-02 9.992674849359663991e-01 5.919716000000000422e-01 2.569090931508370007e-02 9.992875596437884589e-01 -2.764688625733690078e-02 -8.768220000000000180e-02 -9.993005881803149748e-01 2.642330850696786651e-02 2.646021976519918883e-02 5.281572800000000178e+00
2.116187177043019410e-02 2.632415693363029247e-02 9.994294442054955097e-01 6.699840000000000240e-01 2.789701627463763572e-02 9.992485196334297548e-01 -2.691008163071463913e-02 -9.001979999999999704e-02 -9.993867778123465273e-01 2.845056716715374870e-02 2.041160360488125658e-02 5.283067700000000144e+00
1.825434538205468818e-02 2.545759799580482249e-02 9.995092243591133796e-01 7.526734999999999953e-01 3.437474494591642726e-02 9.990688235435413178e-01 -2.607417751775780237e-02 -9.278999999999999748e-02 -9.992422908306951568e-01 3.483384170039744571e-02 1.736224892736537573e-02 5.283673300000000239e+00
2.179210277485968059e-02 2.530852169543734709e-02 9.994421358869364225e-01 8.394854999999999956e-01 3.959095872632126256e-02 9.988735393995772371e-01 -2.615737514529721183e-02 -9.504170000000000673e-02 -9.989783081948179211e-01 4.013889655873294215e-02 2.076556619181513241e-02 5.285020399999999619e+00
2.985699728148215673e-02 2.471171954495942139e-02 9.992486630616349563e-01 9.302061000000000357e-01 4.254795848659012614e-02 9.987568199365053356e-01 -2.597086557938430712e-02 -9.804499999999999327e-02 -9.986482017917807097e-01 4.329140269672854952e-02 2.876844644037479526e-02 5.287470299999999845e+00
3.792490747059906048e-02 2.128400674719226754e-02 9.990538986712038660e-01 1.025479999999999947e+00 4.378830347110203997e-02 9.987774149042992766e-01 -2.294035649696725063e-02 -1.011181000000000024e-01 -9.983207329673511321e-01 4.461688619649233079e-02 3.694655049744266506e-02 5.291060400000000108e+00
4.608811249797853393e-02 1.829259005459659554e-02 9.987698769163335655e-01 1.124441599999999930e+00 3.996081527297663805e-02 9.989982397644027179e-01 -2.014075942818088077e-02 -1.036976000000000009e-01 -9.981377756247344912e-01 4.083990813798794167e-02 4.531095644750826601e-02 5.296206999999999887e+00
5.323292313875536280e-02 2.327133842009803527e-02 9.983109238620204717e-01 1.225061500000000025e+00 3.517731403356537390e-02 9.990642104410398794e-01 -2.516465762146698204e-02 -1.069027000000000033e-01 -9.979623301866096252e-01 3.645748515680971580e-02 5.236448514550406941e-02 5.302256599999999764e+00
5.412334717041886872e-02 3.145141710450791162e-02 9.980388126987786990e-01 1.326772300000000016e+00 2.626362669028340507e-02 9.991131987343949694e-01 -3.290954311136603389e-02 -1.107974999999999932e-01 -9.981888023836689161e-01 2.799329342617074001e-02 5.324932223993616986e-02 5.309335700000000102e+00
5.411903799478755273e-02 2.929698222001957467e-02 9.981046120318843862e-01 1.429060199999999892e+00 2.125647653121590444e-02 9.993091777992731961e-01 -3.048490399555820948e-02 -1.149141999999999941e-01 -9.983082148975819248e-01 2.286600093895716987e-02 5.345890074686343585e-02 5.315808800000000112e+00
5.468211230065183476e-02 2.743084543456432781e-02 9.981269535049558383e-01 1.531114899999999945e+00 1.928095056479675259e-02 9.994071850814501001e-01 -2.852233077590011351e-02 -1.192956000000000016e-01 -9.983176406032586714e-01 2.080449774248434996e-02 5.412080315392775454e-02 5.321548499999999571e+00
5.465815627106877100e-02 2.815774924369576770e-02 9.981080237682573575e-01 1.632646299999999995e+00 1.475624890868357068e-02 9.994703627353348496e-01 -2.900426058087109474e-02 -1.238424000000000053e-01 -9.983960832611433744e-01 1.631364984383471342e-02 5.421370451814144786e-02 5.328163599999999889e+00
5.070154876047639619e-02 2.892274817532105788e-02 9.982949602153043944e-01 1.733787799999999990e+00 8.735425901218295958e-03 9.995294916402742702e-01 -2.940217127457205731e-02 -1.281203999999999954e-01 -9.986756456866330289e-01 1.021126727306205344e-02 5.042504073438847101e-02 5.334150799999999748e+00
4.174895354568877726e-02 2.553643511098144248e-02 9.988017397660372554e-01 1.834324700000000030e+00 4.315435836740780240e-03 9.996593890335658816e-01 -2.573874376454170915e-02 -1.319674999999999876e-01 -9.991188127001607855e-01 5.384830439335635752e-03 4.162453254705344996e-02 5.339307299999999756e+00
2.816217031299039081e-02 2.371501050129138505e-02 9.993220153885259416e-01 1.934355300000000000e+00 2.017114299942938949e-03 9.997151526774258334e-01 -2.378118493793156610e-02 -1.357478000000000018e-01 -9.996013322385893796e-01 2.685476507954739911e-03 2.810631250737338771e-02 5.342747700000000322e+00
9.314250438966286544e-03 2.519313252850918783e-02 9.996392103214842839e-01 2.033455599999999919e+00 2.302765319197536478e-03 9.996793839649728008e-01 -2.521560126780814093e-02 -1.392461999999999867e-01 -9.999539699459393249e-01 2.536798930415801526e-03 9.253250269052659682e-03 5.344359400000000093e+00
-1.180643263140441351e-02 2.311432365193080707e-02 9.996631113483351871e-01 2.131363400000000130e+00 2.546041786311376010e-03 9.997302452295001585e-01 -2.308580612813109986e-02 -1.430395999999999890e-01 -9.999270602497676297e-01 2.272623038933458545e-03 -1.186209782375968746e-02 5.343893099999999841e+00
-3.404647743082595684e-02 2.287339607305659966e-02 9.991584684756653623e-01 2.228871600000000175e+00 4.440746005412863490e-03 9.997316592510065991e-01 -2.273519883670611572e-02 -1.466155000000000097e-01 -9.994103847516631056e-01 3.662955543578486767e-03 -3.413891631581322805e-02 5.341364399999999790e+00
-5.578821752743744894e-02 2.434222850922269921e-02 9.981458464053817314e-01 2.325372199999999889e+00 4.383774752720380821e-03 9.996990946789203747e-01 -2.413509098935563008e-02 -1.503533999999999982e-01 -9.984330009089384950e-01 3.029192854845956170e-03 -5.587814140269353747e-02 5.336521600000000198e+00
-7.536895598647659622e-02 2.644617947633215449e-02 9.968049558788392162e-01 2.420326000000000199e+00 5.775774407195656546e-03 9.996430489633235661e-01 -2.608476738073988929e-02 -1.535640000000000061e-01 -9.971389877562235604e-01 3.791338868494337211e-03 -7.549480012609155466e-02 5.329356699999999947e+00
-9.442776596126555011e-02 2.737162919941563827e-02 9.951553601978607722e-01 2.513181200000000004e+00 6.846286739790263809e-03 9.996161716513349837e-01 -2.684469651542610580e-02 -1.571333000000000035e-01 -9.955081744382819897e-01 4.278234226693961029e-03 -9.457891592982292650e-02 5.320947199999999988e+00
-1.103438143157493140e-01 2.597845680398995494e-02 9.935539051427126900e-01 2.603963600000000156e+00 9.842916091084882857e-03 9.996378823741296493e-01 -2.504438311058120037e-02 -1.606810999999999934e-01 -9.938447361862290386e-01 7.015974960682971884e-03 -1.105595606461773350e-01 5.310901199999999989e+00
-1.194945511750214739e-01 2.244940602458133858e-02 9.925810175540450420e-01 2.692487999999999992e+00 1.604874700058906214e-02 9.996573831078094940e-01 -2.067738179164130274e-02 -1.643755000000000077e-01 -9.927051374699291664e-01 1.345884717164538141e-02 -1.198138951608661573e-01 5.300014000000000003e+00
-1.220423292336724197e-01 2.154627247111571414e-02 9.922909996658341170e-01 2.735505100000000134e+00 1.785206499654963530e-02 9.996502621869404193e-01 -1.951043528321024303e-02 -1.658830000000000027e-01 -9.923643351363343745e-01 1.533334445519988175e-02 -1.223842918729332041e-01 5.294608099999999595e+00
-1.245652543753118791e-01 2.115530389700761085e-02 9.919858620562286289e-01 2.818881300000000145e+00 1.873935661717865755e-02 9.996445099214229524e-01 -1.896550282835381129e-02 -1.687616999999999867e-01 -9.920344419000722835e-01 1.622673414410147341e-02 -1.249174094473168850e-01 5.284433400000000169e+00
-1.206387788623501933e-01 2.393660536323588550e-02 9.924078415441333068e-01 2.897279699999999902e+00 2.127965342651017694e-02 9.995418874558179567e-01 -2.152188586784338151e-02 -1.716467999999999883e-01 -9.924683679516685952e-01 1.852172089589869050e-02 -1.210928753907754007e-01 5.274686799999999565e+00
-1.074563354722186809e-01 2.520485258846377058e-02 9.938902612325344332e-01 2.972346799999999956e+00 2.033214167324613048e-02 9.995252394873007651e-01 -2.314950631942482018e-02 -1.747327999999999937e-01 -9.940018812768216527e-01 1.772035648196313568e-02 -1.079177880809790713e-01 5.266814199999999779e+00
-8.256123086182200199e-02 2.564774903559905589e-02 9.962559089551178415e-01 3.042404700000000073e+00 1.894914919132979769e-02 9.995284609487286032e-01 -2.416165346971659023e-02 -1.774787999999999921e-01 -9.964058274134620641e-01 1.688338600141779666e-02 -8.300830304024697792e-02 5.261725400000000441e+00
-4.445130566191961979e-02 2.916029033870266157e-02 9.985858795778724817e-01 3.108504799999999957e+00 1.614728200258584712e-02 9.994642996298416238e-01 -2.846715738108063914e-02 -1.806858000000000075e-01 -9.988810473268975310e-01 1.485904548727175374e-02 -4.489835251239882030e-02 5.259997799999999835e+00
8.758961708610847954e-03 3.421700329932516466e-02 9.993760439769411308e-01 3.172452400000000061e+00 1.221933516033642947e-02 9.993360986049042438e-01 -3.432273114669962683e-02 -1.832256999999999914e-01 -9.998869778320079726e-01 1.251234232041424817e-02 8.335037590216143322e-03 5.261737799999999687e+00
8.019410627394417401e-02 3.110841640719445855e-02 9.962937176091998248e-01 3.234594799999999992e+00 8.862371007001020387e-03 9.994511239453849338e-01 -3.192035752370426388e-02 -1.861499000000000070e-01 -9.967398676179545225e-01 1.138934910095526498e-02 7.987439532164830602e-02 5.267561899999999575e+00
2.162084221142425433e-01 1.974804426704818150e-02 9.761474954915860813e-01 3.324442400000000131e+00 -6.611135874314503363e-04 9.997981562850652981e-01 -2.008008012455402003e-02 -1.900081000000000131e-01 -9.763470085659575748e-01 3.696138067050718998e-03 2.161778375035129374e-01 5.287458899999999851e+00
3.224409113193039134e-01 1.807453094961283466e-02 9.464170169848638015e-01 3.380672000000000121e+00 -5.138213381665639179e-03 9.998363761410590245e-01 -1.734415487590025215e-02 -1.918668000000000040e-01 -9.465756480444766918e-01 7.295725229407197532e-04 3.224810230899060048e-01 5.308783499999999655e+00
3.806547130410221080e-01 1.846716582827394315e-02 9.245328297177597410e-01 3.407078299999999782e+00 -2.865551947369692279e-03 9.998193241558702704e-01 -1.879115899926745575e-02 -1.928490999999999955e-01 -9.247128084176696738e-01 4.503646385969431801e-03 3.806388565524230216e-01 5.321420200000000378e+00
4.404270708186349137e-01 2.220135720699357648e-02 8.975138411346559320e-01 3.431779099999999971e+00 -2.267563491087389721e-03 9.997185126661745080e-01 -2.361680732753293488e-02 -1.936517000000000099e-01 -8.977855275320107964e-01 8.366311654450848956e-03 4.403534391637807799e-01 5.335952800000000273e+00
5.002257075774203532e-01 2.542034354765444065e-02 8.655218354337389508e-01 3.455556399999999861e+00 -1.130685770062690026e-03 9.995873053334199954e-01 -2.870436492872783033e-02 -1.946982999999999908e-01 -8.658943140062523858e-01 1.338002803402989563e-02 5.000480095165362737e-01 5.352035500000000390e+00
5.586270647363059672e-01 2.983731470745749209e-02 8.288821009016585917e-01 3.477958399999999894e+00 -5.460125798952379650e-03 9.994633732159499129e-01 -3.229787339832763254e-02 -1.955734000000000083e-01 -8.294009823784626034e-01 1.351666567030959144e-02 5.584902059828787957e-01 5.369852100000000128e+00
6.144838899537844457e-01 3.294468385002347760e-02 7.882412047040469050e-01 3.498683199999999882e+00 -9.482677588341363595e-03 9.993639738293917940e-01 -3.437625107079327752e-02 -1.963740999999999959e-01 -7.888723773925797600e-01 1.364901527395473609e-02 6.144054659335562718e-01 5.389654199999999840e+00
6.673548492015346500e-01 3.400188571152509831e-02 7.439632900992206865e-01 3.517920000000000158e+00 -1.120934001889270330e-02 9.993026551529976542e-01 -3.561676712602986072e-02 -1.972922000000000009e-01 -7.446555283777444023e-01 1.542968477414155895e-02 6.672706114345461348e-01 5.410306000000000282e+00
7.163294065008023459e-01 3.278194003629991693e-02 6.969917688105539133e-01 3.535383899999999802e+00 -1.198463225267393240e-02 9.993264450070908911e-01 -3.468464933162474645e-02 -1.980955000000000077e-01 -6.976593366192244128e-01 1.649244423807598448e-02 7.162397987483504203e-01 5.432109399999999866e+00
7.619050624911615222e-01 2.879401651212995517e-02 6.470483601427629017e-01 3.551275299999999913e+00 -1.356690831990618046e-02 9.995016281627147059e-01 -2.850323312751894267e-02 -1.992780000000000107e-01 -6.475466120280289894e-01 1.293831183661996176e-02 7.619159962475126058e-01 5.455267400000000322e+00
8.042009743522366971e-01 2.229326228404991325e-02 5.939392252643765913e-01 3.567433799999999877e+00 -1.290370362637257781e-02 9.997156626348566721e-01 -2.005213991752942057e-02 -2.006371999999999878e-01 -5.942173737645476406e-01 8.461934724635682137e-03 8.042599756155219826e-01 5.480027200000000320e+00
8.414559743644818290e-01 2.061789130397628789e-02 5.399321677437803890e-01 3.581020599999999998e+00 -1.551743063471450711e-02 9.997816559011376558e-01 -1.399463718986608887e-02 -2.008726999999999874e-01 -5.401028166495868144e-01 3.397511112061035558e-03 8.415921841161704275e-01 5.505782100000000234e+00
8.992804213812706227e-01 1.753327355833847120e-02 4.370209469106173805e-01 3.603445499999999857e+00 -1.901452041745166702e-02 9.998187219140839410e-01 -9.855573966054214340e-04 -2.018133000000000010e-01 -4.369590046372983649e-01 -7.423451246971244852e-03 8.994507883358406897e-01 5.559859799999999908e+00
9.357070872049270127e-01 2.554804723031869201e-02 3.518515940523627150e-01 3.621022899999999822e+00 -2.949365688580318778e-02 9.995478053991488920e-01 5.857382115571373171e-03 -2.028815999999999953e-01 -3.515428439862967047e-01 -1.585818414771081666e-02 9.360374708512281261e-01 5.616351599999999777e+00
