9.999941905576745782e-01 -1.837581527099496018e-03 -2.870913623342350503e-03 2.252634000000000025e-01 1.844810399877856635e-03 9.999951297907556658e-01 2.517353641893183523e-03 -5.346639999999999726e-02 2.866273798842763117e-03 -2.522635308781880775e-03 9.999927103662351602e-01 4.320804999999999785e-01
9.999618220795963852e-01 -9.614499853319918507e-04 -8.685044454662272512e-03 2.254338999999999926e-01 9.781305965013561369e-04 9.999976850076864876e-01 1.916569801516328480e-03 -5.331919999999999715e-02 8.683181662843562909e-03 -1.924991738580077768e-03 9.999604475993120190e-01 4.739676999999999918e-01
9.999133114062254135e-01 -2.184436779118499854e-03 -1.298452573623351362e-02 2.247400999999999982e-01 2.205866518363424570e-03 9.999962283083977388e-01 1.636313503616043750e-03 -5.350959999999999744e-02 1.298090233920736782e-02 -1.664813784477826679e-03 9.999143586175383014e-01 5.161831000000000058e-01
9.998464408844713880e-01 -3.767551813180437434e-04 -1.752006581575910743e-02 2.237413000000000041e-01 3.896153002297395094e-04 9.999996572009196560e-01 7.306147828857977294e-04 -5.395490000000000008e-02 1.751978454699165688e-02 -7.373286760287973800e-04 9.998462449276140918e-01 5.588729999999999531e-01
9.997465524356696775e-01 2.664189410628077948e-03 -2.235470840286519698e-02 2.222475999999999896e-01 -2.666272989974002427e-03 9.999964434780509448e-01 -6.340025436027421309e-05 -5.398660000000000264e-02 2.235445998756780198e-02 1.229879409335330408e-04 9.997501002713781171e-01 6.026943999999999635e-01
9.996407455761334715e-01 2.793463593977134774e-03 -2.665663791893677428e-02 2.207909999999999873e-01 -2.759636372215197673e-03 9.999953397643360775e-01 1.305701613387877207e-03 -5.380639999999999729e-02 2.666016112264365731e-02 -1.231669906744948997e-03 9.996437959584181243e-01 6.474813999999999847e-01
9.995100588464513880e-01 1.851297026554322121e-03 -3.124443893051601084e-02 2.194392000000000009e-01 -1.723057569186700871e-03 9.999899836547956333e-01 4.130818647044076815e-03 -5.411760000000000181e-02 3.125177334770847665e-02 -4.074958821996827428e-03 9.995032373000212189e-01 6.927541999999999867e-01
9.994070557634862073e-01 1.315873271416852491e-03 -3.440647275867482480e-02 2.172858000000000012e-01 -1.073357512404584952e-03 9.999744589435001219e-01 7.066071348685329032e-03 -5.434540000000000204e-02 3.441489203543179887e-02 -7.024951116393464076e-03 9.993829422538699214e-01 7.385306999999999844e-01
9.993157002800517885e-01 2.945224046828445394e-03 -3.687081269925812643e-02 2.150854000000000099e-01 -2.713379538660704721e-03 9.999762429907641526e-01 6.336483690146012780e-03 -5.448159999999999809e-02 3.688859912315685385e-02 -6.232103127379431777e-03 9.992999510383960837e-01 7.844868000000000396e-01
9.992295432472767525e-01 2.237086231805054427e-03 -3.918310027333300749e-02 2.131165999999999894e-01 -1.994078049265872454e-03 9.999785437535535504e-01 6.239846573104943124e-03 -5.456269999999999870e-02 3.919621862593428152e-02 -6.156904881019500779e-03 9.992125644564894271e-01 8.311380999999999908e-01
9.991553551669404287e-01 -7.770493855106010150e-04 -4.108494171199172235e-02 2.113368999999999942e-01 1.014564758405407619e-03 9.999828932346364052e-01 5.760546539761794357e-03 -5.458169999999999689e-02 4.107976265238495045e-02 -5.797364257853512143e-03 9.991390512176397953e-01 8.784437000000000495e-01
9.990618548422328660e-01 -6.408916170882470245e-04 -4.330126392072525254e-02 2.092954999999999954e-01 9.123363724126206265e-04 9.999800568850152338e-01 6.249277925119279056e-03 -5.446220000000000228e-02 4.329639524880482537e-02 -6.282920513340603530e-03 9.990425151455178954e-01 9.262447000000000319e-01
9.990048173067551662e-01 -2.262471148559748544e-03 -4.454499098887132469e-02 2.069603999999999888e-01 2.525516362371807693e-03 9.999797007942617943e-01 5.849766364733163110e-03 -5.446909999999999946e-02 4.453085183330861285e-02 -5.956443882091554815e-03 9.989902522103403237e-01 9.742326000000000041e-01
9.989243098906124274e-01 -2.436261113421528792e-04 -4.636985826893823964e-02 2.043588000000000071e-01 4.157953593039253161e-04 9.999930561437233578e-01 3.703346939621223865e-03 -5.476659999999999862e-02 4.636863405129301036e-02 -3.718643657826448037e-03 9.989174748023799122e-01 1.022550599999999976e+00
9.988465155319072863e-01 3.209004734613904214e-04 -4.801599142632880651e-02 2.020180000000000031e-01 -2.729281130549932369e-04 9.999994570948206318e-01 1.005644225867331548e-03 -5.490989999999999760e-02 4.801628806990659165e-02 -9.913793169359140598e-04 9.988460608357213610e-01 1.071897700000000064e+00
9.987560088044132867e-01 4.391115629636849725e-03 -4.967044373272656854e-02 1.988880000000000092e-01 -4.424940768877511608e-03 9.999900468515822149e-01 -5.710490017241060066e-04 -5.523720000000000019e-02 4.966744181323136387e-02 7.901273932748907949e-04 9.987654984641949341e-01 1.121289600000000108e+00
9.986887993853045264e-01 5.161932977802762522e-03 -5.093168395283582950e-02 1.962253999999999943e-01 -5.173477750199295157e-03 9.999866129769772183e-01 -9.484092672936426157e-05 -5.564659999999999745e-02 5.093051256670283466e-02 3.582105049581170691e-04 9.987021350607633297e-01 1.171331200000000017e+00
9.986205883953974682e-01 4.292938882423686688e-03 -5.233059438399267904e-02 1.934123000000000092e-01 -4.210924242385417730e-03 9.999897271768360962e-01 1.677396143415003232e-03 -5.619939999999999658e-02 5.233725776017579545e-02 -1.454722155199268240e-03 9.986284069830960730e-01 1.221680499999999947e+00
9.985020884040484157e-01 4.619829549873938693e-03 -5.451822289550651429e-02 1.871570999999999929e-01 -4.454360017321598239e-03 9.999850982827647172e-01 3.156246068603680167e-03 -5.682999999999999857e-02 5.453199179921915801e-02 -2.908674498736670434e-03 9.985077873923019487e-01 1.323541000000000079e+00
9.983433599667013159e-01 2.780367539676253073e-03 -5.747003712145679760e-02 1.816167999999999949e-01 -2.682566504969939938e-03 9.999948197481991485e-01 1.778851796292112673e-03 -5.761290000000000161e-02 5.747468527398581079e-02 -1.621737682571670891e-03 9.983456468175464504e-01 1.425626800000000083e+00
9.983228449303669372e-01 4.070121993501715253e-03 -5.774886489877119333e-02 1.748503999999999892e-01 -3.689380283156715873e-03 9.999707612246236943e-01 6.698146681948167515e-03 -5.798240000000000338e-02 5.777443866680807838e-02 -6.473855327751185280e-03 9.983086714207839441e-01 1.529934399999999917e+00
9.984411687576009165e-01 4.014204548811343108e-03 -5.566972868441436711e-02 1.691177000000000097e-01 -3.276792683412810877e-03 9.999057670807767195e-01 1.333115104983584667e-02 -5.820499999999999979e-02 5.571799673055320007e-02 -1.312795187544155487e-02 9.983602364476913404e-01 1.635101099999999974e+00
9.986061845234677214e-01 4.230753733365703526e-03 -5.260978002548009902e-02 1.630705000000000071e-01 -3.641178358521922342e-03 9.999295530773583129e-01 1.129737591991212230e-02 -5.803930000000000200e-02 5.265387024372684965e-02 -1.109006787003537046e-02 9.985512407197713047e-01 1.740105400000000024e+00
9.987059143801305661e-01 4.392446352911532834e-03 -5.066757342901098693e-02 1.572530000000000039e-01 -4.233550971984273437e-03 9.999857801178073657e-01 3.242932060317161008e-03 -5.782249999999999890e-02 5.068109734718692638e-02 -3.024231673833216710e-03 9.987103085452097018e-01 1.846910100000000110e+00
9.987405913760182274e-01 4.792414653160347688e-04 -5.016972658385859818e-02 1.520873000000000086e-01 -1.939622590897989289e-05 9.999579922803771836e-01 9.165876847494737467e-03 -5.823079999999999923e-02 5.017201173630200794e-02 -9.153360159796036788e-03 9.986986458567556069e-01 1.954870499999999955e+00
9.986912191480241674e-01 -2.912138104005557952e-03 -5.106239563804602227e-02 1.494097000000000064e-01 3.547222392573023183e-03 9.999174290425660860e-01 1.235120683182123862e-02 -5.821010000000000073e-02 5.102221094710391452e-02 -1.251617148204665735e-02 9.986190862593711248e-01 2.008979099999999907e+00
9.984981731403886895e-01 -1.159385016469667400e-02 -5.354419551795321086e-02 1.443166999999999922e-01 1.203347507454056824e-02 9.998964235977720882e-01 7.895413479669616957e-03 -5.841380000000000183e-02 5.344711136194965628e-02 -8.527878677789729744e-03 9.985342665989586086e-01 2.117243300000000161e+00
9.983153357900477198e-01 -1.056234448250886575e-02 -5.705196933881540727e-02 1.378134000000000026e-01 1.076663134165686299e-02 9.999366765947514946e-01 3.274515261261927868e-03 -5.861829999999999818e-02 5.701377005563806194e-02 -3.883256323782874071e-03 9.983658399326204025e-01 2.226954000000000100e+00
9.982068403133970147e-01 -7.969996571697538293e-03 -5.932607442087733940e-02 1.312562999999999924e-01 8.422930396476889861e-03 9.999372302180459249e-01 7.388495611333634888e-03 -5.903660000000000158e-02 5.926346425142942076e-02 -7.874946254402005394e-03 9.982113138140690234e-01 2.337982400000000016e+00
9.981130048523886300e-01 -6.036937679902037480e-03 -6.110634114381860438e-02 1.236242000000000035e-01 6.744014269385939335e-03 9.999125984056772554e-01 1.137162350507531575e-02 -5.943899999999999878e-02 6.103235056975996053e-02 -1.176226734332465329e-02 9.980664813783068912e-01 2.448444100000000123e+00
9.980950017746766934e-01 -2.167893292321017599e-04 -6.169538422600981398e-02 1.161786999999999959e-01 1.250859679841265747e-03 9.998593822080134030e-01 1.672277371344718308e-02 -5.930629999999999930e-02 6.168308343840794850e-02 -1.676808912776121471e-02 9.979549230323652154e-01 2.559746300000000030e+00
9.980798167208108085e-01 -4.433763151501950487e-04 -6.193934833363937825e-02 1.090750999999999943e-01 1.349714244496070864e-03 9.998926260600778937e-01 1.459159422884797642e-02 -5.911629999999999663e-02 6.192622809449124105e-02 -1.464717611433374693e-02 9.979732473898610401e-01 2.669407399999999875e+00
9.980312427042770107e-01 1.554127360622056721e-03 -6.269946789489851124e-02 1.013461999999999974e-01 -7.966717556048078788e-04 9.999264274387567042e-01 1.210392596138318115e-02 -5.889810000000000184e-02 6.271366597696441392e-02 -1.203014537367650023e-02 9.979590531189233005e-01 2.779178599999999832e+00
9.978990192388706992e-01 1.937895237393710292e-04 -6.478819219364310988e-02 9.423679999999999557e-02 7.242972958066233851e-04 9.998996666786004184e-01 1.414680067899050375e-02 -5.873919999999999836e-02 6.478443328089887598e-02 -1.416400443533847101e-02 9.977987563546210081e-01 2.887551799999999780e+00
9.978338156618368204e-01 3.079507358448115364e-03 -6.571295881459512933e-02 8.641989999999999394e-02 -2.663351281249746148e-03 9.999758473466129338e-01 6.419601496673328807e-03 -5.903370000000000145e-02 6.573114088232515084e-02 -6.230678763400421781e-03 9.978179171374180756e-01 2.994546399999999942e+00
9.977699078347236350e-01 3.922172043253262762e-03 -6.663203123085857660e-02 8.294709999999999583e-02 -3.582415884158923845e-03 9.999799706907719354e-01 5.217711540101639504e-03 -5.922970000000000318e-02 6.665116139963291053e-02 -4.967371915400185280e-03 9.977639740441294203e-01 3.048240700000000025e+00
9.977776235850256414e-01 7.141582472719532407e-04 -6.662810106116444364e-02 7.553959999999999841e-02 7.172660761999726962e-05 9.999304698689966964e-01 1.179195839805056295e-02 -5.957130000000000064e-02 6.663188972491061735e-02 -1.177053123548165575e-02 9.977081967519971784e-01 3.154496400000000200e+00
9.977517943591033278e-01 -1.342208345684630993e-03 -6.700414412516911278e-02 7.225499999999999978e-02 2.189734135002522220e-03 9.999185085455856159e-01 1.257701603679135458e-02 -5.978590000000000293e-02 6.698180288412416972e-02 -1.269546157996930338e-02 9.976734251936671960e-01 3.207241499999999856e+00
9.976830542090229237e-01 -6.823756133600989912e-03 -6.769017429719793866e-02 6.543459999999999555e-02 7.512148009338005805e-03 9.999225734497247942e-01 9.920420251462174974e-03 -6.012529999999999958e-02 6.761723875197576950e-02 -1.040593378361426465e-02 9.976570681179226519e-01 3.311591899999999811e+00
9.975920626955446791e-01 -8.606862924344474072e-03 -6.881859020243097369e-02 6.202799999999999980e-02 9.406779035554193799e-03 9.998918156789122769e-01 1.130793732316119279e-02 -6.043679999999999886e-02 6.871381924347416681e-02 -1.192806979061693251e-02 9.975651017332379800e-01 3.363353299999999990e+00
9.974362817700495043e-01 -1.256196254840578549e-02 -7.044899506501747788e-02 5.483280000000000098e-02 1.403351669929115558e-02 9.996927432945523773e-01 2.043231296899556890e-02 -6.023839999999999750e-02 7.017067918859787312e-02 -2.136857742445010325e-02 9.973061012954178572e-01 3.467029099999999975e+00
9.974261836022558780e-01 -1.094135008341495102e-02 -7.086109738771478872e-02 5.079129999999999756e-02 1.258191435091764523e-02 9.996620773978897034e-01 2.274700955734179977e-02 -6.001070000000000015e-02 7.058826882637947442e-02 -2.358003118928772915e-02 9.972267938805129406e-01 3.518320099999999950e+00
9.972444241790546782e-01 -8.070196577145348840e-03 -7.374571425507897571e-02 4.320720000000000116e-02 8.905823810936715559e-03 9.998997347318964168e-01 1.100939532089337605e-02 -5.971610000000000112e-02 7.364947213683259442e-02 -1.163582443531131078e-02 9.972163069483352960e-01 3.619496100000000105e+00
9.971926643116879596e-01 -6.226658315180043021e-03 -7.461915953147083003e-02 3.919310000000000155e-02 6.700993281727244538e-03 9.999588932452376788e-01 6.108069154603574559e-03 -5.981589999999999824e-02 7.457805932038819030e-02 -6.590944240787697563e-03 9.971933977529230386e-01 3.668879000000000001e+00
9.970825255988201574e-01 1.329174086766129028e-03 -7.631952857378884736e-02 3.056810000000000083e-02 -6.221800510733746514e-04 9.999566847068354081e-01 9.286635671683961604e-03 -6.040639999999999898e-02 7.632856632652251783e-02 -9.212057661652802917e-03 9.970401636625156883e-01 3.766659300000000155e+00
9.969138935510282185e-01 4.866353381109998072e-03 -7.835181841986325890e-02 2.256899999999999878e-02 -4.044241538837478611e-03 9.999351317702902531e-01 1.064783367205489502e-02 -6.110030000000000322e-02 7.839855199749933001e-02 -1.029809964519492506e-02 9.968689062200670747e-01 3.860970500000000083e+00
9.966431912094555479e-01 7.595675863031288444e-03 -8.151475402659533187e-02 1.471919999999999999e-02 -6.621324588603394803e-03 9.999034500197845343e-01 1.221673848556002404e-02 -6.170130000000000059e-02 8.159967816434651744e-02 -1.163599358524966196e-02 9.965972587644214009e-01 3.952619799999999906e+00
9.964204026039127360e-01 6.816965305188247420e-03 -8.426096521334328071e-02 6.946400000000000144e-03 -5.673554775612838635e-03 9.998886531133704958e-01 1.380188941189097220e-02 -6.209209999999999730e-02 8.434567001846929313e-02 -1.327442500290717219e-02 9.963481307203710946e-01 4.042032700000000034e+00
9.961687743447312782e-01 1.120688096370168856e-02 -8.673049544180705395e-02 -9.732000000000000199e-04 -9.455446986122712297e-03 9.997435265280710803e-01 2.057852491090074107e-02 -6.207019999999999899e-02 8.693887244960402105e-02 -1.967960833658434841e-02 9.960192495493800369e-01 4.127448099999999620e+00
9.958391831254809201e-01 1.724813759447079917e-02 -8.948085326759719349e-02 -9.220799999999999483e-03 -1.567669275278900029e-02 9.997108209157135050e-01 1.823501709253259884e-02 -6.211719999999999742e-02 8.976949736023762116e-02 -1.675638068177332657e-02 9.958216010160343412e-01 4.209446899999999658e+00
9.956053963776622107e-01 1.644955888675664335e-02 -9.219168463646444656e-02 -1.686570000000000083e-02 -1.605899382279758758e-02 9.998586604559680513e-01 4.976728704334487143e-03 -6.231520000000000115e-02 9.226051929767974114e-02 -3.474352260252740361e-03 9.957288413294526075e-01 4.287183800000000211e+00
9.954655785732416939e-01 2.000610370214465222e-02 -9.299482614909321265e-02 -2.509279999999999844e-02 -1.936935358139688090e-02 9.997823994936385628e-01 7.744792094122679611e-03 -6.321100000000000330e-02 9.312953354162076258e-02 -5.908424273982983664e-03 9.956364700556717962e-01 4.361365300000000111e+00
9.952753206250640750e-01 1.708877031798371193e-02 -9.557724668400402468e-02 -3.166660000000000308e-02 -1.651771357291455938e-02 9.998407017508640360e-01 6.762858911951052931e-03 -6.426569999999999505e-02 9.567759033858927453e-02 -5.152188987119979760e-03 9.953990424225060973e-01 4.431291599999999775e+00
9.954905824100861444e-01 5.093106146690701275e-03 -9.472360108550680058e-02 -3.696379999999999805e-02 -5.442578430970587341e-03 9.999793016927044365e-01 -3.431402948368556492e-03 -6.500290000000000235e-02 9.470416396785526214e-02 3.931469947726941999e-03 9.954976970697620997e-01 4.496999299999999700e+00
9.969989838641081237e-01 7.152471288969558007e-03 -7.708351528307763600e-02 -4.739000000000000157e-02 -6.670678464091593478e-03 9.999565864207451416e-01 6.505945173428973397e-03 -6.662150000000000016e-02 7.712670239783819826e-02 -5.972221381648983030e-03 9.970034124058974045e-01 4.618913700000000233e+00
9.983014785152244386e-01 6.354149500994547839e-03 -5.791185352271228937e-02 -5.058850000000000152e-02 -5.811348014609403131e-03 9.999376398308922331e-01 9.536492210346090084e-03 -6.718880000000000685e-02 5.796883842695287059e-02 -9.183748338445858403e-03 9.982761504402907216e-01 4.675684000000000395e+00
9.995551500654116239e-01 1.653768931005123247e-02 -2.481948448289535494e-02 -5.233220000000000233e-02 -1.629546866820361442e-02 9.998179094847937654e-01 9.930033954646306019e-03 -6.766869999999999830e-02 2.497918490655890930e-02 -9.521171447939133850e-03 9.996426299511554925e-01 4.729365300000000438e+00
9.996569227162378501e-01 1.137401599173993791e-02 2.359382600854546125e-02 -4.991929999999999978e-02 -1.164562516266633846e-02 9.998671257144196023e-01 1.140659152226896830e-02 -6.800259999999999638e-02 -2.346095224138493307e-02 -1.167744303368120976e-02 9.996565515436403038e-01 4.780603900000000017e+00
9.862291850132943738e-01 1.000793564609965894e-02 1.650813007342646910e-01 -3.500860000000000083e-02 -1.260550503179101028e-02 9.998125626593128423e-01 1.469492400494713455e-02 -6.864240000000000619e-02 -1.649032924804920697e-01 -1.657349609229168477e-02 9.861704839206920647e-01 4.875931300000000412e+00
9.657575850633626224e-01 1.183831653219395014e-02 2.591758884508074123e-01 -2.174169999999999922e-02 -1.551458101808112638e-02 9.998058976035517631e-01 1.214351238272747685e-02 -6.901259999999999339e-02 -2.589818230463581950e-01 -1.574869451223313843e-02 9.657537957226702829e-01 4.919799799999999834e+00
9.300095859490334904e-01 1.339033942380895258e-02 3.672912588845839155e-01 -3.202400000000000212e-03 -1.702902478342205317e-02 9.998327618213571633e-01 6.667885992036220663e-03 -6.947380000000000222e-02 -3.671405485067440466e-01 -1.245580984088883077e-02 9.300820772616654741e-01 4.960248499999999616e+00
8.760299544078755662e-01 1.467697795222751636e-02 4.820333031008597335e-01 1.950630000000000072e-02 -1.768858941160805429e-02 9.998420937260839025e-01 1.703354944942678598e-03 -6.942189999999999472e-02 -4.819321869150918203e-01 -1.001867913603088703e-02 8.761512388187362443e-01 4.996865299999999621e+00
8.056732409707948461e-01 1.270541411879510044e-02 5.922239451725044290e-01 4.747459999999999875e-02 -1.422068326346610789e-02 9.998966643583100389e-01 -2.105415076749596499e-03 -7.030859999999999888e-02 -5.921894975015478124e-01 -6.725552556864880689e-03 8.057706658793611920e-01 5.028978300000000345e+00
7.229844545167517511e-01 1.093124809113069952e-02 6.907778125723821327e-01 7.878469999999999918e-02 -1.537172715184296871e-02 9.998818127106098297e-01 2.657346688985321587e-04 -7.110529999999999629e-02 -6.906932666035511259e-01 -1.081057009204937532e-02 7.230670391068871883e-01 5.057087400000000343e+00
6.310903622476380370e-01 8.525871463829258826e-03 7.756624679549264378e-01 1.134089000000000069e-01 -1.179291875978859087e-02 9.999294865529231302e-01 -1.396062008809205533e-03 -7.183689999999999520e-02 -7.756196759657854045e-01 -8.266283190750001869e-03 6.311464068003083128e-01 5.080805800000000261e+00
5.375613770488247845e-01 8.275760064920022543e-03 8.431840117677275037e-01 1.503362000000000032e-01 -8.466937671242251787e-03 9.999544019073726142e-01 -4.416454747878079991e-03 -7.262380000000000224e-02 -8.431821137048879367e-01 -4.765070977082179644e-03 5.376069356200130489e-01 5.100027599999999772e+00
4.442287422585205481e-01 1.311457682597376093e-02 8.958174102048300780e-01 1.883640000000000037e-01 -1.338950745184135788e-02 9.998783670926618683e-01 -7.998256704382481624e-03 -7.367379999999999762e-02 -8.958133430808062903e-01 -8.441498373378184678e-03 4.443503071492156398e-01 5.116698699999999711e+00
3.627558229263216361e-01 3.247646634903351547e-03 9.318785681216099626e-01 2.288129999999999886e-01 9.030336795596550364e-03 9.999347236877051959e-01 -7.000098638650715382e-03 -7.415109999999999757e-02 -9.318404723719642124e-01 1.095450386496556530e-02 3.627028162210312878e-01 5.127654099999999993e+00
2.940417017925376908e-01 3.820069367260188996e-03 9.557849573397655396e-01 2.699585999999999930e-01 1.037362302564897448e-02 9.999203581774139815e-01 -7.187854177273127199e-03 -7.471609999999999363e-02 -9.557362949853217549e-01 1.202848171555070608e-02 2.939786558159428465e-01 5.138159299999999874e+00
2.627205969252893736e-01 1.149130164761738571e-02 9.648035229712127459e-01 2.910250999999999810e-01 -4.949287483344841712e-04 9.999305508467093428e-01 -1.177491099458682217e-02 -7.542930000000000468e-02 -9.648718272375632621e-01 2.616002645227160847e-03 2.627080385778221006e-01 5.143947599999999731e+00
2.344222322151653104e-01 1.578541014606114901e-02 9.720067066999997785e-01 3.125931000000000126e-01 -5.131775782050860581e-03 9.998743195517467708e-01 -1.500033260478535191e-02 -7.634240000000000470e-02 -9.721213308638905204e-01 -1.471709024250368071e-03 2.344737771094372869e-01 5.148632499999999723e+00
2.087542258953717644e-01 1.736034903963611098e-02 9.778140372545519599e-01 3.349596000000000240e-01 -4.253844358725420577e-03 9.998490908131933974e-01 -1.684340844966538547e-02 -7.729370000000000684e-02 -9.779588835830451687e-01 -6.433360339083392387e-04 2.087965711877272090e-01 5.152255499999999877e+00
1.854173076436766987e-01 1.861546320753767331e-02 9.824835299157634871e-01 3.578362999999999960e-01 3.449558907418118214e-03 9.998020562161924474e-01 -1.959461480146680243e-02 -7.789359999999999340e-02 -9.826538162392259856e-01 7.022315532815427523e-03 1.853163903032950532e-01 5.155100299999999969e+00
1.654018254200164406e-01 2.488667265500011175e-02 9.859122119498718861e-01 3.813648000000000038e-01 1.037163051161025043e-02 9.995823901027045544e-01 -2.697173848856123518e-02 -7.794420000000000515e-02 -9.861717220789981697e-01 1.468669195998778543e-02 1.650746366072493032e-01 5.157536000000000342e+00
1.458014791810671729e-01 3.172763247438475237e-02 9.888049787527279921e-01 4.051645999999999859e-01 1.230367618854251444e-02 9.993501647090394790e-01 -3.388019846847500904e-02 -7.802140000000000464e-02 -9.892373568668240136e-01 1.710571932384400556e-02 1.453163657182271473e-01 5.160100500000000423e+00
1.281138795314031853e-01 3.243321577962423458e-02 9.912289949278146883e-01 4.301310999999999884e-01 9.767837729114306825e-03 9.993753828638158865e-01 -3.396223596730879590e-02 -7.882110000000000505e-02 -9.917113608391864288e-01 1.403319778218085380e-02 1.277170550180961595e-01 5.163067800000000318e+00
1.124763597452358432e-01 2.797142003324600001e-02 9.932606244887508540e-01 4.561358999999999830e-01 8.041478318657967542e-03 9.995453506765138441e-01 -2.905901869326613790e-02 -8.006580000000000641e-02 -9.936218612354049684e-01 1.125573641699029181e-02 1.122002908766300822e-01 5.165829200000000121e+00
9.781238208357166675e-02 2.478180332000994718e-02 9.948962760686895779e-01 4.829319000000000250e-01 8.672859300492772802e-03 9.996307295665590731e-01 -2.575239829186420915e-02 -8.122980000000000478e-02 -9.951670811590843657e-01 1.114749884222009796e-02 9.756133376943687541e-02 5.168136600000000414e+00
8.470986490660489809e-02 2.240053400928018051e-02 9.961538309235193900e-01 5.109772000000000203e-01 1.069734603690734170e-02 9.996692000858220517e-01 -2.338925367641015926e-02 -8.215110000000000468e-02 -9.963482350941719190e-01 1.263750275457478991e-02 8.444221662685502672e-02 5.169960999999999807e+00
7.329942970000542790e-02 2.151731424307854607e-02 9.970778298575386778e-01 5.392803000000000457e-01 1.454913448659884111e-02 9.996377627710679725e-01 -2.264212727958767740e-02 -8.304590000000000583e-02 -9.972038489152281748e-01 1.616627445699216070e-02 7.295981961899566937e-02 5.171103999999999701e+00
6.302508554174673927e-02 2.226660826696817003e-02 9.977635174472659907e-01 5.685902000000000456e-01 1.775703443374878482e-02 9.995678026735783650e-01 -2.342852079054588352e-02 -8.384450000000000236e-02 -9.978539604173418676e-01 1.919390566299015652e-02 6.260245733855873684e-02 5.172491599999999856e+00
4.970458959434532337e-02 2.315563808755248185e-02 9.984955033439142369e-01 6.302337000000000078e-01 2.169055580384133750e-02 9.994703945903958830e-01 -2.425799097696988357e-02 -8.553900000000000392e-02 -9.985284039836717085e-01 2.286365592105943714e-02 4.917600711470238029e-02 5.174972999999999601e+00
4.424990597470954135e-02 2.411987213512598732e-02 9.987292814318674550e-01 6.622964000000000073e-01 2.250895270882480315e-02 9.994306500310131680e-01 -2.513409689124150581e-02 -8.642729999999999857e-02 -9.987668861497066564e-01 2.359253158886515794e-02 4.368179923088266747e-02 5.176082599999999978e+00
3.356779803206307033e-02 2.488970316206589456e-02 9.991264712796786851e-01 7.304041000000000006e-01 2.505786780753747889e-02 9.993546401089155040e-01 -2.573726002743799077e-02 -8.856509999999999383e-02 -9.991222678912817790e-01 2.589992218683730488e-02 3.292245182997721731e-02 5.178610299999999889e+00
2.762873423007593948e-02 2.427191698216833726e-02 9.993235347428051085e-01 8.023767000000000538e-01 2.791894180084698168e-02 9.992964392633240100e-01 -2.504314605561385951e-02 -9.065639999999999810e-02 -9.992282951025579507e-01 2.859196603335659517e-02 2.693164949984749867e-02 5.180498599999999954e+00
2.466066863012351951e-02 2.329643886445850048e-02 9.994243980206555245e-01 8.785317000000000265e-01 3.434480447655998553e-02 9.991185370519560793e-01 -2.413676292765706832e-02 -9.321690000000000531e-02 -9.991057430663593530e-01 3.492026425148588020e-02 2.383881952665212189e-02 5.181637799999999849e+00
3.207187619176032206e-02 2.299299190063970599e-02 9.992210551629689963e-01 1.001044800000000068e+00 4.171532352985338199e-02 9.988334311891046147e-01 -2.432300396332623404e-02 -9.674470000000000292e-02 -9.986146536779538785e-01 4.246291396568822873e-02 3.107530204523367701e-02 5.184404899999999650e+00
4.420508296969377637e-02 1.907942582182510158e-02 9.988402705888226318e-01 1.131573799999999963e+00 4.364036022368136813e-02 9.988263496609822711e-01 -2.101052551614158992e-02 -1.004946000000000034e-01 -9.980688501296843818e-01 4.451852123809349471e-02 4.332056864335465107e-02 5.190143100000000231e+00
5.645535803932686530e-02 1.711100677325659222e-02 9.982584865634036575e-01 1.268996400000000024e+00 3.693152031337350316e-02 9.991330548499387509e-01 -1.921461718515703881e-02 -1.039516999999999941e-01 -9.977218326547707683e-01 3.795197166729047389e-02 5.577447884625086338e-02 5.198574999999999946e+00
6.029218221887342605e-02 2.950244417932937346e-02 9.977446860548703222e-01 1.408722000000000030e+00 2.608572372986520116e-02 9.991751670664240637e-01 -3.112106256657515280e-02 -1.085631999999999986e-01 -9.978398607896837857e-01 2.790324900847734879e-02 5.947285863312434806e-02 5.209044500000000077e+00
6.037016270161948972e-02 2.728965738152284992e-02 9.978029455034591599e-01 1.502722700000000078e+00 2.094767922561746598e-02 9.993714211234158151e-01 -2.859995414026018229e-02 -1.121642000000000056e-01 -9.979562305985372195e-01 2.262823991748909302e-02 5.976056030356413640e-02 5.215445500000000401e+00
6.075587804538129522e-02 2.544681377990610713e-02 9.978282331901546787e-01 1.597015300000000027e+00 1.917272909753191604e-02 9.994607909829497094e-01 -2.665583888548765309e-02 -1.159789999999999988e-01 -9.979685013776173896e-01 2.075058929734776084e-02 6.023523306110289965e-02 5.221551899999999691e+00
6.078798493742091497e-02 2.629426082205124290e-02 9.978043058310930302e-01 1.690873999999999988e+00 1.454924766745776740e-02 9.995234205332389488e-01 -2.722592877837176281e-02 -1.199308000000000041e-01 -9.980446584595092929e-01 1.617231131767930472e-02 6.037645291904125688e-02 5.228157000000000387e+00
5.697768201205675315e-02 2.714723284515248997e-02 9.980062983275124200e-01 1.784213499999999897e+00 8.485916335875892669e-03 9.995809667390076481e-01 -2.767453987063833026e-02 -1.236596999999999974e-01 -9.983393876715840332e-01 1.004582908286368557e-02 5.672343732148499296e-02 5.234219999999999651e+00
4.819283812598149780e-02 2.369922960101894516e-02 9.985568571041316677e-01 1.877121899999999899e+00 4.169962641125631031e-03 9.997049940203951435e-01 -2.392773165708493924e-02 -1.270544000000000118e-01 -9.988293456666832437e-01 5.317090087635870793e-03 4.807979604850054489e-02 5.239436600000000332e+00
3.457936788689489754e-02 2.174106521793464988e-02 9.991654484617311649e-01 1.969608999999999943e+00 1.858947148103452796e-03 9.997602233882407763e-01 -2.181834196714838026e-02 -1.305630000000000124e-01 -9.994002259515670783e-01 2.611860234465544772e-03 3.453066107204261215e-02 5.243249399999999838e+00
1.586709577159746420e-02 2.315782785140247865e-02 9.996058974820926091e-01 2.061095499999999969e+00 1.908086657213411974e-03 9.997292323336468556e-01 -2.319097287493059045e-02 -1.337108999999999936e-01 -9.998722890835026744e-01 2.275308063100462547e-03 1.581861233277026546e-02 5.245279799999999604e+00
-5.349827463774163745e-03 2.113018793549904795e-02 9.997624190296003910e-01 2.151971800000000101e+00 1.632881118202440113e-03 9.997755779628796358e-01 -2.112172834414310918e-02 -1.369617999999999947e-01 -9.999843564003196850e-01 1.519495574343955255e-03 -5.383129929500407584e-03 5.245642199999999811e+00
-2.760688398183737402e-02 2.092801497103692621e-02 9.993997589284207006e-01 2.242331300000000027e+00 3.406438911371720626e-03 9.997769825587961012e-01 -2.084181660920632340e-02 -1.399577999999999933e-01 -9.996130532014657621e-01 2.829016613728202109e-03 -2.767201716974720949e-02 5.243779700000000155e+00
-4.947328873253493964e-02 2.241655717879795229e-02 9.985238563330556261e-01 2.331646399999999897e+00 3.353932873199230377e-03 9.997461926621492578e-01 -2.227782286981387985e-02 -1.433322999999999958e-01 -9.987698157414794942e-01 2.246824823258521814e-03 -4.953591567685289299e-02 5.240025499999999781e+00
-6.892840641320183148e-02 2.435281006167776263e-02 9.973243281056750620e-01 2.419495799999999974e+00 5.198332410577610058e-03 9.996972060485327383e-01 -2.405147727077304454e-02 -1.464044999999999930e-01 -9.976080653891513661e-01 3.526593378491534730e-03 -6.903412931048791279e-02 5.233882399999999713e+00
-8.786736898528837991e-02 2.507405244746217093e-02 9.958165580876153777e-01 2.504994400000000176e+00 5.951926220515496233e-03 9.996785200673011795e-01 -2.464611714481880489e-02 -1.495721999999999885e-01 -9.961144010814565464e-01 3.761437213686736128e-03 -8.798836029963719163e-02 5.226525800000000110e+00
-1.092229597393369750e-01 2.215693885628607779e-02 9.937703030007979388e-01 2.629799100000000056e+00 1.224017230363121100e-02 9.997057205294037630e-01 -2.094398536007635592e-02 -1.540984999999999994e-01 -9.939419114051667448e-01 9.876355669196680565e-03 -1.094620224138899145e-01 5.213264900000000424e+00
-1.131115851511970277e-01 2.043313915315408610e-02 9.933721639591734931e-01 2.670386600000000055e+00 1.520174490093348547e-02 9.997070794423629225e-01 -1.883247898679715066e-02 -1.556887000000000132e-01 -9.934659914947014947e-01 1.297081867767239244e-02 -1.133890718115307950e-01 5.208532800000000407e+00
-1.174766203634786121e-01 1.834737978568877492e-02 9.929061472883400352e-01 2.748639799999999855e+00 1.672175310734920484e-02 9.997241123120046424e-01 -1.649491542843566083e-02 -1.585753000000000024e-01 -9.929348551848666826e-01 1.466536453601090598e-02 -1.177510103652360529e-01 5.199296000000000362e+00
-1.171562537669890575e-01 2.013976335372168192e-02 9.929092617834424095e-01 2.823335900000000009e+00 1.915213293999722122e-02 9.996542363099903961e-01 -1.801675973472066997e-02 -1.607656000000000085e-01 -9.929288030907016394e-01 1.690555410349118756e-02 -1.175014648135094264e-01 5.190416299999999872e+00
-1.091613408894590992e-01 2.240294727266127495e-02 9.937715580598559528e-01 2.894169799999999793e+00 1.980522127666262122e-02 9.995965559175097326e-01 -2.035874770302315701e-02 -1.632203999999999877e-01 -9.938267227567377793e-01 1.745947740773701878e-02 -1.095609957204249918e-01 5.182877500000000026e+00
-7.647731394287238249e-02 2.323694436964146570e-02 9.968005140791437180e-01 2.992251200000000111e+00 1.729690273024476338e-02 9.996088741954918255e-01 -2.197534494750582115e-02 -1.672420000000000018e-01 -9.969212795441891872e-01 1.556094617893160822e-02 -7.684932885843964723e-02 5.175487000000000393e+00
-3.806366319670603793e-02 2.707338529401858221e-02 9.989084989891561239e-01 3.052936100000000152e+00 1.496833770561102964e-02 9.995362109981501542e-01 -2.652002582563171493e-02 -1.699173999999999962e-01 -9.991632030906552053e-01 1.394255041887991139e-02 -3.845125326226028761e-02 5.173992199999999819e+00
1.506245108013037730e-02 3.193933545405054641e-02 9.993763062121355789e-01 3.111620199999999947e+00 1.114001547150363439e-02 9.994222986578701340e-01 -3.210870599562925393e-02 -1.724245000000000083e-01 -9.998244959105339058e-01 1.161670332636279522e-02 1.469794479081798499e-02 5.175922899999999771e+00
8.629609408890734357e-02 2.892152332544471044e-02 9.958496521230167930e-01 3.168862299999999799e+00 8.035107896148726073e-03 9.995258309113740358e-01 -2.972457538846611652e-02 -1.749500999999999973e-01 -9.962371310014975778e-01 1.056687415762650080e-02 8.602278758818027171e-02 5.181970100000000023e+00
1.742159884276751336e-01 2.060581003123885743e-02 9.844918435259504275e-01 3.224670600000000054e+00 2.752073726837504092e-03 9.997669376285353016e-01 -2.141253172939892521e-02 -1.776870999999999867e-01 -9.847036180833144137e-01 6.439799516829777283e-03 1.741186765278579518e-01 5.192868200000000378e+00
2.741943572473548030e-01 1.581150533102246292e-02 9.615443051429699572e-01 3.277450599999999881e+00 -5.320252646034141254e-03 9.998744665998701153e-01 -1.492467599003712703e-02 -1.795738000000000056e-01 -9.616595808109500432e-01 -1.023396693502688637e-03 2.742440579004682411e-01 5.209649599999999658e+00
3.288038788144393432e-01 1.569559800743081102e-02 9.442677890724476830e-01 3.303178799999999971e+00 -5.987958502824653265e-03 9.998764335498236955e-01 -1.453485413250707806e-02 -1.801669999999999938e-01 -9.443792424812967878e-01 -8.751199197493900878e-04 3.288572342758755429e-01 5.220354999999999634e+00
3.865893980688779319e-01 1.617994257122258583e-02 9.221099971039977694e-01 3.327560899999999933e+00 -3.651495416079231227e-03 9.998651094529047434e-01 -1.601341562431676802e-02 -1.809199999999999975e-01 -9.222447093271769480e-01 2.823536279685305919e-03 3.865963317996023996e-01 5.232382799999999889e+00
4.461148125008782550e-01 1.987194562459827785e-02 8.947550948971449980e-01 3.350279800000000030e+00 -2.643352511259760076e-03 9.997783588359291373e-01 -2.088650020556920631e-02 -1.815158000000000049e-01 -8.949718357327269835e-01 6.952623995948224722e-03 4.460684636518966739e-01 5.245893999999999835e+00
5.054931923700186625e-01 2.352757334121504534e-02 8.625097598057896997e-01 3.371964699999999926e+00 -1.812604876139977186e-03 9.996549124474405357e-01 -2.620630617357551026e-02 -1.823117999999999961e-01 -8.628286892142206232e-01 1.168371997156451500e-02 5.053613991555901963e-01 5.260986299999999893e+00
5.638837651853428889e-01 2.734682813904595888e-02 8.254012662645572318e-01 3.392722599999999922e+00 -5.562662956707006487e-03 9.995546978519824766e-01 -2.931659569019037792e-02 -1.832428000000000112e-01 -8.258354292116748541e-01 1.193972331193203680e-02 5.637847877213462144e-01 5.277520199999999662e+00
6.195261258123325732e-01 2.988471656064810300e-02 7.844069627126288857e-01 3.411733599999999811e+00 -8.955544742752855059e-03 9.994790919194664891e-01 -3.100553231601109461e-02 -1.841949999999999976e-01 -7.849249503324011723e-01 1.218394566338760858e-02 6.194710435635786272e-01 5.295883700000000083e+00
6.721347894431111136e-01 3.096900169830063554e-02 7.397808768507572186e-01 3.429509200000000035e+00 -1.055102430471339774e-02 9.994240744922051611e-01 -3.225205747732154404e-02 -1.850434999999999997e-01 -7.403536321963888334e-01 1.387228384981210004e-02 6.720744445628059616e-01 5.315061100000000316e+00
7.207870070844960564e-01 2.865247965333628244e-02 6.925641672999620635e-01 3.445742399999999872e+00 -1.033450272917050411e-02 9.994784554420100831e-01 -3.059436485032246411e-02 -1.861128999999999978e-01 -6.930795686438284697e-01 1.489471439702787399e-02 7.207071936726561212e-01 5.335598000000000063e+00
7.662287746197710137e-01 2.446072145213300242e-02 6.421021243156928016e-01 3.460799499999999806e+00 -1.145774844710032055e-02 9.996364132478781084e-01 -2.440822216877902920e-02 -1.871633000000000047e-01 -6.424657072133945768e-01 1.134523754527274123e-02 7.662304487814578513e-01 5.357187299999999652e+00
8.079645285754820661e-01 1.858734996863449507e-02 5.889378838085919110e-01 3.475016099999999941e+00 -1.076067186678162681e-02 9.998010995038622006e-01 -1.679194365889746798e-02 -1.879901999999999962e-01 -5.891328615047495276e-01 7.229927524646130935e-03 8.080038364037721577e-01 5.379902399999999751e+00
8.448122214682778353e-01 1.655291600104327049e-02 5.348067982268887022e-01 3.487408199999999958e+00 -1.286955983454910087e-02 9.998608130775308300e-01 -1.061738675964601572e-02 -1.882033999999999929e-01 -5.349081088257108263e-01 2.086970004899860523e-03 8.449076633980190376e-01 5.403807600000000377e+00
8.761705085667144122e-01 1.315025607823838011e-02 4.818218661321027052e-01 3.498329399999999811e+00 -1.318030313416129057e-02 9.999076160675314240e-01 -3.322489945502878766e-03 -1.886657999999999946e-01 -4.818210451269607231e-01 -3.439490547029344474e-03 8.762628888510229919e-01 5.428301300000000218e+00
9.225120196080778268e-01 1.530797269635220115e-02 3.856646725467000048e-01 3.516501900000000180e+00 -1.924961219504654070e-02 9.997944746085569712e-01 6.360894004767914112e-03 -1.899052999999999991e-01 -3.854880362721596621e-01 -1.329189655870494785e-02 9.226170925020340530e-01 5.479676200000000108e+00
9.379310047149284069e-01 2.134022183652207333e-02 3.461647372659626964e-01 3.523730299999999982e+00 -2.611663417731469733e-02 9.996171280701227069e-01 9.138855950734537520e-03 -1.900822000000000067e-01 -3.458371752916295505e-01 -1.761227415207885366e-02 9.381292320280286701e-01 5.506666700000000247e+00
9.595609754346289266e-01 2.699327706954616005e-02 2.802036713106916821e-01 3.537426700000000146e+00 -3.056269061582876992e-02 9.994977543805771969e-01 8.376212181191953002e-03 -1.896359999999999990e-01 -2.798368388280294550e-01 -1.660126444672001267e-02 9.599040273139317625e-01 5.561522000000000077e+00
9.658257093958427797e-01 2.148019488262464111e-02 2.583007942260757139e-01 3.544619299999999917e+00 -2.450740054173748683e-02 9.996634674400424192e-01 8.505244525483112231e-03 -1.896590999999999971e-01 -2.580311732886239606e-01 -1.454486485175718845e-02 9.660271013370899107e-01 5.589495199999999997e+00
9.699525730011833158e-01 1.827517099170074613e-02 2.426067275522433286e-01 3.551566600000000129e+00 -2.116209875288768347e-02 9.997328135374128344e-01 9.298769431579125000e-03 -1.900349000000000066e-01 -2.423719697175342747e-01 -1.415343286248041052e-02 9.700801557775780015e-01 5.618199800000000188e+00
9.729540372609474241e-01 2.228093704201101685e-02 2.299217284689572538e-01 3.557631699999999952e+00 -2.501356132831993387e-02 9.996468063866444931e-01 8.976871986214440824e-03 -1.899314000000000002e-01 -2.296405084633313387e-01 -1.448524509673362534e-02 9.731677216940510800e-01 5.647816699999999912e+00
