9.999485548635550503e-01 -2.176229047156667904e-03 9.907151630114498231e-03 -1.803200000000000029e-03 2.147710879914379364e-03 9.999935225870740796e-01 2.888273164247417979e-03 -5.801869999999999944e-02 -9.913373001358628117e-03 -2.866846879295434358e-03 9.999467516946622947e-01 3.067804000000000086e-01
9.999887411151996419e-01 -1.036626618185843788e-03 4.630663893298577610e-03 -1.524500000000000030e-03 1.026566348674877189e-03 9.999971091087456188e-01 2.174381678396700331e-03 -5.781139999999999890e-02 -4.632904528478748798e-03 -2.169603513558986986e-03 9.999869144224958761e-01 3.519843000000000277e-01
9.999975025956285846e-01 -2.188033227532144420e-03 4.553164844524969874e-04 -1.786000000000000044e-03 2.187162154933283958e-03 9.999957938332523222e-01 1.904898294260979437e-03 -5.802589999999999831e-02 -4.594825500783527574e-04 -1.903897685976340499e-03 9.999980820228544509e-01 3.977432000000000190e-01
9.999923479199988030e-01 -3.734537785502942651e-04 -3.894179467266934997e-03 -2.584700000000000105e-03 3.773446630559704239e-04 9.999994303371431137e-01 9.984670222715108685e-04 -5.846610000000000001e-02 3.893804367615309129e-03 -9.999288297609333284e-04 9.999919191822912445e-01 4.444258999999999848e-01
9.999568064840614889e-01 2.663601694413010416e-03 -8.904515270954595565e-03 -3.399099999999999951e-03 -2.662340774735390443e-03 9.999964441902267076e-01 1.534552116303854847e-04 -5.844280000000000308e-02 8.904892351753882287e-03 -1.297417292751397108e-04 9.999603422432749023e-01 4.921693999999999791e-01
9.999097104288523497e-01 2.924133082830505242e-03 -1.311565613313168607e-02 -4.429599999999999684e-03 -2.905733776713648880e-03 9.999947677443142835e-01 1.421687452934479023e-03 -5.816430000000000211e-02 1.311974471197988046e-02 -1.383448484354245309e-03 9.999129753978511781e-01 5.408732000000000539e-01
9.998433591487062566e-01 1.812740218754963981e-03 -1.760599724895876503e-02 -5.343399999999999886e-03 -1.735912221358403441e-03 9.999889096138296907e-01 4.378042725196469240e-03 -5.859729999999999800e-02 1.761373824577775263e-02 -4.346794479063324779e-03 9.998354172576434662e-01 5.901513999999999927e-01
9.997862022928067915e-01 1.193093855051309592e-03 -2.064282519375559150e-02 -7.067999999999999630e-03 -1.040371505390209938e-03 9.999720230118173125e-01 7.407484106252707791e-03 -5.890440000000000259e-02 2.065108549344765038e-02 -7.384424196012386553e-03 9.997594725468900156e-01 6.397353999999999541e-01
9.997249259985022674e-01 2.912279897325638963e-03 -2.327210697570883391e-02 -8.598700000000000787e-03 -2.758499025402297213e-03 9.999741679960492124e-01 6.637320523827143492e-03 -5.904279999999999945e-02 2.329083554568314035e-02 -6.571298685099881062e-03 9.997071346215226084e-01 6.899638999999999633e-01
9.996684067847048105e-01 2.231844722260360649e-03 -2.565336908995814041e-02 -1.001510000000000074e-02 -2.065376555931751432e-03 9.999766520403858827e-01 6.513800256612549064e-03 -5.910479999999999901e-02 2.566730792685724405e-02 -6.458656457542604618e-03 9.996496761668816067e-01 7.407846999999999626e-01
9.996196710935086882e-01 -8.212020726931648987e-04 -2.756517349956798951e-02 -1.125460000000000002e-02 9.870177733512892296e-04 9.999814986929818073e-01 6.002338515372020525e-03 -5.904840000000000089e-02 2.755973437500023465e-02 -6.027262968697663995e-03 9.996019873641136533e-01 7.922361999999999460e-01
9.995600819855476882e-01 -5.931221433786820459e-04 -2.965283641016880009e-02 -1.284390000000000011e-02 7.871185974578650364e-04 9.999783629315326383e-01 6.531011643347013444e-03 -5.894139999999999796e-02 2.964832112209280987e-02 -6.551478832678327667e-03 9.995389212930860801e-01 8.441670999999999481e-01
9.995129920400478429e-01 -2.362015460277311352e-03 -3.111590632002701057e-02 -1.452759999999999989e-02 2.560559779367250002e-03 9.999766078558093296e-01 6.342497521104154511e-03 -5.909980000000000094e-02 3.110019737505813342e-02 -6.419082812547019685e-03 9.994956593698033354e-01 8.965800999999999910e-01
9.994566760446478293e-01 -2.696020685003682176e-04 -3.295876248448205426e-02 -1.661779999999999854e-02 4.087042219778245448e-04 9.999910382728732783e-01 4.213826621935906798e-03 -5.944809999999999678e-02 3.295733106067265383e-02 -4.225007534367080340e-03 9.994478293741457797e-01 9.491574000000000400e-01
9.994064963936528656e-01 3.532839914328243184e-04 -3.444604703859248385e-02 -1.855000000000000052e-02 -3.042183017123365179e-04 9.999989317723327886e-01 1.429652201797291773e-03 -5.954740000000000033e-02 3.444651531560823099e-02 -1.418324580128918965e-03 9.994055362754385996e-01 1.002629200000000109e+00
9.993400574591406738e-01 4.455951092720053519e-03 -3.604988290439457149e-02 -2.131190000000000168e-02 -4.466176347249772860e-03 9.999900059560858923e-01 -2.031176565402221179e-04 -5.975579999999999781e-02 3.604861753793812268e-02 3.639887449066026405e-04 9.993499710740961772e-01 1.056524599999999925e+00
9.992903566849761221e-01 5.270922498188860758e-03 -3.729611792708969337e-02 -2.346960000000000018e-02 -5.267207119595539513e-03 9.999861085906928126e-01 1.978757249525593264e-04 -6.017089999999999939e-02 3.729664281906049789e-02 -1.288925888299534092e-06 9.993042381741239488e-01 1.111040000000000028e+00
9.992456981353711187e-01 4.395771145128149655e-03 -3.858383021415248693e-02 -2.588290000000000035e-02 -4.316580696150570766e-03 9.999884033343343637e-01 2.135492435558432323e-03 -6.082749999999999962e-02 3.859276990640225780e-02 -1.967331412946428035e-03 9.992530849179617203e-01 1.165913100000000036e+00
9.991606422077430327e-01 4.482150154063243783e-03 -4.071758088353125832e-02 -3.142659999999999898e-02 -4.337984389205821675e-03 9.999840085720610450e-01 3.628290450225252640e-03 -6.146809999999999774e-02 4.073319229387117185e-02 -3.448612786124300843e-03 9.991641076997321846e-01 1.276727600000000074e+00
9.990422734774507818e-01 2.575701968944985130e-03 -4.367953255672086393e-02 -3.590369999999999673e-02 -2.493481611127271267e-03 9.999950157948904739e-01 1.936733030588459227e-03 -6.206849999999999867e-02 4.368430329605172552e-02 -1.825964058785149290e-03 9.990437165113420503e-01 1.387632800000000000e+00
9.990264268782409474e-01 3.752016244916466393e-03 -4.395589577056253916e-02 -4.171470000000000039e-02 -3.445787673418937869e-03 9.999692790345473536e-01 7.040421467317052075e-03 -6.258320000000000549e-02 4.398096117872356270e-02 -6.882104418390324989e-03 9.990086644732216747e-01 1.501048900000000019e+00
9.991273977782565430e-01 3.680108130254465277e-03 -4.160408409037724686e-02 -4.672250000000000014e-02 -3.109850657694442685e-03 9.999004468076601038e-01 1.376318650344074933e-02 -6.286600000000000521e-02 4.165059228554118809e-02 -1.362179422804834193e-02 9.990393760429427950e-01 1.615170500000000064e+00
9.992520469061247912e-01 4.118789369111227998e-03 -3.844973768509439560e-02 -5.170330000000000065e-02 -3.676023149053594605e-03 9.999262034065572458e-01 1.157905845722244191e-02 -6.250110000000000388e-02 3.849459192831239385e-02 -1.142905573881975410e-02 9.991934462741394185e-01 1.729693900000000006e+00
9.993245041579954524e-01 4.230054603401469868e-03 -3.650536984374697091e-02 -5.635169999999999763e-02 -4.089724398050765403e-03 9.999839619175382444e-01 3.917915523775601996e-03 -6.254819999999999824e-02 3.652135736421220635e-02 -3.765972086420127807e-03 9.993257766667084097e-01 1.845937799999999962e+00
9.993580099114002246e-01 2.083540873755859810e-03 -3.576628137440554522e-02 -5.833990000000000009e-02 -1.909006351975347940e-03 9.999861074005436112e-01 4.913318700906315478e-03 -6.275989999999999347e-02 3.577602158812348554e-02 -4.841886340667924532e-03 9.993481037236174869e-01 1.904374199999999906e+00
9.993554356033937935e-01 2.268288907794119205e-04 -3.589793696865185846e-02 -6.044490000000000279e-02 1.220470123935394474e-04 9.999527905220414459e-01 9.716060503563508921e-03 -6.285109999999999308e-02 3.589844612901454957e-02 -9.714179112845756914e-03 9.993082288711955252e-01 1.963599799999999895e+00
9.992434245499488554e-01 -9.849676329649505527e-03 -3.762396005063534110e-02 -6.406399999999999595e-02 1.031452251403770261e-02 9.998726088911764620e-01 1.218099398488286904e-02 -6.267230000000000023e-02 3.749918824452165567e-02 -1.255985132688621810e-02 9.992177245303690558e-01 2.081752100000000105e+00
9.991090622014066058e-01 -1.214826853953388137e-02 -4.041659805719891030e-02 -6.906569999999999376e-02 1.233900605264330770e-02 9.999138660982649363e-01 4.473177176684415418e-03 -6.256290000000000462e-02 4.035877546034610797e-02 -4.967892502112930889e-03 9.991729025986587631e-01 2.199824599999999908e+00
9.989882878120521781e-01 -1.151345673863717750e-02 -4.347230300170144141e-02 -7.436320000000000430e-02 1.175736345944100938e-02 9.999165186929112048e-01 5.359109024021927598e-03 -6.309860000000000468e-02 4.340697200711898102e-02 -5.864806814915735772e-03 9.990402588595700406e-01 2.320207799999999931e+00
9.989197971262526732e-01 -8.075071913165884560e-03 -4.576059574397391833e-02 -8.039630000000000387e-02 8.519049844432578442e-03 9.999184373431048156e-01 9.515484804857218468e-03 -6.375340000000000173e-02 4.568002516411607400e-02 -9.895042946879756621e-03 9.989071145136995122e-01 2.440739400000000003e+00
9.988736698594387065e-01 -7.072952555925500484e-03 -4.691870632997717505e-02 -8.634079999999999533e-02 7.792820969910470297e-03 9.998544432502262103e-01 1.517775523953269340e-02 -6.386840000000000572e-02 4.680452545286552246e-02 -1.552628915490966363e-02 9.987833953076162841e-01 2.562930300000000106e+00
9.988848209263924138e-01 -1.129993394564772491e-03 -4.719997497644840001e-02 -9.356979999999999464e-02 1.921448229511809377e-03 9.998582625017919945e-01 1.672611561597497562e-02 -6.349810000000000176e-02 4.717438456991697449e-02 -1.679815531020879479e-02 9.987454127146836447e-01 2.683958800000000089e+00
9.989017784810249045e-01 1.522793599698143941e-03 -4.682860287365232105e-02 -1.004630999999999996e-01 -9.276836998099379731e-04 9.999185734804670878e-01 1.272736468169725910e-02 -6.295159999999999645e-02 4.684417093298404861e-02 -1.266994508435321382e-02 9.988218540566484727e-01 2.803739999999999899e+00
9.988298563528281715e-01 1.160305124477206250e-03 -4.834844103181266950e-02 -1.029739999999999961e-01 -5.447612658525426144e-04 9.999186608327546022e-01 1.274264311647966240e-02 -6.301660000000000594e-02 4.835929376398896695e-02 -1.270139403565024964e-02 9.987492444533809799e-01 2.863966000000000012e+00
9.987392754843551490e-01 -5.451095147466552410e-04 -5.019524340614700542e-02 -1.092058000000000056e-01 1.294659038095729133e-03 9.998881301382598341e-01 1.490137800974971651e-02 -6.276890000000000247e-02 5.018150518827119155e-02 -1.494757720272111602e-02 9.986282523906522268e-01 2.982112199999999991e+00
9.986888921395421503e-01 2.503836474268487065e-03 -5.112951711099926466e-02 -1.160182000000000019e-01 -2.143010942280036864e-03 9.999724224080471791e-01 7.110691069310030518e-03 -6.283260000000000234e-02 5.114591108969622490e-02 -6.991797071713405295e-03 9.986667164537490482e-01 3.098764899999999933e+00
9.986501484607871459e-01 3.695931478098750649e-03 -5.180946891985212244e-02 -1.192024000000000000e-01 -3.397244362169280895e-03 9.999771062342670547e-01 5.851985824066764132e-03 -6.311869999999999981e-02 5.182991134462447413e-02 -5.668077085799743710e-03 9.986398415806160278e-01 3.157241099999999800e+00
9.986568152675925347e-01 5.683552369148885206e-04 -5.180967372908595880e-02 -1.254794999999999938e-01 7.093181159902923636e-05 9.999239003339962517e-01 1.233647070788282396e-02 -6.342670000000000252e-02 5.181274252795128876e-02 -1.232357550279216188e-02 9.985807775030316469e-01 3.273679700000000192e+00
9.986360365335399392e-01 -1.612079838591633403e-03 -5.218685404559455371e-02 -1.282428999999999930e-01 2.304897528844719948e-03 9.999099785716774047e-01 1.321825253840303374e-02 -6.368780000000000274e-02 5.216084723203514434e-02 -1.332050867577808106e-02 9.985498535699931510e-01 3.331380400000000019e+00
9.985839158050144881e-01 -6.895996747284920299e-03 -5.275043435257310842e-02 -1.341206000000000065e-01 7.457915242103262642e-03 9.999174493699236610e-01 1.046297977574905079e-02 -6.388670000000000460e-02 5.267392709648002769e-02 -1.084157158384178345e-02 9.985529118328317910e-01 3.445584100000000038e+00
9.985094859082102037e-01 -8.930278377941379409e-03 -5.384288884722033403e-02 -1.370586000000000026e-01 9.598855175362446673e-03 9.998798524678534916e-01 1.217138480970387203e-02 -6.444389999999999841e-02 5.372772590240599416e-02 -1.267007328139601978e-02 9.984752379064790739e-01 3.502630700000000097e+00
9.983572268304231612e-01 -1.307269026017386475e-02 -5.578487612990329358e-02 -1.429590000000000027e-01 1.427208512984999393e-02 9.996743042612368235e-01 2.115639349838329200e-02 -6.399630000000000596e-02 5.549013625423362961e-02 -2.191780484386325265e-02 9.982186406841503379e-01 3.616157299999999797e+00
9.982813154994603089e-01 -1.017230479958333364e-02 -5.771429060234043590e-02 -1.496007000000000031e-01 1.133575018475643792e-02 9.997383623368139016e-01 1.986725043518175124e-02 -6.386640000000000372e-02 5.749709464325846592e-02 -2.048733968014903109e-02 9.981354382148819315e-01 3.728355899999999945e+00
9.981730862217585987e-01 -6.616751179363365883e-03 -6.005587853291444872e-02 -1.563992999999999911e-01 7.033327298461151435e-03 9.999526337990307656e-01 6.727738512625890989e-03 -6.327009999999999579e-02 6.000851814236460996e-02 -7.137840164359384072e-03 9.981723443314514110e-01 3.837651999999999841e+00
9.980889300114865748e-01 8.368553714932242676e-04 -6.178824695371334941e-02 -1.641405999999999976e-01 -2.190266286084756428e-04 9.999499224803778397e-01 1.000522657526097328e-02 -6.408510000000000595e-02 6.179352567916661376e-02 -9.972572615606814517e-03 9.980391314871199793e-01 3.945131299999999896e+00
9.979547814486094959e-01 4.264286564328650594e-03 -6.378142397246529260e-02 -1.715899999999999925e-01 -3.561190261523250206e-03 9.999316830734122918e-01 1.113315363651464808e-02 -6.434280000000000554e-02 6.382454157907689607e-02 -1.088324611824493908e-02 9.979017901808526769e-01 4.048987399999999681e+00
9.977540098712159855e-01 7.171841857917922447e-03 -6.659955307863883733e-02 -1.790174999999999961e-01 -6.329500816881548572e-03 9.998973989273858276e-01 1.285025438103840414e-02 -6.525870000000000282e-02 6.668487988531217325e-02 -1.239985091093103939e-02 9.976970334184963596e-01 4.149159000000000042e+00
9.975585346071081938e-01 6.280648389090820113e-03 -6.955230757014117804e-02 -1.857590000000000074e-01 -5.298788939548750021e-03 9.998838189023404599e-01 1.429235925401718676e-02 -6.537460000000000493e-02 6.963399218982797845e-02 -1.388892195544296979e-02 9.974759169917951640e-01 4.246656399999999998e+00
9.973767963737271147e-01 1.065486096202438761e-02 -7.159608923091360932e-02 -1.938691999999999915e-01 -9.173465268616185289e-03 9.997376396880178762e-01 2.098807580500338180e-02 -6.518549999999999345e-02 7.180093028816901535e-02 -2.027623557051467726e-02 9.972128662832437929e-01 4.340851800000000260e+00
9.970895889552218172e-01 1.669254003905050465e-02 -7.438891519676366082e-02 -2.016174000000000022e-01 -1.536043293691630174e-02 9.997119029155703274e-01 1.844365118190475009e-02 -6.503420000000000034e-02 7.467535535300182103e-02 -1.724732663266905983e-02 9.970587349935453592e-01 4.430743699999999841e+00
9.968959511002739582e-01 1.608425659122459522e-02 -7.706983436979635005e-02 -2.088502999999999887e-01 -1.572694343744192313e-02 9.998625883347421750e-01 5.240963524522393793e-03 -6.511359999999999371e-02 7.714354107762812218e-02 -4.012622391593790791e-03 9.970119221611880578e-01 4.516094200000000392e+00
9.967750805463616581e-01 1.968538063237556743e-02 -7.779411668727188867e-02 -2.166742999999999864e-01 -1.913544124941563354e-02 9.997864093347390568e-01 7.808367162208984177e-03 -6.587350000000000150e-02 7.793121126984069169e-02 -6.294561057626948952e-03 9.969388671383553335e-01 4.597330999999999612e+00
9.967289843606154109e-01 8.879389936301903749e-03 -8.032738119604659888e-02 -2.251819999999999933e-01 -8.780547893035504578e-03 9.999601962341174710e-01 1.583643306859617824e-03 -6.738660000000000483e-02 8.033824565021313591e-02 -8.731447671216669305e-04 9.967672767020703262e-01 4.710166499999999701e+00
9.970855479273179611e-01 7.128994823781023907e-03 -7.595780109562541571e-02 -2.307881999999999989e-01 -7.419966119480855826e-03 9.999661731678299859e-01 -3.549172138826580183e-03 -6.815730000000000399e-02 7.592992965402936556e-02 4.102432557370078517e-03 9.971047165818875957e-01 4.780340200000000372e+00
9.977013805707373173e-01 1.068724386094020533e-02 -6.691590263832367103e-02 -2.362270999999999954e-01 -1.056412349338156122e-02 9.999417921943931642e-01 2.193517239898445589e-03 -6.883340000000000292e-02 6.693545026412686672e-02 -1.481567319410043810e-03 9.977562079266741879e-01 4.847257100000000207e+00
9.985775673727890211e-01 2.322222820142600189e-03 -5.326771274436940123e-02 -2.384813000000000072e-01 -1.779864429010891841e-03 9.999461195725326546e-01 1.022692693083401827e-02 -7.017790000000000139e-02 5.328859186033523682e-02 -1.011757050916302358e-02 9.985278968283933798e-01 4.911092799999999592e+00
9.998080596307641343e-01 1.464574204392858278e-02 1.301330616519483750e-02 -2.399226999999999888e-01 -1.478481915343360029e-02 9.998339139893130945e-01 1.065615124756956640e-02 -7.084129999999999594e-02 -1.285507759473502286e-02 -1.084650528020514142e-02 9.998585401461748123e-01 5.028944000000000081e+00
9.975791407555385515e-01 9.999604366172169453e-03 6.881762740723745830e-02 -2.346338000000000035e-01 -1.091206724674051269e-02 9.998572995934433827e-01 1.289601636590293095e-02 -7.113120000000000553e-02 -6.867885204226947815e-02 -1.361573950349571731e-02 9.975459021618648947e-01 5.083376399999999684e+00
9.901445180511160293e-01 9.484750787361374141e-03 1.397278528992157154e-01 -2.262393000000000043e-01 -1.168344403306513166e-02 9.998203746205116538e-01 1.492366004792680841e-02 -7.159770000000000023e-02 -1.395612070342237276e-01 -1.640908273492152833e-02 9.900774775213044832e-01 5.135732700000000150e+00
9.741297761588296744e-01 9.749438601489010536e-03 2.257789353498330653e-01 -2.128471000000000113e-01 -1.336485656394932262e-02 9.998056898505778278e-01 1.449010529413707025e-02 -7.170400000000000384e-02 -2.255937938192745795e-01 -1.713274611280732329e-02 9.740707927049556680e-01 5.184917900000000301e+00
9.449250963168599471e-01 1.261393953695921430e-02 3.270434999811659971e-01 -1.950765000000000138e-01 -1.671984801590434971e-02 9.998127117283081011e-01 9.746186372733677689e-03 -7.277720000000000022e-02 -3.268593107636649231e-01 -1.467753371125194925e-02 9.449590260806322028e-01 5.230704300000000195e+00
8.678993368471669134e-01 1.408700620093281813e-02 4.965403280263776531e-01 -1.585891000000000106e-01 -1.761570420547287769e-02 9.998418918002284217e-01 2.424534323463027087e-03 -7.306010000000000282e-02 -4.964276664989503707e-01 -1.085115927609789713e-02 8.680102673798113511e-01 5.292386099999999871e+00
7.951884461941437499e-01 1.203833952333767388e-02 6.062428666968908697e-01 -1.275922999999999918e-01 -1.446458037253750203e-02 9.998949930425794497e-01 -8.824981736420488797e-04 -7.429320000000000368e-02 -6.061898307906441463e-01 -8.067296319147125236e-03 7.952790754044201105e-01 5.327625799999999856e+00
7.106164428754497830e-01 1.047776385939849786e-02 7.035015903177115337e-01 -9.272969999999999824e-02 -1.585894642766481552e-02 9.998736033080601882e-01 1.127486567746830044e-03 -7.489709999999999424e-02 -7.034008565059095552e-01 -1.195800452678769110e-02 7.106927896035601933e-01 5.358158099999999813e+00
6.170815786645155177e-01 8.431024491442585048e-03 7.868540163835565648e-01 -5.435099999999999654e-02 -1.221069705389457756e-02 9.999247991551136749e-01 -1.137942029935183966e-03 -7.537119999999999931e-02 -7.868044383138464992e-01 -8.905832955438699322e-03 6.171381222943551625e-01 5.383557800000000171e+00
5.221836409282551994e-01 8.156796450050666017e-03 8.527940617866561768e-01 -1.366569999999999938e-02 -9.103226154412684748e-03 9.999506034803774535e-01 -3.990222150540158330e-03 -7.632949999999999458e-02 -8.527844841579216295e-01 -5.679548476902485793e-03 5.222321000365699462e-01 5.404074699999999787e+00
4.277714601428313501e-01 1.294356939127995487e-02 9.037942475467981573e-01 2.811579999999999982e-02 -1.406202017626359893e-02 9.998717539757084882e-01 -7.663888706315858876e-03 -7.743700000000000583e-02 -9.037775376030499075e-01 -9.430780081921165750e-03 4.278986128876957062e-01 5.421524500000000302e+00
3.454524015861973329e-01 3.472234414542435359e-03 9.384298491770705075e-01 7.257320000000000437e-02 8.170899319448674675e-03 9.999441200835563759e-01 -6.707690707958626278e-03 -7.791919999999999402e-02 -9.384007004700286592e-01 9.985003680152976582e-03 3.454047264570466735e-01 5.432863700000000406e+00
2.764670143264554847e-01 4.136486109232034858e-03 9.610145053390628522e-01 1.177577000000000068e-01 9.328218540909776271e-03 9.999320768408551663e-01 -6.987563494318459884e-03 -7.846100000000000296e-02 -9.609781341572078972e-01 1.089638414347784273e-02 2.764096497670247565e-01 5.443376999999999910e+00
2.449300521666339103e-01 1.158231387595976512e-02 9.694715671699345449e-01 1.408331999999999917e-01 -1.383350050737419679e-03 9.999317987729776647e-01 -1.159672993883600206e-02 -7.926400000000000112e-02 -9.695397649855765909e-01 1.499269127248453216e-03 2.449293700310294364e-01 5.449314600000000119e+00
2.165024640135034262e-01 1.573569368241651764e-02 9.761552494457094165e-01 1.645399999999999918e-01 -6.170315797064724987e-03 9.998721816792751627e-01 -1.474949175025606213e-02 -8.028470000000000051e-02 -9.762625724051120502e-01 -2.829884849165236783e-03 2.165718852314267862e-01 5.454016199999999870e+00
1.907319142446816385e-01 1.750116362568171491e-02 9.814861416037959918e-01 1.889312999999999965e-01 -5.220766106390108477e-03 9.998450048963366532e-01 -1.681397588635290957e-02 -8.124460000000000015e-02 -9.816282802007193498e-01 -1.917147775108692630e-03 1.907937212137407190e-01 5.457459400000000294e+00
1.672443078163929620e-01 1.879072615564198606e-02 9.857363999130595023e-01 2.141181000000000056e-01 2.295814223043856142e-03 9.998082243499849531e-01 -1.944848989467984693e-02 -8.201029999999999431e-02 -9.859128109219743585e-01 5.515716877602294156e-03 1.671690944141807078e-01 5.460167399999999560e+00
1.471277746708793133e-01 2.521680778383100091e-02 9.887960004599477548e-01 2.398897999999999864e-01 9.138784553683420783e-03 9.995976432259409128e-01 -2.685208137232405687e-02 -8.207470000000000043e-02 -9.890752754655617318e-01 1.298708059333872691e-02 1.468381258406201706e-01 5.462394200000000311e+00
1.274125295082793041e-01 3.212126040853349046e-02 9.913295476046646293e-01 2.663189999999999724e-01 1.130826560667519409e-02 9.993634555868888825e-01 -3.383499322301293522e-02 -8.207889999999999631e-02 -9.917853449478222227e-01 1.552121990049827246e-02 1.269681900301395938e-01 5.464892400000000094e+00
1.095586823597656662e-01 3.286519778124275676e-02 9.934368494747878309e-01 2.938827999999999996e-01 8.784603497644519546e-03 9.993821812347560840e-01 -3.403067104613474725e-02 -8.287579999999999947e-02 -9.939415102816571146e-01 1.245530430221832886e-02 1.092022872185285376e-01 5.467808200000000340e+00
9.405805371858724784e-02 2.835976634866127846e-02 9.951627033723281501e-01 3.224705999999999961e-01 6.903673066076535664e-03 9.995515767817320096e-01 -2.913734118532556455e-02 -8.425630000000000619e-02 -9.955427774982187339e-01 9.610879554061610083e-03 9.382008934833330205e-02 5.470231100000000346e+00
7.965777505349989907e-02 2.502503316036279457e-02 9.965080965997461515e-01 3.516442000000000179e-01 7.075248963168861635e-03 9.996454486750603330e-01 -2.566939413672322812e-02 -8.567089999999999428e-02 -9.967971607732615258e-01 9.095309701159457957e-03 7.945247394389176598e-02 5.471981000000000428e+00
5.485839533502191723e-02 2.204644614323703761e-02 9.982507253559699256e-01 4.134809999999999874e-01 1.343601417230520963e-02 9.996493970869100298e-01 -2.281570570766729145e-02 -8.750259999999999982e-02 -9.984037409707698929e-01 1.466414389695549873e-02 5.454294545898052959e-02 5.474368600000000029e+00
4.448192239741446258e-02 2.267076428843421351e-02 9.987529199088275300e-01 4.454219999999999846e-01 1.629896095540490572e-02 9.995929404982317745e-01 -2.341574636590794053e-02 -8.853189999999999671e-02 -9.988772209093591536e-01 1.732021225841648068e-02 4.409430570627925761e-02 5.475397599999999976e+00
3.686670810446047997e-02 2.343506833562862546e-02 9.990453660398235236e-01 4.784963999999999884e-01 1.857598594731497271e-02 9.995361803727853545e-01 -2.413207143756537082e-02 -8.931210000000000537e-02 -9.991475259337960768e-01 1.944792271393061545e-02 3.641427910157379877e-02 5.476104300000000258e+00
3.127360818297179879e-02 2.383985496389084621e-02 9.992265122315955317e-01 5.128251000000000337e-01 2.037037366659913765e-02 9.994926681598060858e-01 -2.448375321462816639e-02 -9.022479999999999389e-02 -9.993032619319830445e-01 2.112031273661305053e-02 3.077211533201085203e-02 5.476907699999999934e+00
2.574711254076216677e-02 2.476723701190555044e-02 9.993616313260225148e-01 5.477716999999999725e-01 2.100527465950911832e-02 9.994589240609622616e-01 -2.531081886036313025e-02 -9.125049999999999828e-02 -9.994477798425946968e-01 2.164354605187480615e-02 2.521293878167440994e-02 5.477419399999999605e+00
1.521251847499349025e-02 2.556452583134404682e-02 9.995574192114561329e-01 6.223621000000000292e-01 2.447565048172880425e-02 9.993640326282222652e-01 -2.593208095301789695e-02 -9.365289999999999726e-02 -9.995846746600031141e-01 2.485931028963128675e-02 1.457713541062177764e-02 5.478516599999999848e+00
9.120316441013629968e-03 2.516257419508911505e-02 9.996417681789274701e-01 7.012876999999999583e-01 2.631206565254095783e-02 9.993311655860037668e-01 -2.539481619574220778e-02 -9.565619999999999679e-02 -9.996121723093972511e-01 2.653424859301261457e-02 8.452137155303240945e-03 5.479265200000000391e+00
6.183397290370073671e-03 2.417866506530313292e-02 9.996885303701394943e-01 7.844491000000000103e-01 3.304200591444068219e-02 9.991568045931340514e-01 -2.437018014680562145e-02 -9.861229999999999996e-02 -9.994348360163856082e-01 3.318240483897424986e-02 5.379271884084935174e-03 5.478905700000000323e+00
1.337932436369234680e-02 2.390998507999702455e-02 9.996245826774395882e-01 9.174309000000000491e-01 4.065098031608461310e-02 9.988745533093938977e-01 -2.443613206504085394e-02 -1.026447000000000054e-01 -9.990838260521047731e-01 4.096265817098710543e-02 1.239230231451982078e-02 5.479901299999999864e+00
2.559104972420482571e-02 2.020406164197488877e-02 9.994683056841673352e-01 1.059909800000000013e+00 4.242196259795420754e-02 9.988731721123966789e-01 -2.127823121070215179e-02 -1.065330000000000027e-01 -9.987719836195600998e-01 4.294393935453062056e-02 2.470511706839995103e-02 5.483445200000000241e+00
3.758530623619855959e-02 1.789238772113269094e-02 9.991332279615005030e-01 1.209481400000000040e+00 3.561683839730487439e-02 9.991804291857379061e-01 -1.923306410286591828e-02 -1.107350000000000001e-01 -9.986584929682976730e-01 3.630884732184899016e-02 3.691723213415676330e-02 5.489997899999999653e+00
4.193744053810269379e-02 3.016438958221508843e-02 9.986647889468447392e-01 1.362348099999999951e+00 2.477818221138106125e-02 9.992053222013352887e-01 -3.122123909817299536e-02 -1.157297000000000048e-01 -9.988129418301572304e-01 2.605443696682084587e-02 4.115669504381103128e-02 5.498115999999999559e+00
4.196783016103235869e-02 2.790559314078214573e-02 9.987291820624024652e-01 1.464900000000000091e+00 1.965495994597911064e-02 9.993933738130083011e-01 -2.875007701162783647e-02 -1.197027999999999981e-01 -9.989256147387033380e-01 2.083656041945759763e-02 4.139388806079458138e-02 5.503162900000000413e+00
4.216789135298885938e-02 2.587508048768699317e-02 9.987754247820671560e-01 1.567884599999999962e+00 1.804073425313435994e-02 9.994818857519148780e-01 -2.665505508161587420e-02 -1.239833000000000046e-01 -9.989476466994907655e-01 1.914262948374416753e-02 4.167923811681040203e-02 5.508211099999999583e+00
4.092386146798659280e-02 2.803505565807922276e-02 9.987688787786678235e-01 1.720470799999999967e+00 1.000169691052877133e-02 9.995447044330735276e-01 -2.846664537154788149e-02 -1.301759999999999862e-01 -9.991122077231658904e-01 1.115434866085641442e-02 4.062483088571677836e-02 5.516045599999999993e+00
3.409651326705975122e-02 2.636427119180111481e-02 9.990707447361047988e-01 1.822715199999999980e+00 4.471191862231386344e-03 9.996379695962772649e-01 -2.653183342257656174e-02 -1.340475000000000139e-01 -9.994085432026088567e-01 5.371679993949827689e-03 3.396628957778968783e-02 5.520514000000000365e+00
2.287766029471495835e-02 2.209001213475178527e-02 9.994941940918544709e-01 1.924408099999999955e+00 5.911406405899235356e-04 9.997553844417972346e-01 -2.210931551127520711e-02 -1.375705000000000122e-01 -9.997380973095815193e-01 1.096651047776991267e-03 2.285900575914756594e-02 5.523963000000000179e+00
7.039879819600375170e-03 2.306619407670010974e-02 9.997091530955098948e-01 2.024687999999999821e+00 1.405558937421572119e-04 9.997338940622209069e-01 -2.306775470714432508e-02 -1.414379000000000053e-01 -9.999752098608077899e-01 3.029092343418728073e-04 7.034764376255497886e-03 5.525069199999999903e+00
-1.322425471959220653e-02 2.242571869717149141e-02 9.996610456689940527e-01 2.124623099999999987e+00 9.866502388489704900e-04 9.997482739070464586e-01 -2.241462337821640421e-02 -1.450443999999999900e-01 -9.999120689382730021e-01 6.898991204800659222e-04 -1.324305217032839543e-02 5.524179499999999798e+00
-3.539468872490821039e-02 2.094841012168943695e-02 9.991538320616303315e-01 2.223792299999999944e+00 2.015075946529314849e-03 9.997797463004153284e-01 -2.089014974591800120e-02 -1.482756000000000074e-01 -9.993713801580456080e-01 1.273970506196497182e-03 -3.542910555112510629e-02 5.521695099999999634e+00
-5.729318183935919878e-02 2.181550727877599322e-02 9.981190184326172998e-01 2.321317200000000192e+00 2.470181638096757837e-03 9.997612670212651098e-01 -2.170961000823354303e-02 -1.519658000000000120e-01 -9.983543406613689664e-01 1.221722638104112690e-03 -5.733339233290324355e-02 5.516651200000000088e+00
-7.872246142074616759e-02 2.392657941554077530e-02 9.966093983428669922e-01 2.417594199999999915e+00 3.086856986175275791e-03 9.997129907996538112e-01 -2.375725868778590447e-02 -1.556806000000000023e-01 -9.968917922130797749e-01 1.206160803250710262e-03 -7.877372527886861153e-02 5.510154700000000183e+00
-8.794758534087647461e-02 2.475933318043731235e-02 9.958173515525668984e-01 2.464855399999999808e+00 4.115508372787847827e-03 9.996915500549231615e-01 -2.449218935943929878e-02 -1.572950999999999933e-01 -9.961166020218427120e-01 1.944265734207806240e-03 -8.802235515601719573e-02 5.505593799999999760e+00
-1.067942165017932710e-01 2.545944650824445710e-02 9.939551357607958604e-01 2.559025500000000175e+00 5.062628058606312084e-03 9.996730805391543795e-01 -2.506196006894482672e-02 -1.610598000000000030e-01 -9.942682561154754239e-01 2.355552769736261182e-03 -1.068881951023623600e-01 5.495848200000000183e+00
-1.227997894567233322e-01 2.413348587298279335e-02 9.921379876655279650e-01 2.650508199999999981e+00 8.133064874201449690e-03 9.996951867443387707e-01 -2.331065970653101865e-02 -1.644656999999999925e-01 -9.923981383321599514e-01 5.206578513784086357e-03 -1.229586376593501118e-01 5.484594300000000366e+00
-1.316969837802754451e-01 2.096792724313416983e-02 9.910682370504590999e-01 2.739975700000000014e+00 1.412274675269707680e-02 9.997144864427076616e-01 -1.927416978114948956e-02 -1.678955000000000031e-01 -9.911894130222222987e-01 1.145825570145926967e-02 -1.319555072323354006e-01 5.472478399999999965e+00
-1.363136360652646706e-01 1.876900115002538838e-02 9.904879187645335703e-01 2.825367500000000032e+00 1.543907264711508708e-02 9.997393350575995985e-01 -1.681954144397607848e-02 -1.713356000000000046e-01 -9.905454192809454161e-01 1.299948208271667002e-02 -1.365678798514403658e-01 5.461125899999999866e+00
-1.359214959270971801e-01 2.056785094747411169e-02 9.905060880440579307e-01 2.907025799999999993e+00 1.797464814230648883e-02 9.996711105355855498e-01 -1.829160421366379102e-02 -1.737913000000000097e-01 -9.905565400163187650e-01 1.531777620777681308e-02 -1.362464926629235462e-01 5.449837699999999785e+00
-1.279211197404130085e-01 2.282433855215376325e-02 9.915216773696957642e-01 2.983933200000000063e+00 1.863108467886557054e-02 9.996140440300010921e-01 -2.060693236937777978e-02 -1.764777999999999902e-01 -9.916093332598514554e-01 1.583706246889986236e-02 -1.282969900048644973e-01 5.440315700000000199e+00
-9.551692704161562908e-02 2.372043352797388246e-02 9.951451440276295468e-01 3.090236400000000216e+00 1.606150587650800529e-02 9.996226203993829884e-01 -2.228552927013227603e-02 -1.808377999999999930e-01 -9.952982189663084345e-01 1.385488430539916389e-02 -9.586186678433938901e-02 5.430471899999999685e+00
-5.702842942464657339e-02 2.735438845428117896e-02 9.979977433189167746e-01 3.156094799999999978e+00 1.364134451613680313e-02 9.995526111011862058e-01 -2.661750102080975497e-02 -1.837689000000000128e-01 -9.982793556701200499e-01 1.209607676451470229e-02 -5.737606617533830278e-02 5.427563700000000324e+00
-3.893054812548659392e-03 3.200312392888448459e-02 9.994801869887264267e-01 3.219652400000000192e+00 9.656124042404101368e-03 9.994423658700370972e-01 -3.196430153437631455e-02 -1.866790000000000116e-01 -9.999458002275447566e-01 9.526665885570233597e-03 -4.199910046717159062e-03 5.428325199999999739e+00
6.757880223389342578e-02 2.870690781016818280e-02 9.973008668063069182e-01 3.282054899999999886e+00 6.355479530488889611e-03 9.995533140431660524e-01 -2.920240170365161203e-02 -1.896010999999999946e-01 -9.976936971679083443e-01 8.311788574212096783e-03 6.736616956698471270e-02 5.433617100000000200e+00
1.555183171101210404e-01 2.063658690434323068e-02 9.876174281188923043e-01 3.343292700000000117e+00 1.547609475224597658e-03 9.997754472479074561e-01 -2.113433190708939244e-02 -1.922731000000000023e-01 -9.878317963844593930e-01 4.815221821091023036e-03 1.554514576665837478e-01 5.444582500000000103e+00
2.557461406588540931e-01 1.590477598826961839e-02 9.666131333883605237e-01 3.401152600000000081e+00 -6.617698332215171154e-03 9.998700336955833601e-01 -1.470108112952150589e-02 -1.942277000000000031e-01 -9.667213236537639531e-01 -2.637009358333601561e-03 2.558181552876156450e-01 5.461875899999999895e+00
3.684824979145220891e-01 1.629343493144675553e-02 9.294918895336358178e-01 3.456162200000000073e+00 -5.144926823474154504e-03 9.998668256023035550e-01 -1.548743968361569572e-02 -1.957197999999999993e-01 -9.296204486018232460e-01 9.246827062559265925e-04 3.685172540102259475e-01 5.485984300000000147e+00
4.279492305567578758e-01 2.039577666766422687e-02 9.035726137726849405e-01 3.480780399999999997e+00 -4.374057745664764948e-03 9.997803712598011261e-01 -2.049577669794257900e-02 -1.962801999999999880e-01 -9.037921905420054358e-01 4.818873077504686256e-03 4.279444529112936824e-01 5.500629899999999850e+00
4.879960477578103029e-01 2.392593682848577485e-02 8.725178547855834132e-01 3.504914499999999933e+00 -3.332986307913307286e-03 9.996680279374996481e-01 -2.554848570505758448e-02 -1.972518000000000049e-01 -8.728394746888046285e-01 9.559469986854774240e-03 4.879137915231974709e-01 5.516618300000000197e+00
5.472552437156948946e-01 2.754849786342536411e-02 8.365122703769169998e-01 3.527795300000000189e+00 -6.761586548227178917e-03 9.995710676530434879e-01 -2.849494092475968882e-02 -1.982252999999999932e-01 -8.369384560247103977e-01 9.937855725636152507e-03 5.472067797922008925e-01 5.533965099999999637e+00
6.037526080223368785e-01 3.045640749400855413e-02 7.965897284981682258e-01 3.548877500000000129e+00 -1.040986105630637391e-02 9.994859134292133351e-01 -3.032397812556265199e-02 -1.991157000000000066e-01 -7.971037718509521586e-01 1.001579248637399742e-02 6.037592738847620266e-01 5.553462500000000190e+00
6.572059638752540955e-01 3.162218972668287553e-02 7.530473810881276320e-01 3.568594899999999903e+00 -1.178949505076354320e-02 9.994285524885135885e-01 -3.167927204280975018e-02 -1.998487999999999931e-01 -7.536188219871143845e-01 1.194175814543224114e-02 6.572032148119406614e-01 5.573922200000000160e+00
7.067566738123467474e-01 2.956508333771799141e-02 7.068386731560051262e-01 3.586546400000000023e+00 -1.188596656195748356e-02 9.994815965005443559e-01 -2.992093005925887741e-02 -2.010230000000000072e-01 -7.073568603050345294e-01 1.274535617222299563e-02 7.067416982713323748e-01 5.595761300000000382e+00
7.531573258778130331e-01 2.546843635858256696e-02 6.573472455453286400e-01 3.603206899999999990e+00 -1.314376030232088446e-02 9.996334057735433154e-01 -2.367056456237743786e-02 -2.021479999999999944e-01 -6.577091181074632420e-01 9.187644476979641567e-03 7.532159737733047367e-01 5.618902699999999584e+00
7.960165425734332389e-01 1.894212347473145722e-02 6.049783962322173858e-01 3.619326399999999833e+00 -1.202791270647973407e-02 9.998078565640291515e-01 -1.547834838628028148e-02 -2.032980000000000065e-01 -6.051553463907949348e-01 5.044394028006693974e-03 7.960914274274829561e-01 5.643465499999999579e+00
8.339938941386274562e-01 1.706175615292318190e-02 5.515098195104654044e-01 3.633376099999999997e+00 -1.419916665864183296e-02 9.998544359294541106e-01 -9.459948117902607090e-03 -2.033435000000000104e-01 -5.515909428241984047e-01 5.855912809240096384e-05 8.341147573116906022e-01 5.669176600000000121e+00
8.664627498318842047e-01 1.348162985210600052e-02 4.990596645795976061e-01 3.645922399999999897e+00 -1.442761051818083375e-02 9.998939914563147457e-01 -1.962117298935334587e-03 -2.039326999999999945e-01 -4.990332125304941524e-01 -5.500136915560182443e-03 8.665654050822735321e-01 5.695627199999999668e+00
9.146813445872457038e-01 1.539311864345983480e-02 4.038825197535745870e-01 3.666705599999999787e+00 -2.025425132432235806e-02 9.997646969441751352e-01 7.766340670669889465e-03 -2.049983999999999973e-01 -4.036679367591131662e-01 -1.528406498776043766e-02 9.147778933654280298e-01 5.750941300000000034e+00
9.308798078756015393e-01 2.139540795287422914e-02 3.646985327746923300e-01 3.675118200000000002e+00 -2.707634394295399538e-02 9.995785354519139965e-01 1.047010327025215716e-02 -2.051118000000000108e-01 -3.643208131416130202e-01 -1.962111062954828566e-02 9.310667844625846179e-01 5.780016899999999680e+00
9.437304553707835941e-01 2.496055902229173118e-02 3.297723428350958774e-01 3.683295999999999903e+00 -2.977887812889994795e-02 9.995107270548648781e-01 9.566865716597570263e-03 -2.048310000000000131e-01 -3.293721998333153933e-01 -1.884879294676389261e-02 9.440120110366247985e-01 5.809319499999999969e+00
9.538055758903900561e-01 2.705468914234048644e-02 2.992038890051608724e-01 3.691182599999999869e+00 -3.145289360736710366e-02 9.994562761051642985e-01 9.892807373090152512e-03 -2.046090000000000131e-01 -2.987735578730569830e-01 -1.884664292145274769e-02 9.541379172669254283e-01 5.839254900000000248e+00
9.604491354420884308e-01 2.187979668094139352e-02 2.775945473631377669e-01 3.699399200000000221e+00 -2.567972989554644786e-02 9.996196015996759998e-01 1.005999851872531499e-02 -2.046359000000000095e-01 -2.772688401191819030e-01 -1.679066987662027749e-02 9.606456493963098087e-01 5.869702300000000150e+00
9.681352487479565339e-01 2.253732739467190910e-02 2.494117258783909996e-01 3.714692100000000163e+00 -2.597913426436625206e-02 9.996071708327004535e-01 1.051611157788683720e-02 -2.047539999999999916e-01 -2.490767446282496911e-01 -1.666051901202076843e-02 9.683404372387036663e-01 5.932853699999999897e+00
9.704131258325401355e-01 2.796177193080864876e-02 2.398259880046535730e-01 3.721761900000000178e+00 -3.150419720524452044e-02 9.994436469642793419e-01 1.094906850805651803e-02 -2.043531000000000097e-01 -2.393864047317053878e-01 -1.818064501689896362e-02 9.707541467211961983e-01 5.965661500000000395e+00
