1.000000000000000000e+00 0.000000000000000000e+00 0.000000000000000000e+00 0.000000000000000000e+00 0.000000000000000000e+00 1.000000000000000000e+00 0.000000000000000000e+00 0.000000000000000000e+00 0.000000000000000000e+00 0.000000000000000000e+00 1.000000000000000000e+00 0.000000000000000000e+00
9.999935759546778602e-01 3.488453634575176560e-03 8.238571571615649000e-04 -2.979999999999999793e-04 -3.487534353943315662e-03 9.999932973203560227e-01 -1.114638278572154754e-03 -1.519500000000000017e-03 -8.277399990650896339e-04 1.111757887946992519e-03 9.999990394199849142e-01 7.799480000000000302e-02
9.999926337869138315e-01 3.666210254945003518e-03 1.136342500159375326e-03 -4.847000000000000180e-04 -3.666175935667863751e-03 9.999932790333200261e-01 -3.228307778958963904e-05 -2.174600000000000057e-03 -1.136453219390148135e-03 2.811680845679860729e-05 9.999993538415538064e-01 1.023328000000000015e-01
9.999859941909070571e-01 4.222981019170876475e-03 3.190274805544473461e-03 -5.521000000000000300e-04 -4.244142771395489379e-03 9.999688431930413568e-01 6.655816652125259338e-03 -3.053300000000000111e-03 -3.162068019379205789e-03 -6.669263413782588849e-03 9.999727607546908814e-01 1.496841999999999895e-01
9.999836937676620519e-01 3.376664512462040392e-03 4.605468005862879341e-03 -5.538999999999999653e-04 -3.424017261211205997e-03 9.999409571184858514e-01 1.031302006016177573e-02 -3.513500000000000130e-03 -4.570372476907634540e-03 -1.032862109560859880e-02 9.999362136064908757e-01 1.721879000000000048e-01
9.999809841232235597e-01 2.717220857882217747e-03 5.536072864292161666e-03 -3.677999999999999954e-04 -2.787042499283715925e-03 9.999161812167182140e-01 1.264369151324856895e-02 -3.946299999999999808e-03 -5.501253135100090189e-03 -1.265888035272066774e-02 9.999047399438403261e-01 1.937462000000000073e-01
9.999590058322305186e-01 4.246165501649112536e-03 7.997295389673343691e-03 -3.538999999999999828e-04 -4.326837538502001715e-03 9.999396599560309573e-01 1.009727309388431214e-02 -4.697800000000000240e-03 -7.953938139845916772e-03 -1.013146216247561536e-02 9.999170407301386510e-01 2.337048999999999932e-01
9.999221782166193284e-01 -1.144531345246715829e-03 1.242286434487645426e-02 4.372000000000000018e-04 1.103021901160560489e-03 9.999937880638485321e-01 3.347712114326001874e-03 -5.454800000000000100e-03 -1.242661873628603426e-02 -3.333748897951474555e-03 9.999172292070320767e-01 2.865759999999999974e-01
9.996670371666954713e-01 2.157921687890730199e-03 2.571299625383374060e-02 1.840099999999999895e-03 -2.184916246065606114e-03 9.999970910365949539e-01 1.021792222380789447e-03 -7.022900000000000323e-03 -2.571071650807141284e-02 -1.077632746797402589e-03 9.996688440500206552e-01 3.541778999999999900e-01
9.988009245831572791e-01 -5.208899077698655360e-04 4.895346489814717678e-02 5.797499999999999702e-03 8.946752386569449501e-04 9.999706134435194516e-01 -7.613921828384206773e-03 -9.199900000000000438e-03 -4.894806030934707036e-02 7.648589614784863551e-03 9.987720392906768163e-01 4.332656999999999758e-01
9.993263533682167354e-01 -1.030095561158279535e-03 3.668485200892617620e-02 6.993300000000000037e-03 1.768491163132710105e-03 9.997963839248292794e-01 -2.010132159439632915e-02 -1.045789999999999914e-02 -3.665667610119410086e-02 2.015265724340849218e-02 9.991246961732263010e-01 4.684257000000000004e-01
9.995509334351736497e-01 -1.107888888511688501e-03 2.994501713280136104e-02 7.030100000000000064e-03 1.732037782501949811e-03 9.997816302750799355e-01 -2.082526853664253344e-02 -1.055099999999999962e-02 -2.991540596403532634e-02 2.086778250591088055e-02 9.993345806782095719e-01 4.729588000000000125e-01
9.997097954053332236e-01 -4.390107143632601336e-03 -2.368653478021128314e-02 4.964299999999999616e-03 3.736933966894015382e-03 9.996134456501076793e-01 -2.754985662478822220e-02 -1.126979999999999996e-02 2.379832546953265446e-02 2.745334651343511387e-02 9.993397587757926193e-01 4.971273999999999971e-01
9.670088640229285160e-01 1.572771805475558582e-03 -2.547378717229403788e-01 -1.149189999999999934e-02 -4.549989979464271785e-03 9.999280572590014682e-01 -1.109855384389607860e-02 -1.319389999999999973e-02 2.547020896896452502e-01 1.189145470861268858e-02 9.669464508506356859e-01 5.584635999999999489e-01
9.550909539634849788e-01 5.370148010896916985e-03 -2.962641239965803086e-01 -1.551070000000000053e-02 -7.590548820543371877e-03 9.999510614288864563e-01 -6.344944116872816911e-03 -1.346609999999999994e-02 2.962155519646512136e-01 8.308806026400617981e-03 9.550849755475648850e-01 5.676736000000000004e-01
8.836449257964306137e-01 1.936222814328959416e-02 -4.677571477118738219e-01 -3.879420000000000091e-02 -1.265953187391037973e-02 9.997672602629076311e-01 1.746887400873274598e-02 -1.427959999999999993e-02 4.679865183602557321e-01 -9.514695356485967578e-03 8.836843832530476561e-01 6.066468000000000416e-01
8.312472097200926946e-01 2.730422929075037794e-02 -5.552319834045931213e-01 -5.453140000000000071e-02 -1.627578052069991385e-02 9.995602332501819509e-01 2.478788158120468627e-02 -1.417189999999999943e-02 5.556646248421814871e-01 -1.156802349928241942e-02 8.313260524796018958e-01 6.263541999999999721e-01
7.304168975891568438e-01 3.738433266008957950e-02 -6.819776883357628883e-01 -8.488030000000000574e-02 -2.088145938016261471e-02 9.992564321009440587e-01 3.241215141032698782e-02 -1.337439999999999983e-02 6.826822982693969699e-01 -9.433693680160622208e-03 7.306544224550776123e-01 6.555313999999999863e-01
6.090063083666382715e-01 3.714659121832915301e-02 -7.922950505528211229e-01 -1.236219000000000068e-01 -1.114323843043884057e-02 9.992048368032077077e-01 3.828214135021046349e-02 -1.233429999999999943e-02 7.930870977433194247e-01 -1.448533292449482625e-02 6.089359822864346405e-01 6.836864999999999748e-01
5.181160573002984160e-01 3.834675182482565753e-02 -8.544502781274514458e-01 -1.543248999999999871e-01 -5.484173489814281321e-03 9.991228697088181399e-01 4.151403456603153241e-02 -1.106970000000000003e-02 8.552927422869478491e-01 -1.682313434830954788e-02 5.178719022518707416e-01 7.007457999999999743e-01
4.159436299362849754e-01 3.679100791872769172e-02 -9.086458707614044616e-01 -1.892106000000000066e-01 9.775294016376168127e-04 9.991626234287718233e-01 4.090350081842904217e-02 -9.872699999999999879e-03 9.093898730202001346e-01 -1.790177866186505942e-02 4.155593641936682348e-01 7.156308999999999587e-01
3.623936058587189368e-01 3.587037771214502541e-02 -9.313346286032230248e-01 -2.084043999999999897e-01 6.074663323744412466e-03 9.991469917344900642e-01 4.084589787753480083e-02 -9.237799999999999137e-03 9.320053502519277666e-01 -2.045983652688595361e-02 3.618665806496567106e-01 7.219695000000000418e-01
3.085090472131093442e-01 3.488776311475098174e-02 -9.505814072306001394e-01 -2.284943999999999864e-01 8.688871118031618254e-03 9.991821305445193202e-01 3.949143602364197508e-02 -8.565800000000000150e-03 9.511817235977325646e-01 -2.044294463535505785e-02 3.079535918093537772e-01 7.273037999999999448e-01
2.043684976461916658e-01 4.601173873552160537e-02 -9.778120663340031937e-01 -2.723022999999999971e-01 1.232634832183935464e-02 9.986945532727831143e-01 4.957066068073758686e-02 -6.929499999999999896e-03 9.788164170603635972e-01 -2.218353357358190253e-02 2.035345487412456578e-01 7.350676999999999905e-01
1.561697026501953078e-01 4.701076581216466488e-02 -9.866108715557025954e-01 -2.954970000000000097e-01 1.798656884558885727e-02 9.985657478822200783e-01 5.042747760482592378e-02 -6.043800000000000214e-03 9.875664571639278799e-01 -2.562098854798811054e-02 1.551001535476718152e-01 7.379757000000000122e-01
7.159298051595497370e-02 4.668161453498051450e-02 -9.963409416486154191e-01 -3.448668999999999762e-01 1.995141249111619108e-02 9.986373212761788798e-01 4.822283374032731301e-02 -4.388999999999999672e-03 9.972343687822092795e-01 -2.333082550501403701e-02 7.056405813729227372e-02 7.405380000000000296e-01
3.589762212949478004e-02 4.248186652138399855e-02 -9.984521279171614250e-01 -3.706762000000000112e-01 1.748171426809809817e-02 9.989165029534717855e-01 4.313014947174503844e-02 -3.215899999999999835e-03 9.992025572383693710e-01 -1.900292461874768246e-02 3.511607130983773750e-02 7.405876000000000126e-01
7.255096912400387822e-03 4.234112135827919343e-02 -9.990768704213480733e-01 -3.974990999999999941e-01 1.507020480983371422e-02 9.989850696248382400e-01 4.244666763889200223e-02 -1.966999999999999998e-03 9.998601164641888195e-01 -1.536424774534602550e-02 6.609644123421909434e-03 7.399073999999999929e-01
-1.367976955703935869e-02 4.659114179595611610e-02 -9.988203689407896269e-01 -4.255708000000000268e-01 1.385159838564105350e-02 9.988268180594079837e-01 4.640173216035481385e-02 -9.257000000000000037e-04 9.998104806047137805e-01 -1.320049360696452095e-02 -1.430908248292961371e-02 7.389620999999999551e-01
-3.467012251142217311e-02 5.520373594831775449e-02 -9.978730030131044426e-01 -4.847631000000000023e-01 1.519511171341358241e-02 9.983869769565820729e-01 5.470423039870003085e-02 1.398799999999999957e-03 9.992832887550253673e-01 -1.326618938676760867e-02 -3.545302573962560988e-02 7.366565999999999947e-01
-3.878311636921731587e-02 5.245187352063080538e-02 -9.978700671173916792e-01 -5.154280999999999446e-01 1.636030933337653120e-02 9.985208533777150119e-01 5.185022322378243786e-02 2.612199999999999852e-03 9.991137123286859545e-01 -1.431454973149988777e-02 -3.958387932955076405e-02 7.354779999999999651e-01
-3.811633066889536653e-02 4.849629792159090846e-02 -9.980958142504353647e-01 -5.473173999999999539e-01 2.395256676252041986e-02 9.985790072727993572e-01 4.760504993755755587e-02 4.010599999999999582e-03 9.989861960416802633e-01 -2.209242680129651359e-02 -3.922377845392932549e-02 7.346654999999999713e-01
-3.400649996634998173e-02 4.668872488947753419e-02 -9.983304667935531951e-01 -5.797073999999999838e-01 3.561097696174979343e-02 9.983305160485556051e-01 4.547569731245919983e-02 5.509100000000000281e-03 9.987869724219818890e-01 -3.400505395407225212e-02 -3.561235776682403209e-02 7.344076000000000493e-01
-2.847443231305504460e-02 4.686156246738230891e-02 -9.984954685263044416e-01 -6.133028000000000368e-01 3.604642155913825863e-02 9.982989435376368181e-01 4.582439115164777671e-02 6.793099999999999833e-03 9.989443739254101340e-01 -3.468736505925388430e-02 -3.011518733157592109e-02 7.336198999999999915e-01
-2.011540954255407535e-02 3.928548011388215827e-02 -9.990255358854231993e-01 -6.820971000000000117e-01 3.798313031314671379e-02 9.985363888658158604e-01 3.850145351062370797e-02 9.038100000000000300e-03 9.990758990740140622e-01 -3.717164461034746376e-02 -2.157815391575901298e-02 7.322032000000000540e-01
-1.721599166923281146e-02 2.033956930621440284e-02 -9.996448927250528582e-01 -7.540122000000000213e-01 2.830862880523935671e-02 9.994021784504750761e-01 1.984709660408736503e-02 1.070669999999999955e-02 9.994509648632151633e-01 -2.795688875541241236e-02 -1.778148489596453885e-02 7.301499000000000184e-01
-1.889049061283392533e-02 1.737324400621921908e-02 -9.996706056282271824e-01 -7.914438999999999780e-01 2.287892300893433831e-02 9.995947204823810717e-01 1.693958871111846468e-02 1.147579999999999954e-02 9.995597552154436016e-01 -2.255138967893032323e-02 -1.928031579594446931e-02 7.292899999999999938e-01
-2.194337617498835769e-02 2.367525770925245354e-02 -9.994788494082521568e-01 -8.296554999999999902e-01 1.339639363994189064e-02 9.996367759710932388e-01 2.338488322746437240e-02 1.205520000000000029e-02 9.996694578106738449e-01 -1.287626881200072335e-02 -2.225256888528648336e-02 7.273979999999999890e-01
-3.142034050461905287e-02 4.113099294671627992e-02 -9.986596034794794630e-01 -9.092827999999999466e-01 6.907707992989325224e-03 9.991380001830729718e-01 4.093336243766464155e-02 1.414450000000000082e-02 9.994823889258166449e-01 -5.612308739440352578e-03 -3.167737706559392574e-02 7.245122000000000506e-01
-3.416979723879377817e-02 5.909899091548124345e-02 -9.976671460108482714e-01 -9.912355999999999945e-01 8.016393895580044282e-03 9.982341763219563235e-01 5.885802113337047781e-02 1.685060000000000030e-02 9.993838913978804195e-01 -5.986526171098214416e-03 -3.458322019176540696e-02 7.215713000000000266e-01
-3.555593319530931523e-02 5.989001030536472703e-02 -9.975715324127055750e-01 -1.032629100000000077e+00 8.634609288430915991e-03 9.981838592300571467e-01 5.961901286523953181e-02 1.874970000000000109e-02 9.993303853766514200e-01 -6.493830781038271299e-03 -3.600848545468682271e-02 7.197945999999999511e-01
-3.759192579047355293e-02 5.704362314308870918e-02 -9.976637069544388448e-01 -1.073934900000000026e+00 7.401357434162193077e-03 9.983578899578017252e-01 5.680443175613717616e-02 2.055799999999999988e-02 9.992657639604666242e-01 -5.248677711114313471e-03 -3.795239595584909420e-02 7.181505999999999723e-01
-4.497116904764941747e-02 4.731099089324777851e-02 -9.978673579665719995e-01 -1.156844299999999937e+00 7.432593417506266897e-03 9.988661364007990207e-01 4.702337830090897591e-02 2.361519999999999939e-02 9.989606351151067987e-01 -5.302046061604955007e-03 -4.527182123554163162e-02 7.142365000000000519e-01
-5.048414974910646336e-02 4.275913232281464138e-02 -9.978091036000373837e-01 -1.199046999999999974e+00 7.533477095093065595e-03 9.990709523591730923e-01 4.243205009179533416e-02 2.498620000000000008e-02 9.986964490509455672e-01 -5.374826056250451428e-03 -5.075937251284290408e-02 7.119197000000000441e-01
-6.408122546570689526e-02 4.313501778075234938e-02 -9.970120193778343465e-01 -1.284184200000000109e+00 6.431460995052155211e-03 9.990625152549496013e-01 4.281035998356641503e-02 2.788679999999999978e-02 9.979239614581273399e-01 -3.668903583851721578e-03 -6.429857147876649748e-02 7.064951000000000425e-01
-7.661429518636363178e-02 5.073117630008233681e-02 -9.957693495605829392e-01 -1.370942499999999953e+00 2.354153014758351981e-03 9.987111572937605875e-01 5.069992367391190635e-02 3.085680000000000020e-02 9.970580262636069557e-01 1.540145502007192468e-03 -7.663498036244809075e-02 6.997124999999999595e-01
-8.398319871805741410e-02 5.453374091916046718e-02 -9.949738154516657440e-01 -1.457638599999999895e+00 -4.995422130513724190e-03 9.984657621190290433e-01 5.514678262423503008e-02 3.408069999999999850e-02 9.964546492895808294e-01 9.601717420781561568e-03 -8.358192945697173748e-02 6.918727000000000071e-01
-8.698277238278671886e-02 5.540781054121391574e-02 -9.946677695791866780e-01 -1.544522900000000032e+00 -1.000932075720997044e-02 9.983530805705487232e-01 5.648840600755769548e-02 3.756229999999999986e-02 9.961595308014598027e-01 1.486946691459850242e-02 -8.628492421676026147e-02 6.833936000000000455e-01
-8.952988255837082687e-02 5.371281069091367322e-02 -9.945347324738170736e-01 -1.631483100000000075e+00 -1.177495562081870908e-02 9.984178840620336892e-01 5.498253545644585238e-02 4.117520000000000208e-02 9.959145297409875974e-01 1.663318228041904198e-02 -8.875576994209599668e-02 6.752116000000000229e-01
-9.149544058063312224e-02 5.087107849093978895e-02 -9.945052627945839552e-01 -1.718169499999999905e+00 -1.873009816224613377e-02 9.984297023043549046e-01 5.279500903750233148e-02 4.412640000000000312e-02 9.956293325207873357e-01 2.345768380735772235e-02 -9.039894520737268291e-02 6.668287999999999993e-01
-9.147359009277897246e-02 4.588486034281127890e-02 -9.947497986463024189e-01 -1.763013399999999953e+00 -2.384758427216722432e-02 9.985504144490285894e-01 4.825310899885112276e-02 4.586839999999999667e-02 9.955219108788718740e-01 2.813626476620215838e-02 -9.024674822444322952e-02 6.624225000000000252e-01
-9.065840562278121295e-02 4.488369794681076885e-02 -9.948700956147766838e-01 -1.807155300000000020e+00 -2.569421539944805044e-02 9.985458958425453835e-01 4.739093996762643035e-02 4.776969999999999827e-02 9.955505315075383610e-01 2.985879358962549232e-02 -8.937332745528780986e-02 6.580335000000000489e-01
-8.872369533472461434e-02 4.919502075010529635e-02 -9.948406685593164100e-01 -1.851831299999999958e+00 -2.678195484035979929e-02 9.983006484571381733e-01 5.175463443003287811e-02 4.937910000000000216e-02 9.956961548489980940e-01 3.123564027603924556e-02 -8.725538376206931623e-02 6.537110000000000420e-01
-8.689266048034358092e-02 5.217029081822073533e-02 -9.948507055385695796e-01 -1.896079099999999906e+00 -2.666705963605625618e-02 9.981481849514218796e-01 5.467237701572004449e-02 5.133900000000000269e-02 9.958606998395982401e-01 3.128037138724999722e-02 -8.534052308757522631e-02 6.496201999999999810e-01
-8.360510282101844826e-02 5.089634937834725675e-02 -9.951983462618112508e-01 -1.984732900000000022e+00 -2.448938097856948742e-02 9.982882443327217858e-01 5.311168841581479644e-02 5.502810000000000340e-02 9.961980009022168847e-01 2.881219962184990852e-02 -8.221557122210643165e-02 6.427800999999999654e-01
-7.388273927579823430e-02 5.254624201787161386e-02 -9.958816361831881458e-01 -2.074826499999999907e+00 -3.413965049200524959e-02 9.978923236416211706e-01 5.518509473951916516e-02 5.856440000000000257e-02 9.966824093468231727e-01 3.807627695725048639e-02 -7.193310803577590562e-02 6.351080999999999532e-01
-6.818023116907540038e-02 5.198147175839631928e-02 -9.963179124514235374e-01 -2.120072400000000190e+00 -3.835670218591152869e-02 9.977668330426636700e-01 5.468190082133733698e-02 6.055649999999999922e-02 9.969354138935745402e-01 4.194369408915156472e-02 -6.603413549826286921e-02 6.317509999999999515e-01
-6.237404629159559039e-02 5.078084568561892775e-02 -9.967601436958980488e-01 -2.165810800000000036e+00 -3.995470046207214021e-02 9.977771415982198411e-01 5.333289430615908988e-02 6.266289999999999361e-02 9.972527765116526721e-01 4.315184139221873993e-02 -6.020646414016372905e-02 6.286696999999999980e-01
-5.648497835141447210e-02 5.010715793175795491e-02 -9.971452852742382911e-01 -2.211363799999999991e+00 -3.968547299636029230e-02 9.978378375834363601e-01 5.239000973341090966e-02 6.435509999999999842e-02 9.976144097063229799e-01 4.253143085782087190e-02 -5.437432239109751819e-02 6.258903000000000105e-01
-5.144116344104008448e-02 4.990971972360738751e-02 -9.974281059710233821e-01 -2.257077499999999848e+00 -3.775396901950395234e-02 9.979393031782985979e-01 5.188241508725300460e-02 6.596710000000000074e-02 9.979621458387620825e-01 4.032576160623178169e-02 -4.945086878681537179e-02 6.236994999999999623e-01
-4.597490288262639363e-02 5.086280701642400398e-02 -9.976468729802859814e-01 -2.303023800000000065e+00 -3.659169558446787734e-02 9.979469097482310813e-01 5.256437137652791164e-02 6.754599999999999493e-02 9.982721853879265028e-01 3.892223254601310384e-02 -4.401935590677552579e-02 6.214332000000000189e-01
-4.059182199464609481e-02 5.229405417908224857e-02 -9.978064120282403859e-01 -2.349372400000000027e+00 -3.559965641182239598e-02 9.979197326333903995e-01 5.374822494057812650e-02 6.922010000000000662e-02 9.985414204981761799e-01 3.770330381303477196e-02 -3.864572979084279769e-02 6.197395999999999461e-01
-3.490310200351823960e-02 5.362537613752287047e-02 -9.979509469431053770e-01 -2.395329499999999889e+00 -3.660673659858487694e-02 9.978206657241251998e-01 5.489868750221192639e-02 7.104800000000000004e-02 9.987200410055530053e-01 3.844786194280361280e-02 -3.286398645772126148e-02 6.177692000000000183e-01
-2.949635273089172560e-02 5.271903124468477198e-02 -9.981736667134616381e-01 -2.441828300000000063e+00 -3.642108987968918632e-02 9.978883666897769844e-01 5.378021789826550880e-02 7.290929999999999633e-02 9.989011309371665925e-01 3.794089310798136327e-02 -2.751398267460225533e-02 6.162769999999999637e-01
-2.460285007824896189e-02 4.800499256860570746e-02 -9.985440503335417661e-01 -2.487915999999999794e+00 -3.671799047302220370e-02 9.981290417193283693e-01 4.888972542445318981e-02 7.475110000000000088e-02 9.990227669796368781e-01 3.786735751202459366e-02 -2.279417231237534924e-02 6.149769999999999959e-01
-2.028966165921299719e-02 4.279123770421578571e-02 -9.988779903499207524e-01 -2.534088099999999955e+00 -3.625073387883747528e-02 9.983952294212052880e-01 4.350689786947219834e-02 7.632110000000000283e-02 9.991367343477071117e-01 3.709280044321647957e-02 -1.870588763676694910e-02 6.138860999999999901e-01
-1.694570232784590319e-02 4.198554643035444511e-02 -9.989745027094338869e-01 -2.580567400000000067e+00 -3.624314921011828616e-02 9.984355634244455047e-01 4.257769163121889744e-02 7.787289999999999490e-02 9.991993181082288178e-01 3.692749084699117890e-02 -1.539750342738210875e-02 6.132334999999999869e-01
-1.351260065367413180e-02 4.475526732790310880e-02 -9.989065900623453897e-01 -2.627256399999999825e+00 -3.550758436001195950e-02 9.983462442299017026e-01 4.521048644912045722e-02 7.890869999999999829e-02 9.992780499322954091e-01 3.607967126315590745e-02 -1.190110268217370315e-02 6.123022999999999660e-01
-1.161014655907456616e-02 4.406449078418391008e-02 -9.989612230456229591e-01 -2.674206299999999814e+00 -3.587773417281493737e-02 9.983669257789767881e-01 4.445525504661902716e-02 8.056259999999999810e-02 9.992887434007756697e-01 3.635659723579325042e-02 -1.001025224121121493e-02 6.118192000000000075e-01
-1.108323018335604683e-02 4.391738035115193284e-02 -9.989736861958852243e-01 -2.721071499999999865e+00 -3.689829516689788202e-02 9.983366850334106646e-01 4.429874863105366656e-02 8.185939999999999883e-02 9.992575633051167250e-01 3.735139916513238734e-02 -9.444318817560137802e-03 6.111997000000000124e-01
-1.026425870634887182e-02 4.526788897934944100e-02 -9.989221507307576298e-01 -2.768183899999999920e+00 -3.865600202075621106e-02 9.982100775533481185e-01 4.563282347948777878e-02 8.317049999999999443e-02 9.991998591377905248e-01 3.908272378292091537e-02 -8.496010871431036726e-03 6.105081999999999454e-01
-9.313359012367659201e-03 4.488315291595783296e-02 -9.989488294843883454e-01 -2.814983799999999814e+00 -3.866782402001033014e-02 9.982287999326865391e-01 4.521130799375252390e-02 8.456750000000000378e-02 9.992087173005769207e-01 3.904824668626217382e-02 -7.561329331840616064e-03 6.099788999999999906e-01
-8.054404952582656235e-03 4.288027913736424529e-02 -9.990477507216365405e-01 -2.862048900000000007e+00 -3.941611014069803381e-02 9.982900915119646834e-01 4.316553544680612475e-02 8.585249999999999826e-02 9.991904207017979767e-01 3.972624888074431648e-02 -6.350458851845930397e-03 6.092773999999999690e-01
-7.325619517110925488e-03 4.171940501882126506e-02 -9.991025105281069463e-01 -2.909275500000000125e+00 -3.800782950981439201e-02 9.983957350429654154e-01 4.196857328965920148e-02 8.712509999999999699e-02 9.992505892891149211e-01 3.828116368257585694e-02 -5.728203249224850246e-03 6.088917999999999831e-01
-7.090518786782065361e-03 4.130925727300382988e-02 -9.991212488016091298e-01 -2.956660299999999797e+00 -3.419922059413671445e-02 9.985518533080791626e-01 4.152841877261796710e-02 8.853640000000000121e-02 9.993898828055484129e-01 3.446362602154819099e-02 -5.667506273397626693e-03 6.086768000000000178e-01
-7.079986583130964441e-03 4.261265967493425150e-02 -9.990665818780102292e-01 -3.004065000000000207e+00 -3.215613134800949374e-02 9.985652223772921721e-01 4.281915313640367177e-02 8.951699999999999935e-02 9.994577815029068724e-01 3.242927526198294969e-02 -5.699570095217154631e-03 6.084213000000000537e-01
-6.962548055240963540e-03 4.553860015414373796e-02 -9.989383158236443405e-01 -3.051598999999999950e+00 -3.171242603971152763e-02 9.984500061077254962e-01 4.573737353804525896e-02 9.070989999999999609e-02 9.994727835010085437e-01 3.199720611997047826e-02 -5.507616658940395205e-03 6.078894999999999715e-01
-6.876943326255728108e-03 4.902438797440732132e-02 -9.987739068649232888e-01 -3.099070100000000050e+00 -3.458069624799953168e-02 9.981884656647751486e-01 4.923375326750360770e-02 9.219879999999999742e-02 9.993782482611333062e-01 3.487687482468315725e-02 -5.169188038011807151e-03 6.072937000000000474e-01
-5.912348857768996886e-03 4.931965134328909067e-02 -9.987655461229930642e-01 -3.146282699999999988e+00 -3.694808131293841197e-02 9.980902223478963498e-01 4.950502338974623051e-02 9.358470000000000677e-02 9.992996964966399664e-01 3.719516157920586819e-02 -4.078791097891332207e-03 6.064197000000000060e-01
-5.594191721119995409e-03 4.710705811199018822e-02 -9.988741813136530201e-01 -3.193635000000000002e+00 -3.776071003576328411e-02 9.981674398586549701e-01 4.728520681580482277e-02 9.508110000000000173e-02 9.992711512880685376e-01 3.798272083529573295e-02 -3.805144066344134934e-03 6.059573000000000320e-01
-5.461920189424655098e-03 4.499302262256332785e-02 -9.989723696595066427e-01 -3.240508100000000002e+00 -3.774551838300624351e-02 9.982660792282025408e-01 4.516758687765089209e-02 9.627940000000000109e-02 9.992724569754950492e-01 3.795343169777284920e-02 -3.754164690047301356e-03 6.056734000000000284e-01
-5.661879501132192904e-03 4.423371576990992038e-02 -9.990051659074147272e-01 -3.287492799999999882e+00 -3.508154507382349463e-02 9.983974284123851017e-01 4.440563179113256320e-02 9.769970000000000043e-02 9.993684147078832902e-01 3.529806409313653026e-02 -4.101018840346415395e-03 6.055603000000000513e-01
-5.799941526355827277e-03 4.579691045122918913e-02 -9.989339335869081848e-01 -3.334721099999999883e+00 -3.380724291041597995e-02 9.983707079369394943e-01 4.596737821858275924e-02 9.897630000000000317e-02 9.994115423613475491e-01 3.403781025001759858e-02 -4.242224451489473580e-03 6.051857999999999960e-01
-5.707114759878867405e-03 4.864971201582961313e-02 -9.987995966969022144e-01 -3.381527699999999914e+00 -3.257329966954228273e-02 9.982767792435607301e-01 4.881036951039684907e-02 1.003087000000000006e-01 9.994530549204178049e-01 3.281276495329409765e-02 -4.112598492936658801e-03 6.049309000000000491e-01
-4.963334570955257700e-03 5.087710043976645391e-02 -9.986925883177357743e-01 -3.428810400000000147e+00 -3.305110994184941309e-02 9.981509004570430221e-01 5.101376332330426894e-02 1.018567999999999973e-01 9.994413386695331081e-01 3.326109690969673155e-02 -3.272612231111304837e-03 6.044399999999999773e-01
-5.027114064292814190e-03 5.132599000956095808e-02 -9.986693000556907673e-01 -3.475153000000000159e+00 -3.397503848005594546e-02 9.980965810112811809e-01 5.146757944444040056e-02 1.032143999999999978e-01 9.994100384148958405e-01 3.418856129072288252e-02 -3.273742874322582708e-03 6.041256000000000403e-01
-4.621643766355043592e-03 4.915838118852983163e-02 -9.987803031537118015e-01 -3.521713999999999789e+00 -3.397388633635711752e-02 9.982066578424694248e-01 4.928735422165981400e-02 1.047123999999999971e-01 9.994120348765574979e-01 3.416023708773516937e-02 -2.943254322773314335e-03 6.037403999999999549e-01
-4.214693168379397489e-03 4.761070644531791712e-02 -9.988570753582689532e-01 -3.568282400000000187e+00 -3.250000205161462236e-02 9.983317505369847522e-01 4.772280101172472755e-02 1.062267999999999962e-01 9.994628488483910944e-01 3.266399396181356163e-02 -2.660313951612813810e-03 6.033344999999999958e-01
-3.922135534657750569e-03 4.885710393327286072e-02 -9.987980778155821637e-01 -3.614486499999999936e+00 -3.123688297550303306e-02 9.983123591803164665e-01 4.895600729027642373e-02 1.075123999999999941e-01 9.995043141451781521e-01 3.139135076871084340e-02 -2.389372740543516116e-03 6.029963000000000406e-01
-3.716292855338827056e-03 5.163789597044091823e-02 -9.986589592384171876e-01 -3.660846900000000126e+00 -2.954040122893387271e-02 9.982243498755971611e-01 5.172535172113327390e-02 1.090981000000000034e-01 9.995566786644198842e-01 2.969301290181352443e-02 -2.184289853883192301e-03 6.026647000000000531e-01
-3.743088184362387220e-03 5.436988599596769001e-02 -9.985138480700350705e-01 -3.707335200000000164e+00 -2.798630587464739569e-02 9.981240280033439882e-01 5.445357110300944048e-02 1.105169000000000012e-01 9.996012985057263212e-01 2.814853849075123551e-02 -2.214453995894594129e-03 6.027289000000000119e-01
-3.187162196134220304e-03 5.646588168472441854e-02 -9.983994422087294485e-01 -3.754009200000000046e+00 -2.880426212848239548e-02 9.979850582443957618e-01 5.653439664632134432e-02 1.119910999999999962e-01 9.995799900359996215e-01 2.893834353408326898e-02 -1.554282192580691557e-03 6.024144999999999639e-01
-2.980597961466228876e-03 5.821935280103838345e-02 -9.982993654186202992e-01 -3.800268899999999839e+00 -3.125274838688677642e-02 9.978107143728175421e-01 5.828416595502936698e-02 1.139021999999999951e-01 9.995070693867340594e-01 3.137332054844820667e-02 -1.154557796850586016e-03 6.020478999999999692e-01
-2.496660464430938090e-03 5.750778448816583344e-02 -9.983419361169738604e-01 -3.846213099999999940e+00 -3.345201849028367480e-02 9.977814919999176135e-01 5.755915810141727651e-02 1.155452000000000007e-01 9.994372062042973237e-01 3.354025858100835589e-02 -5.673701331837532891e-04 6.015690999999999677e-01
-2.706065599100559646e-03 5.388655261072652913e-02 -9.985433974829058812e-01 -3.892013099999999781e+00 -3.607048143038678323e-02 9.978919829025474364e-01 5.394915039370065668e-02 1.170651000000000053e-01 9.993455846594576641e-01 3.616393101632359164e-02 -7.566472712580152304e-04 6.013349000000000055e-01
-2.273066065181823716e-03 5.200349367223958130e-02 -9.986443159686760884e-01 -3.937764899999999901e+00 -3.706245907694001585e-02 9.979563919602657540e-01 5.205203043896079740e-02 1.187877999999999989e-01 9.993103658512872967e-01 3.713053179702241469e-02 -3.410434530108918949e-04 6.008434999999999748e-01
-2.012319881481573758e-03 5.037138905024494268e-02 -9.987285285470939300e-01 -3.983464500000000186e+00 -3.691444864105442730e-02 9.980461008406613654e-01 5.041134870522045314e-02 1.203242000000000061e-01 9.993164033729364792e-01 3.696895673265938181e-02 -1.489559572830367884e-04 6.003813000000000066e-01
-1.923452573797155164e-03 5.064650792510044797e-02 -9.987147899000938800e-01 -4.029304500000000289e+00 -3.543075330041142723e-02 9.980861230338343715e-01 5.068286424281014113e-02 1.219898999999999983e-01 9.993702827534753919e-01 3.548270342409771960e-02 -1.253273943990773631e-04 6.002402999999999489e-01
-2.078191342830854483e-03 5.278487105893704678e-02 -9.986037444892911230e-01 -4.074989300000000370e+00 -3.571998355624390886e-02 9.979647071966437633e-01 5.282542914789065125e-02 1.236111000000000015e-01 9.993596769409319736e-01 3.577989068189756094e-02 -1.884868887030988205e-04 6.000180000000000513e-01
-2.222683786875461094e-03 5.491751526619944451e-02 -9.984884206608359847e-01 -4.121074199999999799e+00 -3.405424049135790526e-02 9.979075888598274435e-01 5.496137553338865944e-02 1.251869999999999927e-01 9.994175145460182375e-01 3.412492656332266616e-02 -3.478587464957882958e-04 5.999626000000000126e-01
-2.604421913582147859e-03 5.390653833367690245e-02 -9.985425890323235132e-01 -4.167342200000000219e+00 -3.757417606760433265e-02 9.978355636410437546e-01 5.396637125100419569e-02 1.270535000000000136e-01 9.992904474072273890e-01 3.765996625118462476e-02 -5.732910455537032490e-04 5.994983000000000395e-01
-2.816105067614097651e-03 5.497003555723403712e-02 -9.984840332940154717e-01 -4.213849500000000248e+00 -4.194551972818758023e-02 9.976027223991527082e-01 5.503981864551518027e-02 1.289111000000000007e-01 9.991159306742039004e-01 4.203692962902261937e-02 -5.036073710887878363e-04 5.989773000000000458e-01
-2.986398858643420171e-03 5.422796821369454956e-02 -9.985241153248484158e-01 -4.260005500000000112e+00 -4.500462855669493112e-02 9.975095399163208532e-01 5.430746895597309692e-02 1.305785999999999891e-01 9.989823145733515153e-01 4.510039067840316412e-02 -5.384517846503955596e-04 5.983165999999999762e-01
-3.214201969038800455e-03 5.056259668507075145e-02 -9.987157216756755718e-01 -4.306918099999999860e+00 -4.608635876816856436e-02 9.976521980888924945e-01 5.065707437163063931e-02 1.322579999999999867e-01 9.989322882163705897e-01 4.618999312474660057e-02 -8.764096884348315797e-04 5.978849000000000524e-01
-3.955475121023234800e-03 4.661277910053562845e-02 -9.989052022294665489e-01 -4.353818399999999755e+00 -4.622663609024692255e-02 9.978366163934894173e-01 4.674596346394095658e-02 1.340214000000000127e-01 9.989231463592916915e-01 4.636092976760594619e-02 -1.792165934354938983e-03 5.975831999999999811e-01
-4.986368315750656227e-03 4.552547294813816953e-02 -9.989507332415686891e-01 -4.401025299999999696e+00 -4.252363842233277541e-02 9.980498753527951017e-01 4.569667913094870720e-02 1.356395999999999991e-01 9.990830177249266919e-01 4.270688025504227464e-02 -3.040735525345783508e-03 5.975500000000000256e-01
-5.308528238401479839e-03 4.456735147289050264e-02 -9.989922776031022744e-01 -4.448976000000000042e+00 -3.808628277977715165e-02 9.982724977880628181e-01 4.473762649047158257e-02 1.372927999999999926e-01 9.992603537576986161e-01 3.828539333314912030e-02 -3.601952993185331131e-03 5.972515000000000462e-01
-6.125641679434570483e-03 4.613313315359772460e-02 -9.989165183034304230e-01 -4.497167600000000043e+00 -3.687380654703600880e-02 9.982454680441766870e-01 4.632826264813454109e-02 1.390315000000000023e-01 9.993011552603884295e-01 3.711764478917264909e-02 -4.413789818043634128e-03 5.971486999999999767e-01
-6.792302991760033534e-03 5.017820210157275529e-02 -9.987171835178974000e-01 -4.545546100000000145e+00 -3.613063182586057076e-02 9.980757756128963987e-01 5.039170148525934367e-02 1.406422999999999979e-01 9.993239925389223455e-01 3.642655856060378339e-02 -4.966262930883091897e-03 5.965540000000000287e-01
-7.438666354127961358e-03 4.615974904891848724e-02 -9.989063738962791206e-01 -4.642679700000000409e+00 -3.445017964550704109e-02 9.983291982780365670e-01 4.638962155401805953e-02 1.437878999999999963e-01 9.993787326961007800e-01 3.475758094680343746e-02 -5.836026170447650152e-03 5.952171000000000545e-01
-8.368256820445792166e-03 4.254620542341607664e-02 -9.990594540275646862e-01 -4.691803499999999794e+00 -3.475785205192549049e-02 9.984783290190352156e-01 4.281259394257287687e-02 1.453158999999999978e-01 9.993607276647024085e-01 3.508342747542846085e-02 -6.876708373402928842e-03 5.946926999999999630e-01
-9.197260217224169712e-03 4.135448363952141243e-02 -9.991022055262439583e-01 -4.741243800000000341e+00 -3.401722723344582228e-02 9.985532184146740375e-01 4.164490659185379057e-02 1.466246999999999967e-01 9.993789264617523038e-01 3.436970579747041649e-02 -7.777188923419053879e-03 5.941231000000000151e-01
-9.739568766289145516e-03 4.252620834054551130e-02 -9.990478779339972970e-01 -4.790937399999999791e+00 -3.605277422659686898e-02 9.984307456939548464e-01 4.285141215385383090e-02 1.481397999999999882e-01 9.993024258305454044e-01 3.643580186012018024e-02 -8.191097118048662473e-03 5.932802999999999827e-01
-1.001540108448441269e-02 4.725481277475745978e-02 -9.988326558591983373e-01 -4.841173200000000065e+00 -4.114247548631096152e-02 9.980174325122513901e-01 4.762878449542879561e-02 1.497224000000000055e-01 9.991030920040110397e-01 4.157146943850213022e-02 -8.051364899721913382e-03 5.922049999999999814e-01
-1.050779167881139148e-02 5.044359423693737382e-02 -9.986716327775079227e-01 -4.891056100000000129e+00 -4.630412749107452181e-02 9.976308605668122720e-01 5.087822542121236274e-02 1.513657999999999948e-01 9.988721209901320064e-01 4.677723639956300056e-02 -8.147150636534261636e-03 5.913336000000000148e-01
-1.056430404753749656e-02 5.030558010407330805e-02 -9.986779982008132661e-01 -4.941549300000000144e+00 -5.384526304810098585e-02 9.972560791458360274e-01 5.080354568290255945e-02 1.533061000000000007e-01 9.984934066518774687e-01 5.431078361676086597e-02 -7.826599239860621005e-03 5.901539999999999564e-01
-1.024671361466088226e-02 4.820280370502002393e-02 -9.987850091861983914e-01 -4.991360199999999914e+00 -5.710996781320338417e-02 9.971788563563681596e-01 4.871118980460871495e-02 1.550715000000000010e-01 9.983153091265674073e-01 5.753970933869105575e-02 -7.464945595578864612e-03 5.890619000000000272e-01
-1.121210718647879662e-02 4.650989135415190684e-02 -9.988549037065715952e-01 -5.091244699999999845e+00 -5.899461869602324465e-02 9.971468921479099690e-01 4.709257313712210402e-02 1.581040999999999974e-01 9.981953333979026732e-01 5.945507115452268454e-02 -8.436284529394932896e-03 5.873028000000000137e-01
-1.204212336137759978e-02 4.543349600825824508e-02 -9.988947815988514778e-01 -5.141401799999999689e+00 -5.693432710524631846e-02 9.973154272087038086e-01 4.604802980143259117e-02 1.596133000000000135e-01 9.983052988249748738e-01 5.742591829468982056e-02 -9.423069881383083768e-03 5.868126000000000175e-01
-1.226780521114345310e-02 4.636234325756027203e-02 -9.988493550495838313e-01 -5.191719499999999599e+00 -5.724654331807840085e-02 9.972535506607705935e-01 4.699137125704293955e-02 1.610119999999999885e-01 9.982846959827806899e-01 5.775715386126661216e-02 -9.580028414005958837e-03 5.859041999999999861e-01
-1.318364465270834701e-02 5.150170732660147577e-02 -9.985858829645631873e-01 -5.241754499999999872e+00 -5.695366868640425184e-02 9.970126934092145010e-01 5.217249087462462465e-02 1.624819000000000124e-01 9.982897731304426481e-01 5.756095311362190159e-02 -1.021104988828336335e-02 5.853118000000000487e-01
-1.371734665285603491e-02 5.531694216174762313e-02 -9.983746142158659298e-01 -5.292087099999999822e+00 -5.546707301363720810e-02 9.968890459436505758e-01 5.599673105510697552e-02 1.643809999999999993e-01 9.983662845930371121e-01 5.614504419298297494e-02 -1.060640374786714357e-02 5.844530999999999477e-01
-1.366405789637458248e-02 5.418789703644959904e-02 -9.984372615926210282e-01 -5.341937999999999853e+00 -5.631954477917944929e-02 9.969036047825448055e-01 5.487541933720141429e-02 1.662369999999999959e-01 9.983192888037727419e-01 5.698135297037826286e-02 -1.056991087921932415e-02 5.835468000000000321e-01
-1.285765259324075580e-02 5.274027998022549901e-02 -9.985254847210454088e-01 -5.391914800000000341e+00 -5.598197177556153703e-02 9.970037676594581955e-01 5.338076534637983123e-02 1.682182000000000122e-01 9.983489868807957635e-01 5.658577683881755443e-02 -9.866623213429237538e-03 5.826584000000000207e-01
-1.183045000693200462e-02 5.188706363068813082e-02 -9.985828824291044237e-01 -5.441947899999999727e+00 -5.473721723241507103e-02 9.971217701306700487e-01 5.245962810705427637e-02 1.700234999999999941e-01 9.984307074115285063e-01 5.528026916779582578e-02 -8.956245778849347694e-03 5.821374999999999744e-01
-9.619031744046300375e-03 5.362948021188550241e-02 -9.985145732940056140e-01 -5.541824300000000036e+00 -5.547346041465391064e-02 9.969943871063066121e-01 5.408222691553922490e-02 1.734629000000000032e-01 9.984138267361540864e-01 5.591127731256934075e-02 -6.615107810619025308e-03 5.804038999999999726e-01
-8.777142325993202848e-03 5.715083815621553598e-02 -9.983269722243465205e-01 -5.591818800000000422e+00 -5.629287594739838807e-02 9.967539579594079102e-01 5.755570701351617191e-02 1.753927999999999876e-01 9.983757177987452325e-01 5.670387103449778254e-02 -5.531466310389032692e-03 5.798088000000000131e-01
-7.243192937643310944e-03 5.843458924817379607e-02 -9.982649622898046582e-01 -5.641351700000000413e+00 -5.809934729019589073e-02 9.965801619793575039e-01 5.875752371952737418e-02 1.771969999999999934e-01 9.982845295808812081e-01 5.842413481254836449e-02 -3.823410896554690908e-03 5.790277000000000340e-01
-6.242971332835550724e-03 5.238728347645821987e-02 -9.986073291534041108e-01 -5.740446600000000288e+00 -5.865953075203967498e-02 9.968879491329436515e-01 5.266380469985144919e-02 1.811544999999999961e-01 9.982585260146232820e-01 5.890661595670550199e-02 -3.150529422383030465e-03 5.780167000000000499e-01
-6.285694753032753865e-03 5.108029024584659350e-02 -9.986747688761702380e-01 -5.790176899999999627e+00 -5.592201172536893916e-02 9.971136634231577700e-01 5.135241785385932095e-02 1.826436999999999922e-01 9.984153537711945026e-01 5.617068775838283262e-02 -3.411039532292714505e-03 5.777773000000000492e-01
-6.529852344673723642e-03 5.087705000220316826e-02 -9.986835769208532998e-01 -5.839418399999999565e+00 -5.450362526779334998e-02 9.972021955299588125e-01 5.115795209835677371e-02 1.841548000000000074e-01 9.984922212321059032e-01 5.476592931105184192e-02 -3.738599426544197968e-03 5.774116000000000248e-01
