1.000000000000000000e+00 0.000000000000000000e+00 0.000000000000000000e+00 0.000000000000000000e+00 0.000000000000000000e+00 1.000000000000000000e+00 0.000000000000000000e+00 0.000000000000000000e+00 0.000000000000000000e+00 0.000000000000000000e+00 1.000000000000000000e+00 0.000000000000000000e+00
9.999985202911474413e-01 1.629685944408049451e-03 5.509439518765489640e-04 -2.822999999999999772e-04 -1.629512867601905961e-03 9.999986229038710928e-01 -3.144490033218201521e-04 -7.355000000000000426e-04 -5.514556462947122579e-04 3.135507677699360114e-04 9.999997987912727648e-01 3.186710000000000237e-02
9.999940684582588890e-01 3.411585648379036623e-03 4.734254564495729372e-04 -3.770000000000000022e-04 -3.411203244507961859e-03 9.999938568412258810e-01 -8.062085551130402684e-04 -1.271400000000000004e-03 -4.761729976580503774e-04 8.045888226002701968e-04 9.999995629479558890e-01 6.364630000000000287e-02
9.999933198265300582e-01 3.483098086591824866e-03 1.108300516208691241e-03 -4.488000000000000127e-04 -3.483290435401898994e-03 9.999939185900814653e-01 1.716700210714421863e-04 -2.882899999999999872e-03 -1.107695832657020277e-03 -1.755294068735825750e-04 9.999993710994870000e-01 1.243840999999999974e-01
9.999871527128495474e-01 3.955905813529254390e-03 3.169419259522894636e-03 -4.905999999999999988e-04 -3.977621503154713835e-03 9.999684567940985147e-01 6.874877744863424137e-03 -3.925599999999999576e-03 -3.142122917040395241e-03 -6.887396171534101649e-03 9.999713450082209354e-01 1.822156000000000053e-01
9.999849695581175535e-01 3.293236322525038961e-03 4.383520545723475215e-03 -4.137000000000000269e-04 -3.339047364465784744e-03 9.999394582806055976e-01 1.048477640137154311e-02 -4.496299999999999950e-03 -4.348726313374086036e-03 -1.049925559327447196e-02 9.999354250207552752e-01 2.094924999999999982e-01
9.999739697084225609e-01 3.085873248829494164e-03 6.522061934006142397e-03 -1.633999999999999873e-04 -3.168360090395434033e-03 9.999146480904086420e-01 1.267509481510403074e-02 -5.443100000000000195e-03 -6.482391527549294721e-03 -1.269542911942901295e-02 9.998983971782119395e-01 2.609662999999999844e-01
9.999602654044977834e-01 4.104630488645817990e-03 7.913256012418072236e-03 -2.525000000000000118e-04 -4.183982693923098822e-03 9.999408705126856534e-01 1.003741835081697030e-02 -5.846399999999999861e-03 -7.871588212257014591e-03 -1.007012844426745553e-02 9.999183119695991273e-01 2.846740999999999855e-01
9.999424332462336640e-01 2.462529477917208172e-03 1.044347366405703852e-02 2.442999999999999751e-04 -2.523377871650368462e-03 9.999798956910499470e-01 5.817282684694905816e-03 -6.478000000000000251e-03 -1.042893847514354648e-02 -5.843300632962052620e-03 9.999285439870162495e-01 3.287511000000000183e-01
9.997957736242205629e-01 5.585720167166683021e-03 1.942191477070246211e-02 1.261600000000000091e-03 -5.578109843617912005e-03 9.999843427672423513e-01 -4.459943258593712374e-04 -8.038399999999999365e-03 -1.942410187676269287e-02 3.375656680902192259e-04 9.998112773497310757e-01 4.024211999999999789e-01
9.996620584108352192e-01 1.822798684304140519e-03 2.593157108175944692e-02 2.387999999999999932e-03 -1.850090361527261451e-03 9.999977596774629607e-01 1.028496820309572060e-03 -8.602000000000000271e-03 -2.592963824402545747e-02 -1.076124998177287921e-03 9.996631911876731058e-01 4.316966999999999888e-01
9.991243846602151368e-01 6.086488562392543484e-04 4.183411913637318652e-02 5.193599999999999606e-03 -5.922880883746868596e-04 9.999997431993441488e-01 -4.034799452540366012e-04 -1.044909999999999936e-02 -4.183435397095115055e-02 3.783488015725552153e-04 9.991244885798853392e-01 4.963392999999999833e-01
9.993092755734943600e-01 -6.674584187031349942e-04 3.715543368118971040e-02 8.316600000000000381e-03 1.418874403240839030e-03 9.997949344056613619e-01 -2.020088939149038143e-02 -1.271480000000000006e-02 -3.713433112640932704e-02 2.023965503754208972e-02 9.991052986626361987e-01 5.705928999999999585e-01
9.995329138755881804e-01 -1.090180094114312102e-03 3.054121128472848251e-02 8.269000000000000308e-03 1.724539370500586784e-03 9.997831674434497495e-01 -2.075196522507059826e-02 -1.293470000000000036e-02 -3.051196557640335066e-02 2.079494179134298154e-02 9.993180626570096203e-01 5.758929999999999882e-01
9.960690107498642032e-01 -2.671212016426592790e-03 -8.854033233589202190e-02 2.148900000000000029e-03 2.912046539993156258e-04 9.996385575390537293e-01 -2.688251255164923748e-02 -1.447430000000000071e-02 8.858013899083923282e-02 2.675105432694920710e-02 9.957097669847173593e-01 6.287388999999999895e-01
9.766237528346297658e-01 3.950317951870506526e-04 -2.149555520313093382e-01 -9.825000000000000400e-03 -3.913023559548718840e-03 9.998652797758872390e-01 -1.594084518804437384e-02 -1.595540000000000153e-02 2.149202960304739674e-01 1.640933419025805695e-02 9.764937276324953119e-01 6.691793999999999798e-01
8.837585868188251315e-01 1.924755276694525147e-02 -4.675471013026138989e-01 -4.718089999999999784e-02 -1.272902247078205352e-02 9.997728012119221352e-01 1.709730808649765482e-02 -1.705160000000000009e-02 4.677699565073962784e-01 -9.158475274299254440e-03 8.838028004706245389e-01 7.385026000000000090e-01
8.313541038338256861e-01 2.732863684900967496e-02 -5.550707158972012500e-01 -6.619179999999999509e-02 -1.628210995647299056e-02 9.995591749695221795e-01 2.482636964224662138e-02 -1.718429999999999958e-02 5.555044976721807970e-01 -1.160178185552082283e-02 8.314325900058013863e-01 7.622541999999999929e-01
8.008599245310022985e-01 3.067626249141374578e-02 -5.980655049405168011e-01 -7.718519999999999548e-02 -1.880088134945927941e-02 9.994827858495867190e-01 2.608999139196136949e-02 -1.683890000000000040e-02 5.985565204228260328e-01 -9.650269939589579266e-03 8.010224492168819266e-01 7.736402000000000001e-01
5.646412658209156721e-01 3.711481125174835582e-02 -8.245015049821929898e-01 -1.673663999999999985e-01 -6.763980242368463139e-03 9.991629140555603472e-01 4.034500895131637455e-02 -1.427999999999999929e-02 8.253087237533812681e-01 -1.720354503432483181e-02 5.644196564036524366e-01 8.421425000000000161e-01
5.179772759883622957e-01 3.818640315311117028e-02 -8.545415965147068471e-01 -1.866308999999999885e-01 -4.858360336209413544e-03 9.991182752220472141e-01 4.170213965931524741e-02 -1.340159999999999962e-02 8.553805807326465560e-01 -1.744908970547024568e-02 5.177060858961685108e-01 8.522053000000000544e-01
4.681764256966483018e-01 3.768253320789409500e-02 -8.828311622914919443e-01 -2.070153999999999883e-01 -3.305710790694322415e-03 9.991579918851786202e-01 4.089473716929287184e-02 -1.266940000000000080e-02 8.836288285802353926e-01 -1.622756737817520820e-02 4.679067849036896432e-01 8.614311999999999525e-01
3.624901342565300388e-01 3.565181298485869954e-02 -9.313054551529134084e-01 -2.514404000000000083e-01 6.405634819342281849e-03 9.991491574212184590e-01 4.074222707499557117e-02 -1.114629999999999961e-02 9.319655950780820763e-01 -2.073425801329609186e-02 3.619533397212878478e-01 8.774809999999999555e-01
2.554544693655275700e-01 4.047922119063053492e-02 -9.659733157458217923e-01 -3.011719999999999953e-01 9.671952124128878336e-03 9.989661433459806616e-01 4.441956540271730508e-02 -9.191200000000000064e-03 9.667727072188611048e-01 -2.069002417247812337e-02 2.547988529731972651e-01 8.890805999999999987e-01
2.044190109531942579e-01 4.582534883875515053e-02 -9.778102604108449558e-01 -3.281119000000000119e-01 1.242248674300687819e-02 9.987017463634652037e-01 4.940145376084319195e-02 -8.364200000000000454e-03 9.788046535361578648e-01 -2.224543131457135114e-02 2.035843584404043449e-01 8.931696000000000080e-01
1.562265345213010859e-01 4.693197364152379425e-02 -9.866056252432255924e-01 -3.558532999999999835e-01 1.807546641267578427e-02 9.985673871539607616e-01 5.036318920080540273e-02 -7.397700000000000109e-03 9.875558452186028457e-01 -2.570142335792335864e-02 1.551544050678157483e-01 8.965933999999999848e-01
7.163825185865775602e-02 4.667093914842106173e-02 -9.963381877202340808e-01 -4.149284999999999779e-01 2.004907231828452832e-02 9.986354969114780156e-01 4.822010999097516015e-02 -5.442899999999999648e-03 9.972291590049963128e-01 -2.343006076325718223e-02 7.060479220859139371e-02 8.996096000000000092e-01
3.610129789825805569e-02 4.229265960929044776e-02 -9.984528167285789957e-01 -4.459435999999999956e-01 1.750639462007359815e-02 9.989240218472598132e-01 4.294560191569836427e-02 -3.962099999999999650e-03 9.991947870347738236e-01 -1.902970098735314725e-02 3.532206170178131543e-02 8.995402999999999594e-01
-1.364711659112273837e-02 4.650906671656356017e-02 -9.988246407262401094e-01 -5.123100000000000431e-01 1.378322590355361352e-02 9.988315081770168247e-01 4.632106385347371097e-02 -1.243299999999999917e-03 9.998118717501008890e-01 -1.313487670213234898e-02 -1.427221502009656806e-02 8.976823999999999915e-01
-2.656291201712451464e-02 5.248424116728125227e-02 -9.982684088632004515e-01 -5.473202000000000345e-01 1.535231367033527278e-02 9.985244226256598798e-01 5.208919163377711409e-02 2.760000000000000002e-05 9.995292482814791546e-01 -1.394208912564320196e-02 -2.732947091830506547e-02 8.963539000000000367e-01
-3.454121053347649489e-02 5.510124442900191100e-02 -9.978831382668300609e-01 -5.834631000000000123e-01 1.503949403488554978e-02 9.983945521305953585e-01 5.460889941321424301e-02 1.554800000000000062e-03 9.992901072231510362e-01 -1.312140001384358434e-02 -3.531445125752363801e-02 8.950160999999999811e-01
-3.812132760701521933e-02 4.859858471844669819e-02 -9.980906481601973246e-01 -6.588907999999999987e-01 2.402477867828516772e-02 9.985725293817654391e-01 4.770443976782985651e-02 4.498300000000000215e-03 9.989842713431168475e-01 -2.216035034621636687e-02 -3.923448077386670896e-02 8.927540000000000475e-01
-3.383048034225864115e-02 4.680393937041735231e-02 -9.983310522362923711e-01 -6.976556999999999897e-01 3.568717124441586619e-02 9.983223901429080227e-01 4.559420081461137281e-02 6.302099999999999716e-03 9.987902304329895342e-01 -3.408513750539474835e-02 -3.544402619419162459e-02 8.922837999999999603e-01
-2.828010487931079467e-02 4.697081019191162027e-02 -9.984958581075490391e-01 -7.382088999999999457e-01 3.607243888279105387e-02 9.982927094361693232e-01 4.593958466986136635e-02 7.887099999999999320e-03 9.989489550628013470e-01 -3.471900454372890688e-02 -2.992617420302912112e-02 8.913288000000000322e-01
-1.991934163007101632e-02 3.933317748085657373e-02 -9.990275876962976254e-01 -8.208942000000000183e-01 3.801055361292168810e-02 9.985332471192810422e-01 3.855583239231254178e-02 1.055460000000000079e-02 9.990787845025353997e-01 -3.720558488566370892e-02 -2.138520072975569342e-02 8.896218999999999655e-01
-1.702293094717028527e-02 2.030746535662919516e-02 -9.996488516838085703e-01 -9.072704000000000324e-01 2.824227397022807673e-02 9.994045624372930314e-01 1.982156755943900034e-02 1.270100000000000048e-02 9.994561490045265062e-01 -2.789493556744901404e-02 -1.758632385489977690e-02 8.871348999999999485e-01
-1.864061873979953876e-02 1.748916907797746015e-02 -9.996732747742929082e-01 -9.520366999999999580e-01 2.288880979275499314e-02 9.995924300661775952e-01 1.706095368568292386e-02 1.346100000000000074e-02 9.995642199074894485e-01 -2.256330470821709538e-02 -1.903332764851251024e-02 8.857949000000000517e-01
-2.186960607406567350e-02 2.365624410984177445e-02 -9.994809164985498651e-01 -9.985964000000000507e-01 1.316272939607845971e-02 9.996401813398239078e-01 2.337200046486681559e-02 1.437279999999999981e-02 9.996741783626359457e-01 -1.264476039708538856e-02 -2.217311772145491577e-02 8.838726999999999556e-01
-2.660658234830922536e-02 3.175942873174110448e-02 -9.991413455874879057e-01 -1.045878899999999945e+00 8.354252153340197690e-03 9.994673446103257142e-01 3.154732205025917446e-02 1.521839999999999998e-02 9.996110724910468592e-01 -7.507712315866634650e-03 -2.685773648469158559e-02 8.820099999999999607e-01
-3.389858768528419136e-02 5.905868956380687373e-02 -9.976787844491578072e-01 -1.192407299999999948e+00 7.861781240340415949e-03 9.982373740750196678e-01 5.882463255761345711e-02 2.006120000000000125e-02 9.993943556718100085e-01 -5.849460386659139505e-03 -3.430314365350173311e-02 8.764798999999999785e-01
-3.535601569788579535e-02 5.999091870220914224e-02 -9.975725747168653346e-01 -1.241863500000000009e+00 8.544755609153562026e-03 9.981783261944423558e-01 5.972450307236668032e-02 2.216419999999999849e-02 9.993382506967052326e-01 -6.412393385174668808e-03 -3.580421630929908616e-02 8.744475000000000442e-01
-3.739122365761288203e-02 5.726858628797622253e-02 -9.976583610725482387e-01 -1.291354200000000008e+00 7.269523804690310870e-03 9.983456795855103483e-01 5.703558605466116371e-02 2.424909999999999913e-02 9.992742618605963134e-01 -5.119870850152353353e-03 -3.774568194427474488e-02 8.725711999999999913e-01
-4.026775608392726968e-02 5.242172726680299072e-02 -9.978128433380329954e-01 -1.340860600000000069e+00 7.471706001405412079e-03 9.986106786020964021e-01 5.216211452087736455e-02 2.623910000000000131e-02 9.991609887447535643e-01 -5.354912905499605719e-03 -4.060349096297766192e-02 8.701955999999999580e-01
-4.494660335837660781e-02 4.739887347518496885e-02 -9.978642942002827754e-01 -1.391347399999999901e+00 7.425237846394875524e-03 9.988620239908342358e-01 4.711181244505932564e-02 2.808019999999999960e-02 9.989617954103496844e-01 -5.291863775399748698e-03 -4.524740311126573822e-02 8.680803000000000269e-01
-5.743874631731702568e-02 4.102984907976796325e-02 -9.975055598371302956e-01 -1.492492600000000058e+00 6.397249330829985620e-03 9.991497459489062649e-01 4.072910962978843613e-02 3.132750000000000118e-02 9.983285359151536920e-01 -4.041862779411667383e-03 -5.765238696514052297e-02 8.621999999999999664e-01
-7.062422633740583766e-02 4.809491909715421509e-02 -9.963428613741763806e-01 -1.595949300000000015e+00 5.234746209627445801e-03 9.988410812375666525e-01 4.784445489593862344e-02 3.474159999999999748e-02 9.974892561257809875e-01 -1.836624405507258223e-03 -7.079414329186728416e-02 8.549206000000000305e-01
-8.152449711107180585e-02 5.330094258747993669e-02 -9.952450783048729654e-01 -1.700174199999999969e+00 -5.227390044791682677e-04 9.985665527037205225e-01 5.352164576450380018e-02 3.854939999999999756e-02 9.966712011063225685e-01 4.883578676953988923e-03 -8.137977355944137070e-02 8.461425999999999670e-01
-8.532811498015895058e-02 5.580304715307084218e-02 -9.947889890435883675e-01 -1.804325900000000038e+00 -9.069258028073633876e-03 9.983454948664238771e-01 5.678046705281346307e-02 4.288449999999999901e-02 9.963116286347122319e-01 1.386696824643241302e-02 -8.468084694250188615e-02 8.356183999999999834e-01
-8.879979112114991247e-02 5.426548358089465507e-02 -9.945701857529067880e-01 -1.909771399999999897e+00 -1.050494758232252412e-02 9.984082655948204321e-01 5.541282584596421423e-02 4.714829999999999716e-02 9.959940979609931411e-01 1.536855502882935806e-02 -8.808838937790297585e-02 8.261652000000000440e-01
-9.017678871315808198e-02 5.347393296564405957e-02 -9.944891579452077579e-01 -1.962676400000000099e+00 -1.146481137195733829e-02 9.984356029915241182e-01 5.472572319446535050e-02 4.926669999999999661e-02 9.958597817351537707e-01 1.633662058498057054e-02 -8.942264785989340048e-02 8.216198999999999586e-01
-9.133317786509316527e-02 5.058082822925415167e-02 -9.945349820075237712e-01 -2.068926799999999844e+00 -1.868271400242063618e-02 9.984463832414850470e-01 5.249548542018846881e-02 5.335360000000000102e-02 9.956451209233974087e-01 2.337519214124560846e-02 -9.024629396154082439e-02 8.104388000000000147e-01
-9.097129484984962933e-02 4.478883385756257662e-02 -9.948458090955707434e-01 -2.176598799999999834e+00 -2.549700128506196539e-02 9.985558607325240033e-01 4.728737592843945681e-02 5.729150000000000215e-02 9.955270596215910484e-01 2.966737869121004179e-02 -8.969793867632114281e-02 8.002105999999999941e-01
-8.774206419169919280e-02 5.226709341535788755e-02 -9.947710697026173055e-01 -2.285342700000000171e+00 -2.629481899780153689e-02 9.981530335348953731e-01 5.476407708488277570e-02 6.129930000000000101e-02 9.957961200292217985e-01 3.096243838906070911e-02 -8.620565378066002982e-02 7.904930999999999486e-01
-8.656833205980785095e-02 5.170310566753823917e-02 -9.949033685482798761e-01 -2.339212199999999964e+00 -2.443109948768031753e-02 9.982418858438548703e-01 5.400239554619213483e-02 6.362560000000000437e-02 9.959463064152634937e-01 2.898148048729914245e-02 -8.515297133135391050e-02 7.862845000000000528e-01
-8.427153151862219749e-02 5.067750340577675816e-02 -9.951533045838030223e-01 -2.393548500000000079e+00 -2.419741354688552393e-02 9.983072818772461554e-01 5.288720193492486843e-02 6.590070000000000650e-02 9.961489819063948925e-01 2.853702155835476442e-02 -8.290261906255513846e-02 7.818562000000000012e-01
-7.997114944968794492e-02 5.126302857873663715e-02 -9.954781349465349205e-01 -2.447853600000000185e+00 -2.887507570505786630e-02 9.981384799553644216e-01 5.371968759609266342e-02 6.810030000000000250e-02 9.963788663248147603e-01 3.304053167444867545e-02 -7.834205772091318298e-02 7.768642000000000047e-01
-7.470242712117022843e-02 5.253910678650422494e-02 -9.958208622238653440e-01 -2.502431399999999861e+00 -3.344675470965739750e-02 9.979172444890483940e-01 5.515875044611574796e-02 6.991780000000000217e-02 9.966448023150467073e-01 3.742746864885693192e-02 -7.278957761204940535e-02 7.725186000000000552e-01
-6.874602847274395578e-02 5.210478981733879245e-02 -9.962725904326164006e-01 -2.557383300000000137e+00 -3.764343277136095178e-02 9.977885292979417065e-01 5.478159153072074961e-02 7.228710000000000691e-02 9.969237461001783096e-01 4.126913713105297143e-02 -6.663259549233868650e-02 7.681533999999999862e-01
-6.290913824092619899e-02 5.104392865802277746e-02 -9.967130769047520822e-01 -2.612579600000000113e+00 -3.931366721551336763e-02 9.977893451001509373e-01 5.358039169957563158e-02 7.462470000000000214e-02 9.972446419489309211e-01 4.255514248321540932e-02 -6.076334382159465086e-02 7.643644000000000549e-01
-5.717155122387113098e-02 5.051020972846866769e-02 -9.970858199993832827e-01 -2.667421299999999995e+00 -3.918827680970542876e-02 9.978361306038396883e-01 5.279522158531696485e-02 7.662990000000000079e-02 9.975949542230766465e-01 4.209245983240851585e-02 -5.506843137329131554e-02 7.609580000000000233e-01
-5.217702664945388785e-02 4.998299921088520531e-02 -9.973862128984476438e-01 -2.722587799999999891e+00 -3.730812212829031499e-02 9.979518740183586090e-01 5.196307502935865186e-02 7.874100000000000543e-02 9.979407106202669020e-01 3.992188539048263651e-02 -5.020538968663035284e-02 7.582455000000000167e-01
-4.655512100403053077e-02 5.105494974917083872e-02 -9.976101507174082172e-01 -2.777767900000000179e+00 -3.625458599048521358e-02 9.979486705346948261e-01 5.276415424029649165e-02 8.061269999999999547e-02 9.982575948636498442e-01 3.862438457949751019e-02 -4.460864504663286656e-02 7.554368000000000194e-01
-4.124413371534094153e-02 5.248577574512454380e-02 -9.977695950361002986e-01 -2.833807900000000046e+00 -3.547707575546768521e-02 9.979126803793798572e-01 5.395979460563548463e-02 8.270489999999999786e-02 9.985190526624476703e-01 3.762347249356520068e-02 -3.929600218360718156e-02 7.532813999999999899e-01
-3.565634903596267419e-02 5.367248387497762507e-02 -9.979217851355466351e-01 -2.889452700000000096e+00 -3.636405192797385888e-02 9.978257990321931503e-01 5.496663090589531953e-02 8.491189999999999849e-02 9.987022982354678557e-01 3.824838899163691963e-02 -3.362707597664715831e-02 7.510023000000000115e-01
-3.018489762955125708e-02 5.289678042533473012e-02 -9.981436783227787268e-01 -2.945501600000000053e+00 -3.573510716028506506e-02 9.979032081896235251e-01 5.396470328927854831e-02 8.704449999999999688e-02 9.989053378931037619e-01 3.729769035062160953e-02 -2.823133406647115873e-02 7.491750000000000353e-01
-2.551203789218286708e-02 4.804229305242212894e-02 -9.985194409729102327e-01 -3.001421899999999976e+00 -3.621331224296130830e-02 9.981445498368772817e-01 4.894950099164982471e-02 8.933839999999999837e-02 9.990183841846863588e-01 3.740849782072157292e-02 -2.372493101813899496e-02 7.477601999999999860e-01
-2.097427691093840460e-02 4.304428807788930611e-02 -9.988529766546883071e-01 -3.057268399999999886e+00 -3.559884447247704808e-02 9.984070726159005593e-01 4.377258985680665404e-02 9.106809999999999905e-02 9.991460363631974317e-01 3.647611018756657941e-02 -1.940853949417198354e-02 7.462606000000000517e-01
-1.773632076467302962e-02 4.230590424535266014e-02 -9.989472625678069706e-01 -3.113381899999999813e+00 -3.557584932588919724e-02 9.984450667769346754e-01 4.291628564477833335e-02 9.292640000000000622e-02 9.992095785522042695e-01 3.629957430584591221e-02 -1.620367349523288425e-02 7.454283999999999910e-01
-1.431993017807035515e-02 4.476650376501171980e-02 -9.988948391799569171e-01 -3.169875100000000057e+00 -3.505708165352329486e-02 9.983605957286619814e-01 4.524513147565644572e-02 9.446259999999999379e-02 9.992827130625411280e-01 3.566624506404380418e-02 -1.272707104553838509e-02 7.443172999999999595e-01
-1.236015389644125329e-02 4.436837313222723178e-02 -9.989387739302425517e-01 -3.226530100000000179e+00 -3.535504285658601364e-02 9.983710319820270351e-01 4.478061459773890335e-02 9.628390000000000559e-02 9.992983776331599843e-01 3.587101845141447282e-02 -1.077137386747983872e-02 7.435650999999999788e-01
-1.179561892938380332e-02 4.420848978068742802e-02 -9.989526879714494267e-01 -3.283217000000000052e+00 -3.657488650770224919e-02 9.983345916368369100e-01 4.461301175955983966e-02 9.790630000000000166e-02 9.992612976849557516e-01 3.706281927512772301e-02 -1.015905391056459717e-02 7.427124999999999977e-01
-1.106125068279986690e-02 4.537328354313136664e-02 -9.989088616454692149e-01 -3.340047600000000116e+00 -3.816456879396292606e-02 9.982229483393827429e-01 4.576473639606110089e-02 9.956439999999999735e-02 9.992102453548520336e-01 3.862914119087677844e-02 -9.309942467715659475e-03 7.418945000000000123e-01
-1.012163612334751779e-02 4.519114912549355989e-02 -9.989270806835218730e-01 -3.396698199999999890e+00 -3.852829241339666977e-02 9.982188207546934811e-01 4.554949587884625506e-02 1.011851000000000000e-01 9.992062465606857957e-01 3.894799008712303279e-02 -8.362469867151611780e-03 7.411864000000000230e-01
-8.994229695476609748e-03 4.328486182853041181e-02 -9.990222843203598879e-01 -3.453916800000000009e+00 -3.909833688265700741e-02 9.982834951105732380e-01 4.360485572534843896e-02 1.027346999999999982e-01 9.991948878398023703e-01 3.945230191387089774e-02 -7.286424946536529390e-03 7.404619000000000062e-01
-8.239922801085007575e-03 4.221169295474150318e-02 -9.990747102444980099e-01 -3.511118900000000043e+00 -3.784832274732304047e-02 9.983795489743052531e-01 4.249447793628502446e-02 1.042981000000000047e-01 9.992495224604550641e-01 3.816345329968937050e-02 -6.628928631068342625e-03 7.398902000000000534e-01
-7.932899604204821792e-03 4.175125941119500750e-02 -9.990965426030906649e-01 -3.568614000000000175e+00 -3.352246899507062283e-02 9.985552963294705986e-01 4.199481211813735348e-02 1.059636999999999940e-01 9.994064804554474435e-01 3.382532350092497253e-02 -6.521833615911742932e-03 7.395937000000000205e-01
-8.041644753670373208e-03 4.287257766967983441e-02 -9.990481840399956237e-01 -3.625875199999999854e+00 -3.150458503093023221e-02 9.985736581579868210e-01 4.310580419160354310e-02 1.073298000000000030e-01 9.994712567511305767e-01 3.182124002821463266e-02 -6.679491850590024704e-03 7.392379999999999507e-01
-7.742987973898689778e-03 4.574381458326799710e-02 -9.989231950278297800e-01 -3.683363400000000176e+00 -3.103033460014160971e-02 9.984610681063759152e-01 4.596317885523278773e-02 1.088372999999999979e-01 9.994884513949319205e-01 3.135281332267429028e-02 -6.311626170348083598e-03 7.384905000000000497e-01
-7.603032344339492703e-03 4.967995234688732387e-02 -9.987362495844346322e-01 -3.740862100000000190e+00 -3.364610926251945799e-02 9.981868837336053124e-01 4.990876149223374969e-02 1.104335000000000039e-01 9.994048895371013819e-01 3.398304690584816323e-02 -5.917710057901870435e-03 7.376374999999999460e-01
-6.868014097710080021e-03 4.967395160048909686e-02 -9.987418730156185642e-01 -3.797877600000000076e+00 -3.630031760175633782e-02 9.980947530274001389e-01 4.989139125324944246e-02 1.122362999999999972e-01 9.993173256400418314e-01 3.659730197112164019e-02 -5.051748615010565047e-03 7.366979999999999640e-01
-6.788854673125352748e-03 4.790405208237977219e-02 -9.988288708514165837e-01 -3.855358799999999864e+00 -3.676491852819420425e-02 9.981646188393997754e-01 4.812207874573812272e-02 1.138557999999999931e-01 9.993008817257404974e-01 3.704855585963404141e-02 -5.015205965177127467e-03 7.361974999999999492e-01
-6.555447483525961294e-03 4.565836679655792957e-02 -9.989356033547717173e-01 -3.911743400000000204e+00 -3.694844502042363837e-02 9.982638644661099292e-01 4.587013529259398315e-02 1.154188000000000019e-01 9.992956712199164704e-01 3.720981648247032036e-02 -4.857060682904257298e-03 7.357378999999999447e-01
-6.581219734334707756e-03 4.523121524637205293e-02 -9.989548662047473826e-01 -3.968178299999999936e+00 -3.420148182145407723e-02 9.983818507312948176e-01 4.543059290358723162e-02 1.169525000000000009e-01 9.993932890449210849e-01 3.446472541151437280e-02 -5.023595752423282157e-03 7.354279000000000233e-01
-6.967368017765284728e-03 4.692589522898803212e-02 -9.988740742154953445e-01 -4.025328599999999923e+00 -3.239492788868222894e-02 9.983634271930487136e-01 4.712786745055513871e-02 1.184854000000000046e-01 9.994508614384161049e-01 3.268681080050567234e-02 -5.435804420676482174e-03 7.350697000000000481e-01
-6.828287060367642901e-03 4.988046154974112856e-02 -9.987318529272037892e-01 -4.081670299999999862e+00 -3.151551548066761077e-02 9.982482603032700741e-01 5.007177933210038567e-02 1.200805000000000067e-01 9.994799381577446074e-01 3.181745365486610133e-02 -5.244317220709615590e-03 7.347139999999999782e-01
-5.960367776197070429e-03 5.184159024543417982e-02 -9.986375336110677736e-01 -4.138767200000000201e+00 -3.206352448741561778e-02 9.981318712374246394e-01 5.200671127385465831e-02 1.221478000000000008e-01 9.994680607270134409e-01 3.232981813901349144e-02 -4.287008943417824902e-03 7.340588000000000113e-01
-6.259419022536955382e-03 5.227913988323591721e-02 -9.986128935711622301e-01 -4.194909599999999905e+00 -3.289297068365674981e-02 9.980812915759299520e-01 5.245748646025352735e-02 1.239186000000000037e-01 9.994392788724608678e-01 3.317569802118165712e-02 -4.527792806982566809e-03 7.336924000000000223e-01
-5.676299532182238483e-03 5.018397570768143301e-02 -9.987238598360368425e-01 -4.251151100000000405e+00 -3.298676060553892841e-02 9.981870099115975892e-01 5.034448200644255078e-02 1.257251000000000063e-01 9.994396696391303347e-01 3.323043523511227948e-02 -4.010601664488078200e-03 7.330731000000000330e-01
-5.137468178165884893e-03 4.872402316999407956e-02 -9.987990668732366073e-01 -4.307352999999999987e+00 -3.143884017252539242e-02 9.983106297407394747e-01 4.886190617704878197e-02 1.275969999999999882e-01 9.994924740833842636e-01 3.165211071600430165e-02 -3.596962315213891870e-03 7.323967000000000116e-01
-5.010701970120743504e-03 4.995736230728647920e-02 -9.987387820732029908e-01 -4.362932699999999997e+00 -2.979057842467988659e-02 9.983005679370789975e-01 5.008490285134409303e-02 1.291178000000000048e-01 9.995436030023350238e-01 3.000396653451156692e-02 -3.513927902829561134e-03 7.320430999999999466e-01
-4.795579405895974284e-03 5.281179768034269251e-02 -9.985929683529383150e-01 -4.418879500000000071e+00 -2.846111166418911764e-02 9.981926993849736807e-01 5.292730880536301169e-02 1.310531000000000057e-01 9.995833969914668105e-01 2.867488309148353426e-02 -3.283829881319477728e-03 7.316513999999999518e-01
-4.578674128829779769e-03 5.540870839914405904e-02 -9.984532591848056526e-01 -4.474975599999999609e+00 -2.688237967868218475e-02 9.980960562700738059e-01 5.551216191914037923e-02 1.330165000000000097e-01 9.996281175547401254e-01 2.709497170443819769e-02 -3.080438654239681107e-03 7.313714999999999522e-01
-4.401673625102735243e-03 5.731705219829889841e-02 -9.983463230746107975e-01 -4.530895700000000303e+00 -2.735311657572571040e-02 9.979755348823776684e-01 5.741636343262252612e-02 1.348921999999999899e-01 9.996161424681437868e-01 2.756061145057766421e-02 -2.824962579832557275e-03 7.311661999999999884e-01
-4.027629654156705818e-03 5.908170042437459191e-02 -9.982450254693649994e-01 -4.586549800000000232e+00 -2.983733566352188282e-02 9.978015601891344621e-01 5.917583868971686145e-02 1.372145999999999921e-01 9.995466530382016712e-01 3.002331026208671094e-02 -2.255934625647881830e-03 7.304928000000000532e-01
-3.826089948699397218e-03 5.843651759703799575e-02 -9.982837945428321147e-01 -4.642014500000000155e+00 -3.177521417873606369e-02 9.977798929630322666e-01 5.852880455446984875e-02 1.392374999999999863e-01 9.994877171829575913e-01 3.194461785357509409e-02 -1.960762756974876453e-03 7.299896000000000162e-01
-3.928789601039186542e-03 5.479641756344669906e-02 -9.984898182928472199e-01 -4.696992899999999693e+00 -3.426706529896799552e-02 9.979037321661904381e-01 5.489908528003449584e-02 1.411004999999999898e-01 9.994049894052294825e-01 3.443100275915045305e-02 -2.042841386976523843e-03 7.296253000000000322e-01
-3.414835834498202057e-03 5.310177014764938530e-02 -9.985832668853457106e-01 -4.752276900000000026e+00 -3.564829779948751332e-02 9.979479117215354078e-01 5.318988959027556862e-02 1.431929999999999870e-01 9.993585631595011121e-01 3.577942841651979289e-02 -1.514840574005971163e-03 7.288381000000000443e-01
-2.970023334637580253e-03 5.146811556393499076e-02 -9.986702218659015973e-01 -4.807480299999999929e+00 -3.553808684982902311e-02 9.980383484212843603e-01 5.154124041550669361e-02 1.450741000000000114e-01 9.993639093665758200e-01 3.564390776573864855e-02 -1.135118822766179036e-03 7.280621000000000453e-01
-2.963236398983371683e-03 5.169808878848735495e-02 -9.986583634284855737e-01 -4.863082399999999694e+00 -3.421123565014081574e-02 9.980729089670539178e-01 5.176929342123068323e-02 1.471975000000000089e-01 9.994102313791539682e-01 3.431874125985134860e-02 -1.188870474485570483e-03 7.279605999999999577e-01
-3.065461981441597056e-03 5.365358562749439342e-02 -9.985549036944104673e-01 -4.918721200000000238e+00 -3.430135499048687919e-02 9.979663312466973135e-01 5.372726257519322424e-02 1.493874000000000035e-01 9.994068340714189480e-01 3.441648510990459597e-02 -1.218837160074315307e-03 7.276089999999999502e-01
-3.207425658035084181e-03 5.562308932831269703e-02 -9.984466857845855081e-01 -4.974383800000000022e+00 -3.262913116205388986e-02 9.979143473283668131e-01 5.569825128142834314e-02 1.513857999999999870e-01 9.994623815933532107e-01 3.275709586905098392e-02 -1.385803004810171046e-03 7.275129999999999653e-01
-3.616923515420193257e-03 5.473281104066299307e-02 -9.984944853427439870e-01 -5.030108000000000246e+00 -3.632825770997807902e-02 9.978347166556924552e-01 5.482824024543603986e-02 1.535910000000000053e-01 9.993333655772940194e-01 3.647187453697593035e-02 -1.620744186497935502e-03 7.269187999999999761e-01
-3.901651654074157153e-03 5.584155716940523290e-02 -9.984320195222435856e-01 -5.086532599999999960e+00 -4.026100642782447919e-02 9.976212969577293865e-01 5.595354517630275054e-02 1.559077000000000102e-01 9.991815793316991545e-01 4.041618919781928693e-02 -1.644133491277566250e-03 7.262361999999999984e-01
-4.535513417102442560e-03 5.136371994987833089e-02 -9.986697138648762406e-01 -5.198946000000000289e+00 -4.436574159339909396e-02 9.976862853187187241e-01 5.151462957067554777e-02 1.600169999999999926e-01 9.990050600927459223e-01 4.454036775607777415e-02 -2.246230006550109515e-03 7.251832999999999751e-01
-5.383443787349539641e-03 4.752817348561386851e-02 -9.988553905636740060e-01 -5.255678200000000189e+00 -4.454641663170848948e-02 9.978668756019727359e-01 4.772122527378409862e-02 1.620270000000000044e-01 9.989928104337201242e-01 4.475233291660218882e-02 -3.254750414227070010e-03 7.248655999999999988e-01
-6.341617163038247747e-03 4.650757741435272014e-02 -9.988978071528668012e-01 -5.312779400000000152e+00 -4.114299283849025962e-02 9.980599095405924270e-01 4.672976683139407061e-02 1.640407000000000115e-01 9.991331432957520908e-01 4.139398761743674771e-02 -4.415852927588725940e-03 7.247356999999999827e-01
-6.479896800849455941e-03 4.551550935869991960e-02 -9.989426156417936520e-01 -5.370826700000000287e+00 -3.673638895489019646e-02 9.982784156102156858e-01 4.572354593983697646e-02 1.661906999999999968e-01 9.993039821115520249e-01 3.699382833089136235e-02 -4.796665656388587884e-03 7.241406999999999705e-01
-7.276521787865803184e-03 4.738602293837636953e-02 -9.988501474499338340e-01 -5.429322700000000168e+00 -3.594125185097275105e-02 9.982187946818783519e-01 4.761789956773742477e-02 1.681905999999999957e-01 9.993274131364833224e-01 3.624641739457638151e-02 -5.560447823915626309e-03 7.239832000000000489e-01
-8.012455401817832404e-03 5.147057706410004124e-02 -9.986423685459789867e-01 -5.487838299999999947e+00 -3.512052774884779488e-02 9.980438035673002695e-01 5.172151091720489369e-02 1.701744000000000034e-01 9.993509639206222817e-01 3.548726331523285871e-02 -6.189107635114710071e-03 7.231994999999999951e-01
-8.277446548374747456e-03 5.157940257992080918e-02 -9.986345923850911133e-01 -5.547180199999999672e+00 -3.387075273861839958e-02 9.980812894426719373e-01 5.183157120301044862e-02 1.724349000000000021e-01 9.993919431271988119e-01 3.425353841505759944e-02 -6.514531333104534028e-03 7.223068999999999740e-01
-8.709171186884729840e-03 4.716692931455684218e-02 -9.988490532188900595e-01 -5.606037599999999621e+00 -3.394660928626561797e-02 9.982972363461795062e-01 4.743685931367911529e-02 1.746805999999999914e-01 9.993857003455688393e-01 3.432067427390898123e-02 -7.093184206058644747e-03 7.215684999999999460e-01
-9.713327301984514550e-03 4.335036963194409398e-02 -9.990127109929575200e-01 -5.665111500000000078e+00 -3.404453659854364544e-02 9.984663124951977942e-01 4.365767217835182790e-02 1.766990999999999978e-01 9.993731139071707625e-01 3.443498606092111614e-02 -8.222586847776325314e-03 7.208734999999999449e-01
-1.029914786433409023e-02 4.212408300234212616e-02 -9.990593021360045789e-01 -5.725118199999999824e+00 -3.328679258584122530e-02 9.985441242912160842e-01 4.244550957210589670e-02 1.784367000000000036e-01 9.993927741346821936e-01 3.369263235041659865e-02 -8.881977971369470204e-03 7.199775999999999954e-01
-1.096360074836339599e-02 4.319033992697252772e-02 -9.990067036790206689e-01 -5.785076100000000388e+00 -3.503519082363248244e-02 9.984367361881937297e-01 4.355019212149033314e-02 1.803452999999999862e-01 9.993259402530196844e-01 3.547785741641711066e-02 -9.433279946987394027e-03 7.190189000000000163e-01
-1.117431282855529950e-02 4.790643931923842247e-02 -9.987893210304970015e-01 -5.846070300000000053e+00 -4.024085124738441266e-02 9.980209773851683730e-01 4.831979501238742314e-02 1.823617999999999906e-01 9.991275237044043855e-01 4.073207300034441258e-02 -9.224402712325052711e-03 7.174874999999999448e-01
-1.184938409627027053e-02 5.110909727244987433e-02 -9.986227777657260551e-01 -5.906450699999999721e+00 -4.537685791141207736e-02 9.976365495527237393e-01 5.159705187918661035e-02 1.843406999999999962e-01 9.988996610584203184e-01 4.592575717972664090e-02 -9.502208419215452118e-03 7.164778000000000535e-01
-1.158878126392696127e-02 5.080711367598583078e-02 -9.986412455675621747e-01 -5.967445900000000414e+00 -5.280231195101370983e-02 9.972838167797666298e-01 5.135079981664064652e-02 1.868296999999999874e-01 9.985377388969554069e-01 5.332565976241006311e-02 -8.874570945064941263e-03 7.147242999999999791e-01
-1.139494832767613645e-02 4.898368621011996854e-02 -9.987345761702045577e-01 -6.027516799999999897e+00 -5.618819938036977851e-02 9.971899431464278374e-01 4.954900138262861853e-02 1.888458000000000081e-01 9.983551679652894473e-01 5.668170580436356076e-02 -8.610622747872165306e-03 7.133135000000000447e-01
-1.174528631815533429e-02 4.779997846240857662e-02 -9.987878705252172251e-01 -6.088200099999999892e+00 -5.871803570291224406e-02 9.971001418188836229e-01 4.840970427459430347e-02 1.908692999999999917e-01 9.982055101693719790e-01 5.921544767841771528e-02 -8.904505811581975294e-03 7.120341999999999505e-01
-1.207528849240487728e-02 4.709902206190583890e-02 -9.988172352981485869e-01 -6.148646799999999857e+00 -5.824964421173244727e-02 9.971606149459366630e-01 4.772511864676594329e-02 1.927873999999999977e-01 9.982290149845534089e-01 5.875704316465736599e-02 -9.297500820909521124e-03 7.109343000000000190e-01
-1.295505507805753617e-02 4.617469574828632350e-02 -9.988493700355810523e-01 -6.208936200000000127e+00 -5.630412405546458832e-02 9.973146048831784682e-01 4.683401008942628119e-02 1.945334999999999981e-01 9.983296109813987185e-01 5.684607602344085575e-02 -1.032043983877795057e-02 7.102895000000000181e-01
-1.301605356736323417e-02 4.693897011230020733e-02 -9.988129531770840730e-01 -6.269912200000000269e+00 -5.654220922018152184e-02 9.972647235911963337e-01 4.760304251910885825e-02 1.964295000000000069e-01 9.983153614595102754e-01 5.709469472176425392e-02 -1.032641799443512198e-02 7.090980000000000061e-01
-1.409724979508160565e-02 5.201453713406267026e-02 -9.985468218741395674e-01 -6.330393800000000404e+00 -5.623463932956383055e-02 9.970242243623069767e-01 5.272913212081200424e-02 1.982053000000000009e-01 9.983180519692556043e-01 5.689625612875939126e-02 -1.113028080695466215e-02 7.084806999999999633e-01
-1.454921360793303559e-02 5.605632832236843305e-02 -9.983215956987034900e-01 -6.391161900000000173e+00 -5.478481494702363425e-02 9.968828125644675353e-01 5.677395586690382051e-02 2.003714000000000051e-01 9.983921796742054600e-01 5.551888028924576585e-02 -1.143282540832690763e-02 7.073104000000000058e-01
-1.428806830215264764e-02 5.491499861008402456e-02 -9.983887990316433481e-01 -6.451738399999999984e+00 -5.549351235934624899e-02 9.969082329813493404e-01 5.562773678684726497e-02 2.027094000000000118e-01 9.983568105593390030e-01 5.619891406120001986e-02 -1.119646676973362620e-02 7.060421999999999532e-01
-1.358355549215041654e-02 5.333493058680463528e-02 -9.984842874074145724e-01 -6.511942900000000201e+00 -5.501793288693122841e-02 9.970237935201341495e-01 5.400539061584596484e-02 2.051972999999999991e-01 9.983929657609976749e-01 5.566812673354209345e-02 -1.060875039472108927e-02 7.050332999999999739e-01
-1.225025619263791707e-02 5.255774889934130417e-02 -9.985427453313396873e-01 -6.572326200000000007e+00 -5.422834843984142977e-02 9.971131327100570818e-01 5.314778266892569020e-02 2.074238999999999944e-01 9.984534127583030161e-01 5.480039787966870662e-02 -9.364771408214789261e-03 7.040378000000000469e-01
-1.009835529060530181e-02 5.430016055376980788e-02 -9.984735929328625303e-01 -6.693110899999999752e+00 -5.457549086915228220e-02 9.970062727258458546e-01 5.477232824800624955e-02 2.117246999999999879e-01 9.984585815229471972e-01 5.504529688493912942e-02 -7.104665652451935820e-03 7.020174000000000136e-01
-7.922970525642935094e-03 5.891131394246348213e-02 -9.982317785101927354e-01 -6.813265300000000302e+00 -5.709277113603487136e-02 9.966080695819135027e-01 5.926863528224829425e-02 2.161524999999999974e-01 9.983374389564173557e-01 5.746140212163580729e-02 -4.532686196675239643e-03 7.005736000000000185e-01
-6.881632945627328551e-03 5.322624537851183835e-02 -9.985587663882923293e-01 -6.932940999999999576e+00 -5.798156337362669888e-02 9.968811320992446712e-01 5.353640605493040217e-02 2.208033000000000079e-01 9.982939353901493229e-01 5.826641629133136324e-02 -3.774029121973998535e-03 6.992608000000000157e-01
-7.180395405231419607e-03 5.175364047073174184e-02 -9.986340684253915967e-01 -6.992051100000000297e+00 -5.514569368987801840e-02 9.971195988116259290e-01 5.207166343803865116e-02 2.228140999999999872e-01 9.984524998162334075e-01 5.544426357855664067e-02 -4.305722581038118335e-03 6.991093000000000446e-01
