1.000000000000000000e+00 0.000000000000000000e+00 0.000000000000000000e+00 0.000000000000000000e+00 0.000000000000000000e+00 1.000000000000000000e+00 0.000000000000000000e+00 0.000000000000000000e+00 0.000000000000000000e+00 0.000000000000000000e+00 1.000000000000000000e+00 0.000000000000000000e+00
9.999927857301962320e-01 3.666917290599983319e-03 9.910626346026037755e-04 -5.412999999999999843e-04 -3.665868881080272621e-03 9.999927213978688778e-01 -1.057618376762144673e-03 -1.587899999999999945e-03 -9.949336201646047113e-04 1.053977641146434333e-03 9.999989496185600624e-01 7.687860000000000527e-02
9.999929723964802175e-01 3.569027510909423499e-03 1.147693460200498996e-03 -5.264999999999999498e-04 -3.568960249823683369e-03 9.999936294019763361e-01 -6.064814879551956546e-05 -2.190500000000000173e-03 -1.147902603618346619e-03 5.655165024593744523e-05 9.999993395605436541e-01 1.009976000000000068e-01
9.999853154956603873e-01 4.286823934851182079e-03 3.315408511211602720e-03 -6.815999999999999793e-04 -4.308697687838153843e-03 9.999688125170321795e-01 6.618845632845205863e-03 -3.049099999999999901e-03 -3.286931286085161951e-03 -6.633033531364283288e-03 9.999725990990414592e-01 1.476757999999999960e-01
9.999842041453047559e-01 3.470044274815262380e-03 4.421566759915931434e-03 -5.640999999999999964e-04 -3.515037018926709961e-03 9.999417093711483462e-01 1.020893602005193933e-02 -3.456799999999999890e-03 -4.385883564020648905e-03 -1.022431673202473489e-02 9.999381117712866640e-01 1.697627999999999915e-01
9.999810308275631776e-01 2.916495677623983686e-03 5.425130229456975352e-03 -4.058999999999999999e-04 -2.984160695541695010e-03 9.999173374637255751e-01 1.250651927583959315e-02 -3.898800000000000009e-03 -5.388206565022482346e-03 -1.252247149791780624e-02 9.999070731510986132e-01 1.909928999999999932e-01
9.999521682406229406e-01 4.410508340606303194e-03 8.729756414374078427e-03 -2.516999999999999923e-04 -4.474525416439911231e-03 9.999631439178721104e-01 7.327307021174861261e-03 -5.032499999999999647e-03 -8.697117521023638165e-03 -7.366018060143988098e-03 9.999350488530557302e-01 2.485575999999999897e-01
9.998941608842499829e-01 -2.663046247987419738e-03 1.430297920933998150e-02 6.233000000000000259e-04 2.632410947223235136e-03 9.999942017798270077e-01 2.160282234240791174e-03 -5.802800000000000319e-03 -1.430864920901588587e-02 -2.122402272830775996e-03 9.998953735098515816e-01 2.978704999999999825e-01
9.996657233880538174e-01 1.994112720828106981e-03 2.577721857562651625e-02 1.640600000000000088e-03 -2.024350546727601407e-03 9.999972931915617202e-01 1.147002359922549928e-03 -7.080399999999999715e-03 -2.577486154963701953e-02 -1.198801070376467014e-03 9.996670542676150406e-01 3.490072000000000174e-01
9.987031984321501632e-01 2.311888081711669339e-04 5.091039179900545830e-02 6.045000000000000026e-03 3.399518205986601068e-04 9.999371126482400340e-01 -1.120960219903723541e-02 -9.638799999999999452e-03 -5.090978171386062456e-02 1.121237264971001492e-02 9.986403140397502876e-01 4.352048000000000028e-01
9.995505040217556036e-01 -1.076304241875999847e-03 2.996049864460282111e-02 6.578999999999999779e-03 1.692837647564721017e-03 9.997871783086244024e-01 -2.056045695936637233e-02 -1.057839999999999996e-02 -2.993199309356654389e-02 2.060193337669766547e-02 9.993396000012152447e-01 4.655987999999999793e-01
9.997377889703383813e-01 -9.253462931294335544e-04 2.288005766900533949e-02 6.243300000000000238e-03 1.420362701718899234e-03 9.997650676440584805e-01 -2.162850176195270716e-02 -1.059539999999999961e-02 -2.285466854922171831e-02 2.165532851076189605e-02 9.995042325436127584e-01 4.699268999999999807e-01
8.845445467589512223e-01 1.980613392908212728e-02 -4.660350435941323921e-01 -4.019919999999999743e-02 -1.307124505974940724e-02 9.997582604212618129e-01 1.767945904264225584e-02 -1.428850000000000085e-02 4.662725462126090514e-01 -9.546610824567532821e-03 8.845896081631157148e-01 5.971003000000000283e-01
8.600143758550592432e-01 2.484529359719590824e-02 -5.096645805907076276e-01 -4.772910000000000347e-02 -1.582054762676061987e-02 9.996320257386903663e-01 2.203459530718748782e-02 -1.435089999999999977e-02 5.100244931328514753e-01 -1.088689595942139710e-02 8.600909788510436860e-01 6.068105000000000304e-01
8.320770315392734817e-01 2.788376106398001569e-02 -5.539587615100221019e-01 -5.561660000000000215e-02 -1.677070310105385070e-02 9.995437116154365365e-01 2.512194434221513145e-02 -1.428519999999999963e-02 5.544064908551189497e-01 -1.161311495525313431e-02 8.321649947328648711e-01 6.166890999999999901e-01
7.312892203512347811e-01 3.808826632379667954e-02 -6.810032012894877695e-01 -8.498100000000000098e-02 -2.130323408433999754e-02 9.992279522498069833e-01 3.301017510110022118e-02 -1.352549999999999933e-02 6.817347346407038877e-01 -9.632414604086451601e-03 7.315360334072846804e-01 6.451356000000000313e-01
5.651190951875072477e-01 3.772916455788453971e-02 -8.241461753816595737e-01 -1.369032000000000027e-01 -6.736921747098965907e-03 9.991314855012702889e-01 4.112041543319357173e-02 -1.196129999999999936e-02 8.249818313998354968e-01 -1.768572367162361825e-02 5.648824594890378137e-01 6.814886999999999473e-01
4.688621990481084412e-01 3.837708915063800519e-02 -8.824372143853045358e-01 -1.688574999999999937e-01 -3.127897859639093558e-03 9.991215310300635144e-01 4.178974141008138382e-02 -1.073460000000000039e-02 8.832657893062265675e-01 -1.683345658104087872e-02 4.685703577700819356e-01 6.969712000000000129e-01
4.166017798470953992e-01 3.727555574332099692e-02 -9.083245510126096711e-01 -1.860922000000000132e-01 1.887499922174663836e-03 9.991213952377794305e-01 4.186734911786149649e-02 -1.018720000000000042e-02 9.090871214423159596e-01 -1.915647467932645939e-02 4.161653939308076477e-01 7.037630999999999748e-01
3.093077799042948106e-01 3.538375067813463726e-02 -9.503034712546427620e-01 -2.241800999999999933e-01 9.307938625506823396e-03 9.991470113927473085e-01 4.023197613199128858e-02 -8.806500000000000092e-03 9.509164314329729972e-01 -2.128942960459311029e-02 3.087145941122495518e-01 7.151172999999999558e-01
2.561203690171049430e-01 4.116234742179838285e-02 -9.657680972828152077e-01 -2.449402999999999997e-01 1.017882602832078688e-02 9.989227093320254269e-01 4.527485263864433618e-02 -7.873399999999999149e-03 9.665913035379675167e-01 -2.142619741094879682e-02 2.554254685603608577e-01 7.194281999999999622e-01
1.570545555735547993e-01 4.753973817767732230e-02 -9.864450516210171438e-01 -2.891374999999999917e-01 1.859043830805540837e-02 9.985214413910314946e-01 5.108156894508390777e-02 -6.346799999999999664e-03 9.874149392110226353e-01 -2.636103898511710231e-02 1.559385566385605992e-01 7.254475999999999702e-01
7.240891427747084275e-02 4.730491716040204769e-02 -9.962525753771507286e-01 -3.367235000000000089e-01 2.062836140346058916e-02 9.985898929802695667e-01 4.891519542496124140e-02 -4.750100000000000156e-03 9.971616818946493765e-01 -2.409295436639997609e-02 7.133098703181162126e-02 7.280387000000000386e-01
3.683516257682396822e-02 4.302631482817934061e-02 -9.983946649648350880e-01 -3.617827000000000126e-01 1.791533315343554061e-02 9.988836867662923558e-01 4.370836476214617211e-02 -3.580900000000000142e-03 9.991607536507528531e-01 -1.949657776343845933e-02 3.602321223286220064e-02 7.279925000000000423e-01
8.095848601972759073e-03 4.294201047943937977e-02 -9.990447642480280166e-01 -3.879152000000000156e-01 1.557783412966162392e-02 9.989508520853657147e-01 4.306421021858628656e-02 -2.325999999999999943e-03 9.998458822834861426e-01 -1.591159495165588716e-02 7.418411342851927159e-03 7.274376999999999649e-01
-1.280623530661654033e-02 4.715655646479994384e-02 -9.988054162446522444e-01 -4.151268000000000180e-01 1.455033847716306894e-02 9.987903552220414038e-01 4.696928747201062349e-02 -1.278300000000000009e-03 9.998121263454804453e-01 -1.393145713163274763e-02 -1.347688816893288788e-02 7.265207000000000193e-01
-3.393662722002030452e-02 5.589734232399486830e-02 -9.978596055828916622e-01 -4.729279000000000122e-01 1.607773208813250559e-02 9.983360497083226814e-01 5.537723705353685133e-02 9.604999999999999823e-04 9.992946571776675224e-01 -1.416400274977073701e-02 -3.477886085358283808e-02 7.245369999999999866e-01
-3.801858001395937853e-02 5.312611755446794426e-02 -9.978638199710975210e-01 -5.027285000000000226e-01 1.711148057622386906e-02 9.984739598367919911e-01 5.250665443851608438e-02 2.183399999999999837e-03 9.991305144005019345e-01 -1.507869893011594756e-02 -3.886962866253340643e-02 7.234232000000000440e-01
-3.297831600015321135e-02 4.738734131293929897e-02 -9.983320442403347261e-01 -5.649501000000000106e-01 3.650053705067093923e-02 9.982661264591561334e-01 4.617847506408925828e-02 4.968499999999999826e-03 9.987893378830228208e-01 -3.491676742659767518e-02 -3.465079917794466891e-02 7.221621000000000290e-01
-2.754305706245759044e-02 4.754909245518246230e-02 -9.984890904833875203e-01 -5.975049000000000055e-01 3.689855058399094112e-02 9.982356746443320494e-01 4.651918778499736923e-02 6.256199999999999956e-03 9.989393760246186860e-01 -3.556151956910302142e-02 -2.924895474169009191e-02 7.215222999999999498e-01
-1.920476506936859978e-02 3.986503965744771921e-02 -9.990204980938783841e-01 -6.641920999999999520e-01 3.878995605669100649e-02 9.984821958052354507e-01 3.909787678474729161e-02 8.490100000000000424e-03 9.990628189997616815e-01 -3.800109568243290742e-02 -2.072197913289752780e-02 7.202906999999999504e-01
-1.622538738646374379e-02 2.092095792506251314e-02 -9.996494637239881076e-01 -7.339681000000000122e-01 2.908039936403196760e-02 9.993680061006768867e-01 2.044306129682865736e-02 1.020979999999999978e-02 9.994453797867033362e-01 -2.873850904022769159e-02 -1.682352285216026644e-02 7.183760000000000145e-01
-1.789077391256842231e-02 1.807322128509032330e-02 -9.996765871426567251e-01 -7.700983999999999607e-01 2.368614861069097757e-02 9.995636747586185145e-01 1.764727930982312731e-02 1.087590000000000084e-02 9.995593461985146089e-01 -2.336276472138534843e-02 -1.831105272155508779e-02 7.174314000000000524e-01
-2.119204386715577149e-02 2.428294751602855933e-02 -9.994804829193345563e-01 -8.074544999999999639e-01 1.408671296366331704e-02 9.996130076382048202e-01 2.398748587037987864e-02 1.157479999999999967e-02 9.996761784671132078e-01 -1.357105082284039074e-02 -2.152590961961831084e-02 7.158284999999999787e-01
-2.594512966941988144e-02 3.221347313000527679e-02 -9.991442050051330126e-01 -8.455215999999999843e-01 9.191097961209444139e-03 9.994461031173795806e-01 3.198453816692865825e-02 1.246079999999999931e-02 9.996211152055084481e-01 -8.353389275419436516e-03 -2.622683593018548809e-02 7.143650999999999751e-01
-3.312913719309110855e-02 5.959456443616915206e-02 -9.976727660703708089e-01 -9.636654000000000053e-01 8.819963311723306998e-03 9.981992723491887043e-01 5.933313516687040157e-02 1.639569999999999916e-02 9.994121614809483578e-01 -6.833781618806714780e-03 -3.359510251160513494e-02 7.099375999999999465e-01
-3.462778946958439824e-02 6.049426690728626488e-02 -9.975677219456330347e-01 -1.003509299999999937e+00 9.658914795454706659e-03 9.981399828461614554e-01 6.019368745008442378e-02 1.816040000000000015e-02 9.993536018654377573e-01 -7.551047292549222661e-03 -3.514769015684249265e-02 7.083211999999999842e-01
-3.673560783038758160e-02 5.780177606827784087e-02 -9.976519682738491657e-01 -1.043448300000000106e+00 8.281644991225162178e-03 9.983091450840884118e-01 5.753490416882570124e-02 1.986030000000000087e-02 9.992907031858007105e-01 -6.148619749936152373e-03 -3.715218703655831511e-02 7.068457999999999686e-01
-3.963190675362664173e-02 5.295563935194562422e-02 -9.978101083011228223e-01 -1.083491399999999993e+00 8.296131770506188358e-03 9.985776763937920242e-01 5.266686250026424848e-02 2.149159999999999959e-02 9.991799068059357136e-01 -6.190675956792617007e-03 -4.001486431914702546e-02 7.050007999999999830e-01
-4.419632849822547477e-02 4.789091313944046635e-02 -9.978743132208324207e-01 -1.123798599999999981e+00 8.393296980940923718e-03 9.988328722967685369e-01 4.756517407911835249e-02 2.299829999999999930e-02 9.989876060858148277e-01 -6.273249401838921352e-03 -4.454670839552188344e-02 7.032631999999999772e-01
-5.676357438371073399e-02 4.139082930706609875e-02 -9.975292957464748644e-01 -1.205165899999999901e+00 7.618391643520645157e-03 9.991291291316272138e-01 4.102369351292124711e-02 2.575109999999999899e-02 9.983585812381995384e-01 -5.270917372666720363e-03 -5.702947218850662470e-02 6.987107000000000179e-01
-6.343582892178399602e-02 4.388074330211084312e-02 -9.970207500229172348e-01 -1.246437199999999912e+00 7.878644918518890039e-03 9.990237700514816854e-01 4.346761813548340875e-02 2.697739999999999860e-02 9.979548199008080323e-01 -5.097768078145992199e-03 -6.371962176101941822e-02 6.959389000000000269e-01
-7.590649177553183968e-02 5.140098777411125641e-02 -9.957892060884053764e-01 -1.330960399999999932e+00 3.754758815000303757e-03 9.986780838970801266e-01 5.126389109205180261e-02 2.998889999999999889e-02 9.971078709410391427e-01 1.523138281180023978e-04 -7.599914807368213232e-02 6.893780000000000463e-01
-8.341330319905085333e-02 5.524777389240417835e-02 -9.949823638283028515e-01 -1.414174899999999901e+00 -3.670342497659118824e-03 9.984381604866533477e-01 5.574736110326458660e-02 3.314500000000000085e-02 9.965082786587240449e-01 8.301997588633921316e-03 -8.308024675375746959e-02 6.818914000000000364e-01
-8.653775967630966681e-02 5.601412301491658086e-02 -9.946726266330421229e-01 -1.498686600000000091e+00 -9.053190077963572252e-03 9.983326810138113405e-01 5.700787462437061082e-02 3.669240000000000002e-02 9.962074361796431354e-01 1.393829410815719538e-02 -8.588636712387465177e-02 6.737442999999999627e-01
-8.862069843265667213e-02 5.436180767744097642e-02 -9.945808995126284024e-01 -1.583481399999999928e+00 -1.108347002697731079e-02 9.983939541801882811e-01 5.555779826999356075e-02 4.019600000000000256e-02 9.960037793610370116e-01 1.594697847521982237e-02 -8.787585206438486285e-02 6.653428999999999593e-01
-9.052233249882893351e-02 5.150340606184779235e-02 -9.945617660472375610e-01 -1.667808399999999969e+00 -1.809357645270867621e-02 9.984119594917415519e-01 5.334961700903879944e-02 4.310230000000000311e-02 9.957300486628500868e-01 2.282451112049403708e-02 -8.944669855276377035e-02 6.571569000000000438e-01
-8.986729021852474242e-02 4.569154697034299994e-02 -9.949050973254869312e-01 -1.753506100000000067e+00 -2.485117751695052959e-02 9.985331885653255801e-01 4.810291373279590443e-02 4.657859999999999778e-02 9.956436556945464922e-01 2.904744169493643502e-02 -8.859998310484495931e-02 6.488671000000000300e-01
-8.629135390296202579e-02 5.313846229812635436e-02 -9.948518010569136205e-01 -1.840405599999999975e+00 -2.574385244781966786e-02 9.981241764628305813e-01 5.554621878707102084e-02 4.971919999999999812e-02 9.959372752853159483e-01 3.040447639718330680e-02 -8.476149781754960255e-02 6.409582000000000335e-01
-8.261727366666438144e-02 5.174715279008653551e-02 -9.952369658880275693e-01 -1.927331899999999987e+00 -2.348617707106170210e-02 9.982725467114262896e-01 5.385463739428551083e-02 5.339420000000000277e-02 9.963045646680910306e-01 2.782363492433507363e-02 -8.125921339222463846e-02 6.339926000000000172e-01
-7.860497206367128564e-02 5.250837866155352862e-02 -9.955220381976501720e-01 -1.970352899999999963e+00 -2.822529493699907355e-02 9.980943449818726609e-01 5.487268210071458152e-02 5.512940000000000201e-02 9.965061921998217276e-01 3.241216878799654810e-02 -7.697311362982239835e-02 6.301565999999999557e-01
-7.305473482474515723e-02 5.357855345727339375e-02 -9.958877167276999343e-01 -2.014192800000000005e+00 -3.289431935074598606e-02 9.978831971135497803e-01 5.609891864280133755e-02 5.683509999999999951e-02 9.967853176457489583e-01 3.685734021693104490e-02 -7.113766230342466468e-02 6.265422000000000491e-01
-6.731068408211660081e-02 5.310771306687141202e-02 -9.963176414282768345e-01 -2.057991700000000090e+00 -3.723934636755454886e-02 9.977528409361109407e-01 5.570008515287014350e-02 5.870999999999999830e-02 9.970368613499276389e-01 4.085142857632444169e-02 -6.518172974659897090e-02 6.232771000000000283e-01
-6.140049475464068318e-02 5.205068195141905607e-02 -9.967550881496803905e-01 -2.102395800000000037e+00 -3.890312778832441531e-02 9.977556636080133767e-01 5.449937968837978430e-02 6.069120000000000070e-02 9.973547643101577931e-01 4.212317944463712938e-02 -5.923775705835132577e-02 6.202731999999999690e-01
-5.571071105304242765e-02 5.150961801812064395e-02 -9.971173832230546541e-01 -2.146513000000000115e+00 -3.849809009029472179e-02 9.978148983944777894e-01 5.369660698235620422e-02 6.234510000000000052e-02 9.977044721426100438e-01 4.137859100604290852e-02 -5.360595557389735699e-02 6.177240999999999982e-01
-5.067542663359538707e-02 5.110399068732023042e-02 -9.974068293687051723e-01 -2.190812799999999783e+00 -3.683779284726715342e-02 9.979147275076712953e-01 5.300163810140208487e-02 6.405210000000000070e-02 9.980355595637085964e-01 3.942814678780186266e-02 -4.868719633779117206e-02 6.156025999999999998e-01
-4.523772577610872536e-02 5.212791344039249819e-02 -9.976152709371266525e-01 -2.235454999999999970e+00 -3.558400841169996609e-02 9.979197958100705090e-01 5.375741321662732414e-02 6.561490000000000378e-02 9.983422892535214199e-01 3.793101331019379380e-02 -4.328870195905909490e-02 6.134893000000000152e-01
-3.986881280836504504e-02 5.369845992341835961e-02 -9.977609699557830059e-01 -2.280456099999999875e+00 -3.456134541356925549e-02 9.978832797519938680e-01 5.508605444763618741e-02 6.722119999999999485e-02 9.986070253951029319e-01 3.668017711594391550e-02 -3.792853066343959689e-02 6.118460000000000010e-01
-3.422007330131058428e-02 5.488694657504707142e-02 -9.979060124475257476e-01 -2.325242300000000206e+00 -3.556460056656397806e-02 9.977915232050070804e-01 5.610022644136692521e-02 6.910560000000000314e-02 9.987813303069866810e-01 3.740988259671255284e-02 -3.219246673224174238e-02 6.100527999999999507e-01
-2.881043587561808381e-02 5.402101075269211128e-02 -9.981240850625310301e-01 -2.370229999999999837e+00 -3.503582955107391317e-02 9.978704558645671296e-01 5.501857831959188622e-02 7.089990000000000181e-02 9.989706949817522830e-01 3.655521453771670010e-02 -2.685641185595188940e-02 6.086441999999999686e-01
-2.381306986411101459e-02 4.943712906174624333e-02 -9.984933189429857636e-01 -2.415015499999999982e+00 -3.575963745287548401e-02 9.980952610203635000e-01 5.027025221670784749e-02 7.270780000000000298e-02 9.990766667442924076e-01 3.690284811264248066e-02 -2.199985836975693054e-02 6.073551000000000366e-01
-1.975611196912545678e-02 4.441366878967605708e-02 -9.988178623074901452e-01 -2.459827199999999880e+00 -3.515625453717548948e-02 9.983641779141030348e-01 4.508886808087671227e-02 7.419290000000000607e-02 9.991865360415845831e-01 3.600547572992655876e-02 -1.816237623993521844e-02 6.064709000000000350e-01
-1.629417920291785851e-02 4.349252668322550752e-02 -9.989208676601026848e-01 -2.504929300000000136e+00 -3.530260781846790430e-02 9.984055694524406332e-01 4.404593928574008360e-02 7.586640000000000050e-02 9.992438269037837717e-01 3.598220406057096171e-02 -1.473279965331719676e-02 6.058356000000000297e-01
-1.292645466974317453e-02 4.565412114179438763e-02 -9.988736696862329234e-01 -2.550342600000000015e+00 -3.490963226714226264e-02 9.983275343317654649e-01 4.608092631480475987e-02 7.734320000000000084e-02 9.993068719590815219e-01 3.546597549522541304e-02 -1.131106703755646592e-02 6.050240000000000062e-01
-1.104016445621044951e-02 4.544716891469961773e-02 -9.989057360964640475e-01 -2.595957299999999801e+00 -3.509347077327219788e-02 9.983336034416984139e-01 4.580900073347143886e-02 7.873769999999999381e-02 9.993230524099129264e-01 3.556080815662739092e-02 -9.426868270121513405e-03 6.045787000000000244e-01
-1.040499523003542148e-02 4.520466866832219266e-02 -9.989235576383460602e-01 -2.641472799999999843e+00 -3.639923901808278517e-02 9.982984472506245543e-01 4.555552234248179400e-02 8.012249999999999928e-02 9.992831588059348791e-01 3.683406232794705915e-02 -8.741875042203028912e-03 6.039048000000000194e-01
-1.002873643010283346e-02 4.647513882125791501e-02 -9.988691034951274750e-01 -2.687083200000000005e+00 -3.787576626225919868e-02 9.981848420467913652e-01 4.682357780081297660e-02 8.146989999999999787e-02 9.992321305761048267e-01 3.830251401105264075e-02 -8.250251194411140077e-03 6.035304000000000224e-01
-8.844684099181028200e-03 4.613072243490862201e-02 -9.988962548787628792e-01 -2.732640500000000028e+00 -3.809865478529662897e-02 9.981944812173184634e-01 4.643565624430451289e-02 8.285330000000000472e-02 9.992348392979178984e-01 3.846731229137072272e-02 -7.071196386869149642e-03 6.029263999999999735e-01
-7.272988111803399200e-03 4.378403143252278251e-02 -9.990145455574916955e-01 -2.778455000000000119e+00 -3.868440064254251298e-02 9.982808060932978345e-01 4.403350238900704400e-02 8.439620000000000455e-02 9.992250100907467125e-01 3.896653406746986709e-02 -5.566725421276674801e-03 6.022054000000000018e-01
-6.554045729957405815e-03 4.300071884293036467e-02 -9.990535434417719962e-01 -2.824133600000000133e+00 -3.736765244618794196e-02 9.983666712660584919e-01 4.321629618316241706e-02 8.551200000000000467e-02 9.992800923841274052e-01 3.761552716792850026e-02 -4.936504902084193347e-03 6.017985000000000140e-01
-6.223995385167199745e-03 4.258069496518616937e-02 -9.990736440812193475e-01 -2.870289999999999786e+00 -3.347386690589103375e-02 9.985242037879603627e-01 4.276581209315045290e-02 8.687839999999999452e-02 9.994202129814124813e-01 3.370903240826899488e-02 -4.789469520328992758e-03 6.015281999999999574e-01
-6.061508937127828636e-03 4.362431572808433966e-02 -9.990296177724971027e-01 -2.916361999999999899e+00 -3.150447584197327289e-02 9.985437055383681315e-01 4.379424770020784452e-02 8.804230000000000389e-02 9.994852305618766586e-01 3.173936368235902306e-02 -4.678320394255530701e-03 6.012790000000000079e-01
-5.470717853321051781e-03 4.650781609810645395e-02 -9.989029453795572611e-01 -2.962400699999999887e+00 -3.156049365296242221e-02 9.984122311638548020e-01 4.665781716705848930e-02 8.928990000000000538e-02 9.994868715928946212e-01 3.178112182094976895e-02 -3.994221983224743866e-03 6.005376999999999521e-01
-5.440465283140989185e-03 5.013243417575334593e-02 -9.987277608943874174e-01 -3.008656300000000172e+00 -3.419208153908541437e-02 9.981492135739368221e-01 5.028965104030816424e-02 9.072249999999999759e-02 9.994004717316915531e-01 3.442218013643516539e-02 -3.716263866753277689e-03 6.000507000000000479e-01
-4.506568279443219291e-03 4.995452505080273664e-02 -9.987413260045323593e-01 -3.054587399999999953e+00 -3.662083024739244685e-02 9.980732798761033919e-01 5.008635332452480993e-02 9.227470000000000117e-02 9.993190709850054976e-01 3.680045413179290625e-02 -2.668509201674940101e-03 5.993017999999999956e-01
-4.337123823644805157e-03 4.793908423282659120e-02 -9.988408449597242500e-01 -3.100739200000000029e+00 -3.752368336082882033e-02 9.981389726213036884e-01 4.806833179469229000e-02 9.371300000000000463e-02 9.992863266071313477e-01 3.768866590112103510e-02 -2.530201300103507300e-03 5.989451000000000080e-01
-4.081739966085464258e-03 4.569822080847769918e-02 -9.989469515513769160e-01 -3.146089100000000194e+00 -3.768017817826505023e-02 9.982388246676945354e-01 4.581978937657824047e-02 9.492259999999999587e-02 9.992815136743518067e-01 3.782752359062657721e-02 -2.352634203851122763e-03 5.985882999999999621e-01
-3.989564214624423399e-03 4.514978469299915642e-02 -9.989722620371165318e-01 -3.191754599999999886e+00 -3.497913468514610158e-02 9.983625685991054377e-01 4.526192391928258313e-02 9.627009999999999734e-02 9.993800796063808667e-01 3.512376065247477946e-02 -2.403731177121781748e-03 5.983427999999999525e-01
-4.317063047483102843e-03 4.669501324761235472e-02 -9.988998642028386055e-01 -3.237609099999999795e+00 -3.334744683309938396e-02 9.983468656833244248e-01 4.681328411888806967e-02 9.756049999999999445e-02 9.994344954804981196e-01 3.351285601209532533e-02 -2.752766890766422669e-03 5.981891999999999765e-01
-4.187527606010767525e-03 4.951053056744645492e-02 -9.987648231568224677e-01 -3.283205999999999847e+00 -3.234484076012899417e-02 9.982442753563928184e-01 4.962033851549114971e-02 9.892570000000000530e-02 9.994679964304764574e-01 3.251267569917902500e-02 -2.578765233443580662e-03 5.979455000000000187e-01
-3.323925268085943345e-03 5.158670730831704104e-02 -9.986629877741027839e-01 -3.329012899999999942e+00 -3.263916842468846807e-02 9.981308119059638662e-01 5.166785275668347999e-02 1.005127999999999994e-01 9.994616732048090535e-01 3.276726953878723869e-02 -1.633964998238091049e-03 5.975232000000000321e-01
-3.402176775779345089e-03 5.187891339510752875e-02 -9.986475872589533065e-01 -3.374129100000000214e+00 -3.351648435571760731e-02 9.980863660146652716e-01 5.196394184501941516e-02 1.019869000000000053e-01 9.994323741352482138e-01 3.364794675136294211e-02 -1.656867465478328860e-03 5.972399999999999931e-01
-3.061785141634503632e-03 4.986618404373581448e-02 -9.987512148481534346e-01 -3.419576600000000077e+00 -3.372906988573087794e-02 9.981824621037187484e-01 4.994118734272985638e-02 1.033905999999999992e-01 9.994263231056053076e-01 3.383985870943355401e-02 -1.374280224563428909e-03 5.968660000000000077e-01
-2.712271100089255933e-03 4.835201608291346542e-02 -9.988266747169890492e-01 -3.464875199999999822e+00 -3.194664278639279542e-02 9.983163280024299757e-01 4.841406054467330133e-02 1.049206000000000027e-01 9.994858956484372614e-01 3.204047103995746881e-02 -1.163019939385501189e-03 5.966251000000000193e-01
-2.436735308689144761e-03 4.952598104353635872e-02 -9.987698631430119711e-01 -3.509581100000000120e+00 -3.086601957473591312e-02 9.982932161470160493e-01 4.957765051370429527e-02 1.062106000000000022e-01 9.995205606472772342e-01 3.094885775795710309e-02 -9.039064278625330573e-04 5.963749000000000411e-01
-2.284007255657751270e-03 5.243257118918497051e-02 -9.986218547525120837e-01 -3.554562799999999800e+00 -2.943503688077894406e-02 9.981882236566165245e-01 5.247712603673725107e-02 1.077400000000000024e-01 9.995640859468108985e-01 2.951432926121603031e-02 -7.365144786360966478e-04 5.961433999999999900e-01
-2.240404965665280038e-03 5.506551785089128931e-02 -9.984802298139924259e-01 -3.599630400000000119e+00 -2.798290509385890218e-02 9.980882775060321288e-01 5.510669040642901528e-02 1.092637000000000053e-01 9.996058911431534577e-01 2.806383881180732343e-02 -6.952287731311068697e-04 5.961845999999999535e-01
-1.887952305716813443e-03 5.698606641239951920e-02 -9.983731886779274589e-01 -3.644787099999999835e+00 -2.851516473996293724e-02 9.979659194616367079e-01 5.701674291769709413e-02 1.107635000000000008e-01 9.995915771033405672e-01 2.857642083836915703e-02 -2.591449870423812030e-04 5.960653999999999675e-01
-1.550933042342544400e-03 5.881696300889487083e-02 -9.982675790934554261e-01 -3.689808100000000035e+00 -3.093602409523547869e-02 9.977881518133661087e-01 5.883677858317956644e-02 1.126024000000000053e-01 9.995201633883514791e-01 3.097368178433718144e-02 2.720603709465141407e-04 5.956546999999999814e-01
-1.286950412267736689e-03 5.808205703202150294e-02 -9.983109828152576526e-01 -3.734465600000000052e+00 -3.295941002894590965e-02 9.977669532235962091e-01 5.809289410457815772e-02 1.142182000000000058e-01 9.994558624817708736e-01 3.297850369302575413e-02 6.302737412448022880e-04 5.954013999999999696e-01
-1.397315545072262168e-03 5.457128929529203587e-02 -9.985088992562441979e-01 -3.778804500000000122e+00 -3.556889956357793536e-02 9.978753299646604402e-01 5.458643816696752415e-02 1.156583999999999945e-01 9.993662496267837758e-01 3.559213722958497195e-02 5.466939973954865195e-04 5.951416999999999957e-01
-9.019864073599634900e-04 5.271792343842440776e-02 -9.986090360941370925e-01 -3.823371600000000203e+00 -3.663469013297296351e-02 9.979373576420309533e-01 5.271555464283966819e-02 1.173534999999999995e-01 9.993283173709139877e-01 3.663128131503980145e-02 1.031178857630599133e-03 5.947225999999999901e-01
-6.185678081304807081e-04 5.116696675573199210e-02 -9.986899212903297407e-01 -3.867898199999999953e+00 -3.666325939980432519e-02 9.980175090582401598e-01 5.115522479051373694e-02 1.188778000000000057e-01 9.993274852539830722e-01 3.664687061951059366e-02 1.258606271812512389e-03 5.942960000000000464e-01
-4.187151057398689601e-04 5.138290840042401830e-02 -9.986789380987133313e-01 -3.912593600000000116e+00 -3.512618520327966121e-02 9.980619701370864183e-01 5.136589217703294713e-02 1.205142000000000019e-01 9.993827974258537861e-01 3.510128901324440637e-02 1.386981933395592392e-03 5.942119000000000151e-01
-5.741876891518400694e-04 5.338971473970090947e-02 -9.985735870072424136e-01 -3.957157099999999872e+00 -3.517485422897465713e-02 9.979547290456612929e-01 5.337685271136936166e-02 1.221940999999999999e-01 9.993810083939297373e-01 3.515532869159664758e-02 1.304962113546692670e-03 5.940577000000000218e-01
-7.172607781583207123e-04 5.538563345187513809e-02 -9.984647801220186691e-01 -4.002023699999999629e+00 -3.346328550050385597e-02 9.979045144020256553e-01 5.537859387497140462e-02 1.238531999999999966e-01 9.994396900566279163e-01 3.345163289275697449e-02 1.137627496298643237e-03 5.941157999999999717e-01
-1.216751575831155185e-03 5.454325332086794320e-02 -9.985106674606826216e-01 -4.046848800000000246e+00 -3.705235455835288738e-02 9.978232945096312534e-01 5.455085659847871277e-02 1.255986000000000047e-01 9.993125849989502596e-01 3.706354612177995694e-02 8.068528948151909574e-04 5.938039999999999985e-01
-1.728306018497754309e-03 5.554727122747486062e-02 -9.984545626203965574e-01 -4.092023799999999767e+00 -4.123334535648156413e-02 9.976029498112607419e-01 5.557126738328355131e-02 1.274529000000000079e-01 9.991480491844134670e-01 4.126566595915565072e-02 5.662366359027171114e-04 5.934909999999999908e-01
-1.859883928414427044e-03 5.486445005807767672e-02 -9.984920795637777235e-01 -4.137082099999999762e+00 -4.433457367600972254e-02 9.975074995324957339e-01 5.489293172526434061e-02 1.291516000000000053e-01 9.990150080998478899e-01 4.436981514783183700e-02 5.771438364402525778e-04 5.929489999999999483e-01
-1.879202182493873701e-03 5.123197900221661966e-02 -9.986850118664413190e-01 -4.182197099999999779e+00 -4.560897312294057843e-02 9.976431164582189037e-01 5.126435169007438619e-02 1.307841999999999894e-01 9.989576017878979419e-01 4.564533394608022432e-02 4.618648315488638190e-04 5.924317999999999529e-01
-3.826697334277915242e-03 4.642775282943620990e-02 -9.989143207276190983e-01 -4.273865699999999990e+00 -4.210926068970572561e-02 9.980281084402090608e-01 4.654787779721925728e-02 1.339586000000000110e-01 9.991056833747259391e-01 4.224166817808253788e-02 -1.864113154970592490e-03 5.923777999999999544e-01
-4.864099457704797007e-03 4.717644851127292260e-02 -9.988747285031934764e-01 -4.367440700000000398e+00 -3.672936021381767446e-02 9.982041013699122223e-01 4.732363158686707372e-02 1.372527000000000053e-01 9.993134116155696356e-01 3.691821656241144056e-02 -3.122603257172951174e-03 5.919265999999999694e-01
-5.757864714756658932e-03 5.128505052369507905e-02 -9.986674574585419073e-01 -4.414433999999999969e+00 -3.606330137357913884e-02 9.980237047847941856e-01 5.145991626180881212e-02 1.388252000000000097e-01 9.993329201462168854e-01 3.631154472638161573e-02 -3.896977241275800807e-03 5.915709999999999580e-01
-6.006424812615650775e-03 5.145696682246399950e-02 -9.986571500902609033e-01 -4.461959799999999809e+00 -3.485582490544874429e-02 9.980575258123349780e-01 5.163571089392531704e-02 1.406179999999999930e-01 9.993743014162065341e-01 3.511916477925091512e-02 -4.201182461727737127e-03 5.910170999999999619e-01
-7.641377456569066820e-03 4.338007720736895834e-02 -9.990294181114233174e-01 -4.556874299999999600e+00 -3.479688748187641234e-02 9.984419908208937988e-01 4.362072428541033386e-02 1.438163000000000080e-01 9.993651914951510173e-01 3.509643667230140374e-02 -6.119980454810769466e-03 5.901530000000000387e-01
-8.232469621916406466e-03 4.231793416238204680e-02 -9.990702772538841980e-01 -4.605207000000000050e+00 -3.422803219185965168e-02 9.985067435191024021e-01 4.257610784407705323e-02 1.451159999999999950e-01 9.993801420161387838e-01 3.454671612622187832e-02 -6.771716820496709310e-03 5.894880999999999593e-01
-8.890070005830721239e-03 4.327241146712287878e-02 -9.990237560043864207e-01 -4.653551600000000121e+00 -3.607650291033955015e-02 9.983989463719199486e-01 4.356638407304804644e-02 1.467381000000000102e-01 9.993094878930410818e-01 3.642859164530088539e-02 -7.314719248762924231e-03 5.887818999999999692e-01
-9.090495302366620109e-03 4.810992086733901357e-02 -9.988006800204409785e-01 -4.702512300000000423e+00 -4.139311425285124163e-02 9.979677066000092189e-01 4.844653419975826492e-02 1.482814000000000076e-01 9.991015829171763230e-01 4.178387365547049648e-02 -7.080601297603572597e-03 5.877000999999999475e-01
-9.601936364736945659e-03 5.131592510917522276e-02 -9.986363094982261268e-01 -4.751212100000000049e+00 -4.657012381180221372e-02 9.975757525456201424e-01 5.170920132039393685e-02 1.499598000000000042e-01 9.988688734694862736e-01 4.700312503684343085e-02 -7.188869909096173849e-03 5.869138000000000410e-01
-9.689618035773221727e-03 5.099028377260225731e-02 -9.986521427720015387e-01 -4.800411699999999726e+00 -5.395561564792665521e-02 9.972174596662065627e-01 5.144054506836939766e-02 1.519861000000000129e-01 9.984963208957625680e-01 5.438133041464897344e-02 -6.911444129756416643e-03 5.858387000000000455e-01
-9.671272682323314024e-03 4.900219274268304004e-02 -9.987518468524164694e-01 -4.848786800000000063e+00 -5.722178101075234280e-02 9.971347446944848203e-01 4.947695120985377837e-02 1.536910999999999972e-01 9.983146469238349807e-01 5.762886455131395469e-02 -6.839569274790679998e-03 5.849817999999999962e-01
-1.046323155279936697e-02 4.739994299982980275e-02 -9.988211882960259524e-01 -4.945765500000000259e+00 -5.933565995532720516e-02 9.970863120486925801e-01 4.793918838281397560e-02 1.566298999999999886e-01 9.981832498309807233e-01 5.976731321341150621e-02 -7.620238061352480052e-03 5.833182000000000089e-01
-1.135795925169768433e-02 4.636609358717243973e-02 -9.988599411965133346e-01 -4.994433400000000134e+00 -5.705825480793371568e-02 9.972667163099998566e-01 4.694094266781550367e-02 1.581472999999999907e-01 9.983062417514525499e-01 5.752635835628568811e-02 -8.681346344577955954e-03 5.829147000000000078e-01
-1.155500861861959161e-02 4.705116540092142696e-02 -9.988256452505804850e-01 -5.043511399999999867e+00 -5.737052001271127077e-02 9.972156973050323447e-01 4.763902268003785551e-02 1.597243999999999886e-01 9.982860838503632150e-01 5.785361598770814157e-02 -8.823486150727477551e-03 5.820655000000000134e-01
-1.236009155815291291e-02 5.213484181364307773e-02 -9.985635615251243768e-01 -5.092156400000000360e+00 -5.697695241467688049e-02 9.969805808383542800e-01 5.275744805004686094e-02 1.612038000000000082e-01 9.982989807819148131e-01 5.754719541632034169e-02 -9.352286859699909805e-03 5.814373999999999931e-01
-1.316356264774382057e-02 5.606329237002782850e-02 -9.983404368586157318e-01 -5.141224399999999584e+00 -5.546436673109586546e-02 9.968488267473459841e-01 5.671085112708493942e-02 1.630217999999999945e-01 9.983738902042347263e-01 5.611883695402698075e-02 -1.001256697305474841e-02 5.808079999999999909e-01
-1.286776763940119563e-02 5.498466750636882977e-02 -9.984042802868945410e-01 -5.189972400000000263e+00 -5.647565525145906845e-02 9.968531106116800267e-01 5.562711773708775564e-02 1.648467999999999878e-01 9.983210510251180336e-01 5.710133276055426310e-02 -9.721979071759645485e-03 5.798098000000000418e-01
-1.230409297455005088e-02 5.347931405441438968e-02 -9.984931508349683682e-01 -5.238607400000000247e+00 -5.600910719733408205e-02 9.969641474175006124e-01 5.408760186081206650e-02 1.668383999999999978e-01 9.983544406707625107e-01 5.659020880298549355e-02 -9.271410928404333340e-03 5.791182999999999748e-01
-1.092807099432089625e-02 5.279056326162673979e-02 -9.985458095124448707e-01 -5.287277200000000121e+00 -5.492659437996092603e-02 9.970660687158574564e-01 5.331344900983529117e-02 1.685516999999999987e-01 9.984305917259159724e-01 5.542933380463135190e-02 -7.996402929594248477e-03 5.783251999999999837e-01
-9.738081728685369851e-03 5.274412001570634445e-02 -9.985605778158951340e-01 -5.335812999999999917e+00 -5.520667164511733338e-02 9.970564969992051774e-01 5.320305628008641791e-02 1.700310999999999906e-01 9.984274601442578723e-01 5.564530164751207292e-02 -6.797590340977266443e-03 5.775131999999999488e-01
-8.821344372474112377e-03 5.476256457527194088e-02 -9.984604375760719464e-01 -5.384282100000000071e+00 -5.545355003467322685e-02 9.969359550255562086e-01 5.516888041128088088e-02 1.719050000000000022e-01 9.984222992662041829e-01 5.585483952551819481e-02 -5.757536761879955556e-03 5.768113000000000268e-01
-7.972611298195146634e-03 5.806929268353756834e-02 -9.982807193952617508e-01 -5.432929500000000189e+00 -5.629683008015427814e-02 9.967030339680384987e-01 5.842712556538470076e-02 1.738541999999999865e-01 9.983822436281676316e-01 5.666585679349289001e-02 -4.677208766479146185e-03 5.763331999999999899e-01
-6.649914837417971597e-03 5.936634551200649368e-02 -9.982141131306473403e-01 -5.480918400000000190e+00 -5.802863936071331330e-02 9.965310919113887778e-01 5.965282782768582120e-02 1.756387000000000087e-01 9.982927705070291369e-01 5.832169300049785260e-02 -3.181898640170155446e-03 5.757449999999999513e-01
-5.657065320334922834e-03 5.367938972656149249e-02 -9.985421977716043562e-01 -5.577237600000000128e+00 -5.846114403364460060e-02 9.968325186863062903e-01 5.391868254874368493e-02 1.794241000000000030e-01 9.982736559933048648e-01 5.868094075676241750e-02 -2.500988137199788852e-03 5.748360000000000136e-01
-5.941196252244511020e-03 5.232677606579485413e-02 -9.986123425502273498e-01 -5.624869799999999920e+00 -5.574609432540273551e-02 9.970596892812193524e-01 5.257707654388609625e-02 1.809550000000000047e-01 9.984273008860262699e-01 5.598110857243285970e-02 -3.006713894913581875e-03 5.745472000000000357e-01
-6.495452169760456210e-03 5.160720224940809620e-02 -9.986463366863661539e-01 -5.720984500000000139e+00 -5.188321405320960034e-02 9.973049086952990860e-01 5.187534281110741524e-02 1.846733999999999876e-01 9.986320349361016424e-01 5.214993545777183576e-02 -3.800398812104366364e-03 5.742515999999999732e-01
-6.671500977608068629e-03 5.014142634280932542e-02 -9.987198448208659540e-01 -5.768563300000000282e+00 -4.998072221327032327e-02 9.974770505794975373e-01 5.041290483860629001e-02 1.862108000000000096e-01 9.987279001218228869e-01 5.025306887678696044e-02 -4.148564416665667665e-03 5.738914000000000515e-01
-6.783565818990500498e-03 5.025231810312588004e-02 -9.987135163599430987e-01 -5.816602699999999793e+00 -4.953944909444559647e-02 9.974932702703389609e-01 5.052740591800912451e-02 1.879020999999999886e-01 9.987491307721868550e-01 4.981847338735578834e-02 -4.277089098331243733e-03 5.734527999999999848e-01
-6.647471592687206020e-03 5.247378180864414876e-02 -9.986001769197335731e-01 -5.864828600000000058e+00 -4.712065533306962484e-02 9.974964902528710153e-01 5.272945831493205254e-02 1.898032000000000052e-01 9.988670857338360909e-01 4.740521232842339477e-02 -4.158230596133294377e-03 5.727651999999999743e-01
-6.711748737105260529e-03 5.406447121044986176e-02 -9.985148899148299506e-01 -5.912797900000000162e+00 -4.444687161302527528e-02 9.975344024130970988e-01 5.431014275584693934e-02 1.915126000000000051e-01 9.989892031612281897e-01 4.474537914779205122e-02 -4.292203654898241183e-03 5.722992000000000079e-01
-7.044594407956000087e-03 5.282718222982433348e-02 -9.985788213793063139e-01 -5.960558899999999660e+00 -4.259459652019032677e-02 9.976814086541183624e-01 5.308019567801405825e-02 1.931730999999999865e-01 9.990676023357527580e-01 4.290799043990529971e-02 -4.778108359948518569e-03 5.719919999999999449e-01
