1.000000000000000000e+00 0.000000000000000000e+00 0.000000000000000000e+00 0.000000000000000000e+00 0.000000000000000000e+00 1.000000000000000000e+00 0.000000000000000000e+00 0.000000000000000000e+00 0.000000000000000000e+00 0.000000000000000000e+00 1.000000000000000000e+00 0.000000000000000000e+00
9.999987300135083634e-01 1.561643068362367345e-03 3.181859481735692993e-04 -1.334999999999999924e-04 -1.561555826767057871e-03 9.999987431647876512e-01 -2.742485097757501439e-04 -7.671000000000000518e-04 -3.186138265505655473e-04 2.737512963624815139e-04 9.999999117727248477e-01 3.280559999999999726e-02
9.999937891309214066e-01 3.500932017570782939e-03 4.064167696561778132e-04 -3.408999999999999921e-04 -3.500656643016165481e-03 9.999936439821242029e-01 -6.763123688607985528e-04 -1.415000000000000025e-03 -4.087819100899488115e-04 6.748854428086893068e-04 9.999996887134461332e-01 6.523980000000000057e-02
9.999931457632219578e-01 3.542915924688742890e-03 1.075255005185780195e-03 -5.565000000000000285e-04 -3.543071799683696066e-03 9.999937130632036153e-01 1.430953863669090454e-04 -2.919099999999999993e-03 -1.074741270202413763e-03 -1.469041112435915428e-04 9.999994116750190454e-01 1.275915999999999995e-01
9.999870037788441968e-01 4.043733054140744715e-03 3.104914877530266619e-03 -5.670000000000000127e-04 -4.064992953737028500e-03 9.999681274759268934e-01 6.871671163154414660e-03 -3.993100000000000295e-03 -3.077028712236454591e-03 -6.884203314495381323e-03 9.999715694153653578e-01 1.867263999999999868e-01
9.999816621315090748e-01 2.711522591439930515e-03 5.415075801910653429e-03 -3.040000000000000167e-04 -2.781536582205207473e-03 9.999120942998075412e-01 1.296405519945783430e-02 -5.169299999999999937e-03 -5.379447457330687084e-03 -1.297887969775690653e-02 9.999013002426013763e-01 2.416289000000000076e-01
9.999616968087002844e-01 4.152386652562456426e-03 7.704712879297112398e-03 -2.405999999999999936e-04 -4.232618683746769764e-03 9.999366850176593102e-01 1.042645169615694437e-02 -6.141200000000000304e-03 -7.660930396680510311e-03 -1.045866344146886839e-02 9.999159597208533423e-01 2.914958999999999745e-01
9.999555546103610082e-01 4.250944195742581422e-03 8.415359607884882048e-03 9.170000000000000633e-05 -4.316495146588916407e-03 9.999603670793119070e-01 7.786664257393333642e-03 -6.602799999999999815e-03 -8.381925407375818982e-03 -7.822643034970660700e-03 9.999342726311628571e-01 3.145025000000000182e-01
9.998675700691399548e-01 1.258362908401217161e-03 1.622525336703211848e-02 1.113700000000000020e-03 -1.273552940106716059e-03 9.999987603868236707e-01 9.258983339798506967e-04 -8.104000000000000092e-03 -1.622406813787382121e-02 -9.464394364570584113e-04 9.998679332119071450e-01 3.949462000000000250e-01
9.997242053386041771e-01 6.311798733408700499e-03 2.262022229875830168e-02 1.580299999999999977e-03 -6.341726343529576967e-03 9.999791078397027855e-01 1.251555470511599415e-03 -8.853599999999999665e-03 -2.261185014721451073e-02 -1.394661557842922193e-03 9.997433466405559743e-01 4.271873999999999949e-01
9.990861685344554211e-01 1.717484219190160838e-03 4.270688575743299825e-02 5.640499999999999681e-03 -1.679739123159674705e-03 9.999981663249524200e-01 -9.196864742202014815e-04 -1.123260000000000057e-02 -4.270838699388829901e-02 8.471096089465525491e-04 9.990872214605142076e-01 5.147412000000000099e-01
9.986903205813022488e-01 -1.248604333318182463e-03 5.114767408626389594e-02 8.725600000000000023e-03 2.017033726856598888e-03 9.998858357580897582e-01 -1.497487980890197488e-02 -1.248720000000000038e-02 -5.112313715100604700e-02 1.505843410070104547e-02 9.985788243350017801e-01 5.617225999999999608e-01
9.999607250566983074e-01 -3.871344702878714520e-03 -7.972517436389289433e-03 7.259299999999999781e-03 3.672400598674697200e-03 9.996852164605735114e-01 -2.481897387119580758e-02 -1.393149999999999944e-02 8.066090622159663784e-03 2.478872082959787324e-02 9.996601710089820791e-01 6.119269999999999987e-01
9.893649686439861535e-01 -1.060841946294507898e-03 -1.454504501005381700e-01 -2.874499999999999885e-03 -2.236428141456511375e-03 9.997442518904188224e-01 -2.250398189731499243e-02 -1.566000000000000031e-02 1.454371245908425425e-01 2.258994082399424369e-02 9.891095679267873919e-01 6.623554999999999859e-01
9.839487790522953858e-01 -1.062280414244837082e-03 -1.784479525290742219e-01 -6.113500000000000011e-03 -2.446624431038412970e-03 9.998079880528338848e-01 -1.944224921756138730e-02 -1.588229999999999850e-02 1.784343415107939868e-01 1.956677249997638979e-02 9.837572501301037331e-01 6.729330999999999507e-01
8.837014551314712474e-01 1.902948001151020391e-02 -4.676640002063575663e-01 -4.806189999999999768e-02 -1.203270529444990314e-02 9.997665878696821995e-01 1.794390656211613741e-02 -1.757720000000000116e-02 4.678963049670485930e-01 -1.022979324837853046e-02 8.837241646171491993e-01 7.546893000000000074e-01
8.309615056834875890e-01 2.700883241638985313e-02 -5.556739143092238598e-01 -6.751039999999999819e-02 -1.565682143692993453e-02 9.995605512557911299e-01 2.517078297771184123e-02 -1.751139999999999988e-02 5.561095575646254341e-01 -1.221586446889230335e-02 8.310192131596922938e-01 7.794984000000000357e-01
8.004604774946472157e-01 3.044312926709766970e-02 -5.986119275870371848e-01 -7.909049999999999414e-02 -1.811183924368404280e-02 9.994817790591292717e-01 2.661079871046185055e-02 -1.723759999999999876e-02 5.991118303357498842e-01 -1.045892964048198912e-02 8.005970431762304829e-01 7.913270999999999500e-01
6.503839971611207194e-01 3.790402182216417309e-02 -7.586593051999218629e-01 -1.357296000000000058e-01 -1.531655794688577960e-02 9.992055762158932319e-01 3.679156848687752113e-02 -1.552979999999999985e-02 7.594511566186353813e-01 -1.230859816428381964e-02 6.504478757916327680e-01 8.392901000000000389e-01
4.674140904776762362e-01 3.743622578741570561e-02 -8.832454908018041451e-01 -2.113732000000000111e-01 -2.926766094645823213e-03 9.991630252824909020e-01 4.080052632709040006e-02 -1.288369999999999967e-02 8.840336543724756080e-01 -1.648568794845991017e-02 4.671324437776850358e-01 8.807996999999999632e-01
4.149223117023287943e-01 3.629501716785937804e-02 -9.091326344271116744e-01 -2.333284999999999942e-01 2.042310976741772838e-03 9.991643710320897709e-01 4.082142361460158742e-02 -1.216109999999999934e-02 9.098545511330201618e-01 -1.879445101175518384e-02 4.145014648872751284e-01 8.894859999999999989e-01
3.614440019245977465e-01 3.542529884496493919e-02 -9.317206027959648029e-01 -2.566809999999999925e-01 7.024236399500324857e-03 9.991461573284384778e-01 4.071383547173225426e-02 -1.136780000000000082e-02 9.323673597760353537e-01 -2.126039739892634714e-02 3.608865499387645670e-01 8.972246000000000388e-01
2.543516823009674410e-01 4.023775916456116819e-02 -9.662743629260182043e-01 -3.075470000000000148e-01 1.038440335715297425e-02 9.989628608448285485e-01 4.433245785687755375e-02 -9.401700000000000682e-03 9.670560407120072366e-01 -2.131021797473333507e-02 2.536700390907166147e-01 9.090620000000000367e-01
2.033950619228547529e-01 4.564138161356398604e-02 -9.780323681094625909e-01 -3.349552000000000085e-01 1.333204593932862947e-02 9.986911765500127158e-01 4.937803592917630602e-02 -8.598200000000000287e-03 9.790059781924062010e-01 -2.308242113722948352e-02 2.025203606997920680e-01 9.131905000000000161e-01
1.550210822267132360e-01 4.671662824798632208e-02 -9.868059691298984859e-01 -3.631991999999999998e-01 1.924336266880085841e-02 9.985489716095699020e-01 5.029556929459418069e-02 -7.655399999999999705e-03 9.877237250661015100e-01 -2.678633873096078130e-02 1.538971572152475487e-01 9.167497000000000007e-01
7.058005139029849273e-02 4.644193927853587645e-02 -9.964244088849847358e-01 -4.235879000000000172e-01 2.095432989292189338e-02 9.986261303404276868e-01 4.802882322149649996e-02 -5.645700000000000024e-03 9.972860033132326940e-01 -2.426928258832444438e-02 6.950992388261278965e-02 9.197155999999999665e-01
3.500165793464730946e-02 4.209645310012365832e-02 -9.985002616815955578e-01 -4.552192999999999934e-01 1.836275554580222430e-02 9.989167072781968137e-01 4.275770257217270665e-02 -4.182800000000000407e-03 9.992185412363957520e-01 -1.983180669718126454e-02 3.419073401573280435e-02 9.195997000000000199e-01
6.215113412136077410e-03 4.200037941720465018e-02 -9.990982636828497077e-01 -4.882632000000000083e-01 1.588579264470696764e-02 9.989873330179602773e-01 4.209453719560714985e-02 -2.634899999999999916e-03 9.998544963930119378e-01 -1.613309017125458961e-02 5.541610253573248102e-03 9.187771999999999606e-01
-1.462468527443857788e-02 4.629998378925108404e-02 -9.988205194536896592e-01 -5.225492999999999943e-01 1.478654826481417411e-02 9.988281325397115884e-01 4.608383271435437245e-02 -1.421200000000000067e-03 9.997837148958947928e-01 -1.409514626910142801e-02 -1.529216402660837915e-02 9.175489999999999480e-01
-3.554672739107855167e-02 5.491761489449535627e-02 -9.978579486811157695e-01 -5.950273000000000367e-01 1.605515846770349045e-02 9.983914995099660850e-01 5.437504568106955871e-02 1.343900000000000086e-03 9.992390415002615489e-01 -1.408791256863042504e-02 -3.637126147245028918e-02 9.147372999999999754e-01
-3.975464761184960977e-02 5.215330181728321246e-02 -9.978474838886016718e-01 -6.330046000000000284e-01 1.704057221803219335e-02 9.985270888572976844e-01 5.150991862401068516e-02 2.882700000000000193e-03 9.990641555434464083e-01 -1.495613344837284225e-02 -4.058481465443419811e-02 9.134349999999999969e-01
-3.901856045019750502e-02 4.829308480293400402e-02 -9.980708040518022628e-01 -6.718338999999999839e-01 2.484041648957954068e-02 9.985696267902843815e-01 4.734611029996424469e-02 4.508800000000000308e-03 9.989296800320925929e-01 -2.294511739191543165e-02 -4.016236968671937912e-02 9.122506999999999699e-01
-3.485190853358759167e-02 4.650364049863198873e-02 -9.983099498111493997e-01 -7.114074000000000231e-01 3.638953777625484470e-02 9.983134477797028783e-01 4.523341157411270991e-02 6.346199999999999758e-03 9.987297662591199110e-01 -3.475156690822079480e-02 -3.648537495252701657e-02 9.118732000000000504e-01
-2.936132342711860257e-02 4.671959409132577651e-02 -9.984764354828562505e-01 -7.524646999999999863e-01 3.681689207164722671e-02 9.982798328320079406e-01 4.562775272882567401e-02 7.874300000000000743e-03 9.988905991873150425e-01 -3.542110795613170882e-02 -3.103088729584202454e-02 9.108798999999999646e-01
-1.905424732706501034e-02 2.825088854472595709e-02 -9.994192428381757365e-01 -8.807755999999999919e-01 3.663259635396925312e-02 9.989492708908679353e-01 2.753919154533289448e-02 1.188690000000000059e-02 9.991471305784579426e-01 -3.608658314438827064e-02 -2.006912987144582328e-02 9.083497999999999850e-01
-1.818146425885302370e-02 2.015531911435648055e-02 -9.996315308496437346e-01 -9.252445999999999726e-01 2.919766371693557905e-02 9.993810998448579008e-01 1.961921778142476647e-02 1.257710000000000078e-02 9.994082903352745628e-01 -2.883019917171378982e-02 -1.875869997741097528e-02 9.066566999999999821e-01
-1.992827841114177753e-02 1.711381947758882152e-02 -9.996549309148915485e-01 -9.708666999999999714e-01 2.373691945869197892e-02 9.995797573190139396e-01 1.663933330013267833e-02 1.357060000000000037e-02 9.995195957929888797e-01 -2.339713531503024788e-02 -2.032613305256492087e-02 9.054856999999999490e-01
-2.776084880892137896e-02 3.152285014678257724e-02 -9.991174331338792403e-01 -1.066241699999999959e+00 9.349108132273933197e-03 9.994671199869453737e-01 3.127411456991319172e-02 1.519599999999999944e-02 9.995708726501284502e-01 -8.472660953000364301e-03 -2.804076614210537777e-02 9.012065000000000214e-01
-3.235876579208011444e-02 4.086469445637637421e-02 -9.986405694860387428e-01 -1.115325899999999981e+00 7.913574802228443006e-03 9.991429694732473221e-01 4.062883072439071180e-02 1.677460000000000062e-02 9.994449887864076398e-01 -6.588118029351143490e-03 -3.265441915833899866e-02 8.992835999999999608e-01
-3.416199869563289054e-02 5.085480743449108387e-02 -9.981216090266358254e-01 -1.165444099999999983e+00 6.578946531514365953e-03 9.986943485551706967e-01 5.065881588133229474e-02 1.846549999999999928e-02 9.993946544321994363e-01 -4.835982295674948889e-03 -3.445196609165968038e-02 8.974583000000000421e-01
-3.653863295988059312e-02 5.972531171103988290e-02 -9.975458964090033742e-01 -1.266019900000000087e+00 9.475510056204162340e-03 9.981882941219265559e-01 5.941669956445821965e-02 2.228099999999999872e-02 9.992873175471594926e-01 -7.281251195875471094e-03 -3.703836349549827212e-02 8.934231999999999729e-01
-4.142240490730059871e-02 5.211911221600746408e-02 -9.977814302308454231e-01 -1.366652399999999989e+00 7.683239633087132758e-03 9.986256267020994226e-01 5.184424290680370029e-02 2.637180000000000080e-02 9.991121819898087786e-01 -5.518680608109945845e-03 -4.176591868868051449e-02 8.889852999999999783e-01
-4.608740204470550272e-02 4.695612293562928530e-02 -9.978331894117492551e-01 -1.418114300000000050e+00 7.939497804484656196e-03 9.988802715324649473e-01 4.663869121064222883e-02 2.834609999999999908e-02 9.989058593017573484e-01 -5.772838303912765368e-03 -4.640860470359586820e-02 8.866726999999999803e-01
-5.164452589120738929e-02 4.241014960124188382e-02 -9.977646125997214899e-01 -1.469624299999999995e+00 8.152813144748829316e-03 9.990824885941556044e-01 4.204417465399566678e-02 3.005779999999999910e-02 9.986322519242500917e-01 -5.963236982475503961e-03 -5.194290347479257886e-02 8.838118999999999836e-01
-5.870275547798362026e-02 4.062173587716857992e-02 -9.974486759095014810e-01 -1.521346300000000040e+00 7.270115924496122622e-03 9.991626405319516957e-01 4.026367071768491984e-02 3.167020000000000252e-02 9.982490330141754464e-01 -4.887979085810928437e-03 -5.894892489876490949e-02 8.807234000000000451e-01
-6.528163482680597596e-02 4.296950593057624612e-02 -9.969412869945860622e-01 -1.573446200000000017e+00 7.429000430203076127e-03 9.990656700186071326e-01 4.257460443597563260e-02 3.331869999999999971e-02 9.978392245782622405e-01 -4.626937470284909343e-03 -6.553986071619677389e-02 8.769715999999999623e-01
-7.184334003902871635e-02 4.780324235599951732e-02 -9.962697348169770040e-01 -1.626368899999999895e+00 6.477799568101037797e-03 9.988521333980878714e-01 4.746002232241498808e-02 3.507930000000000076e-02 9.973948930111841138e-01 -3.043949135940388073e-03 -7.207053329111556828e-02 8.731997000000000231e-01
-7.774393037605394075e-02 5.059401407624593283e-02 -9.956887701633155840e-01 -1.679014900000000088e+00 3.368837739732555986e-03 9.987191397847704488e-01 5.048495577745236440e-02 3.701100000000000223e-02 9.969676685941056826e-01 5.705849810463438365e-04 -7.781479429268434167e-02 8.686002000000000445e-01
-8.655149907034803691e-02 5.536150963383387746e-02 -9.947079678276123937e-01 -1.838154300000000019e+00 -8.332931124944421147e-03 9.983796342291622050e-01 5.629092480419244093e-02 4.341690000000000133e-02 9.962125276604095747e-01 1.316089691120002694e-02 -8.594993033708808738e-02 8.534530000000000172e-01
-8.833496066269483360e-02 5.495027913494580918e-02 -9.945739799269396331e-01 -1.890895400000000004e+00 -9.589270712513437572e-03 9.983840186707577669e-01 5.601247316473451088e-02 4.558159999999999989e-02 9.960446679802684722e-01 1.448509875076837983e-02 -8.766527991319139623e-02 8.483211999999999975e-01
-8.972445567170145297e-02 5.395993221301192272e-02 -9.945038198870747026e-01 -1.944349799999999906e+00 -1.016058691083123605e-02 9.984297143743381397e-01 5.508963539546432586e-02 4.763209999999999666e-02 9.959147978256189804e-01 1.504763004412683694e-02 -8.903529806773691213e-02 8.433386000000000493e-01
-9.078189714774333174e-02 5.330144368006958788e-02 -9.944433635214611211e-01 -1.997929300000000019e+00 -1.133773742037501309e-02 9.984466140500426468e-01 5.455102750812253209e-02 4.971679999999999849e-02 9.958062576929525012e-01 1.622698350358696071e-02 -9.003656005163196419e-02 8.382321000000000355e-01
-9.154478039620443652e-02 5.239783471141104543e-02 -9.944214499394942175e-01 -2.051728199999999891e+00 -1.325783489407110841e-02 9.984620313398659963e-01 5.383123430305127022e-02 5.186160000000000075e-02 9.957127010318448379e-01 1.811184392115007882e-02 -9.070930555154554931e-02 8.328575000000000284e-01
-9.251917291681353850e-02 4.983890976767198222e-02 -9.944628126360276488e-01 -2.105608000000000146e+00 -1.783484394392796310e-02 9.985033600768842277e-01 5.170066011829785313e-02 5.411259999999999681e-02 9.955511644231475055e-01 2.251939138480141267e-02 -9.149183585093068061e-02 8.275824999999999987e-01
-9.268442410868575621e-02 4.486497273119256779e-02 -9.946842372077036032e-01 -2.159886100000000031e+00 -2.324892832508478405e-02 9.986144590939531884e-01 4.720857358813662641e-02 5.611349999999999671e-02 9.954240728751624356e-01 2.750084199294247633e-02 -9.151294351239536162e-02 8.220577000000000023e-01
-9.213682082354615610e-02 4.416334909826983429e-02 -9.947665077016584201e-01 -2.214295900000000206e+00 -2.489329589310847884e-02 9.986015735784873337e-01 4.663926528309857156e-02 5.807559999999999806e-02 9.954351460884368619e-01 2.906021064950226052e-02 -9.090860294217839588e-02 8.169488000000000305e-01
-8.995318264046553436e-02 4.810445192269643955e-02 -9.947835878411286359e-01 -2.269401300000000177e+00 -2.593434341862954629e-02 9.983810238916830393e-01 5.062352184942670030e-02 6.032740000000000324e-02 9.956082737524312165e-01 3.035280610111332558e-02 -8.855999321077534514e-02 8.112972000000000516e-01
-8.825689016928207897e-02 5.137798852387408938e-02 -9.947718450141659341e-01 -2.323909800000000025e+00 -2.595058147211274507e-02 9.982113426621201935e-01 5.385798642677273179e-02 6.232290000000000052e-02 9.957596540626189041e-01 3.056824620301040046e-02 -8.676574015800031514e-02 8.062616999999999701e-01
-8.691887399473911813e-02 5.105500738583754194e-02 -9.949062747637681392e-01 -2.378524500000000153e+00 -2.397369289414380891e-02 9.982894939116047084e-01 5.332305687720409471e-02 6.450989999999999502e-02 9.959268905861030641e-01 2.848635755136726122e-02 -8.554622166379832748e-02 8.017339999999999467e-01
-8.459215435156487717e-02 4.991073980315932634e-02 -9.951648534159869275e-01 -2.433505100000000088e+00 -2.368455214677933976e-02 9.983617899843288956e-01 5.208433823034733234e-02 6.683459999999999401e-02 9.961341322391115138e-01 2.797596024425360109e-02 -8.327146111750671764e-02 7.973209999999999464e-01
-8.024766931445470597e-02 5.063483423776764941e-02 -9.954880336454635659e-01 -2.488638400000000139e+00 -2.868014242704126221e-02 9.981781302738130801e-01 5.308361021482264908e-02 6.896689999999999765e-02 9.963622639381534141e-01 3.281057458790363757e-02 -7.864925425742486098e-02 7.921243000000000034e-01
-7.485626701197947708e-02 5.163256151835504681e-02 -9.958567255785765182e-01 -2.544049999999999923e+00 -3.327434536979452517e-02 9.979731790159966920e-01 5.424345034119036624e-02 7.091809999999999781e-02 9.966390305568223473e-01 3.719694282812545383e-02 -7.298650707492648770e-02 7.876792999999999711e-01
-6.887815403518765534e-02 5.143139718595390875e-02 -9.962984549221211017e-01 -2.599155200000000221e+00 -3.747630393505535507e-02 9.978319297256574849e-01 5.410144788578313130e-02 7.308099999999999319e-02 9.969209229121799298e-01 4.106399156769110353e-02 -6.680136268412695255e-02 7.831903999999999533e-01
-6.297399706707726419e-02 5.025688284921244614e-02 -9.967489761317419594e-01 -2.655112499999999986e+00 -3.907513083154182804e-02 9.978413358225192153e-01 5.278070361816127043e-02 7.552520000000000067e-02 9.972499234614627950e-01 4.227190852340155514e-02 -6.087426308297738675e-02 7.794107999999999592e-01
-5.726709948303540521e-02 4.978659884147786790e-02 -9.971167303242877145e-01 -2.710753200000000085e+00 -3.885262996645307693e-02 9.978880656334213617e-01 5.205652323271581922e-02 7.744370000000000420e-02 9.976026024732947972e-01 4.172173345135799655e-02 -5.521181482548676023e-02 7.760742999999999947e-01
-5.221844176159337603e-02 4.929266284167425211e-02 -9.974184015396787562e-01 -2.766629500000000075e+00 -3.713731060716577576e-02 9.979943282508522140e-01 5.126539710172049041e-02 7.958850000000000646e-02 9.979449155644102287e-01 3.971843613622300789e-02 -5.028311177756206174e-02 7.732367999999999464e-01
-4.667333816411918523e-02 5.031477706568048686e-02 -9.976422318213322704e-01 -2.822859300000000182e+00 -3.578262796765711157e-02 9.980054414987051814e-01 5.200713676701159555e-02 8.146319999999999950e-02 9.982691035188588913e-01 3.812560750736018050e-02 -4.477985051168331676e-02 7.704560000000000297e-01
-4.102083369044185607e-02 5.183433684191095930e-02 -9.978128545611647526e-01 -2.879367799999999811e+00 -3.496887946233238204e-02 9.979671460154091456e-01 5.327994878946494539e-02 8.348329999999999640e-02 9.985461775363669856e-01 3.707798535544307161e-02 -3.912485564818823924e-02 7.681124999999999758e-01
-3.036025240897386596e-02 5.230702532256567561e-02 -9.981694396121166823e-01 -2.992425900000000194e+00 -3.564443355550683812e-02 9.979379494932044681e-01 5.337905317449433140e-02 8.779689999999999717e-02 9.989032632993896099e-01 3.719978579512130124e-02 -2.843319374651109843e-02 7.640675000000000106e-01
-2.130419331328876897e-02 4.303276115595111584e-02 -9.988464911159096182e-01 -3.105119199999999857e+00 -3.473797120389318649e-02 9.984381193851251668e-01 4.375608660897276764e-02 9.130889999999999840e-02 9.991693573683630980e-01 3.563008877324477103e-02 -1.977604788887776799e-02 7.613611000000000129e-01
-1.789989537168394998e-02 4.210654055778703664e-02 -9.989527681466917608e-01 -3.162110600000000105e+00 -3.477442885278131390e-02 9.984821534709233948e-01 4.270981500815026338e-02 9.331340000000000467e-02 9.992348737127049185e-01 3.550251318319595090e-02 -1.640849517875964114e-02 7.605387999999999593e-01
-1.439672459871766882e-02 4.434272514002259719e-02 -9.989126373452208441e-01 -3.219408300000000001e+00 -3.418179613176345472e-02 9.984104332722104624e-01 4.481307338716609273e-02 9.513960000000000472e-02 9.993119328488151432e-01 3.478978959915366570e-02 -1.285812605364333727e-02 7.593425000000000313e-01
-1.245628127118238865e-02 4.414323727336022518e-02 -9.989475540086782956e-01 -3.276857600000000037e+00 -3.474257500900999884e-02 9.984027437796203497e-01 4.455238147472193738e-02 9.683419999999999528e-02 9.993186651607368631e-01 3.526096732016371221e-02 -1.090273566632893321e-02 7.585032000000000441e-01
-1.169320040349950372e-02 4.400903926154985796e-02 -9.989626987668754898e-01 -3.334056599999999815e+00 -3.578923236556439541e-02 9.983724738756747374e-01 4.440196227700627524e-02 9.844640000000000335e-02 9.992909485785447243e-01 3.627130919391265834e-02 -1.009911968204901811e-02 7.575165999999999844e-01
-1.094224360060303165e-02 4.509110748947804670e-02 -9.989229496464464564e-01 -3.391681399999999957e+00 -3.779776114700593437e-02 9.982501560221198611e-01 4.547477602019989879e-02 1.002095999999999959e-01 9.992254983522281808e-01 3.825464713189492133e-02 -9.218753470792706572e-03 7.566926999999999959e-01
-9.902691617763772353e-03 4.498508236807444854e-02 -9.989385762213115472e-01 -3.449005399999999888e+00 -3.788235251058654635e-02 9.982535446395026657e-01 4.532976927949378121e-02 1.017466000000000065e-01 9.992331379948261594e-01 3.829103000711835125e-02 -8.181256260919367307e-03 7.559443000000000135e-01
-8.780354418697523464e-03 4.298564061917688195e-02 -9.990371064564327330e-01 -3.506365800000000199e+00 -3.820706762212275343e-02 9.983316594114292064e-01 4.329108222879971685e-02 1.032514999999999961e-01 9.992312672049454836e-01 3.855038932852857675e-02 -7.123350519121607327e-03 7.551664999999999628e-01
-8.010858249575680476e-03 4.213274736049719971e-02 -9.990799055881175450e-01 -3.564315099999999958e+00 -3.700962441703067873e-02 9.984149458794416843e-01 4.240145687428356625e-02 1.046582000000000068e-01 9.992827997371994675e-01 3.731524412901407461e-02 -6.438843450228382004e-03 7.544920999999999989e-01
-7.623029395025347418e-03 4.158486796416856202e-02 -9.991058943771903289e-01 -3.622347800000000007e+00 -3.321399076092559910e-02 9.985731038680001337e-01 4.181610992382432668e-02 1.064395000000000063e-01 9.994191914510025532e-01 3.350305938016523433e-02 -6.230952703511261070e-03 7.540371000000000157e-01
-7.717311246502198130e-03 4.260328467184950479e-02 -9.990622619448169539e-01 -3.680313599999999852e+00 -3.114448877701804161e-02 9.985970777550746691e-01 4.282402500750756569e-02 1.078289999999999943e-01 9.994850994016583057e-01 3.144576973449353385e-02 -6.379626937556892585e-03 7.537585999999999453e-01
-7.169473716230010188e-03 4.554711975647796063e-02 -9.989364637095401456e-01 -3.738395699999999877e+00 -3.088708659176160262e-02 9.984754021780178901e-01 4.574777729375000684e-02 1.093386999999999970e-01 9.994971668436611889e-01 3.118222454114816591e-02 -5.751725320293776811e-03 7.527226000000000194e-01
-6.726242819340019774e-03 4.913573178571505745e-02 -9.987694616473902220e-01 -3.796382899999999783e+00 -3.394468119844814419e-02 9.982052198914044272e-01 4.933657466716496326e-02 1.111048000000000036e-01 9.994010787846244748e-01 3.423476074745219339e-02 -5.046273941603729440e-03 7.517768000000000228e-01
-5.642574503249257398e-03 4.909581123282693443e-02 -9.987781348589714892e-01 -3.854040900000000214e+00 -3.644657893291563394e-02 9.981203209455493663e-01 4.926937993967724083e-02 1.128812000000000010e-01 9.993196726959105991e-01 3.668005227564628823e-02 -3.842593914769598662e-03 7.506080000000000529e-01
-5.837616471170494446e-03 4.696294038197842968e-02 -9.988795745557192962e-01 -3.912053799999999804e+00 -3.712924811536397196e-02 9.981976244831285427e-01 4.714786750879451649e-02 1.147418000000000049e-01 9.992934209571899817e-01 3.736287872899837770e-02 -4.083396228496405378e-03 7.502940999999999638e-01
-5.540412766412290170e-03 4.485907699288197575e-02 -9.989779612372458040e-01 -3.969301000000000190e+00 -3.720963195576517529e-02 9.982922034787308219e-01 4.503465069584565439e-02 1.161823000000000022e-01 9.992921230131326382e-01 3.742111282320476073e-02 -3.861761123982954125e-03 7.498437000000000019e-01
-5.756057455568565698e-03 4.436617570902787189e-02 -9.989987538808664524e-01 -4.026640399999999786e+00 -3.434530282014076896e-02 9.984171200705852511e-01 4.453823665291657685e-02 1.177662000000000014e-01 9.993934500369516805e-01 3.456727936812553637e-02 -4.223176568051489888e-03 7.496886000000000383e-01
-6.025438621016090263e-03 4.587955408151198761e-02 -9.989288065756768420e-01 -4.084370599999999740e+00 -3.246065994556798090e-02 9.984115164348931204e-01 4.605159504376924590e-02 1.193439000000000028e-01 9.994548512290700737e-01 3.270336935942121798e-02 -4.526586707299773416e-03 7.493109000000000020e-01
-5.709801651396582967e-03 4.889807223839860023e-02 -9.987874532133800276e-01 -4.141297299999999737e+00 -3.189387152841065970e-02 9.982866828462571007e-01 4.905588456796763919e-02 1.209038000000000057e-01 9.994749517241694470e-01 3.213529808769292895e-02 -4.140470116324346250e-03 7.487956999999999530e-01
-5.229692602344879898e-03 5.110186534932634195e-02 -9.986797533108922043e-01 -4.198978399999999667e+00 -3.239501730711118188e-02 9.981605677912326335e-01 5.124493887552247773e-02 1.227758000000000044e-01 9.994614615726598039e-01 3.262024317051280542e-02 -3.564627124913122280e-03 7.483360999999999486e-01
-5.302213377022982344e-03 5.156934509795827598e-02 -9.986553405351978885e-01 -4.255629100000000165e+00 -3.335652354494898081e-02 9.981044988484608638e-01 5.171800185098156255e-02 1.244335000000000024e-01 9.994294516724528954e-01 3.358589026109855269e-02 -3.571988951503457521e-03 7.477882000000000140e-01
-4.822815635226671005e-03 4.932261299328075804e-02 -9.987712552415912715e-01 -4.312469000000000108e+00 -3.350506976042539470e-02 9.982141186122133192e-01 4.945688732210323790e-02 1.263012000000000024e-01 9.994269111594393795e-01 3.370242203102381817e-02 -3.161645069440610634e-03 7.472474999999999534e-01
-4.427706508236988955e-03 4.788275089973320631e-02 -9.988431496392971010e-01 -4.369246500000000033e+00 -3.182344010086772534e-02 9.983402708113546797e-01 4.799971183723392848e-02 1.281384000000000134e-01 9.994836987541235729e-01 3.199915377920344722e-02 -2.896563859384082562e-03 7.467023000000000410e-01
-4.296156877247247693e-03 4.919883540541419159e-02 -9.987797643278707449e-01 -4.426070700000000357e+00 -3.027709169780887916e-02 9.983246725266303745e-01 4.930665211630788636e-02 1.295830000000000037e-01 9.995323110107089404e-01 3.045197562305440586e-02 -2.799361756605778240e-03 7.463357000000000463e-01
-3.971693668500110401e-03 5.216887687022696285e-02 -9.986303790369601696e-01 -4.482972600000000085e+00 -2.883924888309072343e-02 9.982169021580230561e-01 5.226197441638510272e-02 1.314652000000000043e-01 9.995761718714901711e-01 2.900731859615498370e-02 -2.460100526079034289e-03 7.459113000000000548e-01
-3.909687258075156963e-03 5.464691578157866714e-02 -9.984980865986201604e-01 -4.539728199999999880e+00 -2.712819975626177063e-02 9.981324289386382942e-01 5.473312597539575775e-02 1.334002999999999994e-01 9.996243169929035499e-01 2.730144495471314992e-02 -2.419913191906708505e-03 7.458540000000000170e-01
-3.613594222318137344e-03 5.657027465325041582e-02 -9.983920802783103898e-01 -4.596577199999999586e+00 -2.761685640840789990e-02 9.980121410193184550e-01 5.664870360523234505e-02 1.352749000000000035e-01 9.996120503369863020e-01 2.777715614838742811e-02 -2.044117754507746021e-03 7.455576000000000425e-01
-3.222910404978924365e-03 5.845660931437394320e-02 -9.982847477929273072e-01 -4.653172500000000156e+00 -3.033076774404946246e-02 9.978249165398117571e-01 5.852760425964990965e-02 1.375527000000000000e-01 9.995347204457574186e-01 3.046737205248117517e-02 -1.442866465644510043e-03 7.448862000000000538e-01
-3.076995515899797612e-03 5.779794164714221333e-02 -9.983235597940923745e-01 -4.709487400000000434e+00 -3.223486219617550247e-02 9.978037386477528470e-01 5.786719968825711213e-02 1.394961999999999869e-01 9.994755853735440843e-01 3.235887949111637685e-02 -1.207128945348912019e-03 7.445074999999999887e-01
-3.264060527949158401e-03 5.411251075301787977e-02 -9.985295098738318220e-01 -4.765363200000000354e+00 -3.485814105852181460e-02 9.979218264848697117e-01 5.419352569307446521e-02 1.413802999999999865e-01 9.993869400341464093e-01 3.498377345436383401e-02 -1.371015710948664257e-03 7.441573999999999689e-01
-2.886488948966293121e-03 5.218618960731265938e-02 -9.986332008279198424e-01 -4.821796899999999830e+00 -3.578204220262058005e-02 9.979924559643641446e-01 5.225613164047554493e-02 1.436369000000000118e-01 9.993554490957442527e-01 3.588397208345868450e-02 -1.013365756370010473e-03 7.436456999999999651e-01
-2.406450483225300134e-03 5.055760248805372947e-02 -9.987182474685898370e-01 -4.878090399999999605e+00 -3.587669223411694974e-02 9.980738181599932979e-01 5.061142615922814558e-02 1.455336000000000130e-01 9.993533268821443993e-01 3.595250108396486066e-02 -5.879756774469502290e-04 7.429400999999999922e-01
-2.258606375299114944e-03 5.091874572909623614e-02 -9.987002453342128661e-01 -4.934464900000000043e+00 -3.444666767389843037e-02 9.981061353707181283e-01 5.096635774208202463e-02 1.475665999999999922e-01 9.994039852749263542e-01 3.451700839739051119e-02 -5.003477680715073816e-04 7.426671000000000245e-01
-2.574545545312764260e-03 5.277525073351044954e-02 -9.986030966431308498e-01 -4.990988699999999945e+00 -3.436195372478704352e-02 9.980120100715439424e-01 5.283260252128499368e-02 1.498275000000000023e-01 9.994061375894439658e-01 3.444997333774876824e-02 -7.559666511793849963e-04 7.425391999999999548e-01
-2.546068040755509500e-03 5.480201846233648949e-02 -9.984939941281497644e-01 -5.047729000000000354e+00 -3.289700295968710914e-02 9.979521973509235533e-01 5.485616646042346806e-02 1.518039999999999945e-01 9.994555041290243969e-01 3.298712741232679574e-02 -7.380320323245870284e-04 7.423195000000000210e-01
-2.988016412146182223e-03 5.371973073685352984e-02 -9.985515821866592923e-01 -5.104481200000000385e+00 -3.628064692990437545e-02 9.978928015995900402e-01 5.379285430304718563e-02 1.541250999999999871e-01 9.993371735386751276e-01 3.638883132612527604e-02 -1.032733484708781013e-03 7.417586000000000457e-01
-3.232381743275495288e-03 5.469400218977296668e-02 -9.984979308104403595e-01 -5.161760799999999705e+00 -4.040186401307106767e-02 9.976807293603772164e-01 5.478002963868433550e-02 1.564792999999999878e-01 9.991782829368015539e-01 4.051824758563642159e-02 -1.015145336400458120e-03 7.411081000000000474e-01
-3.315978482641178567e-03 5.429212595114300127e-02 -9.985195888646389850e-01 -5.218618400000000435e+00 -4.382902283923210268e-02 9.975576413725067981e-01 5.438537391872140525e-02 1.584212000000000120e-01 9.990335435027497546e-01 4.394447859545379254e-02 -9.283088456824017953e-04 7.401769000000000265e-01
-4.207466650516287522e-03 4.712605218356066134e-02 -9.988800891147935346e-01 -5.333285799999999632e+00 -4.515401520724244416e-02 9.978611298491876225e-01 4.726817583498244685e-02 1.621944999999999915e-01 9.989711768289661897e-01 4.530232600755746547e-02 -2.070536948733159299e-03 7.392611999999999517e-01
-5.427310197759513052e-03 4.614143366443324012e-02 -9.989201731887328295e-01 -5.390648800000000129e+00 -4.202544784637625430e-02 9.980418165671780528e-01 4.632919291978609966e-02 1.640742000000000034e-01 9.991017996367180798e-01 4.223151054222375189e-02 -3.477568114823803569e-03 7.393534999999999968e-01
-5.949812102906418265e-03 4.673266082323143666e-02 -9.988897127052223102e-01 -5.509107600000000105e+00 -3.626867900871437456e-02 9.982400793793587690e-01 4.691829966712666999e-02 1.683873999999999926e-01 9.993243630868324789e-01 3.650756542241986868e-02 -4.244409031276652478e-03 7.380685000000000162e-01
-7.122239040381251989e-03 5.099346809175838574e-02 -9.986735902801407994e-01 -5.629095999999999655e+00 -3.457229127481119962e-02 9.980893110252075928e-01 5.121019325521150578e-02 1.726701999999999959e-01 9.993768210175085764e-01 3.489116548929421802e-02 -5.345669624789883834e-03 7.368479999999999475e-01
-8.275880324259623708e-03 4.312328458849334911e-02 -9.990354809170484129e-01 -5.748809299999999567e+00 -3.527188400734482254e-02 9.984353957278612191e-01 4.338956967200318510e-02 1.766260000000000052e-01 9.993434864967253306e-01 3.559695048805471690e-02 -6.741892354527490028e-03 7.351090999999999598e-01
-9.667925826523791205e-03 4.291738831776795160e-02 -9.990318458338524055e-01 -5.870186799999999927e+00 -3.607505610180376798e-02 9.984131908200456484e-01 4.323992048774967512e-02 1.801187999999999956e-01 9.993023173882186194e-01 3.645817022996516998e-02 -8.104337481764756212e-03 7.335112000000000299e-01
-1.041155050390225704e-02 4.752592433442919678e-02 -9.988157418324277170e-01 -5.932169899999999885e+00 -4.114344716561090659e-02 9.980036365695996725e-01 4.791615749603472113e-02 1.822069000000000050e-01 9.990990022872785481e-01 4.159360419598585185e-02 -8.435384908372145496e-03 7.327772000000000174e-01
-1.053000345055426362e-02 5.018453990624622413e-02 -9.986844501551678244e-01 -6.056737400000000271e+00 -5.350840650494283895e-02 9.972805886091001826e-01 5.067818087489515955e-02 1.870601000000000069e-01 9.985118774759934590e-01 5.397165494854849754e-02 -7.816073277657653584e-03 7.298833000000000126e-01
-1.039891433714378033e-02 4.828440533920254352e-02 -9.987794945740766650e-01 -6.118205500000000185e+00 -5.734775003758565970e-02 9.971607093275439704e-01 4.880323082559186176e-02 1.892439999999999956e-01 9.983001042503376610e-01 5.778525741423148898e-02 -7.600386788556567907e-03 7.286434000000000522e-01
-1.106388645756357057e-02 4.718058430994940405e-02 -9.988251012467727064e-01 -6.179849100000000206e+00 -5.936869160538651297e-02 9.970931176959264564e-01 4.775639329431918823e-02 1.911172999999999900e-01 9.981748087752558840e-01 5.982731071666970435e-02 -8.230675482146510014e-03 7.276671999999999585e-01
-1.170018243334114243e-02 4.650369289470725198e-02 -9.988495944225946888e-01 -6.241214300000000215e+00 -5.917632098461736434e-02 9.971349697841062065e-01 4.711703586151313322e-02 1.929617999999999889e-01 9.981789763192533416e-01 5.965952213020429135e-02 -8.914743599430896559e-03 7.268084000000000211e-01
-1.284618294783279949e-02 4.570230051356376222e-02 -9.988725020298828694e-01 -6.302640399999999588e+00 -5.691282935874238114e-02 9.973020901533474758e-01 4.636238594105306088e-02 1.945805999999999925e-01 9.982965017659098939e-01 5.744423995086359036e-02 -1.021047787393547512e-02 7.263939000000000368e-01
-1.305950468333192185e-02 4.612900195009140419e-02 -9.988501211475697694e-01 -6.364896800000000354e+00 -5.702838783318841392e-02 9.972749606978080772e-01 4.680187759409638187e-02 1.966450999999999893e-01 9.982871392132495192e-01 5.757402143565965719e-02 -1.039325440623495300e-02 7.253104000000000218e-01
-1.386991142896257939e-02 5.121825461812765101e-02 -9.985911655681846133e-01 -6.426834600000000286e+00 -5.642704244996295249e-02 9.970556484422939958e-01 5.192323939881552525e-02 1.984416999999999986e-01 9.983103798104590032e-01 5.706771682124032324e-02 -1.093897890609141221e-02 7.244639000000000495e-01
-1.445455511692076388e-02 5.520338815960348228e-02 -9.983704982480561263e-01 -6.489142900000000047e+00 -5.515986801067359474e-02 9.969103276192941010e-01 5.592126292419361683e-02 2.006431999999999938e-01 9.983729036774871002e-01 5.587830188625880073e-02 -1.136488367257493248e-02 7.234224000000000210e-01
-1.369357803014421143e-02 5.282295537100700072e-02 -9.985100006042026966e-01 -6.612875899999999696e+00 -5.557436518050034441e-02 9.970198437874586705e-01 5.350627092982501720e-02 2.052876999999999896e-01 9.983606441840127133e-01 5.622425170603917444e-02 -1.071716681680412453e-02 7.214544999999999986e-01
-1.260776744344706268e-02 5.196853639000420522e-02 -9.985691340240658853e-01 -6.674179600000000434e+00 -5.459582698811826784e-02 9.971230447338987890e-01 5.258259537225875441e-02 2.075527000000000066e-01 9.984289358164533112e-01 5.518065681087929580e-02 -9.734230238932495283e-03 7.204924999999999802e-01
-1.126360512730743141e-02 5.181247987320428128e-02 -9.985933096756282046e-01 -6.735709700000000133e+00 -5.491659800211533271e-02 9.971173885530218994e-01 5.235533123833860381e-02 2.094629000000000074e-01 9.984274127163227375e-01 5.542905713243635735e-02 -8.385771401543729020e-03 7.192321000000000408e-01
-1.040018757780240138e-02 5.384248495784033084e-02 -9.984952793638590673e-01 -6.796979000000000326e+00 -5.506916419891021153e-02 9.970030233944403575e-01 5.433560984086280299e-02 2.116592999999999947e-01 9.984283766263755133e-01 5.555140102562436399e-02 -7.403957813917672048e-03 7.182598999999999512e-01
-9.550099917774567543e-03 5.729957402900646979e-02 -9.983113514368423536e-01 -6.858668299999999718e+00 -5.602050344277546834e-02 9.967582773582213118e-01 5.774633938085799861e-02 2.141009000000000106e-01 9.983839435736024948e-01 5.647738781110239054e-02 -6.309190158478306110e-03 7.175829000000000235e-01
-8.218384995879728094e-03 5.855895645486115797e-02 -9.982501223475891416e-01 -6.919360199999999850e+00 -5.767238146184469616e-02 9.965943857511462278e-01 5.893663296978531030e-02 2.162913999999999948e-01 9.983017352306758907e-01 5.805582579046987546e-02 -4.813161872162852184e-03 7.166424000000000127e-01
-7.177294171650940718e-03 5.593769986632725344e-02 -9.984084635969583399e-01 -6.980651400000000173e+00 -5.993476170733462449e-02 9.966151350770594552e-01 5.626808042238257146e-02 2.186837000000000086e-01 9.981764928044836171e-01 6.024322591793529469e-02 -3.800387288422912846e-03 7.156430000000000291e-01
-7.107864047931019592e-03 5.256606755894725758e-02 -9.985921523875820327e-01 -7.041599299999999673e+00 -5.799992631859568482e-02 9.969145367449877559e-01 5.289059437710940531e-02 2.211592000000000002e-01 9.982912835519066608e-01 5.829421041505441353e-02 -4.037104949312197988e-03 7.151904000000000039e-01
-7.670289401160036019e-03 5.087186475805521857e-02 -9.986757331769611223e-01 -7.162750700000000137e+00 -5.413051841174619516e-02 9.972196700915881840e-01 5.121344119369109632e-02 2.249917999999999918e-01 9.985044084214040883e-01 5.445165707728451959e-02 -4.895243054206077638e-03 7.148010999999999671e-01
