1.000000000000000000e+00 0.000000000000000000e+00 0.000000000000000000e+00 0.000000000000000000e+00 0.000000000000000000e+00 1.000000000000000000e+00 0.000000000000000000e+00 0.000000000000000000e+00 0.000000000000000000e+00 0.000000000000000000e+00 1.000000000000000000e+00 0.000000000000000000e+00
9.999989811070422174e-01 1.407843107904689292e-03 2.361411888459761437e-04 -1.790000000000000141e-05 -1.407756207259755823e-03 9.999989414846399693e-01 -3.677663125584686925e-04 -7.567000000000000158e-04 -2.366586961553555533e-04 3.674335086195750226e-04 9.999999044926346503e-01 3.250530000000000086e-02
9.999941781759627002e-01 3.404879526261062484e-03 2.245208067472126521e-04 -1.636999999999999946e-04 -3.404709905309881001e-03 9.999939215180759788e-01 -7.515832360453528638e-04 -1.370200000000000020e-03 -2.270784923742391419e-04 7.508144322453229064e-04 9.999996923564760110e-01 6.440849999999999353e-02
9.999938543965153359e-01 3.406707623386680522e-03 8.279567438556116815e-04 -2.834000000000000039e-04 -3.406881584892094018e-03 9.999941747653484647e-01 2.087899333529097943e-04 -2.932000000000000144e-03 -8.272406345556576135e-04 -2.116094007964967123e-04 9.999996354471306637e-01 1.259148999999999963e-01
9.999878574160657729e-01 3.977862000373199279e-03 2.908888848376177567e-03 -2.642000000000000251e-04 -3.998065046431947996e-03 9.999676975005249435e-01 6.972763539882083361e-03 -4.042999999999999719e-03 -2.881058192872795569e-03 -6.984308799344194837e-03 9.999714590598497432e-01 1.844693000000000027e-01
9.999863147502112692e-01 3.392803634499185188e-03 3.982360580006840192e-03 -6.569999999999999777e-05 -3.434678008658636778e-03 9.999383887213988409e-01 1.055565006191663824e-02 -4.558699999999999732e-03 -3.946301973785083100e-03 -1.056918373151555582e-02 9.999363575028068496e-01 2.121535999999999977e-01
9.999842280686208618e-01 2.467391287452726754e-03 5.045353727830244675e-03 8.890000000000000604e-05 -2.532085462165406531e-03 9.999141445473287426e-01 1.285659664903645444e-02 -5.119799999999999872e-03 -5.013198302143929627e-03 -1.286916914250205851e-02 9.999046216156644018e-01 2.386193000000000064e-01
9.999276766458023991e-01 -1.240076167988564361e-03 1.196259540506874018e-02 1.012799999999999898e-03 1.197475979056595490e-03 9.999929190387126798e-01 3.567621576662482075e-03 -6.901899999999999875e-03 -1.196693482088739997e-02 -3.553038633658806966e-03 9.999220811580572521e-01 3.529293000000000013e-01
9.999011118069098814e-01 -2.883331395303785627e-03 1.376419294293607792e-02 1.469899999999999896e-03 2.850122975955640160e-03 9.999929818561724693e-01 2.431673790366676701e-03 -7.300000000000000065e-03 -1.377110766523323426e-02 -2.392203683987214387e-03 9.999023122061508895e-01 3.719153000000000042e-01
9.998050648574259291e-01 5.799728048805270243e-03 1.887314070307994848e-02 1.607799999999999941e-03 -5.794907424336919084e-03 9.999831613006245901e-01 -3.101018419944162651e-04 -8.095200000000000312e-03 -1.887462141028837734e-02 2.006732890668012925e-04 9.998218383276339383e-01 4.063439999999999830e-01
9.991212220474930961e-01 -1.099830414387423239e-03 4.189957073030291246e-02 9.018500000000000474e-03 1.886581515514603249e-03 9.998225704290167881e-01 -1.874215758388129635e-02 -1.286230000000000012e-02 -4.187152331250186543e-02 1.880473434466195873e-02 9.989460233174349835e-01 5.711646999999999696e-01
9.995647824064629594e-01 -1.151589309257032914e-03 2.947744247358207934e-02 8.966099999999999418e-03 1.759538869719031329e-03 9.997861130006201469e-01 -2.060660753441017484e-02 -1.310739999999999995e-02 -2.944740728292532736e-02 2.064950588208026155e-02 9.993530147606197733e-01 5.820129000000000552e-01
9.999552797900321810e-01 -3.871462237632698235e-03 -8.628452942513369431e-03 7.660799999999999728e-03 3.650242243171017767e-03 9.996679444914410295e-01 -2.550836113558644508e-02 -1.365459999999999938e-02 8.724342474063786004e-03 2.547572445289655180e-02 9.996373709060678570e-01 6.050041999999999920e-01
9.932212673634129851e-01 -2.109476522487251267e-03 -1.162198957400011334e-01 5.530999999999999459e-04 -8.437293158958888593e-04 9.996781429037058242e-01 -2.535544756929734855e-02 -1.493700000000000062e-02 1.162359762631912374e-01 2.528162790247028696e-02 9.928998122231386114e-01 6.449726000000000070e-01
9.838031399296046642e-01 -1.063910734290572299e-03 -1.792491281948124238e-01 -5.345100000000000198e-03 -2.556154937351363347e-03 9.997974409067099666e-01 -1.996354748861360259e-02 -1.559349999999999972e-02 1.792340590863998884e-01 2.009838924748293468e-02 9.836011421369281749e-01 6.652647000000000421e-01
8.831687002671376741e-01 1.980669037631538690e-02 -4.686371110836098364e-01 -4.686379999999999713e-02 -1.308237530117465838e-02 9.997595179512458463e-01 1.759993529453495603e-02 -1.745560000000000167e-02 4.688730087400362345e-01 -9.412825411606097828e-03 8.832154326056789184e-01 7.462164000000000019e-01
8.308185111548839208e-01 2.796499194528560828e-02 -5.558404094233183601e-01 -6.619579999999999909e-02 -1.670929800135640547e-02 9.995399315331092716e-01 2.531253900914077343e-02 -1.756550000000000125e-02 5.562925497278242704e-01 -1.174242293087407463e-02 8.309035531402116925e-01 7.699563000000000379e-01
7.299891294784587314e-01 3.783137771997051313e-02 -6.824109155802615678e-01 -1.031310000000000004e-01 -2.115101997779586865e-02 9.992390926208549740e-01 3.276995776849836450e-02 -1.649120000000000100e-02 6.831313967291949840e-01 -9.488026035967898897e-03 7.302338475890856051e-01 8.053128999999999982e-01
6.504875814461937855e-01 3.887491841634521661e-02 -7.585213557325883871e-01 -1.335212000000000065e-01 -1.689824790923190670e-02 9.991828012855342722e-01 3.671755483131665387e-02 -1.551040000000000058e-02 7.593288850043039551e-01 -1.106663152522521266e-02 6.506129218397105340e-01 8.285354999999999803e-01
5.633696472021172408e-01 3.769906585787285991e-02 -8.253444257065081224e-01 -1.683440999999999965e-01 -7.150452314457558800e-03 9.991435088009734677e-01 4.075683810819648312e-02 -1.450330000000000022e-02 8.261740201937244343e-01 -1.705957954707070651e-02 5.631566914302061910e-01 8.507097000000000131e-01
4.667506876725622811e-01 3.831791836306270432e-02 -8.835584489378798256e-01 -2.081909000000000121e-01 -3.730533240538728978e-03 9.991373607240316979e-01 4.135961227039530730e-02 -1.289369999999999926e-02 8.843810709637172085e-01 -1.600848330535595276e-02 4.664909964654523344e-01 8.700957999999999748e-01
4.143670120181687233e-01 3.724594161133865100e-02 -9.093474139098980391e-01 -2.297767000000000004e-01 1.360595294940234595e-03 9.991357668230463895e-01 4.154357032521870108e-02 -1.220429999999999952e-02 9.101088551000797722e-01 -1.845153891705940755e-02 4.139582256460354603e-01 8.785747000000000417e-01
3.069939963490331825e-01 3.547929004277824983e-02 -9.510498967897057510e-01 -2.771256999999999748e-01 8.821555917318302936e-03 9.991558682243010248e-01 4.012145491056733765e-02 -1.059440000000000034e-02 9.516705660872607497e-01 -2.070678562702280012e-02 3.064218704207469779e-01 8.926026999999999711e-01
2.026255154268078451e-01 4.638435811880381454e-02 -9.781571406578427608e-01 -3.298229999999999773e-01 1.262943967678687926e-02 9.986706994512840607e-01 4.997330598362834109e-02 -8.502900000000000735e-03 9.791748555551610389e-01 -2.247944348487083618e-02 2.017703567651591978e-01 9.019247000000000236e-01
1.544575255479075371e-01 4.740549615960660407e-02 -9.868614855872526181e-01 -3.576989999999999892e-01 1.811844368073518147e-02 9.985443550626826870e-01 5.080248981141709946e-02 -7.449800000000000345e-03 9.878332828975777691e-01 -2.572722111524356620e-02 1.533737764204879950e-01 9.053436999999999735e-01
6.998618742203550902e-02 4.723115900029571657e-02 -9.964292002895221989e-01 -4.169579999999999953e-01 2.031555859284706056e-02 9.986038399476929728e-01 4.876114150410310044e-02 -5.525300000000000350e-03 9.973410708725417573e-01 -2.365562219032407709e-02 6.892894812486505263e-02 9.081881000000000537e-01
3.449681863928824588e-02 4.288020495242883534e-02 -9.984844803636188093e-01 -4.481751999999999958e-01 1.758228438218349676e-02 9.988984634197357604e-01 4.350543705785161336e-02 -4.022000000000000401e-03 9.992501352412579418e-01 -1.905643725695754104e-02 3.370488717381436850e-02 9.080150000000000166e-01
-1.526250032975439569e-02 4.715778237085637564e-02 -9.987708444110428019e-01 -5.148059000000000385e-01 1.415009717098502512e-02 9.987973508510423759e-01 4.694280224902883103e-02 -1.259300000000000089e-03 9.997833919573460015e-01 -1.341623996515762737e-02 -1.591143209963763461e-02 9.060787999999999620e-01
-2.834658985719784932e-02 5.296076742133415394e-02 -9.981941834921755907e-01 -5.501884999999999692e-01 1.575281281758466809e-02 9.984951238195536316e-01 5.252938793578670190e-02 2.012000000000000116e-04 9.994740215392302618e-01 -1.423533711288862275e-02 -2.913821280518880119e-02 9.048599999999999977e-01
-3.627273512729407151e-02 5.575278818693639449e-02 -9.977855056552822344e-01 -5.861395000000000355e-01 1.551189379828307388e-02 9.983536765056718609e-01 5.522062801525362552e-02 1.557999999999999923e-03 9.992215319123058936e-01 -1.347453958363075896e-02 -3.707784980056438862e-02 9.033341000000000287e-01
-4.039060876358026297e-02 5.298582757875611865e-02 -9.977780819398178735e-01 -6.232501000000000291e-01 1.658378309452337301e-02 9.984909654838697302e-01 5.235236370368953618e-02 3.087799999999999920e-03 9.990463336912764891e-01 -1.443239144715513164e-02 -4.120836341247846590e-02 9.019179000000000501e-01
-3.566707064133654848e-02 4.719251502628626915e-02 -9.982488300004962456e-01 -7.007980000000000320e-01 3.588414667096725963e-02 9.983007257673774948e-01 4.591284079670716889e-02 6.689200000000000181e-03 9.987192739151290466e-01 -3.418373089381868124e-02 -3.729992563821771245e-02 9.005668000000000006e-01
-2.997608161358318590e-02 4.737763788977054913e-02 -9.984271600668130908e-01 -7.411942000000000252e-01 3.634142307807804173e-02 9.982672781804576845e-01 4.627896155750241269e-02 8.220599999999999782e-03 9.988897514239276632e-01 -3.489700190799242818e-02 -3.164591218589907218e-02 8.992658000000000040e-01
-2.455621653955888939e-02 4.620962335636119578e-02 -9.986298928724924862e-01 -7.825201000000000517e-01 3.451056292648664592e-02 9.983749145032581040e-01 4.534921319173084581e-02 9.398500000000000604e-03 9.991026039780696033e-01 -3.334967465921200719e-02 -2.611103070285458738e-02 8.980122000000000382e-01
-1.881548621589792733e-02 2.094273008238503597e-02 -9.996036112055397549e-01 -9.114757999999999472e-01 2.855623461077735209e-02 9.993839884255004691e-01 2.040061625523929834e-02 1.291349999999999963e-02 9.994150884108732313e-01 -2.816106772541938225e-02 -1.940194117223181802e-02 8.952596999999999916e-01
-2.031928472839980224e-02 1.792015069881875561e-02 -9.996329300633597370e-01 -9.561741000000000268e-01 2.322248376124343844e-02 9.995780679437897831e-01 1.744712966992395531e-02 1.387260000000000056e-02 9.995238080786694734e-01 -2.285944629014407398e-02 -2.072686177941596153e-02 8.936703999999999759e-01
-2.823149993165925339e-02 3.221416553726662302e-02 -9.990821937910545625e-01 -1.050225299999999917e+00 8.544625102480390630e-03 9.994518360108357591e-01 3.198463500538017978e-02 1.574769999999999989e-02 9.995648912369154981e-01 -7.633808571539685978e-03 -2.849128240754184027e-02 8.895311999999999664e-01
-3.285899237809476042e-02 4.165423101644726012e-02 -9.985916140536752472e-01 -1.098628399999999949e+00 6.947452295470463862e-03 9.991165277975875281e-01 4.144751848174703379e-02 1.725990000000000163e-02 9.994358506309937162e-01 -5.575743907412087502e-03 -3.311935315462066765e-02 8.876083000000000167e-01
-3.457884491228441909e-02 5.161216019200610960e-02 -9.980683786218493836e-01 -1.148125800000000085e+00 5.700671267109394535e-03 9.986595470969109600e-01 5.144522659389332009e-02 1.906199999999999908e-02 9.993857142423223650e-01 -3.910743216752481793e-03 -3.482671755787625223e-02 8.857000999999999902e-01
-3.550222937428285097e-02 5.940715674235515220e-02 -9.976023162750001783e-01 -1.197533600000000087e+00 7.737414646226601495e-03 9.982180247778033033e-01 5.916846646055051728e-02 2.086690000000000073e-02 9.993396440270186920e-01 -5.618250305048755333e-03 -3.589862308587410400e-02 8.837789000000000339e-01
-3.899170533580097880e-02 5.762255043303775304e-02 -9.975767081265470848e-01 -1.296795600000000048e+00 7.326207069482230244e-03 9.983255607831859058e-01 5.737945082442352795e-02 2.503050000000000067e-02 9.992126768636301337e-01 -5.071130892551522357e-03 -3.934857083160037128e-02 8.797458999999999696e-01
-4.642387549153730725e-02 4.765442821282950964e-02 -9.977844853755016841e-01 -1.397032400000000063e+00 7.098752034198435590e-03 9.988519435164751048e-01 4.737512694355107412e-02 2.907289999999999874e-02 9.988966070139108089e-01 -4.883687650627788895e-03 -4.670886522950323805e-02 8.749557000000000029e-01
-5.901624678664739443e-02 4.138352192694579740e-02 -9.973988604004617731e-01 -1.498998999999999970e+00 6.191622728854651037e-03 9.991362956234541848e-01 4.108925134174511162e-02 3.225599999999999995e-02 9.982378205734350196e-01 -3.750584056326222715e-03 -5.922150535097336910e-02 8.690575000000000383e-01
-7.215263233333342463e-02 4.844736398643002817e-02 -9.962162669672369741e-01 -1.602334099999999983e+00 5.155804055125664392e-03 9.988243601145267991e-01 4.820078138734966433e-02 3.575829999999999981e-02 9.973802761895365077e-01 -1.658482611391006584e-03 -7.231759193662190555e-02 8.616690999999999656e-01
-8.278786702480407655e-02 5.348673118451018060e-02 -9.951308148483188898e-01 -1.706347000000000058e+00 -8.272273702970324438e-04 9.985546423003849315e-01 5.373957606111123830e-02 3.971399999999999930e-02 9.965668491217039016e-01 5.272184323985143473e-03 -8.262396325578158507e-02 8.524435999999999680e-01
-8.649353692619345113e-02 5.612369467222855929e-02 -9.946702966140769098e-01 -1.810564400000000074e+00 -9.401571362194251213e-03 9.983214928055191839e-01 5.714724366477690748e-02 4.388979999999999965e-02 9.962080498198752077e-01 1.429433100562172571e-02 -8.582070598161573027e-02 8.416981999999999520e-01
-8.973830436088545137e-02 5.466087772914788451e-02 -9.944642905485910900e-01 -1.915722600000000053e+00 -1.116200349608548886e-02 9.983749261294134758e-01 5.588306142331060655e-02 4.825920000000000210e-02 9.959028298023792081e-01 1.611506506245864723e-02 -8.898234807896598930e-02 8.318811999999999873e-01
-9.092798788373106234e-02 5.379530529687091833e-02 -9.944034222323617778e-01 -1.968684099999999937e+00 -1.237371794069146158e-02 9.984017899480601699e-01 5.514305879105578512e-02 5.046300000000000091e-02 9.957805943699348239e-01 1.731851484758654969e-02 -9.011701792521575882e-02 8.270631000000000510e-01
-9.232103936153156221e-02 5.106921429393752182e-02 -9.944188056561510392e-01 -2.073641799999999868e+00 -1.911878628415574627e-02 9.984088666516029997e-01 5.304909992151046055e-02 5.409970000000000057e-02 9.955457285841905479e-01 2.390962866423296945e-02 -9.119776288325920355e-02 8.160522999999999527e-01
-9.245333209524846108e-02 4.592858964668457972e-02 -9.946572002642684041e-01 -2.127655999999999992e+00 -2.423465265169600508e-02 9.985359097253276861e-01 4.836029983223728151e-02 5.623609999999999720e-02 9.954220526969141947e-01 2.857624261652857295e-02 -9.120490865399710767e-02 8.106891000000000513e-01
-9.169334078898286333e-02 4.504886267943682826e-02 -9.947677775371720488e-01 -2.181624400000000019e+00 -2.596413348548064909e-02 9.985283775569560039e-01 4.761242470008446998e-02 5.849130000000000301e-02 9.954487405322806071e-01 3.019402564684468132e-02 -9.038874812682218263e-02 8.054512999999999812e-01
-8.825279604120632448e-02 5.239854686034614573e-02 -9.947189735185678616e-01 -2.289075099999999807e+00 -2.698961834855281849e-02 9.981230354528713988e-01 5.497241671734567209e-02 6.263870000000000549e-02 9.957323960243077421e-01 3.169855493977847410e-02 -8.667293189007252430e-02 7.954362999999999850e-01
-8.713886051560909562e-02 5.214270578350239937e-02 -9.948306173523291385e-01 -2.342657800000000012e+00 -2.516356393974178082e-02 9.981953804282767129e-01 5.452318352314397543e-02 6.473579999999999612e-02 9.958783128665327222e-01 2.978457193284832216e-02 -8.566951171149062016e-02 7.912202000000000401e-01
-8.474021503247303189e-02 5.090276801732748074e-02 -9.951020069140771307e-01 -2.396841499999999847e+00 -2.483687041379135235e-02 9.982760136191048961e-01 5.318017018398343843e-02 6.720650000000000235e-02 9.960934824725530268e-01 2.922171865108291744e-02 -8.332985860289321423e-02 7.867728000000000499e-01
-8.037799613671990639e-02 5.153372568982569901e-02 -9.954313903296253541e-01 -2.451212200000000063e+00 -2.959173231297254972e-02 9.980990473401987195e-01 5.406127151025159200e-02 6.942120000000000235e-02 9.963251011169810267e-01 3.380187591116155105e-02 -7.870022915547081332e-02 7.816547000000000356e-01
-7.482347869367171611e-02 5.267411171405161907e-02 -9.958046419812037753e-01 -2.505470499999999934e+00 -3.438646266691834652e-02 9.978737553975688401e-01 5.536731413035667071e-02 7.132779999999999676e-02 9.966037418259247049e-01 3.838497419418922252e-02 -7.285310929999588847e-02 7.770498000000000127e-01
-6.914704409590806400e-02 5.233182087735339938e-02 -9.962329380302878956e-01 -2.559978999999999782e+00 -3.834631587517693674e-02 9.977457298667169461e-01 5.507284804269110129e-02 7.360350000000000226e-02 9.968692222912691747e-01 4.200998757906018038e-02 -6.698443544591170529e-02 7.728450000000000042e-01
-6.302304284732984652e-02 5.098273868928439312e-02 -9.967090129150052435e-01 -2.615203600000000073e+00 -4.000390485006503904e-02 9.977626760067419553e-01 5.356612702643619162e-02 7.617759999999999809e-02 9.972099997828997031e-01 4.324815283460670123e-02 -6.084253125391747563e-02 7.689582000000000361e-01
-5.225142544653889332e-02 5.002852581276242411e-02 -9.973800354648204580e-01 -2.725263599999999897e+00 -3.790004920255937021e-02 9.979254866743316743e-01 5.204141923739037667e-02 8.016979999999999940e-02 9.979145127761436251e-01 4.051999075518168680e-02 -5.024694557832964925e-02 7.629281999999999453e-01
-4.670623828094157964e-02 5.112394492145534708e-02 -9.975995537094591858e-01 -2.780876899999999985e+00 -3.705043580529503167e-02 9.979135896952177065e-01 5.287468872950918525e-02 8.206890000000000018e-02 9.982213143949000278e-01 3.943107603493434948e-02 -4.471462546466875576e-02 7.601740000000000164e-01
-4.142162708087485101e-02 5.281645420138239566e-02 -9.977447925073654744e-01 -2.836675399999999847e+00 -3.583165068268813480e-02 9.978809468117152415e-01 5.431122167203243645e-02 8.402949999999999309e-02 9.984990443757701950e-01 3.800050204600075032e-02 -3.944135171270302109e-02 7.580624000000000251e-01
-3.577050624183965299e-02 5.403041121371798122e-02 -9.978983843795312669e-01 -2.892081999999999820e+00 -3.679150070486737062e-02 9.977893072027976817e-01 5.534332758015921699e-02 8.620669999999999722e-02 9.986825603559350562e-01 3.869383795693581013e-02 -3.370356872908475410e-02 7.556669999999999776e-01
-3.043937745685566451e-02 5.312982257356454324e-02 -9.981235726368455907e-01 -2.947966099999999923e+00 -3.647092921762264822e-02 9.978623044054362179e-01 5.422815476001160984e-02 8.843660000000000410e-02 9.988710205136808185e-01 3.805316543960782227e-02 -2.843661333533953339e-02 7.539531999999999901e-01
-2.568450579771178188e-02 4.848391046261314730e-02 -9.984936737847568411e-01 -3.003614699999999971e+00 -3.693240425646228398e-02 9.980952840613094290e-01 4.941458742528764131e-02 9.066459999999999797e-02 9.989876394018918360e-01 3.814596126495516798e-02 -2.384495672900210916e-02 7.524210999999999538e-01
-2.128265387028460687e-02 4.328185706002038446e-02 -9.988361875170892468e-01 -3.059118499999999852e+00 -3.628269122005586822e-02 9.983709249451719892e-01 4.403478786087093588e-02 9.252630000000000576e-02 9.991149157940082404e-01 3.717764211939468544e-02 -1.967760057462464296e-02 7.510223999999999789e-01
-1.801391132302165507e-02 4.252256228355249384e-02 -9.989330962059910224e-01 -3.115141400000000171e+00 -3.631269787764843798e-02 9.984082478530172944e-01 4.315505291289349621e-02 9.441710000000000380e-02 9.991781057307516090e-01 3.705134701882524528e-02 -1.644112868381153447e-02 7.502410999999999941e-01
-1.439338611191743646e-02 4.513007644033244226e-02 -9.988774232290582589e-01 -3.170850499999999794e+00 -3.564051309964590131e-02 9.983229428325580690e-01 4.561858875650223050e-02 9.581889999999999852e-02 9.992610190847170948e-01 3.625710984938889520e-02 -1.276078850001505227e-02 7.489652999999999450e-01
-1.256717083025327142e-02 4.487758701061716343e-02 -9.989134438986333464e-01 -3.227022600000000185e+00 -3.577534475386819762e-02 9.983325558785153264e-01 4.530157371232159530e-02 9.754599999999999382e-02 9.992808368647252415e-01 3.630578545046942579e-02 -1.094070462810214917e-02 7.484195999999999627e-01
-1.191358915585202446e-02 4.465159990827986120e-02 -9.989315797486115756e-01 -3.283591700000000113e+00 -3.675809514294035157e-02 9.983076927600451622e-01 4.506210178828495838e-02 9.920679999999999776e-02 9.992531755440601238e-01 3.725567341689198231e-02 -1.025211994495667245e-02 7.475024000000000113e-01
-1.103109165297578784e-02 4.573433663195498183e-02 -9.988927297111429571e-01 -3.340154899999999927e+00 -3.867958451195670916e-02 9.981863511508954900e-01 4.612914607971269759e-02 1.009503999999999957e-01 9.991907749568778030e-01 3.914561059552010974e-02 -9.242099987441076969e-03 7.465656999999999988e-01
-1.033941623007405587e-02 4.569262380462492390e-02 -9.989020375401537200e-01 -3.396507300000000118e+00 -3.884538552906727227e-02 9.981830219495725354e-01 4.606181406238111370e-02 1.024653999999999981e-01 9.991917396051269717e-01 3.927898702192132024e-02 -8.545682150204458871e-03 7.460765999999999787e-01
-8.755027160522087237e-03 4.351187988908309517e-02 -9.990145473455012137e-01 -3.452935500000000157e+00 -3.961400605597471120e-02 9.982534855341212987e-01 4.382589580573392762e-02 1.041698999999999958e-01 9.991767011012695487e-01 3.995866523666492809e-02 -7.016056505504075780e-03 7.450331000000000037e-01
-7.893126281148290721e-03 4.257456883106147671e-02 -9.990621125067045138e-01 -3.509736100000000025e+00 -3.815866805865919531e-02 9.983527194431767171e-01 4.284581230882288094e-02 1.056023999999999990e-01 9.992405188989781362e-01 3.846106692829807938e-02 -6.255535247927768161e-03 7.444104999999999750e-01
-7.557694708419666896e-03 4.211051639869629187e-02 -9.990843736438528300e-01 -3.566635799999999801e+00 -3.411802913551100630e-02 9.985203429118613139e-01 4.234483296799308044e-02 1.073725999999999986e-01 9.993892341518408884e-01 3.440681908886584345e-02 -6.109784086472225262e-03 7.439476999999999896e-01
-7.659500554844964754e-03 4.306598513288573127e-02 -9.990428684374782486e-01 -3.623426700000000000e+00 -3.231007859419381123e-02 9.985398639938894982e-01 4.329201815925938501e-02 1.087676999999999949e-01 9.994485433840439859e-01 3.261074883529495316e-02 -6.256851277916086751e-03 7.436367000000000393e-01
-7.269953609838624049e-03 4.583135452358534645e-02 -9.989227371108559961e-01 -3.680279699999999821e+00 -3.199443117435074591e-02 9.984270330501299195e-01 4.604146010439514464e-02 1.103202999999999961e-01 9.994616071407349533e-01 3.229468404007552335e-02 -5.792170095151094600e-03 7.427456000000000058e-01
-6.825060393552425872e-03 4.951857930497555182e-02 -9.987498830309025077e-01 -3.737009000000000025e+00 -3.492523102239321331e-02 9.981519894180015395e-01 4.972760057471199008e-02 1.120204000000000061e-01 9.993666228109967520e-01 3.522096427559132797e-02 -5.082999787595410268e-03 7.417538999999999660e-01
-6.059451223691284666e-03 4.977347643097868035e-02 -9.987421509553116028e-01 -3.793595799999999851e+00 -3.739047399058002819e-02 9.980507823018136548e-01 4.996587236802091381e-02 1.136887000000000036e-01 9.992823602494078639e-01 3.764620818505373667e-02 -4.186586158211547115e-03 7.407683000000000462e-01
-5.747690862774648343e-03 4.776403175523746825e-02 -9.988421103058434669e-01 -3.850569000000000131e+00 -3.814908968682462209e-02 9.981210014017176668e-01 4.794907211718605483e-02 1.155146999999999979e-01 9.992555283839127389e-01 3.838051369272126728e-02 -3.914736628465198542e-03 7.401299999999999546e-01
-5.497599614144814580e-03 4.547095565524730126e-02 -9.989505336052838524e-01 -3.906624299999999828e+00 -3.833541545477948259e-02 9.982217123993437635e-01 4.564875481796996232e-02 1.169793999999999973e-01 9.992498047637498049e-01 3.854614230140566283e-02 -3.744675324747870349e-03 7.398099999999999676e-01
-5.826473778175312798e-03 4.479572977680436330e-02 -9.989791763580840867e-01 -3.963124800000000114e+00 -3.586441931520586990e-02 9.983440611591278824e-01 4.497642688656597332e-02 1.187296999999999936e-01 9.993396798038670648e-01 3.608986203995590003e-02 -4.210252657694701917e-03 7.396876000000000007e-01
-6.010963898110652931e-03 4.634194618069664706e-02 -9.989075494444925596e-01 -4.019597100000000367e+00 -3.445278661892789418e-02 9.983229414676656477e-01 4.652214562483626692e-02 1.203391000000000044e-01 9.993882497844401858e-01 3.469479159086079345e-02 -4.404273976548411795e-03 7.393729999999999469e-01
-5.745132608969863268e-03 4.936342163355088297e-02 -9.987643596243976907e-01 -4.075558199999999687e+00 -3.343091297776003279e-02 9.982130554585567639e-01 4.952847635013229999e-02 1.218101000000000045e-01 9.994245181647177789e-01 3.367415205644322396e-02 -4.084602122698677285e-03 7.389445000000000041e-01
-5.202335580765651488e-03 5.137410298980039230e-02 -9.986659287501995497e-01 -4.132259799999999927e+00 -3.385757158242726911e-02 9.980978036044169110e-01 5.152125082506794906e-02 1.238661000000000068e-01 9.994131280661897598e-01 3.408043400592389305e-02 -3.453037347315168759e-03 7.385121999999999520e-01
-5.213794031178951675e-03 5.175179257697602730e-02 -9.986463679986374853e-01 -4.187781799999999777e+00 -3.455287750604062180e-02 9.980542732986326104e-01 5.190150485670934344e-02 1.256021999999999972e-01 9.993892710089762321e-01 3.477670938154041325e-02 -3.415476063286737585e-03 7.380524000000000528e-01
-4.849117217686632619e-03 4.953704392327100414e-02 -9.987605155098759901e-01 -4.243559799999999882e+00 -3.480587301416122881e-02 9.981587188692384593e-01 4.967618291538315051e-02 1.274634000000000045e-01 9.993823278735378679e-01 3.500361730827886847e-02 -3.116008569362560543e-03 7.375389999999999446e-01
-4.353603059565775216e-03 4.809220626971744822e-02 -9.988334124550050097e-01 -4.299522900000000369e+00 -3.302976291190701935e-02 9.982909522998082430e-01 4.821005412074583912e-02 1.292916000000000065e-01 9.994448863756232315e-01 3.320111824100178272e-02 -2.757688373269950866e-03 7.369871999999999534e-01
-4.251543258967640723e-03 4.913510548230112102e-02 -9.987830924626027729e-01 -4.355149700000000124e+00 -3.131415404744777170e-02 9.982957528776470468e-01 4.924442651452742847e-02 1.309314000000000033e-01 9.995005493426253329e-01 3.148541242694978537e-02 -2.705673316392598338e-03 7.367272000000000265e-01
-4.106547387020076031e-03 5.216582443821361770e-02 -9.986299930551052473e-01 -4.410983100000000157e+00 -2.974549920012427642e-02 9.981901410242653983e-01 5.226516659585580399e-02 1.327496999999999983e-01 9.995490691036101882e-01 2.991937704295712791e-02 -2.547416626271670204e-03 7.364427000000000056e-01
-4.051804678335255150e-03 5.481100740364087953e-02 -9.984885258961402332e-01 -4.466810699999999912e+00 -2.821844072786999780e-02 9.980928278151499633e-01 5.490379464886896432e-02 1.345707999999999904e-01 9.995935686476462578e-01 2.839824873747515133e-02 -2.497396025499809546e-03 7.363960000000000505e-01
-3.513718423325934079e-03 5.672144489637866854e-02 -9.983838597812508819e-01 -4.522728400000000093e+00 -2.894260891384384943e-02 9.979659987851922098e-01 5.679956564916657791e-02 1.365545999999999982e-01 9.995748992307187386e-01 2.909541127980106237e-02 -1.864904919120391469e-03 7.360487999999999476e-01
-3.144435487202173682e-03 5.852766228643799945e-02 -9.982808348720070279e-01 -4.578373899999999885e+00 -3.152609647065390125e-02 9.977837444053674343e-01 5.859782113464123698e-02 1.388256999999999963e-01 9.994979828727968973e-01 3.165615497322830929e-02 -1.292317887017557787e-03 7.354328999999999450e-01
-2.810815566170944690e-03 5.787027664599100896e-02 -9.983201542575256271e-01 -4.633496300000000012e+00 -3.368204840365714159e-02 9.977521643993719769e-01 5.793218493810199654e-02 1.407561999999999980e-01 9.994286462430356233e-01 3.378830444525474097e-02 -8.553078557511639701e-04 7.348567999999999767e-01
-2.959283573132948705e-03 5.429956472695521980e-02 -9.985203052072586516e-01 -4.688277199999999922e+00 -3.611583035413910153e-02 9.978674413830603829e-01 5.437109733540056861e-02 1.425330999999999959e-01 9.993432290452388678e-01 3.622328944322642658e-02 -9.918988594668221026e-04 7.344694999999999974e-01
-2.472130003596763846e-03 5.249512077907030755e-02 -9.986181206385333908e-01 -4.743310000000000137e+00 -3.714993699793107257e-02 9.979270014115646514e-01 5.255075674785918832e-02 1.445747000000000004e-01 9.993066450065741790e-01 3.722851256918193602e-02 -5.168148519476556402e-04 7.338881000000000432e-01
-2.096769666098802481e-03 5.084322758116491259e-02 -9.987044456525149272e-01 -4.798433799999999749e+00 -3.737609626610094438e-02 9.980048267216886648e-01 5.088608128082967169e-02 1.464675000000000005e-01 9.992990698408932282e-01 3.743436989374766127e-02 -1.922648787373582024e-04 7.332452000000000414e-01
-1.890390976669093946e-03 5.123228183845315864e-02 -9.986849752146972348e-01 -4.853714000000000084e+00 -3.592012005305315892e-02 9.980387902527619870e-01 5.126712519907550281e-02 1.484236999999999917e-01 9.993528763141322768e-01 3.596979911576844713e-02 -4.641380923042781603e-05 7.329803000000000290e-01
-2.270074442065057700e-03 5.329976776407998468e-02 -9.985759768381784474e-01 -4.908837799999999696e+00 -3.604799671383755039e-02 9.979251684356217345e-01 5.334697869284857341e-02 1.505183999999999966e-01 9.993474814572488318e-01 3.611776514447181952e-02 -3.440145667512606309e-04 7.328263999999999889e-01
-2.072289879724548579e-03 5.541908971990431448e-02 -9.984610308416007607e-01 -4.964274399999999865e+00 -3.456152782839217591e-02 9.978626930381531146e-01 5.545761117116425332e-02 1.524243999999999877e-01 9.994004234583965252e-01 3.462326294938079807e-02 -1.524923485589635419e-04 7.325270000000000392e-01
-2.412063919236519683e-03 5.452291828610948687e-02 -9.985096060275111540e-01 -5.019871199999999867e+00 -3.822371693914443369e-02 9.977777732972535896e-01 5.457529273701250405e-02 1.546037000000000106e-01 9.992662955443887274e-01 3.829838763630494247e-02 -3.226351711220765139e-04 7.319765000000000299e-01
-2.789134995306019865e-03 5.543262020919572514e-02 -9.984585346135917971e-01 -5.076026399999999938e+00 -4.212162228697611394e-02 9.975697541954157144e-01 5.550094098671898984e-02 1.569925000000000070e-01 9.991085975317653967e-01 4.221149288097984092e-02 -4.474448208561243590e-04 7.314074999999999882e-01
-3.099616081253855557e-03 5.100117709520311793e-02 -9.986937830561740670e-01 -5.187799000000000049e+00 -4.628306279500625509e-02 9.976210131475555798e-01 5.109004036755238065e-02 1.610254999999999881e-01 9.989235558732522113e-01 4.638096658488644053e-02 -7.317514532324542742e-04 7.303066000000000280e-01
-3.918188809968992450e-03 4.729507362132482490e-02 -9.988732771516125597e-01 -5.244358499999999701e+00 -4.661199262166284413e-02 9.977865768648074285e-01 4.742646067595304715e-02 1.629044000000000048e-01 9.989053858801076879e-01 4.674529965208412685e-02 -1.704998577530814075e-03 7.298314999999999664e-01
-5.228105968690961031e-03 4.544152601449280571e-02 -9.989533195407354071e-01 -5.359151400000000010e+00 -3.892638310027665693e-02 9.982005673242537735e-01 4.561100845484970800e-02 1.669599999999999973e-01 9.992284041232568637e-01 3.912409880127655504e-02 -3.449824093677333892e-03 7.295954999999999524e-01
-5.868312786744108757e-03 4.713935866585061002e-02 -9.988710846598819471e-01 -5.416686099999999726e+00 -3.818605507626917500e-02 9.981491528537790314e-01 4.732962977876797872e-02 1.691011000000000042e-01 9.992534153570599154e-01 3.842069132453759805e-02 -4.057385290495485464e-03 7.293754000000000071e-01
-6.689198817059475999e-03 5.110864537624143500e-02 -9.986706969702232595e-01 -5.475183999999999607e+00 -3.739786157132606037e-02 9.979815929682528397e-01 5.132387403967524075e-02 1.711204000000000058e-01 9.992780666906873055e-01 3.769146407814522037e-02 -4.764343246251745434e-03 7.288607999999999754e-01
-6.983333071671612644e-03 5.114452614093866617e-02 -9.986668466035250047e-01 -5.533821099999999937e+00 -3.625719490274283835e-02 9.980215684965746403e-01 5.136501370993141330e-02 1.734026999999999930e-01 9.993180919391954076e-01 3.656755749917903892e-02 -5.115159973023253315e-03 7.281545000000000378e-01
-7.448888479028753160e-03 4.686221351413877995e-02 -9.988735891017351820e-01 -5.592039599999999666e+00 -3.616522630137227606e-02 9.982351837284164642e-01 4.710195721267833313e-02 1.754702999999999957e-01 9.993180627142678185e-01 3.647534662274942718e-02 -5.740960002713735300e-03 7.274424000000000445e-01
-9.279492776981094343e-03 4.212650597866791219e-02 -9.990691910512661256e-01 -5.710120200000000423e+00 -3.537274302253792108e-02 9.984730698391071080e-01 4.242991700593886500e-02 1.788161000000000056e-01 9.993311063230563285e-01 3.573354586517579062e-02 -7.775193569161342744e-03 7.262994999999999868e-01
-9.823412695195418709e-03 4.325641439296576407e-02 -9.990157071722566284e-01 -5.769192699999999618e+00 -3.745776453274397844e-02 9.983467955188368714e-01 4.359577678490614283e-02 1.806245999999999963e-01 9.992499269147981922e-01 3.784915443089684195e-02 -8.186884000444871745e-03 7.252923000000000009e-01
-1.000152016651492670e-02 4.793604165139723344e-02 -9.988003331523042094e-01 -5.830004699999999929e+00 -4.248707707125447958e-02 9.979278846916902479e-01 4.831961544455826846e-02 1.826457999999999970e-01 9.990469547905641567e-01 4.291937634174362165e-02 -7.944133567337696711e-03 7.238993999999999707e-01
-1.045609569212607205e-02 5.106215310245342670e-02 -9.986407394971520413e-01 -5.890021800000000418e+00 -4.754118689486317578e-02 9.975405792900169377e-01 5.150367189206137702e-02 1.847069000000000072e-01 9.988145501600910192e-01 4.801509335905772974e-02 -8.002824389937490679e-03 7.228065000000000184e-01
-1.050758159298836696e-02 5.097978552265026997e-02 -9.986444072827580509e-01 -5.950552499999999689e+00 -5.494707951438861093e-02 9.971611706512748530e-01 5.148221244486847481e-02 1.870192999999999994e-01 9.984339783790945333e-01 5.541354720141720980e-02 -7.676562033238520932e-03 7.213199999999999612e-01
-1.038241568655928065e-02 4.887421593004164649e-02 -9.987509782031431804e-01 -6.010231499999999727e+00 -5.831327546344099860e-02 9.970754028186127327e-01 4.939841089373277205e-02 1.892089999999999883e-01 9.982443425080036459e-01 5.875331574749521890e-02 -7.502035686318131447e-03 7.200891000000000375e-01
-1.084492498588609383e-02 4.786719084659182138e-02 -9.987948336082372869e-01 -6.070320599999999622e+00 -6.082079612932326379e-02 9.969726037389020634e-01 4.844025342903911235e-02 1.911109000000000002e-01 9.980897847189127425e-01 6.127282786464319231e-02 -7.900772444767945046e-03 7.189862999999999671e-01
-1.135088637320873749e-02 4.714479698783331091e-02 -9.988235707548749343e-01 -6.130216100000000168e+00 -6.039460044937810385e-02 9.970319739259793090e-01 4.774657271286915361e-02 1.929710000000000036e-01 9.981100388309409599e-01 6.086551639673572212e-02 -8.469905469142613441e-03 7.181471999999999856e-01
-1.219862472098098144e-02 4.608218207167923131e-02 -9.988631668303870059e-01 -6.190155999999999992e+00 -5.815993711295690261e-02 9.972136197755813170e-01 4.671635954458731865e-02 1.947923000000000016e-01 9.982327460416903220e-01 5.866369430571911903e-02 -9.484497902976674055e-03 7.175686999999999482e-01
-1.254591914414443336e-02 4.694107966706385221e-02 -9.988188699421527428e-01 -6.250608899999999579e+00 -5.842483237054418160e-02 9.971564983846755714e-01 4.759681388166991239e-02 1.965291000000000121e-01 9.982129727043735912e-01 5.895297082338495781e-02 -9.767720091951814787e-03 7.166664000000000367e-01
-1.343991112483201161e-02 5.207060381392060455e-02 -9.985529635464562848e-01 -6.310821999999999932e+00 -5.809132467190829263e-02 9.969157591119891526e-01 5.276710369187857103e-02 1.982643000000000044e-01 9.982208006181896298e-01 5.871644959140703141e-02 -1.037360884939275696e-02 7.158527999999999558e-01
-1.402144941918810096e-02 5.605435107889357449e-02 -9.983292586523292433e-01 -6.371121900000000338e+00 -5.665692266392874377e-02 9.967787872883928646e-01 5.676303661833408121e-02 2.004495000000000027e-01 9.982952429368973091e-01 5.735816364742582496e-02 -1.080041631403028113e-02 7.148337000000000163e-01
-1.369298636964919394e-02 5.496323429193298443e-02 -9.983944836588645177e-01 -6.431417500000000231e+00 -5.756278519686166412e-02 9.967888491276699625e-01 5.566431545537176701e-02 2.027932000000000068e-01 9.982479791538074743e-01 5.823257791739309269e-02 -1.048517927525216553e-02 7.136489999999999778e-01
-1.188769460935442702e-02 5.274780463306924516e-02 -9.985371058820328161e-01 -6.551642400000000421e+00 -5.620412122393002308e-02 9.969936975256774581e-01 5.333539023503730547e-02 2.074048000000000003e-01 9.983485260540631012e-01 5.675593537657090681e-02 -8.887312597743113329e-03 7.119375000000000009e-01
-1.079876842087442931e-02 5.233377688157021812e-02 -9.985712605507440776e-01 -6.611302399999999579e+00 -5.649129139604551486e-02 9.970026541916646723e-01 5.286247753542217681e-02 2.095121000000000067e-01 9.983446902733540407e-01 5.698142971254729211e-02 -7.809998137940477037e-03 7.109001000000000348e-01
-1.001332502075396452e-02 5.448607070922777823e-02 -9.984643215562073459e-01 -6.671102999999999561e+00 -5.677248478504739321e-02 9.968727805496931937e-01 5.496857620909385844e-02 2.116690999999999989e-01 9.983369262395135335e-01 5.723571872347220368e-02 -6.888701535650132435e-03 7.100073000000000079e-01
-8.741956310808028999e-03 5.787017622402498146e-02 -9.982858412817745553e-01 -6.731351899999999944e+00 -5.777630429356302860e-02 9.966269839475518921e-01 5.827995821707324109e-02 2.142032000000000103e-01 9.982912785665503108e-01 5.818674738638072996e-02 -5.368944640800510371e-03 7.090130999999999517e-01
-7.353801200927158679e-03 5.904543468922551774e-02 -9.982282095043484293e-01 -6.790619399999999750e+00 -5.940136309530721914e-02 9.964665734772566452e-01 5.937883465439821457e-02 2.163820999999999939e-01 9.982070925766437508e-01 5.973277647033740229e-02 -3.820437779625929231e-03 7.081756000000000162e-01
-6.510383561064373575e-03 5.641537504576794870e-02 -9.983861579390675978e-01 -6.850101900000000299e+00 -6.137853647181516770e-02 9.965022557718340446e-01 5.670916594541318412e-02 2.187201000000000006e-01 9.980933273829986074e-01 6.164867962975117965e-02 -3.024918749722660394e-03 7.073409999999999975e-01
-6.408050784037325719e-03 5.341013958042363508e-02 -9.985520987285286809e-01 -6.909279800000000193e+00 -6.007822660103863399e-02 9.967482144252700627e-01 5.369919672127577981e-02 2.209521000000000124e-01 9.981731030105068792e-01 6.033534644000716762e-02 -3.178426708429826775e-03 7.069237999999999911e-01
-6.258043259874449676e-03 5.178101637106709981e-02 -9.986388552615688141e-01 -6.968382400000000310e+00 -5.707685060818817185e-02 9.970118254093148780e-01 5.205432852930087784e-02 2.229880999999999946e-01 9.983501740467659591e-01 5.732491899309670458e-02 -3.283845798266349369e-03 7.064814999999999845e-01
-6.613167425351647657e-03 5.119673835792087208e-02 -9.986666911428030424e-01 -7.086648499999999906e+00 -5.341424889702122564e-02 9.972446941510207941e-01 5.147754852752858823e-02 2.276108000000000020e-01 9.985505415507875959e-01 5.368346085292552416e-02 -3.860310801098609801e-03 7.056208000000000480e-01
-7.004230286038724135e-03 4.963665332203052311e-02 -9.987427814032446838e-01 -7.145016199999999706e+00 -5.161327270362093406e-02 9.974180604676816664e-01 4.993278215471130127e-02 2.295253999999999905e-01 9.986425841305398565e-01 5.189812424237270211e-02 -4.424235662964681737e-03 7.052517999999999843e-01
