1.000000000000000000e+00 0.000000000000000000e+00 0.000000000000000000e+00 0.000000000000000000e+00 0.000000000000000000e+00 1.000000000000000000e+00 0.000000000000000000e+00 0.000000000000000000e+00 0.000000000000000000e+00 0.000000000000000000e+00 1.000000000000000000e+00 0.000000000000000000e+00
9.999990743627110712e-01 1.312467315788060519e-03 3.587523742628239624e-04 -9.729999999999999337e-05 -1.312331901001383659e-03 9.999990676632917186e-01 -3.774354632246192738e-04 -6.939999999999999555e-04 -3.592474114941178443e-04 3.769643116709752470e-04 9.999998644195934316e-01 3.323260000000000103e-02
9.999946640198749126e-01 3.257493555438673982e-03 2.463077622924407842e-04 -1.824999999999999908e-04 -3.257297159123639322e-03 9.999943800896421431e-01 -7.936021355748414151e-04 -1.298899999999999968e-03 -2.488915319071136772e-04 7.927956033552335064e-04 9.999996547640087607e-01 6.590459999999999374e-02
9.999942600722906416e-01 3.289694112280037389e-03 8.110087049058763977e-04 -2.780999999999999835e-04 -3.289896113782767983e-03 9.999945575581252744e-01 2.478662739896098782e-04 -3.002100000000000168e-03 -8.101888868159637510e-04 -2.505329856416294368e-04 9.999996404135307326e-01 1.286503999999999981e-01
9.999891102339104609e-01 3.788829598833823309e-03 2.724735558355599867e-03 -1.431000000000000089e-04 -3.807902670695174040e-03 9.999680446875403028e-01 7.029187792895711002e-03 -4.107099999999999813e-03 -2.698016093813977983e-03 -7.039486774494447922e-03 9.999715827637849497e-01 1.884233999999999909e-01
9.999865307032332895e-01 3.184048019378873159e-03 4.098810842391440931e-03 -1.464000000000000078e-04 -3.227041273263624773e-03 9.999393963435493360e-01 1.052567549940425923e-02 -4.580100000000000143e-03 -4.065048183240788787e-03 -1.053876075771698409e-02 9.999362029174458932e-01 2.167841000000000073e-01
9.999847584038691339e-01 2.371398008605442136e-03 4.985923328752860616e-03 8.459999999999999638e-05 -2.435284128618386140e-03 9.999145146105592463e-01 1.284651167993343217e-02 -5.125600000000000121e-03 -4.955032912940059327e-03 -1.285845801853973715e-02 9.999050493452951160e-01 2.440105999999999942e-01
9.999656529086625723e-01 3.902688317514763257e-03 7.311773167193971051e-03 1.310000000000000129e-04 -3.977939087785300511e-03 9.999389833599401367e-01 1.030560807052612396e-02 -6.080999999999999600e-03 -7.271107451140700062e-03 -1.033433989114723728e-02 9.999201630207524838e-01 2.944847999999999910e-01
9.999276848953745356e-01 -1.555041480686168015e-03 1.192505034664406022e-02 1.058600000000000036e-03 1.509697619873409929e-03 9.999916005538931341e-01 3.810463850978105735e-03 -7.144000000000000176e-03 -1.193087561217527626e-02 -3.792185076760851148e-03 9.999216336990967013e-01 3.609843999999999831e-01
9.998736912287523593e-01 9.011384617204768518e-04 1.586787755380437287e-02 1.577899999999999919e-03 -9.144041106476116874e-04 9.999992385015268326e-01 8.287710715227272588e-04 -8.083599999999999813e-03 -1.586711863295132974e-02 -8.431760429294893420e-04 9.998737538311767148e-01 3.990170000000000106e-01
9.996770234635113939e-01 1.542519196059057018e-03 2.536669851722802432e-02 2.705799999999999959e-03 -1.580027727866188236e-03 9.999976878861357443e-01 1.458675687690213791e-03 -9.068299999999999625e-03 -2.536438983128360553e-02 -1.498284656690385998e-03 9.996771493195062419e-01 4.460182999999999787e-01
9.992179573030992579e-01 -2.644108894976822735e-03 3.945228119099372655e-02 5.516300000000000023e-03 2.620061482312918688e-03 9.999963490242663733e-01 6.612230838535224954e-04 -1.056119999999999975e-02 -3.945388549751004115e-02 -5.573385768318716519e-04 9.992212369104552794e-01 5.054937999999999931e-01
9.991147579414568769e-01 -1.455225381174684359e-03 4.204263053941797307e-02 9.158599999999999380e-03 2.227004245965265826e-03 9.998297667916896669e-01 -1.831605550777726243e-02 -1.323359999999999988e-02 -4.200881949867751181e-02 1.839347048181799726e-02 9.989479162238450449e-01 5.836491999999999791e-01
9.995549892501711664e-01 -1.250767106706336760e-03 2.980367505417690077e-02 8.877499999999999974e-03 1.853928301983097295e-03 9.997938606548549823e-01 -2.021878202838679056e-02 -1.339920000000000000e-02 -2.977224235661955071e-02 2.026503832972175595e-02 9.993512604717890158e-01 5.945479999999999654e-01
9.932594043443566667e-01 -2.437209743994691452e-03 -1.158870816362102818e-01 9.930000000000000133e-05 -4.814691040488138299e-04 9.996835506147393469e-01 -2.515088105434237081e-02 -1.532419999999999963e-02 1.159117072128425519e-01 2.503714518413808349e-02 9.929439145752556595e-01 6.590384999999999716e-01
9.668608446306222737e-01 1.058617351998943643e-03 -2.553017556725016846e-01 -1.457100000000000062e-02 -3.941356559205209942e-03 9.999341246776369818e-01 -1.078016760728608969e-02 -1.664969999999999992e-02 2.552735255145603954e-01 1.142915720733672300e-02 9.668013247492460716e-01 7.027693999999999885e-01
8.833875187748604363e-01 1.918441020961608040e-02 -4.682504138574837271e-01 -4.872760000000000286e-02 -1.242409522593812543e-02 9.997692837108976827e-01 1.752202060309765441e-02 -1.786280000000000159e-02 4.684785304905790260e-01 -9.661146573142109090e-03 8.834220558239871401e-01 7.627260999999999624e-01
8.000859750478102050e-01 3.070917233606985583e-02 -5.990988059295632162e-01 -7.972680000000000045e-02 -1.857661148558641465e-02 9.994782190400972599e-01 2.642345870904966310e-02 -1.766370000000000093e-02 5.995976501267399339e-01 -1.001181296613332279e-02 8.002389777832761286e-01 7.994423999999999975e-01
7.298608185725748987e-01 3.717790265816590944e-02 -6.825840527484589026e-01 -1.060794000000000042e-01 -2.067716820107954115e-02 9.992637617524937621e-01 3.231701043474748125e-02 -1.667269999999999863e-02 6.832829869298336911e-01 -9.473014419668811942e-03 7.300922008692117826e-01 8.236339999999999772e-01
5.636023894460496786e-01 3.712143763805020313e-02 -8.252116973712794179e-01 -1.726164000000000032e-01 -6.494067976689889624e-03 9.991579905649098370e-01 4.051094878431720642e-02 -1.488910000000000060e-02 8.260206859951012559e-01 -1.747308667567899765e-02 5.633689000559107818e-01 8.697772000000000281e-01
5.168289550586385728e-01 3.817263571392375682e-02 -8.552372075018996878e-01 -1.925412999999999986e-01 -4.660729947506478399e-03 9.991160478277394397e-01 4.177799144806719489e-02 -1.402970000000000085e-02 8.560759947629368316e-01 -1.760604599932738545e-02 5.165500153275746076e-01 8.802244000000000179e-01
4.146252156913780018e-01 3.661987567067100102e-02 -9.092551430807210844e-01 -2.359063999999999883e-01 1.526494133688226923e-03 9.991605689597848894e-01 4.093686909887718495e-02 -1.245199999999999953e-02 9.099909891468914713e-01 -1.836143082179023112e-02 4.142212663898831027e-01 8.985235999999999779e-01
3.611399598167536196e-01 3.560529443960277346e-02 -9.318316330922785662e-01 -2.595249000000000028e-01 6.527696127613613619e-03 9.991497873351170567e-01 4.070739062450275114e-02 -1.161069999999999984e-02 9.324887766653383592e-01 -2.078377915730215617e-02 3.606004935064861527e-01 9.062944000000000555e-01
3.071579915932300398e-01 3.471503422254101912e-02 -9.510251492990816624e-01 -2.843835000000000113e-01 9.127513289653558376e-03 9.991810083387661079e-01 3.942082033994008528e-02 -1.082020000000000030e-02 9.516147627593637415e-01 -2.078891469159567518e-02 3.065895698232168343e-01 9.129237999999999520e-01
2.540295033912047806e-01 4.052992152583425461e-02 -9.663469029639033536e-01 -3.108606999999999898e-01 1.024858136760981031e-02 9.989527312031200035e-01 4.459156200200306563e-02 -9.751799999999999705e-03 9.671421705141232117e-01 -2.123125721517026346e-02 2.533480920202358933e-01 9.182554000000000549e-01
1.548826531803081941e-01 4.683748508764278007e-02 -9.868219767184418512e-01 -3.675205999999999751e-01 1.812896378668141240e-02 9.985725945419077210e-01 5.024056231635985748e-02 -7.694199999999999998e-03 9.877665232309957855e-01 -2.567145146865841901e-02 1.538124577647816960e-01 9.259119999999999573e-01
7.025023267531503579e-02 4.664784763331446954e-02 -9.964380979871468869e-01 -4.282330999999999777e-01 2.029394741753461767e-02 9.986324226864332632e-01 4.818132478086573078e-02 -5.740999999999999576e-03 9.973229469471150965e-01 -2.360641164184010266e-02 6.920749108382384662e-02 9.289146999999999821e-01
3.452744343428985202e-02 4.230552649757295808e-02 -9.985079359112050135e-01 -4.601311000000000151e-01 1.754817672947410478e-02 9.989239614262218625e-01 4.292995203834953227e-02 -4.209499999999999700e-03 9.992496770794390137e-01 -1.900425521579312410e-02 3.374790571768770953e-02 9.289136999999999533e-01
5.913465766694760324e-03 4.223918148196109668e-02 -9.990900272099406676e-01 -4.932439000000000129e-01 1.531087997916955046e-02 9.989865539408635531e-01 4.232542970391998255e-02 -2.725399999999999785e-03 9.998652948657081874e-01 -1.554723747461142329e-02 5.260753750028990261e-03 9.280707999999999736e-01
-1.502779999643050896e-02 4.651288028374974542e-02 -9.988046441596958314e-01 -5.277300000000000324e-01 1.394134406344105931e-02 9.988300907036516962e-01 4.630430682603477177e-02 -1.476099999999999938e-03 9.997898800012789966e-01 -1.322882733443812853e-02 -1.565867090092842862e-02 9.267841999999999469e-01
-3.597506425355394971e-02 5.517814408549356897e-02 -9.978282252809014263e-01 -6.011132999999999615e-01 1.527321182097698959e-02 9.983882918490568636e-01 5.465846411484866219e-02 1.374000000000000004e-03 9.992359700053958793e-01 -1.327370008713250546e-02 -3.675983043177188936e-02 9.239448999999999579e-01
-4.020377420077173025e-02 5.236193448536494155e-02 -9.978185628444501409e-01 -6.391812000000000049e-01 1.650118329211310020e-02 9.985245573022035748e-01 5.173412234104888402e-02 2.974699999999999827e-03 9.990552374568554272e-01 -1.438528002469451755e-02 -4.100848971417592193e-02 9.225366000000000399e-01
-3.953241458173018669e-02 4.858046729901513427e-02 -9.980366357976783176e-01 -6.784086000000000283e-01 2.411420093947956589e-02 9.985729062596558903e-01 4.765140288800378404e-02 4.514999999999999916e-03 9.989272713818503346e-01 -2.218308096621778719e-02 -4.064747727052220316e-02 9.214394000000000196e-01
-2.980608915235776271e-02 4.695197737054045140e-02 -9.984523568355369028e-01 -7.602927999999999908e-01 3.612647586692661894e-02 9.982941352815274394e-01 4.586607901209521776e-02 8.042300000000000490e-03 9.989026352907867112e-01 -3.470347653339143912e-02 -3.145145347385847057e-02 9.199572000000000305e-01
-2.451540459953323314e-02 4.581647915691178935e-02 -9.986490100005033232e-01 -8.027193000000000245e-01 3.450311371893185347e-02 9.983928775820459789e-01 4.495772611176077765e-02 9.064600000000000782e-03 9.991038635102055254e-01 -3.335434351184126539e-02 -2.605681653376812346e-02 9.187311999999999701e-01
-2.138813286719182249e-02 3.924115742793548439e-02 -9.990008405082406728e-01 -8.455386000000000291e-01 3.807078364567117318e-02 9.985366556843709995e-01 3.840784668888011510e-02 1.085689999999999919e-02 9.990461266653607453e-01 -3.721127273270838365e-02 -2.285077627898335351e-02 9.181373999999999924e-01
-1.859906827803241985e-02 2.027769675334289284e-02 -9.996213731576415462e-01 -9.347657999999999801e-01 2.830221877583007084e-02 9.994043487245556356e-01 1.974670004866364501e-02 1.303379999999999990e-02 9.994263650072248151e-01 -2.792423257363231201e-02 -1.916189352907360366e-02 9.157414000000000387e-01
-2.020235445000021987e-02 1.725093535599913491e-02 -9.996470727731961992e-01 -9.804386000000000490e-01 2.279772985445764621e-02 9.995991098063091718e-01 1.678937723435490470e-02 1.406109999999999999e-02 9.995359565259070989e-01 -2.245049896499948933e-02 -2.058753768819454599e-02 9.142293000000000225e-01
-2.335051990692480275e-02 2.362802052442034006e-02 -9.994480826266934903e-01 -1.028115300000000065e+00 1.349433803518304033e-02 9.996370393194397019e-01 2.331721384850928697e-02 1.467440000000000064e-02 9.996362618778235065e-01 -1.294242120943651410e-02 -2.366088908238672683e-02 9.120768999999999682e-01
-3.278729771014689265e-02 4.111427961958949440e-02 -9.986163473127349643e-01 -1.126163400000000037e+00 6.975243485165611573e-03 9.991386202500051050e-01 4.090676598362123773e-02 1.716480000000000089e-02 9.994380116281296189e-01 -5.624369856108740046e-03 -3.304583750690615052e-02 9.081827000000000094e-01
-3.544508648695593456e-02 5.899667912652406532e-02 -9.976287073335319278e-01 -1.227233900000000100e+00 7.842083937308022557e-03 9.982416708884092049e-01 5.875430385458667304e-02 2.068659999999999943e-02 9.993408565466801452e-01 -5.740936679570939755e-03 -3.584541926925566280e-02 9.042076999999999476e-01
-3.869489017377659296e-02 5.682417273146608827e-02 -9.976340605992879418e-01 -1.329769500000000049e+00 7.011138638467088319e-03 9.983726402622554730e-01 5.659430281190215573e-02 2.536149999999999863e-02 9.992264755346664806e-01 -4.804640377550475905e-03 -3.903032182048782328e-02 8.996488000000000262e-01
-4.625423534016564336e-02 4.695525297623041189e-02 -9.978255107637979959e-01 -1.432669200000000087e+00 6.996643718345657570e-03 9.988853538674380417e-01 4.668079697050702553e-02 2.927249999999999991e-02 9.989051970481356291e-01 -4.822245022950241711e-03 -4.653120741140859273e-02 8.949637000000000286e-01
-5.862592191240348360e-02 4.051359577165480896e-02 -9.974575930021143400e-01 -1.537357000000000085e+00 6.159846183143354720e-03 9.991718137459454363e-01 4.022117490374749194e-02 3.261449999999999766e-02 9.982610167560990178e-01 -3.786181887969201215e-03 -5.882692624802376979e-02 8.886003000000000096e-01
-7.177411227439359220e-02 4.745347976449043603e-02 -9.962914453439132290e-01 -1.644068499999999933e+00 5.019783058897549916e-03 9.988721477370088309e-01 4.721476732227791739e-02 3.633890000000000037e-02 9.974082807883962731e-01 -1.612368908263387551e-03 -7.193136785324827365e-02 8.812115000000000364e-01
-8.243382698269981212e-02 5.268092283696334394e-02 -9.952031875642440850e-01 -1.751543000000000072e+00 -9.538039489501645707e-04 9.985972610764329849e-01 5.293959226017111441e-02 4.012609999999999788e-02 9.965960838910682407e-01 5.313241919216196013e-03 -8.226794657273639455e-02 8.717958000000000096e-01
-8.646400386755308254e-02 5.529867721767262045e-02 -9.947190720666653219e-01 -1.858842600000000012e+00 -9.358259598673146495e-03 9.983691896358454221e-01 5.631504384397788276e-02 4.421279999999999655e-02 9.962110213265439329e-01 1.417806347287823079e-02 -8.580549809705340092e-02 8.611933000000000504e-01
-8.960760828920977250e-02 5.371944041063221598e-02 -9.945273743133752342e-01 -1.966844999999999954e+00 -1.103301171042757323e-02 9.984295638600952927e-01 5.492429938321863325e-02 4.860860000000000181e-02 9.959160352104415859e-01 1.589426727183098145e-02 -8.887419804761387265e-02 8.509978999999999738e-01
-9.085633907545728749e-02 5.297291501859767437e-02 -9.944541195672316203e-01 -2.020815799999999829e+00 -1.216078900169309182e-02 9.984507832216712453e-01 5.429685713637021766e-02 5.076769999999999894e-02 9.957897573587819462e-01 1.702656038263528765e-02 -9.007139046819834238e-02 8.459666000000000130e-01
-9.170680816255592782e-02 5.223938243975554535e-02 -9.944148572195353752e-01 -2.075225099999999934e+00 -1.433376022448241277e-02 9.984502890448365697e-01 5.377326123743466496e-02 5.288860000000000089e-02 9.956828835801402322e-01 1.918507827962417228e-02 -9.081590233511682708e-02 8.406242999999999910e-01
-9.259606270265305361e-02 4.996811786083809465e-02 -9.944491723408550587e-01 -2.129297699999999960e+00 -1.884494553299948666e-02 9.984731645829325597e-01 5.192501936063431689e-02 5.484329999999999761e-02 9.955254076113901895e-01 2.354839283665360883e-02 -9.151303729516369057e-02 8.353538999999999826e-01
-9.262142930850197908e-02 4.476574848472464341e-02 -9.946945755333402861e-01 -2.184453700000000165e+00 -2.416854403883524072e-02 9.985934242260744442e-01 4.719167904923735057e-02 5.699479999999999824e-02 9.954080330758299233e-01 2.841128041897653111e-02 -9.140922728620581861e-02 8.295831999999999651e-01
-9.010688583996277756e-02 4.831013216019050538e-02 -9.947597098067895161e-01 -2.295126400000000011e+00 -2.676214401977710863e-02 9.983446916027375329e-01 5.090839219715845299e-02 6.112410000000000065e-02 9.955724668609955419e-01 3.120909930292642062e-02 -8.866484844069522087e-02 8.189115000000000144e-01
-8.754096912736812619e-02 5.104073978519654831e-02 -9.948524622306672560e-01 -2.405288899999999952e+00 -2.458569761199889611e-02 9.982715898834505497e-01 5.337954949696806922e-02 6.555229999999999391e-02 9.958574808661994071e-01 2.913203929950263643e-02 -8.613479023646430921e-02 8.096727999999999703e-01
-8.499002768554418663e-02 4.988001697634218690e-02 -9.951324932391920619e-01 -2.460967099999999963e+00 -2.460305159620386484e-02 9.983365746423648046e-01 5.214186018454407268e-02 6.793860000000000177e-02 9.960780014869143884e-01 2.891483421688299457e-02 -8.362145248705743494e-02 8.048235000000000250e-01
-8.068192666735880814e-02 5.052997951036273389e-02 -9.954582602399385527e-01 -2.516649199999999809e+00 -2.937025657304529608e-02 9.981599782790320230e-01 5.304758044280368651e-02 7.016820000000000002e-02 9.963070885716293068e-01 3.351684550617139297e-02 -7.904939170695124417e-02 7.996206000000000147e-01
-7.523148191557191278e-02 5.174304177633352875e-02 -9.958227160275665568e-01 -2.572599600000000208e+00 -3.401370405023099175e-02 9.979384986445061223e-01 5.442261349781316038e-02 7.206730000000000080e-02 9.965858177124387041e-01 3.796591301261775797e-02 -7.331641960398815883e-02 7.949998000000000342e-01
-6.944684752960278429e-02 5.124210105353909500e-02 -9.962687300361380283e-01 -2.629013299999999997e+00 -3.813171621509530568e-02 9.978136969861407524e-01 5.397961027407770923e-02 7.446379999999999666e-02 9.968566133535413654e-01 4.173815025212265079e-02 -6.734106642190706982e-02 7.906239999999999934e-01
-6.363437833723220582e-02 4.994298120335935454e-02 -9.967228122814059121e-01 -2.685453199999999985e+00 -3.963117227196333303e-02 9.978326995294772850e-01 5.252879147730214748e-02 7.693579999999999863e-02 9.971860589067537139e-01 4.284393047138439214e-02 -6.151716462727474521e-02 7.867840999999999863e-01
-5.796655388767644329e-02 4.953979865669789345e-02 -9.970886053804051130e-01 -2.742049699999999923e+00 -3.929950055405671133e-02 9.978805988805079519e-01 5.186385672200286012e-02 7.886319999999999442e-02 9.975446996934969057e-01 4.219145324508956352e-02 -5.589681016371705891e-02 7.833187999999999818e-01
-5.265063113975648745e-02 4.914314560482790917e-02 -9.974030590892767334e-01 -2.798551300000000186e+00 -3.755274085096824144e-02 9.979844928512924263e-01 5.115411696949258985e-02 8.088270000000000182e-02 9.979066603120577694e-01 4.014851514578331865e-02 -5.069905360481086198e-02 7.802784000000000386e-01
-4.713664042513619756e-02 5.017848005569655601e-02 -9.976273138144983177e-01 -2.855417500000000164e+00 -3.648908745294190958e-02 9.979843725561088341e-01 5.192050298910075301e-02 8.279029999999999723e-02 9.982217607457187780e-01 3.884986837931020398e-02 -4.521066357207448316e-02 7.773856000000000099e-01
-4.170230397012106294e-02 5.159889719634198207e-02 -9.977968088001206715e-01 -2.912720900000000057e+00 -3.560626216446759890e-02 9.979544552473964547e-01 5.309519136934516548e-02 8.484460000000000612e-02 9.984954240948019644e-01 3.774200657084243737e-02 -3.977975618009310654e-02 7.750529999999999919e-01
-3.619148737548961992e-02 5.300689662254070428e-02 -9.979380968537062691e-01 -2.969972100000000115e+00 -3.635182320909328274e-02 9.978615909018456742e-01 5.432117775060041343e-02 8.692709999999999326e-02 9.986834940014402973e-01 3.824283348922750958e-02 -3.418719783472490281e-02 7.726682999999999746e-01
-3.077144637379342074e-02 5.227162531351613184e-02 -9.981587024492389881e-01 -3.027289199999999791e+00 -3.589324206391389382e-02 9.979297211273969737e-01 5.336615842214045835e-02 8.902659999999999740e-02 9.988817714135173054e-01 3.746930580727497739e-02 -2.883154279803412656e-02 7.707116999999999996e-01
-2.592309651592423353e-02 4.753051682230754332e-02 -9.985333459818109825e-01 -3.084536099999999781e+00 -3.661736957827101818e-02 9.981535449435700036e-01 4.846306801836595957e-02 9.134760000000000102e-02 9.989930737058164700e-01 3.781997735574141317e-02 -2.413478818255543334e-02 7.690747000000000000e-01
-2.154045703569686110e-02 4.226242590748387207e-02 -9.988743144495747517e-01 -3.141667800000000010e+00 -3.599832578919061332e-02 9.984254721329741677e-01 4.301972961819792302e-02 9.333679999999999755e-02 9.991196771413667355e-01 3.688446763153830493e-02 -1.998516440936659588e-02 7.676125000000000309e-01
-1.810439434465304503e-02 4.170621175512509438e-02 -9.989658766977230764e-01 -3.198812999999999906e+00 -3.567840882369387179e-02 9.984663520491383615e-01 4.233196155974256608e-02 9.498910000000000686e-02 9.991993204807653184e-01 3.640790747520138843e-02 -1.658861730387783950e-02 7.667028000000000176e-01
-1.452849446740193430e-02 4.410685565162986849e-02 -9.989211721317337034e-01 -3.256605099999999808e+00 -3.524094605107316175e-02 9.983833446727592431e-01 4.459565899793251076e-02 9.657300000000000606e-02 9.992732351914244138e-01 3.585083492139080896e-02 -1.295063957892284012e-02 7.653843000000000174e-01
-1.273126792226681250e-02 4.378805625805188423e-02 -9.989597193812336240e-01 -3.314470099999999864e+00 -3.565299560565601128e-02 9.983855452975599620e-01 4.421726863157458137e-02 9.835099999999999398e-02 9.992831324111473013e-01 3.617884837906591017e-02 -1.114953848955313465e-02 7.648437000000000152e-01
-1.210934147118679534e-02 4.374238788207920892e-02 -9.989694526618458914e-01 -3.372487099999999849e+00 -3.643533008095235781e-02 9.983599521563468748e-01 4.415736237898218453e-02 9.990499999999999381e-02 9.992626434381634004e-01 3.693249832803668919e-02 -1.049571323080633611e-02 7.639034000000000102e-01
-1.137937248179310586e-02 4.497836494116904532e-02 -9.989231484799716565e-01 -3.430694799999999933e+00 -3.828486751602704768e-02 9.982357452767224304e-01 4.538354075109934938e-02 1.015004999999999935e-01 9.992020710553000118e-01 3.876007661299774032e-02 -9.637305627284042941e-03 7.630725000000000424e-01
-1.042784516687563119e-02 4.453079675816643684e-02 -9.989535866021297394e-01 -3.488780699999999957e+00 -3.843297427615672418e-02 9.982518884283479998e-01 4.490070976638630557e-02 1.033150000000000041e-01 9.992067686587517983e-01 3.886097514628083366e-02 -8.698165163768645236e-03 7.623518000000000239e-01
-9.281063839186261266e-03 4.234367320460763473e-02 -9.990599957928224528e-01 -3.547088899999999878e+00 -3.914677652627465698e-02 9.983217340910091053e-01 4.267604865873053654e-02 1.050631999999999955e-01 9.991903681189159281e-01 3.950605752364841350e-02 -7.607869433903458045e-03 7.615488000000000257e-01
-8.424210203448917120e-03 4.128049451518775448e-02 -9.991120825287973517e-01 -3.605516000000000165e+00 -3.799087162917290372e-02 9.984129745445067261e-01 4.157193685704031055e-02 1.066317999999999988e-01 9.992425763323460330e-01 3.830734960515533999e-02 -6.842558799498354993e-03 7.608110000000000150e-01
-7.912344518400301827e-03 4.106813730454311057e-02 -9.991250186551016155e-01 -3.664101099999999889e+00 -3.381153369490127319e-02 9.985739810089978574e-01 4.131325018732232707e-02 1.080985000000000001e-01 9.993969056353039226e-01 3.410883390233280382e-02 -6.512484656594264010e-03 7.602681999999999496e-01
-7.824511588545617763e-03 4.196852694786649962e-02 -9.990882942784518050e-01 -3.722917799999999833e+00 -3.173606573988715929e-02 9.986051542491016786e-01 4.219677758409270951e-02 1.096035999999999955e-01 9.994656568135564800e-01 3.203730096237870917e-02 -6.481681671579808679e-03 7.598711000000000215e-01
-7.604406071452156010e-03 4.493639763642585244e-02 -9.989609067304692225e-01 -3.781612899999999833e+00 -3.142305109419326475e-02 9.984856974273104147e-01 4.515422342405267520e-02 1.110261000000000026e-01 9.994772457981382363e-01 3.173377066405075331e-02 -6.180851980855939232e-03 7.590542000000000122e-01
-7.275091686501462471e-03 4.874125892288564549e-02 -9.987849431782428455e-01 -3.840428399999999964e+00 -3.427950374709407694e-02 9.982121720949809207e-01 4.896299729666442335e-02 1.127337000000000061e-01 9.993858057145931229e-01 3.459406249679886081e-02 -5.591258906687657237e-03 7.581599999999999451e-01
-6.350117862224961308e-03 4.844790929046170758e-02 -9.988055246585887392e-01 -3.898751999999999995e+00 -3.678236002966378537e-02 9.981384140781476288e-01 4.864940217729774030e-02 1.146810000000000052e-01 9.993031241789369634e-01 3.704735384536207710e-02 -4.556268130004315076e-03 7.571432999999999636e-01
-5.887309984838889551e-03 4.640153699898077327e-02 -9.989055195288863986e-01 -3.957521199999999961e+00 -3.767776816532476120e-02 9.982032191031272594e-01 4.659097721913807444e-02 1.164465999999999973e-01 9.992725981268685276e-01 3.791082610925830543e-02 -4.128425425161785789e-03 7.563471000000000499e-01
-5.779393858282423288e-03 4.422114359904142505e-02 -9.990050495695321775e-01 -4.015583499999999972e+00 -3.765229347732765991e-02 9.983036819005561835e-01 4.440792158714869375e-02 1.179291999999999979e-01 9.992741882999518488e-01 3.787148218100416797e-02 -4.104562691182644940e-03 7.559468999999999772e-01
-5.888717521204020824e-03 4.369587585654091666e-02 -9.990275238646254552e-01 -4.073598399999999842e+00 -3.518716711398323094e-02 9.984171014545372147e-01 4.387658593843735827e-02 1.195269999999999944e-01 9.993633905023976416e-01 3.541132525407975767e-02 -4.341862192849044177e-03 7.555608999999999797e-01
-6.035352122966727850e-03 4.534417911276681507e-02 -9.989531920692485967e-01 -4.132408100000000140e+00 -3.347963627714111573e-02 9.984021796734517951e-01 4.552144086088358993e-02 1.210204000000000002e-01 9.994211767215571696e-01 3.371932745310777385e-02 -4.507602090685791651e-03 7.550767000000000451e-01
-5.848801167351380843e-03 4.797152774457708740e-02 -9.988315794220546939e-01 -4.189705799999999591e+00 -3.266134104757841689e-02 9.983065719197591337e-01 4.813756602480429025e-02 1.227856999999999976e-01 9.994493625621453381e-01 3.290472591695445259e-02 -4.272082214979877612e-03 7.547743000000000091e-01
-5.374527163929923926e-03 5.023172866197614383e-02 -9.987231287465979657e-01 -4.248278100000000279e+00 -3.309070354673449010e-02 9.981816478562977046e-01 5.038256862912232625e-02 1.245663000000000048e-01 9.994379019211480086e-01 3.331923346230659944e-02 -3.702551139146526005e-03 7.543393999999999933e-01
-5.329690491284851984e-03 5.054524486180176496e-02 -9.987075510984823046e-01 -4.305691200000000052e+00 -3.420271896172174392e-02 9.981281688294090237e-01 5.069844775608167015e-02 1.263376999999999972e-01 9.994007046299760999e-01 3.442872073009923400e-02 -3.590929405634102345e-03 7.538013000000000075e-01
-4.904462064749552999e-03 4.851756683302199669e-02 -9.988102882732329268e-01 -4.363282200000000444e+00 -3.406845922101359170e-02 9.982343654384469023e-01 4.865687766397778363e-02 1.280833999999999862e-01 9.994074676217711284e-01 3.426656338625760218e-02 -3.242883829868592471e-03 7.531721000000000110e-01
-4.573643085464165758e-03 4.697656584335280217e-02 -9.988855209935179058e-01 -4.420990899999999613e+00 -3.247169753438215734e-02 9.983622183513791715e-01 4.710063510982261809e-02 1.300331999999999877e-01 9.994621907046619125e-01 3.265093000326627776e-02 -3.040743619482144666e-03 7.527506000000000475e-01
-4.308868235987283087e-03 4.817514523087641082e-02 -9.988296096114236411e-01 -4.478173700000000146e+00 -3.097972669558651110e-02 9.983530126374258185e-01 4.828580217457899282e-02 1.315581999999999863e-01 9.995107253993785745e-01 3.115152548046049019e-02 -2.809318751682887694e-03 7.523309000000000246e-01
-3.955347010462798713e-03 5.098249326095260353e-02 -9.986917144999868379e-01 -4.535576800000000297e+00 -2.938746987565595686e-02 9.982622505324877382e-01 5.107695934685192729e-02 1.334448000000000023e-01 9.995602692405963774e-01 2.955104977339169381e-02 -2.450227123409476349e-03 7.518169000000000102e-01
-3.946141393711521950e-03 5.363314012121327135e-02 -9.985529100898156152e-01 -4.593029500000000098e+00 -2.776201752510525089e-02 9.981699188582697779e-01 5.372228094013499489e-02 1.352292999999999967e-01 9.996067718613339537e-01 2.793383910624076816e-02 -2.449955458792785201e-03 7.518046000000000451e-01
-3.456245019685958309e-03 5.555615270986320048e-02 -9.984495822355990979e-01 -4.650421099999999974e+00 -2.838147225917807964e-02 9.980478783236012008e-01 5.563204657532846986e-02 1.370195999999999914e-01 9.995911896384269690e-01 2.852974710431850983e-02 -1.872732601902460381e-03 7.514515999999999973e-01
-3.346432692047790047e-03 5.747180741490703904e-02 -9.983415210942101492e-01 -4.707568600000000103e+00 -3.081742628568824582e-02 9.978669941973494772e-01 5.754778995472415587e-02 1.392329999999999957e-01 9.995194283381207967e-01 3.095889603992228040e-02 -1.568161543183288487e-03 7.509662999999999755e-01
-3.059051661415047862e-03 5.675355069589925472e-02 -9.983835318585440044e-01 -4.764293699999999632e+00 -3.292494027882887642e-02 9.978411829906672637e-01 5.682360280219135584e-02 1.412007000000000123e-01 9.994531457304879352e-01 3.304554449836846763e-02 -1.183840461381979736e-03 7.504830999999999586e-01
-3.096051834713037677e-03 5.307363743123170302e-02 -9.985858017580939716e-01 -4.820822200000000279e+00 -3.545984464580251988e-02 9.979567433177580771e-01 5.315014472520116634e-02 1.430935999999999875e-01 9.993663061564226346e-01 3.557425299893787057e-02 -1.207742868014061166e-03 7.500565999999999622e-01
-2.677034613501362570e-03 5.122237713989029328e-02 -9.986836844395812207e-01 -4.877678399999999748e+00 -3.668595924810058584e-02 9.980099549199830111e-01 5.128616065431634841e-02 1.452200999999999909e-01 9.993232579499613522e-01 3.677496377635861013e-02 -7.925651535948263771e-04 7.494680000000000231e-01
-2.342112626843829808e-03 4.978732109079044704e-02 -9.987570961785680046e-01 -4.934448200000000284e+00 -3.670052451472747418e-02 9.980826965621959479e-01 4.983976648700772644e-02 1.469652999999999932e-01 9.993235642217123127e-01 3.677163963896774163e-02 -5.104012880374764194e-04 7.488143999999999911e-01
-2.089542577077534852e-03 5.006867863005303593e-02 -9.987435913346625060e-01 -4.991389299999999807e+00 -3.548400877447940166e-02 9.981130906921803492e-01 5.011130920457145671e-02 1.489583999999999908e-01 9.993680597923426667e-01 3.554413607255026836e-02 -3.089623679043418392e-04 7.485315999999999637e-01
-2.330996504802107343e-03 5.215830184751998194e-02 -9.986361089023756410e-01 -5.048192000000000235e+00 -3.537917418065068126e-02 9.980093303352036704e-01 5.220814685634354163e-02 1.509396000000000071e-01 9.993712425768461749e-01 3.545261784778872688e-02 -4.810386147409140278e-04 7.482853999999999894e-01
-2.331037619367544445e-03 5.405442673822286742e-02 -9.985352698896614587e-01 -5.105561299999999747e+00 -3.380877720483537602e-02 9.979628753485614290e-01 5.410236602908769649e-02 1.530276999999999887e-01 9.994256014569222746e-01 3.388537112138032686e-02 -4.987749346420100593e-04 7.482130999999999643e-01
-2.820906653406094616e-03 5.299617496726520549e-02 -9.985907309426079737e-01 -5.162691599999999603e+00 -3.728268318135863346e-02 9.978948609929726432e-01 5.306456386906617528e-02 1.552850000000000064e-01 9.993007775542114279e-01 3.737983203085291917e-02 -8.391286516464813161e-04 7.476266999999999774e-01
-2.940360086890897191e-03 5.421654273596901441e-02 -9.985248723874226018e-01 -5.220343599999999640e+00 -4.167584423327076737e-02 9.976549999800992108e-01 5.429203461054222385e-02 1.574425000000000130e-01 9.991268579564879238e-01 4.177400517626971704e-02 -6.739447524979347293e-04 7.468597000000000152e-01
-2.701083007007303981e-03 5.352505294763280907e-02 -9.985628537340763833e-01 -5.278024199999999944e+00 -4.503072212576404720e-02 9.975470353240527555e-01 5.359240973333134067e-02 1.595781000000000005e-01 9.989819508957215044e-01 4.511076393884443786e-02 -2.841855597526254940e-04 7.458128000000000535e-01
-2.973989154814819617e-03 4.980404564323784311e-02 -9.987545806783933999e-01 -5.336148699999999856e+00 -4.604889954786800521e-02 9.976926706936646294e-01 4.988821198011809954e-02 1.616923000000000110e-01 9.989347597510748189e-01 4.613991636001434082e-02 -6.737056875782965193e-04 7.452917999999999488e-01
-3.745446819076781158e-03 4.585365506290999676e-02 -9.989411463872618357e-01 -5.394013400000000402e+00 -4.625193630827550278e-02 9.978711268995843486e-01 4.597795654320489117e-02 1.637693000000000065e-01 9.989227848116492003e-01 4.637517026950175453e-02 -1.616652904623316900e-03 7.449717999999999618e-01
-4.666568944980967887e-03 4.490672458629817870e-02 -9.989802847009604525e-01 -5.452349700000000077e+00 -4.283207251136806476e-02 9.980653776427179658e-01 4.506568001572560517e-02 1.656516000000000099e-01 9.990713871884543407e-01 4.299869809458450182e-02 -2.734092812639810077e-03 7.447972000000000481e-01
-4.943267398025095842e-03 4.408944166187884345e-02 -9.990153578606164597e-01 -5.511372599999999622e+00 -3.828405100461868688e-02 9.982868119359415982e-01 4.424672364650017453e-02 1.675804999999999934e-01 9.992546700146602845e-01 3.846507830120438065e-02 -3.246876217972816114e-03 7.443372999999999795e-01
-5.670400169082649711e-03 4.582684767135106196e-02 -9.989333043774389909e-01 -5.570796999999999777e+00 -3.735041114590416378e-02 9.982425989066976424e-01 4.600717895322365553e-02 1.695528000000000035e-01 9.992861418778679061e-01 3.757144874114935057e-02 -3.948783399580380049e-03 7.442012000000000072e-01
-6.289850551888942140e-03 4.986457419319371975e-02 -9.987361823928111448e-01 -5.631045300000000253e+00 -3.662872576934539381e-02 9.980742017506973873e-01 5.006220378910890279e-02 1.715704000000000118e-01 9.993091484763607646e-01 3.689731752092090256e-02 -4.451261754980118113e-03 7.434855000000000214e-01
-6.575349369508166550e-03 5.007227469744211096e-02 -9.987239518942626626e-01 -5.691492099999999610e+00 -3.551823282980198088e-02 9.981036407713492764e-01 5.027501780830376937e-02 1.737707000000000002e-01 9.993473970133296413e-01 3.580348566272819472e-02 -4.784401434028140443e-03 7.427679000000000364e-01
-7.089074453508761690e-03 4.546964089613166754e-02 -9.989405671911463225e-01 -5.751656500000000172e+00 -3.535860408740986588e-02 9.983295754480528972e-01 4.569275547283319083e-02 1.760427999999999993e-01 9.993495455246789172e-01 3.564506336769729389e-02 -5.469489659048032415e-03 7.420689999999999786e-01
-8.228973611256044582e-03 4.190656905431640322e-02 -9.990876455363669750e-01 -5.812124700000000033e+00 -3.554113571292344398e-02 9.984779437845524575e-01 4.217372935854322991e-02 1.777669000000000055e-01 9.993343342773434168e-01 3.585575610509286748e-02 -6.727041592801796810e-03 7.416045999999999472e-01
-9.713713473056911907e-03 4.182091142657826804e-02 -9.990779024370491923e-01 -5.934429599999999638e+00 -3.640767125710734492e-02 9.984477873876007603e-01 4.214851521037017712e-02 1.811233999999999900e-01 9.992898104374917656e-01 3.678351843223676143e-02 -8.176033729599296862e-03 7.402330999999999772e-01
-1.020513017887451565e-02 4.996057467133040858e-02 -9.986990519153118306e-01 -6.059125400000000106e+00 -4.737723991784702909e-02 9.976052562516751765e-01 5.038997754312311839e-02 1.850671999999999873e-01 9.988249358400094202e-01 4.782984086885622155e-02 -7.813697374540629070e-03 7.377034999999999565e-01
-1.035946254516468580e-02 4.957504948349765461e-02 -9.987166745401242496e-01 -6.121167200000000364e+00 -5.470316273130178264e-02 9.972465139309812932e-01 5.006949609989905237e-02 1.875822000000000045e-01 9.984489198366476304e-01 5.515165383933512411e-02 -7.619025910055921003e-03 7.362332999999999794e-01
-1.010178595183309352e-02 4.753350492742686867e-02 -9.988185620170948464e-01 -6.182843700000000275e+00 -5.797090582515473239e-02 9.971616922540379457e-01 4.804095730597460895e-02 1.897381999999999957e-01 9.982671626365329232e-01 5.838771626273561027e-02 -7.317553636830509411e-03 7.348736999999999631e-01
-1.083635827338142593e-02 4.641493047517866039e-02 -9.988634679316066300e-01 -6.244710000000000427e+00 -6.025601384735294191e-02 9.970765100129010960e-01 4.698559327837168592e-02 1.916303000000000034e-01 9.981241336299804257e-01 6.069668367775365309e-02 -8.007899595036338525e-03 7.338909000000000127e-01
-1.124921815208852933e-02 4.576030733809884066e-02 -9.988891076407276914e-01 -6.306541000000000174e+00 -6.010014842253501299e-02 9.971153916597296218e-01 4.635588285054199897e-02 1.935190999999999995e-01 9.981289632359918729e-01 6.055485106567970455e-02 -8.466567300704941346e-03 7.329101999999999562e-01
-1.214688912434939462e-02 4.495809827256182917e-02 -9.989150226542372613e-01 -6.368224099999999943e+00 -5.772971463089548311e-02 9.972908831358735515e-01 4.558699883415075899e-02 1.951245000000000063e-01 9.982583498940723610e-01 5.822081941869389904e-02 -9.518563598553186900e-03 7.323887000000000036e-01
-1.249948004075171482e-02 4.570696334878725925e-02 -9.988766873343991604e-01 -6.430350800000000255e+00 -5.786943127141200988e-02 9.972473106250050456e-01 4.635655698515550593e-02 1.968883999999999912e-01 9.982459075413400162e-01 5.838385866510766020e-02 -9.820036880712978977e-03 7.314005000000000090e-01
-1.326107697506159408e-02 5.083017178946189207e-02 -9.986192655228091075e-01 -6.492291500000000326e+00 -5.778280964608192849e-02 9.969991718096917754e-01 5.151503004166193417e-02 1.986265000000000114e-01 9.982410985062003528e-01 5.838617170736973977e-02 -1.028417262065284277e-02 7.305418999999999663e-01
-1.389830099552219825e-02 5.479128744146707225e-02 -9.984010977808186471e-01 -6.554730900000000027e+00 -5.632968278065245832e-02 9.968689369790159072e-01 5.549134458776151801e-02 2.008549000000000029e-01 9.983154832352687524e-01 5.701085253557568178e-02 -1.076840869849926552e-02 7.295523999999999898e-01
-1.374391573339629746e-02 5.359135408780769938e-02 -9.984683628174447767e-01 -6.616790800000000417e+00 -5.710953122376508095e-02 9.968905634112857905e-01 5.429278059678786794e-02 2.031448999999999894e-01 9.982733123868007263e-01 5.776825554371847748e-02 -1.064060278934120252e-02 7.283654000000000517e-01
-1.277507212168877207e-02 5.210567066514329437e-02 -9.985598613086852371e-01 -6.678855900000000290e+00 -5.673564319525929711e-02 9.969947443387390251e-01 5.274984883535171337e-02 2.056362999999999941e-01 9.983074998834302605e-01 5.732781912359700277e-02 -9.780431024564828490e-03 7.271822999999999482e-01
-1.152392268548948183e-02 5.156508959691906424e-02 -9.986031447681307238e-01 -6.740783699999999712e+00 -5.592791399571488131e-02 9.970729045273445390e-01 5.213148274788165920e-02 2.076996000000000120e-01 9.983683026028151719e-01 5.645054997310896411e-02 -8.606263167411754011e-03 7.261900000000000022e-01
-1.040806674448640536e-02 5.128239389860136943e-02 -9.986299556005071576e-01 -6.802481199999999895e+00 -5.609507898818259786e-02 9.970814386700741494e-01 5.178751560873252197e-02 2.095992999999999884e-01 9.983711806036630332e-01 5.655723415836256401e-02 -7.501000226921572533e-03 7.251775999999999778e-01
-9.385170807956476000e-03 5.329613714244197525e-02 -9.985346465369134838e-01 -6.864139100000000049e+00 -5.627143578131208607e-02 9.969680966626262020e-01 5.374141561226584290e-02 2.118501000000000134e-01 9.983713958662950860e-01 5.669335060299961898e-02 -6.357665718659033516e-03 7.241866999999999610e-01
-7.364122271035085723e-03 5.826950318794870548e-02 -9.982737273420588808e-01 -6.987178799999999690e+00 -5.870990087313505273e-02 9.965535263942477684e-01 5.860218912852934586e-02 2.160585999999999895e-01 9.982479237357041457e-01 5.904010526260012465e-02 -3.917745261907135124e-03 7.228535000000000377e-01
-6.445783207928896391e-03 5.561471936327113536e-02 -9.984314973341841259e-01 -7.048341800000000212e+00 -6.070654184965002670e-02 9.965889115507371443e-01 5.590399941662272526e-02 2.184016000000000013e-01 9.981348444250872642e-01 6.097166853762211319e-02 -3.047618782798910964e-03 7.219214000000000464e-01
-6.309850390664213313e-03 5.270503264860882525e-02 -9.985901888770771784e-01 -7.109408900000000031e+00 -5.941951054446067276e-02 9.968257925909671524e-01 5.298736634375014048e-02 2.205813000000000079e-01 9.982131573740671282e-01 5.967008261180083845e-02 -3.158114373594145263e-03 7.214844000000000257e-01
