1.000000000000000000e+00 0.000000000000000000e+00 0.000000000000000000e+00 0.000000000000000000e+00 0.000000000000000000e+00 1.000000000000000000e+00 0.000000000000000000e+00 0.000000000000000000e+00 0.000000000000000000e+00 0.000000000000000000e+00 1.000000000000000000e+00 0.000000000000000000e+00
9.999990483712666300e-01 1.304285324773765686e-03 4.495512791060517666e-04 -1.867999999999999869e-04 -1.304113861032994010e-03 9.999990768745634639e-01 -3.814931955582772554e-04 -7.728000000000000277e-04 -4.500484400902987690e-04 3.809065664640634563e-04 9.999998261832794277e-01 3.333160000000000289e-02
9.999947933939028477e-01 3.198337637318756678e-03 4.287440299216764648e-04 -3.718999999999999867e-04 -3.198053969293851960e-03 9.999946679579118092e-01 -6.606864271851102663e-04 -1.461700000000000022e-03 -4.308548421069957265e-04 6.593118407044281553e-04 9.999996898359527764e-01 6.625319999999999820e-02
9.999938577783769045e-01 3.294241990135322960e-03 1.196818795653358837e-03 -5.027999999999999700e-04 -3.294547550668611071e-03 9.999945408502172173e-01 2.534288846650897603e-04 -3.088299999999999986e-03 -1.195977405966913709e-03 -2.573703044805283934e-04 9.999992516990053870e-01 1.296125999999999945e-01
9.999869636339333567e-01 3.904908841802960141e-03 3.290022663092451258e-03 -5.743000000000000275e-04 -3.927419740964821319e-03 9.999687318622016985e-01 6.863721445295524123e-03 -4.107999999999999673e-03 -3.263117583651054410e-03 -6.876553267265434269e-03 9.999710321198298502e-01 1.898317999999999950e-01
9.999815392341480091e-01 2.468664564466143286e-03 5.552196517800278043e-03 -2.896999999999999944e-04 -2.540008470305264634e-03 9.999138291787562638e-01 1.287954090982285429e-02 -5.270799999999999964e-03 -5.519922814215961170e-03 -1.289340576981784850e-02 9.999016404325876684e-01 2.456363000000000019e-01
9.999739793983811742e-01 2.943161179004327548e-03 6.586222623044287253e-03 -1.923999999999999875e-04 -3.025881408671111938e-03 9.999162265558276808e-01 1.258506702625097375e-02 -5.667600000000000068e-03 -6.548630991784239533e-03 -1.260466868382397777e-02 9.998991137907385918e-01 2.714847000000000232e-01
9.999539638829066934e-01 3.991940936037242753e-03 8.725509866241711390e-03 1.160000000000000075e-05 -4.056312014201700865e-03 9.999645983305819330e-01 7.372137980363849957e-03 -6.542799999999999658e-03 -8.695771829235992081e-03 -7.407191986257029639e-03 9.999347564012227574e-01 3.195936999999999806e-01
9.998964802329518564e-01 -3.417014208959584780e-03 1.397686773386297779e-02 1.354500000000000018e-03 3.382804521399854821e-03 9.999912265853827531e-01 2.470503153556191829e-03 -7.678700000000000109e-03 -1.398518685338627845e-02 -2.422966396280124522e-03 9.998992668176721610e-01 3.826665000000000205e-01
9.995231425212643961e-01 -6.126697878681087485e-03 3.026468465917897879e-02 4.148100000000000051e-03 6.064241385569255939e-03 9.999792901904976938e-01 2.155032836387791792e-03 -9.546999999999999931e-03 -3.027726111843222559e-02 -1.970472839631443387e-03 9.995395963622224489e-01 4.727629999999999888e-01
9.993648317693666350e-01 -5.931845273953906261e-03 3.513895607771121837e-02 4.855800000000000394e-03 5.847875134910132319e-03 9.999797960556905396e-01 2.491954418934890468e-03 -1.019519999999999975e-02 -3.515302802024240086e-02 -2.284883381142250279e-03 9.993793293484424245e-01 4.923369000000000217e-01
9.987369421794869417e-01 1.487128382865992703e-04 5.024438486497594808e-02 7.905999999999999833e-03 3.238555764378718365e-04 9.999557935974556777e-01 -9.397125541792970826e-03 -1.213569999999999927e-02 -5.024356121468407516e-02 9.401528353110279873e-03 9.986927434507031354e-01 5.541563000000000461e-01
9.990417734726164678e-01 -4.369949729486934109e-03 -4.354811587257256117e-02 5.913800000000000306e-03 3.127492825660046789e-03 9.995872426076741757e-01 -2.855806724223798609e-02 -1.469329999999999942e-02 4.365493838404418264e-02 2.839450572467318995e-02 9.986430785818007916e-01 6.368665000000000020e-01
9.959902962718767405e-01 -3.265632786808927990e-03 -8.940170789621931791e-02 2.957200000000000106e-03 8.714427765292784289e-04 9.996402725795882072e-01 -2.680608185643485603e-02 -1.531880000000000047e-02 8.945708647025366056e-02 2.662068893752318754e-02 9.956348570639464990e-01 6.543103000000000113e-01
9.838472342287080119e-01 -1.335880170608839566e-03 -1.790051259732288180e-01 -5.588000000000000085e-03 -2.264858675086500392e-03 9.997992226980045860e-01 -1.990941253899144309e-02 -1.638999999999999832e-02 1.789957823964118955e-01 1.999324177405051306e-02 9.836466744556505715e-01 6.850252000000000008e-01
8.833087252245130916e-01 1.874472064868791532e-02 -4.684168350839327255e-01 -4.850669999999999982e-02 -1.223516540931875174e-02 9.997817091289071811e-01 1.693619847213906349e-02 -1.801000000000000170e-02 4.686320482741787030e-01 -9.228734424813003073e-03 8.833452517511282132e-01 7.691101000000000187e-01
8.307852397568195046e-01 2.654713888000875127e-02 -5.559596521506658950e-01 -6.848709999999999520e-02 -1.552916876709705719e-02 9.995786118501157613e-01 2.452434808916593642e-02 -1.806210000000000107e-02 5.563764286161007044e-01 -1.174087514119315570e-02 8.308474117016385607e-01 7.940652999999999739e-01
8.001775709738445652e-01 2.993306292615226932e-02 -5.990157482522950882e-01 -8.012239999999999640e-02 -1.817775968586769764e-02 9.995053554111280603e-01 2.566346736661893196e-02 -1.769259999999999930e-02 5.994876345373612025e-01 -9.646566660407229418e-03 8.003258834927592380e-01 8.061641000000000501e-01
6.910345590842482677e-01 3.748552930382528098e-02 -7.218490654174531951e-01 -1.215065000000000034e-01 -1.769484675762850873e-02 9.992323819669168827e-01 3.495052541730539475e-02 -1.663610000000000089e-02 7.226051000023889781e-01 -1.137901232681125425e-02 6.911674091918713625e-01 8.427272999999999570e-01
5.169511622082180180e-01 3.728732710905555137e-02 -8.552024036031675713e-01 -1.947994999999999866e-01 -4.067643597663192501e-03 9.991465698965601439e-01 4.110457565163100346e-02 -1.421700000000000047e-02 8.560052278853997887e-01 -1.777039957346367161e-02 5.166616520817703950e-01 8.883191000000000281e-01
4.670776608120603690e-01 3.674421090072074736e-02 -8.834525011202455369e-01 -2.162013000000000129e-01 -2.440080749046096703e-03 9.991859482084662902e-01 4.026769063016047423e-02 -1.348240000000000029e-02 8.842129295459731919e-01 -1.665244330515894614e-02 4.667870942471487039e-01 8.979810000000000292e-01
4.147284258996268846e-01 3.560331856035752612e-02 -9.092484459476999348e-01 -2.387512999999999996e-01 2.431838918177192665e-03 9.991873150731915842e-01 4.023425849077612998e-02 -1.268859999999999953e-02 9.099419865630411497e-01 -1.889743644826603203e-02 4.143048008234879731e-01 9.068203999999999709e-01
3.072828461940552147e-01 3.374204822385837299e-02 -9.510198350279237545e-01 -2.880061999999999900e-01 9.837655419376268792e-03 9.992051447618571780e-01 3.863028885842910432e-02 -1.105740000000000021e-02 9.515673770000367959e-01 -2.122623054371337858e-02 3.067066581705961692e-01 9.214012999999999787e-01
2.541728099411241781e-01 3.943256983097985502e-02 -9.663546218253202813e-01 -3.148303000000000074e-01 1.084494649393215500e-02 9.989894741362655983e-01 4.361671354528375011e-02 -9.941300000000000137e-03 9.670980145890988311e-01 -2.156624681006150124e-02 2.534883176328853738e-01 9.268372000000000277e-01
2.030546633279112501e-01 4.478837516207502534e-02 -9.781425280352191720e-01 -3.428104000000000151e-01 1.348517937891776861e-02 9.987306643352378277e-01 4.853050642238150580e-02 -9.064400000000000235e-03 9.790745393676145714e-01 -2.304477309143274089e-02 2.021929395287019871e-01 9.310519000000000434e-01
1.547468765089689557e-01 4.595923414928411443e-02 -9.868845692415753046e-01 -3.717906999999999740e-01 1.918935760977461338e-02 9.985891069342622828e-01 4.951327162242957769e-02 -8.133700000000000652e-03 9.877677726901412658e-01 -2.659970504805611591e-02 1.536466170343958604e-01 9.346678000000000486e-01
7.039121986794967534e-02 4.579993240562964252e-02 -9.964674818362824205e-01 -4.334169999999999967e-01 2.109523219231576596e-02 9.986536549170299537e-01 4.739059716452281162e-02 -6.219800000000000155e-03 9.972963788885700342e-01 -2.435659484610993436e-02 6.933028878670710604e-02 9.376242999999999661e-01
3.475414884325028764e-02 4.141167956999382282e-02 -9.985375415743632521e-01 -4.658555999999999808e-01 1.830749430911145226e-02 9.989470953185805024e-01 4.206585796929377535e-02 -4.716900000000000433e-03 9.992281945533277865e-01 -1.974268344889065774e-02 3.395941194917606598e-02 9.375763000000000291e-01
-1.486816162201829231e-02 4.553635462276614532e-02 -9.988520301714622907e-01 -5.348897999999999708e-01 1.454236262071146105e-02 9.988666412849571685e-01 4.532055402923060999e-02 -1.878799999999999915e-03 9.997837053380045358e-01 -1.385183510508122828e-02 -1.551351684281687682e-02 9.354324000000000527e-01
-2.793030812524202600e-02 5.150711665649485016e-02 -9.982819816172998628e-01 -5.716090999999999811e-01 1.616984086401277929e-02 9.985642020860923118e-01 5.106927215653608854e-02 -5.291000000000000130e-04 9.994790813891309966e-01 -1.471568027309916663e-02 -2.872306772680066622e-02 9.341528999999999527e-01
-3.589841595370898975e-02 5.418935275740220658e-02 -9.978851726424979862e-01 -6.089295999999999598e-01 1.613287471910891668e-02 9.984300846707706567e-01 5.363857173355113250e-02 8.762999999999999956e-04 9.992252168982285188e-01 -1.417321671504391534e-02 -3.671628851935293536e-02 9.325548000000000171e-01
-4.003151970874117144e-02 5.137497170673097080e-02 -9.978767908474178716e-01 -6.474566000000000487e-01 1.711742389584432200e-02 9.985660187518529129e-01 5.072376162356261042e-02 2.461599999999999986e-03 9.990517860596509481e-01 -1.505053076162489456e-02 -4.085352242848516724e-02 9.310515000000000319e-01
-3.518907770900785853e-02 4.577381315785811200e-02 -9.983318520607157298e-01 -7.282127000000000461e-01 3.653130893778896993e-02 9.983418273096205109e-01 4.448661946450701427e-02 5.916799999999999837e-03 9.987127676550856537e-01 -3.490492620071743851e-02 -3.680290545108144684e-02 9.295352999999999533e-01
-2.965718669766196844e-02 4.588635577482356315e-02 -9.985063312923386780e-01 -7.702807000000000404e-01 3.700194174230444361e-02 9.983114506736310290e-01 4.477838497768367454e-02 7.549400000000000381e-03 9.988750210033677801e-01 -3.561867217649830608e-02 -3.130499333818825836e-02 9.285065000000000124e-01
-2.132604830339724852e-02 3.836043176921088982e-02 -9.990363741817613885e-01 -8.568862999999999897e-01 3.887713564195099947e-02 9.985396629060773188e-01 3.751146395030386521e-02 1.014890000000000063e-02 9.990164002597945458e-01 -3.803970133817192317e-02 -2.278624879316837326e-02 9.265984999999999916e-01
-1.853722052613790069e-02 1.931915575542487995e-02 -9.996415065792649823e-01 -9.472901999999999711e-01 2.912806999245671352e-02 9.993993596718859784e-01 1.877432890781426805e-02 1.226889999999999925e-02 9.994037857611304254e-01 -2.876960389581131178e-02 -1.908881604495793471e-02 9.241371999999999920e-01
-2.323306183618297285e-02 2.272610165435814955e-02 -9.994717350387209986e-01 -1.042691899999999894e+00 1.433190646860582444e-02 9.996464246249849861e-01 2.239692370526149418e-02 1.382090000000000055e-02 9.996273412100584732e-01 -1.380398631120552215e-02 -2.355055556093776925e-02 9.204619000000000550e-01
-2.811583120588822746e-02 3.068688173124851579e-02 -9.991335322794518969e-01 -1.091886399999999924e+00 9.467952164007423926e-03 9.994920129840503265e-01 3.043146172813692915e-02 1.481539999999999940e-02 9.995598320848142482e-01 -8.604142647780876202e-03 -2.839209065698700130e-02 9.185391000000000528e-01
-3.265453671596365431e-02 4.027720585353302546e-02 -9.986548091910927294e-01 -1.142126699999999939e+00 7.908509694269177936e-03 9.991668095037157249e-01 4.003925899140960837e-02 1.624000000000000096e-02 9.994354089716259715e-01 -6.590407786901335274e-03 -3.294586193926207773e-02 9.164706999999999715e-01
-3.437570138517144491e-02 5.010199159751910214e-02 -9.981523438795504299e-01 -1.193376699999999957e+00 6.426116976855182628e-03 9.987330544181723946e-01 4.990982902342705474e-02 1.801720000000000058e-02 9.993883210118467142e-01 -4.698558343797894915e-03 -3.465411050095834611e-02 9.144592999999999750e-01
-3.694427123768639909e-02 5.916774076821126882e-02 -9.975641830354087247e-01 -1.296069099999999974e+00 9.317929771607998818e-03 9.982226580685233941e-01 5.886171169260293046e-02 2.166529999999999845e-02 9.992738848821618447e-01 -7.120629957909435648e-03 -3.742992948851076029e-02 9.106208999999999554e-01
-4.189527488675535288e-02 5.155154316784819890e-02 -9.977911727105910344e-01 -1.399886399999999975e+00 8.284774830327152478e-03 9.986515864355546279e-01 5.124813572961204461e-02 2.574569999999999984e-02 9.990876580401610862e-01 -6.119420459769465970e-03 -4.226587565711337202e-02 9.059831999999999885e-01
-5.190774747604564449e-02 4.166448023118182048e-02 -9.977823694769459850e-01 -1.505465300000000006e+00 8.526771763778397129e-03 9.991113822116663989e-01 4.127638669241712188e-02 2.968590000000000118e-02 9.986154815119038242e-01 -6.365298277298335472e-03 -5.221688484187381185e-02 9.007330000000000059e-01
-6.561702096410247653e-02 4.212303070150230644e-02 -9.969553936081179124e-01 -1.611321299999999956e+00 7.578834095394681308e-03 9.991008116374510140e-01 4.171485897304506169e-02 3.316630000000000272e-02 9.978160992054354583e-01 -4.818554752915961414e-03 -6.587726236374835675e-02 8.941978000000000426e-01
-7.810547846485137169e-02 5.002082423235849895e-02 -9.956894352040159824e-01 -1.720093799999999895e+00 3.206767665334789991e-03 9.987479252896722670e-01 4.992292430052323871e-02 3.652520000000000072e-02 9.969399434644583557e-01 7.063092033292202310e-04 -7.816808973226918589e-02 8.852860000000000174e-01
-8.316673139368234435e-02 5.239484686642580102e-02 -9.951573115900492761e-01 -1.773891399999999896e+00 1.823657108563359053e-04 9.986176569020663862e-01 5.256179283637744948e-02 3.853850000000000331e-02 9.965356298357014309e-01 4.189909935851394984e-03 -8.306132146005662520e-02 8.808943000000000190e-01
-8.698036116924297290e-02 5.456082151974828154e-02 -9.947148000939554091e-01 -1.882624300000000028e+00 -8.457663521449387822e-03 9.984226563011169286e-01 5.550375944365856101e-02 4.325570000000000109e-02 9.961741236845220726e-01 1.324070012166068261e-02 -8.638170617475826596e-02 8.699443000000000037e-01
-8.997463421999754574e-02 5.323883074251177516e-02 -9.945200812945647062e-01 -1.991907099999999931e+00 -1.023384093200417622e-02 9.984680842383575339e-01 5.437603568818370758e-02 4.741630000000000150e-02 9.958914768672115780e-01 1.507022423703030523e-02 -8.929196293446317600e-02 8.594521999999999995e-01
-9.196492726669359963e-02 5.166194274670819764e-02 -9.944211863312584221e-01 -2.101526999999999923e+00 -1.321017795195303032e-02 9.985020502063357561e-01 5.309563948406620382e-02 5.164989999999999859e-02 9.956746172075037205e-01 1.801941745395891151e-02 -9.114470496584248238e-02 8.490157999999999872e-01
-9.294593756235543236e-02 4.938845917252279033e-02 -9.944454901055255203e-01 -2.155955099999999902e+00 -1.764761243688730413e-02 9.985303928224634751e-01 5.124076877930408558e-02 5.356650000000000300e-02 9.955147484924229406e-01 2.231220989460105941e-02 -9.193775515905922013e-02 8.433749999999999858e-01
-9.318051150697576057e-02 4.450042826922843975e-02 -9.946542636309133600e-01 -2.212163400000000113e+00 -2.276123617723658718e-02 9.986443977838305175e-01 4.681124760839470295e-02 5.553580000000000322e-02 9.953890286732033355e-01 2.700145660562845024e-02 -9.204131104124901874e-02 8.376913999999999749e-01
-9.233870576286755394e-02 4.372516088591341110e-02 -9.947671454785483869e-01 -2.268083999999999989e+00 -2.440279192996801239e-02 9.986359307481310621e-01 4.616038956547939553e-02 5.767259999999999748e-02 9.954285846629385981e-01 2.853748629986738519e-02 -9.114573337037568113e-02 8.321604999999999697e-01
-9.019487046377001882e-02 4.793417975264702841e-02 -9.947699230241460189e-01 -2.324468599999999885e+00 -2.534222464669245306e-02 9.984071743131771592e-01 5.040720117139618067e-02 5.978920000000000068e-02 9.956016557800519973e-01 2.975615384114611156e-02 -8.883644700572912445e-02 8.263433000000000028e-01
-8.752749992884399644e-02 5.109363010683685979e-02 -9.948509324108371077e-01 -2.435515200000000213e+00 -2.324184601832179897e-02 9.983071793637408042e-01 5.331596594334928746e-02 6.359560000000000213e-02 9.958909344651486473e-01 2.778878538758928346e-02 -8.619182128726410319e-02 8.168570000000000553e-01
-8.505815932758692410e-02 4.989951450589136944e-02 -9.951256945652037222e-01 -2.492094300000000207e+00 -2.305291119157752006e-02 9.983792463116958338e-01 5.203310311410767885e-02 6.605629999999999835e-02 9.961092675090398307e-01 2.736638423625706654e-02 -8.376997192572921414e-02 8.121064999999999534e-01
-7.522519356805948409e-02 5.186329749687559193e-02 -9.958169352975468902e-01 -2.604870099999999855e+00 -3.182708609009898132e-02 9.980128473503191433e-01 5.438191900551209157e-02 6.997799999999999854e-02 9.966585206798072027e-01 3.578484171348572662e-02 -7.342505199098847690e-02 8.021730999999999723e-01
-6.959567199830128670e-02 5.152965505296072668e-02 -9.962435129471246542e-01 -2.661525699999999883e+00 -3.634596941923477764e-02 9.978709509348824280e-01 5.415289269549210249e-02 7.227440000000000253e-02 9.969129415079739376e-01 3.997824321348189547e-02 -6.757460413115845554e-02 7.978281999999999874e-01
-6.386379293795693690e-02 5.021986156507766974e-02 -9.966942266592908606e-01 -2.719047300000000167e+00 -3.802299624772711995e-02 9.978853898065348504e-01 5.271622679028942909e-02 7.497919999999999585e-02 9.972340084994708587e-01 4.126395903260294401e-02 -6.181923630256669355e-02 7.939152999999999905e-01
-5.812178735897256115e-02 4.961148443104600875e-02 -9.970760043480869639e-01 -2.776199099999999920e+00 -3.765571820552996579e-02 9.979447133297286721e-01 5.184974468279901494e-02 7.699309999999999488e-02 9.975990701281872708e-01 4.055921288429800708e-02 -5.613417434666778671e-02 7.903470000000000217e-01
-5.278296517870555149e-02 4.921522182168306531e-02 -9.973925107639349807e-01 -2.833416699999999899e+00 -3.577321051233297439e-02 9.980505455399063530e-01 5.114084431387296015e-02 7.908070000000000377e-02 9.979650474824175443e-01 3.837929765561133577e-02 -5.091948070118268443e-02 7.872736000000000178e-01
-4.718129515151203018e-02 5.029799277302833549e-02 -9.976191845142267089e-01 -2.890929199999999977e+00 -3.486124487984208764e-02 9.980400928877595224e-01 5.196793813516192850e-02 8.100200000000000455e-02 9.982778265559412167e-01 3.723016131574941046e-02 -4.533537355255479184e-02 7.842978000000000449e-01
-4.172482772828484121e-02 5.184687865246168786e-02 -9.977830124456129601e-01 -2.949159900000000167e+00 -3.393704595396013907e-02 9.980028999465753170e-01 5.327746812814015964e-02 8.308709999999999707e-02 9.985526103631016115e-01 3.608480112489337310e-02 -3.988196916920150326e-02 7.820097000000000298e-01
-3.610827359960379346e-02 5.320423576674496169e-02 -9.979306097490612260e-01 -3.006908899999999996e+00 -3.481869974793491695e-02 9.979085377238982035e-01 5.446290926506176799e-02 8.529019999999999657e-02 9.987411329896849210e-01 3.671320789889941094e-02 -3.418025219703446638e-02 7.795349000000000306e-01
-3.075663416323655072e-02 5.231377927219716534e-02 -9.981569505609872994e-01 -3.065015999999999963e+00 -3.448709729792751727e-02 9.979792529801473355e-01 5.336713165563959638e-02 8.751509999999999845e-02 9.989317642236192896e-01 3.606492921727315337e-02 -2.889033239062788194e-02 7.776149999999999451e-01
-2.596245007056289036e-02 4.741953247261100624e-02 -9.985376002567016851e-01 -3.122869300000000070e+00 -3.507685555731247795e-02 9.982159845745000037e-01 4.831627411310908393e-02 8.984430000000000194e-02 9.990473289041641447e-01 3.627996802700697576e-02 -2.425280456801615081e-02 7.759932999999999970e-01
-2.155386869333318980e-02 4.248898371375282174e-02 -9.988644137255681121e-01 -3.180799200000000049e+00 -3.428843217068180266e-02 9.984773363952055281e-01 4.321240706570329826e-02 9.169889999999999985e-02 9.991795304967104885e-01 3.518088924555402841e-02 -2.006416876586114562e-02 7.744600000000000373e-01
-1.834103464902117273e-02 4.167384295981271108e-02 -9.989629108535332813e-01 -3.238870400000000149e+00 -3.462185513301888756e-02 9.985053070070395442e-01 4.229041293160999693e-02 9.360459999999999614e-02 9.992321720176705613e-01 3.536159911172995218e-02 -1.687079467925678422e-02 7.736285000000000522e-01
-1.489193014680119907e-02 4.385640904469500362e-02 -9.989268470725007898e-01 -3.297387599999999974e+00 -3.393116961110515667e-02 9.984400642998811914e-01 4.434088102047002711e-02 9.542240000000000444e-02 9.993132172373810906e-01 3.455507757990798623e-02 -1.338060043949196309e-02 7.724579999999999780e-01
-1.283191368157569553e-02 4.373971898801148200e-02 -9.989605492581369317e-01 -3.355944599999999944e+00 -3.429392190752198616e-02 9.984358084118509780e-01 4.415725762742191141e-02 9.705560000000000576e-02 9.993294096099992752e-01 3.482489718324398298e-02 -1.131183560290327517e-02 7.715921999999999503e-01
-1.226408750809034401e-02 4.369182703651029731e-02 -9.989697775247285971e-01 -3.414790200000000109e+00 -3.528587761064701234e-02 9.984037626728433645e-01 4.410026668802715516e-02 9.868069999999999620e-02 9.993020059015396139e-01 3.579037483626492516e-02 -1.070280665243050766e-02 7.707015000000000393e-01
-1.150000722291984190e-02 4.503081225900144174e-02 -9.989194040467768154e-01 -3.473829499999999904e+00 -3.685789876647040803e-02 9.982874910158707760e-01 4.542665054522897899e-02 1.002837000000000034e-01 9.992543445651831391e-01 3.734047707960221757e-02 -9.820572237618785394e-03 7.698736999999999941e-01
-1.081119188299183541e-02 4.481598495053650683e-02 -9.989367575692579271e-01 -3.532637100000000085e+00 -3.696121934579566642e-02 9.982945386366576246e-01 4.518719279502578234e-02 1.019391000000000047e-01 9.992582180770598343e-01 3.741044802105603084e-02 -9.136300362989069335e-03 7.693404999999999827e-01
-9.381388885863851945e-03 4.263561246212883848e-02 -9.990466426011105350e-01 -3.591835999999999807e+00 -3.771101043203024805e-02 9.983647949051023263e-01 4.296063298286360854e-02 1.037364999999999954e-01 9.992446493400738428e-01 3.807808876601039005e-02 -7.758216364625147854e-03 7.682242000000000237e-01
-8.637765210187296760e-03 4.173767277087229999e-02 -9.990912649422200031e-01 -3.651031300000000090e+00 -3.646469541561025984e-02 9.984508631980866245e-01 4.202617954611587853e-02 1.052957000000000060e-01 9.992976108249335132e-01 3.679457094011535229e-02 -7.102432605267661181e-03 7.675861000000000489e-01
-8.305000320334342268e-03 4.119721270585622458e-02 -9.991165180472935115e-01 -3.710570800000000169e+00 -3.259458668348246685e-02 9.986088928929843789e-01 4.144721889320138186e-02 1.070746000000000059e-01 9.994341498511106758e-01 3.291000912057667760e-02 -6.950641054706108157e-03 7.672187999999999786e-01
-8.288006866588001550e-03 4.229882763154894226e-02 -9.990706271946819816e-01 -3.769929400000000097e+00 -3.067030362292833684e-02 9.986241340109101028e-01 4.253435607408645458e-02 1.084214000000000011e-01 9.994951932940229211e-01 3.099432451201829253e-02 -6.979285793469403032e-03 7.667138999999999482e-01
-7.920230902877672258e-03 4.503684190575071855e-02 -9.989539292748197408e-01 -3.829671600000000176e+00 -3.042896255165879194e-02 9.985117809773037534e-01 4.525816487179634695e-02 1.100441999999999948e-01 9.995055518507514059e-01 3.075558682076103348e-02 -6.538019488788848754e-03 7.658639999999999892e-01
-7.654531473031675470e-03 4.867033880982726129e-02 -9.987855657087088002e-01 -3.889078099999999871e+00 -3.358181098409638438e-02 9.982389231243498084e-01 4.890106676307617861e-02 1.117956999999999979e-01 9.994066590327268518e-01 3.391534283587641085e-02 -6.006613136217087145e-03 7.648289000000000337e-01
-6.935194995409076774e-03 4.888586408312792925e-02 -9.987802938400522912e-01 -3.948323199999999922e+00 -3.560578912429309545e-02 9.981588822752183177e-01 4.910268338821415640e-02 1.134750999999999954e-01 9.993418488441339065e-01 3.590289720806350698e-02 -5.181806717275527774e-03 7.638812999999999853e-01
-6.512670744072338383e-03 4.681790804834572162e-02 -9.988822095751613839e-01 -4.008028999999999620e+00 -3.660767248377252980e-02 9.982226526245450149e-01 4.702567492910268016e-02 1.152960999999999986e-01 9.993084926263265944e-01 3.687301551532553429e-02 -4.787200821608994517e-03 7.630639000000000172e-01
-6.417536582709037866e-03 4.468799937250150789e-02 -9.989803791548125256e-01 -4.066382899999999800e+00 -3.659281261928828966e-02 9.983213567051545390e-01 4.489359432022758944e-02 1.167422999999999933e-01 9.993096523544738874e-01 3.684360810863697433e-02 -4.771504240586255108e-03 7.626794000000000073e-01
-6.692160937199972959e-03 4.415665732386024611e-02 -9.990022045000570561e-01 -4.125095800000000423e+00 -3.379153667767727243e-02 9.984440239047688292e-01 4.435834958398110484e-02 1.183475999999999972e-01 9.994064973928036277e-01 3.405467284876870226e-02 -5.189626789233403592e-03 7.624265000000000070e-01
-6.817429627492330516e-03 4.572152364039950428e-02 -9.989309610424907948e-01 -4.183926099999999870e+00 -3.218493297236112854e-02 9.984265916625153503e-01 4.591809175845008861e-02 1.199759999999999993e-01 9.994586798576710063e-01 3.246356938436083250e-02 -5.335158853115751221e-03 7.619276000000000382e-01
-6.719017426586997369e-03 4.864574707262514508e-02 -9.987934952213932682e-01 -4.242389199999999860e+00 -3.109303345110839278e-02 9.983229234697901244e-01 4.883199510095677376e-02 1.216155000000000014e-01 9.994939109747640327e-01 3.138362258372659475e-02 -5.195205279171499768e-03 7.615766999999999953e-01
-6.027453255222985432e-03 5.066232498893102898e-02 -9.986976512608666257e-01 -4.301276699999999842e+00 -3.158815097020897800e-02 9.982077395243164064e-01 5.082811694365307886e-02 1.236032999999999993e-01 9.994827955125286101e-01 3.185337628055026626e-02 -4.416321318732485679e-03 7.609745999999999455e-01
-6.254333463574957008e-03 5.107463968788029940e-02 -9.986752547718800166e-01 -4.359295399999999709e+00 -3.243452001886269753e-02 9.981589552669103416e-01 5.125136029039679963e-02 1.253838999999999926e-01 9.994542937143611194e-01 3.271209564095932387e-02 -4.586237532480108570e-03 7.605391000000000234e-01
-5.765792327720226443e-03 4.881715474753959422e-02 -9.987910897886449479e-01 -4.417606799999999723e+00 -3.247132865585417721e-02 9.982718308889247938e-01 4.897922487134034886e-02 1.272858000000000045e-01 9.994560362788138530e-01 3.271447777404667967e-02 -4.170670187667591122e-03 7.598544000000000409e-01
-5.398218926943455787e-03 4.753263432229198199e-02 -9.988550985537391069e-01 -4.476014100000000440e+00 -3.116060617942804228e-02 9.983765819638129591e-01 4.767826767809837940e-02 1.290793000000000079e-01 9.994998128338729027e-01 3.138230808333064559e-02 -3.908309662186471023e-03 7.593107999999999524e-01
-5.051865155958298360e-03 4.871272275109896077e-02 -9.988000547159682219e-01 -4.533997099999999669e+00 -2.977158895543781381e-02 9.983627165887309918e-01 4.884197596983012868e-02 1.307265999999999984e-01 9.995439615892415253e-01 2.998260775422270999e-02 -3.593338662296607922e-03 7.587287999999999810e-01
-4.747188794052319832e-03 5.149745193617843303e-02 -9.986618429892244464e-01 -4.592134999999999856e+00 -2.813749028197882335e-02 9.982707960226405719e-01 5.161103999102328171e-02 1.327278000000000069e-01 9.995927900096044372e-01 2.834484525278713890e-02 -3.289970882907500282e-03 7.582699999999999996e-01
-4.754015983527134191e-03 5.406797603918110651e-02 -9.985259402234151205e-01 -4.650355799999999817e+00 -2.648800118855458574e-02 9.981800521254999836e-01 5.417535723711750656e-02 1.346270999999999995e-01 9.996378269778828374e-01 2.670650680565894025e-02 -3.313211308654029352e-03 7.582088999999999634e-01
-4.265080250197480008e-03 5.614817190106406036e-02 -9.984133371918807454e-01 -4.708739300000000405e+00 -2.726418279488890956e-02 9.980447318569055648e-01 5.624391121894344731e-02 1.365607000000000071e-01 9.996191641955382012e-01 2.746080852498827135e-02 -2.725906852347081966e-03 7.576876000000000166e-01
-3.923492563626151605e-03 5.799429466827714374e-02 -9.983092046014762078e-01 -4.766581500000000027e+00 -2.986343629793429544e-02 9.978648252916058059e-01 5.808584697008593173e-02 1.388337000000000043e-01 9.995462877618935815e-01 3.004084272589670895e-02 -2.183206297066031532e-03 7.569124999999999881e-01
-3.720145101587322110e-03 5.725532042264763061e-02 -9.983526375002589326e-01 -4.824237300000000062e+00 -3.175847924524050764e-02 9.978491741165371742e-01 5.734478800182450653e-02 1.408588000000000062e-01 9.994886490183132466e-01 3.191949244966964250e-02 -1.893801811890361009e-03 7.564104999999999857e-01
-3.845622075246547637e-03 5.358011288156676322e-02 -9.985561489943631797e-01 -4.881695699999999860e+00 -3.436304220424239719e-02 9.979667081344899549e-01 5.368082325820960898e-02 1.427792999999999979e-01 9.994020174691081726e-01 3.451986325013824131e-02 -1.996627122905825225e-03 7.559554000000000551e-01
-3.348832992155036450e-03 5.169059870036591536e-02 -9.986575325523704416e-01 -4.939415499999999959e+00 -3.560481736258839375e-02 9.980237570564194360e-01 5.177718929766021716e-02 1.449836999999999931e-01 9.993603365644284642e-01 3.573041221406136891e-02 -1.501780558495702245e-03 7.553537000000000168e-01
-3.066699517022161616e-03 5.001595828922339448e-02 -9.987437105035918972e-01 -4.997109400000000257e+00 -3.546094866794161082e-02 9.981148118046897499e-01 5.009334861693991170e-02 1.469782000000000033e-01 9.993663574854025899e-01 3.557002069860701332e-02 -1.287304881822048941e-03 7.546853000000000034e-01
-2.793599178677268202e-03 5.029379356712597449e-02 -9.987305593263160475e-01 -5.054960300000000295e+00 -3.388821811287118235e-02 9.981560469369087363e-01 5.035965286236643301e-02 1.489549000000000012e-01 9.994217250374155537e-01 3.398588371531480190e-02 -1.084080866788239561e-03 7.544100999999999724e-01
-2.911978913852131083e-03 5.225739358339598351e-02 -9.986294033297213879e-01 -5.112856400000000079e+00 -3.405913735494833783e-02 9.980490615498840423e-01 5.232634042270412761e-02 1.512025999999999926e-01 9.994155769955970214e-01 3.416482921464705086e-02 -1.126456076354642732e-03 7.539936000000000416e-01
-3.018219473830983934e-03 5.461724787812436560e-02 -9.985028024925253209e-01 -5.170561300000000138e+00 -3.283741869112786343e-02 9.979634439518829669e-01 5.468700457513171742e-02 1.529955000000000065e-01 9.994561492556395255e-01 3.295331197188576533e-02 -1.218583264375960873e-03 7.539717999999999698e-01
-4.065846055179962726e-03 5.472627413503648730e-02 -9.984931165587233037e-01 -5.286543400000000226e+00 -4.018240683015561476e-02 9.976859866445605407e-01 5.484565830041140261e-02 1.573894000000000126e-01 9.991840886829569390e-01 4.034485063011709199e-02 -1.857404221514480369e-03 7.527175999999999867e-01
-3.984570029745528735e-03 5.379882894237935503e-02 -9.985438444085001919e-01 -5.344759500000000330e+00 -4.320768712009288165e-02 9.976099584549893429e-01 5.392092882329239251e-02 1.596148000000000011e-01 9.990581659620276778e-01 4.335962172186249436e-02 -1.650523773465750743e-03 7.518133999999999650e-01
-4.340310780104144478e-03 5.016294728773714601e-02 -9.987316158116454901e-01 -5.403179200000000293e+00 -4.399782346192485788e-02 9.977642714600448715e-01 5.030556756880106423e-02 1.616655999999999926e-01 9.990221985686533746e-01 4.416035911554184318e-02 -2.123546524325115037e-03 7.512461999999999751e-01
-5.072919051282341607e-03 4.620570856758295097e-02 -9.989190647835624048e-01 -5.462159599999999671e+00 -4.412849099674726050e-02 9.979484535610742002e-01 4.638491476127173940e-02 1.638237999999999917e-01 9.990129837868222396e-01 4.431609787456518290e-02 -3.023523527744820250e-03 7.508474000000000537e-01
-6.031437130422851074e-03 4.533006591121754164e-02 -9.989538562369266739e-01 -5.521472000000000158e+00 -4.079970149547083175e-02 9.981290427505290497e-01 4.553897644647813409e-02 1.657512999999999903e-01 9.991491410815616092e-01 4.103168461563682506e-02 -4.170699411451317395e-03 7.505376000000000269e-01
-6.188157250061809486e-03 4.437906610343669844e-02 -9.989955981893188230e-01 -5.581522900000000398e+00 -3.610919370606993639e-02 9.983532773026612128e-01 4.457420586990898381e-02 1.677512999999999921e-01 9.993286910920478050e-01 3.634875776174896489e-02 -4.575474776639998353e-03 7.499405999999999572e-01
-7.650231696359146086e-03 5.019941695244258678e-02 -9.987099140854799328e-01 -5.703380100000000397e+00 -3.460850339024503647e-02 9.981275155171761559e-01 5.043524819604497389e-02 1.717438000000000020e-01 9.993716653218057688e-01 3.494969678186178597e-02 -5.898580064430780645e-03 7.488882999999999512e-01
-7.984594689554631516e-03 5.039160223509993319e-02 -9.986976182367830468e-01 -5.764943599999999613e+00 -3.347054906265226060e-02 9.981563675672708857e-01 5.063188946065501350e-02 1.739997000000000071e-01 9.994078089514251140e-01 3.383123274565785765e-02 -6.283239436867149585e-03 7.481837000000000071e-01
-9.531515690047173001e-03 4.243959115817171057e-02 -9.990535677885232779e-01 -5.886633400000000016e+00 -3.267271137973716544e-02 9.985522720576459621e-01 4.273001169680893524e-02 1.774312999999999862e-01 9.994206542491237411e-01 3.304907065017514273e-02 -8.131100135464697232e-03 7.467677999999999816e-01
-1.106583045815512020e-02 4.232299191698085661e-02 -9.990426976618499433e-01 -6.010514699999999877e+00 -3.412366772839559026e-02 9.985059562419856816e-01 4.267822219867853373e-02 1.810763999999999985e-01 9.993563542085642792e-01 3.456327103259899947e-02 -9.605081909785262440e-03 7.449786000000000463e-01
-1.150814076389040236e-02 4.696679996300562321e-02 -9.988301569322954876e-01 -6.073160599999999576e+00 -3.947558009171363291e-02 9.980962579174266214e-01 4.738711330786565118e-02 1.831930999999999976e-01 9.991542630007548276e-01 3.997473742834104643e-02 -9.632190558434894356e-03 7.437087999999999477e-01
-1.192762978823835515e-02 5.006845920042161252e-02 -9.986745621276885698e-01 -6.136024500000000437e+00 -4.425583961734202293e-02 9.977404964051325154e-01 5.055019775434853313e-02 1.854023999999999950e-01 9.989490238782953169e-01 4.480012529597836302e-02 -9.684857565592341899e-03 7.425348999999999977e-01
-1.201503527670516776e-02 4.771470998011950043e-02 -9.987887391129381953e-01 -6.261534700000000342e+00 -5.538585129432695847e-02 9.972956357760388579e-01 4.830965057283075764e-02 1.901004000000000027e-01 9.983927315459095730e-01 5.589920673479536334e-02 -9.339822413642395738e-03 7.396070999999999618e-01
-1.246564435363098008e-02 4.662052583854955912e-02 -9.988348883981706949e-01 -6.324610200000000404e+00 -5.769998797985792516e-02 9.972144860255807153e-01 4.726500024183942494e-02 1.920710999999999946e-01 9.982561390234337972e-01 5.822194973782622573e-02 -9.740917346584887504e-03 7.383646000000000376e-01
-1.282020565079197358e-02 4.601545082015564420e-02 -9.988584587482299826e-01 -6.387183699999999575e+00 -5.762521771308132951e-02 9.972463274965215341e-01 4.668079453287504732e-02 1.938908000000000020e-01 9.982559674805814298e-01 5.815789353577342780e-02 -1.013325263132536236e-02 7.371917000000000053e-01
-1.383879240880837684e-02 4.522790115736430305e-02 -9.988808361268957103e-01 -6.449625000000000163e+00 -5.551692451706531639e-02 9.974007735440703071e-01 4.593003402847217753e-02 1.955517999999999978e-01 9.983618376705076791e-01 5.609040818704945364e-02 -1.129190827884263282e-02 7.366129000000000149e-01
-1.376040073400705728e-02 4.615379246054197165e-02 -9.988395661031601591e-01 -6.512829299999999932e+00 -5.605097242252127937e-02 9.973278260553816166e-01 4.685611876944267840e-02 1.973274999999999890e-01 9.983330806209567143e-01 5.663068794527909011e-02 -1.113666560129755734e-02 7.352408000000000277e-01
-1.449110473717075617e-02 5.114299751734367738e-02 -9.985862014310217250e-01 -6.575792800000000327e+00 -5.545542460066350821e-02 9.971128130179547355e-01 5.187228544975981681e-02 1.992546000000000039e-01 9.983560005157759987e-01 5.612870852212990813e-02 -1.161310956554317819e-02 7.342146999999999979e-01
-1.517144310284627637e-02 5.496140397520101611e-02 -9.983732124747994874e-01 -6.638908899999999669e+00 -5.403374948584811072e-02 9.969840478152539598e-01 5.570603484733131772e-02 2.015601999999999949e-01 9.984238484885450404e-01 5.479098899441621484e-02 -1.215591602208798694e-02 7.331872000000000389e-01
-1.495835525490175899e-02 5.383407358678557464e-02 -9.984378499081056901e-01 -6.701802700000000002e+00 -5.490646226016829279e-02 9.969986987251988619e-01 5.457907238431994323e-02 2.039287999999999934e-01 9.983794509154026997e-01 5.563710327931062349e-02 -1.195762219450235975e-02 7.319153999999999938e-01
-1.413696307177951181e-02 5.238631762484492055e-02 -9.985268248779377576e-01 -6.764566399999999646e+00 -5.448027646475158553e-02 9.971028541266374612e-01 5.308293293364391846e-02 2.063219000000000025e-01 9.984147663929210381e-01 5.515044893944532484e-02 -1.124198516038243945e-02 7.306835000000000413e-01
-1.301830205163641632e-02 5.165957715770345265e-02 -9.985798976043829267e-01 -6.826982499999999732e+00 -5.353727101282352435e-02 9.971960393697362202e-01 5.228594149301375033e-02 2.085252999999999968e-01 9.984809885141490149e-01 5.414191678541364211e-02 -1.021608646251093155e-02 7.297206000000000525e-01
-1.196129172077250134e-02 5.157954206174648198e-02 -9.985972553242228322e-01 -6.889417199999999575e+00 -5.394011844701000064e-02 9.971813173921455498e-01 5.215250584571715781e-02 2.103928999999999938e-01 9.984725289772840018e-01 5.448826556943758143e-02 -9.145370027578536565e-03 7.286245999999999556e-01
-1.101823860505303163e-02 5.349108440034974071e-02 -9.985075374315992569e-01 -6.951518100000000366e+00 -5.404542355562936412e-02 9.970766895428270216e-01 5.401080783518685813e-02 2.127445000000000030e-01 9.984776865863025375e-01 5.455986675195899360e-02 -8.095080560052481111e-03 7.275521000000000349e-01
-9.993546988965585492e-03 5.677617684568686540e-02 -9.983369144539164797e-01 -7.014200699999999955e+00 -5.491439058472773194e-02 9.968489594325633529e-01 5.724125946311375834e-02 2.152969999999999884e-01 9.984410542066504135e-01 5.539510647162648738e-02 -6.844227765779198336e-03 7.266974000000000489e-01
-8.820703016552923145e-03 5.807451018621290900e-02 -9.982732824557236651e-01 -7.075590100000000326e+00 -5.673242536086364057e-02 9.966750682771907677e-01 5.848281959115187584e-02 2.174226999999999965e-01 9.983504530529185850e-01 5.715032406984788677e-02 -5.496666966767649321e-03 7.257991000000000303e-01
-7.770830846716824530e-03 5.565188204558661755e-02 -9.984199928951422720e-01 -7.137671000000000099e+00 -5.875394432285617474e-02 9.966997971330502359e-01 5.601328790066845142e-02 2.197031000000000123e-01 9.982422492634033251e-01 5.909638245883218344e-02 -4.475417949309390409e-03 7.247310000000000141e-01
-7.752888240912381504e-03 5.098403480300375823e-02 -9.986693751783569661e-01 -7.260388899999999701e+00 -5.441234644212553095e-02 9.971982698440915449e-01 5.133134690043199277e-02 2.239980000000000027e-01 9.984884522509941407e-01 5.473791021912036148e-02 -4.957005775414025095e-03 7.237715999999999594e-01
-8.375634140575179826e-03 5.038644049149672982e-02 -9.986946757479682191e-01 -7.383555900000000172e+00 -5.017057105105744014e-02 9.974507084087846920e-01 5.074443905714492303e-02 2.283996000000000082e-01 9.987055434677196697e-01 5.053009904413761216e-02 -5.826365714201031665e-03 7.230834000000000428e-01
-8.519658184316821620e-03 4.901248212454077657e-02 -9.987618294770851390e-01 -7.444514299999999807e+00 -4.849386534828700746e-02 9.976026369140866823e-01 4.936926012857941609e-02 2.303302999999999878e-01 9.987871447150312720e-01 4.885443089477866513e-02 -6.122428761748288650e-03 7.224409999999999998e-01
-8.330325487235697504e-03 4.913662916962721616e-02 -9.987573265569187342e-01 -7.505956600000000201e+00 -4.795905926141365294e-02 9.976229627638655284e-01 4.948083266283372778e-02 2.324819999999999942e-01 9.988145645273887041e-01 4.831165325357516388e-02 -5.953977483111105862e-03 7.213886000000000465e-01
