1.000000000000000000e+00 0.000000000000000000e+00 0.000000000000000000e+00 0.000000000000000000e+00 0.000000000000000000e+00 1.000000000000000000e+00 0.000000000000000000e+00 0.000000000000000000e+00 0.000000000000000000e+00 0.000000000000000000e+00 1.000000000000000000e+00 0.000000000000000000e+00
9.999988219434265968e-01 1.486049043909909483e-03 3.844086342703600663e-04 -1.300999999999999910e-04 -1.485950047870463224e-03 9.999988627746263514e-01 -2.576856791390036709e-04 -7.919000000000000041e-04 -3.847911306682210851e-04 2.571141635421996040e-04 9.999998929140405668e-01 3.283049999999999857e-02
9.999944363476481746e-01 3.315720125418669239e-03 3.650668423939907627e-04 -2.925000000000000083e-04 -3.315469937603317176e-03 9.999942700177645305e-01 -6.838060625121312325e-04 -1.366999999999999943e-03 -3.673320600908238634e-04 6.825918899117501635e-04 9.999996995676896372e-01 6.526460000000000594e-02
9.999937395843715437e-01 3.388818158493721224e-03 1.018186403749273081e-03 -4.394000000000000011e-04 -3.389171265707734745e-03 9.999941971347696690e-01 3.452751353031069110e-04 -3.038400000000000128e-03 -1.017010420702601278e-03 -3.487237818399750874e-04 9.999994220405971079e-01 1.275227999999999917e-01
9.999873755878143644e-01 3.868336093246497326e-03 3.206967549774133140e-03 -5.121000000000000335e-04 -3.890393010177818460e-03 9.999686245672188001e-01 6.900342264773934829e-03 -3.998200000000000365e-03 -3.180174086740764766e-03 -6.912731516148470402e-03 9.999710498988276797e-01 1.869085000000000052e-01
9.999851230274430236e-01 3.266202350699737213e-03 4.368712166519094810e-03 -3.378999999999999734e-04 -3.311683535635024777e-03 9.999399732650851025e-01 1.044426248141902373e-02 -4.506800000000000042e-03 -4.334336852323819426e-03 -1.045857489456650073e-02 9.999359138140930803e-01 2.149174000000000084e-01
9.999819753425841506e-01 2.465341354598084202e-03 5.474585093757428599e-03 -1.985000000000000002e-04 -2.535732186037354969e-03 9.999137278280152419e-01 1.288824904176209644e-02 -5.111000000000000092e-03 -5.442338856059659481e-03 -1.290189881711586821e-02 9.999019561710481563e-01 2.419891000000000125e-01
9.999636567372531815e-01 3.902708432135137528e-03 7.579846407058711717e-03 6.150000000000000410e-05 -3.978720191642973886e-03 9.999416915814161033e-01 1.003908476569192500e-02 -5.892500000000000168e-03 -7.540224817435621681e-03 -1.006887800054586356e-02 9.999208782226285397e-01 2.919085000000000152e-01
9.998658196511958085e-01 9.557847484122154432e-04 1.635326171615593752e-02 1.334200000000000013e-03 -9.629508963671713122e-04 9.999994437661662294e-01 4.303404806799028125e-04 -7.709800000000000160e-03 -1.635284130705042319e-02 -4.460301254721998876e-04 9.998661838657779688e-01 3.959409999999999874e-01
9.997187102996946129e-01 6.021783560478778143e-03 2.293988664893696280e-02 1.692399999999999937e-03 -6.037767734859364639e-03 9.999815755783291182e-01 6.275863784240146362e-04 -8.416299999999999823e-03 -2.293568480545588387e-02 -7.659155522899945955e-04 9.997366491911114927e-01 4.282661999999999858e-01
9.991354435433046355e-01 2.347379438178576075e-04 4.157295218794926361e-02 5.564000000000000369e-03 -2.131652020507939524e-04 9.999998403352787779e-01 -5.233450234928886625e-04 -1.050839999999999934e-02 -4.157306839915016206e-02 5.140306554207563607e-04 9.991353340545838790e-01 5.091461999999999932e-01
9.993159136235348905e-01 -1.325000060708597010e-03 3.695874935111735649e-02 8.730599999999999819e-03 2.053857561812162842e-03 9.998040265784028380e-01 -1.968984780865813689e-02 -1.317669999999999952e-02 -3.692541736900725735e-02 1.975228625884747902e-02 9.991227956260797516e-01 5.849619000000000346e-01
9.997332737985322737e-01 -9.239178706814055652e-04 2.307656031208434044e-02 8.526499999999999357e-03 1.428984125171041831e-03 9.997595904073165451e-01 -2.187965705775197708e-02 -1.309259999999999938e-02 -2.305079747945913693e-02 2.190679721828506579e-02 9.994942485933563381e-01 5.960533000000000081e-01
9.766514293441729277e-01 -6.806213007915047283e-04 -2.148290537023073432e-01 -1.020859999999999997e-02 -2.875222176894316663e-03 9.998640040162510845e-01 -1.623904461548430697e-02 -1.619210000000000094e-02 2.148108904534810348e-01 1.647756739434263693e-02 9.765166517348013997e-01 6.860435000000000283e-01
9.247436576623118132e-01 1.053576761366808653e-02 -3.804446940280806766e-01 -3.304639999999999661e-02 -1.021799165306599283e-02 9.999437193615315911e-01 2.854952890053045599e-03 -1.704440000000000122e-02 3.804533614779964656e-01 1.247281130030932893e-03 9.247992668843739716e-01 7.328561000000000103e-01
8.838863301453704358e-01 1.795797921992029270e-02 -4.673568939948208323e-01 -4.900750000000000245e-02 -1.154178622439322802e-02 9.997957858731865155e-01 1.658836100909031122e-02 -1.742180000000000117e-02 4.675593465570971885e-01 -9.268092174466760827e-03 8.839130952274357744e-01 7.574665999999999899e-01
8.314015372144181182e-01 2.619683138807951672e-02 -5.550542405411629243e-01 -6.864870000000000694e-02 -1.539364686985677556e-02 9.995905513489677929e-01 2.411981115002159726e-02 -1.752870000000000122e-02 5.554588369569330997e-01 -1.150893909494221656e-02 8.314643857480368272e-01 7.821171999999999569e-01
7.302709421358739572e-01 3.611473559920715115e-02 -6.822023724266739197e-01 -1.059433000000000041e-01 -1.993224504064349326e-02 9.993029396773772666e-01 3.156485957187085689e-02 -1.650089999999999890e-02 6.828667927785203595e-01 -9.453074883419895075e-03 7.304817469968881705e-01 8.184643000000000335e-01
6.508348787433635430e-01 3.724508703624056227e-02 -7.583051919265580976e-01 -1.365563999999999945e-01 -1.552717254988548144e-02 9.992400510997997420e-01 3.575230329189573591e-02 -1.572780000000000011e-02 7.590605163777900399e-01 -1.149451041725922662e-02 6.509185883860978405e-01 8.419107999999999592e-01
5.636836581115942657e-01 3.607645471031285800e-02 -8.252025345292306469e-01 -1.717272999999999994e-01 -6.078589338912081252e-03 9.991998502322732012e-01 3.953112757627427754e-02 -1.472019999999999926e-02 8.259683918465525743e-01 -1.726698327263780086e-02 5.634519207164727650e-01 8.643636999999999571e-01
4.150885675356481008e-01 3.563934550985421029e-02 -9.090826794922631793e-01 -2.341090000000000115e-01 2.297095947959640339e-03 9.991881811516838408e-01 4.022066629228892437e-02 -1.254880000000000058e-02 9.097781072610010566e-01 -1.878338889601750133e-02 4.146697238166434651e-01 8.925167000000000517e-01
3.615476750882221091e-01 3.463467195109187075e-02 -9.317101041295742236e-01 -2.574800999999999895e-01 7.209972849763846350e-03 9.991760505199371867e-01 3.994041009911781376e-02 -1.171939999999999961e-02 9.323257450750822573e-01 -2.115796696803107224e-02 3.610000630248874076e-01 9.002609999999999779e-01
3.074489912184810159e-01 3.378109664114327393e-02 -9.509647497717567122e-01 -2.822862999999999900e-01 9.632319366487653023e-03 9.992079685285906177e-01 3.860898927178728346e-02 -1.094389999999999946e-02 9.515158097595436404e-01 -2.103029097964973296e-02 3.068800916301852588e-01 9.069418000000000202e-01
1.552440447372529231e-01 4.574076464440265249e-02 -9.868166339413635413e-01 -3.648387000000000158e-01 1.836943465909598311e-02 9.986211048872999374e-01 4.917776676480472425e-02 -7.833800000000000138e-03 9.877053459630169563e-01 -2.576181910140844938e-02 1.541897474952964586e-01 9.199125999999999692e-01
1.108279772280486436e-01 4.733359164122076523e-02 -9.927117862531306125e-01 -3.944051000000000085e-01 2.063429256927236388e-02 9.985402866367969477e-01 4.991514733494142875e-02 -7.090199999999999628e-03 9.936253747935913649e-01 -2.601590024668365420e-02 1.096895049703926484e-01 9.221549999999999470e-01
7.044238511134583158e-02 4.550517343004918669e-02 -9.964773703255513926e-01 -4.249631999999999854e-01 2.036542702685979755e-02 9.986851134966063803e-01 4.704565295841964950e-02 -5.931999999999999773e-03 9.973079362773760170e-01 -2.360769517279389523e-02 6.942302908106179338e-02 9.230726000000000209e-01
3.491735756911396732e-02 4.113407403833291981e-02 -9.985433220914350372e-01 -4.563939000000000190e-01 1.768722474995126220e-02 9.989706777098653623e-01 4.177017065487047959e-02 -4.457499999999999657e-03 9.992336764846525554e-01 -1.911996414487319995e-02 3.415386874225834202e-02 9.229218000000000144e-01
6.250697093991931796e-03 4.103373007869830225e-02 -9.991382095494434346e-01 -4.891036000000000272e-01 1.524111713309676645e-02 9.990377602805861068e-01 4.112495449341589671e-02 -2.988000000000000204e-03 9.998643093612122890e-01 -1.548504211743819206e-02 5.619282538436798369e-03 9.220762000000000125e-01
-3.573719346185748325e-02 5.402757851968451042e-02 -9.978997313171145134e-01 -5.965612000000000137e-01 1.542800966874867397e-02 9.984484043177568324e-01 5.350477018908095239e-02 9.359999999999999831e-04 9.992421275752594312e-01 -1.348349637982274377e-02 -3.651528179056728884e-02 9.182683999999999847e-01
-3.986328618335469032e-02 5.123295593545240667e-02 -9.978908270150497195e-01 -6.342529999999999557e-01 1.649055201749724184e-02 9.985823549789099030e-01 5.060970281411168725e-02 2.409699999999999863e-03 9.990690567267219713e-01 -1.443830152374155421e-02 -4.065163391903625634e-02 9.167617999999999601e-01
-3.925495346601727553e-02 4.736935757500504440e-02 -9.981058023031988968e-01 -6.734035999999999911e-01 2.405931874823798167e-02 9.986309272095025280e-01 4.644803980858595860e-02 4.053600000000000085e-03 9.989395366135788157e-01 -2.219043000080470063e-02 -4.034088505013100345e-02 9.158142000000000227e-01
-2.943690240938373961e-02 4.578428969328975084e-02 -9.985175349455918115e-01 -7.548135999999999735e-01 3.626337257691865379e-02 9.983417437835035990e-01 4.470716305762074960e-02 7.411700000000000232e-03 9.989086227407829588e-01 -3.489357299839079829e-02 -3.104838123828634888e-02 9.143052999999999875e-01
-2.419354731658970512e-02 4.450864029544328304e-02 -9.987160022785709357e-01 -7.970078000000000440e-01 3.454631763331343641e-02 9.984489811130402570e-01 4.365986775415085785e-02 8.551700000000000620e-03 9.991102162455441915e-01 -3.344567316384239319e-02 -2.569363229283239125e-02 9.132240000000000357e-01
-2.110995391983285299e-02 3.798958150465037154e-02 -9.990551343857874134e-01 -8.394186999999999621e-01 3.803712014126332808e-02 9.985848581474878749e-01 3.716797774860295528e-02 1.018669999999999992e-02 9.990533255721945061e-01 -3.721656587681178990e-02 -2.252509461634499832e-02 9.124860000000000193e-01
-1.999289711592727031e-02 1.621304059965496258e-02 -9.996686557952220165e-01 -9.735395999999999495e-01 2.319127061135829032e-02 9.996070019441433141e-01 1.574822630242009996e-02 1.286909999999999964e-02 9.995311145894073546e-01 -2.286873365001715341e-02 -2.036104095820934212e-02 9.088848999999999956e-01
-2.301703499537282455e-02 2.249670290318532551e-02 -9.994819230273793709e-01 -1.020613800000000015e+00 1.349828711324885071e-02 9.996626449642074252e-01 2.218991906640159842e-02 1.357679999999999998e-02 9.996439427841449232e-01 -1.298054781782980241e-02 -2.331293703759673708e-02 9.064558999999999811e-01
-2.785827158185483210e-02 3.050878990514487715e-02 -9.991462007349051211e-01 -1.069165499999999991e+00 8.744551442566918589e-03 9.995033286594283695e-01 3.027587849742614107e-02 1.446940000000000032e-02 9.995736338682307265e-01 -7.893651705411132077e-03 -2.811122085953832173e-02 9.046416000000000457e-01
-3.407269477365587607e-02 5.011420238130840504e-02 -9.981621201941829336e-01 -1.168419400000000108e+00 5.943798125244384445e-03 9.987345307793061844e-01 4.994004698521324614e-02 1.744060000000000055e-02 9.994016823753638645e-01 -4.231282160790949404e-03 -3.432744552931588089e-02 9.006260999999999850e-01
-3.505894508878771437e-02 5.795119592814253900e-02 -9.977036279676241293e-01 -1.219009500000000079e+00 8.041347013949491640e-03 9.983013876274481335e-01 5.770334651745002985e-02 1.916299999999999948e-02 9.993528941807605648e-01 -5.999862632569460258e-03 -3.546539920722280304e-02 8.988186000000000231e-01
-3.855671189995348719e-02 5.601912866838845706e-02 -9.976849388412648567e-01 -1.320600699999999961e+00 7.451273816353506940e-03 9.984157152537526114e-01 5.577219784849258427e-02 2.341319999999999860e-02 9.992286317384914129e-01 -5.283631097286627110e-03 -3.891304095608660862e-02 8.944478000000000151e-01
-4.120158011882945476e-02 5.120099749614624718e-02 -9.978381069347427301e-01 -1.372014499999999915e+00 7.354102197884283126e-03 9.986746250456653984e-01 5.094026374845987692e-02 2.548399999999999971e-02 9.991237896159687049e-01 -5.239384057235001169e-03 -4.152350994468123613e-02 8.918068999999999580e-01
-4.582620229712734000e-02 4.614697600692893587e-02 -9.978829669798149338e-01 -1.423438900000000062e+00 7.439994876542638941e-03 9.989204786561380889e-01 4.585328557070988964e-02 2.727740000000000026e-02 9.989217214873543638e-01 -5.322962221167685387e-03 -4.612006519869893406e-02 8.894636999999999682e-01
-5.843273185661115171e-02 3.963890413249972211e-02 -9.975040717345206032e-01 -1.526916399999999951e+00 6.724474325912010303e-03 9.992043356211325333e-01 3.931255678496932415e-02 3.058239999999999917e-02 9.982686999464690514e-01 -4.410550431157553297e-03 -5.865278980645916018e-02 8.834499999999999575e-01
-6.503409942341747962e-02 4.196873485693908279e-02 -9.970000958910152367e-01 -1.579454799999999937e+00 6.863293731949503956e-03 9.991103610077747277e-01 4.160987534303620117e-02 3.224810000000000176e-02 9.978594395561604102e-01 -4.136643738826845801e-03 -6.526428630762759475e-02 8.797926000000000357e-01
-7.778120666209979717e-02 4.979440867298730311e-02 -9.957261675556662306e-01 -1.686149600000000026e+00 2.807725573167583338e-03 9.987589136065382345e-01 4.972674500300069966e-02 3.560460000000000014e-02 9.969664992201557885e-01 1.072080405193760050e-03 -7.782448249947626628e-02 8.716994999999999605e-01
-8.532624316140600962e-02 5.303508267890197359e-02 -9.949405571355518507e-01 -1.793075100000000033e+00 -4.623435091441464168e-03 9.985504938443736656e-01 5.362401599202195474e-02 3.994059999999999971e-02 9.963423387952132781e-01 9.175578913585231977e-03 -8.495735798437198394e-02 8.620527000000000051e-01
-8.826010669882805582e-02 5.395554716592240729e-02 -9.946350850917824449e-01 -1.899834800000000046e+00 -1.020306162036977229e-02 9.984305399315305252e-01 5.506681819029885655e-02 4.414959999999999718e-02 9.960452053491761770e-01 1.500852631201392978e-02 -8.757107421323073737e-02 8.513768000000000447e-01
-8.968575476764024945e-02 5.307787820020315461e-02 -9.945547768914104747e-01 -1.953539799999999937e+00 -1.075904698361567283e-02 9.984690389039097003e-01 5.425699271344754104e-02 4.610519999999999896e-02 9.959119982708126706e-01 1.556654091528199280e-02 -8.897738198087090655e-02 8.462863999999999942e-01
-9.171001299347494862e-02 5.177594745497018924e-02 -9.944387989121687976e-01 -2.060977199999999954e+00 -1.391283408779210237e-02 9.984832408366184353e-01 5.326960499242479330e-02 4.994900000000000034e-02 9.956885590205313274e-01 1.872081818574081527e-02 -9.085056082421405499e-02 8.359280999999999517e-01
-9.233545021069730629e-02 4.457796592382870515e-02 -9.947295962162185923e-01 -2.169744500000000187e+00 -2.398834560755810918e-02 9.986078219687577473e-01 4.697847568649012040e-02 5.374400000000000011e-02 9.954389604136457681e-01 2.819969604282575315e-02 -9.113755117234634273e-02 8.244690999999999548e-01
-8.991540072636633463e-02 4.816587769309167710e-02 -9.947840313044190586e-01 -2.280544299999999858e+00 -2.615620375897793545e-02 9.983711654228030197e-01 5.070373809920752928e-02 5.779999999999999721e-02 9.956058827252559640e-01 3.057882074849083490e-02 -8.850910690147018034e-02 8.140406999999999504e-01
-8.829316027339309536e-02 5.116197644142403411e-02 -9.947797595526076675e-01 -2.335402300000000153e+00 -2.628792147173060478e-02 9.982125467289376664e-01 5.367174990276239732e-02 5.992070000000000035e-02 9.957475900215039255e-01 3.088954061710406929e-02 -8.679039835621926713e-02 8.090492000000000239e-01
-8.686523706055591931e-02 5.074338088729287571e-02 -9.949269017804976967e-01 -2.390022000000000091e+00 -2.440681588249780237e-02 9.982937583500586243e-01 5.304601189337864592e-02 6.217700000000000310e-02 9.959210500480902839e-01 2.889085210653600383e-02 -8.547853962057960775e-02 8.044464999999999533e-01
-8.420608358353445788e-02 4.960748819203665561e-02 -9.952127574558112810e-01 -2.445648900000000125e+00 -2.432232463597082048e-02 9.983600916989601171e-01 5.182231012938876696e-02 6.455919999999999714e-02 9.961514744313862968e-01 2.856964154694709851e-02 -8.286142389588591062e-02 7.996693999999999747e-01
-8.006244074787063902e-02 5.020242227924594930e-02 -9.955248476953197923e-01 -2.500820399999999832e+00 -2.894858413600110564e-02 9.981925519007021075e-01 5.266506248439366267e-02 6.675830000000000652e-02 9.963694019077533603e-01 3.303552825762733069e-02 -7.846444299633392738e-02 7.947490999999999861e-01
-7.446372423026553777e-02 5.135707108198442339e-02 -9.959003991482476836e-01 -2.556329499999999921e+00 -3.358249116082631658e-02 9.979774042653988264e-01 5.397515042248296480e-02 6.864000000000000656e-02 9.966581008857512414e-01 3.746400706780629586e-02 -7.258841583359820770e-02 7.900239999999999485e-01
-6.864511953565252678e-02 5.089902079998027962e-02 -9.963418776933643528e-01 -2.612268400000000046e+00 -3.780825064199908048e-02 9.978474994497457118e-01 5.358081769888693724e-02 7.098770000000000080e-02 9.969244624079236505e-01 4.134800507270881831e-02 -6.657295794224182828e-02 7.856271999999999700e-01
-6.276066110070281645e-02 4.974133161513907830e-02 -9.967882921399886520e-01 -2.668710900000000219e+00 -3.944881610967899965e-02 9.978530816821400418e-01 5.227827737216734355e-02 7.342369999999999453e-02 9.972486602276020573e-01 4.260313728599453981e-02 -6.066368244380848651e-02 7.817172000000000009e-01
-5.694815704741574419e-02 4.918293628318350791e-02 -9.971649543518197323e-01 -2.724764299999999917e+00 -3.915864783069828575e-02 9.979072554545124207e-01 5.145590161792795714e-02 7.532560000000000644e-02 9.976088951633168556e-01 4.197795004293139454e-02 -5.490304182118632692e-02 7.781903999999999488e-01
-5.177812163914982668e-02 4.885060308683268626e-02 -9.974631044292180393e-01 -2.781023699999999987e+00 -3.744457773155246416e-02 9.980055804097932581e-01 5.082091173343346313e-02 7.732150000000000134e-02 9.979563766608369191e-01 3.998099609770175422e-02 -4.984566413449043054e-02 7.752816999999999625e-01
-4.634099038692529593e-02 4.978405322379393649e-02 -9.976843492079892073e-01 -2.837615500000000068e+00 -3.631127823220302309e-02 9.980133126501170571e-01 5.148707455549657308e-02 7.925540000000000362e-02 9.982654975922498064e-01 3.861315601903289596e-02 -4.444120271940654732e-02 7.725233999999999712e-01
-4.098110459165633934e-02 5.143649100346569386e-02 -9.978350747792434916e-01 -2.894550800000000201e+00 -3.522778223428171124e-02 9.979787457331563694e-01 5.289070262087613994e-02 8.119700000000000528e-02 9.985387085262653617e-01 3.731903613608369974e-02 -3.908627785517482245e-02 7.703678999999999943e-01
-3.527228760160196208e-02 5.258852636699273136e-02 -9.979931425725820926e-01 -2.951339500000000005e+00 -3.623619527612555874e-02 9.978905883894708673e-01 5.386382603961763910e-02 8.348250000000000115e-02 9.987205834863226439e-01 3.806337476188633578e-02 -3.329227571788717643e-02 7.679451000000000471e-01
-2.999040891527101835e-02 5.189431451908690235e-02 -9.982021616354518345e-01 -3.008377600000000207e+00 -3.582538525894534559e-02 9.979539153864407375e-01 5.295776180996364380e-02 8.554269999999999929e-02 9.989079622989011087e-01 3.734920193882043660e-02 -2.806991219063992293e-02 7.661957999999999824e-01
-2.483511457973242367e-02 4.713022412080875023e-02 -9.985799712882957868e-01 -3.065064700000000197e+00 -3.634686997413878740e-02 9.981850591065019040e-01 4.801554768647753324e-02 8.780870000000000342e-02 9.990305911867235489e-01 3.748772800359720381e-02 -2.307700418671587705e-02 7.643881999999999621e-01
-2.063896731584769634e-02 4.166340924366139509e-02 -9.989185118708785449e-01 -3.122205000000000119e+00 -3.614839428958808998e-02 9.984469587181897809e-01 4.239061472403843345e-02 8.993039999999999368e-02 9.991332877141165802e-01 3.698419874206522462e-02 -1.910084880280393804e-02 7.632499000000000366e-01
-1.749594426969329486e-02 4.068186754523748366e-02 -9.990189575714483183e-01 -3.179473900000000075e+00 -3.621242907251539384e-02 9.984905711411368179e-01 4.129454350049686917e-02 9.191380000000000383e-02 9.991909486753667302e-01 3.689939017488147455e-02 -1.599634614348022232e-02 7.625743000000000382e-01
-1.394273383619056700e-02 4.274056908402616012e-02 -9.989889108131014828e-01 -3.237268199999999929e+00 -3.582167015120862191e-02 9.984233354869465060e-01 4.321632912104152180e-02 9.385110000000000674e-02 9.992609309488443836e-01 3.638800502217398591e-02 -1.238971225473317617e-02 7.613431999999999977e-01
-1.196084495141410201e-02 4.273059225630403829e-02 -9.990150322560088503e-01 -3.295001300000000022e+00 -3.598622060631372771e-02 9.984208906633138536e-01 4.313602918151714094e-02 9.522579999999999933e-02 9.992807063655949618e-01 3.646671869664813714e-02 -1.040424494990288551e-02 7.606102999999999614e-01
-1.148707339672045899e-02 4.253996972226101181e-02 -9.990287273751478070e-01 -3.352889499999999856e+00 -3.707409025577862449e-02 9.983895785768196474e-01 4.293904075438575996e-02 9.685409999999999853e-02 9.992464956038048518e-01 3.753132511955228900e-02 -9.891443690671519740e-03 7.597582999999999975e-01
-1.057637292921778660e-02 4.377743391497721653e-02 -9.989853235235653939e-01 -3.410921800000000115e+00 -3.868308408445599728e-02 9.982754521184574736e-01 4.415586827822774729e-02 9.836930000000000673e-02 9.991955561056992119e-01 3.911084219892349556e-02 -8.864687310553565069e-03 7.588654000000000233e-01
-1.003018541922008969e-02 4.382893287803074633e-02 -9.989886986464004970e-01 -3.468486799999999981e+00 -3.870444121768840118e-02 9.982732843710018233e-01 4.418615101091634412e-02 9.974610000000000420e-02 9.992003610940511926e-01 3.910849465149579540e-02 -8.316491785083202082e-03 7.584999999999999520e-01
-8.549515743105147447e-03 4.171839705555415584e-02 -9.990928290843016368e-01 -3.526632499999999837e+00 -3.930369040388228402e-02 9.983432532129438153e-01 4.202343018878649389e-02 1.013563999999999993e-01 9.991907353959975646e-01 3.962731521704657839e-02 -6.895664398349099500e-03 7.574971000000000343e-01
-8.043453343872911804e-03 4.063463534883346440e-02 -9.991416962915580235e-01 -3.584963300000000075e+00 -3.814239268718172537e-02 9.984344194642539305e-01 4.091293083091261662e-02 1.029116999999999948e-01 9.992399415247579242e-01 3.843873618038902429e-02 -6.480958451701934742e-03 7.570755000000000123e-01
-7.863600520279956374e-03 4.018302107135725276e-02 -9.991613926710921634e-01 -3.643240500000000104e+00 -3.399966756804870260e-02 9.986038177136002947e-01 4.042818142193570219e-02 1.045187000000000060e-01 9.993909076993444662e-01 3.428906626610921105e-02 -6.486412142220121524e-03 7.567758999999999459e-01
-7.965266044256921404e-03 4.154484099807981279e-02 -9.991048897504648529e-01 -3.701600099999999838e+00 -3.191095206480726310e-02 9.986171484026119538e-01 4.177896665252978092e-02 1.057055999999999968e-01 9.994589764843586632e-01 3.221516882898317613e-02 -6.628515833754233810e-03 7.564275999999999778e-01
-7.484965684702337037e-03 4.433005799204941394e-02 -9.989888994614108952e-01 -3.759886999999999979e+00 -3.136913127612039193e-02 9.985147995019801881e-01 4.454405435635371696e-02 1.072391000000000039e-01 9.994798411632326296e-01 3.167082464890683818e-02 -6.083253601309124292e-03 7.555418999999999885e-01
-7.223286540411410703e-03 4.818010300431499471e-02 -9.988125458793800648e-01 -3.818040400000000112e+00 -3.411727584506042688e-02 9.982452118457227908e-01 4.839946813757406430e-02 1.087777000000000049e-01 9.993917328157498892e-01 3.442636637203509709e-02 -5.566837338313757044e-03 7.546952000000000105e-01
-6.667266168073227028e-03 4.804904527680536191e-02 -9.988227254171943015e-01 -3.875983000000000178e+00 -3.671610701129635751e-02 9.981596487723042310e-01 4.826223211461836554e-02 1.106116999999999934e-01 9.993034949642572995e-01 3.699465921910586458e-02 -4.890822168421626870e-03 7.537823000000000162e-01
-6.330462389439123552e-03 4.614131945547373520e-02 -9.989148631814641632e-01 -3.934413199999999833e+00 -3.734181252698399317e-02 9.982272378268590707e-01 4.634620478268890870e-02 1.123214000000000018e-01 9.992824997382545593e-01 3.759468445761018213e-02 -4.596239484322639512e-03 7.532008999999999510e-01
-6.290627546382877334e-03 4.373773016701697908e-02 -9.990232424548037837e-01 -3.992028499999999980e+00 -3.736300379486403450e-02 9.983351291306440389e-01 4.394287076563566097e-02 1.138774000000000036e-01 9.992819591849426697e-01 3.760293743230166963e-02 -4.645981485621897278e-03 7.529592999999999980e-01
-6.528972460822918093e-03 4.318131394682232782e-02 -9.990459181861620630e-01 -4.049673099999999692e+00 -3.469666743789708019e-02 9.984558551935065474e-01 4.338255984272181703e-02 1.154779999999999973e-01 9.993765625565319555e-01 3.494680751698692883e-02 -5.020643092361498638e-03 7.528000000000000247e-01
-6.668599410770899814e-03 4.492675794745775580e-02 -9.989680256155496485e-01 -4.107564400000000226e+00 -3.312607413494892544e-02 9.984320243463079558e-01 4.512378499349704170e-02 1.169035999999999964e-01 9.994289334386435852e-01 3.339280132100363313e-02 -5.169896094840198408e-03 7.523446000000000300e-01
-6.626084124719386695e-03 4.794747302208568485e-02 -9.988278804879090478e-01 -4.165330400000000211e+00 -3.199515447210554697e-02 9.983282329368559083e-01 4.813573944046903308e-02 1.183865000000000056e-01 9.994660600037793552e-01 3.227660378619454096e-02 -5.080920049633341762e-03 7.519671999999999468e-01
-5.983434732943784806e-03 4.989529474197683390e-02 -9.987365308585683943e-01 -4.223193199999999869e+00 -3.274742049286219481e-02 9.982089408026481037e-01 5.006512711178353475e-02 1.203169999999999934e-01 9.994457488827798164e-01 3.300560655807786153e-02 -4.338775849602738433e-03 7.513961999999999586e-01
-6.269984047839483390e-03 5.025802287780813810e-02 -9.987165856420193721e-01 -4.280378800000000261e+00 -3.360082599985749624e-02 9.981616529962469286e-01 5.044104459591544631e-02 1.220968000000000053e-01 9.994156651724880325e-01 3.387396676230204628e-02 -4.569746559637488659e-03 7.511721999999999566e-01
-5.870541416595998971e-03 4.805569134615663568e-02 -9.988274061481889898e-01 -4.337781900000000412e+00 -3.343548913436424769e-02 9.982766895780201821e-01 4.822571006729592380e-02 1.238057999999999936e-01 9.994236363073580875e-01 3.367939391366779611e-02 -4.253659105541318652e-03 7.505190000000000472e-01
-5.331234285498948934e-03 4.669719654700327238e-02 -9.988948642252816201e-01 -4.395164499999999919e+00 -3.191004380675720176e-02 9.983924014893621468e-01 4.684401511991817535e-02 1.255535999999999874e-01 9.994765265103747742e-01 3.212451529525126026e-02 -3.832554213734074011e-03 7.498605000000000409e-01
-5.200365774475796191e-03 4.766578808053640454e-02 -9.988498029446033488e-01 -4.452351099999999562e+00 -3.026538786616949500e-02 9.983982137567395387e-01 4.780181026553534385e-02 1.272398999999999891e-01 9.995283700291461848e-01 3.047916360422827167e-02 -3.749412335914192873e-03 7.495135000000000547e-01
-4.943983551452904059e-03 5.065075454065481181e-02 -9.987041894831051314e-01 -4.509423700000000146e+00 -2.897706722828213149e-02 9.982897442255623810e-01 5.077318336394723991e-02 1.289928999999999937e-01 9.995678499239014636e-01 2.919054022322518233e-02 -3.467817755547497605e-03 7.489711999999999481e-01
-5.058033623444059372e-03 5.339072343037061519e-02 -9.985608879519798364e-01 -4.566807700000000025e+00 -2.719432574666628966e-02 9.981970015615415637e-01 5.350901532201863403e-02 1.306652000000000091e-01 9.996173692683860690e-01 2.742584046350259736e-02 -3.596989271903661134e-03 7.489801000000000375e-01
-4.483944856041048935e-03 5.545091035221554748e-02 -9.984513462255630856e-01 -4.624390100000000281e+00 -2.797426483461145502e-02 9.980636660237750535e-01 5.555500940640074881e-02 1.324648999999999965e-01 9.995985868064698465e-01 2.818004798244334863e-02 -2.924063989755643078e-03 7.485296000000000172e-01
-4.172745661896406014e-03 5.712377730151982358e-02 -9.983583836781497745e-01 -4.681663499999999978e+00 -3.053535738313802386e-02 9.978942373735287807e-01 5.722484570697830564e-02 1.348369000000000095e-01 9.995249772482552864e-01 3.072401476874081494e-02 -2.419663895055101932e-03 7.479052999999999951e-01
-3.934940050748906432e-03 5.648046305873005712e-02 -9.983959502819852450e-01 -4.738369500000000123e+00 -3.247544306524445534e-02 9.978698296779884291e-01 5.657869401230820883e-02 1.367493999999999932e-01 9.994647876961513244e-01 3.264598460904134802e-02 -2.092329895871491985e-03 7.473522000000000221e-01
-3.963352721104550919e-03 5.263112384691713552e-02 -9.986061569196427179e-01 -4.795090199999999747e+00 -3.502183230263998526e-02 9.979940827166591255e-01 5.273786234480781765e-02 1.387358999999999953e-01 9.993786885347182292e-01 3.518203611425306521e-02 -2.112164170115060635e-03 7.468983999999999623e-01
-3.552549843062914083e-03 5.087409964288812370e-02 -9.986987560696860555e-01 -4.851784199999999991e+00 -3.619264418612236356e-02 9.980441887184995364e-01 5.096949942905703440e-02 1.407318999999999931e-01 9.993385171684465718e-01 3.632662041475084175e-02 -1.704333539337410386e-03 7.462552000000000074e-01
-3.346283159668007358e-03 4.920805261166909250e-02 -9.987829443613773783e-01 -4.908387699999999576e+00 -3.613589230872829572e-02 9.981302553316017123e-01 4.929696419378745698e-02 1.426035999999999970e-01 9.993412828839141060e-01 3.625687451834173902e-02 -1.561849574673757068e-03 7.456184000000000145e-01
-3.237884007137845771e-03 4.966917485143308719e-02 -9.987604763789633688e-01 -4.965156999999999599e+00 -3.467950935225501408e-02 9.981593555947808616e-01 4.975170820884979028e-02 1.444904999999999939e-01 9.993932397901453824e-01 3.479761354158417141e-02 -1.509421600276339426e-03 7.453117000000000214e-01
-3.481985159221334843e-03 5.171617980181077157e-02 -9.986557527627115682e-01 -5.021807700000000096e+00 -3.451224331954723390e-02 9.980606569787693338e-01 5.180569517108707389e-02 1.465003000000000000e-01 9.993982093442050907e-01 3.464623699356116082e-02 -1.690391014725234342e-03 7.450236999999999554e-01
-3.239976445455768940e-03 5.356652496467926433e-02 -9.985590267760043881e-01 -5.079119200000000056e+00 -3.295193194438813394e-02 9.980162605988919244e-01 5.364432645990647314e-02 1.485790999999999917e-01 9.994516860427847815e-01 3.307825544693979852e-02 -1.468428691388745655e-03 7.447143999999999986e-01
-3.868702647888527888e-03 5.270521933820505184e-02 -9.986026201619607745e-01 -5.136134099999999592e+00 -3.660608161032991720e-02 9.979333234218024096e-01 5.281171076053383512e-02 1.507018999999999997e-01 9.993222843152050894e-01 3.675924181519684558e-02 -1.931375730353401821e-03 7.441145000000000120e-01
-4.302561317266171553e-03 5.373198739411749053e-02 -9.985461238704944620e-01 -5.193614000000000175e+00 -4.072168617657797446e-02 9.977176632032267456e-01 5.386287039537581561e-02 1.529584999999999972e-01 9.991612643818048589e-01 4.089423019169272783e-02 -2.104684294944259015e-03 7.435154000000000485e-01
-4.341349700705011798e-03 5.299462777581086248e-02 -9.985853604523148297e-01 -5.250783400000000434e+00 -4.395621702589913582e-02 9.976194561971978292e-01 5.313446717131258684e-02 1.549899000000000138e-01 9.990240255707308892e-01 4.412471012607895732e-02 -2.001571567858961842e-03 7.426342000000000221e-01
-4.727514589632006783e-03 4.931163806952356538e-02 -9.987722527967550779e-01 -5.308573700000000173e+00 -4.470883657920970283e-02 9.977742453441297288e-01 4.947398568627512511e-02 1.569936000000000109e-01 9.989888740809571566e-01 4.488783441927834267e-02 -2.512326334120018601e-03 7.420921999999999796e-01
-5.581649170034903851e-03 4.550964137481878363e-02 -9.989483058369326152e-01 -5.366668699999999959e+00 -4.503532996192154830e-02 9.979388415297349990e-01 4.571528870642004722e-02 1.589697999999999944e-01 9.989698014693753070e-01 4.524313327153488967e-02 -3.520602790806348636e-03 7.416892000000000484e-01
-6.634071023268944128e-03 4.452207543159694692e-02 -9.989863732308470468e-01 -5.425069800000000164e+00 -4.172604703176031882e-02 9.981259468230644361e-01 4.476082302264462742e-02 1.609122000000000052e-01 9.991070643833730447e-01 4.198069887251019983e-02 -4.763908207981337739e-03 7.415093000000000378e-01
-6.777160456657440116e-03 4.376364192853889057e-02 -9.990189256171754240e-01 -5.484023999999999788e+00 -3.720502403797619484e-02 9.983391185629587605e-01 4.398625391265174878e-02 1.627486999999999961e-01 9.992846722943761195e-01 3.746662504263348348e-02 -5.137677046718414076e-03 7.408909000000000189e-01
-7.593737254726148737e-03 4.547884435868160963e-02 -9.989364393545292486e-01 -5.543395499999999920e+00 -3.635551397784003019e-02 9.982922518469095063e-01 4.572588441827824673e-02 1.647808000000000050e-01 9.993100678757886879e-01 3.666407803593971920e-02 -5.927362302176275577e-03 7.406392000000000531e-01
-8.280737676669525787e-03 4.945768132934882932e-02 -9.987418921528499194e-01 -5.603352100000000391e+00 -3.558691126676222227e-02 9.981288776902939031e-01 4.972238195426578050e-02 1.668135000000000034e-01 9.993322776384347961e-01 3.595387709606410326e-02 -6.505197286734598627e-03 7.398504999999999665e-01
-8.943774566013676722e-03 4.505796607631772782e-02 -9.989443370826911472e-01 -5.724404800000000293e+00 -3.422874257147056481e-02 9.983850711678052825e-01 4.533919773476750154e-02 1.711239999999999983e-01 9.993740051044393002e-01 3.459811212077545245e-02 -7.387053484978034490e-03 7.380786999999999765e-01
-1.005751027205187623e-02 4.136894309995861607e-02 -9.990933174803644512e-01 -5.785184899999999963e+00 -3.445328814534845407e-02 9.985362733273563940e-01 4.169270662224261459e-02 1.730688999999999977e-01 9.993557011510474375e-01 3.484137477636593816e-02 -8.617492709114937810e-03 7.375237999999999516e-01
-1.091352441042683571e-02 4.018216046609138226e-02 -9.991327684373184637e-01 -5.846396000000000370e+00 -3.342783545080880991e-02 9.986191324103548261e-01 4.052663569880926575e-02 1.745579999999999909e-01 9.993815461584313331e-01 3.384113420480516776e-02 -9.555251630161132326e-03 7.366981999999999697e-01
-1.138774167082257788e-02 4.138255068799845393e-02 -9.990784773170694466e-01 -5.907946100000000200e+00 -3.518299038525704581e-02 9.985080190346273810e-01 4.175994625349829098e-02 1.762460999999999889e-01 9.993160043385623803e-01 3.562611994168597002e-02 -9.914789494037901108e-03 7.355388000000000481e-01
-1.221142850922604314e-02 4.926640936773491602e-02 -9.987110202264587455e-01 -6.032241800000000431e+00 -4.586516615770017818e-02 9.977066555299247685e-01 4.977766612265567547e-02 1.801304999999999990e-01 9.988729987075884997e-01 4.641390329742575704e-02 -9.923811445538222031e-03 7.331661999999999901e-01
-1.233091737610479341e-02 4.915430753930779412e-02 -9.987150757483311825e-01 -6.094699900000000170e+00 -5.330515781733135422e-02 9.973384705382617454e-01 4.974470157182799002e-02 1.824725000000000097e-01 9.985021325098575318e-01 5.385006253229403239e-02 -9.677920155433561433e-03 7.315152999999999794e-01
-1.217618155892716963e-02 4.709213169753467820e-02 -9.988163353363948005e-01 -6.156161299999999947e+00 -5.654357843136337269e-02 9.972596286560670986e-01 4.770803696380178371e-02 1.845926999999999985e-01 9.983258808329169565e-01 5.705755151551167303e-02 -9.480056657764857064e-03 7.301767000000000118e-01
-1.269419414269315309e-02 4.592493534803133298e-02 -9.988642338918471975e-01 -6.218441000000000329e+00 -5.900424827428358415e-02 9.971696089697079657e-01 4.659688436780340393e-02 1.865230999999999972e-01 9.981770164257712796e-01 5.952874314546613421e-02 -9.948498322199239574e-03 7.289404000000000439e-01
-1.310042461394707661e-02 4.533205157289003223e-02 -9.988860715692889913e-01 -6.280473200000000311e+00 -5.873895580586466908e-02 9.972117642520839098e-01 4.602643053814542418e-02 1.883022000000000029e-01 9.981874142393153404e-01 5.927649059651630969e-02 -1.040114016779647432e-02 7.278753999999999502e-01
-1.390001739838391849e-02 4.465187760552379731e-02 -9.989059011451607573e-01 -6.342424399999999629e+00 -5.660474712875988162e-02 9.973652311227519940e-01 4.537067720399112769e-02 1.898233000000000004e-01 9.982999008909164695e-01 5.717346914225979182e-02 -1.133588582446443116e-02 7.271254999999999802e-01
-1.428335467865329486e-02 4.544787247480505665e-02 -9.988645937596534186e-01 -6.404436099999999854e+00 -5.695288679314984559e-02 9.973077356754069811e-01 4.619143911937897279e-02 1.915473000000000037e-01 9.982746888833005094e-01 5.754799083813866983e-02 -1.165651257636934890e-02 7.260566999999999993e-01
-1.521770999772770715e-02 5.036325705369038008e-02 -9.986150227396785040e-01 -6.466454500000000216e+00 -5.639294458608076765e-02 9.970977447034514718e-01 5.114609768302895432e-02 1.934354000000000073e-01 9.982926710656229163e-01 5.709316812224228543e-02 -1.233341195408210744e-02 7.252197999999999700e-01
-1.582698729953509534e-02 5.424827462076463325e-02 -9.984020388469220242e-01 -6.529050400000000032e+00 -5.485343549820696774e-02 9.969762582498604697e-01 5.504035883014883612e-02 1.957041999999999948e-01 9.983689734196795618e-01 5.563690489933456607e-02 -1.280342634445941208e-02 7.240754999999999830e-01
-1.556773325436412725e-02 5.313392069500642162e-02 -9.984660395591317128e-01 -6.591270899999999600e+00 -5.580330219751417770e-02 9.969844884612181213e-01 5.392514470612076727e-02 1.979381000000000057e-01 9.983204080580411199e-01 5.655719440796125319e-02 -1.255574034162076913e-02 7.226498000000000088e-01
-1.479693247045902466e-02 5.171670707085655738e-02 -9.985521683914225788e-01 -6.653356600000000398e+00 -5.535598871049521308e-02 9.970875305459266924e-01 5.246113746107018000e-02 2.003300000000000081e-01 9.983570329813619137e-01 5.605210646865101815e-02 -1.189100740386650479e-02 7.213806999999999858e-01
-1.355913872210098327e-02 5.101165046493260496e-02 -9.986060090315692639e-01 -6.715298200000000328e+00 -5.449587944379049448e-02 9.971757757578805226e-01 5.167853873047224822e-02 2.024604999999999877e-01 9.984219292867934081e-01 5.512062915563109566e-02 -1.074091991985404171e-02 7.203344999999999887e-01
-1.139786461077731128e-02 5.277880717778297981e-02 -9.985411790182738834e-01 -6.839281100000000002e+00 -5.505365357134424376e-02 9.970582382683852440e-01 5.332883581694270597e-02 2.066208999999999962e-01 9.984183411329945468e-01 5.558117499688559199e-02 -8.458668642568722973e-03 7.181507999999999781e-01
-9.515767269458548852e-03 5.792415965551351437e-02 -9.982756342320872056e-01 -6.962492899999999985e+00 -5.747561137597199249e-02 9.966386880658373304e-01 5.837704640836912512e-02 2.106491000000000058e-01 9.983015597855348089e-01 5.793200478672582560e-02 -6.154555317732901543e-03 7.166394000000000375e-01
-8.302053663360689506e-03 5.520804495507984633e-02 -9.984403575963904931e-01 -7.024237600000000192e+00 -5.964978680459520621e-02 9.966693852571474332e-01 5.560610960412650655e-02 2.130395999999999956e-01 9.981848420203227601e-01 6.001839937367268313e-02 -4.981254609564556013e-03 7.153176999999999452e-01
-8.169306550341334447e-03 5.193654097048143459e-02 -9.986169726889824183e-01 -7.085609899999999683e+00 -5.818148994647855121e-02 9.969338054779496305e-01 5.232496271247121661e-02 2.154316000000000009e-01 9.982725963673921843e-01 5.852848201752024887e-02 -5.122512531018807991e-03 7.147476999999999858e-01
-8.330785539671460571e-03 5.027980437765256633e-02 -9.987004251946812738e-01 -7.146950200000000031e+00 -5.511530558371865313e-02 9.971938087037929277e-01 5.066370469316777703e-02 2.174733000000000083e-01 9.984452419150012803e-01 5.546574757963863844e-02 -5.536220978835548756e-03 7.144582000000000432e-01
-8.335280267405218227e-03 4.992638956376813097e-02 -9.987181177529477205e-01 -7.208019700000000363e+00 -5.380313703501489464e-02 9.972836898447859921e-01 5.030372167901635272e-02 2.195634999999999948e-01 9.985167727925531311e-01 5.415346336750213874e-02 -5.626442681605392515e-03 7.137700999999999629e-01
