1.000000000000000000e+00 0.000000000000000000e+00 0.000000000000000000e+00 0.000000000000000000e+00 0.000000000000000000e+00 1.000000000000000000e+00 0.000000000000000000e+00 0.000000000000000000e+00 0.000000000000000000e+00 0.000000000000000000e+00 1.000000000000000000e+00 0.000000000000000000e+00
9.999990351144172340e-01 1.344468793042780021e-03 3.495338307741345605e-04 -1.151000000000000059e-04 -1.344330342219616711e-03 9.999990179656194078e-01 -3.960350082392519850e-04 -6.786999999999999630e-04 -3.500659442294256490e-04 3.955647371764403294e-04 9.999998604911769506e-01 3.092550000000000160e-02
9.999944215780465218e-01 3.323138566595154261e-03 3.369908831789506106e-04 -3.239000000000000126e-04 -3.322851671066232894e-03 9.999941194528971788e-01 -8.483610062803369862e-04 -1.218499999999999965e-03 -3.398081226665545227e-04 8.472365030453699172e-04 9.999995833602870476e-01 6.138880000000000031e-02
9.999938670130125162e-01 3.381369250040548551e-03 9.122929113860783540e-04 -4.905000000000000505e-04 -3.381420150797124352e-03 9.999942815105846705e-01 5.425765610985092390e-05 -2.721100000000000168e-03 -9.121042292787718110e-04 -5.734216898234229361e-05 9.999995823887880553e-01 1.199719999999999953e-01
9.999881986835832404e-01 3.883809013634481784e-03 2.918650562871938792e-03 -6.097999999999999688e-04 -3.903324185899145586e-03 9.999698649243842219e-01 6.710685762909356436e-03 -3.657699999999999840e-03 -2.892499587262874813e-03 -6.721999007315541605e-03 9.999732237292573434e-01 1.756950999999999929e-01
9.999839393920678665e-01 2.288287508743338215e-03 5.185045631270406713e-03 -3.689000000000000222e-04 -2.353202321207870616e-03 9.999184979559819775e-01 1.254830204801660187e-02 -4.662900000000000204e-03 -5.155908916620717541e-03 -1.256030197607227103e-02 9.999078234604994453e-01 2.275040999999999869e-01
9.999763292849962459e-01 2.918538983438306953e-03 6.230810533709567681e-03 -2.937999999999999856e-04 -2.995711899672589325e-03 9.999184744431002247e-01 1.241250085991381022e-02 -5.115100000000000029e-03 -6.194076195769249518e-03 -1.243087276040390904e-02 9.999035487598270100e-01 2.516514999999999724e-01
9.999655637412595555e-01 3.877314100373860893e-03 7.337422367008464112e-03 -2.075000000000000022e-04 -3.950520442496086547e-03 9.999423042976303133e-01 9.989067232655404402e-03 -5.645599999999999750e-03 -7.298268278040659189e-03 -1.001770988360770227e-02 9.999231874343296189e-01 2.745770000000000155e-01
9.997336979312321237e-01 6.194121181236563432e-03 2.222984668269365957e-02 1.372699999999999919e-03 -6.212250988308589371e-03 9.999804250742240219e-01 7.465962982742765670e-04 -8.203900000000000081e-03 -2.222478702714985807e-02 -8.844948651600239090e-04 9.997526076537291972e-01 4.025855999999999879e-01
9.986799373915046241e-01 -4.690708506115751335e-04 5.136304726393663839e-02 7.187899999999999671e-03 1.171149219515219171e-03 9.999062891643052398e-01 -1.363969571414618345e-02 -1.179099999999999940e-02 -5.135183600618298955e-02 1.368184425455776926e-02 9.985868996119406926e-01 5.242213999999999485e-01
9.987852875777183392e-01 -1.670872940942411122e-03 4.924588817261548596e-02 7.334499999999999874e-03 2.501311103108072413e-03 9.998556354980298044e-01 -1.680629660563075223e-02 -1.208749999999999929e-02 -4.921069762825956012e-02 1.690906107523992147e-02 9.986452778101410077e-01 5.346573999999999494e-01
9.989339091492552836e-01 -1.561741054783410184e-03 4.613681953348428705e-02 7.497499999999999824e-03 2.382251236571666497e-03 9.998398906443064504e-01 -1.773465408253771872e-02 -1.222889999999999915e-02 -4.610173565966194792e-02 1.782565682546432759e-02 9.987776909442398487e-01 5.399327999999999905e-01
9.053554496847885380e-01 1.493664854729601955e-02 -4.243918074801031337e-01 -3.852209999999999662e-02 -1.138997989297481535e-02 9.998757999724635637e-01 1.089279520893429026e-02 -1.670920000000000044e-02 4.245017998596613551e-01 -5.028037350767400326e-03 9.054131326396295254e-01 6.991606999999999683e-01
8.836175109345401069e-01 1.888106093602892610e-02 -4.678286009937591694e-01 -4.635569999999999968e-02 -1.224534644383993773e-02 9.997767132796543388e-01 1.722135517902288401e-02 -1.678790000000000143e-02 4.680492985362955660e-01 -9.488367702702310558e-03 8.836514160108723814e-01 7.106116999999999573e-01
8.311470162170959686e-01 2.687813592078633351e-02 -5.554027396789128490e-01 -6.459109999999999852e-02 -1.572315701563840179e-02 9.995676929074616135e-01 2.484370401361326794e-02 -1.688229999999999939e-02 5.558303875885880485e-01 -1.191608597980807135e-02 8.312103146184133262e-01 7.334465000000000012e-01
7.302655070981897145e-01 3.694541460942393774e-02 -6.821637087107181863e-01 -9.964960000000000484e-02 -2.033935802329129086e-02 9.992697550408067286e-01 3.234605348240063294e-02 -1.587830000000000144e-02 6.828606004579735878e-01 -9.746435246986987627e-03 7.304836804078187473e-01 7.672601000000000004e-01
6.507000499149578898e-01 3.804444487817738862e-02 -7.583812136746154176e-01 -1.284522999999999915e-01 -1.571840814436147038e-02 9.992049464742864817e-01 3.663886715941939987e-02 -1.514509999999999988e-02 7.591721653788939816e-01 -1.192036724390790718e-02 6.507807066583117805e-01 7.895086000000000048e-01
5.637299916491081975e-01 3.679528821814413014e-02 -8.251391417695804753e-01 -1.617453000000000085e-01 -6.127799442460507215e-03 9.991660425519648392e-01 4.036916502775501209e-02 -1.416309999999999965e-02 8.259364058989585589e-01 -1.770102189108983121e-02 5.634853389705201110e-01 8.106577000000000366e-01
4.147751802984463998e-01 3.661596619069247549e-02 -9.091869009330881823e-01 -2.204637000000000124e-01 2.532533028988117468e-03 9.991396907984487763e-01 4.139401584332217526e-02 -1.226690000000000072e-02 9.099204009609016541e-01 -1.947175624082708723e-02 4.143256142504943007e-01 8.373448000000000002e-01
3.614561098408888840e-01 3.539320570932135562e-02 -9.317171253381085760e-01 -2.423972000000000071e-01 7.277493115207806298e-03 9.991417384932135271e-01 4.077774509112819246e-02 -1.132859999999999943e-02 9.323607235145897620e-01 -2.151993007369189248e-02 3.608883121645449776e-01 8.444656999999999858e-01
3.074401818874393788e-01 3.455865881660410283e-02 -9.509396582653474317e-01 -2.655008999999999841e-01 9.827617125040094895e-03 9.991716844274344256e-01 3.948877030355539552e-02 -1.060310000000000072e-02 9.515166590778439959e-01 -2.148590559508469292e-02 3.068458951299450899e-01 8.506506000000000345e-01
2.033044602554968661e-01 4.565882978050677526e-02 -9.780503911881514023e-01 -3.161154999999999937e-01 1.348942050909066742e-02 9.986866802216818328e-01 4.942621047708540410e-02 -8.696199999999999417e-03 9.790226411960808450e-01 -2.324190204933603704e-02 2.024215453319607727e-01 8.595912999999999471e-01
1.550786369199146364e-01 4.670593803427822849e-02 -9.867974319602782485e-01 -3.428590000000000249e-01 1.917118752718712654e-02 9.985513916548269808e-01 5.027508123320888200e-02 -7.749400000000000038e-03 9.877160937940917540e-01 -2.671466968814118284e-02 1.539585804156260451e-01 8.628909000000000162e-01
7.052123774012318547e-02 4.648479973484864747e-02 -9.964265745257959717e-01 -3.997319999999999762e-01 2.113369764646413906e-02 9.986197514014720777e-01 4.808283409544451825e-02 -5.892200000000000215e-03 9.972863790563814002e-01 -2.444903892739387630e-02 6.944150519781322473e-02 8.657011000000000012e-01
3.492872477296601191e-02 4.221966618486228812e-02 -9.984976134037443218e-01 -4.294552999999999843e-01 1.849466271068442302e-02 9.989088587625889470e-01 4.288402192938883806e-02 -4.527899999999999633e-03 9.992186605728260451e-01 -1.996476077645507885e-02 3.410977411514937163e-02 8.656080000000000441e-01
6.188726374996401415e-03 4.201047530348820530e-02 -9.990980030160355740e-01 -4.604667000000000066e-01 1.598589045529887759e-02 9.989853055203337107e-01 4.210475817288059086e-02 -3.011600000000000128e-03 9.998530646911106823e-01 -1.623204605773955964e-02 5.510871852330900822e-03 8.648415999999999881e-01
-1.465259406823999147e-02 4.628568554751401332e-02 -9.988207731122078492e-01 -4.927111000000000129e-01 1.481367353012258761e-02 9.988284275243008992e-01 4.606872524690884541e-02 -1.828699999999999944e-03 9.997829047166264527e-01 -1.412117851770467239e-02 -1.532108852715086122e-02 8.636293000000000442e-01
-3.569804584472383718e-02 5.495938140201685196e-02 -9.978502472409250812e-01 -5.614369000000000165e-01 1.632724671571713151e-02 9.983854685377953064e-01 5.440475371923890469e-02 8.413999999999999604e-04 9.992292382319242217e-01 -1.435000377960160556e-02 -3.653774560606226629e-02 8.610210000000000363e-01
-3.991827902336658740e-02 5.222575267385194675e-02 -9.978371619445041141e-01 -5.971838000000000424e-01 1.729956805212900725e-02 9.985195649594366119e-01 5.156940312265807791e-02 2.225099999999999821e-03 9.990531797382071755e-01 -1.520359006508348321e-02 -4.076266556679641884e-02 8.597877999999999910e-01
-3.502725218719745376e-02 4.654676686866431740e-02 -9.983018031128104708e-01 -6.712091999999999503e-01 3.673764167170499167e-02 9.982995994256007588e-01 4.525765649132176827e-02 5.465600000000000146e-03 9.987108877390972195e-01 -3.509000257565234038e-02 -3.667771026965604975e-02 8.582874999999999810e-01
-2.935800375113149785e-02 4.669118901418330136e-02 -9.984778617897295261e-01 -7.100163000000000446e-01 3.702571666701011399e-02 9.982736980158893880e-01 4.559298361563079993e-02 7.019100000000000339e-03 9.988829780915494672e-01 -3.563083942489564393e-02 -3.103609770629134346e-02 8.571484000000000325e-01
-2.421798681713415932e-02 4.546937445800950522e-02 -9.986721309323308704e-01 -7.494555999999999996e-01 3.534002500122194329e-02 9.983796906523376702e-01 4.459905745478746908e-02 8.141900000000000526e-03 9.990818643872173554e-01 -3.421299868967551949e-02 -2.578563501684882908e-02 8.561178999999999872e-01
-1.892100724578591950e-02 2.817243417123287824e-02 -9.994239888243988679e-01 -8.307793999999999457e-01 3.670507564915973658e-02 9.989486766191209011e-01 2.746413848087074158e-02 1.092289999999999928e-02 9.991470026509582381e-01 -3.616428395218870828e-02 -1.993518647595471371e-02 8.545783999999999603e-01
-1.988162640524104158e-02 1.729545331758762169e-02 -9.996527338161094178e-01 -9.162196999999999703e-01 2.379915247483965421e-02 9.995752406011700897e-01 1.682078234186172930e-02 1.227149999999999942e-02 9.995190449776139019e-01 -2.345646332361511419e-02 -2.028479862818810542e-02 8.520417000000000129e-01
-2.788422438957026753e-02 3.167897779008520265e-02 -9.991090593105277362e-01 -1.006247399999999903e+00 9.532930631128014656e-03 9.994606800554924897e-01 3.142407129247616615e-02 1.380089999999999963e-02 9.995657023246519168e-01 -8.648201500185569504e-03 -2.817117936895774388e-02 8.482108999999999899e-01
-3.247710320542113172e-02 4.125575979765992718e-02 -9.986206487204748461e-01 -1.052666300000000055e+00 8.161174796583712393e-03 9.991253561271141725e-01 4.101119322583642035e-02 1.514790000000000060e-02 9.994391592254746604e-01 -6.817992914712658198e-03 -3.278539277316805389e-02 8.463241000000000236e-01
-3.505333152890881959e-02 5.883436716516857179e-02 -9.976521343579628498e-01 -1.147461899999999924e+00 8.641543700868645900e-03 9.982461491497515160e-01 5.856577012349641065e-02 1.873750000000000068e-02 9.993480813366234505e-01 -6.568329160934433669e-03 -3.550027296857349857e-02 8.425926999999999722e-01
-3.667584729638435209e-02 5.971095865829222082e-02 -9.975417202509376802e-01 -1.195256799999999897e+00 9.722680800557752939e-03 9.981873787796325947e-01 5.939214024680918025e-02 2.077319999999999861e-02 9.992799165915137172e-01 -7.520522664941724916e-03 -3.718991846862984563e-02 8.408512000000000208e-01
-3.860818947477800966e-02 5.698749032907970274e-02 -9.976281038801345646e-01 -1.243157000000000068e+00 8.554776662717943070e-03 9.983547269448618255e-01 5.669792750270075815e-02 2.276270000000000029e-02 9.992178058370110305e-01 -6.345481293293826763e-03 -3.903218371326155900e-02 8.388885000000000369e-01
-4.598759392032010507e-02 4.728808656858328463e-02 -9.978221174508521418e-01 -1.338911699999999927e+00 8.299342826647973514e-03 9.988625325337470162e-01 4.695489334366303308e-02 2.634770000000000167e-02 9.989075343163980047e-01 -6.121925265076107181e-03 -4.632774457043342675e-02 8.342496999999999829e-01
-5.855992983332717478e-02 4.082571955731251201e-02 -9.974487431645514546e-01 -1.436496599999999901e+00 7.635588630986882980e-03 9.991525029276155934e-01 4.044717146772455058e-02 2.958819999999999853e-02 9.982546931540937640e-01 -5.247524760192898152e-03 -5.882202886433807176e-02 8.286736000000000102e-01
-7.171425531297860589e-02 4.798639090805584262e-02 -9.962702303454239461e-01 -1.535526299999999900e+00 6.361181763203081069e-03 9.988437211730689658e-01 4.765245051109186919e-02 3.271190000000000209e-02 9.974049332901259168e-01 -2.920096018253930115e-03 -7.193658379269729508e-02 8.217408000000000490e-01
-8.251882491953313470e-02 5.313533262921758121e-02 -9.951719851162820207e-01 -1.635925400000000085e+00 3.986347195473194382e-04 9.985793080706194536e-01 5.328420576083753302e-02 3.633209999999999912e-02 9.965894263056674918e-01 4.000239940966762026e-03 -8.242277267936870544e-02 8.131391000000000036e-01
-8.660665130691530544e-02 5.596231152661599456e-02 -9.946695469541633194e-01 -1.735577699999999890e+00 -8.631767790217369229e-03 9.983414006997419765e-01 5.692047288711835074e-02 4.012779999999999819e-02 9.962051899755484108e-01 1.351544810486842232e-02 -8.597995189755835987e-02 8.032905999999999658e-01
-9.008554954292868899e-02 5.439513804999983326e-02 -9.944474660433652025e-01 -1.835733899999999919e+00 -9.835383894522219811e-03 9.984100848580441667e-01 5.550286188477468463e-02 4.434799999999999853e-02 9.958854647936156157e-01 1.478077840556654352e-02 -8.940732409892171439e-02 7.941559000000000257e-01
-9.218474395426043411e-02 5.265969042180850684e-02 -9.943484952403590649e-01 -1.936919700000000022e+00 -1.291021079116993348e-02 9.984534699957758885e-01 5.407397443060482645e-02 4.852950000000000319e-02 9.956582242112071990e-01 1.782204416091021440e-02 -9.136232977826019841e-02 7.846665000000000445e-01
-9.341740884965955838e-02 4.531100943202935605e-02 -9.945954454691945390e-01 -2.038987200000000222e+00 -2.319689871897109845e-02 9.985936567658115770e-01 4.767192629741756615e-02 5.232509999999999939e-02 9.953567659958095781e-01 2.752491764447555569e-02 -9.223495701211925635e-02 7.744982000000000255e-01
-9.268298761378931938e-02 4.470946148738290382e-02 -9.946913731708396655e-01 -2.090597900000000120e+00 -2.474832726637104033e-02 9.985792931474186673e-01 4.719020655515594742e-02 5.421440000000000287e-02 9.953880570433316644e-01 2.899067696191161281e-02 -9.144482787337571139e-02 7.694279000000000535e-01
-9.049675654202993247e-02 4.869531372891777732e-02 -9.947055360639218691e-01 -2.142525899999999872e+00 -2.571671031770048424e-02 9.983565527163978937e-01 5.121371358011121006e-02 5.628280000000000088e-02 9.955646578027002036e-01 3.021522909184145428e-02 -8.909574661632002623e-02 7.640622999999999720e-01
-8.766131001695960656e-02 5.188172546245360672e-02 -9.947983621262900256e-01 -2.244947199999999921e+00 -2.380344398015635243e-02 9.982485539541638975e-01 5.415921512636878016e-02 6.000550000000000328e-02 9.958658999989878913e-01 2.842729483189226219e-02 -8.627281221651816878e-02 7.552381999999999707e-01
-8.528478099412672986e-02 5.062568530566731451e-02 -9.950696187293206485e-01 -2.296960599999999797e+00 -2.366711617975457427e-02 9.983235692540590733e-01 5.281968083555436955e-02 6.233000000000000346e-02 9.960754859660576610e-01 2.805514318565084653e-02 -8.394364298929846147e-02 7.509466000000000196e-01
-8.101837765783995171e-02 5.126762122094830065e-02 -9.953932155163793816e-01 -2.348781799999999809e+00 -2.843314896702811220e-02 9.981509383725476470e-01 5.372392638128266340e-02 6.449019999999999753e-02 9.963069700255593464e-01 3.265478893436707386e-02 -7.941086977323397189e-02 7.460284000000000360e-01
-7.544996209170728996e-02 5.237211138601995108e-02 -9.957733000885947705e-01 -2.400903899999999869e+00 -3.314193348007422879e-02 9.979363391990377918e-01 5.499704675003241200e-02 6.636780000000000457e-02 9.965986732208519383e-01 3.715137756521599138e-02 -7.355854593073807290e-02 7.415871000000000546e-01
-6.963789679558093915e-02 5.193743036731662821e-02 -9.962193868103190741e-01 -2.453435900000000114e+00 -3.711621416226365544e-02 9.978173989078108486e-01 5.461524588529744623e-02 6.856769999999999532e-02 9.968816128187685255e-01 4.077918296987639163e-02 -6.755818425742621258e-02 7.374224999999999808e-01
-6.375277737318439664e-02 5.083143052804980910e-02 -9.966703311766017537e-01 -2.506420400000000104e+00 -3.866789343781225352e-02 9.978261866010503800e-01 5.336380187250389096e-02 7.086860000000000381e-02 9.972163142439492978e-01 4.194123273913034911e-02 -6.164864639256006917e-02 7.338014000000000481e-01
-5.830715853940584420e-02 5.031309660395613670e-02 -9.970300234061066913e-01 -2.559104899999999905e+00 -3.822697400813034052e-02 9.978841650355156911e-01 5.259174488029028094e-02 7.270160000000000511e-02 9.975665259626760317e-01 4.117991599666989688e-02 -5.626047277854040463e-02 7.306848000000000232e-01
-5.325202201836008037e-02 4.991541218915820921e-02 -9.973327798568253355e-01 -2.612025699999999784e+00 -3.647284274652885794e-02 9.979862634587314263e-01 5.189556522157116880e-02 7.468030000000000501e-02 9.979148029230467953e-01 3.913910542751079802e-02 -5.132422949632198250e-02 7.280153999999999792e-01
-4.779939974164142819e-02 5.089587943920348412e-02 -9.975594352420552591e-01 -2.665305399999999825e+00 -3.535456854331583965e-02 9.979890013987019470e-01 5.261185769708012078e-02 7.651020000000000043e-02 9.982310713794949608e-01 3.778309864650979816e-02 -4.590387335741241692e-02 7.253416999999999781e-01
-4.256526047539262864e-02 5.251120798454948779e-02 -9.977127701080432676e-01 -2.718761000000000205e+00 -3.453549630651189806e-02 9.979437113425838612e-01 5.399674514868972597e-02 7.837769999999999460e-02 9.984966189705024586e-01 3.675489120910345464e-02 -4.066423338367619600e-02 7.233365000000000489e-01
-3.684779383884182608e-02 5.356381108280092174e-02 -9.978843411094776572e-01 -2.772211599999999887e+00 -3.568406832134540796e-02 9.978551211447973524e-01 5.487990955840975349e-02 8.065010000000000234e-02 9.986835771941219297e-01 3.763077659825390942e-02 -3.485738509074576275e-02 7.209801999999999600e-01
-3.134281391216566653e-02 5.275096428232300266e-02 -9.981157066108881093e-01 -2.825873599999999985e+00 -3.519428528474042445e-02 9.979288265133678948e-01 5.384625796607235559e-02 8.269429999999999836e-02 9.988888778534696922e-01 3.681566216894094357e-02 -2.942136502099712558e-02 7.191005000000000313e-01
-2.657812562181522537e-02 4.810720552539084205e-02 -9.984885077030024592e-01 -2.879299899999999912e+00 -3.536508598244292312e-02 9.981708520926640960e-01 4.903326142588586289e-02 8.478339999999999488e-02 9.990209777236339628e-01 3.661484410922230537e-02 -2.482819483917264591e-02 7.175200000000000466e-01
-2.228666188578705756e-02 4.310101129866315134e-02 -9.988221100511445183e-01 -2.932818699999999890e+00 -3.490028648013852181e-02 9.984277798131860893e-01 4.386272336410726447e-02 8.649550000000000294e-02 9.991422695019926969e-01 3.583673146848707913e-02 -2.074738470416648273e-02 7.161494000000000471e-01
-1.900375519845956193e-02 4.239574265487636162e-02 -9.989201461043312191e-01 -2.986600600000000050e+00 -3.453213233970092721e-02 9.984766486552550946e-01 4.303386952440772101e-02 8.820719999999999950e-02 9.992228926142706635e-01 3.531264780375244910e-02 -1.751079040642467000e-02 7.153173999999999921e-01
-1.561628484084684292e-02 4.508510881196859527e-02 -9.988610837404682252e-01 -3.040430100000000024e+00 -3.405120776341006433e-02 9.983794592683574720e-01 4.559572963420213676e-02 8.948929999999999385e-02 9.992980771009333241e-01 3.472446219072555795e-02 -1.405577560799298187e-02 7.142549000000000259e-01
-1.386631505991909978e-02 4.484947347544761959e-02 -9.988975172837472050e-01 -3.094659599999999955e+00 -3.414320467868867809e-02 9.983897504230954123e-01 4.530063823367723452e-02 9.113200000000000467e-02 9.993207527520521216e-01 3.473371530781653449e-02 -1.231268207935698467e-02 7.136529999999999818e-01
-1.321169313942526825e-02 4.482425203394538316e-02 -9.989075220429500801e-01 -3.149129600000000195e+00 -3.552191561199050107e-02 9.983430945758642316e-01 4.526874223944766379e-02 9.269109999999999849e-02 9.992815642628677386e-01 3.608118543346754831e-02 -1.159755931528017037e-02 7.126719000000000248e-01
-1.254931053110114152e-02 4.594557792399473622e-02 -9.988651153556341589e-01 -3.203534100000000162e+00 -3.721014596732074436e-02 9.982304048607817393e-01 4.638387487662702646e-02 9.436239999999999906e-02 9.992286624403269313e-01 3.775000239351034015e-02 -1.081746167107999756e-02 7.118442999999999854e-01
-1.179754318253655246e-02 4.557782846242232344e-02 -9.988911249618280808e-01 -3.257771500000000042e+00 -3.750084659716722280e-02 9.982377079136081077e-01 4.599092305968319888e-02 9.593649999999999400e-02 9.992269534391834407e-01 3.800184274526664102e-02 -1.006754531214582027e-02 7.113475999999999688e-01
-1.034049191931174158e-02 4.357080425563453208e-02 -9.989968264430990619e-01 -3.312413199999999946e+00 -3.775454987424181619e-02 9.983208718624371203e-01 4.393211544663928186e-02 9.748500000000000221e-02 9.992335403651437797e-01 3.817095519292954681e-02 -8.678132806043570291e-03 7.102355000000000196e-01
-9.131525258364896896e-03 4.231549604424151428e-02 -9.990625676307693936e-01 -3.421345000000000081e+00 -3.250648846814809673e-02 9.985636156249119155e-01 4.259147517488934276e-02 1.005830000000000057e-01 9.994298091681705909e-01 3.286494096499856243e-02 -7.742880693976994522e-03 7.089642000000000444e-01
-9.123221181663861840e-03 4.314045330747016266e-02 -9.990273610485833622e-01 -3.475943099999999841e+00 -3.030473659308565576e-02 9.985981068407067118e-01 4.339866304599834801e-02 1.020041000000000003e-01 9.994990694219250127e-01 3.067119662781994660e-02 -7.803071326309418687e-03 7.085955999999999921e-01
-8.992068245930535247e-03 4.628599122438446789e-02 -9.988877563195160958e-01 -3.530892099999999978e+00 -2.969790918354590567e-02 9.984751379340670585e-01 4.653421448430865304e-02 1.033796000000000020e-01 9.995184725150340066e-01 3.008331670414658710e-02 -7.603759418315814145e-03 7.079440000000000177e-01
-8.823087752039396325e-03 5.004148032403478441e-02 -9.987081672688468137e-01 -3.585541000000000089e+00 -3.232831321673897140e-02 9.982106857144316114e-01 5.030215790683840310e-02 1.050158999999999954e-01 9.994383589231904397e-01 3.273037079691160783e-02 -7.189543825337207927e-03 7.071184999999999832e-01
-8.178169036280050902e-03 5.001476040397587891e-02 -9.987149950275838739e-01 -3.639988400000000013e+00 -3.476705335395214452e-02 9.981303327891065669e-01 5.027017771393652024e-02 1.067663999999999974e-01 9.993619812421811188e-01 3.513349552834446610e-02 -6.424012738337592232e-03 7.061787000000000480e-01
-7.914322409797867192e-03 4.801283056755806938e-02 -9.988153641197579091e-01 -3.694615399999999994e+00 -3.563507573945322998e-02 9.981986667240962952e-01 4.826554803666977672e-02 1.085012000000000060e-01 9.993335303480199716e-01 3.597485025858492697e-02 -6.189125223744373905e-03 7.055223000000000466e-01
-7.903907473790765248e-03 4.577755349310937139e-02 -9.989203891416128522e-01 -3.748726599999999909e+00 -3.551668952631861775e-02 9.983084466754855724e-01 4.603053401243852732e-02 1.099716000000000027e-01 9.993378272695058184e-01 3.584216640445552632e-02 -6.264670438137609487e-03 7.051357999999999793e-01
-7.635541785463522378e-03 4.509148396628094579e-02 -9.989536808958470182e-01 -3.802645200000000170e+00 -3.290297088475908904e-02 9.984305432179672035e-01 4.531936535777654484e-02 1.115929999999999978e-01 9.994293837028205285e-01 3.321458178561893793e-02 -6.139914348530672861e-03 7.045268000000000086e-01
-8.056034372615948624e-03 4.664945535315755121e-02 -9.988788358081480689e-01 -3.857108600000000109e+00 -3.148175982688497521e-02 9.984042530062797738e-01 4.688119428059354943e-02 1.131521999999999945e-01 9.994718600883117920e-01 3.182414011762432771e-02 -6.574572030501490971e-03 7.041800999999999755e-01
-7.840246958553996962e-03 4.958929045634781485e-02 -9.987389212400127336e-01 -3.910860299999999956e+00 -3.035149352103194698e-02 9.982976433321795184e-01 4.980564384142872891e-02 1.146686999999999984e-01 9.995085379168459072e-01 3.070370644486529466e-02 -6.321791033868318088e-03 7.037170999999999843e-01
-7.143361506037644929e-03 5.180868845269670508e-02 -9.986314796696555973e-01 -3.964871399999999824e+00 -3.097457304489748334e-02 9.981662883907086448e-01 5.200612026485850609e-02 1.164424000000000015e-01 9.994946464144172094e-01 3.130368222954014318e-02 -5.525510636276265153e-03 7.031414000000000275e-01
-7.282411786210310316e-03 5.218080446297937436e-02 -9.986111005412326991e-01 -4.018262899999999860e+00 -3.192980224026954750e-02 9.981162290287919348e-01 5.238779512674117400e-02 1.181554999999999966e-01 9.994635832322621427e-01 3.226696445190406493e-02 -5.602570623045921572e-03 7.026624000000000203e-01
-6.820298111596403805e-03 4.993089134160584586e-02 -9.987293875837948143e-01 -4.071851299999999618e+00 -3.179725160872941270e-02 9.982367350238722237e-01 5.012340410437481769e-02 1.199449999999999961e-01 9.994710692780457428e-01 3.209870618439399775e-02 -5.220607003772359533e-03 7.020720999999999767e-01
-6.245486380900840996e-03 4.844885224847762101e-02 -9.988061386553805931e-01 -4.125576500000000202e+00 -3.022997474969710968e-02 9.983599602396506789e-01 4.861623614509556074e-02 1.217617000000000005e-01 9.995234577169755941e-01 3.049751639212947701e-02 -4.770635954790214406e-03 7.013682999999999446e-01
-5.951954270751109652e-03 4.973065358546605030e-02 -9.987449305675204503e-01 -4.178893099999999805e+00 -2.886515034606829469e-02 9.983378930408990382e-01 4.988240585774976477e-02 1.232107000000000063e-01 9.995655943137786714e-01 2.912582037678539473e-02 -4.506578693584728512e-03 7.007413999999999588e-01
-5.739025524449489074e-03 5.259414990850395238e-02 -9.985994787608448719e-01 -4.232428600000000429e+00 -2.734084983971705324e-02 9.982343457010025567e-01 5.273204901133069639e-02 1.250535000000000119e-01 9.996096945888787166e-01 2.760518897405254274e-02 -4.290923634264198760e-03 7.003549000000000024e-01
-5.764959213883261852e-03 5.520400475230168025e-02 -9.984584533692777431e-01 -4.285833799999999805e+00 -2.567539738134042016e-02 9.981376985370634669e-01 5.533451660983773612e-02 1.268084999999999907e-01 9.996537096487825291e-01 2.595481879039042428e-02 -4.336838362848705053e-03 7.002608999999999639e-01
-5.343558865985352860e-03 5.712571900917095408e-02 -9.983526924921529710e-01 -4.339427500000000215e+00 -2.642619057028323254e-02 9.980102067446183778e-01 5.724756488713828723e-02 1.287224999999999897e-01 9.996364853438418629e-01 2.668856424106174491e-02 -3.823311151593289381e-03 6.998286999999999702e-01
-4.960339593839607937e-03 5.893577995471087350e-02 -9.982494522273697157e-01 -4.392769799999999947e+00 -2.889445746927696637e-02 9.978364696673008849e-01 5.905497548432175892e-02 1.309028000000000136e-01 9.995701602982502987e-01 2.913680907422087907e-02 -3.246690361347837062e-03 6.991714999999999458e-01
-4.702049801658728795e-03 5.816952748558047726e-02 -9.982956459885853340e-01 -4.445646799999999566e+00 -3.084700750154224444e-02 9.978231577753360337e-01 5.828728794048135264e-02 1.328687000000000062e-01 9.995130578716130421e-01 3.106850301126662384e-02 -2.897458330399116377e-03 6.986293999999999560e-01
-4.786716226013140382e-03 5.448998093672242915e-02 -9.985028439244865162e-01 -4.498289599999999666e+00 -3.352963429404345885e-02 9.979440838748686593e-01 5.462022595391692603e-02 1.346922999999999870e-01 9.994262608976609563e-01 3.374088672019250057e-02 -2.949846005439904495e-03 6.981600000000000028e-01
-4.479440557588113166e-03 5.260719965566809653e-02 -9.986052358948855900e-01 -4.550781200000000304e+00 -3.453070873909047656e-02 9.980115685027584060e-01 5.273081915388835861e-02 1.367501999999999884e-01 9.993935985217572426e-01 3.471875111596978147e-02 -2.653969608004347336e-03 6.976563000000000070e-01
-4.254479905557251827e-03 5.098307597228826649e-02 -9.986904552288147219e-01 -4.603348699999999738e+00 -3.444336963770477933e-02 9.980994347114210408e-01 5.109963519186864339e-02 1.385284999999999989e-01 9.993975953987150884e-01 3.461566687419882077e-02 -2.490365057747134792e-03 6.970273999999999637e-01
-4.220904916827127387e-03 5.142853685682324816e-02 -9.986677573439776134e-01 -4.655977199999999705e+00 -3.297384065423270005e-02 9.981264206945416051e-01 5.154002467997353953e-02 1.403323999999999960e-01 9.994473021596449458e-01 3.314745704076532684e-02 -2.517200337327385462e-03 6.967651999999999735e-01
-4.154568095384470264e-03 5.347383020323889097e-02 -9.985606085998663950e-01 -4.708795099999999678e+00 -3.326222507745468099e-02 9.980092780852961587e-01 5.358269532752885783e-02 1.423626000000000058e-01 9.994380240649427538e-01 3.343696067320136439e-02 -2.367638929657078783e-03 6.962496999999999714e-01
-4.294878693372208844e-03 5.557825663700145108e-02 -9.984450968411839877e-01 -4.761667700000000281e+00 -3.160650691088868341e-02 9.979479135439134341e-01 5.568653853708209478e-02 1.442035000000000122e-01 9.994911619108504119e-01 3.179652878132434302e-02 -2.529430678482436079e-03 6.961201000000000194e-01
-4.902575766549347597e-03 5.443578278188889591e-02 -9.985052379951625534e-01 -4.814648599999999945e+00 -3.486332611902288187e-02 9.979009097402750106e-01 5.457401241845800249e-02 1.464637000000000022e-01 9.993800644613498596e-01 3.507876697454401921e-02 -2.994472369840961434e-03 6.955563999999999636e-01
-5.293514886425158134e-03 5.548417963218945509e-02 -9.984455340731863693e-01 -4.868095399999999628e+00 -3.901182056274878768e-02 9.976879654571745304e-01 5.564891228320344163e-02 1.486423000000000050e-01 9.992247277547365858e-01 3.924575636252551625e-02 -3.116737237272459993e-03 6.950138999999999623e-01
-5.135870546007994739e-03 5.492963082383813672e-02 -9.984770195108606528e-01 -4.921302299999999796e+00 -4.267652692444891954e-02 9.975684419442262252e-01 5.509916230430231959e-02 1.505753999999999981e-01 9.990757413146419408e-01 4.289451357138713422e-02 -2.779176509804859307e-03 6.939459999999999518e-01
-6.512094212599576354e-03 4.734254848067612209e-02 -9.988574851961218304e-01 -5.028681299999999688e+00 -4.345703105910039832e-02 9.979215832804931852e-01 4.758150979615953513e-02 1.544966999999999868e-01 9.990340730327942342e-01 4.371723603235311284e-02 -4.441192767367430072e-03 6.932222999999999580e-01
-7.414377140936439375e-03 4.644780796655448990e-02 -9.988932015719770297e-01 -5.083023500000000361e+00 -4.040128077903517440e-02 9.980911158916268011e-01 4.671039380716910522e-02 1.563506000000000062e-01 9.991560256151318375e-01 4.070289318106682513e-02 -5.523673023011155259e-03 6.929515000000000535e-01
-7.607733501425288647e-03 4.565130721632454369e-02 -9.989284661778400354e-01 -5.137901799999999852e+00 -3.593355756467907225e-02 9.982997118467927811e-01 4.589623914174673081e-02 1.581441000000000097e-01 9.993252232540302815e-01 3.624421989850608317e-02 -5.954384286519398550e-03 6.922433000000000058e-01
-8.233926276325478910e-03 4.716629477349817967e-02 -9.988531138738145909e-01 -5.193571099999999774e+00 -3.492011319440625761e-02 9.982641572311995448e-01 4.742634375505654781e-02 1.602987999999999913e-01 9.993561868285831817e-01 3.527056881909356595e-02 -6.572581122488596606e-03 6.918199000000000431e-01
-8.877167417592148405e-03 5.120615460502079413e-02 -9.986486497408417762e-01 -5.249535999999999980e+00 -3.409505221562109806e-02 9.980918129322581267e-01 5.148067959936256099e-02 1.622045000000000015e-01 9.993791689409250445e-01 3.450598046954847509e-02 -7.114351606508417802e-03 6.911049999999999693e-01
-9.332302426846324564e-03 5.120744231186161871e-02 -9.986444342123431683e-01 -5.305760900000000113e+00 -3.275620561983775408e-02 9.981362978674265252e-01 5.148749239280157874e-02 1.644287000000000110e-01 9.994198012471059434e-01 3.319229927837562266e-02 -7.637548285278294991e-03 6.903979999999999562e-01
-9.748783048666258971e-03 4.689839078145095069e-02 -9.988520922394770185e-01 -5.361566500000000346e+00 -3.287572571312436659e-02 9.983445189173125733e-01 4.719542569566572560e-02 1.664078999999999975e-01 9.994119010137441084e-01 3.329808537844192867e-02 -8.190825491032116545e-03 6.894974000000000380e-01
-1.071840228527879378e-02 4.320988298964589802e-02 -9.990085194153610626e-01 -5.417726499999999668e+00 -3.304449841813120181e-02 9.985049323214332251e-01 4.354263719693895335e-02 1.682763999999999927e-01 9.993964063257105845e-01 3.347844294155923744e-02 -9.274528638357204535e-03 6.886786999999999770e-01
-1.161736168394351607e-02 4.202448408120993545e-02 -9.990490376579186371e-01 -5.474390999999999785e+00 -3.200084592202095263e-02 9.985890616986670132e-01 4.237725470167635899e-02 1.698319000000000079e-01 9.994203233713931933e-01 3.246272621767630484e-02 -1.025615126334800120e-02 6.880570999999999771e-01
-1.247314746244381801e-02 4.771941729112804537e-02 -9.987828982345338114e-01 -5.588903400000000410e+00 -3.922641756546769304e-02 9.980683558560410340e-01 4.817515131059370986e-02 1.735704000000000136e-01 9.991524952465261622e-01 3.977957078971843669e-02 -1.057719199154871781e-02 6.856172999999999851e-01
-1.295801185047787060e-02 5.052240236122714639e-02 -9.986388620460017185e-01 -5.704403899999999972e+00 -5.176534764690774587e-02 9.973495815488470084e-01 5.112886628250713078e-02 1.778502000000000138e-01 9.985752043345949014e-01 5.235741632271383866e-02 -1.030835797459328518e-02 6.829927999999999555e-01
-1.283857264447975551e-02 4.857502123606748795e-02 -9.987370216249962240e-01 -5.761803600000000358e+00 -5.529882010371834494e-02 9.972562542830870624e-01 4.921385768666643873e-02 1.800242999999999982e-01 9.983873053818288490e-01 5.586081457678946510e-02 -1.011720550490757820e-02 6.818167000000000533e-01
-1.394923279702520863e-02 4.683648978453380102e-02 -9.988051672518707402e-01 -5.876696100000000200e+00 -5.715195319331820706e-02 9.972319766130857133e-01 4.756089850441103800e-02 1.835089000000000026e-01 9.982680367268919053e-01 5.774710421329700555e-02 -1.123382412250850670e-02 6.796685999999999561e-01
-1.463630066579733012e-02 4.604732968373888291e-02 -9.988320289877661295e-01 -5.934227899999999778e+00 -5.515118828523893346e-02 9.973811576859776817e-01 4.678859608606576737e-02 1.851140000000000008e-01 9.983707353150665931e-01 5.577158525607771311e-02 -1.205840555287263083e-02 6.788414999999999866e-01
-1.493750337279374854e-02 4.698241113500588317e-02 -9.987840227180895258e-01 -5.992127899999999840e+00 -5.539440982301964411e-02 9.973224900065301712e-01 4.774212277993044456e-02 1.867377000000000065e-01 9.983528085568484922e-01 5.604019959917955901e-02 -1.229494512134943207e-02 6.777328999999999715e-01
-1.561233124614474013e-02 5.183063596002247114e-02 -9.985338453397761826e-01 -6.050040700000000271e+00 -5.501228539779835086e-02 9.970983792914329680e-01 5.261625670559299389e-02 1.886767000000000027e-01 9.983636129028198303e-01 5.575309130781273131e-02 -1.271570844470981676e-02 6.766746999999999623e-01
-1.627594524125855480e-02 5.577311172796321770e-02 -9.983108001092063644e-01 -6.108194400000000357e+00 -5.350113260255004444e-02 9.969641162602462803e-01 5.657013080832083013e-02 1.908337999999999979e-01 9.984351368099723123e-01 5.433149084652753175e-02 -1.324260871753690783e-02 6.756427000000000405e-01
-1.608089238947566640e-02 5.472770374084667128e-02 -9.983718161803306623e-01 -6.165916000000000174e+00 -5.424573343932950070e-02 9.969826187378036941e-01 5.552529458130170403e-02 1.929242999999999930e-01 9.983981196414518644e-01 5.505030770091336179e-02 -1.306362577722774976e-02 6.743824999999999958e-01
-1.529959954596170173e-02 5.332727269419949151e-02 -9.984598761295977454e-01 -6.223484499999999642e+00 -5.387965866868060089e-02 9.970819490391175099e-01 5.407928699697523572e-02 1.952163000000000093e-01 9.984302202134507365e-01 5.462406875502068965e-02 -1.238169928431032130e-02 6.732152999999999610e-01
-1.405202203460935440e-02 5.258803689747700016e-02 -9.985174205050246776e-01 -6.281017799999999873e+00 -5.294271632165638286e-02 9.971761028148025119e-01 5.326245172320807908e-02 1.972783999999999927e-01 9.984986777483599862e-01 5.361266968126145172e-02 -1.122818704976358273e-02 6.721591999999999567e-01
-1.298140366793822456e-02 5.232454054382226077e-02 -9.985457553941572417e-01 -6.338577700000000092e+00 -5.306764077054832579e-02 9.971864631008577895e-01 5.294320835999270780e-02 1.990959999999999952e-01 9.985065391182263994e-01 5.367774459940977128e-02 -1.016814008865229990e-02 6.710059999999999913e-01
-1.215761423650441909e-02 5.429343085944848130e-02 -9.984510082029998124e-01 -6.395836799999999656e+00 -5.289997004879699177e-02 9.970915574424048522e-01 5.486364229538403386e-02 2.012586000000000097e-01 9.985258061687303233e-01 5.348503942776668824e-02 -9.250133647548897109e-03 6.701224000000000069e-01
-9.865853971734396891e-03 5.918324728395037149e-02 -9.981983811679596696e-01 -6.510029799999999867e+00 -5.573692300345080286e-02 9.966624803811733324e-01 5.964306845354675618e-02 2.054046999999999956e-01 9.983967449563905250e-01 5.622493611711664591e-02 -6.534234393587579071e-03 6.683065999999999729e-01
-8.873708339602784378e-03 5.353238164542192118e-02 -9.985266853798514530e-01 -6.624034400000000211e+00 -5.636506674750544482e-02 9.969516043530964877e-01 5.394884455052163796e-02 2.096977999999999898e-01 9.983707911146305625e-01 5.676074958240057144e-02 -5.829301501131256558e-03 6.667982999999999549e-01
-9.162246117512318211e-03 5.196625557049915772e-02 -9.986068102752273523e-01 -6.680902999999999814e+00 -5.338325815162781735e-02 9.971992128611586459e-01 5.238279887713392924e-02 2.116512000000000115e-01 9.985320630781963080e-01 5.378882924053252079e-02 -6.362456580130015915e-03 6.665149000000000212e-01
-9.422433537247341256e-03 5.141555712579710252e-02 -9.986328946272901019e-01 -6.737629899999999950e+00 -5.208275056478730430e-02 9.972964411716380706e-01 5.183816663416524612e-02 2.136794999999999944e-01 9.985983200666034287e-01 5.249998963646782674e-02 -6.719095796940632859e-03 6.660751999999999784e-01
-9.594057184233291402e-03 5.143131417343155959e-02 -9.986304491598176902e-01 -6.794574299999999845e+00 -4.957305564633113920e-02 9.974239634300436919e-01 5.184543691964087903e-02 2.159230000000000038e-01 9.987244195575830652e-01 5.000257091286890859e-02 -7.019735142589023091e-03 6.655429999999999957e-01
-9.730073924745995598e-03 5.005930465931918150e-02 -9.986988493427058078e-01 -6.851167199999999902e+00 -4.781612549640498755e-02 9.975803166438601544e-01 5.046909933065717169e-02 2.177777999999999936e-01 9.988087623784300817e-01 4.824497758068871378e-02 -7.312888232963499213e-03 6.648174999999999502e-01
-9.692245748382243703e-03 5.009469464461976246e-02 -9.986974426425729856e-01 -6.908188799999999574e+00 -4.725284004697503232e-02 9.976056681492254663e-01 5.049851467154616025e-02 2.198142999999999903e-01 9.988359372188448937e-01 4.768073452663743050e-02 -7.301922702437124713e-03 6.639840999999999660e-01
-9.935440976777034500e-03 5.236845358622806146e-02 -9.985784055754381994e-01 -6.964959600000000250e+00 -4.469211212661999832e-02 9.976065207905513432e-01 5.276215300604124303e-02 2.219570999999999905e-01 9.989514012834953549e-01 4.515279332619809294e-02 -7.571203905789025690e-03 6.633780000000000232e-01
-9.826617329058651151e-03 5.400025356956939665e-02 -9.984925689289281259e-01 -7.021818599999999577e+00 -4.231183878002629101e-02 9.976239998784824925e-01 5.436968976838766482e-02 2.239055000000000073e-01 9.990561274978104755e-01 4.278232673522867208e-02 -7.518419261974496060e-03 6.624632999999999772e-01
-1.061233094255177416e-02 5.249333897479778466e-02 -9.985648841188250469e-01 -7.078287600000000346e+00 -4.008698696444507048e-02 9.977959963906829488e-01 5.287894725537467533e-02 2.259990000000000054e-01 9.991398360129966072e-01 4.059062638099174281e-02 -8.484641531648184909e-03 6.623736000000000068e-01
