1.000000000000000000e+00 0.000000000000000000e+00 0.000000000000000000e+00 0.000000000000000000e+00 0.000000000000000000e+00 1.000000000000000000e+00 0.000000000000000000e+00 0.000000000000000000e+00 0.000000000000000000e+00 0.000000000000000000e+00 1.000000000000000000e+00 0.000000000000000000e+00
9.999988438731339802e-01 1.467672933209751606e-03 3.977292503606447995e-04 -1.442000000000000085e-04 -1.467526150811523022e-03 9.999988550684139055e-01 -3.690919373062081198e-04 -7.318999999999999551e-04 -3.982705012341135613e-04 3.685078325132564803e-04 9.999998527912817847e-01 3.284469999999999751e-02
9.999941109270912287e-01 3.407552716471527396e-03 4.082837502396639666e-04 -3.525000000000000030e-04 -3.407236423381136692e-03 9.999938966667712981e-01 -7.728966048674561651e-04 -1.349699999999999902e-03 -4.109149442733521810e-04 7.715009339581079505e-04 9.999996179675356700e-01 6.504559999999999509e-02
9.999931410236304608e-01 3.542858243886888407e-03 1.079843116939184500e-03 -4.623000000000000156e-04 -3.543129389154614679e-03 9.999936920250654948e-01 2.492874045756092341e-04 -3.014100000000000026e-03 -1.078953115379471719e-03 -2.531117186024955793e-04 9.999993858971277794e-01 1.269861999999999935e-01
9.999848998183301640e-01 3.379676379590265331e-03 4.333350077428457445e-03 -3.225999999999999810e-04 -3.425402357111786457e-03 9.999380735498097916e-01 1.058846939775623039e-02 -4.680899999999999991e-03 -4.297296128521119890e-03 -1.060315297751413324e-02 9.999345510546774340e-01 2.134148999999999907e-01
9.999740568872621527e-01 3.087002179854446589e-03 6.508146431358022461e-03 -1.571999999999999992e-04 -3.169630663110588678e-03 9.999140189839823556e-01 1.272431062020597074e-02 -5.607899999999999864e-03 -6.468306879693742385e-03 -1.274460893246988531e-02 9.998978627586261325e-01 2.658669000000000171e-01
9.999623006612310405e-01 4.129188350911592968e-03 7.638524717538216179e-03 2.720000000000000046e-05 -4.207024471243854015e-03 9.999391072459027363e-01 1.020209514586719636e-02 -6.099300000000000208e-03 -7.595933214299718621e-03 -1.023384599403702293e-02 9.999187817991890270e-01 2.901514000000000038e-01
9.999462939156369412e-01 2.483205971534273217e-03 1.006195669268547532e-02 4.996999999999999489e-04 -2.545102873266449645e-03 9.999778899983696734e-01 6.143449012811528359e-03 -6.804499999999999785e-03 -1.004647877353216645e-02 -6.168727787109803268e-03 9.999305051161012647e-01 3.348940000000000250e-01
9.998026454750797987e-01 5.807381623056498236e-03 1.899853730464434037e-02 1.510999999999999973e-03 -5.805246045286315514e-03 9.999831353793643407e-01 -1.675565864093043545e-04 -8.377799999999999483e-03 -1.899918996656080328e-02 5.723233480478519074e-05 9.998194974619540876e-01 4.097862999999999922e-01
9.993735271202324189e-01 -5.381344447437036785e-03 3.497991456827936885e-02 4.817199999999999781e-03 5.279374261021136869e-03 9.999815434549875759e-01 3.006818383768419898e-03 -1.015770000000000041e-02 -3.499544968532554423e-02 -2.820262632972109652e-03 9.993834922691103850e-01 4.825308999999999848e-01
9.989331601761176627e-01 -7.692297280690743664e-05 4.617938483144948952e-02 6.577900000000000240e-03 2.917776719580113774e-04 9.999891652362713490e-01 -4.645888058843613937e-03 -1.145209999999999978e-02 -4.617852711320489384e-02 4.654405753843714362e-03 9.989223594157524699e-01 5.251377000000000406e-01
9.995575117864837766e-01 -5.610228949814121107e-04 2.973997115877520872e-02 8.944799999999999279e-03 1.167096024032289242e-03 9.997919177195668805e-01 -2.036563648653208838e-02 -1.326789999999999914e-02 -2.972235720941665896e-02 2.039133433452028007e-02 9.993501763475972632e-01 5.860077000000000202e-01
9.996947769365635006e-01 -4.366341288366366521e-03 -2.431641481608783073e-02 6.730400000000000098e-03 3.703496232368312657e-03 9.996221219438368166e-01 -2.723779426014449889e-02 -1.402579999999999973e-02 2.442615568220636579e-02 2.713942490648307837e-02 9.993331849460088678e-01 6.159609999999999808e-01
9.959786628190293589e-01 -2.291639519943087545e-03 -8.956144034978913426e-02 2.688799999999999871e-03 -9.164950231537339481e-05 9.996462199180609076e-01 -2.659749243632671123e-02 -1.477849999999999997e-02 8.959070716088207709e-02 2.649874321250662856e-02 9.956260953784662471e-01 6.402425000000000477e-01
9.838224951937759588e-01 -6.284517797651796491e-04 -1.791449217785794079e-01 -5.593100000000000155e-03 -2.949690344529117512e-03 9.998014591579142962e-01 -1.970638456381498468e-02 -1.578919999999999976e-02 1.791217387074059697e-01 1.991600647886226580e-02 9.836253125089704508e-01 6.701182999999999446e-01
8.588251258757378936e-01 2.425969946269172783e-02 -5.116941177564023890e-01 -5.696310000000000262e-02 -1.533198671280606995e-02 9.996478098040557647e-01 2.166071414780284393e-02 -1.733029999999999987e-02 5.120393865201792183e-01 -1.075747814008296693e-02 8.588946054761924520e-01 7.634965000000000224e-01
8.310293968348445581e-01 2.718307243466415446e-02 -5.555638776678395452e-01 -6.688929999999999876e-02 -1.608394390510469590e-02 9.995618332912160620e-01 2.484850450149295870e-02 -1.729630000000000056e-02 5.559959067697997082e-01 -1.171417946401163979e-02 8.311024784313383318e-01 7.755973000000000450e-01
6.912615922656120127e-01 3.861791526431914562e-02 -7.215719421367827735e-01 -1.190596000000000015e-01 -1.834346426208414288e-02 9.991869260436950784e-01 3.590270382878112121e-02 -1.595840000000000106e-02 7.223717383572507700e-01 -1.158203108221520297e-02 6.914079318164741972e-01 8.235554000000000485e-01
5.641118727535445743e-01 3.722254264630183579e-02 -8.248589439034003101e-01 -1.704852000000000034e-01 -6.354318628971651964e-03 9.991494975633355979e-01 4.074192133043783720e-02 -1.439589999999999967e-02 8.256739172659205428e-01 -1.774158498777161225e-02 5.638686181273715459e-01 8.572769999999999557e-01
5.173987521113579957e-01 3.833774145042473380e-02 -8.548852255677892309e-01 -1.902612999999999943e-01 -4.510121329536796037e-03 9.991042471874784781e-01 4.207567061301302480e-02 -1.350930000000000013e-02 8.557325459039186732e-01 -1.791426337928231360e-02 5.171081985894009359e-01 8.676905999999999786e-01
4.674835882005304866e-01 3.777828424814314023e-02 -8.831941440036972235e-01 -2.110464999999999980e-01 -2.929108065705517128e-03 9.991471322707505820e-01 4.118772148437850611e-02 -1.272110000000000081e-02 8.839968976693846070e-01 -1.666761273853623743e-02 4.671955432113003015e-01 8.771586999999999579e-01
3.077534421121947972e-01 3.493855673630953673e-02 -9.508244402208432255e-01 -2.812469000000000219e-01 9.347289140651913672e-03 9.991663191437977209e-01 3.974034315850392268e-02 -1.035750000000000039e-02 9.514202263215856270e-01 -2.111785836249211595e-02 3.071702931671042025e-01 9.000911999999999802e-01
2.546861951215891873e-01 4.076584882814546229e-02 -9.661641100681643834e-01 -3.075494999999999757e-01 1.021284905312737704e-02 9.989419304153128731e-01 4.484102331957043330e-02 -9.277300000000000477e-03 9.669698235874299996e-01 -2.128767783129514868e-02 2.540003839442869227e-01 9.053900000000000281e-01
2.034794557683882454e-01 4.601649834756034452e-02 -9.779972356607298245e-01 -3.350519000000000136e-01 1.291327357391441888e-02 9.986818802124445282e-01 4.967644815143072018e-02 -8.329800000000000051e-03 9.789940543465038836e-01 -2.273728249297873177e-02 2.026170218393033018e-01 9.096123999999999876e-01
1.554512945550166891e-01 4.695732699966603807e-02 -9.867268641636426363e-01 -3.633507000000000264e-01 1.845283998680181947e-02 9.985572428805881140e-01 5.042742693356077471e-02 -7.240400000000000134e-03 9.876711941317266596e-01 -2.604692173299096719e-02 1.543605200517428333e-01 9.129760000000000097e-01
7.089564949431467755e-02 4.681422650409582803e-02 -9.963845819158395622e-01 -4.235821000000000169e-01 2.029126827465594501e-02 9.986236849930242299e-01 4.836321125358768180e-02 -5.316500000000000045e-03 9.972773291891202652e-01 -2.364664812983904851e-02 6.984815471892125149e-02 9.160055000000000280e-01
3.536944498978692591e-02 4.250811396827785388e-02 -9.984698606407579335e-01 -4.553479000000000276e-01 1.768501020277774699e-02 9.989119202193661451e-01 4.315340146253006381e-02 -3.790799999999999986e-03 9.992178154813106117e-01 -1.918426153174902782e-02 3.457920378261147842e-02 9.159656000000000464e-01
-1.429765763510974438e-02 4.681930193053900069e-02 -9.988010462313733351e-01 -5.230544000000000304e-01 1.425031616271241197e-02 9.988112417732510906e-01 4.661578913457228857e-02 -1.063200000000000039e-03 9.997962319770022921e-01 -1.356673409900841995e-02 -1.494785103200046983e-02 9.139924000000000381e-01
-2.739026953674177436e-02 5.273355854808015053e-02 -9.982329111673091671e-01 -5.589372000000000229e-01 1.561188524806163269e-02 9.985083445026722293e-01 5.231973812562826232e-02 3.570000000000000040e-04 9.995028975314208530e-01 -1.415124593062982647e-02 -2.817268295538855050e-02 9.127754000000000145e-01
-3.528290307670628456e-02 5.540416165654864222e-02 -9.978404159090846770e-01 -5.956242000000000480e-01 1.543881450135566047e-02 9.983731608916942557e-01 5.488783670286056376e-02 1.811799999999999912e-03 9.992581046742993189e-01 -1.346887086069883249e-02 -3.608087804454507275e-02 9.112670999999999966e-01
-3.945073177074743392e-02 5.263896758124080033e-02 -9.978340437441152178e-01 -6.331805999999999823e-01 1.664112773233742890e-02 9.985075610694404968e-01 5.201656808127218257e-02 3.265800000000000126e-03 9.990829358119114323e-01 -1.455299210261150680e-02 -4.026782574603149367e-02 9.097950000000000204e-01
-3.451835879766924908e-02 4.698098052438228617e-02 -9.982991888080862131e-01 -7.119016999999999706e-01 3.606378342161358636e-02 9.983024546615523187e-01 4.573415071954520239e-02 6.774200000000000187e-03 9.987531659180032273e-01 -3.442377791130341036e-02 -3.615407422516780933e-02 9.081881000000000537e-01
-2.899258886300297780e-02 4.718653336496519274e-02 -9.984652527053796689e-01 -7.531253999999999449e-01 3.634712883303186509e-02 9.982743303954809688e-01 4.612209339404668013e-02 8.380000000000000296e-03 9.989185732664178641e-01 -3.495414628411353669e-02 -3.065765224104632924e-02 9.071101999999999776e-01
-2.364164062551616860e-02 4.596928536918624270e-02 -9.986630551047636084e-01 -7.950112000000000290e-01 3.458416604160700208e-02 9.983819560949332983e-01 4.513762513979925617e-02 9.580099999999999380e-03 9.991221188061748526e-01 -3.347080140511726754e-02 -2.519319681101828134e-02 9.058256999999999559e-01
-1.780070866733584820e-02 2.068662864415617142e-02 -9.996275297160834850e-01 -9.264841999999999800e-01 2.854397094050294126e-02 9.993889511538012194e-01 2.017339918439239529e-02 1.314159999999999981e-02 9.994340280848397207e-01 -2.817423835783139027e-02 -1.838031009171892105e-02 9.029726999999999615e-01
-1.944767877107472440e-02 1.764910326506025431e-02 -9.996550889903756953e-01 -9.726137999999999728e-01 2.315066741160480210e-02 9.995840603580155026e-01 1.719746715596969996e-02 1.418819999999999977e-02 9.995428126842862415e-01 -2.280823167460898152e-02 -1.984817823033169226e-02 9.017422999999999966e-01
-2.273471820212642769e-02 2.384259552770337173e-02 -9.994571842889377056e-01 -1.019837899999999964e+00 1.361153877669101300e-02 9.996302970651005371e-01 2.353710266089297995e-02 1.506569999999999958e-02 9.996488676532375717e-01 -1.306904082330136510e-02 -2.305084752364527922e-02 8.996722999999999804e-01
-3.206213149732026896e-02 4.142991916026613625e-02 -9.986268479878868121e-01 -1.117589799999999967e+00 7.211827102306160586e-03 9.991241080181832990e-01 4.121900443625520216e-02 1.741349999999999842e-02 9.994598587605680873e-01 -5.880355026985771560e-03 -3.233283394726815807e-02 8.957207000000000363e-01
-3.357596318373778227e-02 5.139677068986450714e-02 -9.981137343303805309e-01 -1.167716399999999988e+00 5.832157507500428106e-03 9.986698919338432567e-01 5.122921904200225529e-02 1.920380000000000004e-02 9.994191516251285101e-01 -4.101086136528306336e-03 -3.383105758631832494e-02 8.935807000000000055e-01
-3.462619222991901446e-02 5.917613727393140899e-02 -9.976468371066954388e-01 -1.218253500000000100e+00 7.671264150771069795e-03 9.982317807729547132e-01 5.894458042250192570e-02 2.110549999999999926e-02 9.993708913701587759e-01 -5.612186044005269825e-03 -3.501892131150929899e-02 8.917551000000000228e-01
-3.807670248267767260e-02 5.738364923936595252e-02 -9.976258224043815792e-01 -1.319582000000000033e+00 7.529958114050123302e-03 9.983379381442526457e-01 5.713721197856148903e-02 2.543020000000000003e-02 9.992464483093476124e-01 -5.336484035002416609e-03 -3.844551312309230084e-02 8.875604999999999745e-01
-4.097819909685045808e-02 5.259486608989881462e-02 -9.977748078899190132e-01 -1.370024200000000025e+00 7.386064937876652553e-03 9.986022627279546038e-01 5.233514038714962707e-02 2.745560000000000014e-02 9.991327405522815175e-01 -5.225029721906117308e-03 -4.130939143697043292e-02 8.852465999999999946e-01
-4.548131352375523601e-02 4.749909953733036372e-02 -9.978352998683180930e-01 -1.421381999999999923e+00 7.436720614827207337e-03 9.988573600324128776e-01 4.720878621163194372e-02 2.939309999999999840e-02 9.989375082089221314e-01 -5.273504737965832578e-03 -4.578258228985965239e-02 8.828268000000000226e-01
-5.121492798630037507e-02 4.291066694722324437e-02 -9.977653560900490159e-01 -1.472868400000000078e+00 7.826011104135919411e-03 9.990630579946403467e-01 4.256477065127842185e-02 3.115110000000000101e-02 9.986569905135376235e-01 -5.628571092424237282e-03 -5.150276192498337569e-02 8.802143000000000050e-01
-5.825803884521275899e-02 4.107502070275170086e-02 -9.974561862980140248e-01 -1.524368399999999957e+00 6.864898772080858802e-03 9.991460493209507465e-01 4.074365338534890330e-02 3.271280000000000021e-02 9.982779543167119574e-01 -4.473790406902163064e-03 -5.849026521256628364e-02 8.771183000000000174e-01
-6.487916647929116432e-02 4.344817026201304444e-02 -9.969468141570217989e-01 -1.576721400000000051e+00 6.852200095851797984e-03 9.990475324689744863e-01 4.309379562651489276e-02 3.447349999999999720e-02 9.978696012559949979e-01 -4.035389514848670978e-03 -6.511508673621357879e-02 8.734549999999999814e-01
-7.732376642960078761e-02 5.118533291882676473e-02 -9.956912658244668757e-01 -1.682612500000000066e+00 2.585903121302159796e-03 9.986882189984614966e-01 5.113857974883731505e-02 3.796059999999999712e-02 9.970026821680008089e-01 1.379466443891828875e-03 -7.735469489399071641e-02 8.648833999999999689e-01
-8.500199967497014397e-02 5.485884498662208647e-02 -9.948694221745838506e-01 -1.788211199999999890e+00 -4.510558562070617061e-03 9.984517342863578060e-01 5.544176369870086607e-02 4.208030000000000104e-02 9.963705710792117864e-01 9.200077570228556295e-03 -8.462294996032260208e-02 8.555080000000000462e-01
-8.790055766603946386e-02 5.558939616004010542e-02 -9.945769507667878706e-01 -1.894987600000000105e+00 -9.781033534684669545e-03 9.983453657863813335e-01 5.666446854819900264e-02 4.645989999999999842e-02 9.960812333062964985e-01 1.470882889351082107e-02 -8.721139264791488710e-02 8.449362999999999735e-01
-9.032794686230420644e-02 5.382291420083561151e-02 -9.944566133937516872e-01 -2.001972199999999980e+00 -1.144596653508960990e-02 9.984165093380886757e-01 5.507688926604221991e-02 5.091520000000000074e-02 9.958462993181819156e-01 1.635749944446751938e-02 -8.956885812717441109e-02 8.346742999999999801e-01
-9.209940778466997602e-02 5.117365295225183297e-02 -9.944339879193767606e-01 -2.109024499999999858e+00 -1.880333453119056517e-02 9.984110992533350437e-01 5.311978443344275019e-02 5.448200000000000265e-02 9.955722644269581201e-01 2.359097563200337339e-02 -9.099083565122922934e-02 8.241652000000000422e-01
-9.134954082603036207e-02 4.529184992165669055e-02 -9.947883743397621936e-01 -2.217528100000000002e+00 -2.529427482226251356e-02 9.985373144990588035e-01 4.778526147489027542e-02 5.882420000000000010e-02 9.954975946992984381e-01 2.952761222452474077e-02 -9.007030067801946593e-02 8.133915000000000450e-01
-8.828374440917351185e-02 5.270520512410111630e-02 -9.947000260510311387e-01 -2.327065000000000161e+00 -2.597529300834468952e-02 9.981377870514069883e-01 5.519277319768192691e-02 6.282079999999999609e-02 9.957566292153049448e-01 3.071024931430127447e-02 -8.675030813102102556e-02 8.035487999999999520e-01
-8.707834522283225409e-02 5.229601114368502557e-02 -9.948278690365048860e-01 -2.381940600000000074e+00 -2.418560647501541427e-02 9.982158424161746701e-01 5.459110173647671593e-02 6.508200000000000096e-02 9.959078362141193796e-01 2.881421815399873299e-02 -8.565817298708178207e-02 7.991713999999999762e-01
-8.036707148097413378e-02 5.198064750378439403e-02 -9.954090345715472798e-01 -2.492209200000000013e+00 -2.887922906083750796e-02 9.980986368555744281e-01 5.445274314390315118e-02 6.974669999999999481e-02 9.963468893665620163e-01 3.312285301919999647e-02 -7.871310346724236240e-02 7.894377000000000200e-01
-7.491456610272667627e-02 5.300215753309130834e-02 -9.957803869741951308e-01 -2.547374700000000214e+00 -3.360700737763146900e-02 9.978850038877559170e-01 5.564250237950359862e-02 7.175950000000000384e-02 9.966234880037497801e-01 3.763363273417292404e-02 -7.297487818742398602e-02 7.849049999999999638e-01
-6.925908808438267783e-02 5.252082491922142188e-02 -9.962152085104524213e-01 -2.602517600000000098e+00 -3.758425222627404666e-02 9.977668390185361336e-01 5.521556790933647429e-02 7.408720000000000583e-02 9.968904667526475860e-01 4.126618354976897829e-02 -6.713046546036482987e-02 7.806935000000000402e-01
-5.740583383783249422e-02 5.088784394997901417e-02 -9.970531568474702011e-01 -2.715074299999999941e+00 -3.886385332662802006e-02 9.978291826000520448e-01 5.316505672260974508e-02 7.861709999999999532e-02 9.975941916160045997e-01 4.180131205876858741e-02 -5.530351855149850948e-02 7.730698999999999765e-01
-5.210709589397161112e-02 5.073379512898451571e-02 -9.973519602373610571e-01 -2.770953700000000186e+00 -3.710853554213154604e-02 9.979205937241060198e-01 5.270147257189210233e-02 8.059120000000000172e-02 9.979518060244265687e-01 3.975639134953978804e-02 -5.011608723201999016e-02 7.701403999999999472e-01
-4.687827038332267188e-02 5.175266625524933134e-02 -9.975590655702254450e-01 -2.827295499999999961e+00 -3.580345460487862480e-02 9.979282275518144285e-01 5.345432904499251153e-02 8.258500000000000563e-02 9.982587542337032493e-01 3.822190720995894547e-02 -4.492822503737270434e-02 7.675070999999999977e-01
-4.120326235746109289e-02 5.331641858360333663e-02 -9.977272426272224548e-01 -2.884047499999999875e+00 -3.511310786909044301e-02 9.978811554512119208e-01 5.477471361064289307e-02 8.461169999999999802e-02 9.985336052566663456e-01 3.729020118975393677e-02 -3.924385389270301783e-02 7.650900000000000478e-01
-3.568426975681956992e-02 5.447387099350856077e-02 -9.978773623401351323e-01 -2.940893200000000096e+00 -3.597692530725755955e-02 9.977960374537957478e-01 5.575597265710158928e-02 8.699949999999999350e-02 9.987153216694728552e-01 3.789017049956409228e-02 -3.364582057485621114e-02 7.627530999999999617e-01
-3.026630382269189859e-02 5.369174685042454181e-02 -9.980987662416292983e-01 -2.997916200000000142e+00 -3.566524530138016208e-02 9.978623519695662969e-01 5.476054053200768434e-02 8.922230000000000438e-02 9.989053714594317013e-01 3.725483649024917410e-02 -2.828667579585686376e-02 7.609150000000000080e-01
-2.567538591025216380e-02 4.901961823723098577e-02 -9.984677519009995672e-01 -3.054758500000000154e+00 -3.609494383332342848e-02 9.981002830243429491e-01 4.992975121503775288e-02 9.156469999999999887e-02 9.990184831063083637e-01 3.732160305510024562e-02 -2.385724957677815006e-02 7.594914999999999861e-01
-2.135090783588468669e-02 4.381857256192796951e-02 -9.988113292475304661e-01 -3.111558399999999835e+00 -3.560955063684505956e-02 9.983718357367340479e-01 4.456049271614716950e-02 9.353150000000000353e-02 9.991376775189821924e-01 3.651862957859852016e-02 -1.975578537227973275e-02 7.580664000000000291e-01
-1.782487788918874980e-02 4.326201226624425134e-02 -9.989047362100708094e-01 -3.168715000000000170e+00 -3.550017701885715971e-02 9.984061390369872724e-01 4.387389844640881414e-02 9.532630000000000270e-02 9.992106940780135504e-01 3.624334184276222642e-02 -1.626065841850710125e-02 7.570759999999999712e-01
-1.429407606686484283e-02 4.580924770651165906e-02 -9.988479324771906143e-01 -3.225947099999999956e+00 -3.505501284277613011e-02 9.983129359850061446e-01 4.628636861528207663e-02 9.681330000000000491e-02 9.992831557991896929e-01 3.567624797481407789e-02 -1.266411727883520744e-02 7.558818999999999955e-01
-1.220002745309910555e-02 4.526925673392605959e-02 -9.989003222168374441e-01 -3.283621800000000146e+00 -3.533357341960315784e-02 9.983312735602954957e-01 4.567501309118567748e-02 9.884750000000000481e-02 9.993011047324752427e-01 3.585195428754699848e-02 -1.058014433826393041e-02 7.550272000000000094e-01
-1.171337706217676598e-02 4.518238577435013115e-02 -9.989100804444497328e-01 -3.341452600000000217e+00 -3.621203473789826044e-02 9.983041560477565746e-01 4.557960682056844820e-02 1.005138000000000004e-01 9.992754802045031859e-01 3.670645765412624412e-02 -1.005736687932368145e-02 7.542086999999999541e-01
-1.098852458635719842e-02 4.638066932185259950e-02 -9.988633969871315577e-01 -3.399222899999999825e+00 -3.783088994693385720e-02 9.981892643681014032e-01 4.676554571574482316e-02 1.022007999999999944e-01 9.992237367543056470e-01 3.830177559233254730e-02 -9.214005276566572533e-03 7.534163999999999861e-01
-9.985866915880093481e-03 4.621681219985011163e-02 -9.988815188659873057e-01 -3.456709899999999891e+00 -3.799048735362526436e-02 9.981925910670742530e-01 4.656472924257971241e-02 1.038048000000000026e-01 9.992282048323956056e-01 3.841298489943869438e-02 -8.212019151410010487e-03 7.526589000000000196e-01
-8.631305666630196063e-03 4.405528049858521006e-02 -9.989918081859732180e-01 -3.514714999999999812e+00 -3.870645750481659791e-02 9.982655991442179744e-01 4.435767929754026034e-02 1.056330999999999937e-01 9.992133459426555397e-01 3.905029865988968868e-02 -6.911111680214188091e-03 7.517392999999999992e-01
-7.978246974280577691e-03 4.303595869601044982e-02 -9.990416677167838211e-01 -3.572482100000000216e+00 -3.729533926889187084e-02 9.983655458885979384e-01 4.330467008741722967e-02 1.071562999999999960e-01 9.992724379487486486e-01 3.760509329435414438e-02 -6.360166215381934940e-03 7.511872000000000549e-01
-7.450671791060610102e-03 4.248405311385533567e-02 -9.990693633181237931e-01 -3.630886600000000186e+00 -3.350244463830488739e-02 9.985256008709484377e-01 4.271077859941999066e-02 1.090243999999999935e-01 9.994108633055374113e-01 3.378949002767686616e-02 -6.016366889603275148e-03 7.506926999999999905e-01
-7.369508361311310173e-03 4.367711511786592782e-02 -9.990185183276100167e-01 -3.689284600000000136e+00 -3.153523338071682891e-02 9.985385850378403205e-01 4.388875990787731440e-02 1.103795000000000054e-01 9.994754721363282579e-01 3.182772071022779703e-02 -5.981370432890042999e-03 7.502965000000000328e-01
-7.307418832503002719e-03 4.670715072792479272e-02 -9.988818967730296317e-01 -3.747684700000000202e+00 -3.133118179505417489e-02 9.984074406444480854e-01 4.691417177280543527e-02 1.119011000000000033e-01 9.994823453555005122e-01 3.163897180190820835e-02 -5.832391103690715006e-03 7.496587999999999585e-01
-7.015035362138585806e-03 5.041971083728059161e-02 -9.987034805376183710e-01 -3.806054399999999838e+00 -3.433119268262530693e-02 9.981271431702040120e-01 5.063176153241710775e-02 1.137400999999999968e-01 9.993858906787990160e-01 3.464186522074277907e-02 -5.270928397492435913e-03 7.487072000000000171e-01
-6.226516739627537683e-03 5.063025111393353039e-02 -9.986980565523452258e-01 -3.864049399999999856e+00 -3.608673933560616054e-02 9.980555115114881914e-01 5.082266409453398831e-02 1.154739000000000043e-01 9.993292639232652652e-01 3.635620461051802116e-02 -4.387328675058976835e-03 7.478538000000000130e-01
-5.941446284687062519e-03 4.850280754374389214e-02 -9.988053748736139825e-01 -3.922398299999999782e+00 -3.708119031512063790e-02 9.981253597091868102e-01 4.869036486020927867e-02 1.174087999999999937e-01 9.992945934712446077e-01 3.732618338085265386e-02 -4.131766372748812977e-03 7.472151999999999683e-01
-5.711907398838556374e-03 4.612134830621746756e-02 -9.989195139470867790e-01 -3.979948999999999959e+00 -3.745010989142365937e-02 9.982251656934946205e-01 4.630343232758941246e-02 1.191142000000000034e-01 9.992821740544499676e-01 3.767412648770946532e-02 -3.974520147222992961e-03 7.467445000000000332e-01
-6.105326781368719188e-03 4.559178392978861794e-02 -9.989414968970865560e-01 -4.037711599999999734e+00 -3.457530835684463622e-02 9.983531854685263607e-01 4.577625057685770493e-02 1.208434000000000036e-01 9.993834464493204228e-01 3.481818925426226341e-02 -4.518922452594664740e-03 7.467445999999999806e-01
-6.181953284755527765e-03 4.711097350996350241e-02 -9.988705319652436687e-01 -4.095551000000000386e+00 -3.321020269313212925e-02 9.983289272816310289e-01 4.729096520255046676e-02 1.225062999999999985e-01 9.994292700790118333e-01 3.346504336843561522e-02 -4.607057811938486402e-03 7.462912000000000434e-01
-5.996620955966052227e-03 4.976652783685740072e-02 -9.987428764422668914e-01 -4.152554000000000300e+00 -3.202299075817100632e-02 9.982390266762095621e-01 4.993369286800115187e-02 1.243691999999999992e-01 9.994691433956387483e-01 3.228216733116089782e-02 -4.392388005443725874e-03 7.458900000000000530e-01
-5.404123952672064760e-03 5.210311386889918128e-02 -9.986270880411107775e-01 -4.210376300000000072e+00 -3.243590505214205555e-02 9.981070542677874524e-01 5.225150987606381331e-02 1.261741000000000112e-01 9.994592075256258923e-01 3.267374704628311227e-02 -3.703882584926931898e-03 7.453864999999999519e-01
-5.455299107859539268e-03 5.241625447234393720e-02 -9.986104225265899359e-01 -4.267089799999999933e+00 -3.347250733311911419e-02 9.980561030032170100e-01 5.257001532115183201e-02 1.280776999999999888e-01 9.994247500259727524e-01 3.371277984863210037e-02 -3.690191106107021390e-03 7.450170000000000403e-01
-5.038790561007791893e-03 5.025349294983842696e-02 -9.987237841545693051e-01 -4.324252099999999821e+00 -3.347527422560463151e-02 9.981682260739767054e-01 5.039442897633748114e-02 1.299520000000000119e-01 9.994268440487290572e-01 3.368647952326112721e-02 -3.347311178549139399e-03 7.444574000000000469e-01
-4.665015009547110285e-03 4.887126903782729875e-02 -9.987941913615604461e-01 -4.380880799999999908e+00 -3.188467218133556741e-02 9.982899412979066023e-01 4.899551799206689623e-02 1.318122999999999934e-01 9.994806678044602100e-01 3.207479019501901368e-02 -3.098793167677693638e-03 7.439329999999999554e-01
-4.296066993754007329e-03 4.999280251416251403e-02 -9.987403383788828748e-01 -4.437409399999999948e+00 -3.053673978838748054e-02 9.982772159779622623e-01 5.010097386663637381e-02 1.334704999999999919e-01 9.995244125740410102e-01 3.071351096942539355e-02 -2.762048596512300946e-03 7.435228000000000392e-01
-4.087097074078277839e-03 5.301346099314288574e-02 -9.985854337967460248e-01 -4.494185400000000108e+00 -2.887187501908645981e-02 9.981712182539430600e-01 5.310964020139284647e-02 1.353399999999999881e-01 9.995747648227165660e-01 2.904809809553235422e-02 -2.549024645431607894e-03 7.431434000000000095e-01
-4.189308548739149700e-03 5.537912985846207836e-02 -9.984566098083597074e-01 -4.551014900000000196e+00 -2.703483322152275270e-02 9.980941459457332021e-01 5.547245822515910196e-02 1.373917000000000055e-01 9.996257136981659963e-01 2.722549916855826133e-02 -2.684158798380353872e-03 7.432710000000000150e-01
-3.736666375156232067e-03 5.740613119072640602e-02 -9.983439154049641440e-01 -4.607872999999999664e+00 -2.788142693951566053e-02 9.979567775351525505e-01 5.748822665094636269e-02 1.393175000000000108e-01 9.996042533704113664e-01 2.805006726136744649e-02 -2.128466681800333937e-03 7.430402999999999869e-01
-3.516826366787475632e-03 5.926172952268346505e-02 -9.982362843266551211e-01 -4.664267500000000233e+00 -3.047568063331190444e-02 9.977724250938946327e-01 5.934155889580863125e-02 1.416784000000000099e-01 9.995293216420629845e-01 3.063062415669411814e-02 -1.702950829912674990e-03 7.424357000000000317e-01
-3.236560325264239892e-03 5.865604427553293421e-02 -9.982730053182885532e-01 -4.720044099999999965e+00 -3.248254509811979163e-02 9.977452732510980749e-01 5.873034964173462491e-02 1.436189999999999967e-01 9.994670624593936514e-01 3.261653223502621046e-02 -1.323965162667084527e-03 7.418396999999999908e-01
-3.336883579355373695e-03 5.507026478850066131e-02 -9.984769056638727047e-01 -4.775802599999999565e+00 -3.509484750864372282e-02 9.978609294927055506e-01 5.515357713057900124e-02 1.455058999999999936e-01 9.993784152593665482e-01 3.522543581104579935e-02 -1.397063205091475524e-03 7.414975999999999789e-01
-2.824994710526314377e-03 5.316683687895885912e-02 -9.985816475687759874e-01 -4.831822400000000073e+00 -3.615334242512445451e-02 9.979273757478732687e-01 5.323427997498045294e-02 1.477779999999999927e-01 9.993422613080950034e-01 3.625245080334692227e-02 -8.969806986314221575e-04 7.408531000000000422e-01
-2.462677819830680695e-03 5.160176441894613608e-02 -9.986647050571114681e-01 -4.887738699999999881e+00 -3.632849350347866491e-02 9.980038946556299972e-01 5.165720484077707814e-02 1.497142999999999946e-01 9.993368680168482898e-01 3.640719930241653052e-02 -5.831476920112876883e-04 7.401874999999999982e-01
-2.466151765105843892e-03 5.175646295519918672e-02 -9.986566910794913987e-01 -4.943902999999999714e+00 -3.463514041767203067e-02 9.980561311536628732e-01 5.181086869403571382e-02 1.518245000000000011e-01 9.993969807557554486e-01 3.471638818986735875e-02 -6.687655275439130520e-04 7.400605999999999574e-01
-2.624908103263262106e-03 5.383513283571203512e-02 -9.985463876706033304e-01 -5.000148300000000212e+00 -3.476980164231173454e-02 9.979411346515032477e-01 5.389390192057567225e-02 1.539993000000000056e-01 9.993919004830906783e-01 3.486072636982157774e-02 -7.476668808412689771e-04 7.397945999999999689e-01
-2.719128414559364177e-03 5.598236259853890673e-02 -9.984280552040548651e-01 -5.056368400000000207e+00 -3.336267050020431946e-02 9.978708477078629402e-01 5.604197990690479303e-02 1.559404000000000068e-01 9.994396122616714395e-01 3.346261156390571700e-02 -8.456178588648333161e-04 7.396091000000000193e-01
-3.122503258055559991e-03 5.493979847548261658e-02 -9.984847863221939512e-01 -5.112792500000000295e+00 -3.671944455141876867e-02 9.978099804997193623e-01 5.501749909787741200e-02 1.582680999999999949e-01 9.993207354824771294e-01 3.683559906697618513e-02 -1.098306031244167258e-03 7.390649000000000246e-01
-3.531536676429339241e-03 5.626015203435850293e-02 -9.984098975579989155e-01 -5.169485100000000166e+00 -4.112189855632850805e-02 9.975634193711643283e-01 5.635790797779387240e-02 1.605077000000000031e-01 9.991478958131403409e-01 4.125554054404477478e-02 -1.209407537853035564e-03 7.384395999999999738e-01
-3.641212572262094056e-03 5.542986479929810223e-02 -9.984559437748544708e-01 -5.226228200000000434e+00 -4.429929117076502471e-02 9.974734225204392457e-01 5.553687214030775254e-02 1.627236999999999989e-01 9.990116687870925771e-01 4.443311213152466299e-02 -1.176509046278528814e-03 7.376595000000000235e-01
-4.034040075256078300e-03 5.165508033199264076e-02 -9.986568375556075239e-01 -5.283146900000000201e+00 -4.509864609944467390e-02 9.976394459670371306e-01 5.178463064057003962e-02 1.648658000000000068e-01 9.989743933858707958e-01 4.524697256699732051e-02 -1.694943318556352274e-03 7.371678000000000397e-01
-5.643590340465676897e-03 4.688761440991132123e-02 -9.988842282782405269e-01 -5.398316399999999682e+00 -4.221333928470233365e-02 9.979985370665932498e-01 4.708454098081839290e-02 1.689521999999999968e-01 9.990926803227532238e-01 4.243196469511205382e-02 -3.653012128251975632e-03 7.365391000000000021e-01
-6.677019267804321437e-03 4.785714637655528320e-02 -9.988318732171046488e-01 -5.515709400000000429e+00 -3.703992453974497973e-02 9.981568451218362226e-01 4.807240920229372688e-02 1.730791000000000135e-01 9.992914797013867645e-01 3.731763761434717802e-02 -4.892087396694111412e-03 7.356920999999999600e-01
-7.506262262827523291e-03 5.192131664346556763e-02 -9.986229683443350602e-01 -5.635978699999999897e+00 -3.490352590880660411e-02 9.980289727455750048e-01 5.215278937454454616e-02 1.775843000000000005e-01 9.993624967477892085e-01 3.524693516351918438e-02 -5.679230194644113716e-03 7.342528000000000388e-01
-9.210854534845882083e-03 4.378726292532809233e-02 -9.989984162971661252e-01 -5.755095500000000364e+00 -3.506264195840467363e-02 9.984123080190347999e-01 4.408485380491219963e-02 1.816868000000000094e-01 9.993426696071945337e-01 3.543358296322783596e-02 -7.660933412673820442e-03 7.331792999999999783e-01
-9.689279825672709318e-03 4.275974987928703869e-02 -9.990383984846232801e-01 -5.815713900000000436e+00 -3.435141075096018876e-02 9.984813648053543211e-01 4.306906913152152433e-02 1.832621999999999862e-01 9.993628462354796627e-01 3.473568664497327790e-02 -8.205707612606971679e-03 7.321526000000000423e-01
-1.088575578445018753e-02 4.838210393647278396e-02 -9.987695792021709096e-01 -5.937805700000000186e+00 -4.152756854590909652e-02 9.979451538931467525e-01 4.879478324419956464e-02 1.873536000000000090e-01 9.990780556951823765e-01 4.200764025583848121e-02 -8.854196093939226131e-03 7.301191999999999682e-01
-1.111417997465604171e-02 5.180981283136847082e-02 -9.985951223082706329e-01 -5.998827499999999979e+00 -4.696085641500355456e-02 9.975278353406503706e-01 5.227710479134913685e-02 1.893100000000000060e-01 9.988348977525068895e-01 4.747589930664659202e-02 -8.653670710442984415e-03 7.286648999999999488e-01
-1.135637316525428368e-02 5.137519540945691826e-02 -9.986148517247136480e-01 -6.060533999999999644e+00 -5.400406944978847906e-02 9.971901949835950685e-01 5.191604291008734828e-02 1.919314000000000020e-01 9.984761355542725036e-01 5.451884376268195664e-02 -8.549994350077638749e-03 7.274093999999999838e-01
-1.109756324743032402e-02 4.934153750477750233e-02 -9.987203095795310626e-01 -6.121431399999999634e+00 -5.741685844421885732e-02 9.971024686940588300e-01 4.989961212885402064e-02 1.941699000000000064e-01 9.982886097999746911e-01 5.789714674211654533e-02 -8.232371636169300011e-03 7.260180000000000522e-01
-1.215775678323115921e-02 4.763206349942105539e-02 -9.987909568457189469e-01 -6.242992400000000330e+00 -5.926914382640926376e-02 9.970742283553759577e-01 4.827164529634277862e-02 1.979811999999999961e-01 9.981680006592497101e-01 5.978435979684518925e-02 -9.299074340876734013e-03 7.239219999999999544e-01
-1.282928039411955837e-02 4.669812012031532289e-02 -9.988266592065903060e-01 -6.304331300000000304e+00 -5.715204576738082409e-02 9.972416228864863230e-01 4.735809590059698870e-02 1.998273000000000132e-01 9.982830526605029897e-01 5.769255723189548046e-02 -1.012499930233068390e-02 7.231389999999999763e-01
-1.329960901776820401e-02 4.778148202299115077e-02 -9.987692678370019284e-01 -6.365390800000000127e+00 -5.758092031779156461e-02 9.971634571790964907e-01 4.847140684969228341e-02 2.013944000000000012e-01 9.982522516955973924e-01 5.815470438682351917e-02 -1.051058239825619633e-02 7.221978999999999482e-01
-1.427694307131668373e-02 5.258493417228362471e-02 -9.985143932836596514e-01 -6.426610499999999782e+00 -5.710531308382475052e-02 9.969433781573339148e-01 5.331870183942414437e-02 2.035623000000000016e-01 9.982660728053102117e-01 5.778170511796667380e-02 -1.123042472587787444e-02 7.214418999999999693e-01
-1.498841780269295418e-02 5.646742417765632932e-02 -9.982919299175528893e-01 -6.488197300000000389e+00 -5.557407245366966647e-02 9.968137236523474387e-01 5.721820347805117030e-02 2.058786999999999978e-01 9.983420605196827724e-01 5.633675838280035458e-02 -1.180253583903834169e-02 7.205059000000000324e-01
-1.483304796938275140e-02 5.547662973134973030e-02 -9.983498005416684418e-01 -6.549261999999999695e+00 -5.651699333367825318e-02 9.968168773300539742e-01 5.623115270453778874e-02 2.081764000000000114e-01 9.982914454969848972e-01 5.725780840733255689e-02 -1.165046024542537584e-02 7.192243000000000386e-01
-1.391289302210506167e-02 5.399087580604009645e-02 -9.984444985763867297e-01 -6.610540900000000164e+00 -5.615238123572766776e-02 9.969231650753609397e-01 5.469106890235390234e-02 2.107118000000000047e-01 9.983252683816596917e-01 5.682594711767923606e-02 -1.083836910544033749e-02 7.180026000000000463e-01
-1.259379403872549173e-02 5.324952504064053155e-02 -9.985018199455905075e-01 -6.671585600000000227e+00 -5.516019934395605812e-02 9.970234515972340450e-01 5.386640301220124716e-02 2.129621999999999904e-01 9.983980913243201138e-01 5.575594181864432231e-02 -9.619053584982051319e-03 7.169010999999999578e-01
-1.163369352171272214e-02 5.307185687182456452e-02 -9.985229267188706626e-01 -6.732324099999999589e+00 -5.523842583060895733e-02 9.970315330910664020e-01 5.363616628576297479e-02 2.149031999999999887e-01 9.984054153933656917e-01 5.578082134797112540e-02 -8.667553457957888341e-03 7.159307000000000309e-01
-1.084198604121696698e-02 5.514835472283265150e-02 -9.984193058580381752e-01 -6.793086500000000250e+00 -5.551065731613946674e-02 9.969050581359025776e-01 5.566751285429159812e-02 2.171806000000000014e-01 9.983992278958413458e-01 5.602645834261889279e-02 -7.747109304160004761e-03 7.150005999999999862e-01
-9.910801280732444568e-03 5.882326372176052698e-02 -9.982192142325723161e-01 -6.854256600000000255e+00 -5.665897589020535419e-02 9.966314219660531437e-01 5.929223558777365483e-02 2.195575999999999917e-01 9.983443977250772150e-01 5.714571195674384568e-02 -6.544550092244971751e-03 7.141724000000000405e-01
-8.430340812575157911e-03 5.986486688688204272e-02 -9.981708907128078456e-01 -6.914377700000000182e+00 -5.803207414973478306e-02 9.964946953612576763e-01 6.025446445495801634e-02 2.218982999999999928e-01 9.982791231532711640e-01 5.843389281478694047e-02 -4.926707505675143040e-03 7.131788000000000016e-01
-7.501419946327116117e-03 5.740288087132811717e-02 -9.983229126722781288e-01 -6.975177300000000358e+00 -6.033588248293559470e-02 9.965060528892686342e-01 5.775177780861305565e-02 2.242457999999999951e-01 9.981499436376251033e-01 6.066791427700592154e-02 -4.011756907344898870e-03 7.122431000000000179e-01
-7.688104065075864260e-03 5.278012067288222892e-02 -9.985765628721915421e-01 -7.094829999999999970e+00 -5.590948521439701585e-02 9.970213166984372988e-01 5.312836824122699891e-02 2.286469999999999891e-01 9.984062412259576691e-01 5.623835800119244416e-02 -4.714294261501938976e-03 7.115981000000000112e-01
-7.639021562923793696e-03 5.219079603217179064e-02 -9.986079141280072013e-01 -7.155242900000000184e+00 -5.439117534243854968e-02 9.971370014292740835e-01 5.252999548356881293e-02 2.310358999999999885e-01 9.984904833769970844e-01 5.471673592388253543e-02 -4.778432316860148354e-03 7.110079000000000260e-01
-7.732552568830472484e-03 5.209016230948925602e-02 -9.986124486613118245e-01 -7.215324899999999708e+00 -5.189252787468299349e-02 9.972758255458243903e-01 5.242225989662899210e-02 2.334040000000000004e-01 9.986227381656925806e-01 5.222588220859014640e-02 -5.008397547014986628e-03 7.104274000000000422e-01
-8.103503475655804422e-03 5.068373711217964706e-02 -9.986818772881398409e-01 -7.274725000000000108e+00 -5.026454022905851859e-02 9.974315040618395578e-01 5.102813636120624025e-02 2.353517999999999999e-01 9.987030635914666554e-01 5.061179207734067126e-02 -5.535094916859550906e-03 7.099499999999999700e-01
-8.042525763855796345e-03 5.069331902089989350e-02 -9.986818838779361052e-01 -7.334747300000000081e+00 -4.964505881621247840e-02 9.974623718391441018e-01 5.103121495872833813e-02 2.376053999999999944e-01 9.987345422655977689e-01 4.999004072487242545e-02 -5.505444019611394069e-03 7.090035999999999561e-01
-8.212801217913082152e-03 5.314109744532286711e-02 -9.985532402723761303e-01 -7.394963299999999684e+00 -4.698229908251323056e-02 9.974636201085077536e-01 5.346952527329651428e-02 2.397939000000000043e-01 9.988619591660682362e-01 4.735346156657523065e-02 -5.695279500302019571e-03 7.084080999999999850e-01
