1.000000000000000000e+00 0.000000000000000000e+00 0.000000000000000000e+00 0.000000000000000000e+00 0.000000000000000000e+00 1.000000000000000000e+00 0.000000000000000000e+00 0.000000000000000000e+00 0.000000000000000000e+00 0.000000000000000000e+00 1.000000000000000000e+00 0.000000000000000000e+00
9.999559897343406334e-01 -6.666002092584986417e-03 -6.601742990812042508e-03 1.230000000000000082e-04 6.637019614091312601e-03 9.999682841567125724e-01 -4.402346115685318653e-03 -4.001000000000000216e-04 6.630879659385363264e-03 4.358336469546033112e-03 9.999685176735120251e-01 4.971040000000000181e-02
9.997917749346838523e-01 -8.365285872014668889e-03 -1.861259695029363406e-02 -6.522999999999999719e-04 8.249770044948107756e-03 9.999462846801994154e-01 -6.274475951908100799e-03 -6.177999999999999464e-04 1.866408495373092155e-02 6.119619803963964599e-03 9.998070824845635141e-01 6.706579999999999486e-02
9.883153087015897897e-01 -1.588796774358840029e-03 -1.524149805986642070e-01 -1.921540000000000054e-02 8.464508602174236618e-04 9.999874629962725026e-01 -4.935318755654134054e-03 -3.151499999999999788e-03 1.524209109900037107e-01 4.748639288097300168e-03 9.883042630272769191e-01 2.025762999999999869e-01
9.857811837646853759e-01 -3.892866617901977015e-04 -1.680336460099306761e-01 -2.365429999999999963e-02 -3.031945153458348108e-04 9.999915678057218482e-01 -4.095410912272547284e-03 -3.547499999999999872e-03 1.680338234064249481e-01 4.088125896966616178e-03 9.857727534366472755e-01 2.244769000000000070e-01
9.834861324306053421e-01 2.383712403160624855e-04 -1.809833431447256946e-01 -2.874929999999999847e-02 -1.046288791620551047e-03 9.999899103079226137e-01 -4.368588114876920114e-03 -3.871900000000000168e-03 1.809804757327548308e-01 4.485806672684954782e-03 9.834764587635237421e-01 2.470694999999999975e-01
9.774483788350174507e-01 -4.315490201839120021e-03 -2.111303939680735375e-01 -4.423900000000000055e-02 2.448781415689602666e-03 9.999555761569914880e-01 -9.102152608986122453e-03 -5.063999999999999925e-03 2.111602949949973329e-01 8.379872126526166295e-03 9.774155245138930193e-01 3.192813999999999930e-01
9.758911139445133331e-01 -3.367952046115767900e-03 -2.182319651727307463e-01 -5.053529999999999828e-02 1.011347754333981460e-03 9.999399790419208900e-01 -1.090942204530180593e-02 -5.375300000000000390e-03 2.182556090913970182e-01 1.042569962437907630e-02 9.758359461956120917e-01 3.443380999999999803e-01
9.740407428923674171e-01 -4.491368744839458263e-03 -2.263282103328767281e-01 -5.673639999999999933e-02 1.499238938618609445e-03 9.999092196716340419e-01 -1.339047042747069753e-02 -6.094900000000000317e-03 2.263678057239808805e-01 1.270354369701292251e-02 9.739590527887956872e-01 3.704297999999999758e-01
9.702596552706252986e-01 -1.532465056277588014e-02 -2.415809521449409081e-01 -6.993040000000000367e-02 1.183998529883460021e-02 9.998039664985104436e-01 -1.586957220497364762e-02 -7.546699999999999936e-03 2.417767898336207200e-01 1.253729073501546123e-02 9.702508955104215405e-01 4.248251000000000110e-01
9.679370268821388956e-01 -1.563725843275737271e-02 -2.507057800276505932e-01 -7.711369999999999336e-02 1.130433892899640469e-02 9.997609761266736950e-01 -1.871369914311638016e-02 -8.080900000000000236e-03 2.509384863107768093e-01 1.527961920166391770e-02 9.678824356940817220e-01 4.529704999999999981e-01
9.634129384578924427e-01 -9.143842305090243983e-03 -2.678654515980530282e-01 -9.447640000000000204e-02 2.328028526615297591e-03 9.996656648353200447e-01 -2.575148214252673609e-02 -9.836599999999999164e-03 2.680113622500144843e-01 2.418571266796266592e-02 9.631121227601874280e-01 5.102501999999999871e-01
9.559422485929265356e-01 -1.399732537550717713e-02 -2.932208932484716701e-01 -1.219036000000000008e-01 4.846113335765700816e-03 9.994789163285359157e-01 -3.191255239357186635e-02 -1.341329999999999953e-02 2.935147910082834821e-01 2.908557541235412200e-02 9.555119553214893591e-01 6.015257000000000520e-01
9.536035574633587864e-01 -1.346124290143111552e-02 -3.007641104466676207e-01 -1.327789000000000053e-01 3.011782005241324910e-03 9.993764631230159790e-01 -3.517974026174908175e-02 -1.481030000000000020e-02 3.010501359614035088e-01 3.264168952857518513e-02 9.530494928083959039e-01 6.334965000000000179e-01
9.511687351117303901e-01 -1.446448080474044273e-02 -3.083323144611996858e-01 -1.434796999999999878e-01 2.047589787711721204e-03 9.991751398672551465e-01 -4.055671642665892307e-02 -1.618609999999999841e-02 3.086646152736204352e-01 3.794494256551803057e-02 9.504137712658037307e-01 6.654531000000000196e-01
9.492869217238105728e-01 -1.591449712545901785e-02 -3.140080715927150434e-01 -1.546132000000000062e-01 8.400750602110150164e-04 9.988429656545707580e-01 -4.808351314406229121e-02 -1.796270000000000158e-02 3.144099784008533849e-01 4.538125982854327584e-02 9.482019335238401903e-01 6.982197999999999460e-01
9.480419140594193994e-01 -1.646954189719199504e-02 -3.177188747560474869e-01 -1.662449000000000010e-01 -1.399224316438966303e-03 9.984336676188971804e-01 -5.593079238120879371e-02 -1.999700000000000089e-02 3.181423759228950154e-01 5.346929543929146433e-02 9.465339207272822630e-01 7.310801999999999579e-01
9.465711723453279491e-01 -1.722324343014517214e-02 -3.220347428004276535e-01 -1.779777999999999916e-01 -3.798669137525973426e-03 9.979081311738868809e-01 -6.453628320428993204e-02 -2.212580000000000102e-02 3.224726124767423041e-01 6.231148869018191677e-02 9.445256442149351228e-01 7.652018000000000431e-01
9.422013424566201278e-01 -1.369638151045572336e-02 -3.347671420651419094e-01 -2.169639999999999902e-01 -1.633353789577525819e-02 9.960984498858430625e-01 -8.672423925770532394e-02 -3.099290000000000031e-02 3.346488395508793179e-01 8.717962645332046068e-02 9.383015863349637442e-01 8.696087999999999596e-01
9.404556655817413180e-01 -1.252491276660761335e-02 -3.396855422819653469e-01 -2.306006999999999918e-01 -2.034218701773900587e-02 9.954560369230073258e-01 -9.302405055078862006e-02 -3.429730000000000278e-02 3.393071418383929450e-01 9.439494220417328496e-02 9.359274856439100398e-01 9.057100000000000151e-01
9.388289337413114888e-01 -1.107212752554338764e-02 -3.442058122144514010e-01 -2.452008999999999994e-01 -2.425021282317316174e-02 9.948765834739891067e-01 -9.814535563720538924e-02 -3.824759999999999965e-02 3.435289803614577919e-01 1.004887637857129756e-01 9.337504206181843625e-01 9.420958000000000387e-01
9.350245647439224816e-01 -8.276100515933434640e-03 -3.544863459792048643e-01 -2.743126000000000175e-01 -2.999501147375079751e-02 9.942980649940582616e-01 -1.023311156773009795e-01 -4.665090000000000209e-02 3.533119904731905625e-01 1.063149289108625689e-01 9.294448737168602426e-01 1.016663000000000094e+00
9.327893494383340256e-01 -7.666147424589696627e-03 -3.603404775459928544e-01 -2.899343999999999810e-01 -3.104826437296191038e-02 9.943481588551479344e-01 -1.015270617165897615e-01 -5.094379999999999742e-02 3.590822118315475375e-01 1.058913082601306843e-01 9.272793516417378035e-01 1.055128499999999914e+00
9.302756957852453823e-01 -7.177871590442534006e-03 -3.667909595269610024e-01 -3.052907999999999733e-01 -3.165080052578947423e-02 9.945103629160662040e-01 -9.973647717174921601e-02 -5.573270000000000307e-02 3.654933058995120665e-01 1.043916481907690152e-01 9.249416344454716166e-01 1.093547599999999953e+00
9.242243138803029057e-01 -6.764258733668773726e-03 -3.817900763983624324e-01 -3.384962000000000248e-01 -3.186007570433781189e-02 9.949907377232676264e-01 -9.475424750913051530e-02 -6.453230000000000077e-02 3.805185320172951857e-01 9.973804012858729362e-02 9.193791220942050257e-01 1.172874699999999937e+00
9.207204275219001977e-01 -4.782778712298842855e-03 -3.901935665431689459e-01 -3.557532999999999945e-01 -3.262485150299943015e-02 9.954805880537597185e-01 -8.918530076502521886e-02 -6.872509999999999730e-02 3.888566746351366232e-01 9.484473541493988746e-02 9.164032751773498742e-01 1.213252500000000067e+00
9.171795628843637527e-01 -1.381083946845988730e-03 -3.984717581389919383e-01 -3.742017000000000260e-01 -3.500811018972482813e-02 9.958479724481461570e-01 -8.403123224052194695e-02 -7.292389999999999983e-02 3.969333466064443039e-01 9.102147207141958463e-02 9.133230589302780977e-01 1.253028400000000042e+00
9.135226537768719179e-01 3.074696814535447797e-03 -4.067762373541011778e-01 -3.928803000000000156e-01 -3.895608874102103603e-02 9.960367673863954607e-01 -7.995737092014232328e-02 -7.684480000000000477e-02 4.049182438301133224e-01 8.888928087209510553e-02 9.100219291641156172e-01 1.293197799999999953e+00
9.093464298327335049e-01 3.515798721180986991e-03 -4.160248907334915258e-01 -4.115951999999999944e-01 -3.954902637382097519e-02 9.961664319201186668e-01 -7.802765169106570808e-02 -8.074969999999999370e-02 4.141557014739072895e-01 8.740754586928750625e-02 9.059994348021217503e-01 1.333667900000000017e+00
9.053512972315639340e-01 3.325056269913383156e-03 -4.246504122238977108e-01 -4.314125999999999794e-01 -4.002680213165286938e-02 9.961856918984953735e-01 -7.753658728516125975e-02 -8.459659999999999402e-02 4.227728512005445860e-01 8.719524790673992276e-02 9.020310998132183844e-01 1.374026299999999923e+00
9.013063994987381422e-01 3.459973496736500759e-03 -4.331683307976507136e-01 -4.516881999999999842e-01 -4.053280069893469562e-02 9.962545689244910463e-01 -7.638014116625443939e-02 -8.803790000000000227e-02 4.312816554064425878e-01 8.639943564907354157e-02 8.980708609176671908e-01 1.415161700000000078e+00
8.934276177781056427e-01 3.840564450804707236e-03 -4.491907633244907050e-01 -4.934022000000000130e-01 -4.057429077122605421e-02 9.965659544738527664e-01 -7.218050506910407560e-02 -9.557759999999999867e-02 4.473710079114999738e-01 8.271365333678699916e-02 8.905153748430907346e-01 1.496874599999999944e+00
8.896853820066512597e-01 4.698472428420887720e-03 -4.565499374663392618e-01 -5.157633000000000356e-01 -4.005279875736443562e-02 9.968951784198949451e-01 -6.779215703064607468e-02 -9.938840000000000174e-02 4.548139117874265280e-01 7.859979389289185880e-02 8.871112546037356328e-01 1.538155299999999892e+00
8.859047667068301601e-01 7.154900624331564374e-03 -4.638119788482966133e-01 -5.382871000000000183e-01 -4.057643887664725418e-02 9.972435727720174725e-01 -6.211931400934495029e-02 -1.029497000000000051e-01 4.620890573625462405e-01 7.385163479543177534e-02 8.837531550743317199e-01 1.580485700000000104e+00
8.818277756896722996e-01 8.221914549743872258e-03 -4.714999195581498492e-01 -5.615430000000000144e-01 -4.019271769191078841e-02 9.975201464065873713e-01 -5.777631831052303796e-02 -1.065221999999999974e-01 4.698556368361919144e-01 6.989962542186636818e-02 8.799714330017420760e-01 1.623304099999999917e+00
8.780109503788111613e-01 6.761765521427508252e-03 -4.785927804949945408e-01 -5.854793999999999832e-01 -3.827719605792160446e-02 9.976896771928676078e-01 -5.612632434727227865e-02 -1.094693999999999945e-01 4.771075636340721404e-01 6.759871707233068572e-02 8.762412830798003149e-01 1.666762000000000077e+00
8.745870358843371717e-01 5.787789356518767414e-03 -4.848340109330343539e-01 -6.100986999999999938e-01 -3.698912189783173932e-02 9.978112884776375591e-01 -5.481274895336191860e-02 -1.125696999999999948e-01 4.834556045018781889e-01 6.587210396640980070e-02 8.728869024076154615e-01 1.710650900000000085e+00
8.715806644788082203e-01 6.734775035210817037e-03 -4.902058629921762778e-01 -6.353693999999999731e-01 -3.751026618777025812e-02 9.978906579012485345e-01 -5.298315585104472480e-02 -1.155272999999999994e-01 4.888150214929997128e-01 6.456684659047998154e-02 8.699948258950507274e-01 1.753734399999999916e+00
8.684570823866177847e-01 7.051619165441449025e-03 -4.957142026608365448e-01 -6.608081999999999567e-01 -3.731997453735789311e-02 9.979916193737403685e-01 -5.118541941129554906e-02 -1.191471000000000058e-01 4.943576797755389052e-01 6.295238142377818091e-02 8.669760562553159300e-01 1.798034499999999980e+00
8.659601170971973350e-01 5.605574294565499049e-03 -5.000816464676908213e-01 -6.872386000000000328e-01 -3.606793054638283286e-02 9.980333474297872209e-01 -5.126930664827778622e-02 -1.221350999999999964e-01 4.988107657049010712e-01 6.243408488095219394e-02 8.644592558715352704e-01 1.842627599999999921e+00
8.638630507609085241e-01 2.776794373237020247e-03 -5.037190873324781659e-01 -7.144464999999999844e-01 -3.374540495718734989e-02 9.980574036119547188e-01 -5.237047583934194978e-02 -1.241261000000000031e-01 5.025951424102022003e-01 6.223912361507368679e-02 8.622786175693423205e-01 1.888141000000000069e+00
8.622737682050028996e-01 8.180722677043790469e-04 -5.064417828569339752e-01 -7.416452999999999518e-01 -3.241419769434973619e-02 9.980375063965482019e-01 -5.357663309309139421e-02 -1.259472000000000091e-01 5.054040645398260034e-01 6.261362937512036930e-02 8.606080786066898636e-01 1.934690500000000091e+00
8.618409047241056831e-01 3.425704225326677357e-03 -5.071671514352003030e-01 -7.977935999999999916e-01 -3.361782919755965104e-02 9.981638922310682727e-01 -5.038537293866068856e-02 -1.330678000000000138e-01 5.060633325033325747e-01 6.047403406987823804e-02 8.603736366828870219e-01 2.027407600000000087e+00
8.615100196843172853e-01 2.262849327780499728e-03 -5.077355271166742456e-01 -8.258501999999999788e-01 -3.200793735429425385e-02 9.982431347940089461e-01 -4.986116507818212640e-02 -1.364555000000000073e-01 5.067306759313577880e-01 5.920746025248775635e-02 8.600688918456470544e-01 2.074778600000000139e+00
8.607759283386933191e-01 3.335038783035676468e-04 -5.089839781052286627e-01 -8.540929999999999911e-01 -3.051980094257008072e-02 9.982342540022355326e-01 -5.095994394645804448e-02 -1.394963999999999926e-01 5.080682463440188146e-01 5.939918275332922715e-02 8.592661951602367232e-01 2.122134200000000082e+00
8.596664655410372058e-01 -1.713294888522468029e-03 -5.108528483279753951e-01 -8.836962999999999901e-01 -2.853932190766913721e-02 9.982716081608992154e-01 -5.137415152488986059e-02 -1.426248999999999989e-01 5.100579135051538371e-01 5.874402914745352478e-02 8.581317287633012381e-01 2.170934700000000106e+00
8.581035752039487541e-01 -2.387403645585350551e-03 -5.134710844108303363e-01 -9.128760999999999681e-01 -2.686755296772182916e-02 9.984105637743565520e-01 -4.954271632942769399e-02 -1.458540999999999865e-01 5.127732333300243361e-01 5.630849356539850692e-02 8.566755306022624250e-01 2.219115700000000135e+00
8.555280640884269650e-01 -1.597762328263988008e-03 -5.177539750814577069e-01 -9.421973999999999627e-01 -2.577153650914289912e-02 9.986242684520544310e-01 -4.566616213956493225e-02 -1.492304999999999882e-01 5.171146482774069408e-01 5.241199876117585282e-02 8.543099103503319913e-01 2.268692300000000106e+00
8.526318642514604251e-01 -1.328725646902593344e-03 -5.225104195623607728e-01 -9.725884999999999669e-01 -2.386936334107027033e-02 9.988537577711856796e-01 -4.149004796422142705e-02 -1.524050999999999878e-01 5.219666249452842299e-01 4.784772799764569484e-02 8.516228257677762592e-01 2.317502999999999869e+00
8.485925214727509935e-01 -1.860448769637628591e-03 -5.290437328150615626e-01 -1.002817899999999929e+00 -2.243174461505518039e-02 9.989679963694040321e-01 -3.949378512150191617e-02 -1.556427999999999978e-01 5.285712339259899251e-01 4.538150460346127707e-02 8.476750377980246665e-01 2.365314000000000139e+00
8.430085418055393021e-01 -5.628015471727841786e-03 -5.378707315747419671e-01 -1.032783699999999971e+00 -2.002202178381323402e-02 9.989239844614270503e-01 -4.183290464927148095e-02 -1.587028000000000050e-01 5.375274105444174388e-01 4.603475545233755989e-02 8.419887672670323120e-01 2.412815999999999850e+00
8.367834207695129534e-01 -9.671777904712020035e-03 -5.474485943332343396e-01 -1.064092800000000061e+00 -1.788127880718395901e-02 9.988279281609008242e-01 -4.497810349516840472e-02 -1.617657999999999874e-01 5.472419634800422816e-01 4.742601225028571926e-02 8.356297067293285696e-01 2.460478800000000188e+00
8.304397170403010620e-01 -1.030599722769195981e-02 -5.570131621274021505e-01 -1.095805899999999999e+00 -1.703625621889453753e-02 9.988915083741762846e-01 -4.388075286508876655e-02 -1.649425999999999948e-01 5.568479526190870388e-01 4.592973894009876740e-02 8.293436059588483733e-01 2.507726200000000016e+00
8.246157378526219883e-01 -7.025137979647032641e-03 -5.656496551065356426e-01 -1.128666200000000064e+00 -1.828809794243200365e-02 9.990691540164534645e-01 -3.906879786346229011e-02 -1.677035000000000053e-01 5.653975860926748753e-01 4.256140187088509885e-02 8.237196711936417559e-01 2.554862299999999919e+00
8.191181117493572250e-01 -2.791826428858451212e-03 -5.736181000538239649e-01 -1.161704300000000023e+00 -2.076009447747453190e-02 9.991887720858492195e-01 -3.450820503676178819e-02 -1.707957999999999976e-01 5.732491059578322945e-01 4.017466170067879316e-02 8.183956616916917559e-01 2.601866699999999977e+00
8.150354223802963594e-01 -2.826491630235707792e-03 -5.794042381709302303e-01 -1.194833400000000045e+00 -2.194650256083828174e-02 9.991199124918768160e-01 -3.574564991116477297e-02 -1.736438999999999899e-01 5.789953465190537107e-01 4.184986747038325905e-02 8.142560882805803812e-01 2.647631599999999974e+00
8.114749450784094487e-01 -4.888023906954986827e-03 -5.843667690177783980e-01 -1.228407000000000027e+00 -2.271642790267996287e-02 9.989453903332485840e-01 -3.990076484600188489e-02 -1.765683999999999865e-01 5.839455260667169023e-01 4.565319653911030506e-02 8.105081173143342532e-01 2.693651200000000134e+00
8.084666194792463623e-01 -7.183418713880184575e-03 -5.884981934410509208e-01 -1.262195799999999979e+00 -2.524350345499737705e-02 9.985820704268992820e-01 -4.686805047412103548e-02 -1.797496000000000094e-01 5.880004172797133055e-01 5.274701050778420747e-02 8.071389360954993597e-01 2.739036599999999932e+00
8.051351591819811970e-01 -8.603125294254845845e-03 -5.930289720445175439e-01 -1.296466700000000083e+00 -2.475797581913547624e-02 9.985356968674200528e-01 -4.809890554716192423e-02 -1.831232999999999889e-01 5.925743987739809926e-01 5.340831692411822373e-02 8.037432012782366186e-01 2.784610300000000205e+00
8.016717780495964396e-01 -6.686229402875857805e-03 -5.977270736842783538e-01 -1.331173099999999998e+00 -2.451570598651810207e-02 9.987283772105484125e-01 -4.405234062302661874e-02 -1.865197000000000105e-01 5.972615343706484392e-01 4.996921943313382269e-02 8.004884363127690028e-01 2.830951900000000077e+00
7.986792091581516040e-01 -4.087604768047883863e-03 -6.017431448265694316e-01 -1.366449699999999989e+00 -2.422428812606582799e-02 9.989479503927100046e-01 -3.893810821019891982e-02 -1.894856000000000040e-01 6.012692447841440080e-01 4.567585678959997647e-02 7.977399396941594611e-01 2.876701600000000081e+00
7.953367928318221258e-01 -2.116838005086890337e-03 -6.061640907913067311e-01 -1.401362299999999950e+00 -2.481714785664693168e-02 9.990417594392577705e-01 -3.605096487992423548e-02 -1.921981000000000106e-01 6.056595538256229760e-01 4.371592265264941102e-02 7.945221349757193297e-01 2.922236400000000067e+00
7.923872087839766154e-01 -1.785833452791533993e-03 -6.100158376258912885e-01 -1.437298299999999918e+00 -2.588462804622564811e-02 9.989966216094119389e-01 -3.654772282769618713e-02 -1.948090000000000099e-01 6.094690290625499607e-01 4.474998113810157302e-02 7.915459189470263057e-01 2.967484999999999928e+00
7.887001184087698569e-01 -3.222297922882364982e-03 -6.147696641979731869e-01 -1.473102899999999993e+00 -2.601026937648422133e-02 9.989159771174418445e-01 -3.860487723680836036e-02 -1.973785999999999874e-01 6.142276362302132586e-01 4.643799581810680033e-02 7.877613365959530434e-01 3.012777100000000097e+00
7.844634485000062663e-01 -5.927615745789729246e-03 -6.201467256537345207e-01 -1.508993100000000087e+00 -2.486363258246600608e-02 9.988497785208959590e-01 -4.099902100735107469e-02 -2.004460999999999882e-01 6.196764460121766405e-01 4.758133373842463043e-02 7.834137597319761337e-01 3.057891099999999973e+00
7.801130782179553913e-01 -7.033281010630781580e-03 -6.255990074732629136e-01 -1.545636900000000091e+00 -2.378989082795909121e-02 9.988801708989717421e-01 -4.089554106787977178e-02 -2.037042000000000019e-01 6.251860733315321994e-01 4.678607851772099285e-02 7.790721639034690060e-01 3.103266699999999823e+00
7.756447655584944867e-01 -7.290657343643777363e-03 -6.311275972235771414e-01 -1.582797999999999927e+00 -2.324494977076548702e-02 9.989249720315442893e-01 -4.010701387454667505e-02 -2.066657000000000077e-01 6.307415239001336049e-01 4.577932467038000469e-02 7.746414547781840243e-01 3.147784199999999810e+00
7.705936430620797806e-01 -7.019207753469262207e-03 -6.372881357712738559e-01 -1.620231299999999930e+00 -2.336480633286718012e-02 9.989560262897909659e-01 -3.925485147517452506e-02 -2.098710000000000020e-01 6.368983616695362837e-01 4.513965287664537668e-02 7.696251611276987425e-01 3.192541400000000085e+00
7.653864274866770678e-01 -8.403308058004051173e-03 -6.435161233666675251e-01 -1.657994900000000049e+00 -2.321728104071742183e-02 9.989033281116977969e-01 -4.065831954778991592e-02 -2.126860999999999891e-01 6.431520617087829184e-01 4.606002063673155650e-02 7.643519477431098830e-01 3.235907099999999925e+00
7.597567553638016058e-01 -1.011133071921990582e-02 -6.501287823732735394e-01 -1.696110599999999913e+00 -2.219640355498911366e-02 9.988929647821983560e-01 -4.147486682141309638e-02 -2.156900999999999957e-01 6.498284330100467798e-01 4.594133106165346897e-02 7.586912427015293225e-01 3.280535700000000165e+00
7.536631379166209843e-01 -1.183853069069216654e-02 -6.571542617504340100e-01 -1.733994400000000047e+00 -2.082662363658029439e-02 9.989055462483646952e-01 -4.188032261285001834e-02 -2.189280000000000115e-01 6.569308382878464858e-01 4.524995983801202715e-02 7.525917318447536974e-01 3.324522500000000047e+00
7.480979542928206660e-01 -1.300818887937618684e-02 -6.634608035181694952e-01 -1.773044300000000018e+00 -2.079604443318951168e-02 9.988571837125311825e-01 -4.303313934403985713e-02 -2.221123000000000125e-01 6.632623729104716315e-01 4.599036385971758817e-02 7.469724968921018782e-01 3.367586600000000097e+00
7.418159866105119571e-01 -1.541383254939170805e-02 -6.704263238978701578e-01 -1.812051700000000043e+00 -1.912235637793430199e-02 9.988430757245467806e-01 -4.412307291749328203e-02 -2.252087000000000117e-01 6.703307970663646698e-01 4.555133195930132634e-02 7.406630128885237641e-01 3.410536800000000035e+00
7.355898442675610216e-01 -1.688812621576445128e-02 -6.772166360946443309e-01 -1.851769800000000021e+00 -1.760705365190925326e-02 9.988748573611101467e-01 -4.403420254212284113e-02 -2.282490000000000074e-01 6.771983259519505083e-01 4.431490183609028410e-02 7.344648506246800324e-01 3.453597499999999876e+00
7.289597512258672030e-01 -1.725871533964462926e-02 -6.843389641380556165e-01 -1.892236599999999935e+00 -1.635115749721146802e-02 9.989579469719530591e-01 -4.261056007707370030e-02 -2.313132999999999995e-01 6.843612501750980792e-01 4.225111745747840708e-02 7.279179365370599397e-01 3.496620899999999921e+00
7.225296315915498147e-01 -1.746452207975588908e-02 -6.911193253995326913e-01 -1.933514799999999978e+00 -1.584425733102516956e-02 9.989999838119988373e-01 -4.180899249269826728e-02 -2.343332999999999944e-01 6.911583689588136625e-01 4.115850838103785742e-02 7.215303778816526403e-01 3.539376700000000042e+00
7.092381474768172378e-01 -2.121866373622143323e-02 -7.046495713990761356e-01 -2.017338500000000145e+00 -1.429335717641320655e-02 9.989086448325897871e-01 -4.446593324497440103e-02 -2.410029999999999950e-01 7.048240561333587451e-01 4.160874412870693706e-02 7.081608308200558755e-01 3.624142599999999881e+00
7.031163404366366221e-01 -2.043136016968809601e-02 -7.107812401383482026e-01 -2.060037100000000176e+00 -1.585318370383104539e-02 9.988882532220747512e-01 -4.439520403607758597e-02 -2.440028999999999948e-01 7.108980857882825077e-01 4.248313896793475680e-02 7.020107510045603405e-01 3.665957699999999875e+00
6.978307541187546148e-01 -1.960011577512459080e-02 -7.159944651096485924e-01 -2.104119100000000131e+00 -1.656610356493625619e-02 9.989164676384773012e-01 -4.349085988276850390e-02 -2.471839999999999871e-01 7.160710878248932598e-01 4.221049801019302605e-02 6.967499343659857569e-01 3.707852400000000159e+00
6.926786765698451642e-01 -1.909227710309509621e-02 -7.209935755472903773e-01 -2.146917600000000093e+00 -1.752810142610046820e-02 9.989087169546945200e-01 -4.329134846966779804e-02 -2.506160000000000054e-01 7.210332979036709888e-01 4.262464248465322458e-02 6.915881167047417399e-01 3.748981199999999792e+00
6.875898627300768284e-01 -2.039004494033171133e-02 -7.258129419748351463e-01 -2.190619900000000175e+00 -1.720473163873004890e-02 9.988674714654788289e-01 -4.435957233112428066e-02 -2.538616000000000206e-01 7.258954317806893819e-01 4.298860913651683657e-02 6.864603423391872905e-01 3.790281100000000070e+00
6.772400155499075369e-01 -2.499925314759014749e-02 -7.353373366557852675e-01 -2.279448299999999872e+00 -1.731845541655223364e-02 9.986040715862778416e-01 -4.989969251701688313e-02 -2.603419000000000150e-01 7.355583134190964989e-01 4.652897541715959873e-02 6.758616885182082701e-01 3.871194599999999930e+00
6.722184010522183062e-01 -2.523027891833622832e-02 -7.399228705159085484e-01 -2.323745499999999797e+00 -1.828245287652940920e-02 9.985486754918425634e-01 -5.065860825471217577e-02 -2.637855000000000061e-01 7.401271331356636951e-01 4.758125365298679355e-02 6.707815226265506636e-01 3.910826000000000136e+00
6.622627696997563929e-01 -2.530897942267199344e-02 -7.488440955433849355e-01 -2.416042599999999929e+00 -1.609666844382593234e-02 9.987181241202415238e-01 -4.798964282796241293e-02 -2.713394000000000084e-01 7.490987392424425240e-01 4.383564889822701843e-02 6.610064407787978880e-01 3.991005200000000031e+00
6.571649279047484526e-01 -2.633079559177552154e-02 -7.532867626179626797e-01 -2.463183400000000134e+00 -1.570703771468295179e-02 9.986942447027159497e-01 -4.861167106674368910e-02 -2.747774000000000050e-01 7.535831384115334597e-01 4.377778890231771858e-02 6.558932525195299013e-01 4.031214199999999970e+00
6.481247731061599016e-01 -2.784740143713966901e-02 -7.610248358097699839e-01 -2.554630299999999909e+00 -1.430490069037321579e-02 9.987096683219723880e-01 -4.872748933050364412e-02 -2.817688999999999888e-01 7.613997953127693563e-01 4.246787766553184601e-02 6.468901228680633553e-01 4.108705500000000121e+00
6.437235638576234154e-01 -2.882037239553512237e-02 -7.647152146187643496e-01 -2.601105700000000187e+00 -1.273766030889594836e-02 9.987486083798893244e-01 -4.836289144674443818e-02 -2.854642000000000013e-01 7.651520929490394085e-01 4.087301547741598040e-02 6.425509094705940116e-01 4.147965400000000358e+00
6.401160944526247398e-01 -3.111458786790506983e-02 -7.676478802449263616e-01 -2.648065299999999844e+00 -1.051426536268509557e-02 9.987312157789948186e-01 -4.924844010213829532e-02 -2.893197000000000130e-01 7.682062456440986731e-01 3.959597265406265137e-02 6.389767782188781053e-01 4.186389000000000138e+00
6.353822907782207263e-01 -3.632646453619753357e-02 -7.713428112971046913e-01 -2.694520699999999991e+00 -6.777273607648039849e-03 9.985920597797489640e-01 -5.261146935113467094e-02 -2.930027000000000048e-01 7.721679954050592043e-01 3.865599719498499787e-02 6.342415161064384188e-01 4.225188300000000119e+00
6.305565454328063701e-01 -4.003106162993860795e-02 -7.751102870667019307e-01 -2.741854899999999873e+00 -2.710971859741555245e-03 9.985493384429730002e-01 -5.377610367697555072e-02 -2.968990000000000240e-01 7.761385788913091055e-01 3.601017633782416238e-02 6.295332982112208375e-01 4.263589399999999863e+00
6.239028174778681324e-01 -4.347433438623156399e-02 -7.802917765764624258e-01 -2.789982600000000090e+00 2.075652888700912219e-03 9.985401566257010586e-01 -5.397450575045521781e-02 -3.006955000000000044e-01 7.814991785077342046e-01 3.205523132960391708e-02 6.230822547113199494e-01 4.302104500000000442e+00
6.154880897493704150e-01 -4.725622229742372504e-02 -7.867282000988952140e-01 -2.838444899999999826e+00 6.710320310006651079e-03 9.984788801267239222e-01 -5.472565707435765592e-02 -3.046879000000000115e-01 7.881176200149365707e-01 2.840379191339691481e-02 6.148689629725445638e-01 4.340288600000000052e+00
6.062389091677108377e-01 -4.842453013554225139e-02 -7.938069348980871798e-01 -2.888028600000000168e+00 9.971051009202494542e-03 9.985288598297401563e-01 -5.329816346639897756e-02 -3.086674999999999836e-01 7.952200721516755610e-01 2.439633104118454215e-02 6.058298902157377430e-01 4.378188100000000027e+00
5.973649016401431089e-01 -4.693302712202913896e-02 -8.005950694662221645e-01 -2.938409599999999955e+00 1.065699428322245540e-02 9.986625170911127558e-01 -5.059254322615241994e-02 -3.126713999999999882e-01 8.018987484472771543e-01 2.169027252953761864e-02 5.970661012955641445e-01 4.415435800000000022e+00
5.881170554744441503e-01 -4.655172412715603836e-02 -8.074349918357878186e-01 -2.989034199999999863e+00 1.002043043527726246e-02 9.986849234804114905e-01 -5.027936541779795543e-02 -3.167675999999999825e-01 8.087137441851482977e-01 2.147930617393974465e-02 5.878101048572784704e-01 4.452265699999999882e+00
5.786456100779672207e-01 -4.786742719395793710e-02 -8.141731801965281790e-01 -3.039918699999999863e+00 9.036540098147159694e-03 9.985911895542981531e-01 -5.228744674954274863e-02 -3.205405000000000060e-01 8.155290300660986702e-01 2.289859293412646601e-02 5.782629640233631907e-01 4.487590299999999921e+00
5.688113979308423440e-01 -5.006940289353950524e-02 -8.209425366478735331e-01 -3.091718399999999978e+00 9.370019715374412750e-03 9.984749935543918431e-01 -5.440487089489776107e-02 -3.243408999999999875e-01 8.224146133882193066e-01 2.325386291439372755e-02 5.684131081749119740e-01 4.523170000000000357e+00
5.586864858685135493e-01 -5.162085814471478046e-02 -8.277709209148960134e-01 -3.144353900000000035e+00 1.014126112352917164e-02 9.984117603931425000e-01 -5.541761030115500974e-02 -3.284560000000000257e-01 8.293169269529689913e-01 2.256642889492086260e-02 5.583226584657072777e-01 4.558660500000000226e+00
5.487232941748420023e-01 -5.240228645130966256e-02 -8.343600822214497503e-01 -3.197431799999999935e+00 1.338030596966495109e-02 9.984562157970461316e-01 -5.390874278260057717e-02 -3.326249000000000011e-01 8.358969516884647843e-01 1.841698973549502072e-02 5.485773424477307092e-01 4.593115799999999638e+00
5.383715713124568314e-01 -5.211792519354837422e-02 -8.410943901109291243e-01 -3.251520399999999977e+00 1.463049573419176325e-02 9.985133481227113084e-01 -5.250754436597462882e-02 -3.370168000000000053e-01 8.425805598262565699e-01 1.596294127949772837e-02 5.383337112875055119e-01 4.627545399999999809e+00
5.279873393285536842e-01 -5.296974294365298930e-02 -8.475987115618087708e-01 -3.306218400000000113e+00 1.512064456979078306e-02 9.984810894337846632e-01 -5.297999764927080468e-02 -3.409487999999999963e-01 8.491176217795440850e-01 1.515652914113279834e-02 5.279863104360237314e-01 4.661364100000000121e+00
5.077683527818308562e-01 -5.439429062223602451e-02 -8.597747152951928928e-01 -3.414833799999999808e+00 1.250482284353689189e-02 9.983649317300732351e-01 -5.577716824344860352e-02 -3.490218999999999960e-01 8.614028844384478134e-01 1.757055034169218571e-02 5.076183078276551575e-01 4.726001300000000072e+00
4.975888861486236769e-01 -5.564737237904289480e-02 -8.656261723912235251e-01 -3.469851300000000194e+00 1.230747986774742564e-02 9.982925318657027702e-01 -5.710119753971570900e-02 -3.534213999999999967e-01 8.673256748884337064e-01 1.775924459183942858e-02 4.974241478967925678e-01 4.757693299999999681e+00
4.877286267260701469e-01 -5.551372373181675396e-02 -8.712284506082943469e-01 -3.526168300000000144e+00 1.125179341570643060e-02 9.982929554331712030e-01 -5.731118806511187325e-02 -3.577234000000000247e-01 8.729227822762055666e-01 1.814942450690601797e-02 4.875206811748975522e-01 4.789290900000000129e+00
4.790584662376931591e-01 -5.360640173490169302e-02 -8.761445883066477647e-01 -3.583209800000000111e+00 9.956525516019904681e-03 9.984011079987121784e-01 -5.564256595981657144e-02 -3.617330000000000267e-01 8.777265254768354952e-01 1.793268635704150377e-02 4.788262369945720520e-01 4.820148500000000169e+00
4.705648975630719044e-01 -5.208818504556797513e-02 -8.808265993713600972e-01 -3.640431599999999879e+00 1.130733262909677447e-02 9.985300720131484731e-01 -5.300791935391777066e-02 -3.661398000000000152e-01 8.822929340135682308e-01 1.498386679315976897e-02 4.704621794848702354e-01 4.851079499999999989e+00
4.628719769621844060e-01 -5.284245556944605626e-02 -8.848486920556023483e-01 -3.696729899999999791e+00 1.193054006519604984e-02 9.985025277351021744e-01 -5.338880332395781747e-02 -3.701451000000000047e-01 8.863448511481700764e-01 1.415545816999991269e-02 4.628092780477996993e-01 4.880403000000000269e+00
4.480102174843507701e-01 -5.898839378575891634e-02 -8.920802735338345668e-01 -3.810519699999999954e+00 1.577672664741675002e-02 9.981871763655463248e-01 -5.808145862209802834e-02 -3.784619000000000177e-01 8.938892212829939732e-01 1.194698028599838757e-02 4.481286977377465508e-01 4.938415100000000280e+00
4.421300615047187299e-01 -6.173510616567262632e-02 -8.948238851196064214e-01 -3.868213700000000088e+00 1.740777852283549934e-02 9.980312511696575184e-01 -6.025438519832233830e-02 -3.834975999999999940e-01 8.967820125095804507e-01 1.106337902455795455e-02 4.423342895184878554e-01 4.966555600000000403e+00
4.370618273054103775e-01 -6.489062557138960963e-02 -8.970876020910160120e-01 -3.926062100000000221e+00 1.899341496575105911e-02 9.978375254605338363e-01 -6.292474052975842447e-02 -3.882549000000000139e-01 8.992308987687168687e-01 1.046324499150979095e-02 4.373491868105544578e-01 4.994127299999999714e+00
4.317119100562676337e-01 -6.599726607654601840e-02 -8.995939014833252978e-01 -3.983474499999999807e+00 2.244397276572079186e-02 9.977968930287788307e-01 -6.243098868836882698e-02 -3.932990000000000097e-01 9.017322744595873685e-01 6.761740348256686101e-03 4.322420433800975292e-01 5.022297400000000245e+00
4.281635254259984480e-01 -6.346424022910045204e-02 -9.014700692241109925e-01 -4.041657899999999692e+00 2.373968111134648618e-02 9.979766725359726642e-01 -5.898295189933750599e-02 -3.979889999999999817e-01 9.033894083038122025e-01 3.853736650448601198e-03 4.288038312309220279e-01 5.049200500000000424e+00
4.241644784573357363e-01 -6.156525766504467728e-02 -9.034900189064919429e-01 -4.098987600000000064e+00 2.670696164360609332e-02 9.981028804002335386e-01 -5.547412312532772061e-02 -4.023360000000000269e-01 9.051912689673843326e-01 -5.993207769839498100e-04 4.250040086867686862e-01 5.076187599999999911e+00
4.212688207491804282e-01 -6.078386805866210774e-02 -9.048966250619030482e-01 -4.156216099999999969e+00 2.738714816295430635e-02 9.981491266144730812e-01 -5.429792955781098662e-02 -4.066621999999999737e-01 9.065222141680233658e-01 -1.908513188786532117e-03 4.221538023011435214e-01 5.102121399999999696e+00
4.180639203373031632e-01 -6.053359470034861550e-02 -9.063985008950858901e-01 -4.213141900000000106e+00 2.906387625501673927e-02 9.981578265502640823e-01 -5.325640237085008111e-02 -4.111981000000000108e-01 9.079525591181722977e-01 -4.078873509529026831e-03 4.190531149886075335e-01 5.128635400000000288e+00
4.155881674343784304e-01 -5.952664575386950457e-02 -9.076029162215314416e-01 -4.269362400000000335e+00 3.121861375642296516e-02 9.982017019673059544e-01 -5.117382480039027459e-02 -4.155498000000000247e-01 9.090169818235863675e-01 -7.066868816320969610e-03 4.166991554124757080e-01 5.154535300000000042e+00
4.129833382226873462e-01 -5.822063429337935581e-02 -9.088757451340210292e-01 -4.326386499999999913e+00 3.225629072696827027e-02 9.982635202647315298e-01 -4.928971309718876981e-02 -4.197402000000000077e-01 9.101671791813759071e-01 -8.961130014817370731e-03 4.141441827309358947e-01 5.180319800000000363e+00
4.102947418410072822e-01 -5.896199833879876145e-02 -9.100448931616047510e-01 -4.381754400000000160e+00 3.483640421885374899e-02 9.981926917587800041e-01 -4.896708139619806305e-02 -4.240915000000000101e-01 9.112873584982521535e-01 -1.161175573532055583e-02 4.116072367804305410e-01 5.205863500000000421e+00
4.078064687569094016e-01 -5.930257755147329279e-02 -9.111405425815335413e-01 -4.437880500000000339e+00 3.746422558661309521e-02 9.981350233605770228e-01 -4.819654491948330982e-02 -4.280363999999999836e-01 9.122994660971885938e-01 -1.448031203848536980e-02 4.092676443625282712e-01 5.231233099999999858e+00
4.052923977133876532e-01 -5.899524879905305302e-02 -9.122815535649455576e-01 -4.493578000000000294e+00 4.157790072234190254e-02 9.980724824060882572e-01 -4.607166195473925974e-02 -4.318711000000000078e-01 9.132411239794537838e-01 -1.925825752467022478e-02 4.069640880837733787e-01 5.256032900000000119e+00
4.035935224745952343e-01 -5.772380918614512801e-02 -9.131156720096255119e-01 -4.548246899999999648e+00 4.252022091354379363e-02 9.981128458563748307e-01 -4.430324762308113229e-02 -4.356915000000000093e-01 9.139498341977047025e-01 -2.094537632820471160e-02 4.052863084048832221e-01 5.280134200000000000e+00
4.016624802383909065e-01 -5.863694257212045957e-02 -9.139086173871749930e-01 -4.602906199999999615e+00 4.511741076708568332e-02 9.980032448702523817e-01 -4.420342152052438717e-02 -4.398292999999999786e-01 9.146757191564768297e-01 -2.347833457127963125e-02 4.035060056447001831e-01 5.304487199999999625e+00
4.001893032826610574e-01 -6.025148625798507768e-02 -9.144497142773037046e-01 -4.656736399999999776e+00 4.644625051690671330e-02 9.978875238985532858e-01 -4.542285174375338547e-02 -4.432506999999999975e-01 9.152547554375553007e-01 -2.429502112199313085e-02 4.021423685681762006e-01 5.328074499999999603e+00
3.997934829476491037e-01 -6.113514144661703897e-02 -9.145641942875796238e-01 -4.710247500000000365e+00 4.595546803911920719e-02 9.978553236040611507e-01 -4.661381889890613833e-02 -4.471726999999999785e-01 9.154524924592718493e-01 -2.339332458922104702e-02 4.017455493403381261e-01 5.351413199999999648e+00
4.002280314088343949e-01 -6.183131533147080000e-02 -9.143272998871844193e-01 -4.763223599999999891e+00 4.489816596214820515e-02 9.978460937964699351e-01 -4.782601581108180538e-02 -4.509199999999999875e-01 9.153150701085633889e-01 -2.191030669586060270e-02 4.021420904265665675e-01 5.374163600000000152e+00
4.022786987660675884e-01 -6.164491401496335204e-02 -9.134395180279683002e-01 -4.816076800000000269e+00 4.312815247498952981e-02 9.978988569237396966e-01 -4.835115111750452888e-02 -4.547752999999999934e-01 9.145008534622444119e-01 -1.994432065479996227e-02 4.040920849143732063e-01 5.397414699999999677e+00
4.065305011811953251e-01 -6.143855382755869510e-02 -9.115691173536675240e-01 -4.867628599999999750e+00 4.035072258147490154e-02 9.979702432435400006e-01 -4.926675133985003452e-02 -4.585773000000000210e-01 9.127457317328409037e-01 -1.675403545441921105e-02 4.081844331910186030e-01 5.420061600000000368e+00
4.113802483838611135e-01 -6.210298830630636702e-02 -9.093456494001934676e-01 -4.919064500000000173e+00 3.912616207165955928e-02 9.979596637811893878e-01 -5.045446370022779736e-02 -4.623455000000000203e-01 9.106236515054806357e-01 -1.482323544851626984e-02 4.129707459489870836e-01 5.443352700000000155e+00
4.168403184704229658e-01 -6.184328719531849428e-02 -9.068735064640237598e-01 -4.970379799999999904e+00 3.851975591641300378e-02 9.979884621457131288e-01 -5.035134385668864343e-02 -4.661452999999999847e-01 9.081631886955209287e-01 -1.394407590741991373e-02 4.183840167184590397e-01 5.467043399999999664e+00
4.234592084664193234e-01 -6.042435094087360292e-02 -9.038977799388423495e-01 -5.020430600000000076e+00 3.737975742232799159e-02 9.980887790256507408e-01 -4.920917514177069324e-02 -4.699432000000000054e-01 9.051436640114327581e-01 -1.294940139387511929e-02 4.249085319259884308e-01 5.490649699999999633e+00
