1.000000000000000000e+00 0.000000000000000000e+00 0.000000000000000000e+00 0.000000000000000000e+00 0.000000000000000000e+00 1.000000000000000000e+00 0.000000000000000000e+00 0.000000000000000000e+00 0.000000000000000000e+00 0.000000000000000000e+00 1.000000000000000000e+00 0.000000000000000000e+00
9.999574542584289683e-01 -6.610175211752379772e-03 -6.433914568272484404e-03 -8.870000000000000117e-05 6.580449558643561465e-03 9.999676279865894468e-01 -4.630406297508453742e-03 -2.598000000000000266e-04 6.464314086431930707e-03 4.587871243157612411e-03 9.999685815468645211e-01 5.242469999999999769e-02
9.997922519404197628e-01 -8.283758999509250112e-03 -1.862343407490258534e-02 -6.911000000000000476e-04 8.168106630030666157e-03 9.999469357356275401e-01 -6.277559000862271456e-03 -6.423000000000000540e-04 1.867444762194165470e-02 6.124136654819791782e-03 9.998068613268507043e-01 7.043689999999999674e-02
9.933485668153492210e-01 -1.234874870155565829e-03 -1.151394801531894219e-01 -1.226340000000000069e-02 4.946330581409848302e-04 9.999790282031981725e-01 -6.457436947063350911e-03 -2.606999999999999942e-03 1.151450395980193053e-01 6.357533943484928486e-03 9.933283453209860170e-01 1.683960999999999930e-01
9.857951176591819298e-01 -1.218675213875618723e-04 -1.679522883072062656e-01 -2.498459999999999917e-02 -5.945787378674074856e-04 9.999909380681760718e-01 -4.215478342224305251e-03 -3.589100000000000016e-03 1.679512800649169968e-01 4.255458827966383979e-03 9.857861119911962566e-01 2.351090999999999875e-01
9.835327161153455400e-01 4.853089062393309695e-04 -1.807295238914678748e-01 -3.035989999999999869e-02 -1.310845913981883819e-03 9.999892466784747747e-01 -4.448394137935512450e-03 -3.975000000000000235e-03 1.807254216034947791e-01 4.612049726764318007e-03 9.835227760370153227e-01 2.586311000000000027e-01
9.775101808125796765e-01 -4.240903085895558755e-03 -2.108455860310428642e-01 -4.648789999999999867e-02 2.342897452146739789e-03 9.999544651356480074e-01 -9.250864111465667561e-03 -5.154800000000000181e-03 2.108752172240412337e-01 8.548824263962893216e-03 9.774756060201283958e-01 3.343134999999999857e-01
9.759282978070729087e-01 -3.311586350836323578e-03 -2.180664828331721483e-01 -5.302099999999999869e-02 9.449019098689405514e-04 9.999395301012244941e-01 -1.095642739778442988e-02 -5.481599999999999667e-03 2.180895795304533258e-01 1.048663610425906896e-02 9.758724126459600301e-01 3.605848999999999860e-01
9.740953443769896358e-01 -4.559484914777242603e-03 -2.260917317382168390e-01 -5.955939999999999845e-02 1.582215842955812237e-03 9.999096613468239081e-01 -1.334787392456413674e-02 -6.284800000000000109e-03 2.261321663454807784e-01 1.264437592733142282e-02 9.740145600047814822e-01 3.880261999999999878e-01
9.680463655573178228e-01 -1.576333289543280572e-02 -2.502753512979166706e-01 -8.107159999999999367e-02 1.140754315275570308e-02 9.997573346628193525e-01 -1.884515181985673207e-02 -8.353799999999999767e-03 2.505116805470073427e-01 1.538795385758610565e-02 9.679912751598491738e-01 4.742437999999999931e-01
9.635170645859029159e-01 -8.661813373438204816e-03 -2.675067087772727836e-01 -9.932080000000000075e-02 1.835848208222510582e-03 9.996665589035177435e-01 -2.575656559706801518e-02 -1.018939999999999950e-02 2.676406096113242983e-01 2.432578876590497235e-02 9.632116901739695702e-01 5.341930999999999763e-01
9.585919718190634153e-01 -1.491187726598712515e-02 -2.843924532761794577e-01 -1.179641000000000023e-01 6.663357176477219083e-03 9.995292022808830446e-01 -2.994951516936738070e-02 -1.229680000000000009e-02 2.847051654522243513e-01 2.681435630675503903e-02 9.582400320695623197e-01 5.972229000000000010e-01
9.560645013584562202e-01 -1.404735077182330157e-02 -2.928196393319609792e-01 -1.280805000000000138e-01 4.848857602625490995e-03 9.994723948066905894e-01 -3.211573756475526176e-02 -1.380089999999999963e-02 2.931162872004143827e-01 2.928487588623394922e-02 9.556281903659874510e-01 6.302577000000000318e-01
9.537159190497521699e-01 -1.307121850601691490e-02 -3.004248475040879329e-01 -1.395102000000000009e-01 2.480406490270881288e-03 9.993627845973618307e-01 -3.560719513595628910e-02 -1.525420000000000074e-02 3.006988415919316093e-01 3.321397309228463907e-02 9.531406185116104712e-01 6.630034000000000205e-01
9.494561229982995121e-01 -1.550385686746163366e-02 -3.135166676961071430e-01 -1.623906999999999989e-01 3.935056998692794406e-04 9.988375171021240950e-01 -4.820227777323406876e-02 -1.873760000000000009e-02 3.138995311469932603e-01 4.564257717851948754e-02 9.483584973490777337e-01 7.306981999999999644e-01
9.481650092987859990e-01 -1.630283126765175866e-02 -3.173599420753847600e-01 -1.746189999999999964e-01 -1.686739384514421639e-03 9.984108964409861287e-01 -5.632793958734341744e-02 -2.062500000000000097e-02 3.177739291566912261e-01 5.394348487598069064e-02 9.466307782803985438e-01 7.654862000000000055e-01
9.467849369237504309e-01 -1.672536362133666271e-02 -3.214320230251240806e-01 -1.870928000000000035e-01 -4.436921118683334782e-03 9.978758931766430473e-01 -6.499242685039141598e-02 -2.288180000000000075e-02 3.218362890434769419e-01 6.296001928725059038e-02 9.446996554599099705e-01 8.008585999999999760e-01
9.453986986809393978e-01 -1.627260131383572589e-02 -3.255096050485566384e-01 -2.000580000000000136e-01 -8.330626355769969738e-03 9.972199304599745906e-01 -7.404735618456705082e-02 -2.551619999999999930e-02 3.258096088161104298e-01 7.271597307252748721e-02 9.426348635941748100e-01 8.367647999999999753e-01
9.438829468776828158e-01 -1.597074684798332339e-02 -3.298937978177505226e-01 -2.131316000000000044e-01 -1.136161025423039830e-02 9.966689781515276625e-01 -8.075804481796612644e-02 -2.856960000000000055e-02 3.300846806592698801e-01 7.997426608295500616e-02 9.405573987580770901e-01 8.732486999999999888e-01
9.389842945395662221e-01 -1.074824456523476232e-02 -3.437920444786339291e-01 -2.568982000000000210e-01 -2.453612315315597744e-02 9.948722781593222209e-01 -9.811793317581302132e-02 -4.008439999999999920e-02 3.430837700455185435e-01 1.005665222071741305e-01 9.339057240120695047e-01 9.855203000000000157e-01
9.371059287776598579e-01 -8.511563137967059420e-03 -3.489413009987611392e-01 -2.718565000000000009e-01 -2.867763897579683058e-02 9.944452770885654491e-01 -1.012728191521313631e-01 -4.428019999999999873e-02 3.478650187537308258e-01 1.049101719052773635e-01 9.316564734698470351e-01 1.024021099999999906e+00
9.354127822385518432e-01 -6.975860581719030978e-03 -3.534887044784825183e-01 -2.878968000000000083e-01 -3.133037250692462250e-02 9.942366009918495173e-01 -1.025279913328605158e-01 -4.864729999999999749e-02 3.521666290029605295e-01 1.069809264183022440e-01 9.298030688266052390e-01 1.063168399999999902e+00
9.306123121288640831e-01 -7.003062265677401088e-03 -3.659394507744042624e-01 -3.199040000000000217e-01 -3.186209948665291725e-02 9.944711985247237651e-01 -1.000591920869946527e-01 -5.803210000000000313e-02 3.646169649515396127e-01 1.047759152844894293e-01 9.252440091380356169e-01 1.143649300000000091e+00
9.245975983621604888e-01 -6.417651010054436361e-03 -3.808911850626606754e-01 -3.542903000000000024e-01 -3.225553439122445798e-02 9.949485538220577130e-01 -9.506290416630629181e-02 -6.715409999999999435e-02 3.795772142846056130e-01 1.001807816046019067e-01 9.197200385949136914e-01 1.225597999999999965e+00
9.210907688800360482e-01 -4.235602948686433000e-03 -3.893248709646548456e-01 -3.720918999999999754e-01 -3.316606472258064320e-02 9.954527462595448295e-01 -8.929637235155719888e-02 -7.173999999999999821e-02 3.879327359669478836e-01 9.516243813601792112e-02 9.167618571544122741e-01 1.267278799999999928e+00
9.174871953481773534e-01 -1.022454735885160865e-03 -3.977640015869315371e-01 -3.910223999999999922e-01 -3.541606672233285624e-02 9.958149893423682286e-01 -8.425087073127597581e-02 -7.590339999999999587e-02 3.961854977028496649e-01 9.138633151282511691e-02 9.136112903322579637e-01 1.308750999999999998e+00
9.138937622793482651e-01 3.371918525322158827e-03 -4.059394307434997518e-01 -4.103354000000000168e-01 -3.918245749210327866e-02 9.960294256875791286e-01 -7.993821482464251449e-02 -8.022719999999999851e-02 4.040580729199425014e-01 8.896074038546310236e-02 9.103971992368455890e-01 1.349913700000000105e+00
9.098209524993980946e-01 4.209131204946002514e-03 -4.149796592696892716e-01 -4.303040000000000198e-01 -4.033088804288890994e-02 9.961121572380373657e-01 -7.831979106366045162e-02 -8.407649999999999846e-02 4.130366253285050471e-01 8.799348508317543505e-02 9.064534696939259284e-01 1.392459799999999914e+00
9.057476743427985699e-01 4.158191797750749458e-03 -4.237969559394980656e-01 -4.501787999999999901e-01 -4.081894015351254790e-02 9.961591162469737304e-01 -7.746501947842172886e-02 -8.824070000000000524e-02 4.218470866882402248e-01 8.746270381723524057e-02 9.024385357982130929e-01 1.433660099999999993e+00
9.017148061590087860e-01 3.723249310087602820e-03 -4.323153314054408169e-01 -4.712145999999999835e-01 -4.072978138891573952e-02 9.962470557485720857e-01 -7.637335150635081449e-02 -9.187349999999999683e-02 4.304085190393334703e-01 8.647509078848324149e-02 8.984823678912632339e-01 1.476574300000000006e+00
8.977722976747478656e-01 5.651606960915989131e-03 -4.404236152462344678e-01 -4.929542000000000090e-01 -4.292555825953880272e-02 9.962805236302716416e-01 -7.471622770923808110e-02 -9.559310000000000029e-02 4.383632032640408238e-01 8.598358897924127109e-02 8.946756532120107019e-01 1.519168499999999922e+00
8.900288326362326696e-01 5.254940274604366635e-03 -4.558739548152487275e-01 -5.377608000000000388e-01 -4.062279876589783290e-02 9.968702803263250756e-01 -6.781911546562328919e-02 -1.036553000000000058e-01 4.540908117288990908e-01 7.887984409736441271e-02 8.874567622698950053e-01 1.605212800000000106e+00
8.862990888001276435e-01 7.665011133902270568e-03 -4.630498599463999110e-01 -5.614012000000000446e-01 -4.099029220161827525e-02 9.972371954837069286e-01 -6.194975293749507839e-02 -1.074801999999999980e-01 4.612956981560627501e-01 7.388655864301627019e-02 8.841646087209116267e-01 1.649577400000000083e+00
8.822705641545114386e-01 8.608329766164241059e-03 -4.706639441099317311e-01 -5.855979000000000045e-01 -4.058714007911008032e-02 9.975006305582821975e-01 -5.783749731815869544e-02 -1.110479000000000049e-01 4.689896967809407125e-01 7.013122481795315555e-02 8.804148315532031033e-01 1.694092600000000060e+00
8.783995290941754019e-01 7.546571587610236692e-03 -4.778674675518347348e-01 -6.109337999999999713e-01 -3.919721688093627532e-02 9.976443954333829023e-01 -5.629598963646220006e-02 -1.140338999999999936e-01 4.763169590471449943e-01 6.818144555253202732e-02 8.766261717553539556e-01 1.739874700000000107e+00
8.750574033172205946e-01 6.624037837866254830e-03 -4.839738247286165529e-01 -6.361318999999999724e-01 -3.784163950997693204e-02 9.977820067864727749e-01 -5.476383160769701663e-02 -1.174238999999999977e-01 4.825376163771277205e-01 6.623585928997795247e-02 8.733671963871771915e-01 1.785020000000000051e+00
8.720773251642127688e-01 7.499265827342543184e-03 -4.893106374752982379e-01 -6.628606999999999694e-01 -3.830608464869882102e-02 9.978607052314992787e-01 -5.297789004652350697e-02 -1.204988000000000031e-01 4.878665625079450230e-01 6.494439134325355467e-02 8.704989622163461505e-01 1.830400299999999980e+00
8.689730755885605173e-01 7.000751509916657012e-03 -4.948098456785740007e-01 -6.895664999999999711e-01 -3.741958627673171167e-02 9.979667584327172047e-01 -5.159577139817625446e-02 -1.239367999999999997e-01 4.934425685579184595e-01 6.335091587018321091e-02 8.674682086355516297e-01 1.876880600000000010e+00
8.664501032991138718e-01 6.208028292601511580e-03 -4.992250783741469800e-01 -7.166584999999999761e-01 -3.668826798223388114e-02 9.980109469750066964e-01 -5.126519979980759950e-02 -1.274898999999999893e-01 4.979138374110713139e-01 6.273444112103541970e-02 8.649544499057812974e-01 1.923117500000000035e+00
8.626865834563510749e-01 1.798528193891750504e-03 -5.057357254740305619e-01 -7.730863999999999514e-01 -3.333421001415437512e-02 9.980213494899131677e-01 -5.331244137220500501e-02 -1.317615000000000036e-01 5.046391672939590789e-01 6.285022878771662214e-02 8.610395807244816124e-01 2.018886800000000203e+00
8.621959488742424460e-01 2.814584258565545893e-03 -5.065670970960273189e-01 -8.014596999999999971e-01 -3.374860825641012169e-02 9.980820871989397602e-01 -5.189584427835592512e-02 -1.356845000000000134e-01 5.054494803495200861e-01 6.184032121568771440e-02 8.606373205284214567e-01 2.066566900000000206e+00
8.620976385267979936e-01 3.522620763832686949e-03 -5.067299604221885412e-01 -8.308807000000000276e-01 -3.347508615517379854e-02 9.981874687641087984e-01 -5.001195666243206384e-02 -1.390624000000000027e-01 5.056353233837823646e-01 6.007801881932781085e-02 8.606529796621413819e-01 2.115761500000000073e+00
8.616265713630277823e-01 1.827966265702262588e-03 -5.075394665053394316e-01 -8.598238000000000270e-01 -3.128151354671865336e-02 9.982836526319419646e-01 -4.950975457477593822e-02 -1.425723999999999880e-01 5.065778503166316060e-01 5.853552278027031319e-02 8.602049024165234758e-01 2.164859299999999820e+00
8.600063711161548552e-01 -1.748536858911553180e-03 -5.102802996966231408e-01 -9.195138999999999951e-01 -2.822170405810649901e-02 9.983006116546814246e-01 -5.098454854115654772e-02 -1.489377000000000062e-01 5.095022836648321896e-01 5.824801617859547836e-02 8.584955396224134283e-01 2.264066500000000204e+00
8.582555307429793334e-01 -2.966044640731050827e-03 -5.132140357865089264e-01 -9.495542000000000149e-01 -2.595047334987581750e-02 9.984533551453163014e-01 -4.916777940865746377e-02 -1.522844999999999893e-01 5.125661097673199773e-01 5.551666577029105987e-02 8.568511439799479934e-01 2.314549700000000154e+00
8.558971128646483129e-01 -2.245653551405863910e-03 -5.171412662223801027e-01 -9.801490999999999953e-01 -2.462866995610960702e-02 9.986789044023792750e-01 -4.509849795565690211e-02 -1.559069999999999900e-01 5.165593487743228573e-01 5.133617576125459880e-02 8.547110834966731296e-01 2.365227700000000155e+00
8.530880602165789028e-01 -1.782852934606770148e-03 -5.217639149570698631e-01 -1.011719899999999894e+00 -2.316238433361117455e-02 9.988789466802300288e-01 -4.128382045034548892e-02 -1.590882000000000129e-01 5.212525927685127680e-01 4.730403063596002461e-02 8.520904078897351130e-01 2.415871899999999961e+00
8.490810524629126554e-01 -2.349663918025303444e-03 -5.282573666575269833e-01 -1.043464399999999959e+00 -2.180018306251538251e-02 9.989823889292235304e-01 -3.948339686124328202e-02 -1.621576999999999880e-01 5.278125788259628859e-01 4.504071145901170775e-02 8.481657950803915824e-01 2.466172499999999879e+00
8.433964576279859848e-01 -5.923375514872734546e-03 -5.372590891581776607e-01 -1.074417500000000025e+00 -1.940412367084685258e-02 9.989511244138633561e-01 -4.147446222490042828e-02 -1.655097000000000096e-01 5.369412400301651900e-01 4.540445633181854762e-02 8.423969017631063316e-01 2.515580200000000044e+00
8.370622765921018615e-01 -1.002288252702473320e-02 -5.470158013552230969e-01 -1.106491799999999914e+00 -1.699867540284245165e-02 9.988730158045605600e-01 -4.431414370210503412e-02 -1.688844999999999930e-01 5.468434786490521393e-01 4.639224205997678069e-02 8.359485449091064169e-01 2.564911400000000175e+00
8.306593782891210642e-01 -1.076264944533435880e-02 -5.566768924944232033e-01 -1.139322900000000027e+00 -1.625036024025352729e-02 9.989185882153551743e-01 -4.356122025269146963e-02 -1.720476999999999979e-01 5.565437296856310390e-01 4.523073617307542954e-02 8.295861965177873110e-01 2.614161300000000132e+00
8.249887436985431366e-01 -7.414296708794773649e-03 -5.651005228939480762e-01 -1.173829400000000023e+00 -1.754698213109985236e-02 9.990958206798599139e-01 -3.872524393891073335e-02 -1.749468999999999885e-01 5.648766911360305620e-01 4.186369912407687799e-02 8.241127074052786439e-01 2.663002300000000044e+00
8.195472495713490568e-01 -2.851832579462611900e-03 -5.730045137439806480e-01 -1.208296199999999931e+00 -2.047821611331877151e-02 9.992030527861652800e-01 -3.426225281011306689e-02 -1.780722000000000138e-01 5.726455696020472663e-01 3.981364532100276077e-02 8.188357132303160091e-01 2.712073600000000084e+00
8.153673180898907136e-01 -2.749428236658343905e-03 -5.789374553743006357e-01 -1.242798800000000092e+00 -2.187275676524980464e-02 9.991285018632455328e-01 -3.555023594851143554e-02 -1.810707000000000011e-01 5.785306552831811500e-01 4.164945868649533312e-02 8.145965894163409438e-01 2.759999000000000091e+00
8.118769989187417657e-01 -5.097247043393234381e-03 -5.838062664097363186e-01 -1.277911699999999984e+00 -2.236816272742172401e-02 9.989561334446747098e-01 -3.982849167950937297e-02 -1.840247000000000133e-01 5.833998662348980346e-01 4.539450986456164405e-02 8.109154916212041320e-01 2.807840099999999950e+00
8.089234837258011401e-01 -7.281100279550050194e-03 -5.878688485160893373e-01 -1.313103300000000084e+00 -2.487811434108909425e-02 9.986037265446782163e-01 -4.660125275047127119e-02 -1.874451000000000034e-01 5.873873312421246107e-01 5.232191615184544203e-02 8.076128652928047380e-01 2.855230099999999993e+00
8.055711014121423874e-01 -8.274484355420122506e-03 -5.924413333641397328e-01 -1.348589100000000096e+00 -2.495977627676708444e-02 9.985409349388720823e-01 -4.788539254947161983e-02 -1.909672000000000036e-01 5.919731498453638663e-01 5.336229155550915870e-02 8.041891914855007206e-01 2.902581000000000078e+00
8.022616916606821746e-01 -6.484407390608210031e-03 -5.969372919784230458e-01 -1.384940499999999908e+00 -2.460645266886436061e-02 9.987320099230921899e-01 -4.391918535259071305e-02 -1.944442999999999866e-01 5.964651713057480542e-01 4.992318915867561407e-02 8.010848735330305947e-01 2.950855699999999970e+00
7.990836224614745742e-01 -4.219500638043431617e-03 -6.012050899054439679e-01 -1.421663600000000027e+00 -2.385978517538914559e-02 9.989650436538881628e-01 -3.872405207321982790e-02 -1.975118999999999903e-01 6.007462650447621400e-01 4.528838009854968538e-02 7.981559294165629925e-01 2.998858199999999918e+00
7.957051500150149614e-01 -2.041811941838432912e-03 -6.056807288032008962e-01 -1.458181399999999961e+00 -2.463200773870533739e-02 9.990579467484865805e-01 -3.572790552857164209e-02 -2.004153999999999936e-01 6.051830949674179561e-01 4.334801082739952321e-02 7.949052594636449864e-01 3.046822500000000211e+00
7.927791235057278785e-01 -1.991100360621332263e-03 -6.095057808198736105e-01 -1.495552999999999910e+00 -2.539220834387610065e-02 9.990186188928457112e-01 -3.629097492286928461e-02 -2.032148000000000010e-01 6.089798823351317836e-01 4.424742506389577057e-02 7.919505466165825958e-01 3.093800799999999906e+00
7.891541407610682679e-01 -3.183804128614070930e-03 -6.141869467116105596e-01 -1.532906899999999961e+00 -2.580418294168911053e-02 9.989317763040085341e-01 -3.833341144263283096e-02 -2.059448999999999863e-01 6.136529037349793825e-01 4.609956270279527701e-02 7.882289921439321612e-01 3.141137800000000091e+00
7.848222265230354600e-01 -6.167090912277191361e-03 -6.196902772717229890e-01 -1.570269300000000090e+00 -2.453274055265203257e-02 9.988574840074735395e-01 -4.101062402885393560e-02 -2.088729000000000002e-01 6.192351874662820332e-01 4.738875005673242463e-02 7.837742589366271106e-01 3.188471100000000114e+00
7.803582051630677530e-01 -7.155955006648907421e-03 -6.252918230255519738e-01 -1.608212100000000033e+00 -2.339730082362428271e-02 9.989002309662118329e-01 -4.063120586221230512e-02 -2.125704999999999956e-01 6.248949015225233605e-01 4.633703576612839548e-02 7.793325613417960707e-01 3.235490099999999813e+00
7.759938780901776134e-01 -7.374463281575132506e-03 -6.306973271370946987e-01 -1.646997000000000044e+00 -2.278629365907225424e-02 9.989511634380611182e-01 -3.971596514031364850e-02 -2.156994999999999885e-01 6.303287126474957924e-01 4.519060031746408718e-02 7.750119506530838143e-01 3.281931199999999826e+00
7.709629487362836819e-01 -6.910918049679600980e-03 -6.368425008489658756e-01 -1.686089600000000077e+00 -2.321840493480008955e-02 9.989714139296621553e-01 -3.894893867174488433e-02 -2.189252999999999894e-01 6.364566264468759504e-01 4.481465567291915975e-02 7.700094864927182758e-01 3.328518400000000099e+00
7.654773554003402314e-01 -8.211249981707118700e-03 -6.434104395664086429e-01 -1.725184599999999957e+00 -2.282514032794571990e-02 9.989427801195691625e-01 -3.990407267429926796e-02 -2.222105000000000052e-01 6.430578755744391639e-01 4.523159759199410490e-02 7.644806545890909799e-01 3.374329799999999935e+00
7.597788746341410659e-01 -1.013958920752272216e-02 -6.501024922197888856e-01 -1.764922300000000055e+00 -2.162020587374732447e-02 9.989314364331466356e-01 -4.084791308729356779e-02 -2.252458999999999989e-01 6.498219974405718968e-01 4.509073115744516996e-02 7.587477826037003492e-01 3.420994499999999938e+00
7.539799612150497321e-01 -1.170666063461958672e-02 -6.567930969361187588e-01 -1.804353499999999944e+00 -2.076000645866223765e-02 9.989171227187204627e-01 -4.163657131884387214e-02 -2.282198000000000004e-01 6.565692958233643184e-01 4.502816936250814833e-02 7.529204630941258580e-01 3.465780699999999825e+00
7.481575701405623890e-01 -1.328848119181314479e-02 -6.633880210773964725e-01 -1.844286400000000103e+00 -2.004732791247340953e-02 9.988902880708232512e-01 -4.261803657323296607e-02 -2.316334999999999922e-01 6.632181804541693593e-01 4.518416387853698563e-02 7.470609322201625657e-01 3.510764099999999832e+00
7.419103752864734114e-01 -1.515503425563503523e-02 -6.703277705563113198e-01 -1.884840300000000024e+00 -1.900885118293105594e-02 9.988672707468141398e-01 -4.362154292910555564e-02 -2.350717999999999974e-01 6.702295566587535003e-01 4.510543611939858699e-02 7.407819119103067340e-01 3.555589700000000075e+00
7.356846167990331864e-01 -1.658546010939278281e-02 -6.771211613280296859e-01 -1.926440500000000000e+00 -1.749812005303640755e-02 9.989011064410020513e-01 -4.347867690663536483e-02 -2.381376000000000048e-01 6.770981911066291659e-01 4.383494113035630441e-02 7.345859633400497746e-01 3.600142700000000140e+00
7.293218440925485213e-01 -1.663342502267392900e-02 -6.839685496435193857e-01 -1.968243200000000082e+00 -1.664011811742612326e-02 9.989774491809036983e-01 -4.203763191538158889e-02 -2.413383000000000056e-01 6.839683868414404566e-01 4.204028068448267125e-02 7.282992932864122970e-01 3.644180099999999811e+00
7.165035555945854506e-01 -1.846958495271258660e-02 -6.973388912515861016e-01 -2.054974800000000101e+00 -1.515656244245339353e-02 9.990012766897800045e-01 -4.203246111183071843e-02 -2.481793999999999945e-01 6.974187647570466719e-01 4.068566828582373396e-02 7.155080313741357667e-01 3.732536300000000029e+00
7.096725219747732627e-01 -2.102304732575362503e-02 -7.042179655725234744e-01 -2.098632600000000181e+00 -1.375663394912464768e-02 9.989506416708717751e-01 -4.368490045477202433e-02 -2.514178000000000246e-01 7.043973783145097700e-01 4.068964225073345986e-02 7.086386148363301718e-01 3.776468299999999889e+00
7.032750748506132465e-01 -2.035661423423519925e-02 -7.106263275103047450e-01 -2.142669699999999899e+00 -1.485336484805553289e-02 9.989510145780928774e-01 -4.331567875595976336e-02 -2.549095000000000111e-01 7.107626514150521269e-01 4.101802933244708127e-02 7.022349853312119805e-01 3.820233800000000013e+00
6.976074208746684269e-01 -1.979294701296749684e-02 -7.162067617588757651e-01 -2.187993000000000077e+00 -1.503009908201502140e-02 9.989941046711076078e-01 -4.224778046190007935e-02 -2.583049000000000039e-01 7.163225408027992236e-01 4.023702375815035176e-02 6.966082108738800294e-01 3.864188400000000190e+00
6.929842942738112521e-01 -1.886887947382358613e-02 -7.207057189153074361e-01 -2.233186499999999963e+00 -1.708821652286177453e-02 9.989467231940233338e-01 -4.258446989209903333e-02 -2.615493999999999875e-01 7.207501375274898425e-01 4.182594418929014290e-02 6.919319544917541531e-01 3.906955500000000026e+00
6.822475004762194040e-01 -2.247446312064174667e-02 -7.307757840824979922e-01 -2.324169400000000163e+00 -1.640155483989801793e-02 9.988054052012935724e-01 -4.602989832178235041e-02 -2.683891999999999944e-01 7.309373003840922145e-01 4.338964217550909941e-02 6.810638750213495740e-01 3.992181500000000050e+00
6.721220987547404935e-01 -2.588400493084258569e-02 -7.399877719626609673e-01 -2.415437900000000138e+00 -1.620736442650765052e-02 9.986350598800932676e-01 -4.965217534639185248e-02 -2.754313999999999929e-01 7.402629301159618924e-01 4.536557579291355946e-02 6.707851808359426293e-01 4.074664099999999678e+00
6.620180346134483251e-01 -2.549893171037693335e-02 -7.490540209678983041e-01 -2.510835600000000056e+00 -1.508356254071135938e-02 9.987653966408166495e-01 -4.733041954169266152e-02 -2.828752999999999962e-01 7.493361114931186284e-01 4.263199449406193664e-02 6.608160901928997744e-01 4.158340899999999785e+00
6.571515732857933223e-01 -2.613169532782592952e-02 -7.533053459436621635e-01 -2.559331199999999917e+00 -1.482605432754769553e-02 9.987573988414899517e-01 -4.757989462428016680e-02 -2.868140000000000134e-01 7.536126311581324844e-01 4.243574859331081250e-02 6.559475660449103351e-01 4.199518199999999979e+00
6.524746401592705913e-01 -2.743925372062099716e-02 -7.573136280988780333e-01 -2.607051600000000136e+00 -1.328106660761562037e-02 9.987767248884215077e-01 -4.763052688058845574e-02 -2.906053000000000108e-01 7.576941712978887411e-01 4.113564362464466884e-02 6.513120616147007880e-01 4.240404599999999746e+00
6.480109514731042797e-01 -2.824843132723937195e-02 -7.611069786163259243e-01 -2.655333800000000188e+00 -1.257109319973757217e-02 9.987791222156034987e-01 -4.777271859536590115e-02 -2.939993000000000190e-01 7.615272643751408443e-01 4.052519159459642972e-02 6.468646956354440203e-01 4.281001599999999740e+00
6.438694799388618994e-01 -2.889290146961302763e-02 -7.645896239473347622e-01 -2.704841399999999840e+00 -1.136738332012306348e-02 9.988152591344747755e-01 -4.731660085620473244e-02 -2.979685999999999724e-01 7.650508972609030289e-01 3.915709852375734434e-02 6.427782247676783189e-01 4.322424899999999681e+00
6.401369846609921144e-01 -3.118799890930833846e-02 -7.676274810044033670e-01 -2.754328500000000179e+00 -9.209293307390490138e-03 9.987923613903202380e-01 -4.825979429220812744e-02 -3.019193000000000016e-01 7.682055908322401594e-01 3.796218582195673430e-02 6.390767110932051853e-01 4.363034700000000043e+00
6.354590977305107913e-01 -3.632276889712961199e-02 -7.712797103328796755e-01 -2.803418600000000094e+00 -5.300105174111884032e-03 9.986641841145320608e-01 -5.139801797734473710e-02 -3.058530999999999889e-01 7.721163409724394189e-01 3.674920171244287770e-02 6.344177268778274925e-01 4.404130000000000322e+00
6.306781140905464156e-01 -4.034348142180977509e-02 -7.749951741230133306e-01 -2.853868499999999919e+00 -1.123464960610408292e-03 9.985993008555272832e-01 -5.289777081630528399e-02 -3.096299000000000134e-01 7.760437192798316230e-01 3.423214626079072731e-02 6.297493993079354979e-01 4.445072699999999877e+00
6.239009847123437869e-01 -4.375259729669494363e-02 -7.802776887139353246e-01 -2.904476600000000186e+00 3.702294218097083867e-03 9.985858703190299002e-01 -5.303350466175327932e-02 -3.137111000000000205e-01 7.814946284476242955e-01 3.019883820577878158e-02 6.231806927998738699e-01 4.485808399999999807e+00
6.156550938798601713e-01 -4.760042849195321446e-02 -7.865767633150390070e-01 -2.956133599999999806e+00 8.285956120105058414e-03 9.985097820253341361e-01 -5.394032008521425919e-02 -3.176723000000000185e-01 7.879721748329416853e-01 2.669109228004961504e-02 6.151320486545484023e-01 4.526114500000000263e+00
6.062777671022450132e-01 -4.862567043620289603e-02 -7.937649609879148249e-01 -3.008302500000000101e+00 1.154110127073233738e-02 9.985617744401241724e-01 -5.235633303096594998e-02 -3.219289000000000178e-01 7.951692097276999993e-01 2.258155888375511927e-02 6.059669967080754116e-01 4.566099200000000025e+00
5.973778384593301238e-01 -4.696899092118278496e-02 -8.005833073512739206e-01 -3.061024900000000049e+00 1.212023892965103863e-02 9.986981891118595911e-01 -4.954822774812873976e-02 -3.262772999999999923e-01 8.018683295441632053e-01 1.989575222348005656e-02 5.971694408771394125e-01 4.605209399999999675e+00
5.880868061032256122e-01 -4.683217167161522060e-02 -8.074408066129847850e-01 -3.114673600000000153e+00 1.162807378880998527e-02 9.987085764347416461e-01 -4.945672103621198690e-02 -3.303269999999999817e-01 8.087142241776565932e-01 1.969586383513207209e-02 5.878719048912941503e-01 4.644115900000000074e+00
5.786165763495237924e-01 -4.787402246301358105e-02 -8.141934263716249509e-01 -3.167994499999999825e+00 1.069311152658238701e-02 9.986352760173078380e-01 -5.111988712541902513e-02 -3.344844000000000150e-01 8.155295917006543105e-01 2.087255295948202416e-02 5.783388466924194171e-01 4.681215299999999857e+00
5.688252549174491746e-01 -5.021177292176332713e-02 -8.209242396397808950e-01 -3.222828900000000107e+00 1.120636599290343594e-02 9.985151749027855184e-01 -5.330912539230769909e-02 -3.384081999999999923e-01 8.223820564247084075e-01 2.112399935885634142e-02 5.685433404075321828e-01 4.718660800000000322e+00
5.589944341435967301e-01 -5.148107465902970054e-02 -8.275717017566703859e-01 -3.278375399999999829e+00 1.162634295574998394e-02 9.984592416071160770e-01 -5.425837261490596558e-02 -3.427906000000000009e-01 8.290898930429408953e-01 2.070849587232508754e-02 5.587316954073310304e-01 4.755906600000000317e+00
5.489817658003610656e-01 -5.227793879792987791e-02 -8.341978410028145774e-01 -3.334320099999999787e+00 1.477741160667119663e-02 9.984931631987211675e-01 -5.284913576983986394e-02 -3.470081999999999889e-01 8.357036848817434027e-01 1.668592701805465470e-02 5.489270724919873556e-01 4.792284500000000058e+00
5.387499577281452678e-01 -5.227298434760791618e-02 -8.408424455005327758e-01 -3.391172899999999935e+00 1.598845202919777636e-02 9.985278410417215422e-01 -5.183165120144762883e-02 -3.513297000000000225e-01 8.423139868538522812e-01 1.448053078976125826e-02 5.387925962542683411e-01 4.828417800000000426e+00
5.285043443893406856e-01 -5.300006924929503982e-02 -8.472745426490536635e-01 -3.448610500000000023e+00 1.635271436081822335e-02 9.984996457399655245e-01 -5.225941245552635783e-02 -3.554178000000000059e-01 8.487730831586418612e-01 1.376408793684723297e-02 5.285780956383268059e-01 4.863816700000000104e+00
5.080781334619700607e-01 -5.428903797609209436e-02 -8.595983426306912367e-01 -3.563497100000000195e+00 1.352151073979720661e-02 9.983913453996742238e-01 -5.506260235715410012e-02 -3.637853999999999810e-01 8.612048415128159551e-01 1.635303600738876109e-02 5.079948810452984409e-01 4.932358699999999985e+00
4.981180661144310462e-01 -5.553217291782358567e-02 -8.653291685719625148e-01 -3.621950599999999909e+00 1.273421378863948128e-02 9.983080176600798161e-01 -5.673571780445715862e-02 -3.682054000000000160e-01 8.670157045922549655e-01 1.724179940222925547e-02 4.979824177054534839e-01 4.965636700000000125e+00
4.883240490431668412e-01 -5.537038303983674026e-02 -8.709039808199917632e-01 -3.680906499999999859e+00 1.202578940701112820e-02 9.983172358480302266e-01 -5.672809707619869135e-02 -3.726696999999999926e-01 8.725795112854902724e-01 1.722838619169430111e-02 4.881681874047149039e-01 4.998753999999999920e+00
4.801291349895186467e-01 -5.335468248137921476e-02 -8.755736928388879736e-01 -3.741083900000000018e+00 1.074781183676041738e-02 9.984313939304071406e-01 -5.494757642431422062e-02 -3.769674000000000080e-01 8.771319731231657091e-01 1.697143103852662149e-02 4.799494476021056721e-01 5.030939599999999956e+00
4.717486519713775528e-01 -5.201478921163777552e-02 -8.801975182119392560e-01 -3.801535400000000120e+00 1.217883911221964016e-02 9.985476407880614635e-01 -5.248128194390166978e-02 -3.815015999999999963e-01 8.816489580559072614e-01 1.403819004948719459e-02 4.716969832202319024e-01 5.063537600000000083e+00
4.638698704273260809e-01 -5.223328948650773906e-02 -8.843621581564616863e-01 -3.861322899999999780e+00 1.210226677973809048e-02 9.985407913151590487e-01 -5.262910999141004464e-02 -3.857775999999999983e-01 8.858206807523337778e-01 1.371027166450644943e-02 4.638251286879114810e-01 5.094879599999999620e+00
4.563140837461659438e-01 -5.527397767342204227e-02 -8.881003571483659931e-01 -3.921857800000000172e+00 1.367803193113037788e-02 9.983865913717169249e-01 -5.511012258791738588e-02 -3.902949000000000002e-01 8.897136440548657488e-01 1.300006005072077558e-02 4.563339018978204153e-01 5.125920800000000277e+00
4.486905520498387090e-01 -5.891230424622752315e-02 -8.917433088673056840e-01 -3.982497200000000070e+00 1.697773377539464612e-02 9.982067073518720024e-01 -5.740318766049585381e-02 -3.948567000000000049e-01 8.935259062036549071e-01 1.061648746686973815e-02 4.488861159991507366e-01 5.157303800000000216e+00
4.423947476993902450e-01 -6.161778333375476924e-02 -8.947011433909242140e-01 -4.043033099999999713e+00 1.759857524217367172e-02 9.980412476268619715e-01 -6.003297581215201462e-02 -3.994443999999999773e-01 8.966477442995315350e-01 1.081280779683657656e-02 4.426125911337253083e-01 5.187245400000000117e+00
4.367429175368106598e-01 -6.483487171910000402e-02 -8.972469355704718597e-01 -4.104016299999999617e+00 1.946075201067687735e-02 9.978469684798126904e-01 -6.263151464579656824e-02 -4.043917000000000206e-01 8.993758408544302307e-01 9.892770330677948948e-03 4.370643316293048031e-01 5.217347600000000085e+00
4.314210376581890660e-01 -6.610004570575370164e-02 -8.997258872699109844e-01 -4.164649999999999963e+00 2.313468197049112912e-02 9.977948128186376886e-01 -6.221171917206690105e-02 -4.097837999999999758e-01 9.018540207572707246e-01 6.024572177105613768e-03 4.319988770518127241e-01 5.247072700000000367e+00
4.279366680143142365e-01 -6.340249097023907543e-02 -9.015821273226171106e-01 -4.226040399999999586e+00 2.483715954825604574e-02 9.979846624009486300e-01 -5.839288585126765907e-02 -4.150171999999999750e-01 9.034673893807022571e-01 2.595717864763754518e-03 4.286489689412369408e-01 5.275512199999999652e+00
4.239959690413390159e-01 -6.136205189905424850e-02 -9.035829330080519251e-01 -4.286642600000000414e+00 2.788418104674495954e-02 9.981135614593386052e-01 -5.469726572971761458e-02 -4.197590999999999961e-01 9.052347157969850011e-01 -2.004249907762104682e-03 4.249071572688073450e-01 5.303979899999999859e+00
4.207790539327911361e-01 -6.063960231592152583e-02 -9.051341482909547320e-01 -4.347329600000000127e+00 2.898508577290444255e-02 9.981526172363293092e-01 -5.339679304043632585e-02 -4.243887000000000076e-01 9.066999793615100334e-01 -3.767138865598297637e-03 4.217593580356038263e-01 5.331981700000000046e+00
4.176822197856875363e-01 -6.028061729562685794e-02 -9.065913139079587735e-01 -4.407833100000000393e+00 3.046012551658486972e-02 9.981648792931231418e-01 -5.233597710236122247e-02 -4.291686000000000112e-01 9.080824544216316019e-01 -5.755078123114865801e-03 4.187518776643065488e-01 5.359987699999999577e+00
4.152791948862862847e-01 -5.961323048850530187e-02 -9.077386479848273959e-01 -4.467403899999999872e+00 3.239102714103569286e-02 9.981867635546718409e-01 -5.073466689550980985e-02 -4.333680999999999783e-01 9.091171605768678665e-01 -8.333535562652344408e-03 4.164571292818499693e-01 5.387152699999999683e+00
4.126797967762960706e-01 -5.863358076839546296e-02 -9.089870673111641874e-01 -4.527500599999999764e+00 3.356237054164179501e-02 9.982272207166390521e-01 -4.915265103694808208e-02 -4.376711999999999825e-01 9.102576298039475322e-01 -1.022345472971365049e-02 4.139160885458416095e-01 5.414475900000000230e+00
4.100253758076610189e-01 -5.899864236600788070e-02 -9.101639145740477721e-01 -4.586682299999999657e+00 3.605969907916657669e-02 9.981740505734812974e-01 -4.845887807253819457e-02 -4.424024999999999763e-01 9.113610093130529721e-01 -1.295086717934633078e-02 4.114041634976445261e-01 5.441586000000000034e+00
4.076537609089020964e-01 -5.947582443166655325e-02 -9.111975842401037751e-01 -4.645939399999999608e+00 3.858692511876587322e-02 9.981072231207989143e-01 -4.788549220762451653e-02 -4.463988999999999874e-01 9.123209196476348426e-01 -1.563961196006119492e-02 4.091771524792559012e-01 5.468497300000000116e+00
4.049182934592687189e-01 -5.894142184986504024e-02 -9.124511408356887898e-01 -4.704890699999999981e+00 4.260247978142137765e-02 9.980525196758219808e-01 -4.556530132915259657e-02 -4.505689999999999973e-01 9.133598438394954222e-01 -2.042245722382947035e-02 4.066407737825041835e-01 5.494962700000000311e+00
4.029802436502057938e-01 -5.775973330127584515e-02 -9.133842216923753199e-01 -4.762916999999999845e+00 4.390185099364535271e-02 9.980775995549867607e-01 -4.374623121923909563e-02 -4.546472999999999764e-01 9.141551021062850335e-01 -2.247039108517819017e-02 4.047413134553063951e-01 5.520667999999999687e+00
4.011238060567214325e-01 -5.882910120506688878e-02 -9.141328290057050276e-01 -4.820479399999999970e+00 4.637615656097544836e-02 9.979600886509985003e-01 -4.387383687715251668e-02 -4.588708000000000231e-01 9.148491374632220507e-01 -2.479512676102083035e-02 4.030338166602193128e-01 5.546314200000000305e+00
3.998313104602723711e-01 -6.081052590292974902e-02 -9.145692992414680145e-01 -4.877802800000000438e+00 4.778266873932185410e-02 9.978228912709344867e-01 -4.545650914732812103e-02 -4.622573999999999850e-01 9.153424166637145198e-01 -2.552562624348325010e-02 4.018665234391992636e-01 5.571160299999999843e+00
3.995291186759478697e-01 -6.134850257926541262e-02 -9.146654276626519087e-01 -4.934617000000000253e+00 4.745476476707391478e-02 9.978045587182436948e-01 -4.619640572590850980e-02 -4.667448000000000152e-01 9.154914137395947504e-01 -2.494842344463749084e-02 4.015632547142542474e-01 5.595812300000000405e+00
3.999415268507189314e-01 -6.220098489737471703e-02 -9.144275873890244100e-01 -4.991015400000000213e+00 4.651437896193541532e-02 9.977863346855205817e-01 -4.752728547497577644e-02 -4.705789000000000222e-01 9.153595947222603613e-01 -2.352589621312960871e-02 4.019494303482317177e-01 5.620067599999999608e+00
4.019491868991241779e-01 -6.169956880923031795e-02 -9.135808745589456548e-01 -5.046594599999999708e+00 4.462657169497301346e-02 9.978615756474142895e-01 -4.775714548853515068e-02 -4.749253999999999976e-01 9.145738462529345858e-01 -2.157403659992105510e-02 4.038430892003711525e-01 5.644638500000000114e+00
4.061594588338084399e-01 -6.136383160811937493e-02 -9.117395319773068385e-01 -5.101169600000000415e+00 4.205313369518878103e-02 9.979408268168712404e-01 -4.843180895314443124e-02 -4.789720000000000089e-01 9.128340637521382694e-01 -1.867046711867897946e-02 4.079036475827690911e-01 5.668480399999999975e+00
4.114449519882063533e-01 -6.227670661159212528e-02 -9.093044942685789556e-01 -5.155942399999999814e+00 4.079641661314697965e-02 9.979213477068564764e-01 -4.988623239389708419e-02 -4.827776999999999763e-01 9.105211166551542279e-01 -1.657092648420838144e-02 4.131303674634749790e-01 5.692809600000000358e+00
4.168796067902103553e-01 -6.197307263259978216e-02 -9.068465866456760782e-01 -5.210263699999999609e+00 4.017362309951071075e-02 9.979543425377410681e-01 -4.973138060745511957e-02 -4.868442000000000047e-01 9.080734956210856357e-01 -1.569931458821099968e-02 4.185164967739770647e-01 5.717823000000000100e+00
4.238152298712853927e-01 -6.044050217183682266e-02 -9.037298250176131198e-01 -5.263585599999999864e+00 3.907140100467449556e-02 9.980622800777578796e-01 -4.842634313593213724e-02 -4.908490999999999826e-01 9.049055622288335599e-01 -1.478616864516664464e-02 4.253554897542939361e-01 5.742769700000000199e+00
4.322364131033052392e-01 -5.929371150131421131e-02 -8.998088346776706992e-01 -5.317094299999999940e+00 3.716434530610526754e-02 9.981594445544403893e-01 -4.792217320551885040e-02 -4.945222000000000229e-01 9.009941701396060321e-01 -1.272709798697635106e-02 4.336444699881142339e-01 5.767810800000000349e+00
