1.000000000000000000e+00 0.000000000000000000e+00 0.000000000000000000e+00 0.000000000000000000e+00 0.000000000000000000e+00 1.000000000000000000e+00 0.000000000000000000e+00 0.000000000000000000e+00 0.000000000000000000e+00 0.000000000000000000e+00 1.000000000000000000e+00 0.000000000000000000e+00
9.999550707473769950e-01 -6.650316039917839733e-03 -6.754982100463272771e-03 2.329999999999999986e-04 6.621905195076181749e-03 9.999691721829849778e-01 -4.219603685565334258e-03 -4.783000000000000250e-04 6.782835557183350753e-03 4.174683250861671927e-03 9.999682820777663350e-01 4.535899999999999654e-02
9.997882748987730883e-01 -8.479487990326753724e-03 -1.874843082386616275e-02 -5.301999999999999855e-04 8.366745302893519379e-03 9.999464914626444711e-01 -6.083731140013524420e-03 -6.403000000000000054e-04 1.879901454789318846e-02 5.925579715889860676e-03 9.998057234068320476e-01 6.090960000000000124e-02
9.908851451381363029e-01 -2.515007953215759023e-03 -1.346859453676204355e-01 -1.388909999999999971e-02 1.765188702802490250e-03 9.999822749180007353e-01 -5.686295689060328826e-03 -2.467200000000000122e-03 1.346978591270769632e-01 5.396719819963705783e-03 9.908720210813134477e-01 1.640088000000000101e-01
9.834419042784359188e-01 3.514672901256147772e-04 -1.812233356385088145e-01 -2.603899999999999965e-02 -1.143103631078558032e-03 9.999902563299546410e-01 -4.263866700547515667e-03 -3.452699999999999953e-03 1.812200712484471621e-01 4.400422240580407346e-03 9.834327237085475071e-01 2.234909999999999952e-01
9.811473515964403980e-01 -1.170174524140155060e-03 -1.932576134253805589e-01 -3.062809999999999838e-02 2.550562365788550090e-04 9.999886384303356968e-01 -4.760037453574743685e-03 -3.983800000000000015e-03 1.932609877901045881e-01 4.621006581504235808e-03 9.811365026827646441e-01 2.443169000000000035e-01
9.791842327911005617e-01 -4.870703694862664468e-03 -2.029150425641746691e-01 -3.521520000000000206e-02 3.469502787407568577e-03 9.999676233600911512e-01 -7.260494609820901390e-03 -4.218399999999999754e-03 2.029438365748320316e-01 6.405347538418071016e-03 9.791694290158369229e-01 2.659792999999999741e-01
9.758841174829140375e-01 -3.481798985965346184e-03 -2.182614632050633718e-01 -4.585790000000000005e-02 1.217148643091611575e-03 9.999440334312156287e-01 -1.050945072268125516e-02 -4.947299999999999962e-03 2.182858396547392166e-01 9.990349399954738530e-03 9.758337384642387091e-01 3.109797999999999729e-01
9.721905720414454333e-01 -8.566885391301378230e-03 -2.340343994126066751e-01 -5.736070000000000058e-02 5.240159792687854902e-03 9.998762563540909420e-01 -1.483282524252797253e-02 -6.075299999999999624e-03 2.341325102566371719e-01 1.319395520761626993e-02 9.721151614839186328e-01 3.585246999999999740e-01
9.702389973908339682e-01 -1.492309383270868858e-02 -2.416890341171677448e-01 -6.341049999999999465e-02 1.136558487836447986e-02 9.998056768023666496e-01 -1.610689647741547770e-02 -6.631599999999999648e-03 2.418824330587113769e-01 1.288060185789694986e-02 9.702200671359958450e-01 3.835918999999999857e-01
9.679393189619267535e-01 -1.589093338561655550e-02 -2.506809786235390525e-01 -6.986150000000000693e-02 1.158871145624611187e-02 9.997593018690149602e-01 -1.862901213601444311e-02 -7.291599999999999644e-03 2.509166725714040980e-01 1.512668379102969501e-02 9.678904932187220034e-01 4.090228000000000197e-01
9.634951334889674257e-01 -8.786049794465896484e-03 -2.675816381444848790e-01 -8.586299999999999488e-02 1.989764315375570480e-03 9.996687605670526722e-01 -2.565950085839728209e-02 -8.839200000000000182e-03 2.677184502066417560e-01 2.419037980979213062e-02 9.631934680756570888e-01 4.609115999999999769e-01
9.585655240581059111e-01 -1.468564240561351028e-02 -2.844933531637305890e-01 -1.021977000000000024e-01 6.476260125204952485e-03 9.995356340053445088e-01 -2.977539938144645876e-02 -1.065280000000000046e-02 2.847985149926161030e-01 2.669921835313551067e-02 9.582155068654087948e-01 5.161681000000000186e-01
9.560626210478040399e-01 -1.378740504867745006e-02 -2.928381329288018975e-01 -1.109590000000000021e-01 4.607663838631644720e-03 9.994767935985833240e-01 -3.201419203798520907e-02 -1.204799999999999968e-02 2.931263107760084807e-01 2.925827267489543304e-02 9.556259306919880903e-01 5.441386000000000278e-01
9.536338353210004337e-01 -1.316941151515976793e-02 -3.006810182424282107e-01 -1.207345999999999975e-01 2.635684525149859479e-03 9.993693332235218385e-01 -3.541170681366962586e-02 -1.325220000000000044e-02 3.009577400533884894e-01 3.297730147719469401e-02 9.530671205582738059e-01 5.733873999999999915e-01
9.512868887893900505e-01 -1.389809386110962483e-02 -3.079936658511507885e-01 -1.307723000000000080e-01 1.417926291328725809e-03 9.991700931006125552e-01 -4.070767173820542817e-02 -1.450249999999999977e-02 3.083038188255781686e-01 3.828796208132416445e-02 9.505171157097720425e-01 6.023880000000000345e-01
9.495177120207389798e-01 -1.546320492639694129e-02 -3.133320983434436102e-01 -1.409429000000000098e-01 3.526793263460125533e-04 9.988364514220923196e-01 -4.822467136036409641e-02 -1.617319999999999869e-02 3.137132292017566493e-01 4.567967385967862393e-02 9.484183555899156071e-01 6.320586999999999733e-01
9.482108142754188673e-01 -1.605001148663283764e-02 -3.172359513397340347e-01 -1.515644999999999909e-01 -1.986657106662192279e-03 9.984034176010661010e-01 -5.645058827020084380e-02 -1.783900000000000069e-02 3.176354905936799033e-01 5.415729732723137402e-02 9.466650317094860156e-01 6.623200999999999672e-01
9.467775488619156743e-01 -1.675637423913821367e-02 -3.214521689044589903e-01 -1.622180000000000011e-01 -4.321172271980642729e-03 9.978925199823514003e-01 -6.474446720352551587e-02 -1.993790000000000145e-02 3.218595974042389174e-01 6.268765816036254990e-02 9.447098269167897300e-01 6.930950999999999640e-01
9.454254678349983676e-01 -1.599968611517881348e-02 -3.254453791547671782e-01 -1.736254999999999882e-01 -8.454972164678047075e-03 9.972527951240272026e-01 -7.358923877177740713e-02 -2.231069999999999928e-02 3.257287187440937593e-01 7.232477211530570493e-02 9.426929134791457443e-01 7.243758999999999615e-01
9.423353110727444859e-01 -1.374552898226244317e-02 -3.343878316243452664e-01 -1.975153000000000048e-01 -1.625991045131739907e-02 9.960958464621934016e-01 -8.676796628296348790e-02 -2.802179999999999949e-02 3.342750017837841092e-01 8.720163469662786659e-02 9.384327882638622276e-01 7.885830000000000339e-01
9.390599138059946283e-01 -1.077299662955539042e-02 -3.435846632582680860e-01 -2.230974000000000013e-01 -2.446362349201946715e-02 9.948801378795029127e-01 -9.805632248102057191e-02 -3.473020000000000274e-02 3.428819175872629410e-01 1.004860875767425582e-01 9.339885099909958077e-01 8.540619000000000405e-01
9.371081006283004111e-01 -8.404464378981301581e-03 -3.489380642969774349e-01 -2.361316999999999999e-01 -2.866979060650802838e-02 9.944784845728753542e-01 -1.009484364822762770e-01 -3.855329999999999868e-02 3.478598149303798182e-01 1.046035788113371390e-01 9.316928895598926008e-01 8.878276000000000501e-01
9.352747400852405857e-01 -7.810911846061545719e-03 -3.538363325248251590e-01 -2.498124999999999929e-01 -3.046893898297329401e-02 9.942677905230054014e-01 -1.024851427561718070e-01 -4.224420000000000258e-02 3.526085709618208552e-01 1.066327828795353011e-01 9.296755591600912583e-01 9.224499999999999922e-01
9.330321913660322153e-01 -6.809446444702887610e-03 -3.597284549682116528e-01 -2.636657000000000028e-01 -3.186382171059276569e-02 9.943284240112011396e-01 -1.014676405037419210e-01 -4.629060000000000119e-02 3.583791661644068482e-01 1.061348983252811823e-01 9.275234534052423374e-01 9.568172000000000343e-01
9.305394040743452111e-01 -6.769140108000330780e-03 -3.661292069845843988e-01 -2.781534999999999980e-01 -3.209474606096105603e-02 9.944739991303206406e-01 -9.995695237965973590e-02 -5.051859999999999684e-02 3.647825992837991915e-01 1.047647068241275570e-01 9.251799886853422361e-01 9.931425000000000392e-01
9.245117626202458139e-01 -6.308111200922238843e-03 -3.811013100343308424e-01 -3.084048999999999818e-01 -3.227883965442654435e-02 9.949753376001707617e-01 -9.477422686569487997e-02 -5.863120000000000137e-02 3.797842509733258543e-01 9.992139560926467656e-02 9.196627846184310950e-01 1.065549999999999997e+00
9.209723988384895810e-01 -3.814586941416597474e-03 -3.896091496668736553e-01 -3.240499000000000018e-01 -3.360834750206651705e-02 9.954473701800727881e-01 -8.919087498033345662e-02 -6.248630000000000156e-02 3.881756297809773049e-01 9.523645377713046978e-02 9.166513504687036074e-01 1.102243099999999920e+00
9.174042889092680619e-01 -1.001494253371051912e-03 -3.979552332865352038e-01 -3.407498999999999945e-01 -3.537808148554884291e-02 9.958322136911931244e-01 -8.406303304841970803e-02 -6.630079999999999307e-02 3.963808295582444408e-01 9.119867972815341728e-02 9.135453129290083130e-01 1.138751599999999975e+00
9.137406897942281780e-01 3.356676685904218249e-03 -4.062839949296482844e-01 -3.577488999999999808e-01 -3.921823172458954038e-02 9.960251839329949952e-01 -7.997351606400653068e-02 -6.991580000000000017e-02 4.044006455419730806e-01 8.900879559273801311e-02 9.102403815434501055e-01 1.175305999999999962e+00
9.096242879806385462e-01 3.867704248809347711e-03 -4.154138846735386248e-01 -3.748523000000000271e-01 -3.979313956459203105e-02 9.961698674827170752e-01 -7.785949629337876599e-02 -7.361589999999999800e-02 4.135216569410956056e-01 8.735351156827927954e-02 9.062942145117011128e-01 1.212055600000000011e+00
9.056263418879346716e-01 3.584385787271729407e-03 -4.240614118936144039e-01 -3.928882000000000208e-01 -4.027488925429975608e-02 9.961714581906069288e-01 -7.759097358555126778e-02 -7.685240000000000127e-02 4.221597590654888044e-01 8.734745597284347685e-02 9.023034743149560555e-01 1.248750199999999921e+00
9.015531981599891331e-01 3.897024244648220753e-03 -4.326507183508793708e-01 -4.109370999999999996e-01 -4.093948752580559014e-02 9.962413363599030847e-01 -7.633582441395847518e-02 -8.019300000000000039e-02 4.307270472684757157e-01 8.653330532154029919e-02 8.983241051099036811e-01 1.285810200000000014e+00
8.976251875508887146e-01 5.026051636085975688e-03 -4.407309400066931060e-01 -4.298963000000000090e-01 -4.223252046757734746e-02 9.963149572000110643e-01 -7.465199444419345909e-02 -8.350520000000000165e-02 4.387316228506757954e-01 8.562268895854432960e-02 8.945296631450075919e-01 1.322850000000000081e+00
8.899344022350895722e-01 5.028370695420621150e-03 -4.560608240209008124e-01 -4.693641000000000063e-01 -4.033587727292711061e-02 9.968888002784368485e-01 -6.771806911040849364e-02 -9.051889999999999936e-02 4.543014161579259080e-01 7.866025278098294493e-02 8.873684623138996530e-01 1.398450699999999935e+00
8.861789683145403496e-01 7.150341306520709150e-03 -4.632879328626822724e-01 -4.898578000000000099e-01 -4.033716679886097806e-02 9.972752719898394513e-01 -6.176523983789362210e-02 -9.392169999999999686e-02 4.615839567095219587e-01 7.342277914102623981e-02 8.840527961675084256e-01 1.436979900000000088e+00
8.820698043464469951e-01 8.221332121356641348e-03 -4.710469933651748597e-01 -5.110729999999999995e-01 -4.020564253912756181e-02 9.975137267912477235e-01 -5.787807159064650014e-02 -9.695479999999999376e-02 4.694000069964173738e-01 6.999124631828222698e-02 8.802072817641177771e-01 1.476089800000000007e+00
8.782332273479138696e-01 6.744158914895527490e-03 -4.781850214117940867e-01 -5.330713000000000257e-01 -3.822696656223012468e-02 9.976910338362506847e-01 -5.613644119645772729e-02 -9.972949999999999871e-02 4.767023152969969146e-01 6.758045074785941353e-02 8.764632252794172240e-01 1.515926700000000071e+00
8.719673073045347556e-01 7.039054682024313211e-03 -4.895135000194199559e-01 -5.792317999999999634e-01 -3.769107043546417873e-02 9.978941110378607426e-01 -5.278945316430812967e-02 -1.053035999999999972e-01 4.881110510954531634e-01 6.448096513810315511e-02 8.703963504825550368e-01 1.595670799999999945e+00
8.663376719821187510e-01 6.135286837386117256e-03 -4.994210611898801111e-01 -6.268799000000000454e-01 -3.653042810277924018e-02 9.980247884918050927e-01 -5.110821243709756656e-02 -1.115425000000000028e-01 4.981210354193352230e-01 6.252103495073330075e-02 8.648505964971398008e-01 1.677325399999999966e+00
8.642603264566651733e-01 2.893725696715594708e-03 -5.030364941677795132e-01 -6.517473999999999767e-01 -3.362139292700005999e-02 9.980797611036476003e-01 -5.202299888447277365e-02 -1.133933000000000024e-01 5.019200036367016393e-01 6.187420162618466335e-02 8.626980312499011871e-01 1.719338800000000056e+00
8.625402845910022931e-01 9.772085112574810384e-04 -5.059874529286257916e-01 -6.764843000000000384e-01 -3.239186106300884910e-02 9.980535871269823334e-01 -5.328981666170255760e-02 -1.152663000000000021e-01 5.049505171742548759e-01 6.235448890407703504e-02 8.608930786799042778e-01 1.762074900000000000e+00
8.621902499169410428e-01 2.805810020513855099e-03 -5.065768454817998201e-01 -7.014616999999999658e-01 -3.379237650642284707e-02 9.980758998636924950e-01 -5.198628089533417068e-02 -1.185338999999999976e-01 5.054562772764927825e-01 6.194050000935744787e-02 8.606261245281716654e-01 1.803175399999999984e+00
8.620950845321653233e-01 2.821780160913929178e-03 -5.067386928015289449e-01 -7.267926999999999582e-01 -3.276699306014251717e-02 9.982021922357591226e-01 -5.018672714494568782e-02 -1.215605000000000019e-01 5.056860581341702243e-01 5.987003401074805081e-02 8.606376645466293773e-01 1.845853699999999931e+00
8.609817600412388305e-01 -3.343096885412202152e-04 -5.086357214287281492e-01 -7.784997999999999641e-01 -2.961324124937623342e-02 9.982705615459193105e-01 -5.078328360298513949e-02 -1.272564999999999946e-01 5.077730445966947004e-01 5.878583322389097782e-02 8.594828450837026512e-01 1.933317799999999975e+00
8.600502877807451041e-01 -2.015742042380240864e-03 -5.102052913017229852e-01 -8.053590999999999944e-01 -2.793360545343629570e-02 9.983063063380767099e-01 -5.103168047397461937e-02 -1.303495000000000070e-01 5.094440265373902932e-01 5.814168478505477022e-02 8.585373191164877849e-01 1.976933800000000074e+00
8.582060152119205254e-01 -3.272969876138842604e-03 -5.132949669753901212e-01 -8.318771000000000360e-01 -2.564429989519140946e-02 9.984575751951035860e-01 -4.924266867666317327e-02 -1.331729000000000107e-01 5.126644178572981048e-01 5.542344453120923164e-02 8.567983639452947386e-01 2.021955000000000169e+00
8.557919380247100971e-01 -3.103752824352054920e-03 -5.173108596678752669e-01 -8.588814999999999644e-01 -2.383561260091444922e-02 9.986834247940153952e-01 -4.542334877169793006e-02 -1.361532000000000020e-01 5.167707638632916822e-01 5.120335692219320223e-02 8.545912437276949047e-01 2.066938899999999801e+00
8.528507670350591319e-01 -3.005143356139603969e-03 -5.221460890221436557e-01 -8.864465999999999735e-01 -2.179111759699697837e-02 9.989074067098666632e-01 -4.134174662544946172e-02 -1.391040000000000054e-01 5.216998335840112855e-01 4.663648714877722395e-02 8.518534625772420377e-01 2.111493100000000123e+00
8.489566316756119724e-01 -3.040730225789588584e-03 -5.284537742259898252e-01 -9.146195999999999771e-01 -2.101877363678460175e-02 9.989978963664384315e-01 -3.951473409041927898e-02 -1.418683000000000027e-01 5.280443624249813173e-01 4.465374581292037848e-02 8.480419767299671729e-01 2.155772199999999916e+00
8.433257287758074705e-01 -6.993997239550983278e-03 -5.373572360984509855e-01 -9.420937999999999812e-01 -1.824209417438339004e-02 9.989665028780011502e-01 -4.163114372473583624e-02 -1.447680000000000078e-01 5.370930470457481176e-01 4.491113592762754902e-02 8.423265689059107331e-01 2.199301199999999845e+00
8.371745340692183790e-01 -1.056157599844460490e-02 -5.468338437024687915e-01 -9.705797999999999925e-01 -1.654953725242981621e-02 9.988665558632768837e-01 -4.462864992989924035e-02 -1.477207000000000103e-01 5.466853869665050381e-01 4.641181627844504637e-02 8.360508543067330933e-01 2.242402999999999924e+00
8.307747215140176555e-01 -1.140019895993081740e-02 -5.564920462656950395e-01 -9.996116000000000446e-01 -1.554289871290985732e-02 9.989252080846785509e-01 -4.366745873739167477e-02 -1.505799999999999916e-01 5.563917508311089222e-01 4.492732038142906864e-02 8.297046194221397997e-01 2.285728699999999947e+00
8.248245236204018171e-01 -8.045723388654059741e-03 -5.653315589718395096e-01 -1.029619899999999921e+00 -1.683719054598944997e-02 9.991057253498339952e-01 -3.878477262664054015e-02 -1.531463999999999881e-01 5.651380488419579518e-01 4.150922678556451251e-02 8.239514365803177753e-01 2.328970700000000171e+00
8.194029547206984621e-01 -3.875906619689057156e-03 -5.732048282619961466e-01 -1.059866399999999986e+00 -1.919131840402374389e-02 9.992310445515804052e-01 -3.419083067538501025e-02 -1.559442000000000050e-01 5.728965797531910820e-01 3.901662404966529246e-02 8.186984865961721702e-01 2.372126100000000015e+00
8.152239013193375294e-01 -3.901373910871653791e-03 -5.791327740676455171e-01 -1.090259400000000101e+00 -2.047178483785391800e-02 9.991582583816511764e-01 -3.554828734690601566e-02 -1.585792000000000035e-01 5.787839810699944021e-01 4.083569503942786894e-02 8.144578253460489359e-01 2.414212899999999884e+00
8.117466547385522313e-01 -5.908046497879978695e-03 -5.839798485456055843e-01 -1.121092999999999895e+00 -2.131421954649812683e-02 9.989829442879407662e-01 -3.973387807552580114e-02 -1.612078999999999873e-01 5.836206581041261110e-01 4.470091731022934195e-02 8.107951377664587289e-01 2.456318399999999791e+00
8.086408748711751970e-01 -7.855158922424694892e-03 -5.882501440423826278e-01 -1.151736400000000105e+00 -2.419187196325450068e-02 9.986210889765327892e-01 -4.659049240174675116e-02 -1.642175999999999914e-01 5.878049751562961500e-01 5.190584870346667129e-02 8.073358000558868985e-01 2.497871200000000069e+00
8.052547517264301291e-01 -9.460595408829902686e-03 -5.928535080072612207e-01 -1.182709699999999975e+00 -2.345994560224746311e-02 9.985813884818673936e-01 -4.780001600381995203e-02 -1.673503000000000074e-01 5.924646958041845934e-01 5.239950106762735621e-02 8.038904630069441115e-01 2.539440400000000153e+00
8.019680724319109277e-01 -7.497045725336437538e-03 -5.973198515914546203e-01 -1.214860899999999910e+00 -2.337947755928757726e-02 9.987612241364416388e-01 -4.392513165069938941e-02 -1.703681999999999974e-01 5.969092148969556977e-01 4.919157922722870724e-02 8.007993367281414088e-01 2.581977600000000095e+00
7.988470201066193432e-01 -4.773492501293965379e-03 -6.015152967598701439e-01 -1.247101699999999980e+00 -2.318566625954541008e-02 9.989810898026486585e-01 -3.871959577285628840e-02 -1.731271000000000060e-01 6.010872343902134984e-01 4.487756662356486015e-02 7.979223901276816244e-01 2.623975999999999864e+00
7.954935255356695434e-01 -2.680599578385057385e-03 -6.059561578338251708e-01 -1.278956699999999946e+00 -2.384786915882163016e-02 9.990770069832131117e-01 -3.572692617688474903e-02 -1.756057000000000035e-01 6.054926341149121649e-01 4.287130162900597286e-02 7.946953639786883405e-01 2.665529999999999955e+00
7.927133277791941213e-01 -2.368750604245385694e-03 -6.095900007232819551e-01 -1.311858799999999992e+00 -2.497096209289021221e-02 9.990269320058847713e-01 -3.635436946317197743e-02 -1.779670999999999892e-01 6.090829426386783485e-01 4.404064199673136254e-02 7.918828138298774633e-01 2.706581400000000137e+00
7.890544715596315983e-01 -3.581687295734410983e-03 -6.143127968941117789e-01 -1.344409299999999918e+00 -2.524198339913060612e-02 9.989494775518812375e-01 -3.824635372034408676e-02 -1.804347000000000034e-01 6.138044339900361468e-01 4.568492984496351494e-02 7.881351432332098783e-01 2.747935800000000039e+00
7.848901093673588125e-01 -6.409252862833135500e-03 -6.196018380339390896e-01 -1.377093799999999924e+00 -2.403455034839473495e-02 9.988790913127133519e-01 -4.077868717649447972e-02 -1.831197999999999992e-01 6.191686818685565585e-01 4.689863981000069737e-02 7.838562757145762783e-01 2.788937799999999800e+00
7.804101855610587890e-01 -7.659757441113955803e-03 -6.252209772460429749e-01 -1.410352300000000003e+00 -2.284607310270872493e-02 9.989079589227533029e-01 -4.075471193082749743e-02 -1.860479999999999912e-01 6.248503814645066656e-01 4.608923645193467589e-02 7.793829502028756240e-01 2.830270500000000133e+00
7.708883973616265095e-01 -7.572314587738149076e-03 -6.369252223495371901e-01 -1.478283800000000037e+00 -2.243304608056389399e-02 9.989862671417923945e-01 -3.902815016952101285e-02 -1.917416999999999871e-01 6.365750837542814011e-01 4.437452099901151997e-02 7.699370523811268630e-01 2.911885299999999788e+00
7.654512735660012890e-01 -8.717863227845224633e-03 -6.434348037345564153e-01 -1.512605999999999895e+00 -2.242692115875979941e-02 9.989393559201982242e-01 -4.021438052585623452e-02 -1.944555000000000033e-01 6.431029318884539103e-01 4.521241040334144506e-02 7.644438873730330375e-01 2.951808499999999835e+00
7.599561002255725839e-01 -1.066393803897862889e-02 -6.498869179753045122e-01 -1.547633199999999931e+00 -2.109405412906793092e-02 9.989340682909290114e-01 -4.105810624144131532e-02 -1.971288999999999958e-01 6.496320240030807325e-01 4.491110812743718400e-02 7.589210932346169836e-01 2.992630699999999866e+00
7.542452405665075466e-01 -1.231969891788833177e-02 -6.564772213118622579e-01 -1.582649799999999995e+00 -2.012026321778732918e-02 9.989207554867747252e-01 -4.186286260849959862e-02 -1.998987999999999876e-01 6.562844597358817866e-01 4.478335936822672170e-02 7.531833499440080404e-01 3.032384200000000085e+00
7.483936107177838748e-01 -1.349882211218351655e-02 -6.631174746893507832e-01 -1.618113499999999982e+00 -1.990256017712485268e-02 9.988855773606739596e-01 -4.279592783465470396e-02 -2.029115999999999975e-01 6.629561761799901420e-01 4.522593440070281356e-02 7.472909228154651640e-01 3.072415799999999919e+00
7.418783558351262908e-01 -1.583981856972923805e-02 -6.703473765825057606e-01 -1.654128599999999949e+00 -1.821993554330402984e-02 9.988756168448682526e-01 -4.376683700682230949e-02 -2.058992000000000044e-01 6.702869080417487302e-01 4.468335507168150200e-02 7.407555998353103632e-01 3.112541900000000084e+00
7.356587223063911773e-01 -1.740377848829428864e-02 -6.771287564332639786e-01 -1.690602299999999891e+00 -1.650900302226118027e-02 9.989122023682494023e-01 -4.361037467191161698e-02 -2.087196000000000051e-01 6.771511626762072300e-01 4.326107319685820740e-02 7.345711554588276737e-01 3.152018099999999823e+00
7.294020429835835762e-01 -1.738021791513564424e-02 -6.838644512742251269e-01 -1.727833299999999905e+00 -1.597091900279793558e-02 9.989720816090464917e-01 -4.242298801233432975e-02 -2.113684000000000118e-01 6.838988152041065582e-01 4.186535788585823287e-02 7.283746991566280027e-01 3.191078399999999871e+00
7.229607409683074248e-01 -1.749668760436682083e-02 -6.906675270645283859e-01 -1.765846699999999991e+00 -1.553400539602278405e-02 9.990148971729242433e-01 -4.156837623636425866e-02 -2.144276999999999989e-01 6.907144574242760626e-01 4.078113717696938562e-02 7.219767566588559671e-01 3.230264399999999814e+00
7.163491963586616773e-01 -1.923257762407060145e-02 -6.974768360556740099e-01 -1.803433700000000028e+00 -1.411969558556152443e-02 9.990157688743519504e-01 -4.204911101270099316e-02 -2.176815000000000000e-01 6.975990704357843963e-01 3.997000748463122588e-02 7.153725850413950038e-01 3.269100400000000128e+00
7.095795715981083607e-01 -2.152302842159922389e-02 -7.042965219410132205e-01 -1.842166699999999935e+00 -1.317762714335205324e-02 9.989532277128119198e-01 -4.380409781088533128e-02 -2.205686000000000035e-01 7.045020807020486719e-01 4.036344992338798676e-02 7.085531809234690837e-01 3.308000299999999783e+00
7.031731723993297489e-01 -2.081789732019222530e-02 -7.107137994784035184e-01 -1.881285400000000108e+00 -1.439818553723612622e-02 9.989494003146501822e-01 -4.350618190827746506e-02 -2.236838999999999911e-01 7.108728310120578930e-01 4.082536910018987747e-02 7.021346789375493280e-01 3.346700199999999903e+00
6.925593669128893293e-01 -1.981016722857226880e-02 -7.210888160106172506e-01 -1.961070799999999892e+00 -1.552271851311066986e-02 9.989821084894927594e-01 -4.235318320799722619e-02 -2.296356999999999982e-01 7.211938494684910772e-01 4.052535246316123912e-02 6.915469089631995914e-01 3.423389699999999980e+00
6.874957856291730174e-01 -2.156412291372880943e-02 -7.258681239351179038e-01 -2.000882100000000108e+00 -1.473329163511348863e-02 9.989390720741220253e-01 -4.363095691463304143e-02 -2.325273999999999952e-01 7.260388934896813140e-01 4.069052576034703356e-02 6.864486916395322602e-01 3.461175400000000124e+00
6.769865892013918751e-01 -2.603331676369088910e-02 -7.355347880690259466e-01 -2.081592999999999805e+00 -1.449959603478657814e-02 9.987085208011343695e-01 -4.869345124385900808e-02 -2.390189000000000064e-01 7.358525122307415511e-01 4.362977077055762293e-02 6.757348025270081271e-01 3.534969600000000156e+00
6.673897815315427140e-01 -2.568211418579546823e-02 -7.442656169125558829e-01 -2.165505399999999803e+00 -1.518760080299592224e-02 9.987279383611382677e-01 -4.808161726438994060e-02 -2.454948000000000130e-01 7.445537027569795185e-01 4.339278912282783923e-02 6.661507708942572270e-01 3.608942299999999825e+00
6.622249057286675455e-01 -2.511091041521512288e-02 -7.488842476716788266e-01 -2.208065700000000131e+00 -1.552456947003338569e-02 9.987639720315428793e-01 -4.721774999452531263e-02 -2.488238999999999868e-01 7.491442864865403006e-01 4.289487556683699299e-02 6.610165411505812827e-01 3.645501400000000114e+00
6.571412125837365892e-01 -2.591075803779108178e-02 -7.533220157023710062e-01 -2.251383800000000157e+00 -1.511909079021460378e-02 9.987548459571787829e-01 -4.754125335673536207e-02 -2.522262000000000115e-01 7.536158436615125744e-01 4.263086082826732931e-02 6.559312234429670596e-01 3.682660100000000103e+00
6.527005089883948230e-01 -2.747906207879580870e-02 -7.571175250339675644e-01 -2.294080699999999862e+00 -1.327484670113469184e-02 9.987737847260638180e-01 -4.769387160878998944e-02 -2.554589999999999916e-01 7.574997188193220987e-01 4.118043335425279616e-02 6.515353773183802932e-01 3.718649899999999953e+00
6.481457452705745581e-01 -2.788203186092970409e-02 -7.610057064089319478e-01 -2.337044999999999817e+00 -1.295252869543383860e-02 9.987812854558508757e-01 -4.762536953717045468e-02 -2.587707000000000201e-01 7.614061497571749104e-01 4.072512888210644971e-02 6.469946978063192411e-01 3.754602199999999890e+00
6.441972681926152466e-01 -2.841711694922144024e-02 -7.643313071682109605e-01 -2.380964300000000033e+00 -1.178643288363544553e-02 9.988220933862905770e-01 -4.706915936478893447e-02 -2.623621999999999899e-01 7.647685660728029688e-01 3.933056353171934805e-02 6.431035275282092067e-01 3.791252399999999856e+00
6.404075969330746965e-01 -3.072388352838784781e-02 -7.674204537092680356e-01 -2.424701699999999960e+00 -9.555232585407960264e-03 9.988034971035184562e-01 -4.796114785970578137e-02 -2.658888999999999836e-01 7.679757856343151223e-01 3.804756437297741184e-02 6.393477735353747526e-01 3.827253300000000191e+00
6.358149425114248965e-01 -3.601542261152763241e-02 -7.710008094764274622e-01 -2.468341600000000025e+00 -5.814363218551469800e-03 9.986589136509255171e-01 -5.144479921154181817e-02 -2.691860999999999837e-01 7.718196370004822837e-01 3.719225080129141131e-02 6.347528530229522570e-01 3.863622900000000193e+00
6.305987431570461155e-01 -4.010491019566289617e-02 -7.750721394211970150e-01 -2.512981900000000213e+00 -1.242482266773536903e-03 9.986105429168020686e-01 -5.268244312127589452e-02 -2.727318000000000242e-01 7.761080345973558892e-01 3.418449580742021626e-02 6.296727236269823447e-01 3.900332500000000202e+00
6.240299166400262720e-01 -4.339983850521331177e-02 -7.801942816734581676e-01 -2.557563800000000054e+00 3.464640046717277350e-03 9.986002627492351902e-01 -5.277794526604068920e-02 -2.763416000000000206e-01 7.813927689757491635e-01 3.023192443229356235e-02 6.233068035386197803e-01 3.936026099999999861e+00
6.158201014501637482e-01 -4.708337637366040440e-02 -7.864787081155890647e-01 -2.603464400000000012e+00 7.880438634469362491e-03 9.985309801199088175e-01 -5.360765269718974213e-02 -2.799312999999999940e-01 7.878473845465492342e-01 2.681487292586689705e-02 6.152864871367900168e-01 3.971851599999999927e+00
6.062867344207631959e-01 -4.807701035722111715e-02 -7.937915322932833639e-01 -2.649614099999999972e+00 1.116834183616301213e-02 9.985872086543212678e-01 -5.195050387245005175e-02 -2.837494999999999878e-01 7.951676953989250674e-01 2.263156616503793697e-02 6.059671182555039781e-01 4.007550199999999840e+00
5.974088113018750645e-01 -4.642461833705869428e-02 -8.005919478680378898e-01 -2.696663099999999869e+00 1.148534460176766497e-02 9.987158563033587955e-01 -4.934293493122811347e-02 -2.874548000000000103e-01 8.018545996864141490e-01 2.028282969674592706e-02 5.971748552821305456e-01 4.042392300000000382e+00
5.884266037066463451e-01 -4.620663389527357445e-02 -8.072292605166943025e-01 -2.744252400000000147e+00 1.091084997357586253e-02 9.987286185776523828e-01 -4.921483299603990336e-02 -2.910964999999999803e-01 8.084770160017630269e-01 2.015175967607130483e-02 5.881826427044939409e-01 4.076642500000000169e+00
5.790721689123102811e-01 -4.747347178908795096e-02 -8.138929245714595639e-01 -2.791873900000000130e+00 9.935974817256377351e-03 9.986400032682772876e-01 -5.118027233970283418e-02 -2.946152000000000215e-01 8.152157380691468225e-01 2.155025170678927238e-02 5.787563278753420359e-01 4.109569099999999864e+00
5.690961975520735239e-01 -4.955679654715559879e-02 -8.207762434718461897e-01 -2.840261700000000111e+00 1.020726780745724246e-02 9.985310724868817767e-01 -5.321192499905000317e-02 -2.981004999999999905e-01 8.222075952067569027e-01 2.190482125426962412e-02 5.687660759839148206e-01 4.142958199999999813e+00
5.592633733916290151e-01 -5.104028447270908542e-02 -8.274172880376384764e-01 -2.889911199999999791e+00 1.082656226011425790e-02 9.984673904304756098e-01 -5.427389608812015209e-02 -3.019466000000000094e-01 8.289193354797819158e-01 2.139531742931443173e-02 5.589588318113022369e-01 4.176202299999999923e+00
5.495745454742620995e-01 -5.202367711580477283e-02 -8.338233361966481683e-01 -2.939763099999999962e+00 1.400879821130724887e-02 9.984928222686467736e-01 -5.306446504646382401e-02 -3.056174999999999864e-01 8.353272248283502011e-01 1.748201639808737509e-02 5.494750281525302427e-01 4.208347299999999791e+00
5.389167758755055715e-01 -5.206135059598290815e-02 -8.407486690171279697e-01 -2.990391499999999869e+00 1.556655994095077974e-02 9.985333633584793089e-01 -5.185368329837182488e-02 -3.094875999999999738e-01 8.422151689987273926e-01 1.485725526889838596e-02 5.389367969199355679e-01 4.241102200000000266e+00
5.288386674614086180e-01 -5.294085892197740451e-02 -8.470696129918986461e-01 -3.041490299999999980e+00 1.618409983782420278e-02 9.985002097210307070e-01 -5.230110992605314923e-02 -3.131592999999999738e-01 8.485680519027811730e-01 1.394979009379858706e-02 5.289023205151002216e-01 4.272475700000000209e+00
5.187000869248883372e-01 -5.363159357111701997e-02 -8.532724488667940976e-01 -3.092793200000000020e+00 1.501285018170885402e-02 9.984480024658893837e-01 -5.363022190236610420e-02 -3.170117000000000074e-01 8.548244463944246752e-01 1.500794932354133915e-02 5.187002287483275520e-01 4.303486300000000320e+00
4.984983216124027616e-01 -5.516057054874398680e-02 -8.651339403851604493e-01 -3.196722299999999795e+00 1.248151339115557631e-02 9.983267881172558367e-01 -5.646092410641360276e-02 -3.248444999999999805e-01 8.668008047833618557e-01 1.734749504167185791e-02 4.983527156971208072e-01 4.363562100000000221e+00
4.889437751127929666e-01 -5.516707367119050298e-02 -8.705691119957150725e-01 -3.249077300000000168e+00 1.147889897811469814e-02 9.983187057624386407e-01 -5.681546095087011000e-02 -3.287134999999999918e-01 8.722397718842569425e-01 1.778639107202607123e-02 4.887549740267941312e-01 4.392745999999999817e+00
4.802396287216811888e-01 -5.274035979430367893e-02 -8.755503146330479991e-01 -3.302510999999999974e+00 1.035640162484536761e-02 9.984620435491773360e-01 -5.446368089824343839e-02 -3.327365999999999935e-01 8.770761905049336837e-01 1.708806719228898527e-02 4.800472414346166339e-01 4.421631800000000112e+00
4.720863911590807982e-01 -5.121376661203530523e-02 -8.800634007796275249e-01 -3.356441699999999972e+00 1.099565438788830188e-02 9.985754841636943491e-01 -5.221204853121143991e-02 -3.367725999999999775e-01 8.814837121960776845e-01 1.497172457171998955e-02 4.719770254963382428e-01 4.450480500000000283e+00
4.641952267552715283e-01 -5.145672266545461143e-02 -8.842369575798972869e-01 -3.410179100000000130e+00 1.117470089813672046e-02 9.985718304315013283e-01 -5.224390422353738378e-02 -3.406975999999999893e-01 8.856624173563308888e-01 1.437028744359187399e-02 4.641072907435621619e-01 4.478700199999999576e+00
4.564042828063498702e-01 -5.456990737552815801e-02 -8.880975486088494852e-01 -3.464046199999999853e+00 1.329526609571484580e-02 9.984243560281778063e-01 -5.451643045140172616e-02 -3.447463000000000055e-01 8.896731796201712283e-01 1.307403911362755092e-02 4.564106735888083799e-01 4.506523099999999893e+00
4.492189950158322898e-01 -5.827930142728458829e-02 -8.915188262409904363e-01 -3.518448400000000031e+00 1.649083634330968454e-02 9.982410325925064054e-01 -5.694640607926636927e-02 -3.487149999999999972e-01 8.932694704475597769e-01 1.087951624817180135e-02 4.493899078668122105e-01 4.534221600000000407e+00
4.432199935578742256e-01 -6.142497105263812485e-02 -8.943058818109944630e-01 -3.572310900000000178e+00 1.729384071027630435e-02 9.980497773637592163e-01 -5.997970471449695640e-02 -3.525597999999999788e-01 8.962460378623972046e-01 1.111822087086001068e-02 4.434178895586208258e-01 4.560608399999999563e+00
4.378252135875144724e-01 -6.435286479492821621e-02 -8.967540304563637044e-01 -3.626383999999999830e+00 1.956491407927014523e-02 9.978807837193843788e-01 -6.205767978790332345e-02 -3.573545000000000194e-01 8.988472041921908851e-01 9.625501351766395375e-03 4.381564255372834005e-01 4.586962699999999948e+00
4.328333934251358261e-01 -6.562893842344585948e-02 -8.990818071663406741e-01 -3.680505999999999833e+00 2.283187863212115740e-02 9.978245807010837076e-01 -6.184506016517905824e-02 -3.619160000000000155e-01 9.011847528971013155e-01 6.240880556306085264e-03 4.333902312647024413e-01 4.613194000000000017e+00
4.291962172510596085e-01 -6.286215168246060692e-02 -9.010210635624633646e-01 -3.735529699999999842e+00 2.451027580761501456e-02 9.980183210295454632e-01 -5.795409622452785126e-02 -3.667028999999999983e-01 9.028786482563511129e-01 2.789404097384672043e-03 4.298864568087318316e-01 4.638908400000000043e+00
4.252440150508288719e-01 -6.108885252317249048e-02 -9.030147727257025192e-01 -3.789592700000000036e+00 2.746743178982652064e-02 9.981310655130637421e-01 -5.458860914721433422e-02 -3.706899000000000166e-01 9.046618527683818467e-01 -1.590017345247114744e-03 4.261272157355361356e-01 4.664393900000000315e+00
4.218918992844607474e-01 -6.062429202471852213e-02 -9.046170021255691696e-01 -3.843494699999999931e+00 2.825081736942083172e-02 9.981564629800531163e-01 -5.371747135810989171e-02 -3.745749999999999913e-01 9.062058908637208310e-01 -2.893203700290829239e-03 4.228268117518548808e-01 4.689475500000000352e+00
4.185580603126310417e-01 -6.018216571317166336e-02 -9.061938297502364348e-01 -3.897222000000000186e+00 3.019708585569372966e-02 9.981725006715062021e-01 -5.234305024562325992e-02 -3.789139999999999731e-01 9.076878792586976497e-01 -5.455807297213125656e-03 4.196104717634963066e-01 4.714765100000000153e+00
4.161482335546010658e-01 -5.942121255040851840e-02 -9.073531656463345030e-01 -3.950401499999999899e+00 3.237279818999578423e-02 9.981980877551621667e-01 -5.052305948067057489e-02 -3.828255999999999881e-01 9.087203363228617548e-01 -8.348478961867494830e-03 4.173220018789906005e-01 4.739034700000000377e+00
4.135252988787992967e-01 -5.815711019619366345e-02 -9.086333571473299564e-01 -4.003552000000000000e+00 3.337934237648120667e-02 9.982554355694847059e-01 -4.870220588938423134e-02 -3.868535000000000168e-01 9.098805672667775735e-01 -1.018998967644783524e-02 4.147451234441226209e-01 4.763235599999999792e+00
4.109343355527078634e-01 -5.897036460150108239e-02 -9.097557188402941586e-01 -4.056529000000000273e+00 3.579897690709257785e-02 9.981798966436721265e-01 -4.853171322788242537e-02 -3.907092999999999816e-01 9.109618022267781390e-01 -1.262497664132468042e-02 4.122974713099100130e-01 4.787558599999999664e+00
4.087526334169071518e-01 -5.921202082724164734e-02 -9.107223623389830713e-01 -4.109393599999999758e+00 3.855344726421611884e-02 9.981226099765740933e-01 -4.759083060419353611e-02 -3.944555000000000144e-01 9.118305305147382800e-01 -1.565860923281624933e-02 4.102680728232519503e-01 4.811560599999999965e+00
4.059142923083308707e-01 -5.899911840911822164e-02 -9.120047649693361347e-01 -4.161657800000000407e+00 4.253979284630183405e-02 9.980521419639137859e-01 -4.563209337557866396e-02 -3.979775999999999869e-01 9.129205624392633389e-01 -2.027377488754004975e-02 4.076334391673341884e-01 4.835240399999999994e+00
4.041759648694950857e-01 -5.757095937498804550e-02 -9.128676651401649300e-01 -4.213371800000000000e+00 4.353426604760843310e-02 9.980969924355540535e-01 -4.367105873227139501e-02 -4.017483000000000026e-01 9.136446558162033549e-01 -2.209023150048287920e-02 4.059131244130279592e-01 4.858031300000000385e+00
4.023973596317994006e-01 -5.889556632484418963e-02 -9.135686494339830821e-01 -4.264961699999999745e+00 4.617315634043370198e-02 9.979640108216152328e-01 -4.399855382165215184e-02 -4.053528000000000131e-01 9.142999532948242747e-01 -2.447744619258374749e-02 4.042974771538538903e-01 4.880894200000000183e+00
4.011045535844599552e-01 -6.004956116377962311e-02 -9.140619165559019654e-01 -4.315442100000000281e+00 4.730686686237645794e-02 9.978753999336439362e-01 -4.479672482375999382e-02 -4.088340999999999781e-01 9.148099242145749654e-01 -2.527323507799856400e-02 4.030931234184177425e-01 4.903130499999999614e+00
4.007341618928081939e-01 -6.093253864734485964e-02 -9.141659352798366944e-01 -4.365828500000000112e+00 4.703316600811859732e-02 9.978385600187135163e-01 -4.589215003715946956e-02 -4.125248000000000248e-01 9.149863456835415354e-01 -2.460556591038345203e-02 4.027338492589224161e-01 4.925015900000000002e+00
4.012963963500379982e-01 -6.160183580534071834e-02 -9.138743984278610011e-01 -4.415706199999999804e+00 4.567576681592759591e-02 9.978403825546150463e-01 -4.720482251885369657e-02 -4.159378000000000242e-01 9.148086830601522834e-01 -2.279878875447797354e-02 4.032434607393881043e-01 4.946467900000000029e+00
4.033008757694694912e-01 -6.118357233516481808e-02 -9.130197008169574913e-01 -4.465055900000000300e+00 4.390108925067509604e-02 9.979069820932886525e-01 -4.747999001757650939e-02 -4.197364000000000095e-01 9.140137296376805720e-01 -2.093383781757565676e-02 4.051427852844527999e-01 4.968299899999999880e+00
4.075612270363375700e-01 -6.126192609260758953e-02 -9.111206410942839229e-01 -4.513572199999999590e+00 4.144590368839471545e-02 9.979599375822332252e-01 -4.856130196275015853e-02 -4.231547999999999976e-01 9.122368570081388350e-01 -1.797051452488156176e-02 4.092688325827216200e-01 4.989707899999999974e+00
4.125083687160454038e-01 -6.172981145687365945e-02 -9.088598770529624504e-01 -4.562264400000000109e+00 3.999642553292430402e-02 9.979665774122109534e-01 -4.962858362624084085e-02 -4.266983999999999777e-01 9.100753439599472694e-01 -1.587894031906310691e-02 4.141385366885425023e-01 5.011691599999999802e+00
4.178365651076843545e-01 -6.150770110735689217e-02 -9.064377571369696129e-01 -4.610531299999999888e+00 3.919406080125697328e-02 9.979971724988410120e-01 -4.965349214532558536e-02 -4.302367000000000274e-01 9.076763908226980204e-01 -1.477993196217716049e-02 4.194104471210441387e-01 5.034080000000000332e+00
