1.000000000000000000e+00 0.000000000000000000e+00 0.000000000000000000e+00 0.000000000000000000e+00 0.000000000000000000e+00 1.000000000000000000e+00 0.000000000000000000e+00 0.000000000000000000e+00 0.000000000000000000e+00 0.000000000000000000e+00 1.000000000000000000e+00 0.000000000000000000e+00
9.997900840671187783e-01 -8.492600276201356380e-03 -1.864573789401437892e-02 -6.300999999999999743e-04 8.382841142771161463e-03 9.999471205971047771e-01 -5.956843453907874689e-03 -9.506999999999999609e-04 1.869534100888994854e-02 5.799288758801949759e-03 9.998084078834571509e-01 7.064149999999999596e-02
9.993488893859105993e-01 -7.657249756129111233e-03 -3.525852817857512422e-02 -1.908399999999999984e-03 7.448224858349100815e-03 9.999539240214699864e-01 -6.055888087120751308e-03 -1.334700000000000079e-03 3.530327505496601292e-02 5.789331588061024346e-03 9.993598763259193829e-01 8.884060000000000568e-02
9.882618290699737296e-01 -1.463665832628407906e-03 -1.527626095797019745e-01 -1.983800000000000147e-02 7.749301608508670858e-04 9.999892664729812530e-01 -4.567977897782658954e-03 -3.632100000000000085e-03 1.527676558912778038e-01 4.395977838800306688e-03 9.882523557737289410e-01 2.117912000000000128e-01
9.857639116782433986e-01 -2.800943641599389035e-04 -1.681351598564542749e-01 -2.467690000000000161e-02 -3.841219334716732946e-04 9.999922510154403144e-01 -3.917953472527029718e-03 -3.876999999999999804e-03 1.681349543763833165e-01 3.926761543540232755e-03 9.857561654185236222e-01 2.345792999999999906e-01
9.835423994068608344e-01 7.064342161245650009e-04 -1.806760900608966880e-01 -3.034440000000000054e-02 -1.526316579832367234e-03 9.999891600943693337e-01 -4.398869338331347877e-03 -4.093699999999999596e-03 1.806710240373178844e-01 4.602243415538917297e-03 9.835328161423242399e-01 2.579164999999999930e-01
9.775181175069439510e-01 -3.804811043021191601e-03 -2.108171087900771734e-01 -4.650089999999999779e-02 1.958863255089852810e-03 9.999579012577511916e-01 -8.964294001274054902e-03 -5.373499999999999804e-03 2.108423410997615488e-01 8.349797908951041986e-03 9.774844183282163090e-01 3.334567999999999977e-01
9.741032349648894861e-01 -3.838107659217456988e-03 -2.260711316389899528e-01 -5.967120000000000063e-02 8.678238460992394876e-04 9.999120153818547019e-01 -1.323663011380981844e-02 -6.467200000000000205e-03 2.261020444682210750e-01 1.269765429494486286e-02 9.740208596650775652e-01 3.869700999999999835e-01
9.701960303430408050e-01 -1.489876865409006136e-02 -2.418629558225015574e-01 -7.303759999999999419e-02 1.138646619192601288e-02 9.998085410127034445e-01 -1.591319281946712572e-02 -7.816299999999999984e-03 2.420537359642803699e-01 1.268495213397818032e-02 9.701799219191732382e-01 4.443340000000000067e-01
9.679410698694046467e-01 -1.544375886291701402e-02 -2.507021650729338025e-01 -8.077550000000000008e-02 1.117175056003233066e-02 9.997672856927510843e-01 -1.845444249966546324e-02 -8.536500000000000685e-03 2.509288290521774489e-01 1.506203076391473238e-02 9.678883499555979153e-01 4.735188000000000175e-01
9.634398474208534235e-01 -8.612956466787224930e-03 -2.677862531620765485e-01 -9.904739999999999378e-02 1.858759801097354444e-03 9.996739702515828885e-01 -2.546562807863254896e-02 -1.031780000000000024e-02 2.679182812233691924e-01 2.403685050788979816e-02 9.631417467870329041e-01 5.335965999999999765e-01
9.609418556122402144e-01 -1.112922847949841289e-02 -2.765264732461533148e-01 -1.081635999999999986e-01 3.682236463999748969e-03 9.996168030842237373e-01 -2.743516222476779023e-02 -1.131270000000000019e-02 2.767258413432465147e-01 2.534535983424296077e-02 9.606146061078527643e-01 5.650922999999999918e-01
9.560415470166766516e-01 -1.327287630917342587e-02 -2.929306933942581459e-01 -1.282326000000000021e-01 4.079467799601801253e-03 9.994804113199227125e-01 -3.197288429638719259e-02 -1.384029999999999982e-02 2.932028620604367752e-01 2.937240443408631330e-02 9.555989449226747201e-01 6.292529999999999513e-01
9.512373281173766015e-01 -1.352807264283918676e-02 -3.081631659473346163e-01 -1.505641000000000063e-01 1.070423941479186312e-03 9.991765828590332132e-01 -4.055872851472240581e-02 -1.677290000000000031e-02 3.084581005399273934e-01 3.825111131347054549e-02 9.504685437691162697e-01 6.958406999999999787e-01
9.493355605105902040e-01 -1.485955114703485687e-02 -3.139127064802446077e-01 -1.621891000000000027e-01 -2.899644135135222289e-04 9.988396615229765407e-01 -4.815855572278349844e-02 -1.857170000000000001e-02 3.142640760104190578e-01 4.580965300429814396e-02 9.482297011910897355e-01 7.300552000000000152e-01
9.479854489275548746e-01 -1.552585194994845347e-02 -3.179347992007960366e-01 -1.741045999999999982e-01 -2.533076206977607353e-03 9.984101944097102388e-01 -5.630867804960611178e-02 -2.054090000000000082e-02 3.183035848785744637e-01 5.418516051459874860e-02 9.464390081951690181e-01 7.644802000000000541e-01
9.465707596460262163e-01 -1.629639240596035543e-02 -3.220841886490173334e-01 -1.864403000000000032e-01 -4.827762680285036835e-03 9.978944802203737474e-01 -6.467842803603815471e-02 -2.287420000000000078e-02 3.224600590625879004e-01 6.277765478465308080e-02 9.444990610736949677e-01 7.997374999999999901e-01
9.451929193948575003e-01 -1.575849854272380612e-02 -3.261318979331909174e-01 -1.993431999999999982e-01 -8.749564356757333350e-03 9.972535458691741406e-01 -7.354461486013746940e-02 -2.565960000000000116e-02 3.263951443410168518e-01 7.236736125518161700e-02 9.424591103997927988e-01 8.355690999999999535e-01
9.435985490615369509e-01 -1.556208960613002408e-02 -3.307258677153226412e-01 -2.122277999999999942e-01 -1.172901469040572679e-02 9.966966432236310514e-01 -8.036312339088337586e-02 -2.857830000000000092e-02 3.308839803063221563e-01 7.970961519062101652e-02 9.402989784227188119e-01 8.719398999999999900e-01
9.404074052332853650e-01 -1.235319926990664091e-02 -3.398254120135769107e-01 -2.407567999999999930e-01 -2.054343742432436504e-02 9.954507309218435518e-01 -9.303660293648036150e-02 -3.551460000000000033e-02 3.394287544702013215e-01 9.447349244611111252e-02 9.358754617275967247e-01 9.458484999999999809e-01
9.387758558117432761e-01 -1.060549886926193640e-02 -3.443652362516620435e-01 -2.557064000000000004e-01 -2.474700060434751464e-02 9.948686130468514799e-01 -9.810213420370934856e-02 -3.968270000000000131e-02 3.436385870446119206e-01 1.006179217036819035e-01 9.336961793463729453e-01 9.835388999999999937e-01
9.350206158474020368e-01 -7.695252211893771274e-03 -3.545098461731923112e-01 -2.860557000000000238e-01 -3.054684777108668953e-02 9.942998476646583983e-01 -1.021503941514046304e-01 -4.848360000000000170e-02 3.532751590921659468e-01 1.063418827529050842e-01 9.294557902025100127e-01 1.060638299999999923e+00
9.327509587097010391e-01 -6.920403824613941685e-03 -3.604549306599063585e-01 -3.021513000000000115e-01 -3.183316958992205015e-02 9.943296688105350833e-01 -1.014650631350066529e-01 -5.289739999999999720e-02 3.591132110351732964e-01 1.061160578519381864e-01 9.272416534679464029e-01 1.100554800000000055e+00
9.302736571950404043e-01 -6.858871491523147595e-03 -3.668022336502699821e-01 -3.183787000000000145e-01 -3.197376783926166033e-02 9.945049593741692728e-01 -9.968733094201556733e-02 -5.771300000000000041e-02 3.654703830669805420e-01 1.044645473930974622e-01 9.249424616909042163e-01 1.141253099999999909e+00
9.242714065191697248e-01 -6.231936328506467240e-03 -3.816851189929640897e-01 -3.528623000000000176e-01 -3.250104749361638207e-02 9.949515299129075840e-01 -9.494806493964082217e-02 -6.669980000000000353e-02 3.803499033822584918e-01 1.001629477080322322e-01 9.194027055124128767e-01 1.223191499999999987e+00
9.207096727829011673e-01 -3.832237325778409948e-03 -3.902294355902461431e-01 -3.707224000000000075e-01 -3.368458488175837817e-02 9.954393777686191269e-01 -8.925129651141236464e-02 -7.120160000000000378e-02 3.887917787008191572e-01 9.531924855297246868e-02 9.163815764570727440e-01 1.265060999999999991e+00
9.172326751155898128e-01 -5.880283316468393195e-04 -3.983514452377198700e-01 -3.895847000000000060e-01 -3.591787290375599712e-02 9.958035650392075278e-01 -8.417342966325164211e-02 -7.539189999999999781e-02 3.967292856676560286e-01 9.151455664475419138e-02 9.133624471236736486e-01 1.305813899999999972e+00
9.134539074750218646e-01 3.524541052463570773e-03 -4.069269424958044667e-01 -4.089292999999999956e-01 -3.953085973586106805e-02 9.960018071959275687e-01 -8.011061846590669666e-02 -7.957089999999999996e-02 4.050176169590132269e-01 8.926352935446754677e-02 9.099410707732815684e-01 1.347635600000000045e+00
9.094108635461568557e-01 4.198442143882000210e-03 -4.158776915726518086e-01 -4.288068999999999908e-01 -4.034083645978581156e-02 9.961244516209529776e-01 -7.815813327210657802e-02 -8.369809999999999750e-02 4.139377950585789168e-01 8.785470941514764154e-02 9.060557664159650804e-01 1.389516699999999938e+00
9.053995682556705837e-01 4.381397793815848540e-03 -4.245378960185032247e-01 -4.488408999999999871e-01 -4.117498915582673558e-02 9.961392403877069590e-01 -7.753214835034361041e-02 -8.769430000000000280e-02 4.225591580719351148e-01 8.767791690713508390e-02 9.020844421762093113e-01 1.430586200000000030e+00
9.013615633881747469e-01 4.181179153910519891e-03 -4.330471680860047412e-01 -4.698643000000000125e-01 -4.129629959580977117e-02 9.962265240722959492e-01 -7.633693977704611444e-02 -9.133629999999999527e-02 4.310938966004026485e-01 8.669042897410386694e-02 8.981329644535753776e-01 1.473174900000000065e+00
8.973539459095464244e-01 5.240003724644361899e-03 -4.412804529112211438e-01 -4.915183000000000191e-01 -4.255183387984924626e-02 9.962978061159378784e-01 -7.469955128399823063e-02 -9.515139999999999709e-02 4.392553211903396648e-01 8.580922962907126805e-02 8.942547393871820294e-01 1.515927400000000036e+00
8.934747748384112009e-01 4.546637047719209734e-03 -4.490903637565680784e-01 -5.133341000000000154e-01 -4.139251687096041216e-02 9.965263729697767525e-01 -7.226235204301514892e-02 -9.905500000000000416e-02 4.472018406430563475e-01 8.315356917930646907e-02 8.905593734604138056e-01 1.558549399999999974e+00
8.896694197699348550e-01 5.145722266614385226e-03 -4.565762204370509836e-01 -5.364373000000000058e-01 -4.048421940764959648e-02 9.968873364939929704e-01 -6.765106293966063888e-02 -1.032565000000000011e-01 4.548069387170571853e-01 7.867121379683617022e-02 8.871084987838588898e-01 1.601761599999999897e+00
8.858006366893079742e-01 7.367090038427670518e-03 -4.640074978113848947e-01 -5.598178000000000321e-01 -4.087245464128676925e-02 9.972268689689212096e-01 -6.219336184865688344e-02 -1.068385000000000029e-01 4.622625601240193949e-01 7.405604493090157947e-02 8.836453065097894521e-01 1.645996800000000038e+00
8.817693402309242368e-01 8.310615691959795381e-03 -4.716076380801538237e-01 -5.840963999999999601e-01 -4.038655477929027626e-02 9.975032158103207536e-01 -5.793324297092425357e-02 -1.104668000000000039e-01 4.699486746675429760e-01 7.013036514156553713e-02 8.799033896191846837e-01 1.690497600000000045e+00
8.777827763214404166e-01 6.922454200746268327e-03 -4.790088487922354310e-01 -6.085901000000000227e-01 -3.856606511644156132e-02 9.976713465043037798e-01 -5.625427082207883067e-02 -1.136976999999999988e-01 4.775039855486637452e-01 6.785251647601561742e-02 8.760056962103690559e-01 1.735748300000000022e+00
8.745568318828618182e-01 6.022880491395442987e-03 -4.848856284915012416e-01 -6.340582000000000162e-01 -3.736270540595444667e-02 9.977873445677855058e-01 -5.499493854087905698e-02 -1.168620999999999965e-01 4.834815157291534882e-01 6.621283811281292175e-02 8.728467700675112129e-01 1.780885100000000110e+00
8.714367054732771178e-01 7.204435588069699192e-03 -4.904550585545408570e-01 -6.609015999999999780e-01 -3.804783165908932896e-02 9.978723283236473618e-01 -5.294505521750293014e-02 -1.201118000000000047e-01 4.890300919779092537e-01 6.479901599407346391e-02 8.698566874297612994e-01 1.826673200000000108e+00
8.683528997870509913e-01 6.861142740160280917e-03 -4.958993508280878926e-01 -6.873063000000000367e-01 -3.728912951185359842e-02 9.979772081290005925e-01 -5.148798767958996658e-02 -1.236155000000000032e-01 4.945429832195257225e-01 6.320139852364459188e-02 8.668522486404400818e-01 1.872858300000000087e+00
8.637262570893908809e-01 3.642731371105592184e-03 -5.039480958615771833e-01 -7.423788999999999527e-01 -3.471860891559806067e-02 9.980282036743891583e-01 -5.229075315423999115e-02 -1.290872999999999882e-01 5.027639316909251477e-01 6.266127335627538764e-02 8.621496353951864089e-01 1.965077900000000044e+00
8.621621673275664532e-01 2.361533032130290477e-03 -5.066269045271594162e-01 -7.707659000000000038e-01 -3.400687539796078129e-02 9.980035955969559502e-01 -5.321987975573834462e-02 -1.315118000000000120e-01 5.054897918402516677e-01 6.311296489062953596e-02 8.605212513401475638e-01 2.013194799999999951e+00
8.615140703088304264e-01 3.085823882122017484e-03 -5.077243192431106777e-01 -7.994915999999999690e-01 -3.421882886480664271e-02 9.980608094671837849e-01 -5.199704180846211748e-02 -1.350754000000000121e-01 5.065792913365416705e-01 6.216991472310708783e-02 8.599490236591287307e-01 2.061771400000000032e+00
8.615180757510315646e-01 3.731585297257736591e-03 -5.077131871691035192e-01 -8.286476999999999871e-01 -3.390513505058573296e-02 9.981637174628668063e-01 -5.019596555413206179e-02 -1.384111000000000091e-01 5.065935717825892359e-01 6.045881583259268138e-02 8.600626050565617353e-01 2.109980300000000142e+00
8.611810356072583383e-01 2.548744728720733418e-03 -5.082919710272016944e-01 -8.576766999999999586e-01 -3.234730119926765290e-02 9.982352787865178545e-01 -4.979940050971293219e-02 -1.418719999999999981e-01 5.072680514437447608e-01 5.932817278756154222e-02 8.597437361784938670e-01 2.158873600000000170e+00
8.595145515155344640e-01 -1.499286803601024981e-03 -5.111090762959802358e-01 -9.174503999999999992e-01 -2.871556897879970482e-02 9.982745612232244437e-01 -5.121832204204370548e-02 -1.483246000000000009e-01 5.103039798309174646e-01 5.869968103541323839e-02 8.579884589055188915e-01 2.257600099999999888e+00
8.579160008584928443e-01 -2.398085319339772828e-03 -5.137843756458264632e-01 -9.477993000000000112e-01 -2.678919056605179316e-02 9.984201046636780319e-01 -4.939264998140860397e-02 -1.516588000000000103e-01 5.130910978956721991e-01 5.613861229288936994e-02 8.564963406051669947e-01 2.307856600000000036e+00
8.553508335591305523e-01 -1.650520521956579459e-03 -5.180465493676288391e-01 -9.778883999999999910e-01 -2.565103757891434855e-02 9.986333908312005070e-01 -4.553432757935275965e-02 -1.551133000000000095e-01 5.174137375455213350e-01 5.223625655600984408e-02 8.541395657035149025e-01 2.358711000000000002e+00
8.525716493741756219e-01 -1.258021446845836167e-03 -5.226088404011524080e-01 -1.009401999999999910e+00 -2.395338739086370905e-02 9.988521047166584177e-01 -4.148141916093027459e-02 -1.584280000000000133e-01 5.220611246931734506e-01 4.788413396043472714e-02 8.515628525240859226e-01 2.408958000000000155e+00
8.486248018827226014e-01 -1.596472969985057375e-03 -5.289928136596619979e-01 -1.040923800000000066e+00 -2.283761794101569348e-02 9.989525514637914716e-01 -3.965152116579078595e-02 -1.615677000000000085e-01 5.285020234930892791e-01 4.573020006557005496e-02 8.476994514364586397e-01 2.458712100000000067e+00
8.430305846123817837e-01 -5.631306563308076385e-03 -5.378361477201916152e-01 -1.072023399999999960e+00 -1.992216646088205284e-02 9.989321182068436888e-01 -4.168609478343232588e-02 -1.649067999999999923e-01 5.374965494694925461e-01 4.585751411904531727e-02 8.420181397732539041e-01 2.507891900000000174e+00
8.366981355958367228e-01 -9.698672278395732010e-03 -5.475784561562726527e-01 -1.104383200000000009e+00 -1.762024192860203731e-02 9.988488422017582913e-01 -4.461521608806071765e-02 -1.682772999999999908e-01 5.473808153057870829e-01 4.697793299244971271e-02 8.355640710603398080e-01 2.557350599999999918e+00
8.245549676568280084e-01 -6.484212639250187989e-03 -5.657446953342966101e-01 -1.170992299999999986e+00 -1.877370052975645132e-02 9.990701253405699367e-01 -3.881279196858912484e-02 -1.743502000000000107e-01 5.654702940746456630e-01 4.262440191283559110e-02 8.236665022208362608e-01 2.654186199999999829e+00
8.192333692282883773e-01 -2.350316612330247135e-03 -5.734554583877362610e-01 -1.205161099999999985e+00 -2.114188362608651617e-02 9.991879941688095457e-01 -3.429829537531132316e-02 -1.774657000000000040e-01 5.730704210649926189e-01 4.022223664508093460e-02 8.185184568350668544e-01 2.702548300000000125e+00
8.150412950338159490e-01 -2.426242076826585353e-03 -5.793977914515940908e-01 -1.239193400000000000e+00 -2.230595062728718547e-02 9.991185162880256154e-01 -3.556170661016484075e-02 -1.804686000000000068e-01 5.789733430445768159e-01 4.190827793883985380e-02 8.142687297716815209e-01 2.749703400000000020e+00
8.114780766626706887e-01 -4.526783327011698471e-03 -5.843653303615498062e-01 -1.273826700000000089e+00 -2.309693693768445980e-02 9.989402139099045064e-01 -3.981181404722639733e-02 -1.834080999999999906e-01 5.839262475689456222e-01 4.580346347542502833e-02 8.105135286555715801e-01 2.797229800000000211e+00
8.085059358459418810e-01 -6.837433250194091539e-03 -5.884482995203801359e-01 -1.308716200000000107e+00 -2.563076817464426255e-02 9.985745260701043291e-01 -4.681858185212670748e-02 -1.866585000000000050e-01 5.879296007386050071e-01 5.293548328310402479e-02 8.071781830456822293e-01 2.844087800000000055e+00
8.050519940782696615e-01 -8.014051646246033583e-03 -5.931501174296545109e-01 -1.343895300000000015e+00 -2.553593187360434294e-02 9.985136653974673315e-01 -4.814951918618958632e-02 -1.900801000000000018e-01 5.926543706191225169e-01 5.390950742425591052e-02 8.036507711657632225e-01 2.891216000000000008e+00
8.017818519893522566e-01 -6.212474168599588231e-03 -5.975845270630999462e-01 -1.379561500000000107e+00 -2.500270271591639032e-02 9.987217401969219477e-01 -4.392892572020516695e-02 -1.937869000000000119e-01 5.970935660995049243e-01 5.016264369763896724e-02 8.006016378323490557e-01 2.938486099999999990e+00
7.985498916605081599e-01 -3.953885525004731394e-03 -6.019156397023139871e-01 -1.415792299999999893e+00 -2.428972247707729057e-02 9.989522532531981414e-01 -3.878666139724962908e-02 -1.967755999999999950e-01 6.014383425680285278e-01 4.559344809962815465e-02 7.976171748272533613e-01 2.985820299999999872e+00
7.951646398246137171e-01 -1.763426651953498361e-03 -6.063910338214406615e-01 -1.451836300000000080e+00 -2.512682994528690067e-02 9.990410974462774485e-01 -3.585426097743742158e-02 -1.995840999999999865e-01 6.058727902699485579e-01 4.374672490347979170e-02 7.943578450992513362e-01 3.033011399999999913e+00
7.925192358093687828e-01 -1.399250505187786889e-03 -6.098453106896517539e-01 -1.489131800000000005e+00 -2.623605393733342839e-02 9.989933224647330468e-01 -3.638696393862985573e-02 -2.023207999999999951e-01 6.092823075930660082e-01 4.483730331874955649e-02 7.916847136866866919e-01 3.079269599999999940e+00
7.887878902260636593e-01 -2.652018142619502056e-03 -6.146597685162797919e-01 -1.525912399999999947e+00 -2.653200298002053245e-02 9.989117577442714335e-01 -3.835822021572787149e-02 -2.050174999999999914e-01 6.140925964792147695e-01 4.656465440676339079e-02 7.878591345598495721e-01 3.125974199999999925e+00
7.846096657596612900e-01 -5.454216119647496350e-03 -6.199660667512639778e-01 -1.562957900000000011e+00 -2.533986328150694689e-02 9.988436392690227539e-01 -4.085676958214827514e-02 -2.081471000000000016e-01 6.194720039883861995e-01 4.776647169651949965e-02 7.835641648622519995e-01 3.172411199999999987e+00
7.801779413964355925e-01 -6.840935550944749269e-03 -6.255202485605143581e-01 -1.600766099999999970e+00 -2.405921774969956017e-02 9.988722335373659833e-01 -4.093183491301412291e-02 -2.114054999999999962e-01 6.250948198471112383e-01 4.698364256697772079e-02 7.791334953212100123e-01 3.219374199999999853e+00
7.757905336739288060e-01 -7.008514651500031417e-03 -6.309516055802540935e-01 -1.639198099999999991e+00 -2.360173787426904368e-02 9.989162660302453034e-01 -4.011547618446723029e-02 -2.144781000000000049e-01 6.305489717946061168e-01 4.601276108398595632e-02 7.747843699934795492e-01 3.265459499999999959e+00
7.706266829845388466e-01 -6.713986099642490352e-03 -6.372514714482038212e-01 -1.677836700000000070e+00 -2.372343754494711174e-02 9.989491988301064662e-01 -3.921347558862233601e-02 -2.178116999999999970e-01 6.368451255865104077e-01 4.533674610448232972e-02 7.696576287345949785e-01 3.311921599999999799e+00
7.652147588711564197e-01 -8.208486022109095018e-03 -6.437227614144016563e-01 -1.716715900000000072e+00 -2.323367509693809868e-02 9.989151903034314550e-01 -4.035639878073019743e-02 -2.209104000000000068e-01 6.433557096562116939e-01 4.583735745311070392e-02 7.641939331835001514e-01 3.357203199999999832e+00
7.597023444082413590e-01 -9.890385324377982609e-03 -6.501957614278620623e-01 -1.756508200000000075e+00 -2.239387301214525866e-02 9.988933187210400355e-01 -4.136003222898373965e-02 -2.239493999999999929e-01 6.498852686068040674e-01 4.598171476361000154e-02 7.586401120131074371e-01 3.403709899999999955e+00
7.539593761124991911e-01 -1.166029916033644101e-02 -6.568175519849804855e-01 -1.796259300000000003e+00 -2.128195724486582271e-02 9.988840816208628404e-01 -4.216242142326667025e-02 -2.270039000000000085e-01 6.565762236541000663e-01 4.576711601070019425e-02 7.528698649993799119e-01 3.448753400000000191e+00
7.483168095864141112e-01 -1.249937890435844426e-02 -6.632237314944449125e-01 -1.836951699999999965e+00 -2.134462821324359036e-02 9.988509978503503639e-01 -4.290793562731404914e-02 -2.306499999999999939e-01 6.629980085466686823e-01 4.626499346551991160e-02 7.471901973679704323e-01 3.493934199999999990e+00
7.418367293765447679e-01 -1.497490178613977881e-02 -6.704133197247849063e-01 -1.877817599999999976e+00 -1.959546780938696206e-02 9.988395995993820664e-01 -4.399399860750788371e-02 -2.340322999999999987e-01 6.702941776483236636e-01 4.577342666484118805e-02 7.406824615326841332e-01 3.539426600000000089e+00
7.357134968757746973e-01 -1.588054792971225343e-02 -6.771066819285359584e-01 -1.919353099999999923e+00 -1.880961830389276529e-02 9.988604029643181059e-01 -4.386449189517348246e-02 -2.372518000000000127e-01 6.770316453269237256e-01 4.500781695896824419e-02 7.345763729106093987e-01 3.584014699999999998e+00
7.292806019798251382e-01 -1.601944139186521621e-02 -6.840271786072806837e-01 -1.961961499999999914e+00 -1.778861154524728067e-02 9.989440388652475189e-01 -4.236003440602141568e-02 -2.405682000000000098e-01 6.839834565800815280e-01 4.306024515814579900e-02 7.282255463877136403e-01 3.628918599999999994e+00
7.228848033724151190e-01 -1.636801257637281876e-02 -6.907746732600467121e-01 -2.005481500000000139e+00 -1.717377121382649557e-02 9.989849382629699681e-01 -4.164318318795100921e-02 -2.438777000000000028e-01 6.907551104664516606e-01 4.196643048949722649e-02 7.218699301650197686e-01 3.673677399999999871e+00
7.095586764539255631e-01 -2.068217423303607416e-02 -7.043427662281680490e-01 -2.092979699999999887e+00 -1.465900862169679242e-02 9.989195843847576972e-01 -4.409963037046835815e-02 -2.508449999999999847e-01 7.044938595439866891e-01 4.161624204054534953e-02 7.084888780095566219e-01 3.762702899999999850e+00
7.031052507501852622e-01 -1.990656459522313973e-02 -7.108071011558165786e-01 -2.137209200000000031e+00 -1.594718266265153853e-02 9.989152420563153223e-01 -4.374958917175013340e-02 -2.542808999999999764e-01 7.109069515292723018e-01 4.209593654486259995e-02 7.020250981224016584e-01 3.806498500000000007e+00
6.976678788512297169e-01 -1.982179123024652156e-02 -7.161470710766403291e-01 -2.183277400000000146e+00 -1.585396715032738602e-02 9.989452204351768616e-01 -4.309406334186056953e-02 -2.573817999999999939e-01 7.162458953074860579e-01 4.141911590244862218e-02 6.966177390025589666e-01 3.850764499999999924e+00
6.926839966772168067e-01 -1.846383994759817626e-02 -7.210048317186692479e-01 -2.227876699999999932e+00 -1.769572373868899540e-02 9.989362565011662420e-01 -4.258188357506179078e-02 -2.611961999999999895e-01 7.210240925992981165e-01 4.225449161717126367e-02 6.916204275681372415e-01 3.893302900000000122e+00
6.875104084557140949e-01 -1.990585475884959835e-02 -7.259016429319999908e-01 -2.273438200000000187e+00 -1.733766678863093644e-02 9.988893178878126555e-01 -4.381250871551082421e-02 -2.644349999999999756e-01 7.259675223970998292e-01 4.270699656894514501e-02 6.864016818661479169e-01 3.936499799999999993e+00
6.773221398197248888e-01 -2.428450313934108970e-02 -7.352856464104983170e-01 -2.366153999999999868e+00 -1.805645311298039249e-02 9.986052212140497097e-01 -4.961427884205810157e-02 -2.708066000000000084e-01 7.354649436995673861e-01 4.688150030997394191e-02 6.759389332755423307e-01 4.020590799999999909e+00
6.722391271117337253e-01 -2.503091348400858854e-02 -7.399108117538291118e-01 -2.412511100000000130e+00 -1.838721183286954816e-02 9.985554786685076900e-01 -5.048629974677165677e-02 -2.742668999999999802e-01 7.401057130039379039e-01 4.754376290601923516e-02 6.708078146441562861e-01 4.061910199999999804e+00
6.620201914776244756e-01 -2.572790284567599839e-02 -7.490442851334577767e-01 -2.508093099999999964e+00 -1.516240975206224924e-02 9.987463614046804272e-01 -4.770541805101391475e-02 -2.819119999999999959e-01 7.493326146688397138e-01 4.293926636628639382e-02 6.608001604096999104e-01 4.146173499999999734e+00
6.570398349721012776e-01 -2.616798720854232249e-02 -7.534015474534726531e-01 -2.556452300000000122e+00 -1.536764969591507615e-02 9.987247361913076382e-01 -4.809092078996503317e-02 -2.859676999999999913e-01 7.536992043266711461e-01 4.317566172112033418e-02 6.557997953890242204e-01 4.187351200000000162e+00
6.479896762758887707e-01 -2.741898322174621955e-02 -7.611554235495890941e-01 -2.652815100000000204e+00 -1.442103512703999529e-02 9.987309825860036794e-01 -4.825410001917268543e-02 -2.931725000000000025e-01 7.615125824211531613e-01 4.224480775055369786e-02 6.467719559724163236e-01 4.268716799999999978e+00
6.438618249071430544e-01 -2.814613809499529745e-02 -7.646239241205974313e-01 -2.701556200000000185e+00 -1.291813692942635726e-02 9.987808687031215493e-01 -4.764344709307390818e-02 -2.972209000000000101e-01 7.650327262055631738e-01 4.055331334151867501e-02 6.427132771395875910e-01 4.309595599999999749e+00
6.400521240137923007e-01 -3.067655491316458732e-02 -7.677188466646449605e-01 -2.750712399999999835e+00 -1.048562723462287925e-02 9.987608235032534587e-01 -4.865047848274001163e-02 -3.010335000000000094e-01 7.682599365884763554e-01 3.918885573428511349e-02 6.389373235453599253e-01 4.349932199999999582e+00
6.355016064032471546e-01 -3.578105320732405392e-02 -7.712700075137545186e-01 -2.799593900000000080e+00 -7.051426486366248886e-03 9.986149796355546782e-01 -5.213827607418486387e-02 -3.047642999999999880e-01 7.720673452772107703e-01 3.857251195936285681e-02 6.343691162704447883e-01 4.390700800000000292e+00
6.304993025511096416e-01 -3.976179493658141273e-02 -7.751707096801231378e-01 -2.849231200000000186e+00 -2.512814502332889194e-03 9.985772449099679093e-01 -5.326510782205130801e-02 -3.088756999999999753e-01 7.761857479017771899e-01 3.553147353318089618e-02 6.295023424441879012e-01 4.431143299999999563e+00
6.237837230377285547e-01 -4.319441438935184285e-02 -7.804025303897668131e-01 -2.900039899999999893e+00 2.163595407692366773e-03 9.985633621721067277e-01 -5.353999049728937892e-02 -3.128057000000000198e-01 7.815940031295671719e-01 3.170889927290097138e-02 6.229810269813992329e-01 4.471943900000000305e+00
6.064352536021377915e-01 -4.773610987702622821e-02 -7.936986499940132944e-01 -3.003900799999999816e+00 1.004584281652242186e-02 9.985765584970989206e-01 -5.238261030338003249e-02 -3.216609000000000274e-01 7.950694084359029024e-01 2.379328968214631385e-02 6.060515779498349964e-01 4.551869899999999802e+00
5.974592123454492976e-01 -4.644123704463438973e-02 -8.005533717906129221e-01 -3.057291499999999829e+00 1.058327290071957652e-02 9.986912841323716261e-01 -5.003711954882385932e-02 -3.256819000000000242e-01 8.018294606200647712e-01 2.142266322842410059e-02 5.971688082794824881e-01 4.591480299999999737e+00
5.883762728836536837e-01 -4.602862885274414118e-02 -8.072761156094465651e-01 -3.110941200000000073e+00 9.611665951971506971e-03 9.987060664095191997e-01 -4.993804956596482186e-02 -3.298703000000000052e-01 8.085301338757684420e-01 2.162309512445840382e-02 5.880573648650874174e-01 4.630364400000000380e+00
5.790033765269070321e-01 -4.733938173051762538e-02 -8.139496746776259117e-01 -3.165353300000000036e+00 8.624915960917668711e-03 9.986127502425864444e-01 -5.194406489296667095e-02 -3.338616999999999835e-01 8.152795231054855707e-01 2.305554142304967399e-02 5.786084524223460424e-01 4.668125200000000419e+00
5.690032187198569291e-01 -4.950930129132760649e-02 -8.208435698548702808e-01 -3.220314000000000121e+00 8.982926575500201766e-03 9.985006477342921460e-01 -5.399781018095296814e-02 -3.379109000000000140e-01 8.222862300419374604e-01 2.335135027880833047e-02 5.685948208729786346e-01 4.706069499999999906e+00
5.589839128307301230e-01 -5.090849256412655760e-02 -8.276142281167566672e-01 -3.276082300000000114e+00 9.149810937110640363e-03 9.984314063131767281e-01 -5.523592895305819150e-02 -3.421865000000000046e-01 8.291280155417870557e-01 2.330348197888959874e-02 5.585728972760830580e-01 4.743507899999999999e+00
5.490999549123658507e-01 -5.158123245883257380e-02 -8.341634228214909186e-01 -3.331974499999999839e+00 1.231782358468016050e-02 9.984846952463664049e-01 -5.363380073151108318e-02 -3.467045999999999739e-01 8.356659085647650809e-01 1.917523968034345883e-02 5.489032696621753971e-01 4.779758499999999799e+00
5.386567599048268651e-01 -5.144846691416037066e-02 -8.409530012200540083e-01 -3.388998500000000025e+00 1.375455057808670431e-02 9.985377855740436015e-01 -5.227908873804194834e-02 -3.512155000000000138e-01 8.424130265773602799e-01 1.659355396133556024e-02 5.385767787601909440e-01 4.816340000000000288e+00
5.284630591151570078e-01 -5.227994197120044984e-02 -8.473450317421692413e-01 -3.446741299999999786e+00 1.414202480307463414e-02 9.985056838283828951e-01 -5.278638552583900939e-02 -3.553049999999999820e-01 8.488384995304577574e-01 1.591248031895711040e-02 5.284127124558790634e-01 4.851911099999999699e+00
5.183137691615076204e-01 -5.332349679778941587e-02 -8.535264737469174801e-01 -3.504292500000000032e+00 1.347280784148349383e-02 9.984394576574677771e-01 -5.419532121436276828e-02 -3.595814999999999984e-01 8.550843935813925434e-01 1.659078304112376542e-02 5.182233358038061954e-01 4.886504200000000075e+00
5.079596906309504778e-01 -5.375241766077144823e-02 -8.597020590237823834e-01 -3.563092500000000218e+00 1.196039266354330735e-02 9.983949735986508145e-01 -5.535725517295157772e-02 -3.638427000000000189e-01 8.612978008223654003e-01 1.783688001224994699e-02 5.077873019385041875e-01 4.920919399999999833e+00
4.982725864109026070e-01 -5.513310039543346114e-02 -8.652657226957373160e-01 -3.622362900000000163e+00 1.098412581692014695e-02 9.982974793485602794e-01 -5.728430593407690674e-02 -3.681541999999999870e-01 8.669508513240110625e-01 1.903901171536760348e-02 4.980298559539121372e-01 4.954428199999999727e+00
4.883190578156058614e-01 -5.475858325329739651e-02 -8.709454605967993368e-01 -3.681684000000000179e+00 9.928210932948419720e-03 9.983133722379595731e-01 -5.720001257468348976e-02 -3.728226000000000040e-01 8.726086914543941253e-01 1.928492600361132389e-02 4.880391001008888008e-01 4.987814400000000425e+00
4.798845909488531070e-01 -5.289253133842403143e-02 -8.757357817849319437e-01 -3.742444799999999905e+00 9.036528060290139469e-03 9.984260691226353179e-01 -5.535093185248260439e-02 -3.771528000000000103e-01 8.772850850951859902e-01 1.864844832516679776e-02 4.796072506172066596e-01 5.020344299999999649e+00
4.715040091136138423e-01 -5.111482453749271321e-02 -8.803813060840686155e-01 -3.803558300000000170e+00 9.785159206248172925e-03 9.985605634067620251e-01 -5.273567927009356615e-02 -3.819377999999999940e-01 8.818096280088449923e-01 1.625041295694150401e-02 4.713254756849361016e-01 5.053143000000000384e+00
4.638797052803048659e-01 -5.132735615106372162e-02 -8.844100415189775077e-01 -3.864440000000000097e+00 9.825213582137681118e-03 9.985568479238979833e-01 -5.279854772959793191e-02 -3.863213999999999815e-01 8.858437131950098742e-01 1.580265720792279477e-02 4.637145585573586581e-01 5.084706800000000193e+00
4.564591332728928363e-01 -5.427612305362781997e-02 -8.880873617601068304e-01 -3.925671100000000191e+00 1.158251576273473804e-02 9.984155500346760803e-01 -5.506573142673541754e-02 -3.909374999999999933e-01 8.896689861855169301e-01 1.484897017381360540e-02 4.563645506658156048e-01 5.115853800000000007e+00
4.430634665438915598e-01 -6.060441884622032316e-02 -8.944394160760257284e-01 -4.049386000000000152e+00 1.623456641151092492e-02 9.980911702325458990e-01 -5.958569255498497030e-02 -4.008515000000000272e-01 8.963432397622800307e-01 1.187940739847090019e-02 4.432016202726711818e-01 5.177802999999999933e+00
4.379761634571716633e-01 -6.397326764286601075e-02 -8.967074780944068735e-01 -4.111328600000000222e+00 1.836214534751327149e-02 9.978933122538167222e-01 -6.222354037937257581e-02 -4.059401999999999733e-01 8.987990386407707089e-01 1.078695444510843066e-02 4.382281708793097641e-01 5.207620099999999752e+00
4.324236129105009652e-01 -6.532609695292165841e-02 -8.993010174876522322e-01 -4.173170599999999730e+00 2.182478101580465416e-02 9.978381466839262304e-01 -6.198961167808141048e-02 -4.112721999999999767e-01 9.014063999834044383e-01 7.178724070796616008e-03 4.329145042495965434e-01 5.238090999999999831e+00
4.285507212928078014e-01 -6.286168243391751509e-02 -9.013282910022250016e-01 -4.235511299999999757e+00 2.359915393878793052e-02 9.980152031934781398e-01 -5.838436544190601235e-02 -4.163425000000000042e-01 9.032094769281308055e-01 3.750076833605550664e-03 4.291836177103623973e-01 5.267439800000000005e+00
4.244889284036303390e-01 -6.087763358113442574e-02 -9.033842279962045474e-01 -4.297086199999999856e+00 2.694174433560899556e-02 9.981445626937911486e-01 -5.460379452909185777e-02 -4.212759999999999838e-01 9.050322049932213453e-01 -1.160040681069042512e-03 4.253414654494974689e-01 5.296670400000000001e+00
4.212090477321291937e-01 -6.022084999897195368e-02 -9.049620916557744588e-01 -4.358357899999999674e+00 2.778362817042319757e-02 9.981816611301058684e-01 -5.349244235618955123e-02 -4.257679999999999798e-01 9.065379242559467032e-01 -2.611629557176059491e-03 4.221163006527650641e-01 5.325052699999999639e+00
4.183596680637202692e-01 -5.998820407746411482e-02 -9.062982972008578608e-01 -4.419660600000000272e+00 2.985515111033985175e-02 9.981856342107464641e-01 -5.228871395883315232e-02 -4.306896000000000058e-01 9.077906466194683999e-01 -5.182183598679054176e-03 4.193915674919526104e-01 5.353267200000000337e+00
4.156314527353663357e-01 -5.922316753266526623e-02 -9.076029483890447613e-01 -4.480720999999999954e+00 3.197552753374469092e-02 9.982124318732186197e-01 -5.049263800489873361e-02 -4.351146000000000180e-01 9.089708802464618875e-01 -8.034754579504720107e-03 4.167821752220450815e-01 5.381513599999999897e+00
4.127239614995354411e-01 -5.796338122238427204e-02 -9.090099988676685339e-01 -4.542033199999999660e+00 3.341383020121718728e-02 9.982649206119027507e-01 -4.848364906848250111e-02 -4.396520999999999901e-01 9.102430705890676155e-01 -1.036314204187553309e-02 4.139446312390169247e-01 5.409664600000000156e+00
4.101422410959848497e-01 -5.890758616736799930e-02 -9.101171563928993624e-01 -4.601977800000000229e+00 3.597535833520276033e-02 9.981801795604540173e-01 -4.839527585739814008e-02 -4.441128999999999771e-01 9.113117554719771807e-01 -1.289284392963864143e-02 4.115150773835500875e-01 5.437125700000000172e+00
4.080757498693233232e-01 -5.926906355496996959e-02 -9.110221514726777325e-01 -4.662206199999999967e+00 3.818537456088101634e-02 9.981252619876874732e-01 -4.783135531902998894e-02 -4.481776000000000093e-01 9.121491432535770993e-01 -1.526890589816466345e-02 4.095739261408595233e-01 5.464053599999999733e+00
4.054735614247344522e-01 -5.898416584666002493e-02 -9.122017645043861700e-01 -4.722405900000000045e+00 4.208058428209501822e-02 9.980624849174569713e-01 -4.583121891100562506e-02 -4.521402999999999950e-01 9.131376760445378826e-01 -1.980263567722052864e-02 4.071700384461210964e-01 5.491115599999999652e+00
4.034054183504497404e-01 -5.760509246020523166e-02 -9.132062865356052050e-01 -4.781238600000000005e+00 4.332888686780746179e-02 9.980994109801113456e-01 -4.381978279215263672e-02 -4.565092000000000039e-01 9.139948993338504746e-01 -2.189107406697762825e-02 4.051346749759870969e-01 5.517355000000000231e+00
4.016072972453773593e-01 -5.864243733872596259e-02 -9.139325157484206041e-01 -4.840159400000000112e+00 4.575471557888905610e-02 9.979863094913044019e-01 -4.392985397450663299e-02 -4.607647000000000270e-01 9.146682922248690062e-01 -2.417417239328180714e-02 4.034817524839776626e-01 5.543483700000000347e+00
4.007378805063379623e-01 -6.010123354340926594e-02 -9.142193352001742879e-01 -4.898245799999999761e+00 4.709073864419847932e-02 9.978783104047980190e-01 -4.495931446996548342e-02 -4.645514000000000032e-01 9.149817558078586766e-01 -2.503436338767238423e-02 4.027178505958509680e-01 5.568450900000000203e+00
4.001931147980665737e-01 -6.085360671941730110e-02 -9.144081744043303095e-01 -4.955684699999999943e+00 4.658470906985095333e-02 9.978537565659930664e-01 -4.601896769825665479e-02 -4.688628000000000240e-01 9.152460520259561028e-01 -2.418096475276229965e-02 4.021690505179715824e-01 5.593544500000000141e+00
4.005314296948498942e-01 -6.192369611077300218e-02 -9.141881806753904272e-01 -5.012785000000000046e+00 4.590464418414283432e-02 9.978169999823183201e-01 -4.747629080513284666e-02 -4.727284999999999959e-01 9.151324152650952559e-01 -2.294973651846436008e-02 4.024996548132759866e-01 5.618320899999999618e+00
4.025038882769620963e-01 -6.128264217218028914e-02 -9.133646904114061105e-01 -5.069540499999999561e+00 4.421844461520692965e-02 9.978935476571386687e-01 -4.746784911981995203e-02 -4.772175000000000167e-01 9.143496864316951189e-01 -2.128157213757066180e-02 4.043658561372543980e-01 5.643405900000000308e+00
4.067696955024261984e-01 -6.142054445420505604e-02 -9.114636205246001710e-01 -5.125013400000000274e+00 4.161734962658883430e-02 9.979472476465689468e-01 -4.867532357053047654e-02 -4.810434000000000099e-01 9.125822763076881783e-01 -1.813305362002204379e-02 4.084908583254852621e-01 5.667663100000000398e+00
4.121002389887429285e-01 -6.203932818460712595e-02 -9.090239352095320635e-01 -5.180708400000000324e+00 4.004138431469302095e-02 9.979484500442338257e-01 -4.995576639862821244e-02 -4.849162000000000194e-01 9.102582493817806819e-01 -1.581179346923897167e-02 4.137389353441395246e-01 5.692345600000000339e+00
4.169993544101355809e-01 -6.188018397767233031e-02 -9.067978723245987416e-01 -5.235954300000000394e+00 3.981615917133188992e-02 9.979656619561916298e-01 -4.979167626404593788e-02 -4.890786999999999773e-01 9.080342570026601612e-01 -1.534211156359569644e-02 4.186148680140218126e-01 5.718419599999999825e+00
4.238558500228458148e-01 -6.067444509523535479e-02 -9.036950979803952677e-01 -5.290379999999999860e+00 3.922253427686248073e-02 9.980472814823914129e-01 -4.861292760684596259e-02 -4.931254999999999944e-01 9.048799982352970783e-01 -1.484033820346988830e-02 4.254079843581869413e-01 5.744116799999999579e+00
4.321960343049857101e-01 -5.936065859734659944e-02 -8.998238161673276503e-01 -5.344583499999999709e+00 3.751660034506267005e-02 9.981508055987944328e-01 -4.782754416679330794e-02 -4.970169999999999866e-01 9.009989415252340761e-01 -1.308745557268416876e-02 4.336238299229420168e-01 5.769537399999999927e+00
