1.000000000000000000e+00 0.000000000000000000e+00 0.000000000000000000e+00 0.000000000000000000e+00 0.000000000000000000e+00 1.000000000000000000e+00 0.000000000000000000e+00 0.000000000000000000e+00 0.000000000000000000e+00 0.000000000000000000e+00 1.000000000000000000e+00 0.000000000000000000e+00
9.999542039935457316e-01 -6.659805877683991002e-03 -6.872910686595228025e-03 2.162999999999999992e-04 6.631213261659841748e-03 9.999692992789318557e-01 -4.174626963045029865e-03 -5.427000000000000183e-04 6.900501888466937031e-03 4.128860045310532925e-03 9.999676672715041015e-01 4.389040000000000302e-02
9.993444875070530697e-01 -7.431287046706011416e-03 -3.543121874978447106e-02 -1.624100000000000066e-03 7.229850159360908489e-03 9.999569854761553023e-01 -5.810031334981472471e-03 -1.252099999999999914e-03 3.547287070338131509e-02 5.550060384332498008e-03 9.993552282716049451e-01 7.475619999999999488e-02
9.882268886113276807e-01 -1.084727664313920020e-03 -1.529916337303086071e-01 -1.692180000000000073e-02 3.905072546827366041e-04 9.999894921549112858e-01 -4.567612488668719613e-03 -3.018999999999999982e-03 1.529949807335478362e-01 4.454093135181881428e-03 9.882169280702919334e-01 1.793797000000000030e-01
9.856825820430428209e-01 9.081262982251560355e-05 -1.686115037891143809e-01 -2.083780000000000007e-02 -7.397966990962455500e-04 9.999925587597875420e-01 -3.786175629431753377e-03 -3.221900000000000198e-03 1.686099052778461949e-01 3.856705604419574489e-03 9.856753145250602977e-01 1.988874999999999948e-01
9.833993593358220098e-01 9.042492619072463062e-04 -1.814521490398147696e-01 -2.542010000000000103e-02 -1.615224070151104500e-03 9.999915870858236966e-01 -3.770518370021953662e-03 -3.716699999999999865e-03 1.814472130100047154e-01 4.001011228153291896e-03 9.833925466465840426e-01 2.187047000000000019e-01
9.773977847213894954e-01 -3.533048965998581044e-03 -2.113790150102987653e-01 -3.932660000000000322e-02 1.738859397687072227e-03 9.999608743603892735e-01 -8.673299049422536142e-03 -4.621899999999999967e-03 2.114013878613745789e-01 8.109704890407224212e-03 9.773656868833052735e-01 2.826318999999999915e-01
9.757977243282754953e-01 -2.784897096257333855e-03 -2.186573702026123056e-01 -4.482520000000000254e-02 5.335959581668787283e-04 9.999462494023995118e-01 -1.035439913407089872e-02 -4.924500000000000058e-03 2.186744531743761433e-01 9.987124422849534902e-03 9.757467606272900440e-01 3.049784999999999857e-01
9.739725619276735635e-01 -3.780746824874520878e-03 -2.266344072851476099e-01 -5.044509999999999966e-02 8.650286561155287688e-04 9.999155996575996852e-01 -1.296322825560129906e-02 -5.469500000000000403e-03 2.266642899476405404e-01 1.242978337819779407e-02 9.738936287643034095e-01 3.281607000000000274e-01
9.700883909240568537e-01 -1.444133167058683602e-02 -2.423220207367760837e-01 -6.196900000000000325e-02 1.093130960946409568e-02 9.998150483638121866e-01 -1.582325931943669162e-02 -6.533899999999999604e-03 2.425057118184981431e-01 1.270106313850174855e-02 9.700668341565726882e-01 3.763623999999999858e-01
9.678212047635228465e-01 -1.506372313429782048e-02 -2.511875790229610717e-01 -6.853349999999999720e-02 1.081302718912796265e-02 9.997741771341860373e-01 -1.829407496071768988e-02 -7.217099999999999731e-03 2.514064320042155298e-01 1.498929554696948503e-02 9.677655330532882738e-01 4.012780000000000236e-01
9.633049032133190748e-01 -7.921291805255704574e-03 -2.682925950922124270e-01 -8.408820000000000183e-02 1.120667764961178706e-03 9.996744119699002562e-01 -2.549145261444931559e-02 -8.631599999999999689e-03 2.684071674693849219e-01 2.425537443063138787e-02 9.630001398038794402e-01 4.521477999999999886e-01
9.584070618259105112e-01 -1.394133487966030954e-02 -2.850641033592242746e-01 -1.000139000000000028e-01 5.768420487257748704e-03 9.995484302353491168e-01 -2.949001422738648653e-02 -1.046700000000000061e-02 2.853465071931099439e-01 2.661906827487467431e-02 9.580546936563016924e-01 5.056294000000000066e-01
9.559999139755956943e-01 -1.314230257095280047e-02 -2.930724217011680399e-01 -1.088408000000000014e-01 3.983633522295817152e-03 9.994855005355675059e-01 -3.182553822209864547e-02 -1.166370000000000080e-02 2.933398969499610431e-01 2.925771867900415005e-02 9.555604066489394866e-01 5.333373999999999615e-01
9.535092552960410250e-01 -1.243918829832739090e-02 -3.011069023773249032e-01 -1.183127000000000068e-01 1.977275428672682980e-03 9.993844906672907369e-01 -3.502470835794359305e-02 -1.288569999999999993e-02 3.013572472111269440e-01 3.280101230386939237e-02 9.529469571519566529e-01 5.616626999999999592e-01
9.492841863316481277e-01 -1.493233306581277439e-02 -3.140645777700382113e-01 -1.379315999999999875e-01 -6.123226964994520766e-05 9.988628303409038400e-01 -4.767643457692469222e-02 -1.583120000000000013e-02 3.144193534616944175e-01 4.527771629146351562e-02 9.482037748164472424e-01 6.193193000000000170e-01
9.480269315118264872e-01 -1.543843679723840359e-02 -3.178153422941194517e-01 -1.482284000000000102e-01 -2.431606730648507193e-03 9.984415523982889118e-01 -5.575440550487753555e-02 -1.754980000000000082e-02 3.181808046016888492e-01 5.362947989448088593e-02 9.465119410072275752e-01 6.484119000000000410e-01
9.466369010218451674e-01 -1.621974748974148312e-02 -3.218936119514119731e-01 -1.586284000000000027e-01 -4.797409640245825849e-03 9.979131639448568514e-01 -6.439178586053416475e-02 -1.941450000000000120e-02 3.222662912631428789e-01 6.249989613538758232e-02 9.445836122326942697e-01 6.783871999999999680e-01
9.451601057113587778e-01 -1.558478953282319696e-02 -3.262353274967483285e-01 -1.695843999999999963e-01 -8.899145906154138502e-03 9.972611730338537539e-01 -7.342314322666108894e-02 -2.162499999999999839e-02 3.264861096185165401e-01 7.229984159290676893e-02 9.424327844105416796e-01 7.090746999999999467e-01
9.405174497049137994e-01 -1.200873113702079741e-02 -3.395330870136865631e-01 -2.052616999999999914e-01 -2.071483538849686751e-02 9.954888584507969318e-01 -9.258956904077601802e-02 -3.024249999999999855e-02 3.391132884382332957e-01 9.411547734994439585e-02 9.360258834710714071e-01 8.027973999999999943e-01
9.388501131095026153e-01 -1.039059472612637383e-02 -3.441692906921123285e-01 -2.180578999999999990e-01 -2.478975858501004589e-02 9.949110439448497489e-01 -9.766003535667132363e-02 -3.371579999999999716e-02 3.434325741445782842e-01 1.002200088695204966e-01 9.338147658067000867e-01 8.351237999999999717e-01
9.369379452139457998e-01 -8.076663841236222594e-03 -3.494024246044448723e-01 -2.306794000000000067e-01 -2.893287349796339059e-02 9.945088547777478638e-01 -1.005734885534119993e-01 -3.744600000000000012e-02 3.482961034083212337e-01 1.043403338591942231e-01 9.315594017993334974e-01 8.677534999999999554e-01
9.351230320603135526e-01 -6.903094520957400726e-03 -3.542559275387786588e-01 -2.442139000000000115e-01 -3.126405676509588089e-02 9.943030082926977986e-01 -1.019023378273532510e-01 -4.117610000000000020e-02 3.529411759272563787e-01 1.063667005510930408e-01 9.295798251624006747e-01 9.014868999999999799e-01
9.303427242812356557e-01 -7.155909336305466342e-03 -3.666213419027039011e-01 -2.718272999999999939e-01 -3.155683811001291916e-02 9.945379434238046379e-01 -9.949092953052325605e-02 -4.906030000000000113e-02 3.653307834626958739e-01 1.041300727547987554e-01 9.250353218135041189e-01 9.704958000000000196e-01
9.242970601588126334e-01 -6.752609839716967530e-03 -3.816141334412666009e-01 -3.010219000000000089e-01 -3.175267371973884006e-02 9.950170240741619265e-01 -9.451396465203719399e-02 -5.683099999999999957e-02 3.803507753290692461e-01 9.947624873783332544e-02 9.194768967427211503e-01 1.040264800000000101e+00
9.208207897569669065e-01 -3.762966924260993662e-03 -3.899678361497043722e-01 -3.165266999999999942e-01 -3.349718040614683284e-02 9.954948015723771304e-01 -8.870196698614717101e-02 -6.064599999999999852e-02 3.885447362353449674e-01 9.474143825328180946e-02 9.165462606009070479e-01 1.076327599999999940e+00
9.172198888493855451e-01 -9.262928128582759157e-04 -3.983802423323045128e-01 -3.325566999999999829e-01 -3.517743747159116779e-02 9.959028356986825425e-01 -8.330720101080857365e-02 -6.443609999999999616e-02 3.968251798866260227e-01 9.042501771604924410e-02 9.134293036568287283e-01 1.111334000000000044e+00
9.134956245040402045e-01 3.654947710242759107e-03 -4.068321341403712266e-01 -3.492022000000000181e-01 -3.926775411342844913e-02 9.960832430289656703e-01 -7.922257534179182048e-02 -6.798730000000000051e-02 4.049491171725910776e-01 8.834486014553392941e-02 9.100612057367378771e-01 1.147168200000000082e+00
9.094860504508948118e-01 4.505594767329697964e-03 -4.157100235152202949e-01 -3.662638999999999756e-01 -4.041461260531505062e-02 9.961633870809538660e-01 -7.762193844116467567e-02 -7.126989999999999714e-02 4.137653720687543557e-01 8.739682977771139061e-02 9.061787963871208440e-01 1.183209799999999978e+00
9.053559435698527169e-01 4.394614110890909114e-03 -4.246307841049187792e-01 -3.835712000000000010e-01 -4.088697869470681034e-02 9.962027863757350055e-01 -7.686522874772663827e-02 -7.472979999999999901e-02 4.226805772873415967e-01 8.695226152342508397e-02 9.020977961396433598e-01 1.218982800000000033e+00
9.012544868043034230e-01 3.864443040688999437e-03 -4.332729117947452524e-01 -4.012998999999999872e-01 -4.065944487356119852e-02 9.963020920825631510e-01 -7.568983323063734059e-02 -7.780059999999999754e-02 4.313782094145295343e-01 8.583243787690715554e-02 8.980788568107040959e-01 1.255274800000000024e+00
8.974345512498138611e-01 5.108612271642189867e-03 -4.411180435027602931e-01 -4.201736999999999833e-01 -4.206569940734866675e-02 9.963675499629259802e-01 -7.404176061012224253e-02 -8.086749999999999494e-02 4.391374536024178488e-01 8.500357322803606119e-02 8.943895624290627566e-01 1.291849400000000037e+00
8.934058175957183545e-01 3.970506266558385122e-03 -4.492329909591604720e-01 -4.387964999999999782e-01 -4.034333886943148456e-02 9.966298615070452449e-01 -7.142362467219044719e-02 -8.430659999999999543e-02 4.474354256146826359e-01 8.193384058150170179e-02 8.905550997398042901e-01 1.328733100000000000e+00
8.896869199702561737e-01 4.848475995853782777e-03 -4.565453720216170463e-01 -4.586644000000000276e-01 -3.988553996868306195e-02 9.969460897875200844e-01 -6.713894368234173127e-02 -8.772689999999999655e-02 4.548256018907089748e-01 7.794219869808459433e-02 8.871632800825689502e-01 1.365599000000000007e+00
8.857533325508327726e-01 7.137702574854708215e-03 -4.641013758620489149e-01 -4.785575000000000245e-01 -4.011165777417965983e-02 9.973182263884818877e-01 -6.121609448453862318e-02 -9.105739999999999668e-02 4.624198187639679825e-01 7.283823525653117248e-02 8.836642477202601986e-01 1.403497699999999959e+00
8.817636310407012123e-01 7.711616761083998906e-03 -4.716284872024253394e-01 -4.992579999999999796e-01 -3.927588755625838896e-02 9.975945148195450862e-01 -5.711907438522152713e-02 -9.399449999999999472e-02 4.700535114543729076e-01 6.888914986328754930e-02 8.799454422863540737e-01 1.441532700000000000e+00
8.747526281975096518e-01 5.568536253851990442e-03 -4.845377496805990947e-01 -5.425193999999999850e-01 -3.633373527924410595e-02 9.978728276370416594e-01 -5.412651424498659408e-02 -9.930830000000000213e-02 4.832056489138006339e-01 6.495237692066750668e-02 8.730942043045231138e-01 1.518711200000000039e+00
8.715902864482548695e-01 6.559081062861023270e-03 -4.901911372359357144e-01 -5.656155999999999962e-01 -3.693593470575445847e-02 9.979470071958754795e-01 -5.232119605100250814e-02 -1.019651000000000030e-01 4.888415993923403424e-01 6.370831409169461224e-02 8.700431836518993656e-01 1.558143099999999892e+00
8.686465595339016854e-01 7.464451644322633861e-03 -4.953760557107755313e-01 -5.884892000000000456e-01 -3.738557376743809751e-02 9.980231972468320834e-01 -5.051748837076541765e-02 -1.054081000000000046e-01 4.940197096108567831e-01 6.240176054295698549e-02 8.672084794310674916e-01 1.597503200000000012e+00
8.660749780739329662e-01 6.619524020264616268e-03 -4.998702974332256965e-01 -6.117768000000000095e-01 -3.672909780013276088e-02 9.980524960795074119e-01 -5.042011943910056082e-02 -1.083733000000000057e-01 4.985630408775049704e-01 6.202738887951050883e-02 8.646314228038241012e-01 1.637254599999999893e+00
8.623788868363396753e-01 2.081477324130021414e-03 -5.062591460813964384e-01 -6.598538000000000459e-01 -3.316770958816116222e-02 9.980754595273650942e-01 -5.239542088689048277e-02 -1.120469000000000048e-01 5.051757699846569638e-01 6.197616107333633190e-02 8.607882416012783144e-01 1.719036199999999903e+00
8.619044473054315869e-01 3.917512778423823394e-03 -5.070555953825471862e-01 -6.844845000000000512e-01 -3.472689028500174080e-02 9.980783867163729450e-01 -5.131838910932252223e-02 -1.151265000000000066e-01 5.058801901698187775e-01 6.184001183112166483e-02 8.603842433067185880e-01 1.760183099999999889e+00
8.619326612716399216e-01 3.894840581236727259e-03 -5.070078082732406566e-01 -7.097915999999999670e-01 -3.357527799860107048e-02 9.982140338706918525e-01 -4.941096326644479897e-02 -1.180333999999999967e-01 5.059098616754816868e-01 5.961185117447749537e-02 8.605240490881396198e-01 1.802082100000000020e+00
8.614209857381555091e-01 2.096464341404539328e-03 -5.078872809661308940e-01 -7.348483999999999572e-01 -3.114505141809068359e-02 9.983275640869931911e-01 -4.870380433082184546e-02 -1.210573999999999956e-01 5.069357662486134730e-01 5.777265461613922959e-02 8.600456088350985073e-01 1.844512900000000011e+00
8.607497455823174271e-01 5.802664377249529271e-04 -5.090280333840536686e-01 -7.602039999999999909e-01 -3.017385174593753203e-02 9.982990668883490182e-01 -4.988498492197647460e-02 -1.237866999999999995e-01 5.081332641648154125e-01 5.829782449382556186e-02 8.593031767126763087e-01 1.887177799999999905e+00
8.595876834311896308e-01 -1.674850664764707120e-03 -5.109855275530332808e-01 -7.864136999999999933e-01 -2.788629509079916524e-02 9.983506486481427133e-01 -5.018303388538505189e-02 -1.266086999999999907e-01 5.102267819700470053e-01 5.738621105355860147e-02 8.581232159436118501e-01 1.930440399999999945e+00
8.579220288255894333e-01 -2.639473735980274807e-03 -5.137731266173635181e-01 -8.124512000000000400e-01 -2.599277477252572716e-02 9.984832838633598273e-01 -4.853357090783624178e-02 -1.292930999999999941e-01 5.131219817113754633e-01 5.499240878374294511e-02 8.565521973941532252e-01 1.974127699999999930e+00
8.554142867838888664e-01 -1.871577788056584535e-03 -5.179410151383978533e-01 -8.385725000000000540e-01 -2.479949203916844910e-02 9.986985451703364047e-01 -4.456681578543318645e-02 -1.323091999999999879e-01 5.173503485652735101e-01 5.096776502100880402e-02 8.542545895505351261e-01 2.017936199999999847e+00
8.526898949360458557e-01 -1.420881179282221587e-03 -5.224154708377514167e-01 -8.659715999999999525e-01 -2.320933545534980408e-02 9.989059140588205654e-01 -4.059928085610757520e-02 -1.350071999999999939e-01 5.219015901697140469e-01 4.674351243741127482e-02 8.517240012018783002e-01 2.061444999999999972e+00
8.487553903425436586e-01 -1.620236553924639389e-03 -5.287831901620791974e-01 -8.933820999999999568e-01 -2.229833171547370568e-02 9.989961380063974161e-01 -3.885229273813483458e-02 -1.376381000000000132e-01 5.283153147195176480e-01 4.476707586845885684e-02 8.478672284921765501e-01 2.104622800000000016e+00
8.432918841575753888e-01 -5.454075091238055374e-03 -5.374281823452001783e-01 -9.206590000000000051e-01 -1.974068107455689142e-02 9.989594512580031171e-01 -4.111350450912452936e-02 -1.403635000000000022e-01 5.370931982670038574e-01 4.527988302997600079e-02 8.423067306914462371e-01 2.147380099999999903e+00
8.368775564257228128e-01 -9.727154161664950532e-03 -5.473036981629360032e-01 -9.481823000000000334e-01 -1.708815579482473104e-02 9.988905449688914029e-01 -4.388250338441317816e-02 -1.434054999999999913e-01 5.471233411968847715e-01 4.607669306348319976e-02 8.357828592845696347e-01 2.189848200000000134e+00
8.247105194709110076e-01 -6.869816042939535551e-03 -5.655133638576159694e-01 -1.006463600000000014e+00 -1.784824286753721942e-02 9.991120063438381216e-01 -3.816594039365307084e-02 -1.485184999999999977e-01 5.652733845676458646e-01 4.156927239111412459e-02 8.238555676162611086e-01 2.274759299999999929e+00
8.194522188296817777e-01 -2.159372759468720232e-03 -5.731434359428684289e-01 -1.036337099999999900e+00 -2.084313644899853102e-02 9.992191675885965241e-01 -3.356514243259886565e-02 -1.512889000000000039e-01 5.727683866259376533e-01 3.945113728193250235e-02 8.187673558765532489e-01 2.316898099999999960e+00
8.152987855039742771e-01 -2.234678807150294877e-03 -5.790361789788038838e-01 -1.065904299999999916e+00 -2.200814683148978254e-02 9.991504041118074442e-01 -3.484410188619599391e-02 -1.538574000000000053e-01 5.786220975980680414e-01 4.115186719750264788e-02 8.145569298688526416e-01 2.357863899999999902e+00
8.117718972802006050e-01 -4.475566209593927550e-03 -5.839574951083401633e-01 -1.096152299999999968e+00 -2.266602801072623019e-02 9.989756569656211838e-01 -3.916488177337719423e-02 -1.563256000000000090e-01 5.835346073373202103e-01 4.502894732512831288e-02 8.108389210826465465e-01 2.399266200000000016e+00
8.086060231402585341e-01 -6.802553086060576445e-03 -5.883111630870240250e-01 -1.126256900000000005e+00 -2.504038784551470415e-02 9.986292129395534234e-01 -4.596383404671782608e-02 -1.592476999999999920e-01 5.878173851782898529e-01 5.189817275434025629e-02 8.073272578991240733e-01 2.440163899999999941e+00
8.054738730899762000e-01 -7.771558502061747670e-03 -5.925803259034863046e-01 -1.157027500000000098e+00 -2.489655658351650966e-02 9.985875291837369438e-01 -4.693727760536480637e-02 -1.624241999999999908e-01 5.921080992856935232e-01 5.255996039922739699e-02 8.041426797049855413e-01 2.480703099999999939e+00
8.020319728973919204e-01 -6.484200444237879848e-03 -5.972459037908220969e-01 -1.188374299999999995e+00 -2.400144732808082854e-02 9.987835066601411516e-01 -4.307478786748939609e-02 -1.652785999999999977e-01 5.967986636852283810e-01 4.888212319724661442e-02 8.009006761485812920e-01 2.522601600000000222e+00
7.988677284348831842e-01 -4.025601746796822478e-03 -6.014932642980018729e-01 -1.220163499999999956e+00 -2.348592112881192281e-02 9.990063164162042986e-01 -3.787863869330552330e-02 -1.679280999999999968e-01 6.010480546295952076e-01 4.438664541394115454e-02 7.979793617223920332e-01 2.564119799999999838e+00
7.955154313029170199e-01 -1.898193124144161373e-03 -6.059303552569367257e-01 -1.251560999999999924e+00 -2.409378669083795527e-02 9.991051389773992764e-01 -3.476220234461558506e-02 -1.704508000000000134e-01 6.054541171730772886e-01 4.225302512028043106e-02 7.947578208903354202e-01 2.605222700000000113e+00
7.928374071112105348e-01 -1.438301219235306461e-03 -6.094315196761449505e-01 -1.283897800000000089e+00 -2.546850907462411620e-02 9.990454174821381539e-01 -3.549096861816937454e-02 -1.726937000000000055e-01 6.089008137050634373e-01 4.365987972432860964e-02 7.920439469952211820e-01 2.645417899999999989e+00
7.891123647310597233e-01 -2.785243359351463263e-03 -6.142425565263157639e-01 -1.315801599999999905e+00 -2.566240580302574931e-02 9.989671357805666174e-01 -3.749803406542396439e-02 -1.749786000000000119e-01 6.137125685179959378e-01 4.535310408119883757e-02 7.882258427590687067e-01 2.686084500000000208e+00
7.848946582306435271e-01 -5.587767267173072289e-03 -6.196040286650573714e-01 -1.348041499999999893e+00 -2.448326593393121420e-02 9.988987590929763183e-01 -4.002297804662568320e-02 -1.776215999999999906e-01 6.191453344491982813e-01 4.658375188282055240e-02 7.838934933333163713e-01 2.726752499999999912e+00
7.803918283421451552e-01 -6.729973097877282873e-03 -6.252545895224645989e-01 -1.380872400000000111e+00 -2.341378533617423027e-02 9.989263128300248651e-01 -3.997519470925418178e-02 -1.804831000000000074e-01 6.248522936767020308e-01 4.583589202702483684e-02 7.793963575030687929e-01 2.767570500000000155e+00
7.760997142906013169e-01 -7.035257698574139129e-03 -6.305709624040436445e-01 -1.414229600000000087e+00 -2.272765394248175627e-02 9.989760747820893849e-01 -3.911848360098169747e-02 -1.831380999999999981e-01 6.302005135068662334e-01 4.469124256590024241e-02 7.751451513191565112e-01 2.807336100000000112e+00
7.710227159208027370e-01 -6.565808316751294699e-03 -6.367737916208994209e-01 -1.447933399999999926e+00 -2.312319070364435292e-02 9.989987546769141247e-01 -3.829890606345734416e-02 -1.858918999999999988e-01 6.363876881161293353e-01 4.425356838857533170e-02 7.700989105946622892e-01 2.847600900000000212e+00
7.655774905276556686e-01 -7.694975382393643391e-03 -6.432976708734780003e-01 -1.481780300000000050e+00 -2.308520868075982987e-02 9.989559214010843569e-01 -3.942258537788004280e-02 -1.885210999999999970e-01 6.429293733665798483e-01 4.503170495967065423e-02 7.646005273414883119e-01 2.887032699999999785e+00
7.599094164485001857e-01 -9.456653420253612052e-03 -6.499601914725156027e-01 -1.515874600000000072e+00 -2.180206694211232060e-02 9.989608091105006693e-01 -4.002463914072788842e-02 -1.914136999999999922e-01 6.496632579036246691e-01 4.458557577718424980e-02 7.589135509151653247e-01 2.927075900000000175e+00
7.541023612080386407e-01 -1.095170277166385500e-02 -6.566655838605078843e-01 -1.550129400000000102e+00 -2.115324275987664690e-02 9.989371719374146030e-01 -4.095200657381693754e-02 -1.940518999999999994e-01 6.564161554541466659e-01 4.477261136097993033e-02 7.530692160291218018e-01 2.966409699999999816e+00
7.484439276412703235e-01 -1.238430265048874081e-02 -6.630824354669410114e-01 -1.585361100000000079e+00 -2.065273217322807775e-02 9.989054821377330029e-01 -4.196787353398009901e-02 -1.969245000000000023e-01 6.628764227446092283e-01 4.510506405099470872e-02 7.473689727077688083e-01 3.005567600000000006e+00
7.421319638028875953e-01 -1.454216288110014507e-02 -6.700960183442438156e-01 -1.620247699999999957e+00 -1.928410269283835007e-02 9.988874531968656711e-01 -4.303462825692300209e-02 -1.998459999999999959e-01 6.699763217348816413e-01 4.485957361164999435e-02 7.410258746966797982e-01 3.044216399999999823e+00
7.358273273151634264e-01 -1.591825931827100388e-02 -6.769820923750492492e-01 -1.656488799999999983e+00 -1.772578726119224818e-02 9.989283321714993447e-01 -4.275492545938562594e-02 -2.025279000000000107e-01 6.769371764367756450e-01 4.346028307941568469e-02 7.347566011629039773e-01 3.083483199999999869e+00
7.297006316451642993e-01 -1.586775041071183598e-02 -6.835826231506706430e-01 -1.692853900000000023e+00 -1.689340248829411181e-02 9.990071580320052380e-01 -4.122270191514153248e-02 -2.053076000000000068e-01 6.835580451790593814e-01 4.162826801248725728e-02 7.287080939397225787e-01 3.121448500000000070e+00
7.232712626802522138e-01 -1.599462172827714052e-02 -6.903787747727206936e-01 -1.729989800000000022e+00 -1.654398921367759151e-02 9.990434587028964586e-01 -4.047794515352439587e-02 -2.080742999999999898e-01 6.903658283850754307e-01 4.069815350508342727e-02 7.223148089991409115e-01 3.159751899999999836e+00
7.163914333901545417e-01 -1.809630727963339181e-02 -6.974638613061188153e-01 -1.766704599999999958e+00 -1.475111899930708383e-02 9.990472698988853706e-01 -4.107258204510515209e-02 -2.110453999999999941e-01 6.975426285564689799e-01 3.971241834017037731e-02 7.154419649252532487e-01 3.197948199999999908e+00
7.097365727460027696e-01 -2.032622551773517056e-02 -7.041738718973887812e-01 -1.804456400000000071e+00 -1.381975710455059410e-02 9.989895692804442451e-01 -4.276511174361432438e-02 -2.138877999999999890e-01 7.043316062909069641e-01 4.008347571100550483e-02 7.087385296106005761e-01 3.235840099999999886e+00
7.032900036690831191e-01 -1.945609733646488926e-02 -7.106367785413131299e-01 -1.842985899999999955e+00 -1.536763926055891190e-02 9.989757539056912661e-01 -4.255912090390477631e-02 -2.167953999999999992e-01 7.107369459952807000e-01 4.085221395456872795e-02 7.022706673443734893e-01 3.274029500000000148e+00
6.928844303353198786e-01 -1.812692930134560121e-02 -7.208207687303433975e-01 -1.921464700000000025e+00 -1.698239217663444212e-02 9.989963851214711532e-01 -4.144660263751560880e-02 -2.227278000000000036e-01 7.208486419178843363e-01 4.095896664147118116e-02 6.918812025895808571e-01 3.349156600000000150e+00
6.877540819657689264e-01 -2.015785125709613351e-02 -7.256638228354223008e-01 -1.961195699999999986e+00 -1.564067894616327087e-02 9.989709036739644610e-01 -4.257349850465562413e-02 -2.255512000000000072e-01 7.257752351117564560e-01 4.062997225595481321e-02 6.867310342870452944e-01 3.386797000000000057e+00
6.776544191331088651e-01 -2.416048110580653122e-02 -7.349835095987561351e-01 -2.042045799999999911e+00 -1.660485087166423471e-02 9.987026086648470580e-01 -4.813915634448968917e-02 -2.312224999999999975e-01 7.351930135392329424e-01 4.482600360020282115e-02 6.763740549757478737e-01 3.459952599999999823e+00
6.728125005269116610e-01 -2.436988191228279046e-02 -7.394115552182735085e-01 -2.083003999999999856e+00 -1.775851982885375338e-02 9.986373303138368351e-01 -4.907257357364687433e-02 -2.341583999999999888e-01 7.395998743295003619e-01 4.614749569840349841e-02 6.714629062968059392e-01 3.495990299999999884e+00
6.628331269172161866e-01 -2.420771906019662800e-02 -7.483757292958185259e-01 -2.166813599999999784e+00 -1.595944199655578710e-02 9.987934351624055962e-01 -4.644319204835208048e-02 -2.407227999999999868e-01 7.485970492009063060e-01 4.272774525275274682e-02 6.616470340848750187e-01 3.569443699999999886e+00
6.577486341136865589e-01 -2.498033736074103603e-02 -7.528231645392716720e-01 -2.209268600000000138e+00 -1.562092396135585440e-02 9.987826020361735280e-01 -4.678996264632133417e-02 -2.440074999999999883e-01 7.530755082036416637e-01 4.253582743046352421e-02 6.565576763153657680e-01 3.605862099999999959e+00
6.530955988319451233e-01 -2.598359351284148383e-02 -7.568295657904113849e-01 -2.251123900000000067e+00 -1.446954150679895072e-02 9.988005403275490579e-01 -4.677727022795513667e-02 -2.473267000000000104e-01 7.571372208225706224e-01 4.150100612702706249e-02 6.519362663140610969e-01 3.641462600000000105e+00
6.446671851165158840e-01 -2.742940130274075516e-02 -7.639711044130668149e-01 -2.336750499999999953e+00 -1.264052216325250999e-02 9.988369815942118590e-01 -4.652850093441946583e-02 -2.537387999999999866e-01 7.643588408812893586e-01 3.965239140250124278e-02 6.435707033595257087e-01 3.712984300000000015e+00
6.408159980591409122e-01 -2.992147805120170395e-02 -7.671111795448549708e-01 -2.379582200000000203e+00 -9.895982995803404361e-03 9.988351757889604166e-01 -4.722669930434935520e-02 -2.572411000000000003e-01 7.676307225170276860e-01 3.785494363842214355e-02 6.397734576317759547e-01 3.748491500000000087e+00
6.361967336000324824e-01 -3.514868698935512403e-02 -7.707258176287943297e-01 -2.422794099999999951e+00 -6.513279733783768413e-03 9.986814491760468426e-01 -5.092092162108301234e-02 -2.603474000000000066e-01 7.714993800021867632e-01 3.741567685550184486e-02 6.351289426421111717e-01 3.784585499999999936e+00
6.311738976646809052e-01 -3.909612501839196397e-02 -7.746554097889726265e-01 -2.466527699999999879e+00 -1.893518614738739364e-03 9.986482232057666275e-01 -5.194363170996825485e-02 -2.639507999999999854e-01 7.756390433017348318e-01 3.425228892368285816e-02 6.302466621962055093e-01 3.820274400000000181e+00
6.245672666108368354e-01 -4.263597028426661939e-02 -7.798063243627786356e-01 -2.510971300000000017e+00 2.884923501267722817e-03 9.986278043400149684e-01 -5.228944076419887038e-02 -2.673240000000000061e-01 7.809656885514624225e-01 3.040859149911357556e-02 6.238332396308972072e-01 3.855984700000000043e+00
6.160819412107867432e-01 -4.636659898409614677e-02 -7.863162087942717760e-01 -2.555449700000000046e+00 7.805660406164125625e-03 9.985763365791684443e-01 -5.276714593145064719e-02 -2.710511999999999921e-01 7.876433922655431408e-01 2.637116839989044753e-02 6.155667698127087473e-01 3.891226500000000144e+00
6.068658117356199311e-01 -4.738864336138312594e-02 -7.933903219896463188e-01 -2.601334299999999988e+00 1.083751343038415887e-02 9.986215367294550838e-01 -5.135732355514474601e-02 -2.746809000000000056e-01 7.947304164615276445e-01 2.256862557776218026e-02 6.065428445628696652e-01 3.926321499999999798e+00
5.978472297978552064e-01 -4.606070603845580091e-02 -8.002856372460207535e-01 -2.647648100000000060e+00 1.146749093165110381e-02 9.987370660783763121e-01 -4.891594313605295702e-02 -2.781834000000000251e-01 8.015280322451381334e-01 2.006699280898930488e-02 5.976203889801960933e-01 3.960838799999999882e+00
5.887148177291725570e-01 -4.559503508504247904e-02 -8.070538743861532804e-01 -2.694733900000000126e+00 1.082266055987737841e-02 9.987630383722780891e-01 -4.853105397352235062e-02 -2.819154999999999855e-01 8.082683548206701651e-01 1.983648045821159722e-02 5.884800596779113935e-01 3.994904000000000011e+00
5.793049516554392708e-01 -4.697658841743217184e-02 -8.137560894568768299e-01 -2.741893999999999831e+00 9.839702695801335469e-03 9.986681731554926111e-01 -5.064642314250037552e-02 -2.852941999999999978e-01 8.150515034268371872e-01 2.133260572293351615e-02 5.789956534333591254e-01 4.027784300000000428e+00
5.693394667218759642e-01 -4.918477726082060020e-02 -8.206298978946924283e-01 -2.789827299999999788e+00 1.046154134241978131e-02 9.985613300601902109e-01 -5.259112340656557638e-02 -2.887695000000000123e-01 8.220359650195303569e-01 2.135714855094736353e-02 5.690349237262877224e-01 4.060833500000000207e+00
5.593014265534695939e-01 -5.062265573097815552e-02 -8.274172230392576877e-01 -2.838656700000000033e+00 1.082478473770394703e-02 9.984945486308915985e-01 -5.377230132488676484e-02 -2.924361999999999795e-01 8.288936833458414588e-01 2.111831151240345025e-02 5.590074048062592116e-01 4.093773800000000129e+00
5.493788924378121274e-01 -5.156184670841930384e-02 -8.339809401346174322e-01 -2.887632099999999813e+00 1.400613868329844344e-02 9.985222580419441663e-01 -5.250836384806827073e-02 -2.961300000000000043e-01 8.354559597148056849e-01 1.716613406782032877e-02 5.492892345733515480e-01 4.125732900000000036e+00
5.388680236493152975e-01 -5.136788408960085706e-02 -8.408225696140881888e-01 -2.937703799999999976e+00 1.550460286640207783e-02 9.985747805436979707e-01 -5.106872773097624607e-02 -3.000771999999999884e-01 8.422475054152646079e-01 1.448268435970199650e-02 5.388964571005279147e-01 4.157899399999999801e+00
5.285332863471106091e-01 -5.219173502526772146e-02 -8.473066670445686954e-01 -2.988282400000000116e+00 1.591777487911918629e-02 9.985420930382499227e-01 -5.157822092403700764e-02 -3.036772999999999834e-01 8.487633295954891688e-01 1.377356982932634311e-02 5.285935102781113004e-01 4.189172300000000071e+00
5.183436447104966538e-01 -5.309766762299497622e-02 -8.535224095952235190e-01 -3.038622099999999993e+00 1.514524730164480693e-02 9.984840023877626924e-01 -5.291803529881160262e-02 -3.073775999999999731e-01 8.550382959098442592e-01 1.450291931688929906e-02 5.183620142900879912e-01 4.219684599999999897e+00
5.080506394648630630e-01 -5.373858747563606264e-02 -8.596491795816868509e-01 -3.089806999999999970e+00 1.373279189587538543e-02 9.984303336659574590e-01 -5.429805928787458102e-02 -3.109882999999999953e-01 8.612177182142087828e-01 1.578078045625042058e-02 5.079911503186874677e-01 4.249846500000000304e+00
4.980525373865043459e-01 -5.507061282288237131e-02 -8.653963817847731832e-01 -3.141093999999999831e+00 1.319794173054463643e-02 9.983471548905806792e-01 -5.593543292011031454e-02 -3.148611000000000049e-01 8.670464141768547961e-01 1.643733327505395025e-02 4.979561524249529469e-01 4.279248700000000127e+00
4.798731177083386257e-01 -5.257042329535556446e-02 -8.757614638104521676e-01 -3.245807399999999898e+00 1.157368926804152806e-02 9.984956201041976787e-01 -5.359614118069097599e-02 -3.229352999999999807e-01 8.772615576996439790e-01 1.558355631044708658e-02 4.797596399814321178e-01 4.336547399999999719e+00
4.639576588395095125e-01 -5.150142450649793091e-02 -8.843590300765648005e-01 -3.349672099999999819e+00 1.226952321523118450e-02 9.985864244956724756e-01 -5.171664734898699656e-02 -3.300625999999999838e-01 8.857724028237906611e-01 1.314367097694078487e-02 4.639337175815287928e-01 4.390864800000000123e+00
4.564573433546750825e-01 -5.407512883595069764e-02 -8.881005428097472620e-01 -3.401567899999999867e+00 1.370573554766051083e-02 9.984603366627058385e-01 -5.375043185402245127e-02 -3.341597000000000039e-01 8.896397284916461867e-01 1.236270814876945165e-02 4.564956921336044138e-01 4.417250600000000027e+00
4.492093216499736252e-01 -5.797869068422650818e-02 -8.915433005576977044e-01 -3.455438399999999799e+00 1.696623405327042297e-02 9.982657524289936246e-01 -5.637051028174994149e-02 -3.378321000000000240e-01 8.932654321335961045e-01 1.019602637884063981e-02 4.494139615112795472e-01 4.444770799999999689e+00
4.428530236068861647e-01 -6.064903479799777647e-02 -8.945406050371944584e-01 -3.508672499999999861e+00 1.753542995185273373e-02 9.981045802399316491e-01 -5.898945329865015741e-02 -3.417332000000000147e-01 8.964227285040480275e-01 1.043750363550673133e-02 4.430771381364834172e-01 4.471291100000000185e+00
4.372923724568177906e-01 -6.407705924996347224e-02 -8.970337292816610297e-01 -3.562132800000000099e+00 1.986619371819943122e-02 9.979033197875475381e-01 -6.159787905555338949e-02 -3.461529999999999885e-01 8.990999473574885492e-01 9.115636832842725218e-03 4.376484774643835118e-01 4.497439899999999824e+00
4.323943344563935254e-01 -6.521890329744071957e-02 -8.993228753805229125e-01 -3.615816800000000164e+00 2.340853969242879737e-02 9.978565226561314505e-01 -6.110974113904667215e-02 -3.508931000000000133e-01 9.013807074702011590e-01 5.371670623966401381e-03 4.329941862834039146e-01 4.523321600000000053e+00
4.286520190333437674e-01 -6.256848741586329421e-02 -9.013005220020284813e-01 -3.669988399999999817e+00 2.529235689038883059e-02 9.980391444768107467e-01 -5.725524233574458277e-02 -3.554955000000000198e-01 9.031155758049838056e-01 1.746560759491252307e-03 4.293939988681098052e-01 4.548603100000000232e+00
4.245472839925243935e-01 -6.075640871222383332e-02 -9.033649663646272643e-01 -3.723579899999999832e+00 2.794942960586777048e-02 9.981499159855065084e-01 -5.399606099367757622e-02 -3.593056000000000028e-01 9.049742720316846789e-01 -2.324654494654750103e-03 4.254599428174208331e-01 4.573965499999999906e+00
4.211230896403461155e-01 -6.031613804863136807e-02 -9.049957496379014144e-01 -3.776539800000000113e+00 2.930207945857338236e-02 9.981702991088590160e-01 -5.289085097003379254e-02 -3.632520000000000193e-01 9.065300499769283205e-01 -4.244698791353258838e-03 4.221199486176864246e-01 4.598700000000000010e+00
4.181071102196889377e-01 -6.000230177382646218e-02 -9.064139055451342353e-01 -3.830210899999999974e+00 3.105146213734270161e-02 9.981770299174692607e-01 -5.175348919901748279e-02 -3.674377999999999811e-01 9.078668685897034463e-01 -6.506975256008584035e-03 4.192080726681484126e-01 4.623420699999999606e+00
4.157110939583352760e-01 -5.911724201119885475e-02 -9.075733788829161153e-01 -3.882750300000000099e+00 3.336078293921358046e-02 9.982048855777230223e-01 -4.973996954610543364e-02 -3.713408999999999738e-01 9.088846706384956509e-01 -9.599901340855854920e-03 4.169370424567706568e-01 4.647515799999999864e+00
4.128980774267457243e-01 -5.839899775293150297e-02 -9.089030392284702664e-01 -3.935491999999999990e+00 3.478500986328167399e-02 9.982252447271247053e-01 -4.833594809542290233e-02 -3.749030999999999891e-01 9.101127296912776554e-01 -1.165838114512994517e-02 4.141966940995139845e-01 4.671632299999999738e+00
4.105234828265346136e-01 -5.875068332484152667e-02 -9.099553984986494815e-01 -3.987329499999999971e+00 3.726352642500568857e-02 9.981695000382371230e-01 -4.763484850179088015e-02 -3.790614999999999957e-01 9.110883050760474333e-01 -1.435292312666148692e-02 4.119612772474802176e-01 4.695195700000000194e+00
4.080374028490751370e-01 -5.904768909857988773e-02 -9.110537021977898053e-01 -4.039336699999999780e+00 3.997623861957187025e-02 9.981047191152404574e-01 -4.678536123316631712e-02 -3.826644000000000156e-01 9.120895669954858231e-01 -1.733032290536621819e-02 4.096245618685274703e-01 4.718834400000000429e+00
4.050536776308450437e-01 -5.899871742450862877e-02 -9.123873462406142387e-01 -4.090591400000000100e+00 4.432402991217178345e-02 9.980095989212395269e-01 -4.485778453525725989e-02 -3.860098000000000140e-01 9.132178812364946108e-01 -2.227087342987801172e-02 4.068625192698364090e-01 4.742262400000000433e+00
4.037080030879173220e-01 -5.762551981238236976e-02 -9.130712719766834740e-01 -4.141465700000000361e+00 4.484432243539818175e-02 9.980611442119894372e-01 -4.316177892029671864e-02 -3.895550999999999875e-01 9.137881784024545206e-01 -2.352130694938640160e-02 4.055094488804380504e-01 4.764352299999999651e+00
4.015758654052781207e-01 -5.869670775690918191e-02 -9.139428433017580122e-01 -4.192400899999999986e+00 4.753085873194384109e-02 9.979348767451741153e-01 -4.320647224430904099e-02 -3.932104000000000155e-01 9.145915163570050854e-01 -2.608981169142941814e-02 4.035364666714766901e-01 4.787133700000000047e+00
4.003999416639816844e-01 -6.023501360376325858e-02 -9.143585893136426668e-01 -4.242049699999999923e+00 4.889065757180848654e-02 9.978201740267452768e-01 -4.432385257885158858e-02 -3.963323000000000262e-01 9.150352945748466693e-01 -2.695632470108005885e-02 4.024720688953876691e-01 4.808809300000000064e+00
3.999221989143145195e-01 -6.103242281068195496e-02 -9.145147774538132657e-01 -4.290926500000000310e+00 4.829762983410904043e-02 9.977974975639478661e-01 -4.546969108681994665e-02 -3.999461999999999740e-01 9.152756818401474037e-01 -2.598455735589124196e-02 4.019890906617635817e-01 4.830098200000000119e+00
4.002819523411306202e-01 -6.198508982569868320e-02 -9.142932829619130342e-01 -4.339600599999999808e+00 4.751989393741526402e-02 9.977714487181056358e-01 -4.684010891479035987e-02 -4.031873999999999736e-01 9.151591218526697880e-01 -2.469786958975783708e-02 4.023354283773399320e-01 4.851149600000000284e+00
4.024328670446431500e-01 -6.147456211214330501e-02 -9.133830881592612805e-01 -4.387924700000000122e+00 4.575788124674838586e-02 9.978463566063410228e-01 -4.699856286376750958e-02 -4.068941999999999837e-01 9.143052027775173674e-01 -2.288070848053593356e-02 4.043791158719645118e-01 4.872365499999999905e+00
4.065315500972732088e-01 -6.135168996104879702e-02 -9.115744999255034342e-01 -4.435490599999999617e+00 4.317478009568707920e-02 9.979181957936837932e-01 -4.790837993053087551e-02 -4.102950000000000208e-01 9.126160403692219480e-01 -1.988076061931172075e-02 4.083340767288474726e-01 4.893438299999999685e+00
4.114453237144941600e-01 -6.197354208676703058e-02 -9.093250385174130868e-01 -4.482741800000000332e+00 4.180438633494738820e-02 9.979188157627710831e-01 -4.909613457072720122e-02 -4.136733000000000215e-01 9.104752269428496581e-01 -1.781340023263964026e-02 4.131797960882382936e-01 4.914700500000000361e+00
4.168404052069991650e-01 -6.177915670046732477e-02 -9.068778376298782806e-01 -4.529880999999999602e+00 4.133689928112038725e-02 9.979438686425139426e-01 -4.898260708287684173e-02 -4.170986999999999889e-01 9.080392818290887735e-01 -1.706958804986491440e-02 4.185370853569856386e-01 4.936453799999999781e+00
4.234360853310647488e-01 -6.035627428598636102e-02 -9.039131605380120726e-01 -4.575601599999999713e+00 4.050285299778372261e-02 9.980417240757893937e-01 -4.766797565311471641e-02 -4.205861000000000183e-01 9.050201105713303606e-01 -1.642672085782179159e-02 4.250514819446181702e-01 4.958091300000000423e+00
4.320132191863902960e-01 -5.910834490790232987e-02 -8.999282093647585912e-01 -4.622061699999999718e+00 3.883591359980687052e-02 9.981436095380074036e-01 -4.691595201321337866e-02 -4.237846000000000113e-01 9.010307154936952889e-01 -1.468122272449613741e-02 4.335067605427088688e-01 4.979803999999999675e+00
