1.000000000000000000e+00 0.000000000000000000e+00 0.000000000000000000e+00 0.000000000000000000e+00 0.000000000000000000e+00 1.000000000000000000e+00 0.000000000000000000e+00 0.000000000000000000e+00 0.000000000000000000e+00 0.000000000000000000e+00 1.000000000000000000e+00 0.000000000000000000e+00
9.999587639762297364e-01 -6.394341740616045489e-03 -6.448468099869228073e-03 -1.173000000000000052e-04 6.367097950300621562e-03 9.999707553694883178e-01 -4.236563402838838290e-03 -4.485000000000000054e-04 6.475369551005819013e-03 4.195330675788398918e-03 9.999702339518405925e-01 5.090100000000000180e-02
9.997925489854806447e-01 -8.129806060388367756e-03 -1.867525760292640391e-02 -7.512999999999999930e-04 8.020085695229602768e-03 9.999501807727787517e-01 -5.942575025042401600e-03 -8.314000000000000426e-04 1.872263919847737268e-02 5.791565065468642047e-03 9.998079418345985347e-01 6.826899999999999635e-02
9.883177143887187377e-01 -1.146906640626016482e-03 -1.524033465203979421e-01 -1.972950000000000051e-02 4.631663317475562280e-04 9.999896692926152353e-01 -4.521812136207435141e-03 -3.368900000000000193e-03 1.524069581823872532e-01 4.398398936397798255e-03 9.883080355761498792e-01 2.049519999999999953e-01
9.857952070451689863e-01 -4.658899728961289318e-05 -1.679518014081358424e-01 -2.429579999999999934e-02 -5.958271127101822783e-04 9.999926986365862414e-01 -3.774607737151440719e-03 -3.634899999999999937e-03 1.679507509861874193e-01 3.821060452666984880e-03 9.857879816371230008e-01 2.273544999999999872e-01
9.835367723379621063e-01 8.867241972390941737e-04 -1.807059245825152483e-01 -2.961549999999999946e-02 -1.657931364867771488e-03 9.999901517706677456e-01 -4.116749356739437746e-03 -3.941000000000000059e-03 1.807004945278596619e-01 4.348572395034670107e-03 9.835285563701300360e-01 2.499068000000000123e-01
9.774804621017990636e-01 -3.698775731829693266e-03 -2.109935194913319656e-01 -4.517159999999999925e-02 1.906149369767157643e-03 9.999603473372865592e-01 -8.698870482623964270e-03 -5.209199999999999768e-03 2.110173282075043233e-01 8.100790774915616124e-03 9.774487528177564499e-01 3.228849999999999776e-01
9.759663768798700900e-01 -2.707952130629556232e-03 -2.179043326674291459e-01 -5.172449999999999964e-02 4.703355428030888286e-04 9.999466366151371632e-01 -1.032001485230951525e-02 -5.586299999999999773e-03 2.179206506608691862e-01 9.969499352170686432e-03 9.759155696566227389e-01 3.483921999999999852e-01
9.741081575405741155e-01 -3.649789391892883234e-03 -2.260530390202767359e-01 -5.802299999999999819e-02 7.720174691787891948e-04 9.999175530174068127e-01 -1.281761119353778608e-02 -6.282499999999999890e-03 2.260811832106670582e-01 1.231122272872392509e-02 9.740306629634348790e-01 3.746460999999999819e-01
9.702407744831008651e-01 -1.450304581289661027e-02 -2.417074702870841418e-01 -7.114379999999999316e-02 1.108618145461911370e-02 9.998185553502911826e-01 -1.549041503679008357e-02 -7.662900000000000267e-03 2.418882719587452657e-01 1.234981940782030850e-02 9.702255128831679398e-01 4.298345000000000082e-01
9.679839765979785238e-01 -1.463208381952682199e-02 -2.505851615173222413e-01 -7.861120000000000607e-02 1.039029721707502088e-02 9.997796081419599856e-01 -1.824217276668897020e-02 -8.219799999999999329e-03 2.507968555889507067e-01 1.505447663013320843e-02 9.679226725106132578e-01 4.583208999999999755e-01
9.610434369197009552e-01 -1.060920457328837913e-02 -2.761936949531809682e-01 -1.052744999999999931e-01 3.257301784977818197e-03 9.996284010420267707e-01 -2.706381006514780099e-02 -1.085440000000000016e-02 2.763781871614514052e-01 2.510985082558102668e-02 9.607208715609684146e-01 5.472337999999999925e-01
9.585153078463820586e-01 -1.370186317953026381e-02 -2.847115444964687936e-01 -1.144938000000000067e-01 5.510917045014000065e-03 9.995480963049933054e-01 -2.955051550119998718e-02 -1.183610000000000044e-02 2.849877794177818058e-01 2.675559975917414166e-02 9.581576610683903983e-01 5.779971999999999888e-01
9.536259327151106469e-01 -1.235685031367512315e-02 -3.007405671065357389e-01 -1.352334000000000036e-01 1.928425615712241713e-03 9.993872714122803425e-01 -3.494800300105589674e-02 -1.465860000000000080e-02 3.009881420054284495e-01 3.274736614512034627e-02 9.530654481108197240e-01 6.418525999999999954e-01
9.492498515779451695e-01 -1.526697002580552041e-02 -3.141522543377337495e-01 -1.572994000000000059e-01 3.557115481719434757e-04 9.988727077133283672e-01 -4.746774962791240615e-02 -1.807090000000000085e-02 3.145228016353400768e-01 4.494700670428272704e-02 9.481852001796809981e-01 7.077976000000000267e-01
9.479598148070885744e-01 -1.597895540603843506e-02 -3.179887773098954984e-01 -1.691612999999999867e-01 -1.848478352420240313e-03 9.984468131787544998e-01 -5.568253209912480545e-02 -1.987579999999999902e-02 3.183846300289809861e-01 5.337259818784603066e-02 9.464579193624974573e-01 7.412754999999999761e-01
9.465017362817966795e-01 -1.636764648354402732e-02 -3.222833588073293343e-01 -1.811493999999999882e-01 -4.535836369160599346e-03 9.979393991475318249e-01 -6.400298287966917077e-02 -2.221870000000000095e-02 3.226668396411013773e-01 6.204075900287450013e-02 9.444771330309542634e-01 7.757346999999999992e-01
9.450551243818069436e-01 -1.593531004206788504e-02 -3.265224001099322759e-01 -1.936241999999999963e-01 -8.403448908566658535e-03 9.972970243275376401e-01 -7.299333746226394082e-02 -2.474919999999999898e-02 3.268029894693875725e-01 7.172664192126942950e-02 9.423667518076862537e-01 8.107318999999999498e-01
9.436403941793845007e-01 -1.559942324081742271e-02 -3.306046951686102964e-01 -2.066031999999999869e-01 -1.150583584309715357e-02 9.967387549278255987e-01 -7.987158547618589122e-02 -2.755439999999999973e-02 3.307724629024120788e-01 7.917393775404765743e-02 9.403834671909064857e-01 8.461828000000000127e-01
9.403754563699432412e-01 -1.254932564691779717e-02 -3.399066275947389415e-01 -2.344874999999999876e-01 -2.018903697996926594e-02 9.954979381881235989e-01 -9.260808738450578004e-02 -3.418650000000000161e-02 3.395385159931673669e-01 9.394875991199903853e-02 9.358884691394349087e-01 9.185124000000000066e-01
9.386988533760785014e-01 -1.090084680001100759e-02 -3.445658633838793450e-01 -2.487840000000000051e-01 -2.422070661286290089e-02 9.949445897192390476e-01 -9.746086783724375313e-02 -3.845169999999999838e-02 3.438863475650191792e-01 9.983203357368697350e-02 9.336893193300077609e-01 9.548875999999999475e-01
9.350228944021476973e-01 -7.668604080073559634e-03 -3.545044138727941885e-01 -2.789678999999999909e-01 -3.047677060995639814e-02 9.943283875716713016e-01 -1.018931995881389302e-01 -4.676700000000000301e-02 3.532751808392692316e-01 1.060766241006155658e-01 9.294860926460375428e-01 1.030860200000000004e+00
9.327351601622660970e-01 -7.582014971210209245e-03 -3.604825017196371384e-01 -2.945647000000000126e-01 -3.094334909496327529e-02 9.944071240595190320e-01 -1.009801008439957654e-01 -5.119599999999999845e-02 3.592320004451984294e-01 1.053422264272626113e-01 9.272838751900565057e-01 1.070056200000000013e+00
9.301449195894361255e-01 -7.177370290051287433e-03 -3.671224780882815786e-01 -3.101449000000000011e-01 -3.152262005799624789e-02 9.945571180886045859e-01 -9.930993547459712745e-02 -5.590579999999999855e-02 3.658370579734104844e-01 1.039452943379781946e-01 9.248560011149576932e-01 1.109685400000000044e+00
9.241883915898029267e-01 -6.406872130589847184e-03 -3.818831874279823846e-01 -3.440718999999999861e-01 -3.216829208606923618e-02 9.950009097900773813e-01 -9.454306162370573752e-02 -6.457250000000000489e-02 3.805798442310345808e-01 9.966012997393067230e-02 9.193621923152272002e-01 1.190005100000000038e+00
9.205922737011649204e-01 -4.505183858997775098e-03 -3.904991279377151847e-01 -3.614707999999999810e-01 -3.284176500760897788e-02 9.954981958925829266e-01 -8.890871973995405353e-02 -6.888710000000000666e-02 3.891417274887189470e-01 9.467336105267061541e-02 9.162999894325473127e-01 1.231084700000000032e+00
9.171177808874214632e-01 -8.682730768815906386e-04 -3.986153811407626146e-01 -3.798836999999999908e-01 -3.544089477166512125e-02 9.958597059512692695e-01 -8.371014896913767100e-02 -7.310949999999999394e-02 3.970376795191046804e-01 9.089935183770797567e-02 9.132898712224774007e-01 1.270836199999999971e+00
9.134621767869316455e-01 3.555350201366578450e-03 -4.069081113281301509e-01 -3.989178999999999919e-01 -3.939343648171085566e-02 9.960377202696356624e-01 -7.973090343291255877e-02 -7.699430000000000163e-02 4.050123562829184842e-01 8.886067344451459293e-02 9.099828415817221572e-01 1.311455000000000037e+00
9.093396310130591464e-01 4.142745833674240513e-03 -4.160339807347365193e-01 -4.181657999999999764e-01 -4.025524034075649016e-02 9.961349803323017449e-01 -7.806802535912395202e-02 -8.086210000000000619e-02 4.141025852299662358e-01 8.773789725838239406e-02 9.059917826837813326e-01 1.352573599999999931e+00
9.051436430897193963e-01 3.923372045862356938e-03 -4.250877468547646920e-01 -4.376306999999999836e-01 -4.053605103013143557e-02 9.961974867863802041e-01 -7.711936130040551729e-02 -8.493670000000000386e-02 4.231687771340807425e-01 8.703547823898970248e-02 9.018608604361080250e-01 1.393421500000000091e+00
9.010833166927522120e-01 3.449517434191005233e-03 -4.336322834008790594e-01 -4.580085999999999880e-01 -4.035993916881477905e-02 9.962950758823008179e-01 -7.594206398939884473e-02 -8.848159999999999359e-02 4.317637452221743666e-01 8.593149947575445813e-02 8.978840936944866291e-01 1.434920200000000090e+00
8.971907832965955176e-01 5.321576325122708007e-03 -4.416111176058153398e-01 -4.791761999999999966e-01 -4.247214336184070016e-02 9.963324590867993491e-01 -7.428154554330808346e-02 -9.219479999999999342e-02 4.395961958501149458e-01 8.540088872761920913e-02 8.941263181445003871e-01 1.475852699999999906e+00
8.894610484524639871e-01 5.540073055978773225e-03 -4.569774074025737542e-01 -5.231565999999999717e-01 -4.088537141652701101e-02 9.968816235776155610e-01 -6.749381436390915201e-02 -9.987340000000000106e-02 4.551784591673644353e-01 7.871680991879441425e-02 8.869138820349089514e-01 1.559966299999999917e+00
8.857760170948711931e-01 7.950893984915486518e-03 -4.640448586337178050e-01 -5.460393000000000052e-01 -4.133465301996673558e-02 9.972314195150429050e-01 -6.181377186138597990e-02 -1.035297000000000023e-01 4.622686383470822058e-01 7.393428985831373978e-02 8.836523223439642916e-01 1.602654699999999988e+00
8.816799523038687525e-01 8.730283040539035810e-03 -4.717671500470119184e-01 -5.696860000000000257e-01 -4.068836367880324101e-02 9.975112561555607993e-01 -5.758255729035172826e-02 -1.069816999999999990e-01 4.700903304329809296e-01 6.996481973811745358e-02 8.798408976811793458e-01 1.646263100000000090e+00
8.778013208216730590e-01 7.327299855230135633e-03 -4.789688422439999926e-01 -5.939102000000000547e-01 -3.870573613788839962e-02 9.976985574555778946e-01 -5.567274414902728674e-02 -1.101411000000000057e-01 4.774585920828636199e-01 6.740844997394937477e-02 8.760647200511839650e-01 1.690298999999999996e+00
8.743570962812058367e-01 6.149063348569702367e-03 -4.852441212447949903e-01 -6.183435000000000459e-01 -3.725084610254789791e-02 9.978199121557691509e-01 -5.447749416132741801e-02 -1.131864000000000064e-01 4.838512608719154340e-01 6.570853769023055069e-02 8.726799788165586769e-01 1.734157200000000065e+00
8.713177438486893189e-01 7.416990190542824615e-03 -4.906632017086091091e-01 -6.442126999999999715e-01 -3.798469460547098525e-02 9.979051585048480666e-01 -5.236847911810108003e-02 -1.164010000000000045e-01 4.892469235776132352e-01 6.426727694501516153e-02 8.697742033906925574e-01 1.778257800000000000e+00
8.681753581425725175e-01 7.635607545468039645e-03 -4.961987958585020730e-01 -6.701700000000000434e-01 -3.773642731308575471e-02 9.980023543085039250e-01 -5.066816405128065498e-02 -1.198873000000000022e-01 4.948206842560848862e-01 6.271362126440224727e-02 8.667291919280467605e-01 1.823335099999999986e+00
8.636624338506957432e-01 3.987530470840522367e-03 -5.040548580817733049e-01 -7.239185999999999677e-01 -3.477102900677567221e-02 9.980580793388115213e-01 -5.168216141312681478e-02 -1.249941999999999998e-01 5.028699393450580812e-01 6.216244740409315739e-02 8.621239204637758391e-01 1.912927299999999997e+00
8.621692469658269742e-01 2.748577798181200266e-03 -5.066129044018382599e-01 -7.515610000000000346e-01 -3.413752351098277293e-02 9.980276955324008936e-01 -5.268157589539498864e-02 -1.272059000000000106e-01 5.054689100972639126e-01 6.271494455369078236e-02 8.605626163474169310e-01 1.959686899999999898e+00
8.615846959047159803e-01 3.236099184125531755e-03 -5.076035258396542904e-01 -7.793531000000000208e-01 -3.414549660198774872e-02 9.980842328206617209e-01 -5.159408160433568563e-02 -1.305263999999999869e-01 5.064641120993487178e-01 6.178504557626957744e-02 8.600445984357769635e-01 2.006125700000000123e+00
8.617843997105248954e-01 4.324226959265438375e-03 -5.072562956502117970e-01 -8.076366000000000378e-01 -3.438113729622756937e-02 9.981622003073556959e-01 -4.990149572704525444e-02 -1.337168999999999996e-01 5.061082747928433712e-01 6.044437888491475258e-02 8.603492844463977995e-01 2.052100400000000047e+00
8.613467736073670000e-01 3.246465631292980158e-03 -5.080070826839760967e-01 -8.357502999999999460e-01 -3.291718054960653117e-02 9.982348553567121918e-01 -4.943311416073802728e-02 -1.370029000000000108e-01 5.069498937970536856e-01 5.930121425290368203e-02 8.599332364592540134e-01 2.099789599999999812e+00
8.607810216240835421e-01 1.481754293427315489e-03 -5.089733168015911913e-01 -8.645458999999999783e-01 -3.168474498658223337e-02 9.982122336882095492e-01 -5.067951706883860180e-02 -1.398896000000000028e-01 5.079882968602075222e-01 5.975065622576341412e-02 8.592890953187154457e-01 2.147605700000000173e+00
8.595500794836394842e-01 -7.292905719299396655e-04 -5.110510042989160340e-01 -8.932067999999999675e-01 -2.951607058311497139e-02 9.982588938736913775e-01 -5.106840881999971660e-02 -1.430635000000000101e-01 5.101984539735509028e-01 5.898007237479235831e-02 8.580319857823848206e-01 2.195664900000000141e+00
8.579331871349571426e-01 -1.482902700895577172e-03 -5.137591336531491804e-01 -9.224280999999999731e-01 -2.774201072555015218e-02 9.984031762922694897e-01 -4.920851969335100079e-02 -1.462874999999999870e-01 5.130117223352291811e-01 5.647033353086493984e-02 8.565220803794579840e-01 2.244004700000000074e+00
8.554873003981582347e-01 -9.382713277201332192e-04 -5.178229412689119293e-01 -9.518296000000000534e-01 -2.625884950941759916e-02 9.986331746988973412e-01 -4.519131789673024729e-02 -1.497203000000000006e-01 5.171575694891386021e-01 5.225803323621307922e-02 8.542933607856083578e-01 2.293208799999999936e+00
8.526201803949441382e-01 -5.415877133672954147e-04 -5.225308935039549851e-01 -9.823790000000000022e-01 -2.451278712513407440e-02 9.988570505615648187e-01 -4.103310627785269199e-02 -1.529116000000000086e-01 5.219558901388610117e-01 4.779434303555623459e-02 8.516324028142358005e-01 2.342250099999999779e+00
8.486609132993904181e-01 -1.087737754569793880e-03 -5.289361691777392238e-01 -1.012834500000000082e+00 -2.302243450981041398e-02 9.989742266264319825e-01 -3.899310253575086205e-02 -1.560538999999999954e-01 5.284360148088755871e-01 4.526932032513160398e-02 8.477653371601214793e-01 2.390148599999999846e+00
8.429855631966807206e-01 -4.801036364954946317e-03 -5.379147611767104431e-01 -1.042576100000000006e+00 -2.069516559688407489e-02 9.989304601046162801e-01 -4.134786567765284110e-02 -1.590805000000000136e-01 5.375379524860478542e-01 4.598788889481725956e-02 8.419845982629998726e-01 2.437826199999999943e+00
8.368258818260909671e-01 -8.855730084605871813e-03 -5.473974968436137178e-01 -1.073669299999999938e+00 -1.832502984354968806e-02 9.988557935313926439e-01 -4.417348763687324598e-02 -1.623437000000000074e-01 5.471623495702335749e-01 4.699659321100399523e-02 8.357060987209206093e-01 2.484644400000000086e+00
8.303360410593710883e-01 -9.732916079613769880e-03 -5.571780050059743639e-01 -1.105212499999999931e+00 -1.728321131253017853e-02 9.989166938312691313e-01 -4.320566388719113138e-02 -1.653296999999999961e-01 5.569949277368483331e-01 4.550504510264437308e-02 8.292683168586807430e-01 2.532321500000000114e+00
8.245878287313979094e-01 -6.501284182481201560e-03 -5.656966024398742965e-01 -1.138179199999999947e+00 -1.841664014143906680e-02 9.990955192460030387e-01 -3.832715471386106965e-02 -1.680898000000000114e-01 5.654341164750668058e-01 4.202233604332494821e-02 8.237222730990843012e-01 2.579183599999999910e+00
8.191350848268257323e-01 -2.040938925221990122e-03 -5.735970252486083387e-01 -1.171385300000000074e+00 -2.111778495226031283e-02 9.992084251315863641e-01 -3.371293972297698116e-02 -1.711073999999999928e-01 5.732117863097890842e-01 3.972855036819875063e-02 8.184435779705173664e-01 2.626284099999999899e+00
8.150262313556235760e-01 -1.999914139505107324e-03 -5.794206093553146975e-01 -1.204166499999999917e+00 -2.246366486495483469e-02 9.991331880822706957e-01 -3.504648674821624760e-02 -1.739649000000000056e-01 5.789884506301352651e-01 4.157971640105919547e-02 8.142748315040340135e-01 2.671821599999999908e+00
8.116341126975162856e-01 -4.375931605654428957e-03 -5.841497396458360525e-01 -1.237854400000000021e+00 -2.287698992031571982e-02 9.989667486174631517e-01 -3.926930721110350603e-02 -1.767560999999999993e-01 5.837180059222956130e-01 4.523589702036302090e-02 8.106953824852228818e-01 2.717696699999999854e+00
8.085177924466075972e-01 -6.644973326880033657e-03 -5.884342135079754232e-01 -1.271558200000000083e+00 -2.548794689346665920e-02 9.986024676430014235e-01 -4.629769087615622641e-02 -1.797756000000000076e-01 5.879195045756011595e-01 5.243048680675537615e-02 8.072184959431902840e-01 2.763344800000000046e+00
8.052475415743286513e-01 -7.779664018251366067e-03 -5.928877411586975787e-01 -1.305595599999999967e+00 -2.524192558909295336e-02 9.985576768797440605e-01 -4.738576935202518797e-02 -1.832850000000000035e-01 5.924012508267132437e-01 5.312290252133970020e-02 8.038897407273299933e-01 2.808577500000000171e+00
8.018881718962077576e-01 -5.886259137331931873e-03 -5.974451537390910172e-01 -1.340578899999999907e+00 -2.490304325396712828e-02 9.987532182816531989e-01 -4.326485188616013833e-02 -1.867636000000000018e-01 5.969549381734344795e-01 4.957177549179077325e-02 8.007418066174279980e-01 2.854963500000000209e+00
7.987618366444501072e-01 -3.235754680541502032e-03 -6.016386442143092372e-01 -1.376100099999999937e+00 -2.463518667427045186e-02 9.989710019002172592e-01 -3.807945561585672489e-02 -1.897417000000000131e-01 6.011427749693983857e-01 4.523789621681702233e-02 7.978601988117766108e-01 2.901300200000000107e+00
7.953844161821377323e-01 -1.118336583008781165e-03 -6.061042648075388728e-01 -1.411176599999999892e+00 -2.549417324979758384e-02 9.990515600437279709e-01 -3.529911478355812759e-02 -1.923686000000000007e-01 6.055688875965387075e-01 4.352849293831123623e-02 7.946015307546356876e-01 2.947127300000000005e+00
7.926004671089872389e-01 -7.973793375745229922e-04 -6.097408168433594566e-01 -1.447138299999999989e+00 -2.648182929694692378e-02 9.990105468103933628e-01 -3.573010045726201372e-02 -1.950301000000000118e-01 6.091659972911346310e-01 4.446674653930373505e-02 7.917951099852200691e-01 2.992131899999999955e+00
7.889175333773152943e-01 -2.101359318155502504e-03 -6.144954921062225628e-01 -1.482821299999999898e+00 -2.669944681636291645e-02 9.989325821855478127e-01 -3.769397548433867789e-02 -1.976712999999999942e-01 6.139187772576700786e-01 4.614412787267430788e-02 7.880193236166975757e-01 3.037499400000000183e+00
7.848467326152044343e-01 -4.738615291835458418e-03 -6.196718097738138642e-01 -1.519084300000000054e+00 -2.577633884238474116e-02 9.988556825294097052e-01 -4.028530544242546474e-02 -2.005350999999999939e-01 6.191536050602630681e-01 4.759066088869674804e-02 7.838264746339311806e-01 3.082818500000000128e+00
7.803701176836460585e-01 -5.979078920273536712e-03 -6.252893170698486935e-01 -1.555657099999999904e+00 -2.455399865746620697e-02 9.988901062773061224e-01 -4.019523269295812579e-02 -2.037819999999999909e-01 6.248356428504552307e-01 4.672051151878629099e-02 7.793571794928698671e-01 3.128313499999999969e+00
7.758943171638366110e-01 -6.159664038407687212e-03 -6.308328361236420490e-01 -1.592678500000000108e+00 -2.414956587970491786e-02 9.989294106575966614e-01 -3.945669767084478835e-02 -2.066445000000000087e-01 6.304005132141673462e-01 4.584856663190903930e-02 7.749148997645571857e-01 3.172883999999999816e+00
7.708786397594312723e-01 -5.687700777061740001e-03 -6.369566490920081092e-01 -1.630222999999999978e+00 -2.452567000238953937e-02 9.989536251115180843e-01 -3.860241427022834820e-02 -2.098350999999999966e-01 6.365097126309878783e-01 4.537956518552211521e-02 7.699325170363894300e-01 3.217750500000000180e+00
7.655044905648913378e-01 -6.966503673046783862e-03 -6.433928370378081407e-01 -1.668004899999999902e+00 -2.413005643093965591e-02 9.989271453578040250e-01 -3.952592369506813252e-02 -2.129537999999999986e-01 6.429779275384388537e-01 4.578237754728456399e-02 7.645151133918097752e-01 3.261863899999999816e+00
7.597518765175563793e-01 -8.814288831482712527e-03 -6.501533622465142104e-01 -1.706219799999999953e+00 -2.301123808669421067e-02 9.989172461685803528e-01 -4.043288548567115781e-02 -2.158623000000000069e-01 6.498057933334923097e-01 4.567979443227741798e-02 7.587264245634626203e-01 3.306923400000000068e+00
7.539524285282555027e-01 -1.036536069336404207e-02 -6.568472385677223135e-01 -1.744678299999999904e+00 -2.216838056239916338e-02 9.989045973732388894e-01 -4.120883703586106228e-02 -2.188334000000000112e-01 6.565548708368452724e-01 4.563074231594282937e-02 7.528967637970755966e-01 3.350694400000000073e+00
7.482846473916776597e-01 -1.147967123860960635e-02 -6.632784510491548380e-01 -1.784034700000000084e+00 -2.199681811098206513e-02 9.988710646215679390e-01 -4.210387458141777450e-02 -2.221714999999999940e-01 6.630129911780801022e-01 4.609569838964179544e-02 7.471873661398901190e-01 3.394563900000000078e+00
7.419130631864597758e-01 -1.395170804209068527e-02 -6.703509204260051924e-01 -1.823747000000000007e+00 -2.035730865562553754e-02 9.988538563013447114e-01 -4.331920747465511923e-02 -2.252212000000000103e-01 6.701869788779721837e-01 4.578562650702602821e-02 7.407787049772527332e-01 3.438833499999999876e+00
7.354828934854477085e-01 -1.578160146117843846e-02 -6.773594721014788433e-01 -1.863955500000000098e+00 -1.839202589870671603e-02 9.988952695371047241e-01 -4.324319460604345022e-02 -2.280408999999999908e-01 6.772936193214984524e-01 4.426264284603184662e-02 7.343801275052789235e-01 3.482347700000000046e+00
7.292096740374601760e-01 -1.556930947140827866e-02 -6.841131835396569993e-01 -1.904765599999999948e+00 -1.766678450241001772e-02 9.989795334473813293e-01 -4.156653075008222287e-02 -2.312742000000000131e-01 6.840622310985502441e-01 4.239679652798832021e-02 7.281904803199763521e-01 3.525102400000000191e+00
7.227964485929913030e-01 -1.556168464863059986e-02 -6.908857560206721482e-01 -1.946617000000000042e+00 -1.756398239460364025e-02 9.990097911991878687e-01 -4.087717713586842133e-02 -2.344416000000000000e-01 6.908377526046193262e-01 4.168058371774182452e-02 7.218074040331998731e-01 3.568219899999999889e+00
7.093894259998109186e-01 -1.938343802768351457e-02 -7.045501576253362375e-01 -2.030817299999999825e+00 -1.556569965092344590e-02 9.989471042032344039e-01 -4.315543996241659463e-02 -2.412154999999999994e-01 7.046448405218307398e-01 4.158082892631476124e-02 7.083407960803644876e-01 3.653798300000000054e+00
7.030849605338078678e-01 -1.852469727485238013e-02 -7.108645256742307517e-01 -2.073472999999999900e+00 -1.720294021107407825e-02 9.989249702906539685e-01 -4.304605182720403628e-02 -2.443480000000000096e-01 7.108977402687872704e-01 4.249399158341331945e-02 7.020104440533920798e-01 3.695982499999999948e+00
6.976346965836001113e-01 -1.798979850739111999e-02 -7.162277551675666487e-01 -2.117591099999999837e+00 -1.740623281775788636e-02 9.989640511663681055e-01 -4.204577905535743232e-02 -2.475113999999999925e-01 7.162421749532781323e-01 4.179942137089212584e-02 6.965988481122089571e-01 3.738352799999999920e+00
6.927123588959863687e-01 -1.694844153828966096e-02 -7.210147974640890300e-01 -2.161260599999999865e+00 -1.888126695428761145e-02 9.989550109185171278e-01 -4.162191633005712932e-02 -2.509662999999999755e-01 7.209667714887830758e-01 4.244568871167632429e-02 6.916684739951881600e-01 3.779951800000000084e+00
6.875994245423898699e-01 -1.862963954729331822e-02 -7.258512023130582191e-01 -2.205131300000000127e+00 -1.815286286105319974e-02 9.989172597280998600e-01 -4.283435288704244559e-02 -2.539540000000000131e-01 7.258632825394338850e-01 4.262915372889557186e-02 6.865167516626495825e-01 3.821461699999999961e+00
6.773089265105058931e-01 -2.307422041806864513e-02 -7.353367925116249815e-01 -2.295117600000000202e+00 -1.867877802818603342e-02 9.986465008856586500e-01 -4.854142066528390614e-02 -2.604465999999999726e-01 7.354615702540547861e-01 4.661273024538125503e-02 6.759611912369758446e-01 3.903718000000000021e+00
6.672736254551908663e-01 -2.410509156616161969e-02 -7.444224965249723880e-01 -2.386972000000000094e+00 -1.748924846959101082e-02 9.986934723392142388e-01 -4.801535686644343298e-02 -2.673099999999999921e-01 7.446073025157988745e-01 4.505877126187499832e-02 6.659802340704381596e-01 3.985935200000000123e+00
6.569806240812213760e-01 -2.497414302296439501e-02 -7.534936972278648559e-01 -2.481674200000000052e+00 -1.602058064975998494e-02 9.987630184551739010e-01 -4.707200826345322997e-02 -2.750046999999999908e-01 7.537372224970008139e-01 4.299680391120475065e-02 6.557678509014664980e-01 4.067508700000000310e+00
6.524665770888214977e-01 -2.594185958166816269e-02 -7.573733463117394704e-01 -2.529499799999999965e+00 -1.527190957497616929e-02 9.987608240111858215e-01 -4.736649869296834237e-02 -2.783315000000000095e-01 7.576636025043902434e-01 4.247159453025318998e-02 6.512618744392513204e-01 4.107749499999999721e+00
6.479646781694911040e-01 -2.635288443383318122e-02 -7.612143596430146486e-01 -2.576161400000000157e+00 -1.478965933571342942e-02 9.987775446338559293e-01 -4.716653805293872376e-02 -2.821050999999999975e-01 7.615267833907363171e-01 4.182035171041493388e-02 6.467828200883012357e-01 4.147313099999999864e+00
6.439764817302283673e-01 -2.673218096965342822e-02 -7.645781068530294045e-01 -2.624833600000000100e+00 -1.404342786913702519e-02 9.988079038918441510e-01 -4.674990114283632953e-02 -2.859644000000000075e-01 7.649163830851325452e-01 4.084313435311157786e-02 6.428333884173818014e-01 4.187804700000000047e+00
6.400233017548624392e-01 -2.937488421708408376e-02 -7.677937805088272949e-01 -2.673009400000000202e+00 -1.143114078876835728e-02 9.987943099597006436e-01 -4.774154807285440477e-02 -2.897372999999999754e-01 7.682704616416484722e-01 3.933246203021387860e-02 6.389158435972377426e-01 4.227762199999999915e+00
6.353136360309183939e-01 -3.476630642051061620e-02 -7.714712488557489145e-01 -2.721470599999999962e+00 -7.380093679882583288e-03 9.986671704420997386e-01 -5.108245196196294080e-02 -2.934320000000000261e-01 7.722189573498243753e-01 3.814690838122083982e-02 6.342102926399924012e-01 4.268205599999999933e+00
6.302007507281877086e-01 -3.870644806539924598e-02 -7.754668430434593640e-01 -2.770257899999999829e+00 -3.033764259592956064e-03 9.986262537691150687e-01 -5.231062566515549267e-02 -2.973382999999999998e-01 7.764263069062290468e-01 3.531877915816682839e-02 6.292175885834174753e-01 4.308278099999999888e+00
6.236343997258926297e-01 -4.196940166599945343e-02 -7.805886911827019103e-01 -2.819475900000000035e+00 1.912973923072325277e-03 9.986366621587585701e-01 -5.216471530817611696e-02 -3.014248999999999956e-01 7.817138069711287995e-01 3.103846510720883328e-02 6.228644617206005041e-01 4.347678199999999826e+00
6.152946569340961291e-01 -4.573980273952471531e-02 -7.869690944336391603e-01 -2.869894299999999898e+00 6.513003688743149167e-03 9.985761108108610618e-01 -5.294649847539649457e-02 -3.053085999999999856e-01 7.882703000439019725e-01 2.745216500030757747e-02 6.147164490279176663e-01 4.387148400000000059e+00
6.060921785519209903e-01 -4.662521632211687195e-02 -7.940266748045069489e-01 -2.920925599999999900e+00 9.493312989307670785e-03 9.986333675354945871e-01 -5.139332887841428776e-02 -3.094771000000000050e-01 7.953377572495056169e-01 2.361115091717506942e-02 6.057065010759690171e-01 4.425993000000000066e+00
5.971590994160731469e-01 -4.523609611746821912e-02 -8.008462434154484111e-01 -2.972557500000000186e+00 9.964536804105177809e-03 9.987498272349414341e-01 -4.898459558324512464e-02 -3.133385000000000198e-01 8.020609191270100524e-01 2.127153511680860906e-02 5.968633041182128673e-01 4.464382600000000423e+00
5.878787833410938912e-01 -4.497500522940629797e-02 -8.076978302570894108e-01 -3.024821799999999783e+00 9.653653573525426690e-03 9.987722417000104436e-01 -4.858823090233109487e-02 -3.174804999999999988e-01 8.088914284810275745e-01 2.076675502216845937e-02 5.875911834054112770e-01 4.502319800000000427e+00
5.785417644568066065e-01 -4.616193927984784534e-02 -8.143454439862288785e-01 -3.077364000000000210e+00 8.689586514429324671e-03 9.986893787262771660e-01 -5.043823852525654294e-02 -3.213578000000000268e-01 8.156064724273667244e-01 2.210430232434549072e-02 5.781846434776184429e-01 4.538678199999999663e+00
5.685343958908420925e-01 -4.842463787633617678e-02 -8.212330333928249404e-01 -3.130714199999999892e+00 9.060861366596263677e-03 9.985740849212934034e-01 -5.260891288457563569e-02 -3.250176000000000176e-01 8.226095923828814493e-01 2.246889784006444318e-02 5.681624830535032533e-01 4.575418499999999611e+00
5.587003647411097340e-01 -4.985839130081239079e-02 -8.278695810663936339e-01 -3.184916700000000045e+00 9.729226889845090515e-03 9.985167153119578476e-01 -5.356968720036028864e-02 -3.292383999999999866e-01 8.293125132193996940e-01 2.187487278851249842e-02 5.583567366462138803e-01 4.611619899999999994e+00
5.485399324112592012e-01 -5.061126799395657128e-02 -8.345911826171512615e-01 -3.239168600000000175e+00 1.297365607218901873e-02 9.985613647129756298e-01 -5.202773443731993630e-02 -3.334227000000000163e-01 8.360236999023245019e-01 1.771159096760200127e-02 5.484073966924813970e-01 4.647129099999999902e+00
5.382382594227210770e-01 -5.052122387882958948e-02 -8.412771136976119335e-01 -3.294548499999999880e+00 1.418624949047573441e-02 9.986033532326914486e-01 -5.089295862708806406e-02 -3.375637000000000221e-01 8.426733212930105354e-01 1.545797044277479396e-02 5.382032373841658668e-01 4.682383500000000254e+00
5.279844210912116864e-01 -5.129110976402050104e-02 -8.477037649699058486e-01 -3.350861300000000043e+00 1.463378152989924449e-02 9.985757977893554571e-01 -5.130524834251862232e-02 -3.415850000000000275e-01 8.491279665180705427e-01 1.468326014642288083e-02 5.279830474062203738e-01 4.717097800000000341e+00
5.179901468029450839e-01 -5.237403104843753321e-02 -8.537816867834544521e-01 -3.406865400000000044e+00 1.366854243415041234e-02 9.985031348784179084e-01 -5.295904630653511247e-02 -3.455262000000000056e-01 8.552773694906168345e-01 1.576231295556592207e-02 5.179306620847057285e-01 4.750795799999999680e+00
5.076562510172928366e-01 -5.288090243149971836e-02 -8.599353120794015481e-01 -3.463714799999999983e+00 1.219928245719673066e-02 9.984557210854237974e-01 -5.419732963270396109e-02 -3.496065999999999896e-01 8.614733358094126547e-01 1.702301940951269840e-02 5.075173972383475451e-01 4.784233600000000308e+00
4.978506047564502657e-01 -5.412068348969923531e-02 -8.655724851000315967e-01 -3.521307499999999813e+00 1.152050474755255544e-02 9.983756069732413474e-01 -5.579807676948624062e-02 -3.539027000000000145e-01 8.671862852432562496e-01 1.780727433998978079e-02 4.976653972968001494e-01 4.816834000000000060e+00
4.875233057714963847e-01 -5.397440186851015786e-02 -8.714400669423966184e-01 -3.578666199999999797e+00 1.065376855060841052e-02 9.983808443827985046e-01 -5.587653161355195935e-02 -3.583097000000000087e-01 8.730449722352807695e-01 1.795699062835338228e-02 4.873089604576044120e-01 4.849571700000000263e+00
4.709088940507391574e-01 -5.044021832733974753e-02 -8.807386660519680444e-01 -3.696706499999999895e+00 1.084185760871562640e-02 9.986195805203390563e-01 -5.139443087508956814e-02 -3.669318999999999775e-01 8.821152235550082654e-01 1.465325139593001008e-02 4.708057079051034544e-01 4.912786500000000167e+00
4.630569958794286123e-01 -5.052446466587096063e-02 -8.848872792832688239e-01 -3.755032499999999995e+00 1.066662045028388128e-02 9.986193047001342693e-01 -5.143644124927428118e-02 -3.711262000000000172e-01 8.862643182342885284e-01 1.437924721421869265e-02 4.629565805496925757e-01 4.942982699999999952e+00
4.554523506741348648e-01 -5.363898584477525683e-02 -8.886427940758586663e-01 -3.814115300000000097e+00 1.286344696318996589e-02 9.984755631996085068e-01 -5.367570610108284013e-02 -3.755278000000000227e-01 8.901672247379309733e-01 1.301571706701643016e-02 4.554480245995159438e-01 4.973353399999999702e+00
4.481503306321144575e-01 -5.728360949157960957e-02 -8.921209947299426624e-01 -3.873848699999999923e+00 1.550136747602218548e-02 9.982927651832359528e-01 -5.631396442430368354e-02 -3.796276000000000095e-01 8.938238018539781393e-01 1.140802640357352002e-02 4.482732070655969236e-01 5.003702200000000211e+00
4.419285696455284018e-01 -6.006055297051407504e-02 -8.950373563756616191e-01 -3.932585700000000184e+00 1.660115110560856158e-02 9.981328090889247662e-01 -5.878177610638234823e-02 -3.841762000000000232e-01 8.968966167363024988e-01 1.111869583756045637e-02 4.421004789522917644e-01 5.032592300000000130e+00
4.365034063831403355e-01 -6.318528934091616200e-02 -8.974811393153728778e-01 -3.991646100000000086e+00 1.823848716047054772e-02 9.979473385667266827e-01 -6.138784108994543159e-02 -3.889245000000000063e-01 8.995177228948924020e-01 1.042730351010019013e-02 4.367598167637402051e-01 5.061165299999999867e+00
4.316269567034737298e-01 -6.441361872612626216e-02 -8.997494406608445017e-01 -4.050566700000000075e+00 2.148625845815192725e-02 9.978983527413645138e-01 -6.113279229301441658e-02 -3.938331999999999944e-01 9.017962690898465583e-01 7.054312062602839661e-03 4.321038367533390767e-01 5.089412699999999568e+00
4.279356926547225326e-01 -6.154653644323045819e-02 -9.017111881328550016e-01 -4.110483600000000237e+00 2.325716283658107314e-02 9.980982220246790160e-01 -5.708803349185571918e-02 -3.990487999999999813e-01 9.035099043889422976e-01 3.458763220660483056e-03 4.285532517996658575e-01 5.117209899999999756e+00
4.242512289507244794e-01 -5.981614763282615266e-02 -9.035667785040395472e-01 -4.169596699999999601e+00 2.599941794764981662e-02 9.982092084589941905e-01 -5.387398643178219204e-02 -4.032399999999999873e-01 9.051712130863329708e-01 -6.361053657797897942e-04 4.250466684609823798e-01 5.144698599999999900e+00
4.207799007928325619e-01 -5.950425188669755672e-02 -9.052091024156674326e-01 -4.227919599999999889e+00 2.689879718999771754e-02 9.982260499676769427e-01 -5.311504377914201547e-02 -4.073073999999999861e-01 9.067638776431852232e-01 -1.999293208424578888e-03 4.216340510776630524e-01 5.171749100000000432e+00
4.178318543849657840e-01 -5.888318937487907467e-02 -9.066142021114950156e-01 -4.286858999999999753e+00 2.868588448885311948e-02 9.982550021825543629e-01 -5.161463599213556019e-02 -4.121591000000000005e-01 9.080713966931855952e-01 -4.440791207725083151e-03 4.187918550797478101e-01 5.199044200000000338e+00
4.156464323502326308e-01 -5.815151165854931525e-02 -9.076653816062113522e-01 -4.345073199999999858e+00 3.066749291097018923e-02 9.982825961014553107e-01 -4.991355727148933524e-02 -4.162806000000000006e-01 9.090091023488594546e-01 -7.089429650137979433e-03 4.167159606184489551e-01 5.225394699999999837e+00
4.127682268952457822e-01 -5.695434760626906512e-02 -9.090536800181270305e-01 -4.403486700000000198e+00 3.208375981918963615e-02 9.983328944603990784e-01 -4.797983111877478224e-02 -4.206427999999999834e-01 9.102708515720030480e-01 -9.361310114822034983e-03 4.139074083068756682e-01 5.252046599999999899e+00
4.104383831744927158e-01 -5.762551179878715180e-02 -9.100657305969915845e-01 -4.461327100000000101e+00 3.412484797696692385e-02 9.982728537296634563e-01 -4.782054220711894066e-02 -4.248030999999999890e-01 9.112495971838107112e-01 -1.142846867965218935e-02 4.116959578815184706e-01 5.278258300000000069e+00
4.082015894277682411e-01 -5.795339140716373322e-02 -9.110504194681278145e-01 -4.519004800000000266e+00 3.649702123491570943e-02 9.982210406410986225e-01 -4.714574702324794697e-02 -4.287451999999999930e-01 9.121619537284054724e-01 -1.400565763575785036e-02 4.095905415467598898e-01 5.304353200000000434e+00
4.054693500321351896e-01 -5.775562125467374741e-02 -9.122822449209480045e-01 -4.576420800000000177e+00 4.090890854981002467e-02 9.981485884251138918e-01 -4.500951706268345454e-02 -4.325607000000000202e-01 9.131927876334664518e-01 -1.907049130041989227e-02 4.070813788123690546e-01 5.330289399999999844e+00
4.033973095713616619e-01 -5.621659082351859738e-02 -9.132963952336438096e-01 -4.633057100000000261e+00 4.186839355103265381e-02 9.981995609355175381e-01 -4.294967019193311059e-02 -4.367551000000000072e-01 9.140665447613990358e-01 -2.091247150197853705e-02 4.050247156453986586e-01 5.355386300000000155e+00
4.016831840690700539e-01 -5.733245617064594568e-02 -9.139822805205659595e-01 -4.689468899999999607e+00 4.416085845795415799e-02 9.980899538186823738e-01 -4.320026234268842247e-02 -4.405847999999999987e-01 9.147133093031882822e-01 -2.300942319271663192e-02 4.034478011192381697e-01 5.380451200000000433e+00
4.004736103662545621e-01 -5.907828785058900217e-02 -9.144017953311661673e-01 -4.744926900000000280e+00 4.580968633072819013e-02 9.979623539867412685e-01 -4.441410433097330718e-02 -4.441554999999999809e-01 9.151624773986842820e-01 -2.410178271176708492e-02 4.023639447460684027e-01 5.404670699999999606e+00
4.002172674262347019e-01 -5.954859732656701127e-02 -9.144835172983252214e-01 -4.800146100000000082e+00 4.536150811709251801e-02 9.979506363110192124e-01 -4.513159722162229937e-02 -4.483901000000000137e-01 9.152969312934577939e-01 -2.341990697825616086e-02 4.020982908716588256e-01 5.428490199999999710e+00
4.007444389327321499e-01 -6.040476100122658953e-02 -9.141964556444496237e-01 -4.854587600000000336e+00 4.406814290054672512e-02 9.979401435591839231e-01 -4.662047462620126648e-02 -4.519740999999999898e-01 9.151294408146787296e-01 -2.160404409965825667e-02 4.025808885587507380e-01 5.451869499999999924e+00
4.029153872538426273e-01 -5.985937224676101537e-02 -9.132776392030573787e-01 -4.908767199999999775e+00 4.227577957489168231e-02 9.980110556704455682e-01 -4.676207032305230299e-02 -4.561448000000000169e-01 9.142603289957523804e-01 -1.976836649262186246e-02 4.046446126056693071e-01 5.475599299999999836e+00
4.067077724468937117e-01 -5.986048209083418697e-02 -9.115950364691213226e-01 -4.961730499999999822e+00 3.981819951212071246e-02 9.980642204290038899e-01 -4.777366311114984720e-02 -4.598723000000000116e-01 9.126901439255815651e-01 -1.686815293082232978e-02 4.083040124684101935e-01 5.499292900000000373e+00
4.120943894453595879e-01 -6.045405539238697668e-02 -9.091333903087436275e-01 -5.014782399999999640e+00 3.843567915587454975e-02 9.980616527135913740e-01 -4.894523419538616971e-02 -4.636852000000000196e-01 9.103301119678964826e-01 -1.477310289779154226e-02 4.136192000805671842e-01 5.522757999999999612e+00
4.172627202681431502e-01 -6.042104441283897148e-02 -9.067751207805003766e-01 -5.067327999999999832e+00 3.811627163035461591e-02 9.980729397373058198e-01 -4.896485271226035108e-02 -4.675412999999999930e-01 9.079862180184401499e-01 -1.413167917107044369e-02 4.187616548018402440e-01 5.547404300000000177e+00
