1.000000000000000000e+00 0.000000000000000000e+00 0.000000000000000000e+00 0.000000000000000000e+00 0.000000000000000000e+00 1.000000000000000000e+00 0.000000000000000000e+00 0.000000000000000000e+00 0.000000000000000000e+00 0.000000000000000000e+00 1.000000000000000000e+00 0.000000000000000000e+00
9.997918032717624248e-01 -8.591543851733815518e-03 -1.850771419817168889e-02 -8.620000000000000275e-04 8.486298647513403764e-03 9.999474149371911924e-01 -5.757611978421833289e-03 -1.076200000000000030e-03 1.855620774465201184e-02 5.599351272476955736e-03 9.998121395639606446e-01 6.881199999999999817e-02
9.993581948493587275e-01 -7.688733929111905147e-03 -3.498687979798006248e-02 -2.204100000000000070e-03 7.487968352106213338e-03 9.999547607523822101e-01 -5.865729162155088050e-03 -1.455600000000000036e-03 3.503039704868955023e-02 5.599983858300331199e-03 9.993705576328520968e-01 8.678009999999999891e-02
9.933524838301294180e-01 -1.131341046952517946e-03 -1.151067458316317044e-01 -1.225779999999999925e-02 4.416311911087563704e-04 9.999817987215083859e-01 -6.017240861690454322e-03 -2.949699999999999978e-03 1.151114582932708102e-01 5.926406426498084627e-03 9.933349031804250551e-01 1.645390999999999937e-01
9.857899176440447775e-01 -2.704655576120929537e-04 -1.679826333872925792e-01 -2.458400000000000168e-02 -3.920311423008252991e-04 9.999922764753345072e-01 -3.910665066386639042e-03 -3.787000000000000002e-03 1.679823936694880837e-01 3.920948617380248975e-03 9.857821978403794594e-01 2.298458999999999919e-01
9.835394169966737987e-01 4.949023303430202716e-04 -1.806930277723150235e-01 -2.997249999999999914e-02 -1.247877485650291350e-03 9.999910059376755367e-01 -4.053497938404499595e-03 -4.225399999999999816e-03 1.806893965223858867e-01 4.212257760306635859e-03 9.835311885593343018e-01 2.529769000000000045e-01
9.812098247555385289e-01 -1.165615669844475080e-03 -1.929402009517863503e-01 -3.504920000000000258e-02 2.572489499278600737e-04 9.999887661693662722e-01 -4.733007294142861122e-03 -4.675600000000000242e-03 1.929435503617139280e-01 4.594439593558883976e-03 9.811991018639580897e-01 2.769637999999999822e-01
9.792476110561151303e-01 -4.933510317915891855e-03 -2.026074448702078756e-01 -4.025859999999999855e-02 3.587089547538261595e-03 9.999689809755651915e-01 -7.012123449252842707e-03 -5.086099999999999649e-03 2.026357545683121764e-01 6.139834088364055052e-03 9.792349326938342147e-01 3.015495000000000259e-01
9.759715543355621525e-01 -3.353171371076115424e-03 -2.178721674964085864e-01 -5.232139999999999708e-02 1.098185171165082978e-03 9.999445818151398990e-01 -1.047030505166547838e-02 -5.753300000000000254e-03 2.178952021435000552e-01 9.979455912087294503e-03 9.759211501666218425e-01 3.525845000000000229e-01
9.722150198143717503e-01 -8.977498374979214768e-03 -2.339174208353624052e-01 -6.511970000000000258e-02 5.695541811530657056e-03 9.998756959347030460e-01 -1.470215911240179384e-02 -7.115899999999999656e-03 2.340203325585490657e-01 1.296137346196453606e-02 9.721453012524237103e-01 4.069745000000000168e-01
9.701928701363475849e-01 -1.543585376108638253e-02 -2.418419507762505916e-01 -7.174419999999999409e-02 1.201339405004236797e-02 9.998058296773969511e-01 -1.561990097568868516e-02 -7.857599999999999307e-03 2.420360987538727748e-01 1.224897390634289290e-02 9.701899244674968559e-01 4.355300999999999756e-01
9.678691471315571393e-01 -1.621409307744211409e-02 -2.509311005365980618e-01 -7.910749999999999726e-02 1.202292543987572293e-02 9.997615926013596610e-01 -1.822655269271548223e-02 -8.592799999999999397e-03 2.511668037275217591e-01 1.462399209754944307e-02 9.678333407981104530e-01 4.645869000000000248e-01
9.635344098876758023e-01 -8.857989473698681115e-03 -2.674378002169703894e-01 -9.751809999999999645e-02 2.168027408816046008e-03 9.996775539880249362e-01 -2.529995473659877453e-02 -1.035580000000000007e-02 2.675756726975808686e-01 2.379756447628975091e-02 9.632429264237728495e-01 5.233079000000000480e-01
9.585690949612600820e-01 -1.472043106472205667e-02 -2.844795231548653547e-01 -1.160579000000000055e-01 6.599855973183590095e-03 9.995434948317505341e-01 -2.948294151986119091e-02 -1.243000000000000008e-02 2.847836583905123398e-01 2.638391268934704367e-02 9.582286559401763659e-01 5.858731000000000355e-01
9.561033236596678808e-01 -1.391438301043167007e-02 -2.926992047006199416e-01 -1.261813999999999991e-01 4.879648786782946404e-03 9.994894896662556150e-01 -3.157450038251693319e-02 -1.396009999999999959e-02 2.929891184236268487e-01 2.876021543950817855e-02 9.556831203349880344e-01 6.180440999999999852e-01
9.535937161426060182e-01 -1.365429261814753159e-02 -3.007866101182578578e-01 -1.370293999999999957e-01 3.296225444342140189e-03 9.993847720691663161e-01 -3.491722002222704541e-02 -1.539500000000000070e-02 3.010783277340879915e-01 3.230538112077527974e-02 9.530520462805200932e-01 6.511343000000000547e-01
9.512485086509498977e-01 -1.420598190347085663e-02 -3.080981416164367825e-01 -1.483449000000000018e-01 1.867996256154785990e-03 9.991857308791949333e-01 -4.030366977578966198e-02 -1.674739999999999909e-02 3.084198200170193971e-01 3.776327959231253611e-02 9.505004730851542849e-01 6.840770999999999935e-01
9.494779065613597746e-01 -1.556926159327196718e-02 -3.134474486182620145e-01 -1.599937999999999916e-01 5.635544057881651872e-04 9.988516456181815162e-01 -4.790691445169925622e-02 -1.859919999999999976e-02 3.138333751503964431e-01 4.530991215276168604e-02 9.483963435728860469e-01 7.178164999999999685e-01
9.480868419972625638e-01 -1.651844868624706766e-02 -3.175822427099118106e-01 -1.719198999999999866e-01 -1.316532969518539702e-03 9.984376227215117083e-01 -5.586215422946317483e-02 -2.063639999999999919e-02 3.180088155579931519e-01 5.338028088363700602e-02 9.465838255749916552e-01 7.522326000000000290e-01
9.465986288838796892e-01 -1.709237547289828296e-02 -3.219610015139295900e-01 -1.840710000000000124e-01 -3.841192974245908123e-03 9.979250448547131169e-01 -6.427168963278896696e-02 -2.298820000000000030e-02 3.223915027287377333e-01 6.207620761944478149e-02 9.445688240757758036e-01 7.875147000000000119e-01
9.452041905901097385e-01 -1.671640384607712276e-02 -3.260515295675674441e-01 -1.968661999999999912e-01 -7.693804184372831506e-03 9.972704635439234577e-01 -7.343315273131385823e-02 -2.547709999999999905e-02 3.263890982678006036e-01 7.191790031238952385e-02 9.424956085555991070e-01 8.230169000000000512e-01
9.405798406188086158e-01 -1.293827703249383378e-02 -3.393260444011437227e-01 -2.387359000000000009e-01 -1.983806612940644531e-02 9.954735019261206075e-01 -9.294599558448495003e-02 -3.537320000000000048e-02 3.389926467546778288e-01 9.415470222127113320e-02 9.360656373865466895e-01 9.337374999999999980e-01
9.389808279424952664e-01 -1.097168658577519010e-02 -3.437944543617445503e-01 -2.536881000000000275e-01 -2.423060465355781831e-02 9.948982842745253130e-01 -9.792998389527514391e-02 -3.972590000000000149e-02 3.431149698782452462e-01 1.002847248641057371e-01 9.339245640866190579e-01 9.709314999999999474e-01
9.351709900960555322e-01 -8.035383229018975768e-03 -3.541054248371889868e-01 -2.838067000000000228e-01 -3.009630890546705073e-02 9.943243266237448141e-01 -1.020458018465392469e-01 -4.863309999999999855e-02 3.529156152298025262e-01 1.060875397989756719e-01 9.296214296294866841e-01 1.048434400000000100e+00
9.328962956852916433e-01 -7.307028689164817362e-03 -3.600709774869346180e-01 -2.997180999999999873e-01 -3.129973777734883916e-02 9.943662384469469373e-01 -1.012724555441339852e-01 -5.320090000000000235e-02 3.587824241956816262e-01 1.057468258086507046e-01 9.274118723197718461e-01 1.088500500000000093e+00
9.303789793529695373e-01 -7.600033319600239465e-03 -3.665203872524250284e-01 -3.162281000000000120e-01 -3.107863646039572825e-02 9.945507974981128152e-01 -9.951296172675395957e-02 -5.807779999999999887e-02 3.652794452660718671e-01 1.039757216344700391e-01 9.250729572183493676e-01 1.129910200000000087e+00
9.244053933637830234e-01 -6.955917855545468501e-03 -3.813479827227834185e-01 -3.507715000000000138e-01 -3.152132213760885232e-02 9.950201324391114710e-01 -9.455867116002680817e-02 -6.716260000000000285e-02 3.801066626233306489e-01 9.943113821957333398e-02 9.195827172047730258e-01 1.212050899999999931e+00
9.207675742522201112e-01 -5.167198659098266866e-03 -3.900773952226657126e-01 -3.685651999999999817e-01 -3.205649002877665465e-02 9.955285099238391222e-01 -8.885587980463352520e-02 -7.167880000000000085e-02 3.887923040039723555e-01 9.432012503616579724e-02 9.164847289292084032e-01 1.254057900000000059e+00
9.173053895982806738e-01 -1.928061624148751790e-03 -3.981797393041489608e-01 -3.875645999999999813e-01 -3.425645717770192666e-02 9.958985977421307423e-01 -8.374054070096528801e-02 -7.592569999999999875e-02 3.967081009452401164e-01 9.045587650137074109e-02 9.134771026417629614e-01 1.295316700000000099e+00
9.136129679772498902e-01 2.209109334410271075e-03 -4.065789770508912992e-01 -4.070306000000000202e-01 -3.783983923167166807e-02 9.961070899911729226e-01 -7.961665552030249005e-02 -8.012099999999999778e-02 4.048203197848667667e-01 8.812369207690910755e-02 9.101399472520763645e-01 1.336980300000000010e+00
9.095541965103705051e-01 2.756543320631417437e-03 -4.155761844467218968e-01 -4.268415999999999877e-01 -3.851179840616526101e-02 9.962341550983243588e-01 -7.768107619652721285e-02 -8.432159999999999656e-02 4.137970577395364002e-01 8.665973508180867257e-02 9.062351159173063220e-01 1.379150000000000098e+00
9.055200250684173335e-01 2.623303411228357362e-03 -4.242954188761711709e-01 -4.472784000000000204e-01 -3.904200407004250473e-02 9.962537917982615676e-01 -7.716284239049857330e-02 -8.821900000000000575e-02 4.225034983503541675e-01 8.643784244645845438e-02 9.022301775461256668e-01 1.420862899999999929e+00
9.013521993339851379e-01 2.679548398777698709e-03 -4.330785526624084669e-01 -4.678819000000000172e-01 -3.949927489329381480e-02 9.963217869558628204e-01 -7.604409326160967153e-02 -9.176990000000000147e-02 4.312818336525339191e-01 8.564879950971283906e-02 8.981426741358262689e-01 1.463271699999999953e+00
8.974720712339701034e-01 4.333257783785269407e-03 -4.410500019634814306e-01 -4.896125000000000060e-01 -4.130659046012873092e-02 9.963828051868095503e-01 -7.426352477915088013e-02 -9.566360000000000141e-02 4.391328351872209046e-01 8.486771120422428871e-02 8.944047320175523286e-01 1.505586700000000056e+00
8.935004739370284721e-01 3.414912610819314381e-03 -4.490492639412359543e-01 -5.117070999999999703e-01 -3.993489849012807347e-02 9.966133652982114288e-01 -7.188187526460948495e-02 -9.946119999999999961e-02 4.472830277988295022e-01 8.215922638897094066e-02 8.906108884143946192e-01 1.549202299999999921e+00
8.859932896100819466e-01 6.884646839061255713e-03 -4.636469480151969025e-01 -5.585101000000000093e-01 -3.995794771868860229e-02 9.973039893368907949e-01 -6.154766662379031888e-02 -1.073420000000000069e-01 4.619732169509568331e-01 7.305720012855740353e-02 8.838797386123068422e-01 1.636549500000000101e+00
8.819097368518824531e-01 8.465139499776740822e-03 -4.713422933061414133e-01 -5.829661999999999900e-01 -4.030209847289684122e-02 9.975321415482436560e-01 -5.749232502565476688e-02 -1.106900999999999996e-01 4.696924066924269558e-01 6.969912475364323234e-02 8.800744713398132024e-01 1.681162599999999951e+00
8.748878784805633746e-01 5.599470680222210645e-03 -4.842931405831393255e-01 -6.329873999999999779e-01 -3.660008603078808431e-02 9.978382923358113388e-01 -5.458182894417232950e-02 -1.170250000000000040e-01 4.829406110385809914e-01 6.547815113801938591e-02 8.732015677569691103e-01 1.770794500000000049e+00
8.687973676684422886e-01 7.982261340560925858e-03 -4.951034411476823438e-01 -6.867868000000000306e-01 -3.831979974014235180e-02 9.979553735205107801e-01 -5.115335188834867208e-02 -1.238269000000000036e-01 4.936828201186070908e-01 6.341416218344940459e-02 8.673268802212406037e-01 1.862476100000000079e+00
8.662094687215040612e-01 6.701650562047105006e-03 -4.996361117623043246e-01 -7.138885000000000369e-01 -3.705795609257971079e-02 9.980180106541691742e-01 -5.086018383898140149e-02 -1.272154000000000063e-01 4.983049911323888526e-01 6.257106591419682451e-02 8.647410002555164787e-01 1.908782500000000049e+00
8.640464138602760302e-01 3.311188015706656093e-03 -5.034012621449424074e-01 -7.419445999999999541e-01 -3.416976152088550128e-02 9.980579200024434217e-01 -5.208469754161937360e-02 -1.290419999999999900e-01 5.022511543966845515e-01 6.220469720463880914e-02 8.624815091078050777e-01 1.956428899999999915e+00
8.625092039640129826e-01 2.174129123742801067e-03 -5.060367044394290525e-01 -7.702632000000000367e-01 -3.371354157153194642e-02 9.980159481465958882e-01 -5.317484705907381953e-02 -1.313304999999999889e-01 5.049170923944538147e-01 6.292408447966961471e-02 8.608712385719051730e-01 2.004630300000000087e+00
8.620865509802284610e-01 3.206721281215225636e-03 -5.067509206283089540e-01 -7.992745999999999462e-01 -3.428960160407616697e-02 9.980572942032341910e-01 -5.201788836114442510e-02 -1.348843000000000125e-01 5.055996458076763567e-01 6.222020914737710212e-02 8.605217276355134892e-01 2.052539100000000172e+00
8.620891023713833645e-01 3.678969901828013991e-03 -5.067433716911982078e-01 -8.283544000000000462e-01 -3.357372648303062757e-02 9.981912645154236152e-01 -4.986987402372621003e-02 -1.385199000000000014e-01 5.056433372077051569e-01 6.000553829073711209e-02 8.606533279502809330e-01 2.100959800000000044e+00
8.616071400921740953e-01 2.534644698186459127e-03 -5.075694156649301902e-01 -8.572705000000000464e-01 -3.207283310655764663e-02 9.982610516343585205e-01 -4.945913632872619287e-02 -1.419466000000000061e-01 5.065614173214376681e-01 5.889353416223701981e-02 8.601901430004751381e-01 2.150493099999999824e+00
8.610112509417493509e-01 9.467896608772591316e-04 -5.085850266583378243e-01 -8.868833999999999884e-01 -3.104705340044513345e-02 9.982310825053752890e-01 -5.070292294628138408e-02 -1.450153000000000136e-01 5.076373767039559226e-01 5.944585359370907485e-02 8.595175881060499457e-01 2.199604499999999963e+00
8.599221664546562449e-01 -1.470212315089435701e-03 -5.104230658147013155e-01 -9.173322000000000420e-01 -2.858854762773777383e-02 9.982873774394013244e-01 -5.103926909448023436e-02 -1.482736000000000054e-01 5.096239423187129969e-01 5.848205298132714419e-02 8.584074131172343414e-01 2.249865999999999921e+00
8.582589007248354607e-01 -2.444799315593213992e-03 -5.132111478552501271e-01 -9.474344999999999573e-01 -2.656229886254646982e-02 9.984367999482877121e-01 -4.917723851701819027e-02 -1.515555000000000097e-01 5.125291246414527269e-01 5.583887055922075182e-02 8.568523308767600488e-01 2.300273400000000024e+00
8.557840460657557546e-01 -1.772499887778198474e-03 -5.173301892828915394e-01 -9.777837000000000334e-01 -2.535028687007462658e-02 9.986491463851249195e-01 -4.535686695381781208e-02 -1.549478999999999995e-01 5.167117469682004360e-01 5.193015182347568426e-02 8.545830737129429533e-01 2.351307199999999931e+00
8.528479523322720635e-01 -1.523849047253857808e-03 -5.221571105392817103e-01 -1.009050800000000025e+00 -2.346546647317714063e-02 9.988736157627723378e-01 -4.124162480069833159e-02 -1.582143000000000022e-01 5.216318070112737626e-01 4.742549543322198413e-02 8.518515600132846588e-01 2.401730800000000166e+00
8.435590798932470769e-01 -5.557925181987281166e-03 -5.370076239657401995e-01 -1.072137600000000024e+00 -1.991342927781761599e-02 9.989350559264943419e-01 -4.161981950380038570e-02 -1.646166000000000018e-01 5.366670607220604960e-01 4.580243998743951245e-02 8.425500593004199290e-01 2.500894499999999798e+00
8.372990777282125485e-01 -9.334465361322218796e-03 -5.466654572880044194e-01 -1.104109000000000007e+00 -1.783876386833590025e-02 9.988555111524258789e-01 -4.437844458828856670e-02 -1.680417999999999912e-01 5.464540538225829414e-01 4.690986673232317578e-02 8.361742829482508021e-01 2.549844000000000221e+00
8.308382682362422944e-01 -1.019584716669932542e-02 -5.564205394616155154e-01 -1.136782200000000076e+00 -1.692265908484464135e-02 9.989069282322591281e-01 -4.357260996417682691e-02 -1.711921999999999888e-01 5.562565915507877712e-01 4.561790690228417072e-02 8.297575615359913392e-01 2.599003600000000080e+00
8.251492318182240826e-01 -6.718168743297517342e-03 -5.648748635215866676e-01 -1.171212799999999943e+00 -1.840990787332342365e-02 9.990783711734942951e-01 -3.877477975969884777e-02 -1.740214999999999956e-01 5.646147540774065776e-01 4.239427393002487970e-02 8.242650696323698956e-01 2.647808100000000220e+00
8.196499671870375314e-01 -2.268698901184335037e-03 -5.728601786610619806e-01 -1.205318899999999971e+00 -2.116694639665950978e-02 9.991893663403647041e-01 -3.424281782478267450e-02 -1.771560000000000079e-01 5.724734855611471884e-01 4.019282520097431505e-02 8.189375099064852837e-01 2.696539200000000136e+00
8.156101756515228285e-01 -2.477175643725440871e-03 -5.785964958194286245e-01 -1.239740400000000076e+00 -2.216455087827315373e-02 9.991230920759293088e-01 -3.552153663622219931e-02 -1.800109000000000015e-01 5.781771130527880720e-01 4.179605820486147899e-02 8.148400551399515024e-01 2.744092499999999824e+00
8.120701443967487387e-01 -4.617287706382472781e-03 -5.835415676999197165e-01 -1.274562600000000101e+00 -2.281370233193907165e-02 9.989530659938379298e-01 -3.965232562436327157e-02 -1.830400000000000083e-01 5.831137243843204088e-01 4.551321341926262143e-02 8.111146231198766987e-01 2.791894000000000098e+00
8.089660918047761884e-01 -6.927836652861818142e-03 -5.878144838207182143e-01 -1.309441199999999972e+00 -2.525517395230547635e-02 9.985977670732208988e-01 -4.652607639825262487e-02 -1.863568999999999920e-01 5.873125560540528589e-01 5.248337523148176309e-02 8.076567691944187555e-01 2.839116300000000148e+00
8.057044829444282019e-01 -7.722501477145742727e-03 -5.922673797654121053e-01 -1.344879300000000111e+00 -2.555424134991545956e-02 9.985308027363430927e-01 -4.778301723148589697e-02 -1.899182000000000092e-01 5.917662265728602655e-01 5.363393475822643419e-02 8.043234014561981837e-01 2.886229800000000179e+00
8.023611332640155913e-01 -5.837943859005361585e-03 -5.968102966929976771e-01 -1.380915300000000068e+00 -2.527083352875081346e-02 9.987231118340345049e-01 -4.374392370723875767e-02 -1.934833999999999998e-01 5.963036112585994308e-01 5.018031785512784559e-02 8.011890781207089418e-01 2.934177599999999941e+00
7.991485452193565209e-01 -3.321262586471919812e-03 -6.011244229680057227e-01 -1.417644300000000079e+00 -2.484119701163929606e-02 9.989480947847230174e-01 -3.854372655830032995e-02 -1.965370999999999924e-01 6.006201108894164697e-01 4.573481322585460501e-02 7.982254125586214499e-01 2.982085000000000097e+00
7.958803560418010736e-01 -1.285086402998686025e-03 -6.054525641367065614e-01 -1.454191599999999918e+00 -2.554253991232879190e-02 9.990361979667802261e-01 -3.569669182021466963e-02 -1.992545000000000011e-01 6.049149010576637675e-01 4.387509207987053822e-02 7.950804605657090240e-01 3.029987799999999787e+00
7.931164716453307229e-01 -8.543962118335614309e-04 -6.090693986829207596e-01 -1.491383399999999915e+00 -2.671732474675272279e-02 9.989876469269101111e-01 -3.619206882469830355e-02 -2.020336000000000076e-01 6.084837277719412629e-01 4.497723084571068897e-02 7.922907305668884792e-01 3.076417900000000039e+00
7.894538089321821994e-01 -2.125307578520668761e-03 -6.138062940620324648e-01 -1.528750700000000018e+00 -2.694292468932144718e-02 9.989101956861512477e-01 -3.811167489681512727e-02 -2.047690000000000066e-01 6.132183643463845479e-01 4.662514366682057182e-02 7.885361967635937663e-01 3.123781900000000000e+00
7.853103311636623340e-01 -4.825781724668219003e-03 -6.190835126203612093e-01 -1.566014500000000087e+00 -2.586199744796253280e-02 9.988410487961666417e-01 -4.059207222814953386e-02 -2.079455000000000053e-01 6.185619135184615702e-01 4.788810990757086383e-02 7.842753904553296795e-01 3.170644499999999866e+00
7.808761437081804813e-01 -6.167270009602763767e-03 -6.246554353946419669e-01 -1.603957999999999995e+00 -2.463830958760027112e-02 9.988691367053572634e-01 -4.066203927694538728e-02 -2.111601999999999923e-01 6.241998092663171294e-01 4.714247042872211219e-02 7.798411284317918746e-01 3.217921000000000031e+00
7.713927144770971189e-01 -6.103161856839544805e-03 -6.363301277379571630e-01 -1.681486999999999954e+00 -2.420243440974287341e-02 9.989491636489764570e-01 -3.892056800269641514e-02 -2.175774000000000041e-01 6.358989874345593041e-01 4.542378078011165277e-02 7.704343955972776659e-01 3.310698499999999989e+00
7.660348814099392500e-01 -7.329917920008607521e-03 -6.427572113687611832e-01 -1.720790599999999948e+00 -2.410325553763541240e-02 9.989042087589209418e-01 -4.011751233814825346e-02 -2.206411000000000067e-01 6.423469417189964226e-01 4.622395512069435441e-02 7.650187922118334427e-01 3.356658200000000036e+00
7.605329351791838555e-01 -9.154940285340480710e-03 -6.492348123569062768e-01 -1.760481600000000091e+00 -2.309566631864940628e-02 9.988864100396785961e-01 -4.114036989795546995e-02 -2.236064000000000107e-01 6.488884686177069927e-01 4.628311686149548521e-02 7.594745738920771760e-01 3.402949099999999838e+00
7.547842365648025353e-01 -1.030357076790827664e-02 -6.558922111618028516e-01 -1.800559299999999974e+00 -2.255877556261418754e-02 9.988774895462438908e-01 -4.165168091336795414e-02 -2.270154000000000061e-01 6.555851263401297757e-01 4.623415736470305043e-02 7.537045474284814750e-01 3.448490099999999892e+00
7.491106859290799225e-01 -1.136628253505506808e-02 -6.623473317287513762e-01 -1.841667100000000001e+00 -2.265687293736173835e-02 9.988282119117425362e-01 -4.276528028543157695e-02 -2.304343000000000086e-01 6.620572832735573954e-01 4.704264778394792040e-02 7.479753625313549925e-01 3.494236200000000014e+00
7.427094676504344406e-01 -1.376617325209956305e-02 -6.694722840688789312e-01 -1.882501600000000108e+00 -2.092418499212399252e-02 9.988232903620767322e-01 -4.375172125402364276e-02 -2.338848000000000038e-01 6.692868033547529905e-01 4.650297952032310389e-02 7.415474683059126715e-01 3.539494499999999988e+00
7.367083921421815340e-01 -1.481016658749090102e-02 -6.760483739444481666e-01 -1.924744800000000033e+00 -1.991244141676905624e-02 9.988514388804751176e-01 -4.358093302383882206e-02 -2.370452999999999866e-01 6.759173319453387618e-01 4.556821273711920972e-02 7.355673309519934477e-01 3.584742100000000153e+00
7.301543346358503328e-01 -1.469090176409622306e-02 -6.831243115406131494e-01 -1.966930999999999985e+00 -1.922650886466354542e-02 9.989312280634499164e-01 -4.203264156015879688e-02 -2.403686999999999907e-01 6.830117048553092651e-01 4.382441106284771376e-02 7.290915114206437675e-01 3.629558299999999793e+00
7.238584037319180098e-01 -1.525239588771844755e-02 -6.897799473501414758e-01 -2.010175199999999940e+00 -1.823762680664879621e-02 9.989832976435369938e-01 -4.122814569812544017e-02 -2.435241999999999962e-01 6.897074744521339840e-01 4.242328899235375816e-02 7.228442876829905828e-01 3.674019799999999947e+00
7.172678411840677226e-01 -1.694107230405579936e-02 -6.965915905839917821e-01 -2.053451100000000196e+00 -1.692180419417161144e-02 9.989860593937064381e-01 -4.171936816214184135e-02 -2.471898999999999902e-01 6.965920589168103083e-01 4.171154763639167012e-02 7.162539006859340862e-01 3.718475800000000220e+00
7.104517548089898105e-01 -1.916506956618281576e-02 -7.034848997649845170e-01 -2.097285499999999914e+00 -1.614160715931131640e-02 9.989223595448607496e-01 -4.351514816293790278e-02 -2.505263999999999824e-01 7.035607668191437014e-01 4.227079026764631042e-02 7.093767882324648610e-01 3.762832899999999814e+00
7.041275855257390637e-01 -1.848786025982599585e-02 -7.098327565875685030e-01 -2.141472799999999843e+00 -1.715868482710481563e-02 9.989260706987107552e-01 -4.303817855623640748e-02 -2.540119000000000127e-01 7.098661302222392111e-01 4.248416530246947737e-02 7.030541749124710194e-01 3.806964199999999909e+00
6.986010261020162426e-01 -1.779484764505633032e-02 -7.152901157757592943e-01 -2.187420100000000200e+00 -1.788992461636727122e-02 9.989437550454376424e-01 -4.232404580072051531e-02 -2.571399999999999797e-01 7.152877441466690689e-01 4.236410807523303262e-02 6.975447838100139464e-01 3.851153399999999838e+00
6.938010552868629777e-01 -1.704953543509230007e-02 -7.199648665207787346e-01 -2.232911599999999996e+00 -1.929869984190403509e-02 9.989205445209154988e-01 -4.225288059351507003e-02 -2.606936999999999727e-01 7.199080884857784746e-01 4.320947900039157769e-02 6.927230940695332517e-01 3.894270399999999910e+00
6.832533196369970918e-01 -2.080547808278398678e-02 -7.298849452391591441e-01 -2.324713200000000146e+00 -1.855095582888086417e-02 9.987767119227408674e-01 -4.583603122689930420e-02 -2.676489000000000229e-01 7.299457262309700933e-01 4.485768387406077751e-02 6.820315424924249248e-01 3.979985999999999802e+00
6.783765184253038871e-01 -2.336548894070184998e-02 -7.343428035840789958e-01 -2.371589399999999959e+00 -1.830677506718273936e-02 9.986463161905552166e-01 -4.868672453218928636e-02 -2.709224000000000077e-01 7.344863247439007425e-01 4.647137920909649028e-02 6.770304643652318433e-01 4.022361799999999654e+00
6.731464256245219824e-01 -2.381223162024842174e-02 -7.391257452519115478e-01 -2.417562999999999906e+00 -1.905552232736607357e-02 9.985910455649873452e-01 -4.952585977301891124e-02 -2.746380999999999961e-01 7.392636719992138339e-01 4.742258262356786186e-02 6.717442384714212844e-01 4.064186099999999691e+00
6.631885609264933645e-01 -2.267085663264539058e-02 -7.481089258361971472e-01 -2.515495800000000060e+00 -1.898594722052420608e-02 9.987099222686594002e-01 -4.709591245817248972e-02 -2.823652999999999857e-01 7.482115118496815986e-01 4.543702698978462073e-02 6.619025684448908153e-01 4.149855099999999908e+00
6.581252399972367106e-01 -2.340188464449210679e-02 -7.525446965288278278e-01 -2.564967900000000078e+00 -1.857868593448142383e-02 9.987077237119290629e-01 -4.730449267337311775e-02 -2.862047999999999814e-01 7.526792151424985811e-01 4.511357216207993043e-02 6.568399840899221687e-01 4.192205000000000403e+00
6.537241948624753496e-01 -2.465524748702679902e-02 -7.563311416454843172e-01 -2.613624100000000006e+00 -1.714931506276076711e-02 9.987297189388896212e-01 -4.737984277226830326e-02 -2.901078000000000268e-01 7.565385502697707931e-01 4.394391060886771588e-02 6.524709607914465082e-01 4.233575799999999667e+00
6.492600352456028290e-01 -2.531217877106874473e-02 -7.601451836581879506e-01 -2.662550400000000206e+00 -1.664574746882089076e-02 9.987337416993571360e-01 -4.747454351972315439e-02 -2.935691000000000273e-01 7.603843276423331021e-01 4.347650856569903327e-02 6.480165642009885207e-01 4.274616199999999644e+00
6.450760468178048379e-01 -2.622623786385368944e-02 -7.636681728797016788e-01 -2.712613099999999999e+00 -1.526248770689502508e-02 9.987692039303125435e-01 -4.719251793882806023e-02 -2.974319999999999742e-01 7.639659352948338089e-01 4.209823901208098462e-02 6.438818121217368962e-01 4.316662799999999578e+00
6.412697295772997741e-01 -2.848737867244322680e-02 -7.667865434292842064e-01 -2.762887000000000093e+00 -1.309328293402177608e-02 9.987588448987462231e-01 -4.805554784342673524e-02 -3.014357999999999760e-01 7.672038189880616699e-01 4.085632133336344896e-02 6.401008210721482738e-01 4.358228200000000108e+00
6.367496658791275133e-01 -3.362228359464397576e-02 -7.703372021710369610e-01 -2.812819699999999923e+00 -9.394944416664328599e-03 9.986364033230110682e-01 -5.135239991946069504e-02 -3.052660999999999847e-01 7.710133578753531891e-01 3.993589868729353898e-02 6.355655166651278387e-01 4.399890899999999938e+00
6.319824250896475260e-01 -3.772021319672724804e-02 -7.740642091546421355e-01 -2.863800799999999924e+00 -5.068894867615355432e-03 9.985922439986946175e-01 -5.279996714461700907e-02 -3.091821000000000152e-01 7.749661416362840782e-01 3.729230137769747738e-02 6.309015482429297661e-01 4.441274199999999617e+00
6.168558130514847360e-01 -4.477567244574813532e-02 -7.858015303253249595e-01 -2.966305300000000145e+00 4.589304941404994537e-03 9.985681753921693549e-01 -5.329669196215210125e-02 -3.177127000000000145e-01 7.870627955790734376e-01 2.927009140718224434e-02 6.161780729336843176e-01 4.523397899999999971e+00
6.076627402066998584e-01 -4.589241059510487664e-02 -7.928681358298207416e-01 -3.019456100000000198e+00 7.789278590722471113e-03 9.986254320594616374e-01 -5.183216745506315226e-02 -3.219395999999999924e-01 7.941569878201165666e-01 2.532060611091094260e-02 6.071849352566771607e-01 4.564141300000000179e+00
5.986504819466952343e-01 -4.462419756799497483e-02 -7.997663918022575036e-01 -3.072636800000000168e+00 8.712127535772409143e-03 9.987506769832588116e-01 -4.920552874711003888e-02 -3.260147999999999935e-01 8.009629824772115381e-01 2.248924669469359872e-02 5.982913458210099567e-01 4.603874199999999917e+00
5.894444232130878758e-01 -4.410200906964645284e-02 -8.066041685603980715e-01 -3.126497000000000082e+00 8.005764158037980555e-03 9.987784894595136409e-01 -4.875896567010067073e-02 -3.303577999999999792e-01 8.077692614127106596e-01 2.228321765349437766e-02 5.890774809206094087e-01 4.642867100000000136e+00
5.800208598388280068e-01 -4.561317107357948375e-02 -8.133235769215344524e-01 -3.180772800000000178e+00 7.321644862168057849e-03 9.986826623984396134e-01 -5.078713755742218089e-02 -3.342566000000000148e-01 8.145687175851642481e-01 2.350273280656115654e-02 5.795907399901110146e-01 4.680850999999999651e+00
5.701582417706543282e-01 -4.798394736523802634e-02 -8.201323796413880762e-01 -3.236020100000000177e+00 7.672437087659765564e-03 9.985602866502211183e-01 -5.308943053154863839e-02 -3.380522999999999723e-01 8.214990645461087704e-01 2.397696228212182340e-02 5.697055311558680835e-01 4.718793400000000027e+00
5.604819475982196764e-01 -4.925140698199211714e-02 -8.267008439132021991e-01 -3.292459000000000024e+00 8.187914786351564722e-03 9.985108275530294453e-01 -5.393593709963472038e-02 -3.425258999999999943e-01 8.281261645836086593e-01 2.346116300737211002e-02 5.600505596483085213e-01 4.756605099999999808e+00
5.398084365446158550e-01 -5.006356119040686337e-02 -8.402978589025392742e-01 -3.406684600000000174e+00 1.316688703714379363e-02 9.986099571510205219e-01 -5.103710968097757705e-02 -3.514778000000000069e-01 8.416849083362542006e-01 1.648615539692105392e-02 5.397172609424494283e-01 4.831242099999999873e+00
5.292355575614272611e-01 -5.123609782211915181e-02 -8.469265534227908843e-01 -3.464843500000000187e+00 1.416779507489509399e-02 9.985695689573212963e-01 -5.155666334340663209e-02 -3.555376000000000092e-01 8.483566456363508257e-01 1.528653761817331397e-02 5.292044251253831266e-01 4.867771600000000198e+00
5.191105678104153132e-01 -5.212577336216171059e-02 -8.531161246506507867e-01 -3.523342099999999810e+00 1.309674220822438367e-02 9.985065024056691829e-01 -5.303998488997517524e-02 -3.597698999999999758e-01 8.546067480023075147e-01 1.636057471466186367e-02 5.190179552423273002e-01 4.903084299999999729e+00
4.992118962431199569e-01 -5.349826177079546052e-02 -8.648268142448244378e-01 -3.642590000000000217e+00 1.062869466081150724e-02 9.983951289033973220e-01 -5.562551062036071026e-02 -3.688664999999999861e-01 8.664147468153781118e-01 1.857693649319149334e-02 4.989793421890050817e-01 4.971798399999999951e+00
4.895035980226550287e-01 -5.343490758537419727e-02 -8.703625326116800620e-01 -3.702925700000000209e+00 9.791729329624066641e-03 9.983946057621880810e-01 -5.578828928816884081e-02 -3.733573000000000031e-01 8.719462996994772341e-01 1.878621399610773055e-02 4.892409719188307582e-01 5.005496499999999571e+00
4.809153678455365122e-01 -5.143465118568467387e-02 -8.752570397474100927e-01 -3.764199000000000073e+00 8.753816587888506306e-03 9.985097060077073872e-01 -5.386777982753122168e-02 -3.776530000000000165e-01 8.767233199049390135e-01 1.824400355757248987e-02 4.806489120647766677e-01 5.038633299999999871e+00
4.728998386741499194e-01 -4.980669850352016648e-02 -8.797073577992526872e-01 -3.825928000000000218e+00 9.705112051290990666e-03 9.986349518643933276e-01 -5.132293556366968046e-02 -3.823178999999999883e-01 8.810627408885447487e-01 1.573294946855629747e-02 4.727376872209205771e-01 5.071576600000000212e+00
4.651878710316716403e-01 -4.988287611317673842e-02 -8.838053763785884698e-01 -3.887541999999999831e+00 9.414606418411495398e-03 9.986333298281762083e-01 -5.140853763992429826e-02 -3.866839000000000248e-01 8.851619116472462245e-01 1.559394840848750061e-02 4.650217402896623664e-01 5.103769299999999731e+00
4.573876039597906673e-01 -5.310791829345934412e-02 -8.876801950919356310e-01 -3.949468899999999838e+00 1.161621378083240244e-02 9.984867568605498844e-01 -5.375183672675037938e-02 -3.912725000000000231e-01 8.891915672796945058e-01 1.427394089368730010e-02 4.573123782383807789e-01 5.135871400000000087e+00
4.498308848136767790e-01 -5.696489693787680497e-02 -8.912952235845325033e-01 -4.011873200000000139e+00 1.463127051545406662e-02 9.982999362961060275e-01 -5.641952777447192813e-02 -3.956536999999999971e-01 8.929938975104186882e-01 1.233846457416310285e-02 4.498996124704975896e-01 5.168128000000000277e+00
4.441289394098782983e-01 -5.986777209780280717e-02 -8.939604773381774061e-01 -4.074209200000000308e+00 1.571671845197328277e-02 9.981321333836692400e-01 -5.903582868111972165e-02 -4.002751999999999977e-01 8.958250219433244732e-01 1.216939484981318514e-02 4.442402907090162723e-01 5.198571699999999574e+00
4.387371714750039065e-01 -6.287808191138537228e-02 -8.964128742835292263e-01 -4.136589100000000130e+00 1.732146952362357065e-02 9.979553576309503349e-01 -6.152292962159772172e-02 -4.054561999999999888e-01 8.984484743487827219e-01 1.146520784054956207e-02 4.389292516448610737e-01 5.228983900000000240e+00
4.337280430086459804e-01 -6.399649428534953666e-02 -8.987682868387577573e-01 -4.198533499999999918e+00 2.101691001903468331e-02 9.979217073259136761e-01 -6.091432952093729647e-02 -4.109805999999999737e-01 9.007986868336020914e-01 7.530920721847814137e-03 4.341716377562442331e-01 5.259079899999999697e+00
4.300180047078472900e-01 -6.139420858924173052e-02 -9.007304073799121680e-01 -4.261395000000000266e+00 2.238100409418347994e-02 9.981034490573007512e-01 -5.734627830693411754e-02 -4.160256999999999983e-01 9.025428556488704901e-01 4.500681239643339326e-03 4.305765176894359447e-01 5.288677700000000037e+00
4.261391683343165870e-01 -5.937225831198839066e-02 -9.027072305871219893e-01 -4.323952700000000426e+00 2.579351013320342959e-02 9.982357889922067740e-01 -5.347900906070293670e-02 -4.210170999999999775e-01 9.042898340943268387e-01 -4.944876549936062793e-04 4.269187878690907656e-01 5.318256899999999732e+00
4.228620230005007974e-01 -5.911686041628930188e-02 -9.042637371466606400e-01 -4.385585299999999798e+00 2.659659584684106667e-02 9.982495990360584770e-01 -5.282384985693872048e-02 -4.251858000000000026e-01 9.058036931881454645e-01 -1.713137142664029888e-03 4.236941521520526388e-01 5.346958200000000438e+00
4.199141673829742127e-01 -5.871134055245492284e-02 -9.056627796931909780e-01 -4.448024700000000387e+00 2.864846796544823909e-02 9.982655280226251371e-01 -5.143151606692198535e-02 -4.301672000000000273e-01 9.071115462357958181e-01 -4.349028885053576876e-03 4.208678279857712701e-01 5.375829699999999711e+00
4.178756877065804010e-01 -5.760610840768044805e-02 -9.066760424197141122e-01 -4.508599799999999824e+00 3.025476326219310799e-02 9.983165502807632707e-01 -4.948448984747427087e-02 -4.347611000000000114e-01 9.080003077773163289e-01 -6.752903793088002593e-03 4.189150741697654778e-01 5.403205899999999673e+00
4.150422928058651317e-01 -5.660426531950388251e-02 -9.080395653990468441e-01 -4.570206200000000329e+00 3.189394258893209211e-02 9.983544738922952577e-01 -4.765627855143856478e-02 -4.391632999999999787e-01 9.092429112226195764e-01 -9.181590650732006365e-03 4.161646630656403723e-01 5.431511399999999767e+00
4.124197671612460092e-01 -5.723014160033816633e-02 -9.091945042437665769e-01 -4.630986700000000234e+00 3.388492940610965398e-02 9.982978376398058407e-01 -4.746829386896875280e-02 -4.436026000000000136e-01 9.103635247601951086e-01 -1.123112888774121035e-02 4.136570010650132412e-01 5.459479299999999924e+00
4.099302977322117902e-01 -5.787189622978906184e-02 -9.102790751346251374e-01 -4.691717599999999599e+00 3.686240112914781347e-02 9.982209537171990998e-01 -4.686246838269698956e-02 -4.476170999999999900e-01 9.113716664370107301e-01 -1.434472679049690613e-02 4.113343098127507647e-01 5.487345200000000034e+00
4.073104397076622307e-01 -5.732697400848183605e-02 -9.114887951895962459e-01 -4.752268299999999890e+00 4.065871433945884156e-02 9.981767356175783590e-01 -4.461023896032535740e-02 -4.517746000000000262e-01 9.123842801437413996e-01 -1.888974650083728724e-02 4.088986461505111913e-01 5.514634100000000316e+00
4.056073623389197524e-01 -5.582728691976912572e-02 -9.123409349862813267e-01 -4.812362199999999923e+00 4.153482815279890827e-02 9.982277411133784195e-01 -4.261730777512156426e-02 -4.560664999999999858e-01 9.131032393255330559e-01 -2.060803015476608130e-02 4.072072978549851063e-01 5.541204500000000088e+00
4.039114614194967423e-01 -5.672106894257731430e-02 -9.130379245529607335e-01 -4.871737500000000054e+00 4.369508738339433068e-02 9.981329401212478691e-01 -4.267754893935409716e-02 -4.602470000000000172e-01 9.137539442719380123e-01 -2.265732073579800748e-02 4.056357665992377237e-01 5.567544899999999686e+00
4.026054851747872809e-01 -5.852787819608383513e-02 -9.135005806134106621e-01 -4.930278300000000336e+00 4.524908010246914136e-02 9.980062904102343646e-01 -4.399960285597021015e-02 -4.638376000000000166e-01 9.142545291422154996e-01 -2.362057949050244687e-02 4.044511394068242005e-01 5.593492499999999978e+00
4.021854150851517096e-01 -5.927777839464459797e-02 -9.136372567279529289e-01 -4.988658899999999896e+00 4.495609159545853328e-02 9.979767259281364655e-01 -4.496003040721739674e-02 -4.682380999999999904e-01 9.144538488744222704e-01 -2.299129170691756319e-02 4.040365809978131439e-01 5.618961800000000117e+00
4.029345565014245123e-01 -5.996424932496384475e-02 -9.132623018497444400e-01 -5.046423400000000115e+00 4.377262188817268584e-02 9.979720738506775435e-01 -4.621360608319700219e-02 -4.722004000000000201e-01 9.141814375440114881e-01 -2.135482655212658093e-02 4.047422273903393819e-01 5.643736800000000109e+00
4.050556758207478625e-01 -5.947796363679076076e-02 -9.123553426856325643e-01 -5.103083599999999720e+00 4.192209069333519694e-02 9.980404600424638284e-01 -4.645189371949233481e-02 -4.766382000000000119e-01 9.133304099816763610e-01 -1.943224021691346282e-02 4.067553936247867430e-01 5.668703100000000106e+00
4.091851165118582379e-01 -5.962905459878851955e-02 -9.105009150312982635e-01 -5.159301300000000090e+00 3.939692843195552463e-02 9.980863807815080202e-01 -4.765982090396585213e-02 -4.804321999999999759e-01 9.116004730446908288e-01 -1.636925001719452544e-02 4.107512936054739106e-01 5.693777599999999772e+00
4.144185431193593283e-01 -6.030685071958919591e-02 -9.080860944178764660e-01 -5.215479400000000432e+00 3.792061278817785569e-02 9.980797583816201080e-01 -4.897778103033843811e-02 -4.843386000000000080e-01 9.092960454354767075e-01 -1.413788050493717738e-02 4.159096321200451696e-01 5.718892600000000215e+00
4.196349360912408066e-01 -6.026557452943495652e-02 -9.056901130841260583e-01 -5.271526800000000179e+00 3.747499282108474050e-02 9.980930032439850885e-01 -4.905080823454444072e-02 -4.883407000000000164e-01 9.069190401159078485e-01 -1.335729770722830431e-02 4.210931456022534158e-01 5.745184899999999928e+00
4.265659283370474286e-01 -5.857001688974963760e-02 -9.025580656686236214e-01 -5.326311600000000368e+00 3.632236312927522581e-02 9.982053642693473616e-01 -4.761025814469499462e-02 -4.925566000000000111e-01 9.037268363386461445e-01 -1.247412784261367827e-02 4.279277993025319970e-01 5.770937899999999843e+00
