1.000000000000000000e+00 0.000000000000000000e+00 0.000000000000000000e+00 0.000000000000000000e+00 0.000000000000000000e+00 1.000000000000000000e+00 0.000000000000000000e+00 0.000000000000000000e+00 0.000000000000000000e+00 0.000000000000000000e+00 1.000000000000000000e+00 0.000000000000000000e+00
9.993530039426946621e-01 -7.904171750475927696e-03 -3.508700015178516096e-02 -2.338900000000000094e-03 7.706440322065208869e-03 9.999536744201540373e-01 -5.767130239121193852e-03 -1.605700000000000053e-03 3.513095911407544680e-02 5.493003055844492000e-03 9.993676213632066707e-01 9.139569999999999639e-02
9.985207106854924186e-01 -3.299811366931395141e-03 -5.427247531743800008e-02 -4.634300000000000051e-03 2.974638916447430465e-03 9.999771459519443129e-01 -6.071169337178912787e-03 -1.684500000000000016e-03 5.429126868526838040e-02 5.900747304080673425e-03 9.985077061924947373e-01 1.106325999999999976e-01
9.972798086139059714e-01 1.223428271267703433e-04 -7.370867223904989385e-02 -7.387900000000000196e-03 -6.271425404518130974e-04 9.999765095212996835e-01 -6.825474183669982646e-03 -2.179400000000000174e-03 7.370610573924651909e-02 6.853133431550883538e-03 9.972564587601948638e-01 1.308951999999999893e-01
9.857889692088009914e-01 -2.295390347508451719e-04 -1.679882600007547300e-01 -2.602919999999999887e-02 -4.395883686071494489e-04 9.999921179644045699e-01 -3.945981643469875788e-03 -3.818600000000000119e-03 1.679878416681273579e-01 3.963750861991905197e-03 9.857810982823662638e-01 2.430739000000000094e-01
9.792266340125712620e-01 -4.967649073274113536e-03 -2.027079714838434243e-01 -4.240390000000000131e-02 3.568420566299253249e-03 9.999672238841060823e-01 -7.267567142870526124e-03 -5.192399999999999793e-03 2.027374302270596729e-01 6.393248016377714969e-03 9.792122654280476235e-01 3.186761000000000177e-01
9.759616642355937177e-01 -3.391785897527638607e-03 -2.179158684697271864e-01 -5.545119999999999910e-02 1.077050459595404021e-03 9.999417438968405403e-01 -1.074005469505855299e-02 -5.831399999999999605e-03 2.179396015064668790e-01 1.024717526788219805e-02 9.759084616367621479e-01 3.732445999999999819e-01
9.740826093519573403e-01 -4.341480963841334861e-03 -2.261508826008040984e-01 -6.207700000000000023e-02 1.368633403527220928e-03 9.999106071254387773e-01 -1.330054888502736274e-02 -6.530399999999999573e-03 2.261884104031168519e-01 1.264631571157609838e-02 9.740014752033152590e-01 4.018094999999999861e-01
9.702514303478124713e-01 -1.502784957382724031e-02 -2.416326253741629126e-01 -7.633890000000000120e-02 1.146298365526596079e-02 9.998038321870964529e-01 -1.615231097135459010e-02 -7.893100000000000116e-03 2.418279593300643460e-01 1.290197198813642157e-02 9.702333622407931513e-01 4.611461000000000032e-01
9.679444525871029326e-01 -1.587884931758052134e-02 -2.506619214204727775e-01 -8.415680000000000383e-02 1.159051966262685668e-02 9.997602845109774261e-01 -1.857507384857040242e-02 -8.719700000000000367e-03 2.508967846741045338e-01 1.507433775922367193e-02 9.678964654245395538e-01 4.920178000000000051e-01
9.635062761792042574e-01 -8.995888007263100339e-03 -2.675345393818222006e-01 -1.033675000000000010e-01 2.180216463069366718e-03 9.996657267637920619e-01 -2.576201447856150614e-02 -1.041790000000000077e-02 2.676768619426362350e-01 2.423857942991361134e-02 9.632038148012925793e-01 5.546809999999999796e-01
9.586015358509463180e-01 -1.509860253577018432e-02 -2.843503607623415474e-01 -1.228013000000000021e-01 6.907343540117911150e-03 9.995323805145115426e-01 -2.978773083355775939e-02 -1.272620000000000001e-02 2.846671461012417748e-01 2.659045889902110146e-02 9.582575663286534429e-01 6.199795999999999641e-01
9.535893645371565919e-01 -1.350719428776853831e-02 -3.008070470319711975e-01 -1.447836000000000123e-01 2.994201417513274975e-03 9.993693423459752978e-01 -3.538293849928518531e-02 -1.588710000000000122e-02 3.010952649901578737e-01 3.284011695236954687e-02 9.530284193658976610e-01 6.887670999999999655e-01
9.511743835601061958e-01 -1.447262272966583566e-02 -3.083145070384731845e-01 -1.565782000000000007e-01 2.018516064839805980e-03 9.991703957656649093e-01 -4.067487945133344690e-02 -1.739390000000000033e-02 3.086474002028009034e-01 3.806656560302339870e-02 9.504144984853939437e-01 7.236493000000000508e-01
9.493225591585958689e-01 -1.616093218038028301e-02 -3.138877234675409023e-01 -1.688368000000000091e-01 1.078186736046429610e-03 9.988387776959816167e-01 -4.816568990640265890e-02 -1.927380000000000065e-02 3.143016324900914649e-01 4.538634642553500409e-02 9.482376091319121292e-01 7.594716000000000244e-01
9.480406624487339728e-01 -1.675441866710183567e-02 -3.177077144151413957e-01 -1.815400000000000069e-01 -1.234723165591262994e-03 9.984111058903247793e-01 -5.633594850149341998e-02 -2.138030000000000139e-02 3.181467865663111794e-01 5.380105101190901101e-02 9.465136391555823980e-01 7.955396000000000134e-01
9.466812838093531246e-01 -1.732927064136184983e-02 -3.217052117453392812e-01 -1.946800999999999948e-01 -3.687395571747833535e-03 9.979041074791212829e-01 -6.460491769359283376e-02 -2.397379999999999997e-02 3.221505083015896442e-01 6.234652079576601807e-02 9.446332417111366064e-01 8.325633000000000061e-01
9.452254467611214128e-01 -1.645474456281398670e-02 -3.260032149789491851e-01 -2.080664000000000124e-01 -8.086547105861905532e-03 9.972416536926288488e-01 -7.378137906203392771e-02 -2.671449999999999866e-02 3.263180389606788467e-01 7.237627734115235911e-02 9.424851255733924793e-01 8.702185000000000059e-01
9.406391217611570488e-01 -1.282366652548929536e-02 -3.391660304176145613e-01 -2.517501999999999795e-01 -1.999076014013660002e-02 9.954579435249324426e-01 -9.307981619090108238e-02 -3.701600000000000029e-02 3.388191436761192610e-01 9.433470331725993252e-02 9.361103309058317334e-01 9.851503000000000343e-01
9.371275960803204796e-01 -8.795193626765731090e-03 -3.488760714548755359e-01 -2.828774000000000011e-01 -2.833367779473160153e-02 9.944647304646198060e-01 -1.011785677134997563e-01 -4.585480000000000111e-02 3.478348334588473589e-01 1.047021701350961675e-01 9.316911420646100117e-01 1.064348499999999920e+00
9.352591257205152830e-01 -7.811978768018021380e-03 -3.538775787531973638e-01 -2.993245999999999962e-01 -3.044599418070459418e-02 9.942757840881756293e-01 -1.024143867539715341e-01 -5.048359999999999653e-02 3.526519661009220874e-01 1.065581445201238125e-01 9.296676570912760784e-01 1.105913499999999994e+00
9.304883464387193603e-01 -7.230649326102967997e-03 -3.662501260778766587e-01 -3.329365000000000241e-01 -3.169366503690800724e-02 9.944670883494297620e-01 -1.001534911340370565e-01 -6.021889999999999882e-02 3.649478712614527831e-01 1.047994651710126429e-01 9.251108708482480569e-01 1.189907400000000059e+00
9.277068034737545599e-01 -7.224450722042016770e-03 -3.732397273874705212e-01 -3.505709000000000186e-01 -3.176278117088419256e-02 9.946596102898082048e-01 -9.820074027428399299e-02 -6.507799999999999696e-02 3.719559281968753406e-01 1.029566266439010946e-01 9.225230189590443164e-01 1.233080900000000035e+00
9.243679607361547923e-01 -7.056207710624786550e-03 -3.814368664631502814e-01 -3.687353999999999909e-01 -3.173529673575674337e-02 9.949414286654092443e-01 -9.531224720007322460e-02 -6.960170000000000246e-02 3.801798838781138001e-01 1.002085997206772494e-01 9.194680486218349547e-01 1.276261099999999926e+00
9.208883584976518266e-01 -4.643995593196944410e-03 -3.897987487004425100e-01 -3.876332000000000111e-01 -3.285512331356686688e-02 9.954466701791636618e-01 -8.947886734456189650e-02 -7.453619999999999690e-02 3.884394058994924404e-01 9.520693322518983259e-02 9.165426710253612441e-01 1.319972799999999946e+00
9.172319478676503879e-01 -1.136311153998929152e-03 -3.983519331042302825e-01 -4.072554999999999925e-01 -3.534768829121320843e-02 9.958190981970848066e-01 -8.423101921745944354e-02 -7.909599999999999964e-02 3.967821754355695396e-01 9.134020178927836076e-02 9.133569251906457076e-01 1.363072899999999921e+00
9.136237908551576581e-01 3.146846924241525345e-03 -4.065484794435794691e-01 -4.278248000000000051e-01 -3.906472910170743357e-02 9.960227135285245614e-01 -8.007934237670157052e-02 -8.358889999999999376e-02 4.046795222440361939e-01 8.904409856756466402e-02 9.101129780343913955e-01 1.406864300000000068e+00
9.096433965195395155e-01 3.622269599582970956e-03 -4.153742533322734576e-01 -4.488746000000000125e-01 -3.966598725391059371e-02 9.961499083112326236e-01 -7.817908688834410147e-02 -8.786710000000000353e-02 4.134918386420321501e-01 8.759131997219010701e-02 9.062848669386248668e-01 1.451013200000000003e+00
9.054974558622919112e-01 3.929044308325326668e-03 -4.243335009609066621e-01 -4.701129000000000002e-01 -4.064529371148771497e-02 9.961626895684526639e-01 -7.751036066780621347e-02 -9.219230000000000480e-02 4.224006599497963088e-01 8.743259416584710231e-02 9.021824781890893652e-01 1.495196600000000098e+00
9.014608775513320849e-01 3.507471336705089010e-03 -4.328463744669747149e-01 -4.916574000000000222e-01 -4.055955354954779435e-02 9.962521235866851343e-01 -7.639783285461435036e-02 -9.595639999999999725e-02 4.309561565405971573e-01 8.642571315206151739e-02 8.982245750623358838e-01 1.539242299999999952e+00
8.976111280290808292e-01 5.135727188514318392e-03 -4.407583092178822826e-01 -5.142575000000000340e-01 -4.244514700625447168e-02 9.962924645530667478e-01 -7.483137423830774071e-02 -9.990150000000000419e-02 4.387398686396970504e-01 8.587752547099489209e-02 8.945011896498517023e-01 1.583157900000000007e+00
8.899038115924958747e-01 5.046921828397471499e-03 -4.561203072580802820e-01 -5.608899999999999997e-01 -4.030463030171910210e-02 9.968977434503565327e-01 -6.760492496726078215e-02 -1.085793000000000036e-01 4.543641082759390937e-01 7.854564076793352223e-02 8.873465159828857196e-01 1.672394600000000064e+00
8.861436784876898232e-01 7.426969505461292892e-03 -4.633510776940856779e-01 -5.850805999999999507e-01 -4.077640503725565857e-02 9.972429093195924743e-01 -6.199890808742205411e-02 -1.123542000000000013e-01 4.616131127562813630e-01 7.383373169331132468e-02 8.840033451269834197e-01 1.717932000000000015e+00
8.819079130565050662e-01 8.064573368771921213e-03 -4.713527294338067941e-01 -6.101185999999999554e-01 -4.001412499208310131e-02 9.975259588235767527e-01 -5.779992451743896226e-02 -1.160435999999999968e-01 4.697204516405877328e-01 6.983497783692199645e-02 8.800487334125757233e-01 1.764726900000000098e+00
8.781836813360852645e-01 6.707613197242355552e-03 -4.782765201849210612e-01 -6.360055000000000014e-01 -3.814367643125429058e-02 9.976993665852973425e-01 -5.604492718885633468e-02 -1.194793999999999995e-01 4.768002535478654824e-01 6.746096530952259973e-02 8.764191556419784757e-01 1.811571000000000042e+00
8.748556256714190571e-01 5.563019999799649964e-03 -4.843518215507728319e-01 -6.625988000000000433e-01 -3.660477105729014607e-02 9.978340395175308020e-01 -5.465638403672784529e-02 -1.227652999999999939e-01 4.829986800881688191e-01 6.554603259243639568e-02 8.731643560318286257e-01 1.858592400000000033e+00
8.717097832279981917e-01 6.487861878781768857e-03 -4.899795520966546691e-01 -6.901258000000000115e-01 -3.709909204958434376e-02 9.979163436600221315e-01 -5.278852550800185867e-02 -1.260088000000000041e-01 4.886161184341885066e-01 6.419407063315385464e-02 8.701341333966003955e-01 1.905734899999999898e+00
8.686144889659466184e-01 6.476814352666232164e-03 -4.954461831866994737e-01 -7.177609000000000350e-01 -3.674189361666156672e-02 9.980036283005530029e-01 -5.136916538540993449e-02 -1.295678000000000107e-01 4.941243799003338100e-01 6.282363229528177551e-02 8.671183820063658176e-01 1.953774600000000028e+00
8.660351514478957791e-01 5.070204397219144760e-03 -4.999574076698840019e-01 -7.463446000000000247e-01 -3.537970541555572612e-02 9.980633996562423560e-01 -5.116372456469758107e-02 -1.329859999999999931e-01 4.987297794410602836e-01 6.199792975571168790e-02 8.645373698138658636e-01 2.002188199999999973e+00
8.623596792013075163e-01 8.906334853968217447e-04 -5.062953589159321366e-01 -8.049332000000000154e-01 -3.221419760714606950e-02 9.980687156027723272e-01 -5.311388149589645058e-02 -1.375773000000000135e-01 5.052702535874694645e-01 6.211316854763630768e-02 8.607229084511618389e-01 2.101240199999999891e+00
8.619531353966377596e-01 2.111840280567834835e-03 -5.069835623671984370e-01 -8.346057999999999533e-01 -3.302321939423828734e-02 9.981015990466952648e-01 -5.198716150426029720e-02 -1.412530999999999926e-01 5.059113157073537037e-01 6.155272626829303567e-02 8.603865425076073770e-01 2.150449500000000125e+00
8.618931028811134265e-01 2.475110354472995211e-03 -5.070839703980984936e-01 -8.647962000000000149e-01 -3.238807160923201645e-02 9.982150069891009281e-01 -5.017781022707522298e-02 -1.448586000000000040e-01 5.060546334373410282e-01 5.967138049754083795e-02 8.604347937677299107e-01 2.200989499999999932e+00
8.615137581791437738e-01 1.209507669525478751e-03 -5.077327855863212891e-01 -8.949597999999999720e-01 -3.055438849106070429e-02 9.983083359208866359e-01 -4.946610733429143703e-02 -1.485903000000000085e-01 5.068140426349542205e-01 5.812919681251120518e-02 8.600933220679876090e-01 2.251617899999999839e+00
8.608653302300075527e-01 -6.925522555264254643e-04 -5.088323924234318119e-01 -9.253238999999999770e-01 -2.911797779021161811e-02 9.982933303887719934e-01 -5.062183195719855561e-02 -1.518121000000000054e-01 5.079990419059751128e-01 5.839475038620741548e-02 8.593759518103492034e-01 2.302569200000000205e+00
8.597794875567392747e-01 -2.777347695770711333e-03 -5.106579276937230905e-01 -9.569151000000000185e-01 -2.715614081001053309e-02 9.983216195323518782e-01 -5.115161767343076593e-02 -1.550322000000000089e-01 5.099429152297125789e-01 5.784661022115947238e-02 8.582610284132348166e-01 2.354696800000000145e+00
8.581753670564805647e-01 -3.617882702076578513e-03 -5.133438908784527799e-01 -9.882583999999999813e-01 -2.528760136423349042e-02 9.984632986901943452e-01 -4.931103716146535004e-02 -1.585861000000000076e-01 5.127334361973271415e-01 5.529875309127516708e-02 8.567651202703292501e-01 2.406690799999999797e+00
8.556082680247114602e-01 -3.316931425570119468e-03 -5.176132626330892661e-01 -1.019479199999999919e+00 -2.345625321152519996e-02 9.987037749264716657e-01 -4.517271447336469736e-02 -1.623701999999999923e-01 5.170921541398884047e-01 5.079141574649582991e-02 8.544214043511764167e-01 2.459407600000000027e+00
8.528902821561687997e-01 -2.883683216589279230e-03 -5.220822262581604756e-01 -1.051918099999999967e+00 -2.187271692563526673e-02 9.989094419546508119e-01 -4.124937609393983934e-02 -1.657008000000000092e-01 5.216318154195177526e-01 4.660054876237647997e-02 8.518970818104635301e-01 2.511446199999999962e+00
8.486196267813698180e-01 -3.382129127260135801e-03 -5.289927128458530303e-01 -1.084099900000000005e+00 -2.053737860890197942e-02 9.990150545041271979e-01 -3.933366184313966812e-02 -1.689248999999999890e-01 5.286047153793874687e-01 4.424344105833524082e-02 8.477143226358715422e-01 2.563427900000000204e+00
8.432018472422770916e-01 -7.048889005297955673e-03 -5.375508887268279912e-01 -1.116389800000000099e+00 -1.815879944296415124e-02 9.989700114346766746e-01 -4.158334109943787743e-02 -1.723252000000000117e-01 5.372903338140392338e-01 4.482442880832932658e-02 8.422053596196150682e-01 2.613955300000000204e+00
8.369819148658012020e-01 -1.108273850249189355e-02 -5.471183117890151548e-01 -1.149635399999999974e+00 -1.599771933446312785e-02 9.988720406997200207e-01 -4.470703842207084805e-02 -1.756650999999999907e-01 5.469966610169320065e-01 4.617162782122976455e-02 8.358605347907421823e-01 2.664695000000000036e+00
8.247072990946049398e-01 -8.174623952841995195e-03 -5.655007041050537087e-01 -1.219164600000000043e+00 -1.662051775065148673e-02 9.991133553458723116e-01 -3.868154029008032124e-02 -1.821994999999999865e-01 5.653155129746416652e-01 4.129986310803523963e-02 8.238402102941294602e-01 2.766231299999999838e+00
8.193354001018358090e-01 -3.909187504059957567e-03 -5.733011602927581274e-01 -1.254916399999999932e+00 -1.913544976929956384e-02 9.992331362718717136e-01 -3.416100025475855145e-02 -1.855398000000000047e-01 5.729950581829578171e-01 3.895969236707474276e-02 8.186322774412034819e-01 2.816888800000000082e+00
8.152053238947518654e-01 -3.865588353628851559e-03 -5.791591638922179985e-01 -1.290847300000000031e+00 -2.045955013875631542e-02 9.991613951104261204e-01 -3.546707387291361119e-02 -1.886220000000000119e-01 5.788105792932369820e-01 4.076228339614065138e-02 8.144426005253901923e-01 2.866516400000000075e+00
8.117221145576690722e-01 -6.295842295394734126e-03 -5.840099066863658761e-01 -1.327262799999999965e+00 -2.096314924702546295e-02 9.989834988026020657e-01 -3.990633400549888077e-02 -1.915608000000000033e-01 5.836675039024129541e-01 4.463554065879586641e-02 8.107650173745927225e-01 2.916323900000000080e+00
8.086820005323506200e-01 -8.587466548277914585e-03 -5.881833705854639938e-01 -1.363766800000000057e+00 -2.342202417696298208e-02 9.986304664966807465e-01 -4.678247714770557286e-02 -1.949683999999999862e-01 5.877795767109035285e-01 5.160859233600584295e-02 8.073733475899776968e-01 2.965452200000000094e+00
8.051920657131526049e-01 -9.900034325701786986e-03 -5.929314687490755409e-01 -1.400237399999999965e+00 -2.308884978403403371e-02 9.985791299676063382e-01 -4.802734855047303963e-02 -1.987566000000000055e-01 5.925644625930889253e-01 5.236134560425505236e-02 8.038194120312567303e-01 3.014813399999999977e+00
8.019516172653832209e-01 -8.080221922468232287e-03 -5.973343398626266287e-01 -1.438265899999999986e+00 -2.267290291508195291e-02 9.987764153444301796e-01 -4.395010381254635390e-02 -2.024231999999999976e-01 5.969585773224467262e-01 4.878916032700293670e-02 8.007871594848074981e-01 3.065032700000000165e+00
7.988212050610886683e-01 -5.444573273519033238e-03 -6.015438795022515217e-01 -1.476504800000000062e+00 -2.237646063212648390e-02 9.989981007314993056e-01 -3.875678965595563685e-02 -2.057251999999999970e-01 6.011522073105354247e-01 4.442016835544838893e-02 7.978990364005615898e-01 3.114876300000000153e+00
7.953834237745271984e-01 -3.359439596650439647e-03 -6.060972886841743401e-01 -1.514268600000000076e+00 -2.308856048404134623e-02 9.990909045012058565e-01 -3.583689324895647510e-02 -2.086530000000000051e-01 6.056666802454017118e-01 4.249798475879526527e-02 7.945827796598384785e-01 3.164469200000000093e+00
7.925136571659543439e-01 -2.960703843043603969e-03 -6.098469787071164605e-01 -1.553273200000000021e+00 -2.422152160621286743e-02 9.990463873729817923e-01 -3.632676379852571580e-02 -2.115263000000000004e-01 6.093729737168559479e-01 4.356087820221146711e-02 7.916861933832926024e-01 3.213312100000000004e+00
7.889626597266465868e-01 -4.015422604433631013e-03 -6.144280250268239207e-01 -1.591881300000000055e+00 -2.461929280166552658e-02 9.989690404749945740e-01 -3.814114044459592651e-02 -2.145075999999999927e-01 6.139477273994924378e-01 4.521871906386042833e-02 7.880504142929068978e-01 3.261882099999999785e+00
7.846777229390227149e-01 -7.103311433076324108e-03 -6.198632220820292638e-01 -1.630334100000000008e+00 -2.316981530225625113e-02 9.988995813129728507e-01 -4.077727445068974471e-02 -2.175963999999999954e-01 6.194707666888645825e-01 4.635913523192888158e-02 7.836496664954679670e-01 3.310531399999999902e+00
7.803873373038128225e-01 -8.297814629365313915e-03 -6.252413534374079429e-01 -1.669955800000000101e+00 -2.209866115133837794e-02 9.989213212088507987e-01 -4.083923615449102512e-02 -2.210316999999999976e-01 6.249057952613203959e-01 4.568741956754233252e-02 7.793621794403908787e-01 3.359327799999999975e+00
7.758883708637811516e-01 -8.612919784772729570e-03 -6.308114247309799527e-01 -1.709932900000000089e+00 -2.151169766015640847e-02 9.989641368546929856e-01 -4.009863017530874985e-02 -2.241263000000000005e-01 6.305033567096416380e-01 4.468188548997491238e-02 7.748993781691498883e-01 3.407501200000000008e+00
7.707483704862027052e-01 -8.215113347770312130e-03 -6.370866984214524908e-01 -1.750242400000000087e+00 -2.165110205982200345e-02 9.990016702939650273e-01 -3.907547222316454932e-02 -2.276630000000000043e-01 6.367716852785294535e-01 4.391098567046086004e-02 7.698010432345426812e-01 3.455744500000000219e+00
7.655051099475549403e-01 -9.523477239892448598e-03 -6.433593319642165742e-01 -1.790950400000000053e+00 -2.146243532769055717e-02 9.989561046604619188e-01 -4.032449418654663470e-02 -2.309006999999999865e-01 6.430717615585266334e-01 4.467666441060012122e-02 7.645016057165322509e-01 3.502875599999999867e+00
7.598658225906170793e-01 -1.124219550389619210e-02 -6.499827264619706391e-01 -1.832294199999999984e+00 -2.044133251867916862e-02 9.989428305340706249e-01 -4.117491043633110526e-02 -2.340819000000000094e-01 6.497584809631542502e-01 4.457392023180455076e-02 7.588327101882358372e-01 3.551235699999999884e+00
7.539191616963558662e-01 -1.286848845091755587e-02 -6.568411525110562366e-01 -1.873797399999999946e+00 -1.949100599535667430e-02 9.989299038569627864e-01 -4.194219671891483148e-02 -2.373268000000000044e-01 6.566780020012494834e-01 4.442352063161790487e-02 7.528615759237147209e-01 3.598894599999999944e+00
7.484300354084728601e-01 -1.369590533692620002e-02 -6.630723220550484021e-01 -1.916136099999999898e+00 -1.958040495882951496e-02 9.988946215510978721e-01 -4.273339183749726850e-02 -2.410310999999999981e-01 6.629246486895173929e-01 4.496617854889150417e-02 7.473345656040466523e-01 3.645497600000000116e+00
7.419920511018287534e-01 -1.597650131750202873e-02 -6.702182834773704467e-01 -1.958655800000000058e+00 -1.829958831414250225e-02 9.988608357881678668e-01 -4.406989671074493242e-02 -2.443044000000000049e-01 6.701588775575788581e-01 4.496423172049850148e-02 7.408544369149390185e-01 3.693024199999999979e+00
7.357645472021224764e-01 -1.704381637273504405e-02 -6.770229238392951876e-01 -2.001335599999999992e+00 -1.744055018671852517e-02 9.988748712533630503e-01 -4.410009963437459130e-02 -2.473970000000000058e-01 6.770128198857391366e-01 4.425494211983225373e-02 7.346394638244870823e-01 3.738918500000000034e+00
7.293422790851716853e-01 -1.797685032203964056e-02 -6.839127669457170100e-01 -2.045454299999999837e+00 -1.511775736643918705e-02 9.989871543682613542e-01 -4.238064203634685917e-02 -2.505310000000000037e-01 6.839819393456652019e-01 4.124922132237746758e-02 7.283317982823764858e-01 3.785739200000000082e+00
7.163328525282477433e-01 -1.994769409100991681e-02 -6.974735363361072027e-01 -2.134522399999999820e+00 -1.328155412315588924e-02 9.990203688331728005e-01 -4.221259262951108926e-02 -2.578309999999999769e-01 6.976323134064371656e-01 3.950179941322751187e-02 7.153661741613870362e-01 3.877063500000000218e+00
7.096180397900377912e-01 -2.226759123257504580e-02 -7.042346143049511564e-01 -2.180093999999999976e+00 -1.225873367174517420e-02 9.989589979990933788e-01 -4.393909154059166128e-02 -2.612331999999999987e-01 7.044799223919087083e-01 3.981299658837827299e-02 7.086063535203055430e-01 3.922718800000000172e+00
7.031608829458692034e-01 -2.173183646737043145e-02 -7.106985999553827593e-01 -2.225366100000000014e+00 -1.342833662674011025e-02 9.989486694986426940e-01 -4.383190028199066002e-02 -2.646553999999999851e-01 7.109039685289599841e-01 4.036437774383362653e-02 7.021298060466657498e-01 3.967590599999999856e+00
6.977743917452999822e-01 -2.107300469616662716e-02 -7.160075605030661317e-01 -2.272401299999999846e+00 -1.366162742223690427e-02 9.989938719000384104e-01 -4.271538180030499954e-02 -2.682305999999999857e-01 7.161873066179352820e-01 3.958752807697371590e-02 6.967844497835053996e-01 4.012814500000000173e+00
6.929333315430546980e-01 -2.027128559301883889e-02 -7.207166385043771717e-01 -2.319372899999999849e+00 -1.511401202993473657e-02 9.989766371305810466e-01 -4.262915795127079216e-02 -2.720545999999999798e-01 7.208432316925795780e-01 4.043208438457845250e-02 6.919178288462556337e-01 4.057433600000000418e+00
6.879662030150575092e-01 -2.179622642400060734e-02 -7.254153486263701378e-01 -2.367090500000000208e+00 -1.476059284502468510e-02 9.989219206658591643e-01 -4.401274033838779159e-02 -2.752078000000000024e-01 7.255926049843037795e-01 4.098683845949379484e-02 6.869027956451970729e-01 4.102242900000000247e+00
6.824276004808709217e-01 -2.399377584491414403e-02 -7.305592849472416495e-01 -2.415091299999999830e+00 -1.498589853870568520e-02 9.987917716916031585e-01 -4.680191925697159416e-02 -2.787292000000000103e-01 7.307995572979698595e-01 4.288700877716332405e-02 6.812435038451660763e-01 4.146985500000000435e+00
6.722128043914081807e-01 -2.733617419854523362e-02 -7.398531470450233627e-01 -2.512180999999999997e+00 -1.483021894832353693e-02 9.986204358495535116e-01 -5.037151684823991393e-02 -2.861227000000000076e-01 7.402094367259735019e-01 4.483256276228832216e-02 6.708800422564249466e-01 4.234547100000000341e+00
6.621936051243859644e-01 -2.704973942020599473e-02 -7.488444036845491869e-01 -2.612125400000000042e+00 -1.329216736159725618e-02 9.987669712698701296e-01 -4.783153130772363482e-02 -2.942918999999999952e-01 7.492148874783524093e-01 4.162749929685197192e-02 6.610175517208982665e-01 4.322374800000000405e+00
6.572198736661665208e-01 -2.767841012672454803e-02 -7.531905092810748936e-01 -2.663456699999999788e+00 -1.322302526791617298e-02 9.987482250972031794e-01 -4.824038212898382888e-02 -2.982945000000000180e-01 7.535829013857680003e-01 4.166399498419665753e-02 6.560311900062105739e-01 4.366019699999999837e+00
6.524172585620836573e-01 -2.841223726833789348e-02 -7.573271852401330939e-01 -2.713449699999999964e+00 -1.241416480532787393e-02 9.987622686914900960e-01 -4.816450093599912441e-02 -3.025789999999999869e-01 7.577582789006804820e-01 4.082493614980155228e-02 6.512570270990121202e-01 4.408836799999999556e+00
6.482030350054778234e-01 -2.914679315883306893e-02 -7.609095148953279875e-01 -2.764588600000000174e+00 -1.192736640881398268e-02 9.987559328831011607e-01 -4.841822447546177688e-02 -3.060715999999999992e-01 7.613741283628154832e-01 4.046048664268031558e-02 6.470489824429062065e-01 4.451118000000000130e+00
6.440306754080674656e-01 -3.005081765729691878e-02 -7.644092081415270190e-01 -2.815907000000000160e+00 -1.026442139617999433e-02 9.987987600661689669e-01 -4.791323975359086662e-02 -3.102586999999999984e-01 7.649308013061246747e-01 3.870381439097869691e-02 6.429485857864210008e-01 4.494253200000000170e+00
6.402207650761629898e-01 -3.228571725993787528e-02 -7.675122177700520743e-01 -2.867770900000000012e+00 -8.220718567507515062e-03 9.987712656520405519e-01 -4.887104146685434386e-02 -3.144205999999999945e-01 7.681469857725969907e-01 3.759775749738950706e-02 6.391686920364929581e-01 4.536996799999999830e+00
6.357552808633833985e-01 -3.731646638325137461e-02 -7.709881349223139946e-01 -2.919413299999999989e+00 -4.437441129378119631e-03 9.986375388153641008e-01 -5.199399181651237489e-02 -3.185812000000000088e-01 7.718779255624195201e-01 3.647666933068208217e-02 6.347234993475474596e-01 4.579761999999999666e+00
6.306090359756996166e-01 -4.160891208032405086e-02 -7.749844786712121181e-01 -2.972004699999999833e+00 2.343130802939102919e-05 9.985628211184706116e-01 -5.359376578385862538e-02 -3.225585999999999731e-01 7.761006656335067699e-01 3.377855407522877690e-02 6.297037129379294829e-01 4.622819899999999649e+00
6.240748461336177444e-01 -4.455690069313977819e-02 -7.800931156111576836e-01 -3.024563300000000066e+00 4.338121566348229069e-03 9.985549750212102671e-01 -5.356437773059533058e-02 -3.269834999999999825e-01 7.813525242325496389e-01 3.004404202187170581e-02 6.233663356441467851e-01 4.664830199999999927e+00
6.157939104728425983e-01 -4.830028777426192965e-02 -7.864254205107360507e-01 -3.078908000000000200e+00 8.895982771187017218e-03 9.984818576757166220e-01 -5.435845272802301842e-02 -3.312941999999999831e-01 7.878570437046935604e-01 2.647757718095544721e-02 6.152887262022010972e-01 4.707322099999999843e+00
6.063960946275585018e-01 -4.947778260501461967e-02 -7.936219033323967942e-01 -3.133737800000000018e+00 1.221095801466910019e-02 9.985239867608125541e-01 -5.292202157567777593e-02 -3.357065000000000188e-01 7.950689711747083166e-01 2.240082346217272397e-02 6.061052170897454072e-01 4.749507399999999713e+00
5.973561095893665795e-01 -4.775258939543043646e-02 -8.005531640948576610e-01 -3.189081199999999949e+00 1.254141234252966267e-02 9.986598655311319517e-01 -5.021141258515018219e-02 -3.402681000000000178e-01 8.018780401736359531e-01 1.995402674582145292e-02 5.971544569907485389e-01 4.790796799999999855e+00
5.880678134408965363e-01 -4.757918120945938550e-02 -8.074109661815850325e-01 -3.245606200000000108e+00 1.212346163844436886e-02 9.986746318941605027e-01 -5.002000888608808260e-02 -3.447145999999999821e-01 8.087207605055927173e-01 1.962654137897428333e-02 5.878652314950726376e-01 4.831813799999999937e+00
5.787113447985221537e-01 -4.871566978361258071e-02 -8.140761407380883163e-01 -3.302135199999999937e+00 1.120304646866224219e-02 9.985949729414236309e-01 -5.179354946263606957e-02 -3.490557000000000243e-01 8.154554991851528101e-01 2.085338182769285592e-02 5.784440036123128515e-01 4.871006500000000017e+00
5.689599077186975329e-01 -5.095849993707309011e-02 -8.207849015990088537e-01 -3.359558799999999845e+00 1.122912865879153663e-02 9.984666343910018060e-01 -5.420596533103889253e-02 -3.530401000000000233e-01 8.222885929394226912e-01 2.162432177130198946e-02 5.686597037153553469e-01 4.910270699999999877e+00
5.591843976937269645e-01 -5.242594177677314948e-02 -8.273840281300588462e-01 -3.417725799999999925e+00 1.195085651740628030e-02 9.984045983200254826e-01 -5.518546078387784326e-02 -3.576500000000000234e-01 8.289571680155760625e-01 2.097090084490753348e-02 5.589188088741948723e-01 4.949308900000000122e+00
5.490047091004218727e-01 -5.324675415739234252e-02 -8.341214615134077137e-01 -3.476361999999999952e+00 1.484435052086701887e-02 9.984324637033814565e-01 -5.396536556727435374e-02 -3.619918999999999776e-01 8.356874264000714314e-01 1.724524847307646117e-02 5.489345377747031351e-01 4.987682799999999972e+00
5.280423361752524247e-01 -5.419427842670994366e-02 -8.474870331706496618e-01 -3.595977299999999932e+00 1.704704132712278955e-02 9.984369950026642515e-01 -5.322560842340233467e-02 -3.710122000000000142e-01 8.490469301449554695e-01 1.365822813758180154e-02 5.281408554690393276e-01 5.063273399999999924e+00
5.180059660773700392e-01 -5.525480620108230712e-02 -8.535904905163430589e-01 -3.656368500000000132e+00 1.598002243562644809e-02 9.983624002353739257e-01 -5.492865080465715588e-02 -3.752473000000000058e-01 8.552277228850847512e-01 1.481297363610438803e-02 5.180406526720163773e-01 5.099395799999999923e+00
5.075854501896533977e-01 -5.565986981382126109e-02 -8.598017153088701736e-01 -3.717706399999999967e+00 1.490149979835106442e-02 9.983290593740982155e-01 -5.583040849741215117e-02 -3.799694000000000127e-01 8.614725509611589338e-01 1.552636794413418328e-02 5.075667205786218439e-01 5.135429399999999589e+00
4.978228108966689103e-01 -5.718998816912571059e-02 -8.653910989859756597e-01 -3.779449699999999801e+00 1.402147849613750996e-02 9.982237794524524421e-01 -5.790236848734144071e-02 -3.843098999999999821e-01 8.671654093030474186e-01 1.669105715276235358e-02 4.977404559802240946e-01 5.170331499999999636e+00
4.880990575972019019e-01 -5.685671834919077405e-02 -8.709343394029678276e-01 -3.841376499999999972e+00 1.295070347985700920e-02 9.982378366401611913e-01 -5.790941874468966133e-02 -3.892774999999999985e-01 8.726921503325786311e-01 1.698632033525178039e-02 4.879752818221103627e-01 5.204976600000000175e+00
4.796838710672572947e-01 -5.497890197726883199e-02 -8.757172512719528790e-01 -3.904223700000000186e+00 1.234917133282282045e-02 9.983592062293247249e-01 -5.591416014343045943e-02 -3.937717000000000023e-01 8.773544789908600539e-01 1.600673841000926217e-02 4.795757526399244686e-01 5.238681299999999652e+00
4.634300599988591118e-01 -5.368244066439001316e-02 -8.845059496994737147e-01 -4.030101799999999734e+00 1.326965501760095020e-02 9.984718049493322978e-01 -5.364672382295473940e-02 -4.034757999999999956e-01 8.860341391533216315e-01 1.312441562648662685e-02 4.634341959429575386e-01 5.305608300000000277e+00
4.560778487997248498e-01 -5.662890100557336354e-02 -8.881363428016648687e-01 -4.094094799999999701e+00 1.533476042001771095e-02 9.983253175984967420e-01 -5.577997279240395900e-02 -4.083596999999999921e-01 8.898077550555940629e-01 1.182065196009253125e-02 4.561824538823938679e-01 5.338212000000000401e+00
4.492512834699478597e-01 -6.036734570546968548e-02 -8.913636002625869859e-01 -4.158445399999999736e+00 1.801712701585089435e-02 9.981238155518801225e-01 -5.851693739637219699e-02 -4.128920999999999841e-01 8.932237499275864634e-01 1.022899802681363074e-02 4.494960513337888930e-01 5.370391399999999926e+00
4.425714981771959322e-01 -6.307899500627923983e-02 -8.945118833141288972e-01 -4.222269500000000342e+00 1.899589175054193155e-02 9.979584972803060561e-01 -6.097535405911991974e-02 -4.180152999999999786e-01 8.965319989257459765e-01 9.993902892821072970e-03 4.428662290208804642e-01 5.402600800000000092e+00
4.375020637800271506e-01 -6.637584072584715167e-02 -8.967642900763578284e-01 -4.286611999999999867e+00 2.111460350110891740e-02 9.977552808418321817e-01 -6.354976845927449991e-02 -4.233986000000000138e-01 8.989694754034799340e-01 8.868332434759748639e-03 4.379214940747011564e-01 5.433643799999999580e+00
4.325028771844291464e-01 -6.777649374849797903e-02 -8.990815358588732931e-01 -4.350690799999999747e+00 2.409322495035443393e-02 9.976833563655386206e-01 -6.361946983970523384e-02 -4.287259999999999960e-01 9.013105889418375760e-01 5.853830058462534264e-03 4.331338764573424704e-01 5.464772199999999636e+00
4.287388959295332924e-01 -6.497501759121970810e-02 -9.010889002790710700e-01 -4.415464400000000289e+00 2.566171582297116505e-02 9.978837807773955904e-01 -5.974476046007556884e-02 -4.343352999999999797e-01 9.030639154889016362e-01 2.491415347032125555e-03 4.294989608735074738e-01 5.495226399999999956e+00
4.250190967780395623e-01 -6.327094091975640766e-02 -9.029704067183531579e-01 -4.479322899999999663e+00 2.895363792326107605e-02 9.979939281572356435e-01 -5.630103207134922599e-02 -4.392622999999999944e-01 9.047212024844936140e-01 -2.215264412906703395e-03 4.259984018498106373e-01 5.525097399999999936e+00
4.216040818840453563e-01 -6.248971593300048366e-02 -9.046242499188954511e-01 -4.542683600000000155e+00 3.011710098710316738e-02 9.980372030508658510e-01 -5.490629794966406241e-02 -4.443177999999999850e-01 9.062797351628490983e-01 -4.095940553469866463e-03 4.226585677637904048e-01 5.554595899999999808e+00
4.187066785760150123e-01 -6.250518154044294727e-02 -9.059678910405366548e-01 -4.606893099999999741e+00 3.170837956425157089e-02 9.980264110059581251e-01 -5.420204424166684409e-02 -4.491762000000000254e-01 9.075677913970123800e-01 -6.032015845679302574e-03 4.198622617044623917e-01 5.584224700000000041e+00
4.165344915994915742e-01 -6.157402244446120304e-02 -9.070323351832402237e-01 -4.669551399999999575e+00 3.373315741499752912e-02 9.980634785695545741e-01 -5.226248019808529127e-02 -4.540847000000000078e-01 9.084938587567711332e-01 -8.827938924191106040e-03 4.178049498217830671e-01 5.612652800000000219e+00
4.136633682211699470e-01 -6.072036527337518891e-02 -9.084028043951563047e-01 -4.733136199999999683e+00 3.517559706786852619e-02 9.980944020162716424e-01 -5.069755452386332656e-02 -4.585750000000000104e-01 9.097501278718435058e-01 -1.098188985780809701e-02 4.150109672434154628e-01 5.641820400000000291e+00
4.112079702285277305e-01 -6.123330805310454872e-02 -9.094825381531015385e-01 -4.795969000000000371e+00 3.734692588473433050e-02 9.980351487787260112e-01 -5.030953119624867464e-02 -4.633764000000000216e-01 9.107761592990313293e-01 -1.327869673950573745e-02 4.126868835635629784e-01 5.670453499999999813e+00
4.088863319496288118e-01 -6.186347700656803783e-02 -9.104860667563430265e-01 -4.858708400000000260e+00 4.024832145340788425e-02 9.979513315004069351e-01 -4.973140433114753289e-02 -4.676683999999999841e-01 9.116973402204051613e-01 -1.631104439399147857e-02 4.105385605102352953e-01 5.699069999999999858e+00
4.063081579069041660e-01 -6.213712088203303396e-02 -9.116208965500898209e-01 -4.921281800000000040e+00 4.473700846913201967e-02 9.978413777243830829e-01 -4.807478522404373678e-02 -4.716315999999999842e-01 9.126402801167230461e-01 -2.125001434344784765e-02 4.082109209696284102e-01 5.727065099999999909e+00
4.042570186250393216e-01 -6.067073451373784093e-02 -9.126309905246250409e-01 -4.982615000000000016e+00 4.579761538500495138e-02 9.978886595077443022e-01 -4.605216228239811249e-02 -4.763858999999999733e-01 9.134981342714618702e-01 -2.317941326696412729e-02 4.061820693767236312e-01 5.754608600000000074e+00
4.022458244479018008e-01 -6.203622368394419440e-02 -9.134275032345280376e-01 -5.044155100000000225e+00 4.801326982380846320e-02 9.977581367923407107e-01 -4.662002129453501204e-02 -4.806776999999999855e-01 9.142718537913405719e-01 -2.510393227588807868e-02 4.043226062802248721e-01 5.782126400000000110e+00
4.013393761080648048e-01 -6.352339057645760290e-02 -9.137239649012496301e-01 -5.104435900000000359e+00 4.940638393437312564e-02 9.976411549165041803e-01 -4.765642919263763516e-02 -4.847805000000000031e-01 9.145959295840533354e-01 -2.601739546023745103e-02 4.035311397175526116e-01 5.808299500000000393e+00
4.008002781259232261e-01 -6.421435858883416115e-02 -9.139122787254841951e-01 -5.164229899999999596e+00 4.905905862510965415e-02 9.976137286863259179e-01 -4.858041892968571751e-02 -4.895153999999999894e-01 9.148509965130936505e-01 -2.536463064170919879e-02 4.029941559023021425e-01 5.834503699999999959e+00
4.012945559150861707e-01 -6.514924157099349911e-02 -9.136291675048682226e-01 -5.223245099999999752e+00 4.830963736421511889e-02 9.975843269909248079e-01 -4.991682561823879150e-02 -4.937298999999999993e-01 9.146741815152825694e-01 -2.410574339836799029e-02 4.034724957225216402e-01 5.859934800000000443e+00
4.035558966825498195e-01 -6.472420816171305102e-02 -9.126628156830881577e-01 -5.282079200000000085e+00 4.604967258580013045e-02 9.976673876720346668e-01 -5.039058672409658934e-02 -4.982832999999999846e-01 9.137954179724715464e-01 -2.169240543363806437e-02 4.055950858171470941e-01 5.885826100000000061e+00
4.080358740483285840e-01 -6.433919186423336933e-02 -9.106959942153440846e-01 -5.339413200000000082e+00 4.348442601542192032e-02 9.977511987243806724e-01 -5.100637350538328452e-02 -5.027673000000000281e-01 9.119297287531127338e-01 -1.878866238769366995e-02 4.099160352827825315e-01 5.910833399999999571e+00
4.127965586679621102e-01 -6.514305284953934849e-02 -9.084907175185281680e-01 -5.396479600000000154e+00 4.226115147862794658e-02 9.977347041806086114e-01 -5.233980463599405275e-02 -5.069206000000000545e-01 9.098422919537145770e-01 -1.678817259488609923e-02 4.146144727736070790e-01 5.936773800000000101e+00
4.184854102167653300e-01 -6.501044886691646763e-02 -9.058938144031162265e-01 -5.453635700000000419e+00 4.139790444740475139e-02 9.977635694925957033e-01 -5.247926162550058116e-02 -5.111251999999999462e-01 9.072795461945942774e-01 -1.554030023893465673e-02 4.202407930287285209e-01 5.963259200000000426e+00
4.250931174840923976e-01 -6.370160180965253605e-02 -9.029052815187980086e-01 -5.508834799999999809e+00 4.062201851112020451e-02 9.978580379518979804e-01 -5.127560537790527145e-02 -5.154777000000000386e-01 9.042376308690861508e-01 -1.488092811866697368e-02 4.267702718074317669e-01 5.989442799999999956e+00
4.337666749226002927e-01 -6.219699735562662923e-02 -8.988759676654701769e-01 -5.564645800000000087e+00 3.906717709893224588e-02 9.979747277565679253e-01 -5.020157799038541674e-02 -5.198460999999999776e-01 9.001778865313855293e-01 -1.334077505800394109e-02 4.353180404264678227e-01 6.015550600000000081e+00
