1.000000000000000000e+00 0.000000000000000000e+00 0.000000000000000000e+00 0.000000000000000000e+00 0.000000000000000000e+00 1.000000000000000000e+00 0.000000000000000000e+00 0.000000000000000000e+00 0.000000000000000000e+00 0.000000000000000000e+00 1.000000000000000000e+00 0.000000000000000000e+00
9.997814693686365439e-01 -8.363918576454541787e-03 -1.915876752655002943e-02 -2.581999999999999877e-04 8.256308490809365769e-03 9.999497331545050827e-01 -5.688983594510841485e-03 -9.680000000000000019e-04 1.920538667131017549e-02 5.529559682331219167e-03 9.998002685999464179e-01 6.252249999999999475e-02
9.993258873659597308e-01 -7.677897829872849626e-03 -3.590014937505590226e-02 -1.334600000000000022e-03 7.470685529580052033e-03 9.999546736910247535e-01 -5.902492794950424566e-03 -1.262000000000000101e-03 3.594384089041425395e-02 5.630315123539023948e-03 9.993379507722371935e-01 7.845019999999999771e-02
9.971750206781359038e-01 4.398620155399548051e-04 -7.511181436343133955e-02 -5.315499999999999912e-03 -9.479488524515489092e-04 9.999769114567766959e-01 -6.728888937935950838e-03 -1.956299999999999793e-03 7.510712035840824696e-02 6.781082124058530718e-03 9.971524143262625595e-01 1.122863000000000056e-01
9.856490005107478858e-01 7.399832619162436233e-05 -1.688077081072173746e-01 -2.169559999999999891e-02 -7.075809500534887587e-04 9.999929300384627906e-01 -3.693129064807838206e-03 -3.495600000000000183e-03 1.688062413578446386e-01 3.759574089963895176e-03 9.856420843700309797e-01 2.076794999999999891e-01
9.833019140033449901e-01 7.733170790334493094e-04 -1.819800755523901525e-01 -2.630350000000000049e-02 -1.510683447695974554e-03 9.999912018126465574e-01 -3.913327589111257471e-03 -3.823800000000000029e-03 1.819754482145303220e-01 4.122896796442654041e-03 9.832944309661916238e-01 2.287643000000000038e-01
9.773122352057499462e-01 -3.873215654974600762e-03 -2.117682533280922930e-01 -4.096650000000000291e-02 2.035327772326031223e-03 9.999583578887889512e-01 -8.896062568125020706e-03 -4.687799999999999780e-03 2.117938912197427359e-01 8.263212985688826381e-03 9.772794211243542861e-01 2.955324999999999758e-01
9.757021394045837237e-01 -3.233312485535959867e-03 -2.190773398863724020e-01 -4.675130000000000258e-02 9.736412450205254865e-04 9.999452189188061668e-01 -1.042166897127418113e-02 -5.151400000000000423e-03 2.190990351052333196e-01 9.955141977475833598e-03 9.756518374728578857e-01 3.190341999999999900e-01
9.738334659805872873e-01 -4.156057823858258851e-03 -2.272247955650991691e-01 -5.255209999999999743e-02 1.224283880620139365e-03 9.999142007571524271e-01 -1.304194207795533744e-02 -5.693100000000000417e-03 2.272595029150948909e-01 1.242249200240575294e-02 9.737550000011471196e-01 3.433942999999999857e-01
9.700133295669428612e-01 -1.493838247967350756e-02 -2.425922199728269002e-01 -6.468920000000000226e-02 1.145084712157235125e-02 9.998099191651019790e-01 -1.577984915233511878e-02 -6.980300000000000046e-03 2.427818332632238618e-01 1.252877759252899945e-02 9.700000057574149626e-01 3.936603000000000185e-01
9.676641452413932143e-01 -1.559883158730994077e-02 -2.517593661958870133e-01 -7.142729999999999912e-02 1.140960782403370455e-02 9.997712409606489548e-01 -1.809106401806770403e-02 -7.674300000000000219e-03 2.519839734259814445e-01 1.463359836522844931e-02 9.676207598720376613e-01 4.197626999999999886e-01
9.607455395252182395e-01 -1.093394308973353289e-02 -2.772155428018199808e-01 -9.603440000000000587e-02 3.515230575864712950e-03 9.996226213479755263e-01 -2.724441306764544338e-02 -1.001589999999999946e-02 2.774088164359519992e-01 2.520047177956103931e-02 9.604214099996375431e-01 5.009008999999999823e-01
9.582549446116338521e-01 -1.455130677863168513e-02 -2.855446035182395148e-01 -1.046461000000000058e-01 6.394854305535586578e-03 9.995450246148656070e-01 -2.947625495341487864e-02 -1.095780000000000018e-02 2.858436057807930419e-01 2.641975092051190507e-02 9.579120156859567414e-01 5.290909000000000306e-01
9.533431051473856277e-01 -1.312204237508345778e-02 -3.016036071930298657e-01 -1.234740000000000004e-01 2.634877896805161261e-03 9.993785070092729983e-01 -3.515191525913518439e-02 -1.346939999999999943e-02 3.018774275867771029e-01 3.271714736683208752e-02 9.527851840691936580e-01 5.876409999999999689e-01
9.490712901001501223e-01 -1.554398125457099288e-02 -3.146777255453495070e-01 -1.440962000000000076e-01 4.493626877807039427e-04 9.988479879122470484e-01 -4.798432157309766299e-02 -1.638370000000000104e-02 3.150610803968201812e-01 4.539913755142448160e-02 9.479849333870108419e-01 6.480211999999999639e-01
9.476478388142709486e-01 -1.644459199502764160e-02 -3.188936327127879777e-01 -1.547036999999999995e-01 -1.451136810659379474e-03 9.984409369947716550e-01 -5.579954780245993673e-02 -1.827579999999999830e-02 3.193140582445411213e-01 5.334107917092918705e-02 9.461465327740108400e-01 6.787769000000000164e-01
9.463446968921502833e-01 -1.693982754337499189e-02 -3.227146679450826894e-01 -1.660157999999999912e-01 -4.053144562329677458e-03 9.979244215439642129e-01 -6.426835072803195603e-02 -2.040389999999999912e-02 3.231335431106791556e-01 6.212802209104344164e-02 9.443118246574029317e-01 7.100965000000000193e-01
9.450067085026051528e-01 -1.616697049696960709e-02 -3.266511134988250853e-01 -1.778633000000000020e-01 -8.262731042137374041e-03 9.972784564566848919e-01 -7.326259320483607951e-02 -2.276929999999999926e-02 3.269465524528397116e-01 7.193267235632294643e-02 9.423012482677077806e-01 7.421303999999999679e-01
9.434032430913439349e-01 -1.607982975334009551e-02 -3.312578451898736120e-01 -1.893231999999999970e-01 -1.117415606184555925e-02 9.967157019205120649e-01 -8.020565928540551726e-02 -2.531359999999999860e-02 3.314595890316648918e-01 7.936780594299325253e-02 9.401251471047645802e-01 7.747450999999999643e-01
9.400710642355968316e-01 -1.301478647365874111e-02 -3.407301124350435861e-01 -2.148538000000000114e-01 -1.979606225242329723e-02 9.955026637580335347e-01 -9.264211984814429979e-02 -3.154389999999999972e-02 3.404034519599508091e-01 9.383529071572602187e-02 9.355856070451514794e-01 8.410663999999999918e-01
9.385366452230397005e-01 -1.115869450322383438e-02 -3.449992016084467150e-01 -2.284170000000000089e-01 -2.410859807423289952e-02 9.949174922840796631e-01 -9.776481496966740736e-02 -3.522630000000000206e-02 3.443366682076962060e-01 1.000733085499921626e-01 9.334975050012083164e-01 8.745157999999999543e-01
9.366149825483526259e-01 -9.019298145416358020e-03 -3.502442386776876693e-01 -2.415795000000000026e-01 -2.811518337816002952e-02 9.945098771659972581e-01 -1.007950429479815141e-01 -3.898920000000000163e-02 3.492304553293733016e-01 1.042533283892514012e-01 9.312192720246942335e-01 9.084908000000000428e-01
9.347714086699788760e-01 -8.140538225399071917e-03 -3.551565079940731118e-01 -2.555139000000000160e-01 -3.006881888915530904e-02 9.943368033675377138e-01 -1.019322696668615857e-01 -4.290830000000000338e-02 3.539749703916287848e-01 1.059625080215989834e-01 9.292328380067172988e-01 9.433960000000000123e-01
9.300801496015165259e-01 -7.488370237203152355e-03 -3.672803283983656075e-01 -2.843628000000000267e-01 -3.119562072655494844e-02 9.945708110372911692e-01 -9.927605491814113503e-02 -5.137030000000000068e-02 3.660297099481210625e-01 1.037922258351530319e-01 9.247969643610854940e-01 1.014640999999999904e+00
9.239976413209183281e-01 -6.929029608081539726e-03 -3.823353859925470721e-01 -3.147199999999999998e-01 -3.162352601293251519e-02 9.950264524914598230e-01 -9.445798772348525107e-02 -5.934389999999999804e-02 3.810883249797729078e-01 9.936975088502052189e-02 9.191829748059741068e-01 1.087229000000000001e+00
9.204561777692239488e-01 -4.831229381325539973e-03 -3.908159209002822210e-01 -3.307570000000000232e-01 -3.252358527855177955e-02 9.955088421524619369e-01 -8.890647668698499484e-02 -6.328060000000000629e-02 3.894902324925483827e-01 9.454525064184692018e-02 9.161651348823370844e-01 1.124864700000000051e+00
9.168497967978880281e-01 -1.680602684464901214e-03 -3.992287886491759363e-01 -3.476247000000000087e-01 -3.468644395711376061e-02 9.958743788517765427e-01 -8.385148867013771101e-02 -6.703069999999999862e-02 3.977226429527007112e-01 9.072704735196222836e-02 9.130089277556453498e-01 1.161595900000000015e+00
9.132183425375481889e-01 3.257467830393316610e-03 -4.074575410472939807e-01 -3.650189999999999824e-01 -3.913985309490008307e-02 9.960454206121397425e-01 -7.975958862290638551e-02 -7.072710000000000108e-02 4.055864035599356376e-01 8.878574762268756637e-02 9.097344449158762947e-01 1.198491900000000054e+00
9.092038789948306832e-01 4.028303262780745519e-03 -4.163316937173727750e-01 -3.826172999999999935e-01 -4.006613121544148892e-02 9.961589108315209717e-01 -7.785967827049411483e-02 -7.434480000000000255e-02 4.144188841621243569e-01 8.747112177045004988e-02 9.058729443503867884e-01 1.235681999999999947e+00
9.051599639110746720e-01 4.131683364481449072e-03 -4.250510192024926637e-01 -4.008951000000000042e-01 -4.078261628753315771e-02 9.961839232107787545e-01 -7.716456016284395369e-02 -7.784570000000000378e-02 4.231101723443267959e-01 8.718096311097392470e-02 9.018743048395364559e-01 1.272836000000000078e+00
9.011508382008793783e-01 3.941452438547588671e-03 -4.334877527249496598e-01 -4.192456999999999989e-01 -4.093849978367526676e-02 9.962635369990415768e-01 -7.604606552361140026e-02 -8.107359999999999567e-02 4.315683098251242855e-01 8.627531395963763949e-02 8.979450785854620198e-01 1.309924599999999995e+00
8.972011733296006986e-01 5.344290103108412238e-03 -4.415897339604733518e-01 -4.382544999999999913e-01 -4.251645408417764616e-02 9.963273296398682533e-01 -7.432498466059293818e-02 -8.445400000000000129e-02 4.395707061532829196e-01 8.545929309316323275e-02 8.941332694380189627e-01 1.347161300000000006e+00
8.931964258450946215e-01 4.879353534281139632e-03 -4.496402303693876057e-01 -4.572032999999999792e-01 -4.160310116155510607e-02 9.965489304531993664e-01 -7.182904138526319260e-02 -8.800059999999999827e-02 4.477380113763961278e-01 8.286387102755904399e-02 8.903169390992391463e-01 1.384650900000000018e+00
8.856669771900984589e-01 7.735420823620348801e-03 -4.642565764527574190e-01 -4.988854999999999817e-01 -4.096912432934197990e-02 9.972633822164582718e-01 -6.154085912527665347e-02 -9.493169999999999387e-02 4.625100392063294930e-01 7.352489207657314507e-02 8.835601586074870450e-01 1.462095399999999934e+00
8.815143059762905464e-01 8.799940420769120086e-03 -4.720753005694427462e-01 -5.201244000000000423e-01 -4.065048853361843267e-02 9.975283553037648243e-01 -5.731246066034953457e-02 -9.803159999999999652e-02 4.704041519173878805e-01 6.971184557560408668e-02 8.796932376944398557e-01 1.501309000000000005e+00
8.777026841256293510e-01 7.625699839092763693e-03 -4.791449122975529606e-01 -5.416737999999999831e-01 -3.907385706105170886e-02 9.976828234503831716e-01 -5.569755368455646394e-02 -1.008214000000000055e-01 4.776099161167386420e-01 6.760793218281128947e-02 8.759668575539408808e-01 1.540589999999999904e+00
8.743982742190088420e-01 6.171805391826500758e-03 -4.851696268945783208e-01 -5.639174000000000131e-01 -3.727192109856691804e-02 9.978189750994316265e-01 -5.448024255766514834e-02 -1.034389000000000003e-01 4.837752184025563285e-01 6.572063412449127839e-02 8.727212248535232142e-01 1.580109599999999892e+00
8.713936139107419931e-01 7.808172922972136595e-03 -4.905223767283013458e-01 -5.874947999999999837e-01 -3.847255711555440383e-02 9.978816290738408146e-01 -5.246062052557121103e-02 -1.063199999999999978e-01 4.890736467900995699e-01 6.458549986291461931e-02 8.698480793925399412e-01 1.619883699999999926e+00
8.657489607145419930e-01 6.736991783269740200e-03 -5.004331623337952006e-01 -6.353613999999999651e-01 -3.710106974381333772e-02 9.980220622444829770e-01 -5.074912705785336597e-02 -1.124196999999999974e-01 4.991014402359054691e-01 6.250260966536999585e-02 8.642865127603596154e-01 1.701278300000000021e+00
8.636715512301218478e-01 4.302539450956714001e-03 -5.040366452451924273e-01 -6.603622999999999577e-01 -3.514919466036851847e-02 9.980434419076353869e-01 -5.170901449349006584e-02 -1.142837000000000020e-01 5.028279881932612438e-01 6.237608691985579989e-02 8.621329584641130861e-01 1.742854200000000020e+00
8.620932999947502617e-01 2.723081067949544021e-03 -5.067422687458179587e-01 -6.855118000000000045e-01 -3.408592046296050199e-02 9.980324223599164046e-01 -5.262541158594474799e-02 -1.163373000000000046e-01 5.056019107265657953e-01 6.264079140539918766e-02 8.604898832187111157e-01 1.785684300000000002e+00
8.617168154122673007e-01 4.381841392626126958e-03 -5.073706037028065108e-01 -7.103340000000000209e-01 -3.524884644260306565e-02 9.980637629290766144e-01 -5.124689212350064249e-02 -1.198070999999999997e-01 5.061636581780701860e-01 6.204453717985002059e-02 8.602027822240125854e-01 1.826808500000000057e+00
8.616186111037095197e-01 4.429340805442201143e-03 -5.075369444087236559e-01 -7.358514000000000443e-01 -3.417437902830804120e-02 9.981989611235673188e-01 -4.930462280415968263e-02 -1.227696000000000065e-01 5.064044636629343454e-01 5.982654053060538352e-02 8.602181724599845536e-01 1.869198399999999927e+00
8.610888095400073272e-01 2.710283397263792138e-03 -5.084473585818688468e-01 -7.615085000000000326e-01 -3.200952964350596563e-02 9.982911761848390908e-01 -4.888882861648487926e-02 -1.256774999999999975e-01 5.074460090462574735e-01 5.837278402986304654e-02 8.597041153720438311e-01 1.913070800000000071e+00
8.603996614827937872e-01 8.965571331037945624e-04 -5.096190917789490404e-01 -7.871673000000000142e-01 -3.055493189048760425e-02 9.982902112227350910e-01 -4.983021487044469316e-02 -1.285612999999999895e-01 5.087030751405593465e-01 5.844527664554343555e-02 8.589559540397658788e-01 1.956118900000000105e+00
8.594663649977049014e-01 -1.411603737770125364e-03 -5.111903508601463031e-01 -8.141962000000000366e-01 -2.836071340657865536e-02 9.983243464616673446e-01 -5.043975809770366581e-02 -1.312359999999999915e-01 5.104049738910287903e-01 5.784899858054991240e-02 8.579861630530679628e-01 2.000134200000000195e+00
8.577047880618833275e-01 -2.127386613185969222e-03 -5.141380853058037381e-01 -8.405224999999999502e-01 -2.659642740951900786e-02 9.984689882585888743e-01 -4.850061375818085635e-02 -1.341472999999999971e-01 5.134541134169343657e-01 5.527344490863667775e-02 8.563350510770664226e-01 2.044321500000000125e+00
8.553419688230980977e-01 -1.373297266713788961e-03 -5.180619947693938521e-01 -8.673965000000000147e-01 -2.536254665401196581e-02 9.986864046564510877e-01 -4.452197638913125977e-02 -1.371992999999999963e-01 5.174426128538789360e-01 5.122088645258428274e-02 8.541835652797132861e-01 2.088773699999999955e+00
8.525375510596847617e-01 -1.195449312111197468e-03 -5.226646103708358915e-01 -8.951947000000000099e-01 -2.349600823611680545e-02 9.988987801078783590e-01 -4.060990883960225589e-02 -1.399500999999999939e-01 5.221375887925747694e-01 4.690200422087149185e-02 8.515706314627937701e-01 2.133280800000000088e+00
8.485058863271101037e-01 -1.572446820470559462e-03 -5.291836054520605570e-01 -9.231445999999999819e-01 -2.220462032200010843e-02 9.990090890837398652e-01 -3.857194271011046838e-02 -1.427808000000000133e-01 5.287198839693861840e-01 4.447884147629091456e-02 8.476301769972125477e-01 2.177410599999999974e+00
8.428650659842402693e-01 -5.627368160564270860e-03 -5.380955428833877896e-01 -9.504704000000000486e-01 -1.943523142298695175e-02 9.989746028172250547e-01 -4.089027641997989432e-02 -1.455420000000000047e-01 5.377738858692537871e-01 4.492299693645662034e-02 8.418914253176177365e-01 2.220947699999999969e+00
8.367236561501327774e-01 -9.683913417202554344e-03 -5.475397200748840509e-01 -9.790461999999999776e-01 -1.720516129577571995e-02 9.988851902642985614e-01 -4.395860661397821278e-02 -1.483827000000000063e-01 5.473550088046520434e-01 4.620171524504552985e-02 8.356242551798476192e-01 2.264133000000000173e+00
8.245126389816750390e-01 -6.657149803886536557e-03 -5.658043747762672160e-01 -1.038334400000000102e+00 -1.792491968649684991e-02 9.991216525417861982e-01 -3.787638679181231510e-02 -1.539377000000000106e-01 5.655595507227392238e-01 4.137155760494098250e-02 8.236691015253846393e-01 2.350598100000000024e+00
8.190650485007353598e-01 -2.298428873811460618e-03 -5.736960550232153011e-01 -1.068697800000000031e+00 -2.051343696876847117e-02 9.992351851489834624e-01 -3.329029384077435844e-02 -1.566838000000000120e-01 5.733337991329452432e-01 3.903539400324743808e-02 8.183914667118633579e-01 2.393658600000000192e+00
8.149659634531825070e-01 -2.490870524248092049e-03 -5.795034719282166069e-01 -1.099159999999999915e+00 -2.165454747427781809e-02 9.991614821121633794e-01 -3.474785226613628930e-02 -1.591507000000000061e-01 5.791041003019319344e-01 4.086720234437900279e-02 8.142286612408294877e-01 2.435767400000000027e+00
8.113815504043084825e-01 -4.490073474614249618e-03 -5.844996312263106564e-01 -1.130042200000000108e+00 -2.250395557811358388e-02 9.989891513236727194e-01 -3.891333345970718338e-02 -1.617866000000000026e-01 5.840835142741480634e-01 4.472711457047773287e-02 8.104603220240707007e-01 2.478004900000000177e+00
8.084021095421654035e-01 -6.739015490195631591e-03 -5.885920615825529500e-01 -1.161083800000000110e+00 -2.507355562250910067e-02 9.986326485035378342e-01 -4.587101646197246779e-02 -1.646844000000000086e-01 5.880963748368305266e-01 5.184032226975938268e-02 8.071277686282052333e-01 2.519820499999999797e+00
8.049828742075112453e-01 -8.099853493757672510e-03 -5.932427535216874270e-01 -1.192258599999999946e+00 -2.468461909168106344e-02 9.985837494674856263e-01 -4.712923593435980330e-02 -1.677417999999999965e-01 5.927843130624431689e-01 5.258219920122776669e-02 8.036428749850580422e-01 2.561617399999999822e+00
8.017525407087701117e-01 -6.227838369786721506e-03 -5.976236922146509478e-01 -1.224279399999999907e+00 -2.430504645306158507e-02 9.987787355891314389e-01 -4.301513747380455999e-02 -1.708978999999999915e-01 5.971617269918982895e-01 4.901276735928709882e-02 8.006220209635992457e-01 2.603954100000000160e+00
7.986317193292790106e-01 -3.894624496082712412e-03 -6.018074515833068405e-01 -1.256594400000000000e+00 -2.369039958292745371e-02 9.990005436203390765e-01 -3.790354619119745694e-02 -1.735707999999999973e-01 6.013535913659789900e-01 4.452803326334457690e-02 7.977412565518581244e-01 2.646152700000000024e+00
7.953096279964518844e-01 -1.450156849203432588e-03 -6.062016930537706960e-01 -1.288585700000000056e+00 -2.471440081012347273e-02 9.990881687301675917e-01 -3.481421399366611824e-02 -1.761155000000000082e-01 6.056994254650914788e-01 4.266999119419780107e-02 7.945486000508371616e-01 2.687812800000000113e+00
7.925369663143394527e-01 -1.269077980859047161e-03 -6.098225532614729438e-01 -1.321444700000000028e+00 -2.557481537380103254e-02 9.990488810738935577e-01 -3.531659728225894357e-02 -1.785650000000000015e-01 6.092873590054692645e-01 4.358580808106886362e-02 7.917507129709834279e-01 2.728839900000000096e+00
7.889280079331395523e-01 -2.627055250428025207e-03 -6.144800215461518889e-01 -1.354466600000000076e+00 -2.575457623771736787e-02 9.989707944256215333e-01 -3.733702836941044795e-02 -1.808977999999999975e-01 6.139456817190456217e-01 4.528189997508668546e-02 7.880483801348635575e-01 2.770591000000000026e+00
7.848437500004602496e-01 -5.381134974125479156e-03 -6.196703409649401140e-01 -1.387360600000000055e+00 -2.459560941915641535e-02 9.989038749493563962e-01 -3.982592884617839474e-02 -1.835224000000000022e-01 6.192054134796588505e-01 4.649830101789530906e-02 7.838511108111884118e-01 2.811943100000000140e+00
7.803725437257627018e-01 -6.718735612226207216e-03 -6.252787790983759253e-01 -1.420838800000000068e+00 -2.316107613969638560e-02 9.989455699154433654e-01 -3.963978933295580348e-02 -1.865761999999999976e-01 6.248857956067123132e-01 4.541593264574595584e-02 7.793940822914190436e-01 2.853466500000000128e+00
7.760264668954048872e-01 -6.833500409754757199e-03 -6.306633221854470728e-01 -1.454845699999999908e+00 -2.281011779813183968e-02 9.989830353513242667e-01 -3.889207639468709315e-02 -1.891758000000000051e-01 6.302877289015472728e-01 4.456678530480642081e-02 7.750814024628154275e-01 2.894099199999999872e+00
7.708180298342985903e-01 -6.673645426687069976e-03 -6.370204292949240843e-01 -1.488899699999999937e+00 -2.272819860623690597e-02 9.990204489188693193e-01 -3.796803431909838433e-02 -1.920171999999999990e-01 6.366498204432998742e-01 4.374477224377378015e-02 7.699112942611340271e-01 2.935053799999999935e+00
7.656032276397338743e-01 -7.991596920419787378e-03 -6.432634236502829950e-01 -1.523448499999999983e+00 -2.254189333771214332e-02 9.989755240913313905e-01 -3.923984341458359310e-02 -1.947018000000000082e-01 6.429180047816152044e-01 4.454252625425917517e-02 7.646387398520398948e-01 2.975011600000000200e+00
7.598785511591548136e-01 -9.758948777017663681e-03 -6.499918079537858606e-01 -1.558316699999999999e+00 -2.144219460647317499e-02 9.989669552108864092e-01 -4.006562974856357068e-02 -1.973904999999999965e-01 6.497113357320478677e-01 4.438226352337603514e-02 7.588843093026893527e-01 3.015980200000000000e+00
7.539750950714811939e-01 -1.132379470774938501e-02 -6.568053955970273305e-01 -1.593361100000000086e+00 -2.047385660690433096e-02 9.989605826151136680e-01 -4.072561327853210095e-02 -2.001584999999999892e-01 6.565838691344699773e-01 4.415343763162022511e-02 7.529595585008000969e-01 3.055986900000000173e+00
7.485157278026377536e-01 -1.255873993373931435e-02 -6.629981020209364528e-01 -1.629189800000000021e+00 -2.020148445098892548e-02 9.989247098240843226e-01 -4.172917599048973220e-02 -2.031420999999999921e-01 6.628092525440963945e-01 4.462849038613690006e-02 7.474571510045178169e-01 3.095430100000000184e+00
7.422293198523525204e-01 -1.466989153632729422e-02 -6.699853961347416176e-01 -1.664998100000000036e+00 -1.896449404348619222e-02 9.989001716080700977e-01 -4.288117450633503053e-02 -2.061299000000000048e-01 6.698775893528524650e-01 4.453359904252713469e-02 7.411347879023968410e-01 3.134982599999999842e+00
7.357133514782669970e-01 -1.703346721957082685e-02 -6.770788177539567299e-01 -1.701924100000000051e+00 -1.589242251026988170e-02 9.989743018114927153e-01 -4.240017956324740322e-02 -2.088408999999999960e-01 6.771065613058043775e-01 4.195480085425697114e-02 7.346880285685268852e-01 3.175292999999999921e+00
7.295376492229580512e-01 -1.641150586683097143e-02 -6.837437245353139570e-01 -1.739203599999999961e+00 -1.579085704458026498e-02 9.990414075574225450e-01 -4.082786817213823055e-02 -2.118172999999999861e-01 6.837583397663518081e-01 4.058236637835255928e-02 7.285791682028078808e-01 3.214137800000000045e+00
7.167632563185730721e-01 -1.803612178120948123e-02 -6.970833039907704531e-01 -1.815386799999999967e+00 -1.457088910521851799e-02 9.990597919206715138e-01 -4.083162203621094888e-02 -2.178644999999999887e-01 6.971643447439628272e-01 3.942372989099260372e-02 7.158265473836543658e-01 3.292263699999999904e+00
7.098111580530668263e-01 -2.065501338525381481e-02 -7.040891210105573172e-01 -1.854708800000000046e+00 -1.313343308111053487e-02 9.990081467685070216e-01 -4.254686387569885792e-02 -2.205487999999999893e-01 7.042695739834770041e-01 3.944734607306609603e-02 7.088358583261173962e-01 3.331952600000000153e+00
7.034651068265744822e-01 -1.989553327969475691e-02 -7.104512729476898381e-01 -1.893560300000000085e+00 -1.427784284932167094e-02 9.990107954365737841e-01 -4.211381964099426833e-02 -2.236333000000000071e-01 7.105863682066005937e-01 3.976931425987477453e-02 7.024851706351193936e-01 3.370578800000000097e+00
6.980695202454325621e-01 -1.899702351000302075e-02 -7.157779390300261779e-01 -1.934262600000000054e+00 -1.508610488727307741e-02 9.990358794864545589e-01 -4.122767199414035383e-02 -2.265901999999999916e-01 7.158710458899993911e-01 3.957808227398874196e-02 6.971099060118652879e-01 3.409505100000000066e+00
6.928962079053893053e-01 -1.853722538063935082e-02 -7.207990124476579830e-01 -1.974026700000000023e+00 -1.603657733852000694e-02 9.990259917836640247e-01 -4.110834377510229343e-02 -2.296824000000000088e-01 7.208589829207909805e-01 4.004296462368521492e-02 6.919240476573632614e-01 3.447753699999999810e+00
6.879550962495433186e-01 -1.989519451792075982e-02 -7.254805075116600444e-01 -2.014344200000000029e+00 -1.592108206027689765e-02 9.989699104665433760e-01 -4.249278913529041385e-02 -2.322919999999999985e-01 7.255785999396010544e-01 4.078356553270474222e-02 6.869296878808835993e-01 3.485638400000000026e+00
6.774549336579430703e-01 -2.454860087116461295e-02 -7.351545273327098062e-01 -2.096491599999999789e+00 -1.604093666437268403e-02 9.987122002900925555e-01 -4.813137586493317771e-02 -2.380316000000000098e-01 7.353893534811619670e-01 4.439940525491466866e-02 6.761887248391297289e-01 3.560875400000000024e+00
6.727034737952272136e-01 -2.521642808028093027e-02 -7.394823649680268840e-01 -2.137946400000000136e+00 -1.668003887054001974e-02 9.986482882494022162e-01 -4.922776330299961228e-02 -2.409525999999999890e-01 7.397241463188228838e-01 4.545028197284260024e-02 6.713735616044749221e-01 3.597369899999999898e+00
6.624076149684315906e-01 -2.557441246018621675e-02 -7.487069527252638856e-01 -2.223081399999999874e+00 -1.391412661298519274e-02 9.988247151383636835e-01 -4.642828350654885222e-02 -2.476369999999999960e-01 7.490143848501389368e-01 4.117205188089283902e-02 6.612732517133028676e-01 3.672445800000000204e+00
6.573714332603668442e-01 -2.636722710264136071e-02 -7.531052835215863439e-01 -2.266006500000000035e+00 -1.349978180999762689e-02 9.988152280562694330e-01 -4.675356771397197464e-02 -2.510208999999999913e-01 7.534457874487676676e-01 4.090121682566719152e-02 6.562366462168096604e-01 3.709321999999999786e+00
6.526685417633264485e-01 -2.744146700175120052e-02 -7.571464458619117099e-01 -2.308795700000000117e+00 -1.241350556329796039e-02 9.988223990512841155e-01 -4.690117304575039392e-02 -2.542725000000000124e-01 7.575418664814261849e-01 4.000976183669745223e-02 6.515593138660575878e-01 3.746049600000000090e+00
6.483133814896997471e-01 -2.809213167356944957e-02 -7.608551711853088761e-01 -2.352473999999999954e+00 -1.189221456747976968e-02 9.988235536934698677e-01 -4.701152858426421027e-02 -2.573599999999999777e-01 7.612807199805284863e-01 3.952645601597625652e-02 6.472165979490522858e-01 3.782475900000000113e+00
6.441476438523179304e-01 -2.877100113865328074e-02 -7.643598906359405643e-01 -2.396159899999999787e+00 -1.056938128714586533e-02 9.988621423094548035e-01 -4.650493350358873151e-02 -2.608784000000000103e-01 7.648281513508210505e-01 3.803485446857777369e-02 6.431106038208667108e-01 3.819190700000000049e+00
6.403824971570247770e-01 -3.107363196369249472e-02 -7.674273169046813559e-01 -2.440800199999999975e+00 -8.425169614751242680e-03 9.988369429138341804e-01 -4.747397168458529493e-02 -2.642566000000000082e-01 7.680099438496196251e-01 3.686720584925201605e-02 6.393758951360093423e-01 3.855910999999999866e+00
6.356996233508872551e-01 -3.655941378182431950e-02 -7.710702939002832546e-01 -2.484629599999999883e+00 -4.297707781433693364e-03 9.986947543647733960e-01 -5.089516000672672513e-02 -2.675840999999999914e-01 7.719245549788950056e-01 3.566786884878693498e-02 6.347127575150985912e-01 3.892677299999999896e+00
6.306149004463983410e-01 -4.064532903810119668e-02 -7.750308410394798342e-01 -2.529363399999999817e+00 4.052963839488443742e-04 9.986447807832871115e-01 -5.204265125011886539e-02 -2.712223000000000273e-01 7.760957950342343148e-01 3.250475413973820393e-02 6.297767524198516487e-01 3.929228300000000118e+00
6.244465076466330089e-01 -4.347855542043198296e-02 -7.798565087927880057e-01 -2.574968800000000169e+00 4.205439121882287301e-03 9.986221550327658569e-01 -5.230779826667088933e-02 -2.747872000000000092e-01 7.810562549328412540e-01 2.938378287877550094e-02 6.237689635866932036e-01 3.965214500000000086e+00
6.067836933012734635e-01 -4.811470640903171836e-02 -7.934094306036693078e-01 -2.667486400000000035e+00 1.201865753797081229e-02 9.986075272568412098e-01 -5.136689962380496660e-02 -2.823239000000000165e-01 7.947761328919301649e-01 2.163288083334625328e-02 6.065170377262283363e-01 4.036812300000000242e+00
5.980522506333317834e-01 -4.663589916521673762e-02 -8.000991178731908793e-01 -2.714667799999999964e+00 1.266988794486911471e-02 9.987309776718016341e-01 -4.874328854510807940e-02 -2.859251999999999905e-01 8.013569613174087447e-01 1.901386724942984163e-02 5.978841805904804296e-01 4.071550399999999570e+00
5.888821853601706735e-01 -4.637140664771799425e-02 -8.068875165789478610e-01 -2.762064699999999817e+00 1.206709061166905475e-02 9.987458825585567856e-01 -4.859061016800581001e-02 -2.896473999999999993e-01 8.081287998144847107e-01 1.887735992773661997e-02 5.887032259063639250e-01 4.105947500000000083e+00
5.795852807129774353e-01 -4.754974154144144677e-02 -8.135231554542263765e-01 -2.810005199999999981e+00 1.104761818782939303e-02 9.986629432568120412e-01 -5.050025641536309839e-02 -2.932207000000000008e-01 8.148367029738137202e-01 2.028171208215909238e-02 5.793356536946274726e-01 4.139133499999999799e+00
5.696825240212904928e-01 -4.963573585386363285e-02 -8.203646235369838058e-01 -2.858873399999999787e+00 1.122008911130214365e-02 9.985512939947264188e-01 -5.262530628691752116e-02 -2.966670000000000140e-01 8.217882521824378950e-01 2.077515313307986417e-02 5.694141389070268566e-01 4.172854899999999922e+00
5.598168399173439891e-01 -5.133371111161105088e-02 -8.270247613272945220e-01 -2.908370500000000192e+00 1.204581266665669809e-02 9.984778869480939179e-01 -5.382199989659749995e-02 -3.004013999999999851e-01 8.285288191379698297e-01 2.016827655450975990e-02 5.595830916661637122e-01 4.205835300000000387e+00
5.496630469327027368e-01 -5.204538574280311719e-02 -8.337636431624613209e-01 -2.958241699999999863e+00 1.499481634232072841e-02 9.985112888137832599e-01 -5.244388996153485916e-02 -3.041632000000000224e-01 8.352518723831257041e-01 1.632433564713529558e-02 5.496251684067627874e-01 4.238562599999999847e+00
5.392734518821865608e-01 -5.181543573476203590e-02 -8.405351299705965396e-01 -3.008957600000000010e+00 1.641029881570030616e-02 9.985623601887055889e-01 -5.102856951886082515e-02 -3.081821000000000144e-01 8.419708107695007548e-01 1.372492018113522991e-02 5.393484776822596860e-01 4.271033300000000033e+00
5.289686202912652346e-01 -5.272914563447274328e-02 -8.470016741115768966e-01 -3.060106300000000168e+00 1.686387157899509395e-02 9.985238775116124232e-01 -5.163018375467506860e-02 -3.117971999999999966e-01 8.484738113710537100e-01 1.302701960668348549e-02 5.290770153556518807e-01 4.302723399999999643e+00
5.187454872719267085e-01 -5.366251153815163044e-02 -8.532429046235481263e-01 -3.111302600000000140e+00 1.633449020336577920e-02 9.984680538780884573e-01 -5.286520419613267852e-02 -3.155506000000000144e-01 8.547726620949032128e-01 1.348629824378803910e-02 5.188273469034492269e-01 4.333761700000000161e+00
5.085186942164851009e-01 -5.409705004827877750e-02 -8.593498977764731928e-01 -3.163484799999999986e+00 1.464008553674819510e-02 9.984233867092549009e-01 -5.418864057621652214e-02 -3.192644000000000037e-01 8.609264809075382052e-01 1.497498073774067989e-02 5.085089423245834350e-01 4.364302600000000254e+00
4.986770443844173450e-01 -5.564511961209901714e-02 -8.649998994609057190e-01 -3.216140300000000174e+00 1.409770258936246870e-02 9.983259278416581894e-01 -5.609453253922366822e-02 -3.229374999999999885e-01 8.666732141849796678e-01 1.577854437035730237e-02 4.986266913752500640e-01 4.394188399999999994e+00
4.889139153352213274e-01 -5.547034981866637293e-02 -8.705666107097025375e-01 -3.268875099999999811e+00 1.315290687263706917e-02 9.983315122587989032e-01 -5.622448462955706439e-02 -3.269436000000000009e-01 8.722328728226103056e-01 1.603845136084971687e-02 4.888277648063393821e-01 4.423729400000000034e+00
4.805839196385406908e-01 -5.336849454384716418e-02 -8.753233116825916982e-01 -3.322591500000000142e+00 1.201832455927291307e-02 9.984535737681338174e-01 -5.427725955158142074e-02 -3.307747999999999799e-01 8.768663843822753767e-01 1.556485848843842251e-02 4.804821319472662999e-01 4.452536600000000178e+00
4.721147715933046163e-01 -5.169831945022559244e-02 -8.800198442134269383e-01 -3.376606499999999844e+00 1.315655315447910451e-02 9.985809001592788059e-01 -5.160514457084473122e-02 -3.349408999999999859e-01 8.814389074419707315e-01 1.278552318471345289e-02 4.721249652839785149e-01 4.481725199999999631e+00
4.642856957621471770e-01 -5.193488020587414683e-02 -8.841615016096666668e-01 -3.430223499999999870e+00 1.300411813490031515e-02 9.985714291607901139e-01 -5.182657402636885180e-02 -3.386886000000000063e-01 8.855900211848553027e-01 1.256459636353813095e-02 4.642977980736381349e-01 4.509774199999999844e+00
4.569461835344627576e-01 -5.499953280683594209e-02 -8.877923387506331254e-01 -3.484329699999999974e+00 1.484486409772408505e-02 9.984190777433475938e-01 -5.421231601807289385e-02 -3.426572999999999980e-01 8.893704601363873197e-01 1.159295428926886834e-02 4.570402477327765167e-01 4.537388800000000444e+00
4.498585330603163679e-01 -5.871138941227319746e-02 -8.911679263674723295e-01 -3.539063699999999812e+00 1.741890403716023911e-02 9.982238444790857423e-01 -5.697137961764717901e-02 -3.463647999999999727e-01 8.929299423890793008e-01 1.010589267082708659e-02 4.500822024012516298e-01 4.565114499999999964e+00
4.436716332767041138e-01 -6.167947841389460895e-02 -8.940643845765089415e-01 -3.593321599999999894e+00 1.861016489468733659e-02 9.980477767612767614e-01 -5.961792569743801923e-02 -3.504356000000000138e-01 8.959961738691600841e-01 9.812096843315527839e-03 4.439533524677599097e-01 4.592016700000000284e+00
4.382981516347237427e-01 -6.488627079448673618e-02 -8.964845242032734030e-01 -3.647935200000000044e+00 2.061834008331331000e-02 9.978542758924807687e-01 -6.214280437268503154e-02 -3.549695999999999962e-01 8.985931305801272417e-01 8.753053494495677267e-03 4.386955319224586924e-01 4.618632299999999802e+00
4.330469173494820301e-01 -6.601136664695500533e-02 -8.989509813374207958e-01 -3.702369200000000138e+00 2.421671643640953622e-02 9.978068000021749206e-01 -6.160471178780332902e-02 -3.598828000000000027e-01 9.010460132641113784e-01 4.908089528631118942e-03 4.336957373989621667e-01 4.645489200000000096e+00
4.295832669736748821e-01 -6.322831088795304033e-02 -9.008109665398622568e-01 -3.757653499999999980e+00 2.564845254198612132e-02 9.979975830713749829e-01 -5.781851836475418449e-02 -3.645298000000000149e-01 9.026629346652192964e-01 1.733460686110223359e-03 4.303447704987523048e-01 4.671317100000000444e+00
4.252518625850295053e-01 -6.153650898865337115e-02 -9.029806816479811760e-01 -3.811878699999999842e+00 2.885546066289067582e-02 9.981005920453971392e-01 -5.442950071937278922e-02 -3.685321999999999765e-01 9.046149544186717906e-01 -2.909676978157044874e-03 4.262198001289795313e-01 4.697137399999999907e+00
4.217084655120607595e-01 -6.101944416020780443e-02 -9.046759627346369070e-01 -3.865927000000000113e+00 3.021774652183526616e-02 9.981246142007584865e-01 -5.323666332264830048e-02 -3.725680000000000103e-01 9.062278178861015165e-01 -4.886917327536332428e-03 4.227614695409559475e-01 4.722603799999999907e+00
4.191040424807239151e-01 -6.058725961304792240e-02 -9.059144471465816473e-01 -3.920124299999999895e+00 3.205933804485523730e-02 9.981363436880971163e-01 -5.192338830510256908e-02 -3.770380999999999871e-01 9.073720297763432363e-01 -7.281715562825568505e-03 4.202653640237568045e-01 4.747306299999999979e+00
4.163999878142541911e-01 -5.976227511049555380e-02 -9.072152559464078392e-01 -3.974154200000000081e+00 3.390342285833746611e-02 9.981639630404419705e-01 -5.019223850245976837e-02 -3.808082999999999885e-01 9.085491775720110352e-01 -9.857654945091533227e-03 4.176616077307151453e-01 4.772312200000000004e+00
4.137595543332404091e-01 -5.874644630245585974e-02 -9.084887925807290099e-01 -4.028022799999999570e+00 3.526975407524671202e-02 9.982010338711043707e-01 -4.848443488512664545e-02 -3.847184000000000159e-01 9.097027402648789618e-01 -1.198127812427111222e-02 4.150871876233702684e-01 4.796839199999999970e+00
4.113016351128095938e-01 -5.947738974071710427e-02 -9.095567079974509195e-01 -4.081204900000000357e+00 3.758511813792349276e-02 9.981267771291494340e-01 -4.827313613528240455e-02 -3.886290000000000022e-01 9.107240657016195673e-01 -1.433097649876005630e-02 4.127666402030382153e-01 4.821256599999999892e+00
4.089244895080753617e-01 -5.990611076143975006e-02 -9.105998131857914180e-01 -4.134418499999999774e+00 4.017084571855918801e-02 9.980574256240831721e-01 -4.762014606112911774e-02 -3.922108999999999734e-01 9.116836430663960433e-01 -1.710652068848803053e-02 4.105366024060688179e-01 4.845534299999999739e+00
4.062788480758565135e-01 -5.958483389665571173e-02 -9.118043349182229917e-01 -4.187666899999999970e+00 4.403374765140816161e-02 9.979889749835736401e-01 -4.559643493748207627e-02 -3.957416999999999740e-01 9.126875295926459852e-01 -2.162529492848313389e-02 4.080855546883874752e-01 4.869408599999999865e+00
4.043811990615598928e-01 -5.867878583285929261e-02 -9.127062210474501391e-01 -4.240156700000000001e+00 4.545479150776518540e-02 9.979959076580050548e-01 -4.402306471453525105e-02 -3.993521999999999905e-01 9.134602934854481049e-01 -2.368477128992366176e-02 4.062380137732353180e-01 4.892778899999999709e+00
4.024777072183046145e-01 -5.958692293351863789e-02 -9.134884201825501648e-01 -4.292517199999999811e+00 4.779936694448463919e-02 9.978859646522124649e-01 -4.403205729726779316e-02 -4.031889000000000167e-01 9.141810081772663299e-01 -2.594224673073393383e-02 4.044750723129406644e-01 4.916126700000000405e+00
4.013478497910473175e-01 -6.109086227647161915e-02 -9.138861034146542606e-01 -4.343793400000000027e+00 4.917004594496948711e-02 9.977714596245927936e-01 -4.510455564994706595e-02 -4.065471999999999975e-01 9.146049475319234512e-01 -2.683320526748079332e-02 4.034572704081570427e-01 4.938550000000000217e+00
4.006969889493685044e-01 -6.185966700673250357e-02 -9.141199618456683496e-01 -4.394834499999999977e+00 4.862915586984014465e-02 9.977477227335024290e-01 -4.620267286095675052e-02 -4.103635999999999950e-01 9.149191921947514849e-01 -2.593961021152724200e-02 4.028026916193305773e-01 4.960984200000000399e+00
4.010140946145800411e-01 -6.237276085948450371e-02 -9.139460239112672246e-01 -4.444821400000000367e+00 4.744283290716324458e-02 9.977545706535810854e-01 -4.727572681229967599e-02 -4.139759000000000078e-01 9.148425402910557169e-01 -2.440195571370787006e-02 4.030727862696198427e-01 4.982650800000000046e+00
4.029101943468222924e-01 -6.207297479733486084e-02 -9.131321487557074734e-01 -4.494648500000000269e+00 4.572142627238041240e-02 9.978168659083812564e-01 -4.765556933239661203e-02 -4.177081999999999740e-01 9.140967817857282851e-01 -2.254878951484998867e-02 4.048686523063866893e-01 5.004773100000000419e+00
4.068430766626986994e-01 -6.191224466645731117e-02 -9.113975998059189454e-01 -4.543294399999999733e+00 4.349182870844391091e-02 9.978820282398842556e-01 -4.837270461169328184e-02 -4.214022000000000046e-01 9.124621481503902842e-01 -1.995824832532874446e-02 4.086740712555173571e-01 5.026377700000000281e+00
4.124675837471666329e-01 -6.261878430897804826e-02 -9.088175725685766482e-01 -4.591985700000000392e+00 4.185985463868310830e-02 9.978837357180965206e-01 -4.975743722223339993e-02 -4.247806000000000082e-01 9.100100246301700002e-01 -1.751964157629549643e-02 4.142159065410643271e-01 5.047939799999999977e+00
4.178923869947772096e-01 -6.235225338214006596e-02 -9.063543177973925058e-01 -4.640679399999999788e+00 4.112250321105377637e-02 9.979177050162321150e-01 -4.969098252996452525e-02 -4.283032999999999979e-01 9.075653654814423987e-01 -1.650607504241307852e-02 4.195862925135066535e-01 5.070592900000000292e+00
