1.000000000000000000e+00 0.000000000000000000e+00 0.000000000000000000e+00 0.000000000000000000e+00 0.000000000000000000e+00 1.000000000000000000e+00 0.000000000000000000e+00 0.000000000000000000e+00 0.000000000000000000e+00 0.000000000000000000e+00 1.000000000000000000e+00 0.000000000000000000e+00
9.993344193382619478e-01 -7.770270565738152634e-03 -3.564184648968218155e-02 -1.379999999999999933e-03 7.563112322888212134e-03 9.999537367815028999e-01 -5.943368464116051235e-03 -1.157400000000000052e-03 3.568637916418845174e-02 5.669849384604145649e-03 9.993469543407362821e-01 7.540170000000000206e-02
9.985049645813200980e-01 -3.319214406725010027e-03 -5.456022839192472412e-02 -3.402599999999999982e-03 2.983198390191828340e-03 9.999760879467729513e-01 -6.238915132662505372e-03 -1.226899999999999952e-03 5.457963204183000766e-02 6.066823748057748392e-03 9.984909901525343967e-01 9.148839999999999750e-02
9.857687213239836321e-01 3.726305350948303039e-05 -1.681071880400809293e-01 -2.124590000000000159e-02 -7.818051773201820836e-04 9.999901773726674881e-01 -4.362790259201328007e-03 -2.960099999999999797e-03 1.681053742149340169e-01 4.432129245172096964e-03 9.857590676176460898e-01 2.002705999999999931e-01
9.834295392653247259e-01 6.141072959874053962e-04 -1.812897243988753071e-01 -2.552319999999999936e-02 -1.428970782152749362e-03 9.999894556849454608e-01 -4.364236637751754688e-03 -3.417400000000000125e-03 1.812851327133444546e-01 4.550976945179575212e-03 9.834200472158117767e-01 2.203373000000000137e-01
9.774478146469668394e-01 -3.721128036621902321e-03 -2.111443175839778086e-01 -3.957730000000000276e-02 1.792263979710716736e-03 9.999549064547716970e-01 -9.325923378187035359e-03 -4.339499999999999608e-03 2.111694992930931158e-01 8.737177070647613245e-03 9.774104073034727280e-01 2.844292999999999960e-01
9.758605570033637155e-01 -3.096248736566140775e-03 -2.183725864865968536e-01 -4.513289999999999663e-02 7.637878774037890929e-04 9.999417671078923986e-01 -1.076471185047821362e-02 -4.813500000000000070e-03 2.183932002447952492e-01 1.033806736807260478e-02 9.758060946980859907e-01 3.069174000000000069e-01
9.740080798126864448e-01 -3.991578011719601818e-03 -2.264780955513792104e-01 -5.072839999999999988e-02 9.653830332950960602e-04 9.999087937577340046e-01 -1.347116184864245031e-02 -5.330800000000000122e-03 2.265112105287557798e-01 1.290238237418386488e-02 9.739230975974786375e-01 3.302684000000000175e-01
9.701972739655292388e-01 -1.494353581994630267e-02 -2.418552052924511087e-01 -6.234549999999999814e-02 1.139568703282381121e-02 9.998060634092688082e-01 -1.606156552491272080e-02 -6.608300000000000111e-03 2.420483172982320352e-01 1.282678086111692199e-02 9.701794090712476670e-01 3.788655000000000217e-01
9.609843536669609998e-01 -1.088072317424415743e-02 -2.763886428030258857e-01 -9.270889999999999687e-02 3.377608527442451519e-03 9.996131055324690706e-01 -2.760853144171762641e-02 -9.553499999999999492e-03 2.765821103541017401e-01 2.559783410639324130e-02 9.606493049605214773e-01 4.829844999999999833e-01
9.585297695832456499e-01 -1.409417345267619838e-02 -2.846436985028401034e-01 -1.009493000000000057e-01 5.739984980570043624e-03 9.995285252043738522e-01 -3.016255750416802980e-02 -1.039320000000000001e-02 2.849346124905022259e-01 2.727785874029136845e-02 9.581587472999617550e-01 5.102969000000000532e-01
9.560010593367903597e-01 -1.344625787104408894e-02 -2.930548970691326249e-01 -1.096436999999999967e-01 4.131300332090541774e-03 9.994670426184425471e-01 -3.238152369964244354e-02 -1.160699999999999926e-02 2.933341216164608301e-01 2.974607316621509165e-02 9.555471020450481134e-01 5.385379999999999612e-01
9.494308813375669232e-01 -1.558944037682593806e-02 -3.135888564845829563e-01 -1.390791000000000111e-01 4.301796896587217756e-04 9.988302452690992483e-01 -4.835241546299110654e-02 -1.582940000000000041e-02 3.139758215340881509e-01 4.577237687086487677e-02 9.483269863330822114e-01 6.251923000000000341e-01
9.480451340500453128e-01 -1.620101899852533986e-02 -3.177230724820609975e-01 -1.493066000000000115e-01 -1.879408598345151150e-03 9.983998494877047714e-01 -5.651732801759919156e-02 -1.746690000000000048e-02 3.181303060498198443e-01 5.417810929091063099e-02 9.464976708087083912e-01 6.547102000000000199e-01
9.466611985730820633e-01 -1.669700558715444400e-02 -3.217977394584962680e-01 -1.600154000000000021e-01 -4.437713156078471576e-03 9.978863388375834864e-01 -6.483179361446003708e-02 -1.958910000000000165e-02 3.222000648946553025e-01 6.280178951069870230e-02 9.445861810423301641e-01 6.850119000000000069e-01
9.452212852212228400e-01 -1.609616426375187759e-02 -3.260331815333126770e-01 -1.710673000000000055e-01 -8.502614085228610979e-03 9.972306396930675776e-01 -7.388340010498160859e-02 -2.182440000000000074e-02 3.263195175260857339e-01 7.260829672530159928e-02 9.424667674396765005e-01 7.158111000000000335e-01
9.437277413574621798e-01 -1.621306586756180584e-02 -3.303257281646664878e-01 -1.823760000000000103e-01 -1.107061713468816821e-02 9.966892597292837941e-01 -8.054788002517092316e-02 -2.445340000000000014e-02 3.305380335583186224e-01 7.967217855353449230e-02 9.404238152747587121e-01 7.474266999999999994e-01
9.404836919936553352e-01 -1.287895487645525361e-02 -3.395946960941430004e-01 -2.070130000000000026e-01 -2.001071935648297828e-02 9.954490888962294060e-01 -9.317018045760561140e-02 -3.059680000000000039e-02 3.392491653708513133e-01 9.442056945897406295e-02 9.359459171652086962e-01 8.109969000000000205e-01
9.369153753102970050e-01 -9.077400818551555756e-03 -3.494383784038964658e-01 -2.326177000000000106e-01 -2.807359635282355090e-02 9.944796156993507275e-01 -1.011047335503650613e-01 -3.794789999999999969e-02 3.484271124568008027e-01 1.045365713654840545e-01 9.314884070948843409e-01 8.762936999999999532e-01
9.350843782170643603e-01 -7.688066055028652118e-03 -3.543417831060000633e-01 -2.462010000000000032e-01 -3.066043374349730968e-02 9.942621140402576607e-01 -1.024831029334025839e-01 -4.161170000000000146e-02 3.530965072286423867e-01 1.066946213477103639e-01 9.294832512522224199e-01 9.104463999999999890e-01
9.303067800413634680e-01 -7.780190616710922977e-03 -3.666998277106739423e-01 -2.739600999999999842e-01 -3.110538803818779091e-02 9.944997460854606564e-01 -1.000135484369402555e-01 -4.966580000000000300e-02 3.654610100189404354e-01 1.044496226413579448e-01 9.249478506845745240e-01 9.801145999999999470e-01
9.242979040333176854e-01 -6.987987344969616432e-03 -3.816078519009829528e-01 -3.036711000000000271e-01 -3.179949751448964829e-02 9.949461596947144493e-01 -9.524143670989974886e-02 -5.744719999999999688e-02 3.803448127126777822e-01 1.001663982661172431e-01 9.194044355456154616e-01 1.050906300000000071e+00
9.207713480387765825e-01 -4.456377756209554258e-03 -3.900772555893873283e-01 -3.193267000000000189e-01 -3.302420289565147216e-02 9.954548454849089234e-01 -8.932554295229980235e-02 -6.137469999999999731e-02 3.887023625525848347e-01 9.513039103204753988e-02 9.164391316656708142e-01 1.087033499999999986e+00
9.172151353926590867e-01 -9.682685875888399907e-04 -3.983910865751998376e-01 -3.355549999999999922e-01 -3.568461765862102758e-02 9.957777710686277484e-01 -8.457682134103712557e-02 -6.481180000000000274e-02 3.967908812828038201e-01 9.179157424043869751e-02 9.133078908173727362e-01 1.122287299999999988e+00
9.135380925534059005e-01 3.200817672774164402e-03 -4.067405908193949537e-01 -3.522761999999999838e-01 -3.915400010988915463e-02 9.960174128974083052e-01 -8.010166964894320507e-02 -6.866990000000000594e-02 4.048643201484660725e-01 8.910144763907758281e-02 9.100251723437879914e-01 1.158253800000000000e+00
9.094640040685162408e-01 3.820087743502176281e-03 -4.157651166623937411e-01 -3.696100999999999970e-01 -3.997863606500137723e-02 9.961280214411680767e-01 -7.829861785552770514e-02 -7.204829999999999568e-02 4.138561754547636640e-01 8.783149679548753197e-02 9.060953008423673349e-01 1.194986799999999905e+00
9.053855714316256798e-01 4.232947193363680027e-03 -4.245692513612907004e-01 -3.869128000000000012e-01 -4.110544583282049053e-02 9.961270690490132695e-01 -7.772518659165432442e-02 -7.554950000000000554e-02 4.225959173564194926e-01 8.782337084102735669e-02 9.020530728110213170e-01 1.230959899999999996e+00
9.013440327806319097e-01 3.810980157274643232e-03 -4.330870709233745064e-01 -4.051524000000000236e-01 -4.104454157602148434e-02 9.962124315752535209e-01 -7.665596377148305163e-02 -7.867730000000000556e-02 4.311545896515093235e-01 8.686925581102634963e-02 8.980865505157490380e-01 1.268011199999999894e+00
8.975274264990730222e-01 5.385390941782853408e-03 -4.409257491305711985e-01 -4.240859000000000156e-01 -4.296380955408303504e-02 9.962358878648369664e-01 -7.528722865639629613e-02 -8.172079999999999622e-02 4.388606040083248838e-01 8.651620249735987589e-02 8.943804095321431502e-01 1.304556999999999967e+00
8.934202737995330379e-01 4.155189023132131731e-03 -4.492025698592445049e-01 -4.426053999999999822e-01 -4.108823688036632171e-02 9.965215191211291845e-01 -7.250254284216366141e-02 -8.528560000000000307e-02 4.473387655390826390e-01 8.323218327485416845e-02 8.904832578511910901e-01 1.341769800000000012e+00
8.896487356611922914e-01 5.142304977188864867e-03 -4.566165610618646009e-01 -4.623331999999999997e-01 -4.071499232794971446e-02 9.968473161935513804e-01 -6.810078999137113287e-02 -8.878429999999999656e-02 4.548267983927254954e-01 7.917692149380030353e-02 8.870533234065399730e-01 1.378589999999999982e+00
8.858954046089050349e-01 7.271755708276348568e-03 -4.638280432032365619e-01 -4.825285000000000268e-01 -4.087136963342055673e-02 9.972121957964131811e-01 -6.242890115310688326e-02 -9.195369999999999933e-02 4.620810137163315900e-01 7.426276404642660756e-02 8.837229082914350720e-01 1.416569200000000084e+00
8.818287070502720537e-01 8.035216725265158233e-03 -4.715013963014569320e-01 -5.032398000000000149e-01 -4.008728939398619601e-02 9.975129110853342418e-01 -5.797414464315056581e-02 -9.521989999999999621e-02 4.698628955887965697e-01 7.002447793621999206e-02 8.799576307065423153e-01 1.454804699999999951e+00
8.779852854809783169e-01 6.888173935281183269e-03 -4.786380590161236626e-01 -5.247005000000000141e-01 -3.858408397538334172e-02 9.976613581579585333e-01 -5.641881691597455672e-02 -9.791249999999999953e-02 4.771300733999750410e-01 6.800270213936357444e-02 8.761977662372116837e-01 1.493468999999999935e+00
8.748154563614867207e-01 6.217758709861936905e-03 -4.844164084624607569e-01 -5.469490999999999659e-01 -3.765524960838556590e-02 9.977652810703573349e-01 -5.519534461819215060e-02 -1.005912999999999946e-01 4.829906826098965822e-01 6.652656136624492123e-02 8.730946209574362848e-01 1.532416000000000000e+00
8.715497721916067864e-01 7.176685933567517051e-03 -4.902545152997259681e-01 -5.694666000000000450e-01 -3.810851221165140190e-02 9.978596486827433498e-01 -5.314003037039309596e-02 -1.034115000000000034e-01 4.888238290936446351e-01 6.499705154668801443e-02 8.699578423121803183e-01 1.571383600000000103e+00
8.686439628718880535e-01 7.826932974144587898e-03 -4.953750143945898632e-01 -5.923688000000000287e-01 -3.844309535655975746e-02 9.979254109069894962e-01 -5.164303133553165004e-02 -1.066577999999999971e-01 4.939431082479320834e-01 6.390315630964168991e-02 8.671427751114790805e-01 1.610768800000000001e+00
8.659480531651604363e-01 6.555129691376490597e-03 -5.000909912147964986e-01 -6.156987999999999905e-01 -3.714822558513250494e-02 9.979950431142167178e-01 -5.124356794104735491e-02 -1.096386000000000027e-01 4.987524221047398010e-01 6.295176085052636705e-02 8.644553760897514261e-01 1.650654800000000089e+00
8.636241510337825389e-01 2.874105334711283058e-03 -5.041280246819286326e-01 -6.394611999999999519e-01 -3.398216177441705510e-02 9.980412485658350930e-01 -5.252503062622894403e-02 -1.111737000000000003e-01 5.029896007198515484e-01 6.249324507235901049e-02 8.620301943018066071e-01 1.691346400000000028e+00
8.616361332389308458e-01 3.398255299190189316e-03 -5.075151483039542777e-01 -6.886908000000000474e-01 -3.472822025395915640e-02 9.980285728266189427e-01 -5.227732337882864955e-02 -1.163508000000000042e-01 5.063369674584857760e-01 6.266912862473555945e-02 8.600554957108061949e-01 1.773842200000000036e+00
8.616329669641806799e-01 3.859991813440757577e-03 -5.075172220759639474e-01 -7.136700000000000266e-01 -3.402398828286850446e-02 9.981608639571640795e-01 -5.017228204511967743e-02 -1.195779000000000009e-01 5.063901642625282529e-01 6.049785225516673276e-02 8.601796390351736932e-01 1.815317599999999976e+00
8.613635269010565532e-01 2.909440142270319773e-03 -5.079807178256190436e-01 -7.388780000000000348e-01 -3.282634812354490172e-02 9.982123579352795151e-01 -4.994516327094285918e-02 -1.223786000000000040e-01 5.069273176634343514e-01 5.969609387010046259e-02 8.599192235223070968e-01 1.857486200000000087e+00
8.606202310043462589e-01 1.107783039005409351e-03 -5.092461004296099381e-01 -7.639732999999999663e-01 -3.137542563716400751e-02 9.982131981277454491e-01 -5.085266708507284877e-02 -1.252109000000000139e-01 5.082798448218389664e-01 5.974264724898748630e-02 8.591172303286499501e-01 1.899665099999999995e+00
8.596311654639083866e-01 -1.008429256931802145e-03 -5.109141243238400909e-01 -7.902434000000000403e-01 -2.943441592802231721e-02 9.982394030914886196e-01 -5.149474997050342701e-02 -1.278169000000000111e-01 5.100665393084894417e-01 5.930495077126563680e-02 8.580880189653500301e-01 1.942578300000000091e+00
8.578282482355193972e-01 -2.085407615325055725e-03 -5.139322402849020310e-01 -8.158115000000000228e-01 -2.718226093964599965e-02 9.984080050223722580e-01 -4.942246652541569529e-02 -1.308081000000000105e-01 5.132171287275877347e-01 5.636582814369699157e-02 8.564059038786958622e-01 1.985869899999999966e+00
8.553532904590956942e-01 -1.492943871441401726e-03 -5.180429708232656694e-01 -8.417470000000000230e-01 -2.584161406478017314e-02 9.986279610161693521e-01 -4.554565247326242128e-02 -1.338179999999999925e-01 5.174001927747273744e-01 5.234469023009846733e-02 8.541411323202916517e-01 2.029306399999999844e+00
8.523745436522934815e-01 -1.051886808130609446e-03 -5.229307132572031946e-01 -8.687842000000000064e-01 -2.421860697758504780e-02 9.988455434141961797e-01 -4.148541282986484974e-02 -1.366435000000000011e-01 5.223706504098499792e-01 4.802576324996748330e-02 8.513650390136116020e-01 2.072750099999999929e+00
8.485195334237972675e-01 -1.277383729236466342e-03 -5.291625172752409956e-01 -8.959055999999999687e-01 -2.319262056655326670e-02 9.989463716760449419e-01 -3.960112203613597170e-02 -1.393494999999999873e-01 5.286555624880129312e-01 4.587499107436780743e-02 8.475958833338027576e-01 2.115349800000000169e+00
8.430891279217410661e-01 -4.969390774722977355e-03 -5.377508972893360051e-01 -9.225208999999999770e-01 -2.072301183901487792e-02 9.989143808544699299e-01 -4.172069633228706054e-02 -1.421918000000000071e-01 5.373744310631815013e-01 4.631808369804346626e-02 8.420708734792237138e-01 2.157098799999999983e+00
8.366923641523590360e-01 -9.208812960704393022e-03 -5.475957318432924659e-01 -9.496244999999999825e-01 -1.833242955445583966e-02 9.988273992605248841e-01 -4.480790681438866219e-02 -1.449168999999999874e-01 5.473662483162140546e-01 4.752919366358729358e-02 8.355424381525584643e-01 2.198759599999999814e+00
8.304882963992044065e-01 -9.643011628312429806e-03 -5.569526028942530793e-01 -9.781482000000000232e-01 -1.783203093571618728e-02 9.988774630145011990e-01 -4.388430874949970223e-02 -1.477263000000000048e-01 5.567505798979064391e-01 4.637700085656667331e-02 8.293840880888028178e-01 2.240764899999999837e+00
8.191314160233270636e-01 -2.300527061271777710e-03 -5.736012821279773410e-01 -1.036729800000000035e+00 -2.129901606462376862e-02 9.991803531173822917e-01 -3.442344925922091042e-02 -1.528490000000000126e-01 5.732103237017788233e-01 4.041447165884535370e-02 8.184110185488941980e-01 2.324525099999999789e+00
8.150566347921591737e-01 -2.312627611356917606e-03 -5.793766769855445142e-01 -1.066074100000000024e+00 -2.260798729455239936e-02 9.991034857715588302e-01 -3.579250800949555777e-02 -1.553022000000000014e-01 5.789400322933025977e-01 4.227146168104004009e-02 8.142736410664280777e-01 2.365013799999999833e+00
8.116136964701874401e-01 -4.163978451829914232e-03 -5.841796547171522747e-01 -1.095851700000000095e+00 -2.358805305696325821e-02 9.989255527138839463e-01 -3.989165186155450155e-02 -1.579448999999999992e-01 5.837180924512965774e-01 4.615627171592474182e-02 8.106434401919905275e-01 2.405610300000000201e+00
8.086209669736559302e-01 -6.094715735765334624e-03 -5.882983819548459614e-01 -1.125707699999999978e+00 -2.649660270894705141e-02 9.985544503063041866e-01 -4.676472835758625074e-02 -1.608841000000000021e-01 5.877329851348092049e-01 5.340284836574567956e-02 8.072905759210566856e-01 2.445719700000000163e+00
8.052819822996212240e-01 -7.864783436301864619e-03 -5.928398385441826512e-01 -1.156023400000000034e+00 -2.583368502487822654e-02 9.984969264423995128e-01 -4.833744514469705267e-02 -1.636492999999999975e-01 5.923289201969019757e-01 5.424051130457092917e-02 8.038684079075323341e-01 2.486251400000000000e+00
8.018999301425269177e-01 -5.885531843256484874e-03 -5.974293787154530966e-01 -1.186943700000000046e+00 -2.564065893080384045e-02 9.986911815710896034e-01 -4.425472247947249971e-02 -1.667069999999999941e-01 5.969079147129853213e-01 5.080634179965089203e-02 8.006994798211951592e-01 2.527365000000000084e+00
7.987046881225631223e-01 -3.515860575505218993e-03 -6.017129381153880630e-01 -1.218101000000000100e+00 -2.496892754884839569e-02 9.989279736928214914e-01 -3.898020049991993835e-02 -1.694080000000000030e-01 6.012049349665216091e-01 4.615779564025136034e-02 7.977606684172473539e-01 2.568087600000000137e+00
7.952806836252956924e-01 -1.417218567497937134e-03 -6.062397427948899020e-01 -1.248901100000000097e+00 -2.556372356145115293e-02 9.990294273199196162e-01 -3.587059222409145348e-02 -1.718874999999999986e-01 6.057021795322813373e-01 4.402493430279347947e-02 7.944725765370876935e-01 2.608515300000000092e+00
7.925394230442215360e-01 -1.178280502593651025e-03 -6.098195426319082957e-01 -1.280927399999999938e+00 -2.655769144175314234e-02 9.989826945351435450e-01 -3.644537068804298147e-02 -1.741733000000000031e-01 6.092421127483039767e-01 4.507979230610361515e-02 7.917018759480246581e-01 2.648456100000000202e+00
7.888609587701042036e-01 -2.564777794364146365e-03 -6.145663590233177986e-01 -1.312473999999999918e+00 -2.669217245464928362e-02 9.989046943884097862e-01 -3.843097004303968472e-02 -1.765131000000000061e-01 6.139917879401671774e-01 4.672080311449374607e-02 7.879284554440038058e-01 2.688576199999999972e+00
7.846931294226481279e-01 -5.213329323407076346e-03 -6.198624959087757347e-01 -1.344183600000000034e+00 -2.562863464821553416e-02 9.988367796796305820e-01 -4.084434655240905959e-02 -1.792323999999999862e-01 6.193543942872767882e-01 4.793650755521002699e-02 7.836467479167190664e-01 2.728343999999999880e+00
7.802871488363135599e-01 -6.390339425460151573e-03 -6.253887822170492994e-01 -1.376726700000000081e+00 -2.447161069233241143e-02 9.988700799155653121e-01 -4.073946145440582312e-02 -1.821258000000000044e-01 6.249424818581462704e-01 4.709274903315270600e-02 7.792491048166054757e-01 2.768556100000000075e+00
7.758333290694330309e-01 -6.755045230957780131e-03 -6.309017473973015377e-01 -1.409685599999999983e+00 -2.375507456147372964e-02 9.989209602969392199e-01 -3.990753703274028952e-02 -1.847136000000000056e-01 6.304905565808416323e-01 4.594871536145954394e-02 7.748357075012818340e-01 2.808146199999999926e+00
7.708482227875705917e-01 -6.433294044342867044e-03 -6.369863657512482291e-01 -1.442942100000000005e+00 -2.405975685892294824e-02 9.989414967640214416e-01 -3.920477193845151032e-02 -1.874384000000000050e-01 6.365643294476477365e-01 4.554666585597136330e-02 7.698774939587927912e-01 2.847737299999999916e+00
7.655041433814921970e-01 -7.735007537300947131e-03 -6.433844699121712418e-01 -1.476353400000000038e+00 -2.377881684418563235e-02 9.989045811389335450e-01 -4.030143482733961058e-02 -1.901606000000000130e-01 6.429914263310657629e-01 4.614983681498263657e-02 7.644816663770898080e-01 2.886508500000000144e+00
7.598583664237220647e-01 -9.552495715509961433e-03 -6.500184711233041313e-01 -1.509978199999999937e+00 -2.278347201271667746e-02 9.988864637991716755e-01 -4.131278061123271061e-02 -1.927627000000000090e-01 6.496892921842858382e-01 4.620153963225959171e-02 7.587945976064210951e-01 2.925900700000000132e+00
7.539371913948482717e-01 -1.123681080277851539e-02 -6.568503981232184374e-01 -1.543894099999999936e+00 -2.155345205176224105e-02 9.988923471785114971e-01 -4.182735292672160043e-02 -1.955639999999999878e-01 6.565928419776599911e-01 4.569259055018329296e-02 7.528598986747222499e-01 2.964873600000000220e+00
7.483469953004203701e-01 -1.267910529931031219e-02 -6.631862595935185123e-01 -1.578724999999999934e+00 -2.112477364718076331e-02 9.988545515026555632e-01 -4.293400611152384944e-02 -1.984058999999999962e-01 6.629709786734168109e-01 4.613919408960229923e-02 7.472219591296644925e-01 3.003397200000000211e+00
7.419618604748126067e-01 -1.476383650431241541e-02 -6.702795138838935074e-01 -1.613480400000000037e+00 -1.999134237427012059e-02 9.988257632221400062e-01 -4.412981932643837008e-02 -2.011157000000000084e-01 6.701439724647453300e-01 4.614243009837381421e-02 7.407954726601582163e-01 3.041905199999999976e+00
7.358176874772232035e-01 -1.610031066261622193e-02 -6.769882648851742735e-01 -1.649197199999999919e+00 -1.852358381121043882e-02 9.988646929010004394e-01 -4.388851921151067786e-02 -2.038885000000000003e-01 6.769262940959382968e-01 4.483419757681992440e-02 7.346840729791153102e-01 3.080330099999999849e+00
7.295011212149703494e-01 -1.639953626898689107e-02 -6.837829841084547278e-01 -1.685251099999999891e+00 -1.715366012661281511e-02 9.989594168226864079e-01 -4.225914676775725798e-02 -2.067533000000000010e-01 6.837644814483724298e-01 4.255747585842444003e-02 7.284607025490104082e-01 3.118253000000000164e+00
7.228574670940779434e-01 -1.667163044479410411e-02 -6.907960183763700579e-01 -1.721999400000000069e+00 -1.650090338209196650e-02 9.990073503900409602e-01 -4.137673324762250471e-02 -2.096359999999999890e-01 6.908001175838845986e-01 4.130823894796603613e-02 7.218648259481195151e-01 3.156533000000000033e+00
7.094402927453480334e-01 -2.089957151740758773e-02 -7.044555904666975898e-01 -1.796808600000000089e+00 -1.401999537491087529e-02 9.989438876634263442e-01 -4.375555998461667234e-02 -2.155643999999999894e-01 7.046260786822200473e-01 4.091842140489630048e-02 7.083980322041056876e-01 3.232513200000000086e+00
7.032855655141867501e-01 -1.974932309518445325e-02 -7.106330822419347770e-01 -1.835155000000000092e+00 -1.608014988689008065e-02 9.989163769338428311e-01 -4.367494330826186821e-02 -2.183294000000000068e-01 7.107255744090018590e-01 4.214304368038399029e-02 7.022058969777650317e-01 3.270144499999999788e+00
6.978736781762081565e-01 -1.955078032420392437e-02 -7.159539763822289071e-01 -1.874312299999999931e+00 -1.580191526163800264e-02 9.989637413999774562e-01 -4.268187955353941465e-02 -2.211888999999999939e-01 7.160465269679578970e-01 4.110000434152720483e-02 6.968415608014866258e-01 3.307715400000000194e+00
6.928882871856061332e-01 -1.875474390568060423e-02 -7.208009996261308672e-01 -1.913212499999999983e+00 -1.716801104456851940e-02 9.989491585120159334e-01 -4.249515389910708124e-02 -2.242079999999999906e-01 7.208405377597535413e-01 4.181911392135847366e-02 6.918381897763824506e-01 3.344879600000000064e+00
6.879420551624747526e-01 -2.008364680124797089e-02 -7.254876814047177547e-01 -1.952145199999999914e+00 -1.696078825457235720e-02 9.988991622655425395e-01 -4.373551516766439884e-02 -2.269238000000000088e-01 7.255674058284413697e-01 4.239234313363869633e-02 6.868441081082560240e-01 3.381550799999999857e+00
6.824343454358960948e-01 -2.233885114862462634e-02 -7.306054611750720795e-01 -1.991790100000000008e+00 -1.683261916519435131e-02 9.987875320384274058e-01 -4.626152587871309313e-02 -2.299135999999999957e-01 7.307530548013601024e-01 4.386845761987651776e-02 6.812308942822056235e-01 3.418661100000000008e+00
6.722528386438126891e-01 -2.521233813745552693e-02 -7.398921941343741260e-01 -2.072349299999999950e+00 -1.769291561833704479e-02 9.985873261925154454e-01 -5.010302091296730403e-02 -2.358255999999999963e-01 7.401101821163238448e-01 4.677274819085831120e-02 6.708570848954464871e-01 3.491262400000000099e+00
6.622526676891195008e-01 -2.477014026579303294e-02 -7.488710465025721907e-01 -2.155139399999999927e+00 -1.628284254755308150e-02 9.987416267177947615e-01 -4.743450326149443314e-02 -2.426539000000000057e-01 7.491036464850616694e-01 4.360737566405561288e-02 6.610159783322016036e-01 3.563895700000000222e+00
6.575056253725563016e-01 -2.518301352809999144e-02 -7.530286637526405480e-01 -2.197134999999999838e+00 -1.653682954691450269e-02 9.987181821452152386e-01 -4.783854012292830526e-02 -2.460455000000000003e-01 7.532681367693579988e-01 4.390681589685431485e-02 6.562463757201404402e-01 3.599160700000000102e+00
6.486171535015329281e-01 -2.648908573665414296e-02 -7.606537428557129665e-01 -2.279702400000000129e+00 -1.550350959199883749e-02 9.987270211927824493e-01 -4.799977426741008912e-02 -2.522485999999999895e-01 7.609569168973364661e-01 4.292627955259702144e-02 6.473808038163262335e-01 3.668642300000000134e+00
6.442345954902997107e-01 -2.743785619654188004e-02 -7.643356265547143202e-01 -2.322647299999999859e+00 -1.407538179346408749e-02 9.987617237652003377e-01 -4.771690234009119680e-02 -2.554235999999999729e-01 7.646984174174928928e-01 4.149919503922298858e-02 6.430506567995079026e-01 3.704890499999999864e+00
6.403513536709393161e-01 -2.990366265747678234e-02 -7.674997816361014413e-01 -2.365196699999999819e+00 -1.140242604304994925e-02 9.987616082562769115e-01 -4.842762180479320833e-02 -2.590256000000000225e-01 7.679974795089684614e-01 3.976205267592626547e-02 6.392173735396031731e-01 3.740195500000000006e+00
6.357688138649162379e-01 -3.506748280709632432e-02 -7.710825422523659434e-01 -2.407988099999999854e+00 -7.717558967694394464e-03 9.986287405619030944e-01 -5.177912520821035397e-02 -2.622841000000000200e-01 7.718409516217559219e-01 3.887042800537921644e-02 6.346263745120437338e-01 3.775727700000000020e+00
6.309347835466981858e-01 -3.866086001787044646e-02 -7.748720131825382884e-01 -2.451312999999999853e+00 -3.980911909357429806e-03 9.985831803617681857e-01 -5.306396365657471692e-02 -2.657201000000000146e-01 7.758256577680652244e-01 3.656459764929696765e-02 6.298869572768546199e-01 3.810846600000000084e+00
6.243340804992469906e-01 -4.246416270168811014e-02 -7.800024043637329152e-01 -2.495143899999999970e+00 1.222819272451835387e-03 9.985732758720233804e-01 -5.338461788982712397e-02 -2.690891000000000255e-01 7.811564892133885385e-01 3.237603435043412414e-02 6.234952539992206777e-01 3.846014700000000008e+00
6.159914410377477223e-01 -4.622251161800017272e-02 -7.863955900105003005e-01 -2.539863800000000005e+00 5.781009528184496288e-03 9.985154213230824638e-01 -5.416210214552512336e-02 -2.726622000000000212e-01 7.877316322816255711e-01 2.881723095148274252e-02 6.153441660592997575e-01 3.881004599999999805e+00
6.067217125948217715e-01 -4.726510950199476480e-02 -7.935078908805955900e-01 -2.585099699999999778e+00 8.967717006463277879e-03 9.985741805874853716e-01 -5.262305498281241722e-02 -2.763450000000000073e-01 7.948637263818866261e-01 2.481159583333070184e-02 6.062804971253032971e-01 3.915764600000000151e+00
5.978381173636940771e-01 -4.564577283121746404e-02 -8.003162180348932786e-01 -2.630829299999999815e+00 9.395327068903766565e-03 9.987078952338366289e-01 -4.994264537315023372e-02 -2.800958000000000059e-01 8.015617962804253427e-01 2.233838445906081299e-02 5.974945048479164411e-01 3.949648400000000059e+00
5.883593418594460500e-01 -4.543561052063967154e-02 -8.073220485923421341e-01 -2.677195799999999792e+00 8.963442904192760879e-03 9.987251981450683269e-01 -4.967529850335223457e-02 -2.836741999999999875e-01 8.085499004625643638e-01 2.199054084625045452e-02 5.880165597797961663e-01 3.983512399999999953e+00
5.789830472700053798e-01 -4.690159976965586203e-02 -8.139894783797796407e-01 -2.724029300000000209e+00 8.279658195565156587e-03 9.986308586979294466e-01 -5.165128571875660102e-02 -2.871255999999999808e-01 8.152975396958483945e-01 2.316566414508845415e-02 5.785786668817072265e-01 4.016092300000000392e+00
5.690665166515602724e-01 -4.916895564247079214e-02 -8.208201468209025409e-01 -2.771563299999999952e+00 8.442347949411822816e-03 9.985074182589495084e-01 -5.395982248810974463e-02 -2.904077999999999937e-01 8.222481537754647851e-01 2.377707893909577347e-02 5.686322397912058069e-01 4.048872499999999874e+00
5.592189722653253536e-01 -5.071862078074522440e-02 -8.274670764233535980e-01 -2.819655200000000139e+00 9.097530861609720576e-03 9.984421504809006809e-01 -5.505004155581104397e-02 -2.941305000000000169e-01 8.289700694179105156e-01 2.325712039727667602e-02 5.588092074761217276e-01 4.081044200000000011e+00
5.492515275966749488e-01 -5.178829675385908382e-02 -8.340507968655465065e-01 -2.868050799999999789e+00 1.231782755270512467e-02 9.984711246000100848e-01 -5.388584660532871884e-02 -2.976919000000000093e-01 8.355662933347064447e-01 1.932318967783079947e-02 5.490497097563878937e-01 4.112617499999999815e+00
5.387317862933695967e-01 -5.174169071974589473e-02 -8.408869483340891682e-01 -2.917192500000000077e+00 1.395952305305065214e-02 9.985234576330030976e-01 -5.249796446304894060e-02 -3.015819000000000139e-01 8.423616765696825270e-01 1.654394143166506084e-02 5.386586153108656738e-01 4.144075899999999812e+00
5.283561857485048474e-01 -5.278858846248360437e-02 -8.473801425036049384e-01 -2.967022200000000165e+00 1.444190243281353106e-02 9.984796133790304618e-01 -5.319673975520400333e-02 -3.050185999999999731e-01 8.488999778745505154e-01 1.586904516977474464e-02 5.283152477167274430e-01 4.175086499999999923e+00
5.184478812945334525e-01 -5.376825649693798420e-02 -8.534171131249296272e-01 -3.016658099999999898e+00 1.384836738942955142e-02 9.984182259034273255e-01 -5.449099838046914113e-02 -3.087825000000000153e-01 8.549970860195120759e-01 1.643230894099768913e-02 5.183724164353373798e-01 4.204689000000000121e+00
4.981961816326370140e-01 -5.482516502508479050e-02 -8.653292817688725824e-01 -3.117779699999999821e+00 1.052953284220784283e-02 9.983078878955942148e-01 -5.718819724001222848e-02 -3.164457999999999993e-01 8.670003999680654383e-01 1.937942840771873787e-02 4.979304612190387225e-01 4.263347099999999834e+00
4.801839989731377933e-01 -5.286129871333110353e-02 -8.755735321653490555e-01 -3.220310000000000006e+00 9.308553915979105725e-03 9.984333774690780094e-01 -5.517373994649048263e-02 -3.243342000000000169e-01 8.771183944908229613e-01 1.834322365424433457e-02 4.799237941505000160e-01 4.319270600000000293e+00
4.718763316721510392e-01 -5.129515256074984597e-02 -8.801713099910739579e-01 -3.272703599999999824e+00 1.001840021338937584e-02 9.985536216368656737e-01 -5.282325598695793850e-02 -3.282096999999999931e-01 8.816078262270579113e-01 1.610813582227090673e-02 4.717077153233056874e-01 4.347199899999999673e+00
4.642411588195810568e-01 -5.156189388723904365e-02 -8.842067165299151155e-01 -3.324588299999999830e+00 1.000705725938030519e-02 9.985456745440717263e-01 -5.297541556545005276e-02 -3.319889999999999786e-01 8.856523049497811995e-01 1.574506106960989887e-02 4.640819839091517851e-01 4.374281400000000097e+00
4.562330399865313635e-01 -5.484735390899098118e-02 -8.881684417912122376e-01 -3.376895000000000202e+00 1.219844592552686569e-02 9.983903967745664243e-01 -5.538784654891221182e-02 -3.359300000000000064e-01 8.897767198245017939e-01 1.443549089936817242e-02 4.561677382946367487e-01 4.401608900000000268e+00
4.489204992005138006e-01 -5.829615328081867026e-02 -8.916680682351593168e-01 -3.429026799999999930e+00 1.514023730093968373e-02 9.982226204227085953e-01 -5.764003201675270416e-02 -3.398321999999999732e-01 8.934434277625152854e-01 1.237572580014343129e-02 4.490052146678108480e-01 4.428031899999999688e+00
4.430178412707174718e-01 -6.128112674360847167e-02 -8.944159076295922217e-01 -3.481220500000000051e+00 1.580611683780597590e-02 9.980398936699076406e-01 -6.055193897695579364e-02 -3.435403000000000207e-01 8.963734483943303077e-01 1.268834695274157279e-02 4.431180958449607576e-01 4.453601400000000154e+00
4.374347405282065226e-01 -6.429904642514522317e-02 -8.969484268383760561e-01 -3.533826599999999818e+00 1.779507414081474281e-02 9.978640230006433631e-01 -6.285480838642676371e-02 -3.480241000000000029e-01 8.990740698715227186e-01 1.153361304139068066e-02 4.376445962820378899e-01 4.479460699999999740e+00
4.324030111431494405e-01 -6.603894413902142158e-02 -8.992588580666527331e-01 -3.585915099999999800e+00 2.146028091259060203e-02 9.977855840904095164e-01 -6.295541695925026271e-02 -3.524700000000000055e-01 9.014250342083305334e-01 7.923764153706495256e-03 4.328627053283135018e-01 4.504764100000000049e+00
4.288123682177897300e-01 -6.315170280561584193e-02 -9.011835635963418856e-01 -3.639181100000000058e+00 2.313508629445927903e-02 9.979941519866024624e-01 -5.892741622275862734e-02 -3.571418000000000093e-01 9.030972930119980369e-01 4.419845392486826396e-03 4.294132558749297335e-01 4.529683099999999740e+00
4.249950376614628489e-01 -6.141312468173836664e-02 -9.031099855942004151e-01 -3.691417899999999808e+00 2.595490887542923480e-02 9.981124094898035093e-01 -5.565932740994102013e-02 -3.609213000000000005e-01 9.048234969696575813e-01 2.148005682118883652e-04 4.257867931163623609e-01 4.554076199999999908e+00
4.217006772670802706e-01 -6.060318748826048346e-02 -9.047075728978665188e-01 -3.743291900000000005e+00 2.685458840658454943e-02 9.981609866121681218e-01 -5.434589116884669391e-02 -3.650244000000000266e-01 9.063373377909565987e-01 -1.377850385906608660e-03 4.225526377320526494e-01 4.577992400000000295e+00
4.187218706266845891e-01 -6.047307748714648989e-02 -9.060987815675084489e-01 -3.795594200000000029e+00 2.866217304371285191e-02 9.981632548937717786e-01 -5.337224387529004854e-02 -3.690964999999999940e-01 9.076620929042383823e-01 -3.622634276980243873e-03 4.196860750913627980e-01 4.602162400000000098e+00
4.165113678451035639e-01 -5.927983398403378901e-02 -9.071957791671136917e-01 -3.847008499999999831e+00 3.013756018687946403e-02 9.982237572225307609e-01 -5.139122476178387133e-02 -3.730217000000000116e-01 9.086308424887321600e-01 -5.935638075166133759e-03 4.175580921007968627e-01 4.625483000000000011e+00
4.141665690573458347e-01 -5.781141691189891491e-02 -9.083633046033428027e-01 -3.898799900000000207e+00 3.117230975955163214e-02 9.982963568959500877e-01 -4.932211382867261046e-02 -3.769578000000000095e-01 9.096671590090088522e-01 -7.888211642228151743e-03 4.152630924336595530e-01 4.648861899999999991e+00
4.112530772905917953e-01 -5.911887477076770842e-02 -9.096020366428698711e-01 -3.949999099999999874e+00 3.394496981361120463e-02 9.981956507449540883e-01 -4.952960587578431051e-02 -3.805421999999999971e-01 9.108889314528811898e-01 -1.050721084283500958e-02 4.125178215264555526e-01 4.672555400000000247e+00
4.089334391615437325e-01 -5.946592115384088939e-02 -9.106246463592104767e-01 -4.000871199999999739e+00 3.660172063351035954e-02 9.981404293611541023e-01 -4.874420295170708850e-02 -3.841361999999999832e-01 9.118298944332645650e-01 -1.339729435579914071e-02 4.103495535781238601e-01 4.695698300000000103e+00
4.065267006217390122e-01 -5.962261345580876365e-02 -9.116913872831651222e-01 -4.052082099999999798e+00 4.060102479014395666e-02 9.980615423701542088e-01 -4.716687850281219702e-02 -3.873171000000000253e-01 9.127363247223116982e-01 -1.784100911966985531e-02 4.081594050441552657e-01 4.718600300000000303e+00
4.047206553858773148e-01 -5.819669616029139042e-02 -9.125866181684084699e-01 -4.101927800000000346e+00 4.164544866040584964e-02 9.981103629303312852e-01 -4.518141229483529225e-02 -3.910887000000000113e-01 9.134915695888491394e-01 -1.971922835988058204e-02 4.063795077547481815e-01 4.740634400000000248e+00
4.028969678784443120e-01 -5.933216232935610568e-02 -9.133201671854612735e-01 -4.151708600000000082e+00 4.417334841452405514e-02 9.979941948533131990e-01 -4.534646986190109946e-02 -3.947138000000000035e-01 9.141787290044572911e-01 -2.207445474774352018e-02 4.047097353454509605e-01 4.762848400000000204e+00
4.015542399923541228e-01 -6.097354829962028933e-02 -9.138032713620130032e-01 -4.201136100000000262e+00 4.551993226229900102e-02 9.978768446959923599e-01 -4.658045283599136777e-02 -3.978759000000000046e-01 9.147033005904148251e-01 -2.289168467640984375e-02 4.034771897662583484e-01 4.784634099999999890e+00
4.008930296795145121e-01 -6.191273439610822660e-02 -9.140304109131035526e-01 -4.249593299999999907e+00 4.518632649512167865e-02 9.978357369270907107e-01 -4.777068147981560625e-02 -4.015492999999999979e-01 9.150098221616290717e-01 -2.215074334569137188e-02 4.028230007298206905e-01 4.805922500000000319e+00
4.018717565196470720e-01 -6.254587742660726313e-02 -9.135573898386184499e-01 -4.298079000000000427e+00 4.379813568037251026e-02 9.978356067711375843e-01 -4.904921172250641809e-02 -4.049521999999999844e-01 9.146479183941420565e-01 -2.030061764113105099e-02 4.037413408367434009e-01 4.826508999999999716e+00
4.037952899054875200e-01 -6.201620984923329749e-02 -9.127449553769548807e-01 -4.345351700000000150e+00 4.177263315759807694e-02 9.979089787074505447e-01 -4.932258442269346621e-02 -4.087406000000000095e-01 9.138951859864588023e-01 -1.821153291156035747e-02 4.055415257403206519e-01 4.847471200000000202e+00
4.078670363491339601e-01 -6.222508439769994237e-02 -9.109185032325741727e-01 -4.392688800000000171e+00 3.948054355116588365e-02 9.979437957070451670e-01 -5.049224980845709587e-02 -4.120867999999999753e-01 9.121873532014563857e-01 -1.536943335046096412e-02 4.094850585525764419e-01 4.868502099999999722e+00
4.132122444515098358e-01 -6.306631797782960569e-02 -9.084482817266291699e-01 -4.439530799999999999e+00 3.790648019163375682e-02 9.979255220384372072e-01 -5.203605695855247765e-02 -4.153380999999999879e-01 9.098454483014283278e-01 -1.293414090814410528e-02 4.147456668901331467e-01 4.889341800000000404e+00
4.184935183493227462e-01 -6.271671413573506881e-02 -9.060517583822800258e-01 -4.486273800000000200e+00 3.719121854343251238e-02 9.979594985896356185e-01 -5.190040884210453398e-02 -4.189152999999999905e-01 9.074579815963159657e-01 -1.197718425755606164e-02 4.199720927566507056e-01 4.911179100000000020e+00
4.252052056212294873e-01 -6.117714991696690530e-02 -9.030270701593861027e-01 -4.531774999999999665e+00 3.640813144181143102e-02 9.980616307831140510e-01 -5.047206280177880811e-02 -4.226241000000000025e-01 9.043644072372174492e-01 -1.141654442411884143e-02 4.266083466552059722e-01 4.932633899999999905e+00
4.336929853402718416e-01 -5.976768875225343947e-02 -8.990763136952595325e-01 -4.577504600000000146e+00 3.451845703972848678e-02 9.981673120368977914e-01 -4.970405722504865620e-02 -4.260283999999999738e-01 9.003992839791907787e-01 -9.478426148272194735e-03 4.349612498229153967e-01 4.954073000000000171e+00
4.424424640301263811e-01 -5.955668011329877387e-02 -8.948171142064911265e-01 -4.622549099999999633e+00 3.430776378532914006e-02 9.981860463876113254e-01 -4.947316586918235060e-02 -4.291641999999999957e-01 8.961404149836120769e-01 -8.810144774733984219e-03 4.436831504373902613e-01 4.976203899999999791e+00
4.515041557636506608e-01 -5.890728748891217725e-02 -8.903223735304264252e-01 -4.666840599999999561e+00 3.357566607604045572e-02 9.982332931901058970e-01 -4.902006746615442112e-02 -4.325300000000000256e-01 8.916370741370638342e-01 -7.760402536902088338e-03 4.526843317111405307e-01 4.998783600000000327e+00
