1.000000e+00 1.197625e-11 1.704638e-10 5.551115e-17 1.197625e-11 1.000000e+00 3.562503e-10 0.000000e+00 1.704638e-10 3.562503e-10 1.000000e+00 2.220446e-16
9.998511e-01 -1.185843e-02 1.253962e-02 7.053236e-02 1.189537e-02 9.999251e-01 -2.875296e-03 -2.883154e-02 -1.250459e-02 3.024031e-03 9.999173e-01 1.500857e+00
9.999012e-01 -1.405064e-02 5.041622e-04 6.976838e-02 1.405303e-02 9.998882e-01 -5.094792e-03 -3.440223e-02 -4.325204e-04 5.101373e-03 9.999869e-01 1.824326e+00
9.997888e-01 -1.342620e-02 -1.555879e-02 5.785896e-02 1.334533e-02 9.998969e-01 -5.289823e-03 -4.333150e-02 1.562821e-02 5.081069e-03 9.998650e-01 2.161983e+00
9.985196e-01 -5.196826e-03 -5.414520e-02 3.415143e-03 4.866004e-03 9.999687e-01 -6.239968e-03 -6.304966e-02 5.417593e-02 5.967260e-03 9.985136e-01 2.875512e+00
9.972366e-01 -4.507958e-03 -7.415363e-02 -3.086300e-02 4.012606e-03 9.999686e-01 -6.827705e-03 -7.085384e-02 7.418209e-02 6.511288e-03 9.972235e-01 3.247151e+00
9.933378e-01 -7.329142e-03 -1.150053e-01 -1.231303e-01 6.752021e-03 9.999626e-01 -5.406982e-03 -8.517902e-02 1.150406e-01 4.594442e-03 9.933502e-01 4.021896e+00
9.888528e-01 -4.731324e-03 -1.488211e-01 -2.714242e-01 4.211142e-03 9.999838e-01 -3.810278e-03 -1.043554e-01 1.488367e-01 3.141098e-03 9.888568e-01 4.828313e+00
9.866849e-01 -3.759229e-03 -1.626003e-01 -3.555623e-01 3.153903e-03 9.999871e-01 -3.980763e-03 -1.137549e-01 1.626132e-01 3.414933e-03 9.866840e-01 5.248722e+00
9.845820e-01 -4.884309e-03 -1.748553e-01 -4.410342e-01 4.143076e-03 9.999808e-01 -4.603916e-03 -1.230564e-01 1.748744e-01 3.808495e-03 9.845834e-01 5.683091e+00
9.827221e-01 -8.432073e-03 -1.848951e-01 -5.276696e-01 7.289575e-03 9.999499e-01 -6.858084e-03 -1.316203e-01 1.849437e-01 5.391784e-03 9.827343e-01 6.127820e+00
9.812037e-01 -8.176023e-03 -1.928017e-01 -6.223879e-01 6.568661e-03 9.999381e-01 -8.974631e-03 -1.398923e-01 1.928631e-01 7.539493e-03 9.811967e-01 6.586939e+00
9.797396e-01 -7.236126e-03 -2.001446e-01 -7.270140e-01 5.215485e-03 9.999300e-01 -1.062133e-02 -1.495504e-01 2.002075e-01 9.362288e-03 9.797088e-01 7.057528e+00
9.780320e-01 -7.866009e-03 -2.083063e-01 -8.348053e-01 5.207470e-03 9.998979e-01 -1.330798e-02 -1.604265e-01 2.083897e-01 1.193088e-02 9.779731e-01 7.548378e+00
9.763063e-01 -1.149733e-02 -2.160876e-01 -9.419591e-01 8.487619e-03 9.998537e-01 -1.485108e-02 -1.729816e-01 2.162267e-01 1.266513e-02 9.762610e-01 8.041587e+00
9.744447e-01 -1.794209e-02 -2.239099e-01 -1.052874e+00 1.460499e-02 9.997563e-01 -1.655112e-02 -1.870514e-01 2.241524e-01 1.285795e-02 9.744693e-01 8.554975e+00
9.723895e-01 -1.882262e-02 -2.326035e-01 -1.178089e+00 1.511868e-02 9.997291e-01 -1.769655e-02 -2.016067e-01 2.328736e-01 1.369128e-02 9.724106e-01 9.075980e+00
9.703810e-01 -1.477647e-02 -2.411273e-01 -1.317954e+00 9.627660e-03 9.997001e-01 -2.251735e-02 -2.194403e-01 2.413877e-01 1.952891e-02 9.702323e-01 9.607606e+00
9.682175e-01 -1.175727e-02 -2.498331e-01 -1.461512e+00 5.410028e-03 9.996453e-01 -2.607749e-02 -2.434394e-01 2.500511e-01 2.389708e-02 9.679377e-01 1.014898e+01
9.659985e-01 -1.382599e-02 -2.581776e-01 -1.600917e+00 6.935714e-03 9.995955e-01 -2.757989e-02 -2.736564e-01 2.584545e-01 2.485148e-02 9.657037e-01 1.069971e+01
9.613945e-01 -1.660121e-02 -2.746727e-01 -1.902902e+00 7.991665e-03 9.994419e-01 -3.243426e-02 -3.279271e-01 2.750579e-01 2.898703e-02 9.609906e-01 1.182926e+01
9.567949e-01 -1.642720e-02 -2.902992e-01 -2.247333e+00 4.781739e-03 9.991567e-01 -4.077934e-02 -3.862946e-01 2.907243e-01 3.762933e-02 9.560667e-01 1.300126e+01
9.537103e-01 -1.848289e-02 -3.001583e-01 -2.620930e+00 1.619282e-03 9.984106e-01 -5.633424e-02 -4.420317e-01 3.007225e-01 5.324050e-02 9.522245e-01 1.421692e+01
9.511735e-01 -1.798416e-02 -3.081323e-01 -3.024731e+00 -5.045062e-03 9.972618e-01 -7.377885e-02 -5.190175e-01 3.086154e-01 7.173103e-02 9.484784e-01 1.547709e+01
9.481933e-01 -1.538124e-02 -3.173214e-01 -3.471584e+00 -1.300717e-02 9.961102e-01 -8.715050e-02 -6.308148e-01 3.174276e-01 8.676296e-02 9.443050e-01 1.679489e+01
9.449062e-01 -1.222398e-02 -3.271128e-01 -3.951023e+00 -2.114986e-02 9.949346e-01 -9.827402e-02 -7.690047e-01 3.266572e-01 9.977810e-02 9.398614e-01 1.811394e+01
9.414125e-01 -8.075800e-03 -3.371605e-01 -4.466634e+00 -2.826314e-02 9.943075e-01 -1.027318e-01 -9.233994e-01 3.360709e-01 1.062422e-01 9.358253e-01 1.949749e+01
9.368681e-01 -7.519302e-03 -3.496021e-01 -5.002325e+00 -2.946952e-02 9.945143e-01 -1.003630e-01 -1.091050e+00 3.484389e-01 1.043295e-01 9.315072e-01 2.092425e+01
9.310994e-01 -6.948836e-03 -3.646993e-01 -5.575589e+00 -3.003738e-02 9.949622e-01 -9.564487e-02 -1.260053e+00 3.635266e-01 1.000095e-01 9.262000e-01 2.238962e+01
9.242864e-01 -1.524340e-03 -3.816966e-01 -6.215009e+00 -3.317488e-02 9.958871e-01 -8.431084e-02 -1.438960e+00 3.802553e-01 9.059009e-02 9.204343e-01 2.387854e+01
9.168008e-01 3.486620e-03 -3.993296e-01 -6.893668e+00 -3.796477e-02 9.961938e-01 -7.846345e-02 -1.606967e+00 3.975361e-01 8.709580e-02 9.134437e-01 2.538492e+01
9.088636e-01 3.268540e-03 -4.170807e-01 -7.606334e+00 -3.875321e-02 9.963054e-01 -7.663965e-02 -1.761966e+00 4.152893e-01 8.581819e-02 9.056324e-01 2.691437e+01
9.011219e-01 3.561205e-03 -4.335513e-01 -8.362269e+00 -3.882330e-02 9.966120e-01 -7.250673e-02 -1.915761e+00 4.318242e-01 8.216928e-02 8.982072e-01 2.846912e+01
8.934531e-01 6.286261e-03 -4.491125e-01 -9.164411e+00 -3.863652e-02 9.972714e-01 -6.290362e-02 -2.060214e+00 4.474917e-01 7.355357e-02 8.912582e-01 3.005971e+01
8.858290e-01 5.849285e-03 -4.639749e-01 -1.000712e+01 -3.614492e-02 9.977521e-01 -5.642995e-02 -2.196452e+00 4.626019e-01 6.675761e-02 8.840492e-01 3.167496e+01
8.793579e-01 5.398335e-03 -4.761309e-01 -1.089504e+01 -3.522844e-02 9.979329e-01 -5.374831e-02 -2.319480e+00 4.748566e-01 6.403734e-02 8.777303e-01 3.331700e+01
8.737377e-01 3.155669e-03 -4.863872e-01 -1.182494e+01 -3.246567e-02 9.981273e-01 -5.184495e-02 -2.443855e+00 4.853127e-01 6.108977e-02 8.722039e-01 3.499697e+01
8.701921e-01 2.319482e-03 -4.927072e-01 -1.279251e+01 -3.265581e-02 9.980616e-01 -5.297637e-02 -2.570879e+00 4.916293e-01 6.218936e-02 8.685811e-01 3.672204e+01
8.696349e-01 2.975155e-03 -4.936865e-01 -1.378452e+01 -3.195058e-02 9.982247e-01 -5.026564e-02 -2.707338e+00 4.926605e-01 5.948631e-02 8.681861e-01 3.851664e+01
8.694144e-01 1.873861e-03 -4.940800e-01 -1.428954e+01 -3.037506e-02 9.983040e-01 -4.966368e-02 -2.775142e+00 4.931490e-01 5.818602e-02 8.679968e-01 3.942708e+01
8.676927e-01 -2.580071e-03 -4.970943e-01 -1.533465e+01 -2.612420e-02 9.983680e-01 -5.078240e-02 -2.909137e+00 4.964140e-01 5.704970e-02 8.662092e-01 4.126523e+01
8.640267e-01 -2.135530e-03 -5.034415e-01 -1.640548e+01 -2.364757e-02 9.987151e-01 -4.482132e-02 -3.043619e+00 5.028904e-01 5.063198e-02 8.628660e-01 4.311456e+01
8.573170e-01 -2.322740e-03 -5.147836e-01 -1.749249e+01 -2.029804e-02 9.990596e-01 -3.831204e-02 -3.173069e+00 5.143885e-01 4.329465e-02 8.564637e-01 4.494973e+01
8.520813e-01 -5.804948e-03 -5.233772e-01 -1.804673e+01 -1.816238e-02 9.990084e-01 -4.064949e-02 -3.235637e+00 5.230942e-01 4.414244e-02 8.511310e-01 4.585695e+01
8.398031e-01 -1.033534e-02 -5.427928e-01 -1.921229e+01 -1.601771e-02 9.989118e-01 -4.380276e-02 -3.356507e+00 5.426548e-01 4.547998e-02 8.387236e-01 4.766232e+01
8.339495e-01 -6.907958e-03 -5.517976e-01 -1.982282e+01 -1.727628e-02 9.991047e-01 -3.861801e-02 -3.410242e+00 5.515704e-01 4.173847e-02 8.330835e-01 4.855068e+01
8.287116e-01 -1.605836e-03 -5.596736e-01 -2.043384e+01 -2.050625e-02 9.992373e-01 -3.323077e-02 -3.465273e+00 5.593001e-01 3.901553e-02 8.280466e-01 4.943336e+01
8.208828e-01 -4.306569e-03 -5.710805e-01 -2.167507e+01 -2.223179e-02 9.989726e-01 -3.948978e-02 -3.574727e+00 5.706639e-01 4.511262e-02 8.199437e-01 5.115815e+01
8.179645e-01 -6.412380e-03 -5.752329e-01 -2.229860e+01 -2.497150e-02 9.985995e-01 -4.664059e-02 -3.635034e+00 5.747265e-01 5.251477e-02 8.166589e-01 5.201179e+01
8.145803e-01 -6.933137e-03 -5.800093e-01 -2.292529e+01 -2.492187e-02 9.985869e-01 -4.693753e-02 -3.696616e+00 5.795151e-01 5.268930e-02 8.132565e-01 5.287389e+01
8.111073e-01 -6.174055e-03 -5.848649e-01 -2.356010e+01 -2.436094e-02 9.987200e-01 -4.432731e-02 -3.761561e+00 5.843899e-01 5.020205e-02 8.099186e-01 5.373417e+01
8.047634e-01 -1.072406e-03 -5.935948e-01 -2.484571e+01 -2.455639e-02 9.990821e-01 -3.509719e-02 -3.875701e+00 5.930876e-01 4.282147e-02 8.039984e-01 5.545675e+01
8.016398e-01 -7.168066e-04 -5.978070e-01 -2.549478e+01 -2.557654e-02 9.990425e-01 -3.549523e-02 -3.921434e+00 5.972600e-01 4.374422e-02 8.008539e-01 5.631342e+01
7.980946e-01 -1.906616e-03 -6.025291e-01 -2.614832e+01 -2.569411e-02 9.989776e-01 -3.719488e-02 -3.971575e+00 6.019841e-01 4.516647e-02 7.972297e-01 5.717032e+01
7.940434e-01 -4.490124e-03 -6.078445e-01 -2.680899e+01 -2.469164e-02 9.989091e-01 -3.963425e-02 -4.019298e+00 6.073594e-01 4.647998e-02 7.930663e-01 5.801515e+01
7.896376e-01 -5.883988e-03 -6.135453e-01 -2.748253e+01 -2.381542e-02 9.989066e-01 -4.023028e-02 -4.070618e+00 6.131112e-01 4.637917e-02 7.886340e-01 5.886465e+01
7.801529e-01 -5.230775e-03 -6.255670e-01 -2.884498e+01 -2.393247e-02 9.989835e-01 -3.819965e-02 -4.187294e+00 6.251310e-01 4.477292e-02 7.792347e-01 6.053112e+01
7.747575e-01 -6.527504e-03 -6.322248e-01 -2.954119e+01 -2.367156e-02 9.989461e-01 -3.932200e-02 -4.248257e+00 6.318152e-01 4.543076e-02 7.737865e-01 6.136091e+01
7.692225e-01 -8.108737e-03 -6.389295e-01 -3.024500e+01 -2.299429e-02 9.989205e-01 -4.036080e-02 -4.308387e+00 6.385672e-01 4.573816e-02 7.682057e-01 6.219212e+01
7.635463e-01 -9.127523e-03 -6.456885e-01 -3.095782e+01 -2.273018e-02 9.989006e-01 -4.099969e-02 -4.369134e+00 6.453529e-01 4.598178e-02 7.624994e-01 6.301777e+01
7.515981e-01 -1.253177e-02 -6.595023e-01 -3.241736e+01 -2.142438e-02 9.988282e-01 -4.339578e-02 -4.495389e+00 6.592733e-01 4.674561e-02 7.504489e-01 6.466956e+01
7.453405e-01 -1.321772e-02 -6.665529e-01 -3.316065e+01 -2.063561e-02 9.988670e-01 -4.288227e-02 -4.558237e+00 6.663645e-01 4.571662e-02 7.442233e-01 6.548993e+01
7.390352e-01 -1.353693e-02 -6.735308e-01 -3.390236e+01 -1.966365e-02 9.989386e-01 -4.165317e-02 -4.621788e+00 6.733798e-01 4.402723e-02 7.379846e-01 6.629394e+01
7.325427e-01 -1.349799e-02 -6.805872e-01 -3.467370e+01 -1.927296e-02 9.989913e-01 -4.055710e-02 -4.690830e+00 6.804482e-01 4.282673e-02 7.315437e-01 6.709446e+01
7.194909e-01 -1.708224e-02 -6.942917e-01 -3.625058e+01 -1.775566e-02 9.989182e-01 -4.297733e-02 -4.834985e+00 6.942749e-01 4.324940e-02 7.184093e-01 6.868199e+01
7.133849e-01 -1.644260e-02 -7.005795e-01 -3.705458e+01 -1.919797e-02 9.988909e-01 -4.299285e-02 -4.906233e+00 7.005094e-01 4.412015e-02 7.122780e-01 6.947298e+01
7.028426e-01 -1.503627e-02 -7.111865e-01 -3.869255e+01 -2.087974e-02 9.989097e-01 -4.175424e-02 -5.057858e+00 7.110389e-01 4.419604e-02 7.017623e-01 7.105256e+01
6.926488e-01 -1.780251e-02 -7.210553e-01 -4.035157e+01 -2.147030e-02 9.987434e-01 -4.528296e-02 -5.214173e+00 7.209554e-01 4.684646e-02 6.913962e-01 7.262312e+01
6.824175e-01 -2.114368e-02 -7.306568e-01 -4.204713e+01 -2.154098e-02 9.985657e-01 -4.901522e-02 -5.369497e+00 7.306452e-01 4.918790e-02 6.809833e-01 7.418462e+01
6.774179e-01 -2.029179e-02 -7.353185e-01 -4.291451e+01 -2.142543e-02 9.986510e-01 -4.729704e-02 -5.443967e+00 7.352864e-01 4.779437e-02 6.760693e-01 7.495793e+01
6.671161e-01 -2.124206e-02 -7.446508e-01 -4.465831e+01 -1.993251e-02 9.987265e-01 -4.634697e-02 -5.602316e+00 7.446871e-01 4.576156e-02 6.658432e-01 7.650974e+01
6.622093e-01 -2.216481e-02 -7.489911e-01 -4.553830e+01 -1.912889e-02 9.987366e-01 -4.646803e-02 -5.677124e+00 7.490748e-01 4.509892e-02 6.609486e-01 7.727779e+01
6.576917e-01 -2.323860e-02 -7.529287e-01 -4.643229e+01 -1.800770e-02 9.987533e-01 -4.655573e-02 -5.751800e+00 7.530720e-01 4.417783e-02 6.564533e-01 7.805127e+01
6.498156e-01 -2.593030e-02 -7.596494e-01 -4.823900e+01 -1.455254e-02 9.988103e-01 -4.654242e-02 -5.898424e+00 7.599526e-01 4.129881e-02 6.486652e-01 7.959620e+01
6.455088e-01 -3.066921e-02 -7.631368e-01 -4.915220e+01 -1.116925e-02 9.987075e-01 -4.958406e-02 -5.978524e+00 7.636711e-01 4.053061e-02 6.443320e-01 8.036127e+01
6.339648e-01 -3.935732e-02 -7.723598e-01 -5.100162e+01 -1.638042e-03 9.986336e-01 -5.223215e-02 -6.153399e+00 7.733602e-01 3.437850e-02 6.330341e-01 8.189059e+01
6.255042e-01 -4.266600e-02 -7.790533e-01 -5.194082e+01 2.937217e-03 9.986254e-01 -5.233290e-02 -6.240477e+00 7.802153e-01 3.044620e-02 6.247697e-01 8.264668e+01
6.073443e-01 -4.248918e-02 -7.933016e-01 -5.386648e+01 6.689869e-03 9.988068e-01 -4.837433e-02 -6.412013e+00 7.944106e-01 2.407279e-02 6.069040e-01 8.413486e+01
5.885635e-01 -4.399805e-02 -8.072529e-01 -5.584158e+01 5.492000e-03 9.987125e-01 -5.042908e-02 -6.577872e+00 8.084324e-01 2.524728e-02 5.880474e-01 8.557728e+01
5.684993e-01 -4.744552e-02 -8.213145e-01 -5.785918e+01 6.431293e-03 9.985614e-01 -5.323306e-02 -6.747722e+00 8.226586e-01 2.498085e-02 5.679866e-01 8.698373e+01
5.476275e-01 -4.823126e-02 -8.353310e-01 -5.991653e+01 1.046800e-02 9.986540e-01 -5.079877e-02 -6.928351e+00 8.366568e-01 1.907456e-02 5.473953e-01 8.835909e+01
5.267133e-01 -4.963826e-02 -8.485925e-01 -6.202188e+01 1.031530e-02 9.985933e-01 -5.200993e-02 -7.102980e+00 8.499805e-01 1.864083e-02 5.264844e-01 8.968383e+01
5.064670e-01 -5.110642e-02 -8.607435e-01 -6.417133e+01 7.655844e-03 9.984691e-01 -5.477910e-02 -7.283912e+00 8.622254e-01 2.115409e-02 5.060829e-01 9.095949e+01
4.966546e-01 -5.105676e-02 -8.664453e-01 -6.526817e+01 6.786521e-03 9.984662e-01 -5.494623e-02 -7.374808e+00 8.679218e-01 2.140915e-02 4.962393e-01 9.158512e+01
4.796069e-01 -4.700544e-02 -8.762235e-01 -6.748666e+01 6.149553e-03 9.987197e-01 -5.021082e-02 -7.555186e+00 8.774620e-01 1.869307e-02 4.792819e-01 9.280938e+01
4.719319e-01 -4.732563e-02 -8.803639e-01 -6.860646e+01 6.426764e-03 9.987163e-01 -5.024274e-02 -7.643588e+00 8.816116e-01 1.805326e-02 4.716302e-01 9.340826e+01
4.570917e-01 -5.386987e-02 -8.877867e-01 -7.085828e+01 1.099739e-02 9.984301e-01 -5.492140e-02 -7.820048e+00 8.893516e-01 1.534078e-02 4.569666e-01 9.458336e+01
4.508577e-01 -5.668127e-02 -8.907943e-01 -7.199157e+01 1.202786e-02 9.982769e-01 -5.743274e-02 -7.914147e+00 8.925148e-01 1.517964e-02 4.507626e-01 9.515810e+01
4.452960e-01 -6.019002e-02 -8.933581e-01 -7.313057e+01 1.382460e-02 9.980812e-01 -6.035486e-02 -8.011910e+00 8.952767e-01 1.452546e-02 4.452737e-01 9.572828e+01
4.404362e-01 -6.118295e-02 -8.956967e-01 -7.426251e+01 1.648406e-02 9.980581e-01 -6.006941e-02 -8.110093e+00 8.976326e-01 1.169203e-02 4.405895e-01 9.628811e+01
4.361561e-01 -5.858994e-02 -8.979616e-01 -7.540274e+01 1.780717e-02 9.982447e-01 -5.648393e-02 -8.209520e+00 8.996949e-01 8.645658e-03 4.364338e-01 9.684446e+01
4.322135e-01 -5.653957e-02 -8.999971e-01 -7.658015e+01 2.112313e-02 9.983934e-01 -5.257689e-02 -8.308009e+00 9.015239e-01 3.713691e-03 4.327134e-01 9.741509e+01
4.288446e-01 -5.587980e-02 -9.016483e-01 -7.767611e+01 2.281072e-02 9.984366e-01 -5.102898e-02 -8.396730e+00 9.030903e-01 1.316265e-03 4.294489e-01 9.793967e+01
4.259122e-01 -5.624384e-02 -9.030146e-01 -7.880716e+01 2.445442e-02 9.984169e-01 -5.065187e-02 -8.486978e+00 9.044340e-01 -5.094444e-04 4.266134e-01 9.847551e+01
4.232849e-01 -5.523644e-02 -9.043112e-01 -7.993532e+01 2.629154e-02 9.984682e-01 -4.868128e-02 -8.574915e+00 9.056151e-01 -3.169679e-03 4.240888e-01 9.900669e+01
4.209215e-01 -5.420603e-02 -9.054760e-01 -8.106306e+01 2.773444e-02 9.985153e-01 -4.688312e-02 -8.661986e+00 9.066730e-01 -5.378750e-03 4.217999e-01 9.953295e+01
4.160303e-01 -5.553146e-02 -9.076536e-01 -8.328006e+01 3.246276e-02 9.984044e-01 -4.620416e-02 -8.827999e+00 9.087711e-01 -1.024260e-02 4.171692e-01 1.005627e+02
4.112317e-01 -5.406871e-02 -9.099258e-01 -8.546189e+01 3.750869e-02 9.983975e-01 -4.237413e-02 -8.996530e+00 9.107588e-01 -1.670453e-02 4.126007e-01 1.015536e+02
4.079197e-01 -5.622149e-02 -9.112852e-01 -8.762037e+01 4.108249e-02 9.982216e-01 -4.319522e-02 -9.149512e+00 9.120931e-01 -1.981767e-02 4.095040e-01 1.025091e+02
4.075927e-01 -5.795142e-02 -9.113231e-01 -8.974022e+01 4.017833e-02 9.981559e-01 -4.550326e-02 -9.305889e+00 9.122795e-01 -1.806864e-02 4.091694e-01 1.034282e+02
4.139154e-01 -5.777102e-02 -9.084803e-01 -9.182278e+01 3.564327e-02 9.982474e-01 -4.723986e-02 -9.462617e+00 9.096173e-01 -1.282790e-02 4.152491e-01 1.043271e+02
4.248597e-01 -5.821256e-02 -9.033856e-01 -9.387053e+01 3.328904e-02 9.982600e-01 -4.867036e-02 -9.609312e+00 9.046470e-01 -9.394764e-03 4.260582e-01 1.052557e+02
4.318136e-01 -5.709458e-02 -9.001540e-01 -9.488237e+01 3.225411e-02 9.983336e-01 -4.784925e-02 -9.680288e+00 9.013860e-01 -8.371707e-03 4.329355e-01 1.057334e+02
4.399854e-01 -5.549092e-02 -8.962888e-01 -9.588621e+01 3.065506e-02 9.984353e-01 -4.676655e-02 -9.749076e+00 8.974816e-01 -6.899180e-03 4.409981e-01 1.062164e+02
4.488454e-01 -5.517551e-02 -8.919044e-01 -9.688157e+01 3.026825e-02 9.984580e-01 -4.653489e-02 -9.818909e+00 8.930967e-01 -6.109403e-03 4.498233e-01 1.067096e+02
4.681770e-01 -5.512405e-02 -8.819136e-01 -9.884290e+01 2.851588e-02 9.984749e-01 -4.727166e-02 -9.958087e+00 8.831745e-01 -3.017038e-03 4.690349e-01 1.077189e+02
4.786921e-01 -5.678936e-02 -8.761443e-01 -9.980583e+01 2.678003e-02 9.983860e-01 -5.008117e-02 -1.002675e+01 8.775744e-01 5.102926e-04 4.794403e-01 1.082398e+02
4.900937e-01 -5.746268e-02 -8.697736e-01 -1.007547e+02 2.497006e-02 9.983407e-01 -5.188669e-02 -1.009360e+01 8.713120e-01 3.711045e-03 4.907154e-01 1.087790e+02
5.023364e-01 -5.599002e-02 -8.628576e-01 -1.016995e+02 2.292463e-02 9.984129e-01 -5.143988e-02 -1.015566e+01 8.643683e-01 6.059441e-03 5.028227e-01 1.093330e+02
5.152097e-01 -5.315552e-02 -8.554142e-01 -1.026360e+02 2.128305e-02 9.985606e-01 -4.923204e-02 -1.021665e+01 8.567999e-01 7.159000e-03 5.155994e-01 1.099002e+02
5.277749e-01 -5.081668e-02 -8.478628e-01 -1.035604e+02 2.039561e-02 9.986791e-01 -4.716007e-02 -1.027636e+01 8.491394e-01 7.597224e-03 5.281142e-01 1.104797e+02
5.396874e-01 -5.040390e-02 -8.403553e-01 -1.044750e+02 2.077497e-02 9.986994e-01 -4.655932e-02 -1.032552e+01 8.416092e-01 7.669122e-03 5.400326e-01 1.110646e+02
5.512438e-01 -5.094885e-02 -8.327871e-01 -1.053784e+02 2.099405e-02 9.986648e-01 -4.720052e-02 -1.037734e+01 8.340800e-01 8.535420e-03 5.515774e-01 1.116592e+02
5.624291e-01 -5.175227e-02 -8.252243e-01 -1.062592e+02 2.137600e-02 9.986158e-01 -4.805743e-02 -1.042733e+01 8.265692e-01 9.388904e-03 5.627568e-01 1.122557e+02
5.735172e-01 -5.312901e-02 -8.174688e-01 -1.071244e+02 2.315143e-02 9.985473e-01 -4.865518e-02 -1.048384e+01 8.188663e-01 8.979010e-03 5.739141e-01 1.128599e+02
5.843075e-01 -5.366822e-02 -8.097558e-01 -1.079760e+02 2.417163e-02 9.985191e-01 -4.873702e-02 -1.053886e+01 8.111723e-01 8.904287e-03 5.847395e-01 1.134723e+02
5.951811e-01 -5.121604e-02 -8.019578e-01 -1.088156e+02 2.304136e-02 9.986442e-01 -4.667680e-02 -1.059968e+01 8.032612e-01 9.302959e-03 5.955543e-01 1.140873e+02
6.052642e-01 -4.844117e-02 -7.945493e-01 -1.096406e+02 2.329405e-02 9.987970e-01 -4.314880e-02 -1.065546e+01 7.956838e-01 7.608155e-03 6.056645e-01 1.147106e+02
6.153476e-01 -4.667761e-02 -7.868726e-01 -1.104479e+02 2.193382e-02 9.988725e-01 -4.210092e-02 -1.071449e+01 7.879507e-01 8.647581e-03 6.156777e-01 1.153330e+02
6.256110e-01 -4.603175e-02 -7.787760e-01 -1.112427e+02 1.999751e-02 9.988759e-01 -4.297687e-02 -1.076967e+01 7.798789e-01 1.131322e-02 6.258282e-01 1.159602e+02
6.352746e-01 -4.586128e-02 -7.709234e-01 -1.120216e+02 1.832673e-02 9.988493e-01 -4.431830e-02 -1.082745e+01 7.720689e-01 1.402579e-02 6.353841e-01 1.165904e+02
6.446320e-01 -4.556259e-02 -7.631341e-01 -1.127849e+02 1.810481e-02 9.988523e-01 -4.434261e-02 -1.088440e+01 7.642787e-01 1.476827e-02 6.447171e-01 1.172256e+02
6.539294e-01 -4.355499e-02 -7.553008e-01 -1.135420e+02 1.795909e-02 9.989538e-01 -4.205669e-02 -1.094072e+01 7.563424e-01 1.393759e-02 6.540275e-01 1.178586e+02
6.627892e-01 -4.156585e-02 -7.476515e-01 -1.142854e+02 1.771950e-02 9.990492e-01 -3.983412e-02 -1.099692e+01 7.485964e-01 1.315362e-02 6.628955e-01 1.184946e+02
6.711328e-01 -4.096189e-02 -7.402046e-01 -1.150150e+02 1.832210e-02 9.990838e-01 -3.867553e-02 -1.105074e+01 7.411107e-01 1.239431e-02 6.712685e-01 1.191327e+02
6.790069e-01 -4.041487e-02 -7.330186e-01 -1.157305e+02 1.725344e-02 9.990862e-01 -3.910235e-02 -1.110434e+01 7.339292e-01 1.390367e-02 6.790837e-01 1.197729e+02
6.866300e-01 -3.934016e-02 -7.259419e-01 -1.164343e+02 1.654401e-02 9.991218e-01 -3.849619e-02 -1.115559e+01 7.268188e-01 1.442265e-02 6.866778e-01 1.204136e+02
6.940511e-01 -3.716524e-02 -7.189658e-01 -1.171234e+02 1.591975e-02 9.992147e-01 -3.628398e-02 -1.120384e+01 7.197497e-01 1.373718e-02 6.940977e-01 1.210568e+02
7.019590e-01 -3.415441e-02 -7.113979e-01 -1.177905e+02 1.490303e-02 9.993352e-01 -3.327307e-02 -1.124261e+01 7.120614e-01 1.275435e-02 7.020014e-01 1.216885e+02
7.095204e-01 -3.197352e-02 -7.039592e-01 -1.184457e+02 1.340608e-02 9.994018e-01 -3.188042e-02 -1.128508e+01 7.045574e-01 1.318247e-02 7.095246e-01 1.223238e+02
7.174647e-01 -3.178964e-02 -6.958691e-01 -1.190789e+02 1.320678e-02 9.993993e-01 -3.203928e-02 -1.132614e+01 6.964697e-01 1.379686e-02 7.174536e-01 1.229483e+02
7.348171e-01 -2.580783e-02 -6.777742e-01 -1.203051e+02 9.460201e-03 9.995686e-01 -2.780453e-02 -1.140579e+01 6.781994e-01 1.401936e-02 7.347442e-01 1.242110e+02
7.547535e-01 -2.039380e-02 -6.556914e-01 -1.214729e+02 6.117148e-03 9.996920e-01 -2.405184e-02 -1.147772e+01 6.559800e-01 1.414225e-02 7.546458e-01 1.255059e+02
7.746034e-01 -2.018036e-02 -6.321253e-01 -1.225640e+02 4.578040e-03 9.996435e-01 -2.630334e-02 -1.154304e+01 6.324308e-01 1.748076e-02 7.744196e-01 1.267939e+02
7.948394e-01 -1.834724e-02 -6.065424e-01 -1.236107e+02 4.025130e-03 9.996802e-01 -2.496453e-02 -1.160825e+01 6.068065e-01 1.740138e-02 7.946591e-01 1.281154e+02
8.148581e-01 -1.492357e-02 -5.794684e-01 -1.246090e+02 4.098955e-03 9.997919e-01 -1.998452e-02 -1.167018e+01 5.796460e-01 1.390933e-02 8.147497e-01 1.294645e+02
8.323700e-01 -1.296992e-02 -5.540686e-01 -1.255569e+02 5.316225e-03 9.998670e-01 -1.541890e-02 -1.173561e+01 5.541949e-01 9.888676e-03 8.323282e-01 1.308488e+02
8.464589e-01 -1.351566e-02 -5.322824e-01 -1.264556e+02 7.459736e-03 9.998807e-01 -1.352606e-02 -1.180813e+01 5.324018e-01 7.478573e-03 8.464588e-01 1.322593e+02
8.600178e-01 -1.100492e-02 -5.101454e-01 -1.273259e+02 5.286332e-03 9.999059e-01 -1.265824e-02 -1.186483e+01 5.102367e-01 8.189516e-03 8.599950e-01 1.336942e+02
8.723606e-01 -1.034370e-02 -4.887535e-01 -1.281662e+02 4.966989e-03 9.999120e-01 -1.229615e-02 -1.191791e+01 4.888377e-01 8.299043e-03 8.723353e-01 1.351627e+02
8.820099e-01 -1.260976e-02 -4.710621e-01 -1.289796e+02 6.856647e-03 9.998795e-01 -1.392727e-02 -1.195018e+01 4.711810e-01 9.054083e-03 8.819901e-01 1.366699e+02
8.887377e-01 -1.024149e-02 -4.583016e-01 -1.297992e+02 6.307207e-03 9.999289e-01 -1.011410e-02 -1.197619e+01 4.583726e-01 6.098182e-03 8.887392e-01 1.382215e+02
8.952692e-01 -3.109988e-03 -4.455148e-01 -1.306247e+02 2.152844e-03 9.999941e-01 -2.654447e-03 -1.199943e+01 4.455205e-01 1.417323e-03 8.952706e-01 1.398168e+02
9.018299e-01 1.265615e-03 -4.320894e-01 -1.314426e+02 -7.282272e-04 9.999987e-01 1.409146e-03 -1.201240e+01 4.320907e-01 -9.561481e-04 9.018297e-01 1.414623e+02
9.085700e-01 2.657663e-03 -4.177243e-01 -1.322539e+02 5.308222e-06 9.999797e-01 6.373661e-03 -1.201933e+01 4.177328e-01 -5.793131e-03 9.085515e-01 1.431680e+02
9.158194e-01 1.804681e-03 -4.015863e-01 -1.330539e+02 1.170635e-03 9.999736e-01 7.163401e-03 -1.202274e+01 4.015886e-01 -7.030489e-03 9.157932e-01 1.449288e+02
9.237461e-01 -2.419590e-03 -3.829978e-01 -1.338322e+02 4.893411e-03 9.999730e-01 5.485000e-03 -1.202503e+01 3.829742e-01 -6.940910e-03 9.237330e-01 1.467482e+02
9.333695e-01 -2.591909e-03 -3.589076e-01 -1.345894e+02 3.557208e-03 9.999916e-01 2.029220e-03 -1.203712e+01 3.588994e-01 -3.170718e-03 9.333709e-01 1.486265e+02
9.460789e-01 5.301932e-03 -3.238928e-01 -1.352860e+02 -3.340965e-03 9.999725e-01 6.610121e-03 -1.206100e+01 3.239190e-01 -5.171579e-03 9.460707e-01 1.505851e+02
9.592679e-01 1.008173e-02 -2.823180e-01 -1.359116e+02 -7.813793e-03 9.999275e-01 9.158056e-03 -1.207541e+01 2.823899e-01 -6.579052e-03 9.592772e-01 1.526125e+02
9.710369e-01 1.176226e-02 -2.386398e-01 -1.364469e+02 -9.009547e-03 9.998797e-01 1.262258e-02 -1.209323e+01 2.387596e-01 -1.010695e-02 9.710261e-01 1.547167e+02
9.809216e-01 1.570219e-02 -1.937687e-01 -1.369024e+02 -1.199638e-02 9.997223e-01 2.028362e-02 -1.209800e+01 1.940334e-01 -1.757211e-02 9.808375e-01 1.568857e+02
9.887447e-01 1.941421e-02 -1.483477e-01 -1.372667e+02 -1.602639e-02 9.995835e-01 2.399850e-02 -1.208864e+01 1.487519e-01 -2.135090e-02 9.886440e-01 1.591246e+02
9.943196e-01 1.834331e-02 -1.048430e-01 -1.375360e+02 -1.629397e-02 9.996597e-01 2.037012e-02 -1.206524e+01 1.051810e-01 -1.854610e-02 9.942801e-01 1.614249e+02
9.978084e-01 1.753761e-02 -6.380288e-02 -1.377162e+02 -1.601578e-02 9.995767e-01 2.428577e-02 -1.203634e+01 6.420179e-02 -2.321069e-02 9.976670e-01 1.637972e+02
9.995661e-01 1.896885e-02 -2.253504e-02 -1.378015e+02 -1.838246e-02 9.994942e-01 2.594959e-02 -1.199947e+01 2.301588e-02 -2.552407e-02 9.994092e-01 1.662283e+02
9.995868e-01 2.149296e-02 1.908533e-02 -1.377975e+02 -2.198173e-02 9.994259e-01 2.577998e-02 -1.197241e+01 -1.852029e-02 -2.618886e-02 9.994854e-01 1.686920e+02
9.979831e-01 2.273207e-02 5.927055e-02 -1.376931e+02 -2.408569e-02 9.994628e-01 2.222441e-02 -1.195174e+01 -5.873350e-02 -2.360716e-02 9.979945e-01 1.711903e+02
9.948688e-01 2.493686e-02 9.805253e-02 -1.374876e+02 -2.683260e-02 9.994767e-01 1.806282e-02 -1.193709e+01 -9.755080e-02 -2.060114e-02 9.950173e-01 1.737397e+02
9.903387e-01 2.628986e-02 1.361549e-01 -1.371760e+02 -2.785918e-02 9.995654e-01 9.633054e-03 -1.195029e+01 -1.358424e-01 -1.333315e-02 9.906407e-01 1.763073e+02
9.846194e-01 2.980310e-02 1.721526e-01 -1.367646e+02 -2.985780e-02 9.995515e-01 -2.272270e-03 -1.198376e+01 -1.721431e-01 -2.902776e-03 9.850677e-01 1.789113e+02
9.775738e-01 3.435102e-02 2.077728e-01 -1.362573e+02 -3.311603e-02 9.994071e-01 -9.420407e-03 -1.204258e+01 -2.079732e-01 2.328533e-03 9.781318e-01 1.815452e+02
9.695096e-01 3.317081e-02 2.427980e-01 -1.356393e+02 -3.189334e-02 9.994490e-01 -9.191359e-03 -1.212331e+01 -2.429691e-01 1.167473e-03 9.700333e-01 1.842188e+02
9.605564e-01 3.338092e-02 2.760746e-01 -1.349210e+02 -2.919312e-02 9.993881e-01 -1.926604e-02 -1.221523e+01 -2.765488e-01 1.044663e-02 9.609431e-01 1.868879e+02
9.499691e-01 3.789933e-02 3.100361e-01 -1.341176e+02 -3.345719e-02 9.992472e-01 -1.963486e-02 -1.231567e+01 -3.105468e-01 8.279573e-03 9.505220e-01 1.895769e+02
9.377303e-01 4.257239e-02 3.447456e-01 -1.332045e+02 -3.559668e-02 9.990137e-01 -2.654226e-02 -1.241575e+01 -3.455355e-01 1.261769e-02 9.383209e-01 1.922715e+02
9.243962e-01 4.415322e-02 3.788697e-01 -1.321764e+02 -3.402955e-02 9.988632e-01 -3.337891e-02 -1.253918e+01 -3.799128e-01 1.796257e-02 9.248479e-01 1.949675e+02
9.070641e-01 4.999738e-02 4.180131e-01 -1.310346e+02 -3.485337e-02 9.984326e-01 -4.378997e-02 -1.269471e+01 -4.195473e-01 2.515114e-02 9.073850e-01 1.976474e+02
8.830069e-01 5.799881e-02 4.657627e-01 -1.297556e+02 -4.048242e-02 9.980489e-01 -4.753367e-02 -1.287573e+01 -4.676109e-01 2.311735e-02 8.836321e-01 2.003057e+02
8.550623e-01 6.570777e-02 5.143452e-01 -1.283250e+02 -4.406734e-02 9.975583e-01 -5.417962e-02 -1.307773e+01 -5.166494e-01 2.366112e-02 8.558701e-01 2.029078e+02
8.251684e-01 6.848328e-02 5.607202e-01 -1.267314e+02 -4.322650e-02 9.973686e-01 -5.820005e-02 -1.329464e+01 -5.632305e-01 2.378686e-02 8.259574e-01 2.054460e+02
7.935545e-01 7.266576e-02 6.041449e-01 -1.249940e+02 -3.914013e-02 9.968835e-01 -6.849267e-02 -1.353728e+01 -6.072392e-01 3.070634e-02 7.939255e-01 2.078983e+02
7.618118e-01 7.606509e-02 6.433171e-01 -1.231156e+02 -3.615865e-02 9.965270e-01 -7.500944e-02 -1.380930e+01 -6.467885e-01 3.388159e-02 7.619164e-01 2.102655e+02
7.311888e-01 7.701624e-02 6.778137e-01 -1.211117e+02 -3.225451e-02 9.963984e-01 -7.842087e-02 -1.409866e+01 -6.814122e-01 3.547791e-02 7.310395e-01 2.125536e+02
7.018663e-01 7.915916e-02 7.078966e-01 -1.190042e+02 -2.719627e-02 9.960592e-01 -8.441782e-02 -1.439724e+01 -7.117894e-01 3.999787e-02 7.012532e-01 2.147483e+02
6.723406e-01 8.323069e-02 7.355480e-01 -1.167977e+02 -2.304057e-02 9.955303e-01 -9.158829e-02 -1.471793e+01 -7.398833e-01 4.463107e-02 6.712531e-01 2.168677e+02
6.409030e-01 8.505921e-02 7.628947e-01 -1.145005e+02 -2.215092e-02 9.954772e-01 -9.238225e-02 -1.505999e+01 -7.673023e-01 4.230923e-02 6.398884e-01 2.188995e+02
6.237247e-01 8.603367e-02 7.768949e-01 -1.133266e+02 -2.419427e-02 9.955728e-01 -9.082598e-02 -1.522932e+01 -7.812696e-01 3.785399e-02 6.230449e-01 2.198821e+02
5.883410e-01 8.846893e-02 8.037587e-01 -1.109463e+02 -2.957909e-02 9.956862e-01 -8.794271e-02 -1.556587e+01 -8.080718e-01 2.796585e-02 5.884199e-01 2.217455e+02
5.707896e-01 9.136522e-02 8.159973e-01 -1.097418e+02 -3.003126e-02 9.954480e-01 -9.045105e-02 -1.573251e+01 -8.205470e-01 2.712308e-02 5.709351e-01 2.226219e+02
5.528147e-01 9.504673e-02 8.278659e-01 -1.085346e+02 -3.192380e-02 9.951601e-01 -9.293630e-02 -1.589865e+01 -8.326925e-01 2.494792e-02 5.531734e-01 2.234648e+02
5.134242e-01 9.426517e-02 8.529418e-01 -1.060712e+02 -3.291223e-02 9.953801e-01 -9.019579e-02 -1.623283e+01 -8.575036e-01 1.823647e-02 5.141547e-01 2.250551e+02
4.710965e-01 9.126403e-02 8.773477e-01 -1.035830e+02 -3.338632e-02 9.957653e-01 -8.565521e-02 -1.655412e+01 -8.814496e-01 1.106046e-02 4.721486e-01 2.265016e+02
4.286649e-01 8.960883e-02 8.990087e-01 -1.010709e+02 -3.166598e-02 9.959479e-01 -8.417233e-02 -1.686140e+01 -9.029085e-01 7.613732e-03 4.297655e-01 2.277927e+02
3.872057e-01 8.920905e-02 9.176674e-01 -9.854908e+01 -2.665265e-02 9.959751e-01 -8.557562e-02 -1.716162e+01 -9.216081e-01 8.677094e-03 3.880249e-01 2.289348e+02
3.459362e-01 8.668983e-02 9.342446e-01 -9.602574e+01 -2.032632e-02 9.961812e-01 -8.491051e-02 -1.745580e+01 -9.380379e-01 1.038386e-02 3.463772e-01 2.299362e+02
3.053968e-01 9.046685e-02 9.479180e-01 -9.351167e+01 -1.918218e-02 9.958592e-01 -8.886221e-02 -1.774895e+01 -9.520320e-01 8.955094e-03 3.058676e-01 2.308192e+02
2.668520e-01 1.081341e-01 9.576518e-01 -9.104012e+01 -2.168507e-02 9.941074e-01 -1.062079e-01 -1.806044e+01 -9.634935e-01 7.575053e-03 2.676245e-01 2.315729e+02
2.268997e-01 1.127631e-01 9.673681e-01 -8.857746e+01 -2.685987e-02 9.936212e-01 -1.095233e-01 -1.839359e+01 -9.735477e-01 -1.132577e-03 2.284811e-01 2.322234e+02
1.873948e-01 1.131447e-01 9.757466e-01 -8.613843e+01 -3.211059e-02 9.935187e-01 -1.090386e-01 -1.872416e+01 -9.817597e-01 -1.089853e-02 1.898134e-01 2.327642e+02
1.495389e-01 1.117241e-01 9.824234e-01 -8.371282e+01 -3.162045e-02 9.936277e-01 -1.081852e-01 -1.904863e+01 -9.882501e-01 -1.488677e-02 1.521188e-01 2.331988e+02
1.117838e-01 1.153775e-01 9.870118e-01 -8.131714e+01 -3.326295e-02 9.931147e-01 -1.123237e-01 -1.936977e+01 -9.931757e-01 -2.027495e-02 1.148520e-01 2.335316e+02
7.532815e-02 1.145611e-01 9.905561e-01 -7.895298e+01 -3.386414e-02 9.930994e-01 -1.122800e-01 -1.968703e+01 -9.965836e-01 -2.508649e-02 7.868785e-02 2.337739e+02
4.570497e-02 1.062354e-01 9.932900e-01 -7.659714e+01 -3.051178e-02 9.940136e-01 -1.049088e-01 -2.000318e+01 -9.984889e-01 -2.551218e-02 4.867279e-02 2.339286e+02
3.323415e-02 1.028807e-01 9.941383e-01 -7.546824e+01 -2.845560e-02 9.943820e-01 -1.019547e-01 -2.015044e+01 -9.990425e-01 -2.490042e-02 3.597497e-02 2.339791e+02
1.390803e-02 1.055624e-01 9.943154e-01 -7.322171e+01 -2.754376e-02 9.940747e-01 -1.051516e-01 -2.043837e+01 -9.995239e-01 -2.592473e-02 1.673320e-02 2.340470e+02
7.116424e-03 1.070233e-01 9.942310e-01 -7.211428e+01 -2.862878e-02 9.938704e-01 -1.067796e-01 -2.057930e+01 -9.995648e-01 -2.770373e-02 1.013675e-02 2.340698e+02
-4.193877e-03 1.188958e-01 9.928979e-01 -6.995117e+01 -2.857930e-02 9.924867e-01 -1.189673e-01 -2.087505e+01 -9.995828e-01 -2.887526e-02 -7.644094e-04 2.340942e+02
-8.972000e-03 1.233375e-01 9.923242e-01 -6.888154e+01 -2.961349e-02 9.918961e-01 -1.235521e-01 -2.102076e+01 -9.995212e-01 -3.049469e-02 -5.246840e-03 2.340987e+02
-1.522544e-02 1.039934e-01 9.944614e-01 -6.674442e+01 -2.845600e-02 9.941288e-01 -1.043943e-01 -2.130620e+01 -9.994791e-01 -2.988784e-02 -1.217682e-02 2.340897e+02
-1.659104e-02 1.022640e-01 9.946189e-01 -6.465882e+01 -2.792948e-02 9.943203e-01 -1.026992e-01 -2.156167e+01 -9.994722e-01 -2.948307e-02 -1.364063e-02 2.340770e+02
-1.454802e-02 1.080229e-01 9.940419e-01 -6.261250e+01 -2.943555e-02 9.936700e-01 -1.084133e-01 -2.181801e+01 -9.994608e-01 -3.083737e-02 -1.127622e-02 2.340729e+02
-9.360384e-03 1.102212e-01 9.938630e-01 -6.058819e+01 -3.272377e-02 9.933404e-01 -1.104714e-01 -2.207608e+01 -9.994206e-01 -3.355699e-02 -5.691197e-03 2.340809e+02
-5.854104e-03 1.109989e-01 9.938033e-01 -5.958519e+01 -3.534746e-02 9.931762e-01 -1.111371e-01 -2.220492e+01 -9.993580e-01 -3.577903e-02 -1.890630e-03 2.340933e+02
4.928350e-03 1.128019e-01 9.936053e-01 -5.758997e+01 -3.837036e-02 9.929069e-01 -1.125323e-01 -2.246446e+01 -9.992515e-01 -3.757038e-02 9.221639e-03 2.341299e+02
1.166004e-02 1.099014e-01 9.938741e-01 -5.659296e+01 -3.752136e-02 9.932897e-01 -1.093966e-01 -2.259437e+01 -9.992278e-01 -3.601593e-02 1.570545e-02 2.341542e+02
2.657858e-02 1.108702e-01 9.934794e-01 -5.463127e+01 -3.443272e-02 9.933423e-01 -1.099337e-01 -2.284877e+01 -9.990536e-01 -3.128631e-02 3.021918e-02 2.342213e+02
4.032596e-02 1.093806e-01 9.931816e-01 -5.266948e+01 -3.608598e-02 9.935011e-01 -1.079507e-01 -2.310390e+01 -9.985348e-01 -3.148672e-02 4.401099e-02 2.343208e+02
5.384017e-02 1.052978e-01 9.929822e-01 -5.071747e+01 -3.733266e-02 9.939415e-01 -1.033754e-01 -2.335302e+01 -9.978515e-01 -3.150492e-02 5.744502e-02 2.344474e+02
6.778197e-02 1.083457e-01 9.917998e-01 -4.878998e+01 -3.722162e-02 9.936686e-01 -1.060061e-01 -2.359769e+01 -9.970056e-01 -2.973109e-02 7.138561e-02 2.346005e+02
8.122069e-02 1.114968e-01 9.904401e-01 -4.686941e+01 -3.910740e-02 9.933145e-01 -1.086134e-01 -2.384177e+01 -9.959287e-01 -2.991188e-02 8.503804e-02 2.347793e+02
9.465349e-02 1.124343e-01 9.891406e-01 -4.496036e+01 -4.187033e-02 9.931720e-01 -1.088859e-01 -2.408941e+01 -9.946294e-01 -3.110922e-02 9.871486e-02 2.349871e+02
1.073954e-01 1.083270e-01 9.882973e-01 -4.305660e+01 -4.360424e-02 9.936031e-01 -1.041702e-01 -2.433575e+01 -9.932598e-01 -3.190654e-02 1.114320e-01 2.352214e+02
1.140945e-01 1.078491e-01 9.875986e-01 -4.210966e+01 -4.324480e-02 9.936870e-01 -1.035180e-01 -2.445463e+01 -9.925283e-01 -3.089766e-02 1.180382e-01 2.353479e+02
1.282764e-01 1.094041e-01 9.856855e-01 -4.022656e+01 -4.158002e-02 9.936160e-01 -1.048732e-01 -2.468721e+01 -9.908665e-01 -2.753207e-02 1.320065e-01 2.356150e+02
1.466588e-01 1.135809e-01 9.826447e-01 -3.836062e+01 -4.011210e-02 9.932518e-01 -1.088203e-01 -2.492222e+01 -9.883736e-01 -2.345649e-02 1.502250e-01 2.359109e+02
1.642740e-01 1.139561e-01 9.798102e-01 -3.651652e+01 -4.261524e-02 9.931970e-01 -1.083682e-01 -2.515044e+01 -9.854938e-01 -2.395276e-02 1.680127e-01 2.362425e+02
1.735339e-01 1.121319e-01 9.784234e-01 -3.467183e+01 -4.694428e-02 9.933093e-01 -1.055119e-01 -2.537859e+01 -9.837084e-01 -2.762150e-02 1.776368e-01 2.366029e+02
1.791364e-01 1.159103e-01 9.769723e-01 -3.281121e+01 -4.707368e-02 9.929079e-01 -1.091696e-01 -2.560259e+01 -9.826975e-01 -2.643343e-02 1.833223e-01 2.369709e+02
1.853964e-01 1.149561e-01 9.759166e-01 -3.092803e+01 -4.460952e-02 9.930945e-01 -1.085051e-01 -2.583305e+01 -9.816508e-01 -2.341873e-02 1.892443e-01 2.373485e+02
1.890239e-01 1.161237e-01 9.750822e-01 -2.998093e+01 -4.381392e-02 9.929916e-01 -1.097631e-01 -2.595197e+01 -9.809946e-01 -2.197433e-02 1.927870e-01 2.375425e+02
1.925389e-01 1.165764e-01 9.743401e-01 -2.903001e+01 -4.368668e-02 9.929521e-01 -1.101704e-01 -2.607414e+01 -9.803164e-01 -2.135359e-02 1.962748e-01 2.377390e+02
1.962879e-01 1.151961e-01 9.737561e-01 -2.807792e+01 -4.349005e-02 9.931206e-01 -1.087203e-01 -2.619995e+01 -9.795814e-01 -2.100822e-02 1.999475e-01 2.379448e+02
2.042267e-01 1.094460e-01 9.727862e-01 -2.616421e+01 -4.064321e-02 9.938216e-01 -1.032800e-01 -2.645236e+01 -9.780796e-01 -1.844462e-02 2.074131e-01 2.383612e+02
2.162759e-01 1.127803e-01 9.697965e-01 -2.424773e+01 -3.816987e-02 9.935231e-01 -1.070272e-01 -2.669510e+01 -9.755859e-01 -1.386960e-02 2.191799e-01 2.387918e+02
2.224709e-01 1.125592e-01 9.684199e-01 -2.328840e+01 -3.793108e-02 9.935602e-01 -1.067675e-01 -2.681809e+01 -9.742012e-01 -1.298054e-02 2.253078e-01 2.390146e+02
2.382463e-01 1.101501e-01 9.649381e-01 -2.136288e+01 -3.651364e-02 9.938610e-01 -1.044364e-01 -2.706134e+01 -9.705182e-01 -1.035181e-02 2.408057e-01 2.394902e+02
2.587533e-01 1.111752e-01 9.595242e-01 -1.947329e+01 -3.156187e-02 9.937971e-01 -1.066350e-01 -2.730342e+01 -9.654277e-01 -2.692211e-03 2.606572e-01 2.399989e+02
2.810883e-01 1.077539e-01 9.536134e-01 -1.758590e+01 -3.146725e-02 9.941770e-01 -1.030621e-01 -2.754421e+01 -9.591659e-01 -1.038035e-03 2.828422e-01 2.405579e+02
3.026799e-01 1.083492e-01 9.469136e-01 -1.571651e+01 -3.459952e-02 9.941115e-01 -1.026900e-01 -2.778349e+01 -9.524641e-01 -1.680556e-03 3.046464e-01 2.411633e+02
3.236367e-01 1.117194e-01 9.395627e-01 -1.386544e+01 -3.817752e-02 9.937380e-01 -1.050108e-01 -2.802279e+01 -9.454109e-01 -1.884835e-03 3.258752e-01 2.418115e+02
3.424563e-01 1.102890e-01 9.330380e-01 -1.202778e+01 -4.232453e-02 9.938890e-01 -1.019473e-01 -2.826671e+01 -9.385800e-01 -4.577908e-03 3.450315e-01 2.424978e+02
3.583093e-01 1.078487e-01 9.273527e-01 -1.020216e+01 -4.329268e-02 9.941561e-01 -9.889043e-02 -2.850521e+01 -9.325987e-01 -4.714229e-03 3.608844e-01 2.432173e+02
3.740017e-01 1.067893e-01 9.212593e-01 -8.398430e+00 -4.622716e-02 9.942604e-01 -9.648458e-02 -2.873833e+01 -9.262752e-01 -6.501801e-03 3.767917e-01 2.439669e+02
3.818725e-01 1.080335e-01 9.178791e-01 -7.504105e+00 -4.685165e-02 9.941305e-01 -9.751615e-02 -2.885496e+01 -9.230267e-01 -5.765415e-03 3.846927e-01 2.443519e+02
3.979618e-01 1.091069e-01 9.108908e-01 -5.736688e+00 -4.878672e-02 9.940146e-01 -9.774891e-02 -2.908337e+01 -9.161039e-01 -5.539041e-03 4.009028e-01 2.451390e+02
4.153690e-01 1.061796e-01 9.034348e-01 -4.000885e+00 -4.891631e-02 9.943344e-01 -9.437293e-02 -2.930581e+01 -9.083369e-01 -4.993108e-03 4.182096e-01 2.459502e+02
4.324715e-01 9.934954e-02 8.961574e-01 -2.279275e+00 -4.918771e-02 9.950304e-01 -8.657358e-02 -2.951821e+01 -9.003050e-01 -6.639323e-03 4.352091e-01 2.467944e+02
4.494296e-01 1.007627e-01 8.876147e-01 -6.089908e-01 -5.265195e-02 9.948786e-01 -8.627990e-02 -2.971750e+01 -8.917628e-01 -7.957901e-03 4.524333e-01 2.476612e+02
4.575802e-01 9.878703e-02 8.836637e-01 2.183283e-01 -5.410544e-02 9.950610e-01 -8.322349e-02 -2.981292e+01 -8.875207e-01 -9.729592e-03 4.606651e-01 2.481060e+02
4.658026e-01 9.817332e-02 8.794259e-01 1.045353e+00 -5.558640e-02 9.951101e-01 -8.164530e-02 -2.991067e+01 -8.831411e-01 -1.085353e-02 4.689820e-01 2.485608e+02
4.825798e-01 9.841240e-02 8.703055e-01 2.670980e+00 -5.620447e-02 9.950989e-01 -8.135873e-02 -3.009499e+01 -8.740468e-01 -9.652975e-03 4.857459e-01 2.494807e+02
4.991477e-01 9.817028e-02 8.609379e-01 4.271917e+00 -5.696934e-02 9.951299e-01 -8.044260e-02 -3.027453e+01 -8.646422e-01 -8.894319e-03 5.023095e-01 2.504292e+02
5.133747e-01 9.404667e-02 8.529957e-01 5.864994e+00 -5.752752e-02 9.955124e-01 -7.513693e-02 -3.045063e+01 -8.562342e-01 -1.049733e-02 5.164812e-01 2.514103e+02
5.224205e-01 9.022701e-02 8.479008e-01 7.450741e+00 -5.918057e-02 9.958246e-01 -6.950477e-02 -3.061794e+01 -8.506318e-01 -1.386853e-02 5.255789e-01 2.524159e+02
5.281496e-01 8.499646e-02 8.448868e-01 9.016959e+00 -5.974922e-02 9.962315e-01 -6.287191e-02 -3.080137e+01 -8.470467e-01 -1.727556e-02 5.312377e-01 2.534953e+02
5.316076e-01 8.400868e-02 8.428143e-01 1.058369e+01 -6.036185e-02 9.962965e-01 -6.123384e-02 -3.097495e+01 -8.448372e-01 -1.832145e-02 5.347097e-01 2.545731e+02
