9.999999999538200512e-01 -1.999994359953099988e-06 9.400001199779567203e-06 -2.741200000000000060e-03 2.000005639953099402e-06 9.999999999972800646e-01 -1.199990599971860024e-06 1.574000000000000095e-03 -9.399998799779568661e-06 1.200009399971859611e-06 9.999999999551000274e-01 -6.127299999999999587e-03
9.998820050908265866e-01 -1.143657409701911640e-02 1.025576269575191254e-02 6.600000000000000337e-06 1.147032000596861015e-02 9.999289721002603271e-01 -3.237670995866870523e-03 7.917999999999999474e-04 -1.021800638622140378e-02 3.354925847197329572e-03 9.999421667366822364e-01 6.421159999999999368e-02
9.999111100837719812e-01 -1.308870912089518147e-02 -2.541185665666724058e-03 1.606000000000000006e-04 1.307542366457276235e-02 9.999011156910971865e-01 -5.176112024584289539e-03 6.572999999999999850e-04 2.608683006945332426e-03 5.142424841231105215e-03 9.999833749816651185e-01 7.912270000000000414e-02
9.997436627976152845e-01 -1.219126189498727017e-02 -1.907830782370511027e-02 -7.896000000000000024e-04 1.209430337037004088e-02 9.999133957817749607e-01 -5.189293029404646457e-03 2.845999999999999789e-04 1.913991959214228142e-02 4.957223977933940609e-03 9.998045255990988256e-01 9.430739999999999956e-02
9.982786114318482618e-01 -4.339326236792219633e-03 -5.848918024311530739e-02 -3.861799999999999868e-03 3.969453977156748269e-03 9.999713943306524078e-01 -6.438474627901101359e-03 -2.548000000000000135e-04 5.851544576284263555e-02 6.195221402143625579e-03 9.982672797597617054e-01 1.260768999999999918e-01
9.968913317389834772e-01 -4.402411871078177642e-03 -7.866569438702873673e-02 -5.987499999999999767e-03 3.875900923624734686e-03 9.999690649490172722e-01 -6.844453010900545566e-03 -3.972000000000000053e-04 7.869339296094850222e-02 6.518275439529273678e-03 9.968775561670490948e-01 1.426064999999999972e-01
9.928193665968433335e-01 -7.589619531805854268e-03 -1.193821719755730482e-01 -1.084770000000000005e-02 6.989291786956910134e-03 9.999607418420051186e-01 -5.446519540364169569e-03 -8.679000000000000083e-04 1.194188222624877616e-01 4.573013246123734145e-03 9.928334364027487924e-01 1.770403999999999867e-01
9.881782934728059464e-01 -5.323174430081308202e-03 -1.532165921927517716e-01 -1.725410000000000138e-02 4.721787504519621252e-03 9.999796557305081768e-01 -4.288688360866818768e-03 -1.391499999999999942e-03 1.532363045493307097e-01 3.514532555177243920e-03 9.881833246058058240e-01 2.140620000000000023e-01
9.859730694104140714e-01 -4.699482595673779885e-03 -1.668383087325562841e-01 -2.113169999999999979e-02 4.044475340590161609e-03 9.999827234894037575e-01 -4.265552945860308191e-03 -1.740000000000000010e-03 1.668554722405776181e-01 3.530946905227930026e-03 9.859750421777045970e-01 2.333435000000000092e-01
9.837730161213263935e-01 -6.237313528944743446e-03 -1.793090869741132687e-01 -2.480709999999999860e-02 5.405135311807085507e-03 9.999722374692748827e-01 -5.129210753433199009e-03 -2.045799999999999962e-03 1.793361013957020800e-01 4.076789255495251625e-03 9.837794176163459081e-01 2.531713999999999909e-01
9.818761742389275904e-01 -9.973507203072993696e-03 -1.892609511124716259e-01 -2.867199999999999957e-02 8.723495077420014357e-03 9.999342965720319221e-01 -7.436610291655982967e-03 -2.380199999999999851e-03 1.893226851055133386e-01 5.650813487099536243e-03 9.818986654494304966e-01 2.735737999999999781e-01
9.804436740657280769e-01 -9.182476918098961619e-03 -1.965855643279659226e-01 -3.344710000000000044e-02 7.502791841389927323e-03 9.999287241440641960e-01 -9.287343334266248349e-03 -2.638699999999999900e-03 1.966568333394012047e-01 7.630776452782953197e-03 9.804426863165671691e-01 2.947665999999999897e-01
9.789625845901347434e-01 -8.577824642010557082e-03 -2.038594586891028793e-01 -3.849319999999999825e-02 6.470199898356319285e-03 9.999185331969708823e-01 -1.100288518950236910e-02 -2.911799999999999979e-03 2.039372317304479765e-01 9.452401474174546014e-03 9.789383318782099996e-01 3.162614000000000258e-01
9.771480322581077571e-01 -9.516829060685245978e-03 -2.123467753904865196e-01 -4.329910000000000009e-02 6.771369858397973535e-03 9.998838703029019337e-01 -1.365263558183297914e-02 -3.463599999999999839e-03 2.124520454228407962e-01 1.190276743951797743e-02 9.770989983225506492e-01 3.385113000000000150e-01
9.755295069756783066e-01 -1.301068394283575076e-02 -2.194832638793435819e-01 -4.891999999999999821e-02 9.847583925048157896e-03 9.998313810399219737e-01 -1.549950252883825624e-02 -3.868200000000000024e-03 2.196479139683076287e-01 1.295884219913053664e-02 9.754931380067360935e-01 3.612573000000000034e-01
9.734657375557750347e-01 -1.981291586247645869e-02 -2.279734769003128603e-01 -5.378390000000000254e-02 1.639903130426222100e-02 9.997233746895646256e-01 -1.685959286549896033e-02 -4.404800000000000382e-03 2.282444513614139969e-01 1.267369181947329559e-02 9.735213649213828591e-01 3.848496000000000139e-01
9.713096916692514071e-01 -2.063400095330420597e-02 -2.369213390010334597e-01 -5.963600000000000151e-02 1.656331366520145953e-02 9.996792352070493770e-01 -1.915941899633170215e-02 -5.191099999999999708e-03 2.372406784466182805e-01 1.468552690603529970e-02 9.713398971470699195e-01 4.087888000000000077e-01
9.692174900366932189e-01 -1.657402305953260477e-02 -2.456476313067044170e-01 -6.644300000000000206e-02 1.112063925213747397e-02 9.996603201532626715e-01 -2.357065323023810333e-02 -5.744499999999999607e-03 2.459548503071170011e-01 2.011333067143272063e-02 9.690725801196241607e-01 4.327057000000000264e-01
9.671521948467514118e-01 -1.349526648938329139e-02 -2.538395355051923930e-01 -7.383919999999999373e-02 7.017299736229635695e-03 9.996266140403196054e-01 -2.640814281046014594e-02 -6.573899999999999709e-03 2.541011403113398459e-01 2.375942517541775045e-02 9.668857741262979477e-01 4.573861000000000177e-01
9.647127104795136798e-01 -1.640152610116102361e-02 -2.627934096982324497e-01 -8.053730000000000611e-02 9.345153378426672083e-03 9.995620253465009597e-01 -2.807891724291920396e-02 -7.464000000000000148e-03 2.631388499397300795e-01 2.463224364027683314e-02 9.644434655414708679e-01 4.825959000000000221e-01
9.602849948617523390e-01 -1.805624945161662248e-02 -2.784361695238338763e-01 -9.603589999999999349e-02 9.201541959553648925e-03 9.994104873811792134e-01 -3.307581197915387961e-02 -9.335500000000000048e-03 2.788692530002738756e-01 2.920016383951911862e-02 9.598850400765783775e-01 5.345670999999999617e-01
9.555283370710946356e-01 -1.811026916463796474e-02 -2.943426832875805643e-01 -1.127588000000000062e-01 6.147991757953980181e-03 9.991189517797366415e-01 -4.151532719255127818e-02 -1.182320000000000072e-02 2.948352069402376263e-01 3.785945516439481046e-02 9.547978123158653574e-01 5.887282000000000348e-01
9.522799837281850088e-01 -2.145320549838412166e-02 -3.044710044724978637e-01 -1.306147000000000002e-01 4.199572901377129561e-03 9.983533482629888267e-01 -5.720975091298193677e-02 -1.500179999999999916e-02 3.051969793069612136e-01 5.320105248887018606e-02 9.508020045393167363e-01 6.448479999999999768e-01
9.496340501401442369e-01 -2.115090252416879785e-02 -3.126464618972031317e-01 -1.501190000000000024e-01 -2.438517092316848031e-03 9.971904804560952629e-01 -7.486787910801599721e-02 -1.881189999999999946e-02 3.133515987653751056e-01 7.185948100393664550e-02 9.469144578793948774e-01 7.028157000000000432e-01
9.467324132730239317e-01 -1.815767673588444819e-02 -3.215089989934828973e-01 -1.711341000000000112e-01 -1.088205387807733918e-02 9.960348063439172783e-01 -8.829635017841841460e-02 -2.412519999999999942e-02 3.218374101337985738e-01 8.709169493694784991e-02 9.427808430973652065e-01 7.619995000000000518e-01
9.434713688206660676e-01 -1.550144733324678413e-02 -3.310913489450202363e-01 -1.933531000000000000e-01 -1.852258035074615811e-02 9.948790342005064957e-01 -9.936106544022892118e-02 -3.035869999999999888e-02 3.309360817934616783e-01 9.987698653264363846e-02 9.383527574043512010e-01 8.232511000000000134e-01
9.397168678914696871e-01 -1.369917184758302243e-02 -3.416790027071263669e-01 -2.169325000000000003e-01 -2.318800375408946318e-02 9.943444674646376713e-01 -1.036407087218459144e-01 -3.727420000000000039e-02 3.411664178698519123e-01 1.053157761836115702e-01 9.340846121228509880e-01 8.873290000000000344e-01
9.350663187292055367e-01 -1.366650541203699720e-02 -3.542092689470936473e-01 -2.414312999999999876e-01 -2.366638218265544602e-02 9.946199434777625026e-01 -1.008517247778983189e-01 -4.511060000000000070e-02 3.536818937019483022e-01 1.026859029571012966e-01 9.297121723422193673e-01 9.514820999999999973e-01
9.294329044745635038e-01 -1.207931605152383001e-02 -3.687933922994071079e-01 -2.681713000000000013e-01 -2.532941622676175217e-02 9.950178502534278158e-01 -9.642561045001792064e-02 -5.190550000000000025e-02 3.681207638175120200e-01 9.896245652152409200e-02 9.244963685410759746e-01 1.016017600000000076e+00
9.225899281343559188e-01 -6.456688198404241311e-03 -3.857280592367535177e-01 -2.963926000000000061e-01 -2.870205731323730719e-02 9.959400178351296429e-01 -8.532099847370012979e-02 -5.926119999999999999e-02 3.847129012796834391e-01 8.978748271373958312e-02 9.186589092459171990e-01 1.082477300000000087e+00
9.150803806981019362e-01 -1.986280707479108273e-03 -4.032666010846521765e-01 -3.265332000000000234e-01 -3.296937338633491171e-02 9.962719040707767038e-01 -7.972022063254377566e-02 -6.572329999999999839e-02 4.019215312469951451e-01 8.624585699116291138e-02 9.116033868256143702e-01 1.149264899999999923e+00
9.072916843954355048e-01 -2.539183905682031520e-03 -4.204941759073325125e-01 -3.588111999999999968e-01 -3.332432874112000593e-02 9.964025049287283942e-01 -7.792006985179965317e-02 -7.190439999999999332e-02 4.191793035693047731e-01 8.470891757571159808e-02 9.039430904334100347e-01 1.217188600000000065e+00
8.992959950240241307e-01 -3.258048139814234342e-03 -4.373283645683973542e-01 -3.920043000000000277e-01 -3.227411751392460920e-02 9.967512647373923951e-01 -7.379225964222833889e-02 -7.820810000000000262e-02 4.361480192233455067e-01 8.047547059028180294e-02 8.962692697849373724e-01 1.285960699999999957e+00
8.915982429843903878e-01 -1.233217034467628398e-03 -4.528256312123839500e-01 -4.275199000000000082e-01 -3.113857679517841384e-02 9.974622288916519253e-01 -6.402726739185939098e-02 -8.392620000000000635e-02 4.517554229251916631e-01 7.118694480200553343e-02 8.892971700997577278e-01 1.355483299999999947e+00
8.838641059546834544e-01 -1.700526077229581184e-03 -4.677406871504646291e-01 -4.646887000000000101e-01 -2.885043430151857866e-02 9.978911795305569488e-01 -5.814504498001126648e-02 -8.934419999999999862e-02 4.668531831802605336e-01 6.488684016173414115e-02 8.819511343199710751e-01 1.426280900000000074e+00
8.775177705496429725e-01 -1.445518997077505433e-03 -4.795419406521322370e-01 -5.042560999999999849e-01 -2.864335586586687354e-02 9.980520152813904255e-01 -5.542321677326704499e-02 -9.444059999999999955e-02 4.786879155925343743e-01 6.237054807827431546e-02 8.757669748272598476e-01 1.497787500000000049e+00
8.717637236163605641e-01 -3.558301485789420668e-03 -4.899136134841263757e-01 -5.454927999999999999e-01 -2.605190757555115449e-02 9.982221823992719623e-01 -5.360758041274961416e-02 -1.003721000000000058e-01 4.892333883722703169e-01 5.949632809317483007e-02 8.701211861834055039e-01 1.571591299999999913e+00
8.681856332254154207e-01 -5.100105444972717270e-03 -4.962133565165641191e-01 -5.889906999999999782e-01 -2.522374095933550137e-02 9.982010422537475058e-01 -5.439156309161011921e-02 -1.056257000000000029e-01 4.955980923621487455e-01 5.973833081014586627e-02 8.664951602167301203e-01 1.646784699999999990e+00
8.677011908115243033e-01 -2.943425304052994101e-03 -4.970774383451156408e-01 -6.343292000000000375e-01 -2.662922663928523823e-02 9.982713113641824565e-01 -5.239535471612938311e-02 -1.104450000000000015e-01 4.963723680392134741e-01 5.870029944314510140e-02 8.661228244841656654e-01 1.723400700000000008e+00
8.673507400616570218e-01 -4.120290822697929289e-03 -4.976803360773181528e-01 -6.569310999999999900e-01 -2.467697217238290150e-02 9.983797876700760687e-01 -5.127227921847624798e-02 -1.134951000000000015e-01 4.970852449619676539e-01 5.675229312891543615e-02 8.658437713962665594e-01 1.762706899999999965e+00
8.654126469289961099e-01 -8.728408085358681928e-03 -5.009837975699855672e-01 -7.032749999999999835e-01 -2.047834614988564006e-02 9.983967265951044778e-01 -5.276943872304774852e-02 -1.185437000000000018e-01 5.006411767666680834e-01 5.592665926439262247e-02 8.638464104858052384e-01 1.843239400000000083e+00
8.618943489257463453e-01 -7.686365404717168323e-03 -5.070296353042186288e-01 -7.515576999999999952e-01 -1.899172223088564648e-02 9.986943043324690850e-01 -4.742363314414516778e-02 -1.237744999999999956e-01 5.067321242792574010e-01 5.050352740899140963e-02 8.606229998917531709e-01 1.924262499999999987e+00
8.548985315645241112e-01 -9.177511534557885112e-03 -5.187140580424377534e-01 -8.012890000000000290e-01 -1.448942272458827139e-02 9.990311144342608474e-01 -4.155585423676191881e-02 -1.290600000000000080e-01 5.185928628104407023e-01 4.304190602508066454e-02 8.539372558729355633e-01 2.006201299999999854e+00
8.495258641633165464e-01 -1.221149831157423114e-02 -5.274056175530903445e-01 -8.257562000000000513e-01 -1.292060711065535529e-02 9.989505439956287702e-01 -4.394164952217272102e-02 -1.318650000000000100e-01 5.273887219399580051e-01 4.414396855544140685e-02 8.484765441723853829e-01 2.045798099999999842e+00
8.370202571785987367e-01 -1.692624086353604340e-02 -5.469100396252585261e-01 -8.773130000000000095e-01 -1.006856076158529553e-02 9.988757455934336171e-01 -4.632352479412962798e-02 -1.373850000000000071e-01 5.470792567415277974e-01 4.428032560168951304e-02 8.359088105814806990e-01 2.125451099999999816e+00
8.312046554950290878e-01 -1.413989521124382927e-02 -5.557867253243864436e-01 -9.038730000000000375e-01 -1.048592668389191317e-02 9.990999915245161178e-01 -4.110051431906603520e-02 -1.399768000000000123e-01 5.558676695266329126e-01 3.999087769887967742e-02 8.303082943557189566e-01 2.164916999999999980e+00
8.259840834621157146e-01 -9.192047542289347173e-03 -5.636184881009748127e-01 -9.307058000000000275e-01 -1.394870130399876798e-02 9.992275693174663687e-01 -3.673824230743292368e-02 -1.425688999999999984e-01 5.635208315574325999e-01 3.820694934024599504e-02 8.252178508872256568e-01 2.203624500000000097e+00
8.186598013673742624e-01 -1.137757653067926131e-02 -5.741660738648879381e-01 -9.851594999999999658e-01 -1.572930212252903956e-02 9.989843912724797326e-01 -4.222292089246384994e-02 -1.476255999999999957e-01 5.740633403030275250e-01 4.359743967530195496e-02 8.176494019895622634e-01 2.280300899999999853e+00
8.155009309199560130e-01 -1.338500574052196163e-02 -5.786009620541699983e-01 -1.012828099999999898e+00 -1.869250386619059068e-02 9.986018178993690819e-01 -4.944693708702038726e-02 -1.501066000000000067e-01 5.784538200823791110e-01 5.113952394578478999e-02 8.141105128437422511e-01 2.318870299999999940e+00
8.120270239027636006e-01 -1.514414308758166815e-02 -5.834233174820521173e-01 -1.040604400000000096e+00 -1.789578285724754275e-02 9.985470932152109569e-01 -5.082758687345911852e-02 -1.528638999999999970e-01 5.833453980340864709e-01 5.171419110452797618e-02 8.105762080340488396e-01 2.357245699999999999e+00
8.090670462257852913e-01 -1.294698794714678469e-02 -5.875737317261378045e-01 -1.068978100000000042e+00 -1.821520272066716462e-02 9.987246400932995316e-01 -4.708821147967215404e-02 -1.555045999999999928e-01 5.874340142529439479e-01 4.880029481064397656e-02 8.077993625431170166e-01 2.395289899999999861e+00
8.028674211266030314e-01 -8.075885810727236741e-03 -5.961029140692821748e-01 -1.126011700000000060e+00 -1.900604024966276104e-02 9.990532231303269617e-01 -3.913346121841543984e-02 -1.602362999999999982e-01 5.958545749824750715e-01 4.274853706592917496e-02 8.019537942120960050e-01 2.471234100000000211e+00
7.998571810144575744e-01 -7.771738199238703917e-03 -6.001400587071052950e-01 -1.154954000000000036e+00 -2.026578661387543751e-02 9.989962719599256857e-01 -3.994679590519244899e-02 -1.626517000000000102e-01 5.998481373418826923e-01 4.411404193148398684e-02 7.988968415458539418e-01 2.509275000000000144e+00
7.960574018854454925e-01 -9.090483656030018400e-03 -6.051528534265484538e-01 -1.183953500000000103e+00 -2.006897179064553657e-02 9.989408322841429877e-01 -4.140591704974078829e-02 -1.653941999999999912e-01 6.048882948732439147e-01 4.510628229374697568e-02 7.950318069253432540e-01 2.547407399999999988e+00
7.919884744449189329e-01 -1.208327048534603952e-02 -6.104164569544205943e-01 -1.213344699999999943e+00 -1.885399156555017663e-02 9.988432511148923609e-01 -4.423445155394506445e-02 -1.678014999999999923e-01 6.102448552412844673e-01 4.654196253500829383e-02 7.908445247802716738e-01 2.585573000000000121e+00
7.875114162873808610e-01 -1.335967405430235969e-02 -6.161552469355481287e-01 -1.243115799999999993e+00 -1.795503778368535627e-02 9.988433063956737579e-01 -4.460567101551644875e-02 -1.703735000000000110e-01 6.160384613278865329e-01 4.619056589522207990e-02 7.863606334164047196e-01 2.623204199999999986e+00
7.780855846654174401e-01 -1.360427801624953213e-02 -6.280109446144485075e-01 -1.304016800000000087e+00 -1.713641980691268246e-02 9.989336474809159538e-01 -4.287086477637616633e-02 -1.758403000000000049e-01 6.279244907248614505e-01 4.411906107488768047e-02 7.770227425228901641e-01 2.698205000000000187e+00
7.726305707849903115e-01 -1.485610028738187580e-02 -6.346820443125135158e-01 -1.334793300000000071e+00 -1.712538791704909177e-02 9.988746510355125396e-01 -4.422841402733804911e-02 -1.782987000000000044e-01 6.346248672855095974e-01 4.504140098769460893e-02 7.715066752918701143e-01 2.735575400000000101e+00
7.673995156990689459e-01 -1.630190934734979460e-02 -6.409619575735093777e-01 -1.366408099999999903e+00 -1.645903492172802809e-02 9.988464311026448161e-01 -4.510994616439673033e-02 -1.809489999999999987e-01 6.409579420479004641e-01 4.516696608297067483e-02 7.662459537906742835e-01 2.772761099999999868e+00
7.616936526924922291e-01 -1.738808199922813394e-02 -6.477039710024612429e-01 -1.398222099999999912e+00 -1.632301833556496287e-02 9.988076349864377645e-01 -4.600942691683615471e-02 -1.836376999999999871e-01 6.477316871362599482e-01 4.561757224126461452e-02 7.605016098486755416e-01 2.809868300000000207e+00
7.498656845373508073e-01 -2.097153345672338881e-02 -6.612576275082230337e-01 -1.462622400000000100e+00 -1.441762401147923117e-02 9.987421081920324628e-01 -4.802430053627287226e-02 -1.892633999999999983e-01 6.614329801810564513e-01 4.554553884419606374e-02 7.486200749513720609e-01 2.883135799999999804e+00
7.435306051279962913e-01 -2.236624470930312358e-02 -6.683277566700333017e-01 -1.495167300000000088e+00 -1.319025826459042233e-02 9.987554863360709190e-01 -4.809881080143149634e-02 -1.922475999999999907e-01 6.685718034174855662e-01 4.457835361699744037e-02 7.423102545862403367e-01 2.919683000000000028e+00
7.370760951794026461e-01 -2.229788398187849616e-02 -6.754418067346845689e-01 -1.528296199999999994e+00 -1.244852409307796795e-02 9.988380001408551090e-01 -4.655839046317369889e-02 -1.949500000000000122e-01 6.756950970393291733e-01 4.272533024504283905e-02 7.359420371146520035e-01 2.955796700000000055e+00
7.307005861076070197e-01 -2.311492226697964975e-02 -6.823066420830088408e-01 -1.562041000000000013e+00 -1.104601951579267660e-02 9.988955230032079413e-01 -4.566967896760986551e-02 -1.978919000000000095e-01 6.826087011713639630e-01 4.090763367318266813e-02 7.296382162362415880e-01 2.991418100000000191e+00
7.174667284438939197e-01 -2.681833215343654847e-02 -6.960763396614797482e-01 -1.630714699999999961e+00 -9.472719334334583560e-03 9.987906085701976355e-01 -4.824508078951911944e-02 -2.035758000000000012e-01 6.965283635031875864e-01 4.120797607845178706e-02 7.163449877978411706e-01 3.062864499999999879e+00
7.110934472404027984e-01 -2.658139522041273045e-02 -7.025948610115908544e-01 -1.665947800000000090e+00 -1.014865552760803487e-02 9.987929438562572759e-01 -4.805892314579254809e-02 -2.063661999999999996e-01 7.030242627980505254e-01 4.130477855027749057e-02 7.099653521026009217e-01 3.098767500000000119e+00
7.006708358642269596e-01 -2.584178041436355211e-02 -7.130165370833564387e-01 -1.737419999999999964e+00 -1.123527981412102139e-02 9.988203380655993335e-01 -4.724088011479376376e-02 -2.122011000000000036e-01 7.133962070664686683e-01 4.111124726322138573e-02 6.995539415167627562e-01 3.168952700000000178e+00
6.902157381826597993e-01 -2.878295114582599817e-02 -7.230309650964492629e-01 -1.810951200000000094e+00 -1.153553846572399032e-02 9.986439149530510484e-01 -5.076674580421021432e-02 -2.183134999999999937e-01 7.235116903805161037e-01 4.338055844016402984e-02 6.889477201008417095e-01 3.239267799999999919e+00
6.805142716679777326e-01 -3.143826027363081504e-02 -7.320600807632999807e-01 -1.885489600000000099e+00 -1.182305456897990263e-02 9.984779542601390778e-01 -5.387012378996783313e-02 -2.245128000000000124e-01 7.326394348087337249e-01 4.531457433823009306e-02 6.791068015531019908e-01 3.307665099999999914e+00
6.753297213629563256e-01 -3.132573145801308134e-02 -7.368503687944061298e-01 -1.923110000000000097e+00 -1.147118264803371861e-02 9.985305346044507369e-01 -5.296398239563686328e-02 -2.274699000000000026e-01 7.374267281652375772e-01 4.422069663822959795e-02 6.739780045196892555e-01 3.342312600000000078e+00
6.648153375153942335e-01 -3.266222855525338642e-02 -7.462933376562442822e-01 -1.999484500000000109e+00 -9.548514424319573535e-03 9.985904625448203120e-01 -5.221028621651362112e-02 -2.340008000000000088e-01 7.469467135456057116e-01 4.183619175219108199e-02 6.635663796358981514e-01 3.410816399999999859e+00
6.601164279220297360e-01 -3.400258973167681609e-02 -7.503933138554732540e-01 -2.038311000000000206e+00 -8.239191974983763739e-03 9.985870939194300133e-01 -5.249696727570676152e-02 -2.372576000000000129e-01 7.511181114199410036e-01 4.083674508437872691e-02 6.589035915426887380e-01 3.444711400000000090e+00
6.554323515018255497e-01 -3.497610479833947877e-02 -7.544435729051729433e-01 -2.077558999999999934e+00 -6.976691920472781472e-03 9.986040866455754283e-01 -5.235650775789670724e-02 -2.403706999999999927e-01 7.552216617488102246e-01 3.957966937572195837e-02 6.542734072216862540e-01 3.478874199999999917e+00
6.474704921482492548e-01 -3.796340217489534152e-02 -7.611443633717661639e-01 -2.157379199999999830e+00 -3.941690939494205820e-03 9.985782893275106931e-01 -5.315884833477673571e-02 -2.471068999999999904e-01 7.620803270455428491e-01 3.741898153410160716e-02 6.464003364410549901e-01 3.546455900000000216e+00
6.434779505821792700e-01 -4.261209632515751411e-02 -7.642776565891050700e-01 -2.197363900000000037e+00 -9.899124014537304117e-04 9.984021596311435376e-01 -5.649909483616645522e-02 -2.503591000000000011e-01 7.654640077678348531e-01 3.711248968533613357e-02 6.424075932936658129e-01 3.579762699999999853e+00
6.317466663191199094e-01 -5.027686869461810149e-02 -7.735427499944282914e-01 -2.278750699999999796e+00 8.283245901450755899e-03 9.982753191341408039e-01 -5.811862906990719613e-02 -2.573938000000000059e-01 7.751306582970476367e-01 3.030880535246306337e-02 6.310735605982014107e-01 3.647045900000000174e+00
6.232820762183037822e-01 -5.389962510660988027e-02 -7.801373493676402315e-01 -2.319908900000000163e+00 1.313561757671076816e-02 9.982026728774276991e-01 -5.847118445215088167e-02 -2.611600000000000033e-01 7.818867622718004284e-01 2.619645536567789465e-02 6.228698393006320000e-01 3.679921400000000009e+00
6.052647947215746838e-01 -5.391743547636347611e-02 -7.941960956982238029e-01 -2.404078000000000159e+00 1.649351182747950395e-02 9.983387139355710538e-01 -5.520666920822997481e-02 -2.677052999999999794e-01 7.958533108169160153e-01 2.031557060784449156e-02 6.051485646125510653e-01 3.744757900000000195e+00
5.863594041387585332e-01 -5.476879696505272677e-02 -8.081973942404422351e-01 -2.490832600000000063e+00 1.484046538378606950e-02 9.982705793867625577e-01 -5.688243066193744701e-02 -2.748998000000000275e-01 8.099150633030803847e-01 2.135952269640649728e-02 5.861581365339467720e-01 3.808189899999999906e+00
5.661278726746793444e-01 -5.870829772271538016e-02 -8.222241589489711622e-01 -2.579084400000000166e+00 1.570238414101364499e-02 9.980476611340430848e-01 -6.045081667896991251e-02 -2.821083999999999814e-01 8.241678633100966156e-01 2.131201265407365111e-02 5.659444594688620711e-01 3.869987200000000183e+00
5.459543974095814045e-01 -5.993903766118516274e-02 -8.356680607235098535e-01 -2.669768299999999872e+00 1.978241276155277492e-02 9.980817464371570802e-01 -5.866415919695788794e-02 -2.893870000000000053e-01 8.375813107361411713e-01 1.549642517503607361e-02 5.460928572251444457e-01 3.929600199999999877e+00
5.247580588713598448e-01 -6.204519636880702349e-02 -8.489872633067697683e-01 -2.761701799999999984e+00 2.058406416850625323e-02 9.979734526432992858e-01 -6.021033234851989879e-02 -2.967773000000000216e-01 8.510025123064378638e-01 1.412024882105767168e-02 5.249717541176497360e-01 3.987429899999999972e+00
5.044197129446467143e-01 -6.358361440683768517e-02 -8.611143229396447385e-01 -2.854503199999999907e+00 1.871892709211539496e-02 9.978558945489955923e-01 -6.271535284397077026e-02 -3.048160999999999787e-01 8.632556718385118177e-01 1.551572404969444111e-02 5.045284009308628193e-01 4.042687400000000153e+00
4.947032828563307505e-01 -6.345548597045659600e-02 -8.667422126742314603e-01 -2.901120699999999886e+00 1.784294372357142153e-02 9.978621543004848604e-01 -6.287090244360100943e-02 -3.088193000000000188e-01 8.688787552302374984e-01 1.563720931139945050e-02 4.947779162356630289e-01 4.069333999999999563e+00
4.775038777474740481e-01 -5.986215431106897689e-02 -8.765880270784919270e-01 -2.995840499999999906e+00 1.794881341925058660e-02 9.981327621596178812e-01 -5.838517963021611079e-02 -3.165424000000000015e-01 8.784462913764085057e-01 1.214543473283018205e-02 4.776867190766185267e-01 4.121582499999999705e+00
4.699267124326621525e-01 -6.022550352603454199e-02 -8.806484960909578552e-01 -3.043432199999999810e+00 1.777134014353019126e-02 9.981130246007693385e-01 -5.877558669896008198e-02 -3.202274999999999983e-01 8.825265233474476334e-01 1.196991425782249069e-02 4.701102601953368598e-01 4.146773800000000065e+00
4.551122211243657234e-01 -6.669869647265044832e-02 -8.879325143681222610e-01 -3.139026199999999989e+00 2.267837607727305610e-02 9.977353878557235767e-01 -6.332287958460669497e-02 -3.281615999999999977e-01 8.901452451379741060e-01 8.682148883662164918e-03 4.555941865838695204e-01 4.196457399999999893e+00
4.488894099401884441e-01 -6.961197581246143795e-02 -8.908717474850320617e-01 -3.187219400000000036e+00 2.370166904327582549e-02 9.975378164596855335e-01 -6.600405758289180913e-02 -3.321018000000000026e-01 8.932729305918278850e-01 8.513375143147507845e-03 4.494340818357677181e-01 4.220851900000000434e+00
4.434352325746914736e-01 -7.303586169458396726e-02 -8.933257845925859364e-01 -3.235522500000000079e+00 2.610053868255690981e-02 9.973040787095603932e-01 -6.858087539361959473e-02 -3.366587999999999803e-01 8.959263119207461212e-01 7.094892233461370240e-03 4.441460414236356735e-01 4.244779600000000208e+00
4.381549572723906216e-01 -7.408174561008663839e-02 -8.958415754947923748e-01 -3.283269400000000005e+00 2.908348058955054216e-02 9.972447534580232142e-01 -6.824260294891761058e-02 -3.409845000000000237e-01 8.984288422431832011e-01 3.846643707024532954e-03 4.391022873520068481e-01 4.268523700000000254e+00
4.340865206339765137e-01 -7.133510373809051619e-02 -8.980424241529817442e-01 -3.331480299999999950e+00 3.077599258177909913e-02 9.974523619489464865e-01 -6.435544983196109237e-02 -3.453504000000000018e-01 9.003453397916237888e-01 2.976863175353228197e-04 4.351760339200239081e-01 4.291642699999999699e+00
4.299240516141869528e-01 -6.939013476417812964e-02 -9.001946006509098375e-01 -3.379367400000000021e+00 3.401747424804932307e-02 9.975792358074663246e-01 -6.065047181658865527e-02 -3.495896000000000003e-01 9.022239862082059858e-01 -4.547250070175524322e-03 4.312437839869394107e-01 4.315040599999999671e+00
4.267007032076298167e-01 -6.893815970648971281e-02 -9.017616314849489223e-01 -3.427380600000000221e+00 3.553559592923749566e-02 9.975985880683975182e-01 -5.944979819893211198e-02 -3.533515999999999879e-01 9.036944900263962355e-01 -6.677366263903090904e-03 4.281257776351589106e-01 4.337591599999999659e+00
4.239163798148343210e-01 -6.868823314411304226e-02 -9.030929240959786330e-01 -3.475238099999999886e+00 3.667714971395473478e-02 9.976040133727092085e-01 -5.866020108662817201e-02 -3.572993999999999892e-01 9.049583910951626287e-01 -8.255854298827736831e-03 4.254199704483221378e-01 4.359989599999999577e+00
4.218089905396775197e-01 -6.831170091396697452e-02 -9.041076744603702142e-01 -3.523094899999999807e+00 3.889130415360532445e-02 9.976031493851024168e-01 -5.723130959673194962e-02 -3.609107999999999761e-01 9.058502315289926887e-01 -1.102124562678579930e-02 4.234547085388283838e-01 4.381882199999999727e+00
4.193022099688856197e-01 -6.673353111892259271e-02 -9.053906850302847475e-01 -3.570810999999999957e+00 3.973805040065087057e-02 9.976879420109091567e-01 -5.513309093813051343e-02 -3.649146999999999808e-01 9.069765951035141383e-01 -1.286103380123959639e-02 4.209846193675007564e-01 4.404046499999999753e+00
4.140824298467764564e-01 -6.797642488568032826e-02 -9.076976076601452892e-01 -3.664874300000000140e+00 4.448321912005671203e-02 9.975272928948484275e-01 -5.441087342243479397e-02 -3.722641999999999896e-01 9.091517939865194631e-01 -1.784672489945032456e-02 4.160823354835636589e-01 4.447662399999999572e+00
4.102502458206532809e-01 -6.648345310606303127e-02 -9.095464178738693617e-01 -3.757823199999999808e+00 4.922103056985389913e-02 9.974997011612631859e-01 -5.071130379739951372e-02 -3.790872000000000130e-01 9.106437426094439180e-01 -2.396448719010185052e-02 4.124968816851594111e-01 4.489214399999999827e+00
4.074874711303872465e-01 -6.839489301938894705e-02 -9.106459792260810371e-01 -3.848597799999999847e+00 5.216554986156504703e-02 9.973064792894227315e-01 -5.156104900966269194e-02 -3.861329000000000011e-01 9.117196478520150915e-01 -2.649386676577446947e-02 4.099577523896761333e-01 4.529780900000000443e+00
4.074367301827729881e-01 -7.033564509273539100e-02 -9.105208443123963269e-01 -3.937365999999999921e+00 5.133314993925316289e-02 9.972172125504685791e-01 -5.406235946005034931e-02 -3.929166000000000047e-01 9.117895692621650339e-01 -2.471291205953500547e-02 4.099134705791617206e-01 4.569499000000000422e+00
4.137880143584212189e-01 -7.010962563683478810e-02 -9.076696092556905127e-01 -4.023579599999999701e+00 4.694966136069996659e-02 9.973468282813410246e-01 -5.563302450222303019e-02 -3.996380999999999961e-01 9.091618164394227319e-01 -1.959450204042525664e-02 4.159817868829802645e-01 4.608634000000000341e+00
4.242803285173434302e-01 -7.142095755284662284e-02 -9.027099476883201357e-01 -4.108038900000000382e+00 4.608306599705458417e-02 9.972960204742247203e-01 -5.724507467534617478e-02 -4.063180000000000125e-01 9.043575365205546168e-01 -1.731168300626281797e-02 4.264243798963239795e-01 4.648227200000000003e+00
4.312028083769638420e-01 -7.018947967392338838e-02 -8.995207473932568254e-01 -4.149560899999999997e+00 4.550253795355992115e-02 9.973925830139425130e-01 -5.601387674996761989e-02 -4.097381999999999969e-01 9.011069065807920664e-01 -1.677713598560909639e-02 4.332722823127693745e-01 4.667951099999999798e+00
4.390000906050491869e-01 -6.885136272630999754e-02 -8.958450816405081341e-01 -4.190943700000000049e+00 4.377590468788161021e-02 9.975144893312509753e-01 -5.521334750738362412e-02 -4.129659999999999997e-01 8.974199633491088957e-01 -1.497776435065293482e-02 4.409229818886062358e-01 4.688276300000000063e+00
4.487124486251017341e-01 -6.818050635855535391e-02 -8.910715779338695963e-01 -4.231742399999999904e+00 4.316190808488274550e-02 9.975752874096343037e-01 -5.459483162404413226e-02 -4.163021000000000083e-01 8.926332887246237746e-01 -1.396296896353313444e-02 4.505672506500953967e-01 4.708070799999999778e+00
4.673628755728455042e-01 -6.901224019144375221e-02 -8.813678308402455031e-01 -4.311292199999999575e+00 4.194238990971760339e-02 9.975567498259745314e-01 -5.586919370546933328e-02 -4.224342999999999848e-01 8.830700869494687577e-01 -1.085548618885913072e-02 4.691155294324217406e-01 4.749839299999999653e+00
4.777397890258887059e-01 -7.059642468005067339e-02 -8.756602302285362294e-01 -4.350565399999999805e+00 4.048009403278977208e-02 9.974761659015034532e-01 -5.833232761970594260e-02 -4.256230999999999765e-01 8.775682628540047991e-01 -7.579134569998178389e-03 4.793918029655638291e-01 4.771037100000000031e+00
4.888466094012970387e-01 -7.139716769420903497e-02 -8.694431763618027942e-01 -4.389058099999999740e+00 3.906942737037220198e-02 9.974370486693241444e-01 -5.994091913525721738e-02 -4.290407999999999999e-01 8.714944476712441768e-01 -4.666731947865335184e-03 4.903831657909147879e-01 4.792743200000000314e+00
5.012978709274821254e-01 -6.961752113223210192e-02 -8.624696199605972335e-01 -4.427900300000000122e+00 3.695660870123531477e-02 9.975711602256578381e-01 -5.904226756602992676e-02 -4.323640000000000261e-01 8.644851957534480658e-01 -2.276189236005376343e-03 5.026531262070141892e-01 4.814789799999999786e+00
5.148322871385554445e-01 -6.687846290755525280e-02 -8.546782946341898723e-01 -4.466027699999999712e+00 3.533861296429638421e-02 9.977606607460901555e-01 -5.678773020015190354e-02 -4.356306999999999818e-01 8.565622560873459301e-01 -9.669884427110746195e-04 5.160427951051229645e-01 4.836889700000000403e+00
5.268618504264791502e-01 -6.489596144446169168e-02 -8.474698252760302086e-01 -4.503366500000000272e+00 3.505727809021186303e-02 9.978915993623758141e-01 -5.461998878528977891e-02 -4.386494000000000226e-01 8.492276360423580694e-01 -9.327969760737492289e-04 5.280260903323902300e-01 4.860126000000000168e+00
5.389385764003952195e-01 -6.363860403473885208e-02 -8.399376994420628684e-01 -4.540175900000000375e+00 3.442355494976034880e-02 9.979730074371577775e-01 -5.352471664059083034e-02 -4.420097000000000054e-01 8.416413902204051833e-01 -6.710696260458712259e-05 5.400368188971185202e-01 4.883359399999999795e+00
5.507384947361950722e-01 -6.376323119567139930e-02 -8.322387642757319570e-01 -4.576741700000000357e+00 3.419492309887627729e-02 9.979643464373878503e-01 -5.383187228825839915e-02 -4.449893999999999794e-01 8.339771085887021096e-01 1.188943768554037717e-03 5.517977607445895272e-01 4.907328599999999597e+00
5.624703532417133500e-01 -6.439632529457536836e-02 -8.243058989311538021e-01 -4.612603700000000195e+00 3.401498692920978950e-02 9.979205969577609192e-01 -5.474908977939169780e-02 -4.480291000000000134e-01 8.261174749321962274e-01 2.755985490063013466e-03 5.634911908411974757e-01 4.931166600000000066e+00
5.734654951627983221e-01 -6.584567446516935429e-02 -8.165792509070466387e-01 -4.647328899999999763e+00 3.592813008427703236e-02 9.978270892613394505e-01 -5.522924410935102502e-02 -4.509856999999999894e-01 8.184415039123649205e-01 2.333900269926175025e-03 5.745851177877793203e-01 4.955326099999999734e+00
5.844397846290390053e-01 -6.512582434050248614e-02 -8.088193649676869157e-01 -4.681606300000000331e+00 3.585754709028336762e-02 9.978730934214476989e-01 -5.443827460692321485e-02 -4.542267999999999861e-01 8.106444192489272726e-01 2.813615019984751914e-03 5.855319881194269716e-01 4.979926599999999759e+00
5.953209427284166244e-01 -6.279422936385130327e-02 -8.010304987374384789e-01 -4.715640500000000124e+00 3.515273293070703131e-02 9.980223837955806143e-01 -5.211148443950950476e-02 -4.571242999999999834e-01 8.027186683492865127e-01 2.864646852037786018e-03 5.963510151596637110e-01 5.004980999999999902e+00
6.052434590933952752e-01 -6.008294607705934320e-02 -7.937697366461906601e-01 -4.748952899999999921e+00 3.535414758046594164e-02 9.981924733183589193e-01 -4.859907879205108139e-02 -4.599604999999999944e-01 7.952549524985810248e-01 1.351222142556469247e-03 6.062736467348728286e-01 5.030381700000000400e+00
6.157384939667316370e-01 -5.829658845073183715e-02 -7.857910758099680981e-01 -4.781482200000000127e+00 3.418569314691784211e-02 9.982967813936934887e-01 -4.727446079075857399e-02 -4.627422999999999953e-01 7.872086416139280063e-01 2.245892695164963121e-03 6.166826659914772524e-01 5.055330800000000124e+00
6.261494509751243109e-01 -5.759180970554217405e-02 -7.775731788702534564e-01 -4.813486600000000060e+00 3.256358935385304798e-02 9.983298028731015794e-01 -4.772019848814273990e-02 -4.657200000000000228e-01 7.790227709713909432e-01 4.559402394473475312e-03 6.269790540024930969e-01 5.080617900000000020e+00
6.353284801979629526e-01 -5.688154485816048628e-02 -7.701442800565981850e-01 -4.844177199999999850e+00 3.029886804233589831e-02 9.983517596594948529e-01 -4.874158984012767759e-02 -4.682582000000000133e-01 7.716473941151488214e-01 7.632420280566151044e-03 6.360047525891304732e-01 5.105811100000000380e+00
6.450944523365298444e-01 -5.631853714575217607e-02 -7.620245205624258666e-01 -4.874657199999999690e+00 3.013495004362565233e-02 9.983793506742582036e-01 -4.827584212745174297e-02 -4.707881999999999900e-01 7.635083708450749462e-01 8.178907079126766788e-03 6.457461367507282279e-01 5.130978599999999723e+00
6.542193517080870935e-01 -5.396696094169092101e-02 -7.543769660967707402e-01 -4.904120400000000046e+00 2.956764845620517973e-02 9.985134049001793688e-01 -4.579011246350870451e-02 -4.734546000000000032e-01 7.557266662063875096e-01 7.651624753509139731e-03 6.548424685550037205e-01 5.156493199999999888e+00
6.629483179440470719e-01 -5.213300021393536821e-02 -7.468478278898940115e-01 -4.933358700000000319e+00 2.979980109714369663e-02 9.986195123491985459e-01 -4.325553617769230252e-02 -4.759827999999999837e-01 7.480718545632696337e-01 6.420268229816346317e-03 6.635866790149782535e-01 5.182293900000000342e+00
6.712491184380245945e-01 -5.163628498600580929e-02 -7.394310752659903896e-01 -4.962419500000000205e+00 3.023735790212022170e-02 9.986477650690037677e-01 -4.228881069246270830e-02 -4.782923000000000036e-01 7.406148278175869182e-01 6.027884830340755201e-03 6.719027767625299630e-01 5.208415500000000087e+00
6.789391901240147131e-01 -5.077019234186015695e-02 -7.324370032182409007e-01 -4.990561999999999721e+00 2.933419167227975174e-02 9.986854563717261213e-01 -4.203408653142164803e-02 -4.807464000000000182e-01 7.336082614806630486e-01 7.053141226972106659e-03 6.795359974910463174e-01 5.234440300000000157e+00
6.864797023234939788e-01 -4.975869616728646749e-02 -7.254444778572505248e-01 -5.018164600000000419e+00 2.843110068873798760e-02 9.987297708817552966e-01 -4.159948639230395817e-02 -4.829017999999999922e-01 7.265929333619162156e-01 7.932018041350619858e-03 6.870224103173910857e-01 5.260398399999999697e+00
6.937239712389012825e-01 -4.709297222616766476e-02 -7.186997312476424149e-01 -5.045386299999999657e+00 2.790449368591383164e-02 9.988682762468024112e-01 -3.851630745378610554e-02 -4.850180000000000047e-01 7.197002090875483926e-01 6.664733651631185585e-03 6.942529728886236429e-01 5.286613899999999866e+00
7.011571911107999933e-01 -4.482025772016658138e-02 -7.115966117481947739e-01 -5.072215100000000199e+00 2.716166569092644256e-02 9.989769034606652554e-01 -3.615785210759990542e-02 -4.868091999999999975e-01 7.124891839673831440e-01 6.024188745264023870e-03 7.016572324714211994e-01 5.312866699999999831e+00
7.086639994987471436e-01 -4.292330915334600233e-02 -7.042392529146368485e-01 -5.098498300000000150e+00 2.581483687204513128e-02 9.990568105307144897e-01 -3.491537669087430018e-02 -4.888974999999999849e-01 7.050737053753382000e-01 6.563449056878025573e-03 7.091036533009602572e-01 5.338928199999999791e+00
