1.000000000000000000e+00 0.000000000000000000e+00 0.000000000000000000e+00 0.000000000000000000e+00 0.000000000000000000e+00 1.000000000000000000e+00 0.000000000000000000e+00 0.000000000000000000e+00 0.000000000000000000e+00 0.000000000000000000e+00 1.000000000000000000e+00 0.000000000000000000e+00
9.997637153812493072e-01 -7.573335351592897641e-03 2.037542634480537032e-02 1.514300000000000108e-03 7.574570161498695581e-03 9.999713123946113447e-01 1.657308442311370116e-05 -7.207999999999999564e-04 -2.037496733614091102e-02 1.377659279609979529e-04 9.997923993142777688e-01 4.207990000000000341e-02
9.997926626982305276e-01 -8.942044217951050991e-03 1.829402798692501830e-02 1.813200000000000055e-03 8.973820055838783658e-03 9.999583639089305587e-01 -1.655597227676796441e-03 -7.764999999999999550e-04 -1.827846187149272106e-02 1.819421275865936534e-03 9.998312795356191218e-01 5.657659999999999773e-02
9.999125149883443253e-01 -1.319847748617092136e-02 -8.732478062700191291e-04 1.804499999999999897e-03 1.319406873084168035e-02 9.999010693332665012e-01 -4.875253482231863347e-03 -1.111400000000000018e-03 9.375073386069348843e-04 4.863305279049162308e-03 9.999877345956563746e-01 8.658989999999999743e-02
9.997766973985729999e-01 -1.231232468910285760e-02 -1.717445776589067094e-02 7.560000000000000530e-04 1.223063723936708425e-02 9.999134247921095398e-01 -4.853290969360576738e-03 -1.559400000000000066e-03 1.723272617786463998e-02 4.642152654144196360e-03 9.998407290999974384e-01 1.022582999999999964e-01
9.984097604381402258e-01 -4.229995827848069892e-03 -5.621438781265811896e-02 -2.702099999999999815e-03 3.897935479226812255e-03 9.999743103823836021e-01 -6.015369837015678567e-03 -2.148000000000000170e-03 5.623838867584420725e-02 5.786683901223662468e-03 9.984005999239844442e-01 1.345243000000000133e-01
9.970686234787055069e-01 -4.459054516249811619e-03 -7.638243847312370383e-02 -4.695200000000000068e-03 3.968719362809915684e-03 9.999705413205687288e-01 -6.570065271203173567e-03 -2.276199999999999925e-03 7.640948462657415341e-02 6.247665473576872498e-03 9.970569478897539639e-01 1.515167000000000042e-01
9.931132582142613296e-01 -7.451377043360820490e-03 -1.169210560130710119e-01 -9.706799999999999803e-03 6.917782703569153382e-03 9.999637266696774773e-01 -4.968865801855201422e-03 -2.853899999999999926e-03 1.169538397895520665e-01 4.125812047139574765e-03 9.931287816962267589e-01 1.870228999999999919e-01
9.886252500436698565e-01 -5.074426532706671246e-03 -1.503142214544432309e-01 -1.652719999999999884e-02 4.559246654421852084e-03 9.999824933406613603e-01 -3.771774401820557170e-03 -3.423100000000000101e-03 1.503307295466744797e-01 3.043551799829966389e-03 9.886310780803961862e-01 2.251138000000000028e-01
9.843861592208362765e-01 -5.841931988620065880e-03 -1.759254426315041142e-01 -2.437840000000000146e-02 5.124187232859508251e-03 9.999765932660372725e-01 -4.533831189271824227e-03 -4.154800000000000160e-03 1.759478111249268006e-01 3.561565763895416584e-03 9.843930531092021097e-01 2.654538000000000175e-01
9.810326497496718590e-01 -8.835835355656776816e-03 -1.936410807104350373e-01 -3.300030000000000324e-02 7.268719878299397495e-03 9.999348440704043384e-01 -8.801893275130879754e-03 -4.734200000000000040e-03 1.937062359256105648e-01 7.227421909900147781e-03 9.810329548675048583e-01 3.084470000000000267e-01
9.796363955718638827e-01 -8.410882804784197350e-03 -2.006035630825409588e-01 -3.829559999999999909e-02 6.428406978524401488e-03 9.999238742038564220e-01 -1.053192199310257551e-02 -5.021099999999999695e-03 2.006768747381851847e-01 9.027892754930381264e-03 9.796158885490374724e-01 3.307398999999999756e-01
9.777865284758940900e-01 -9.335395938132864599e-03 -2.093952127287958820e-01 -4.300459999999999700e-02 6.655126538252465959e-03 9.998867096961442380e-01 -1.350100232494939878e-02 -5.365499999999999610e-03 2.094975274837849455e-01 1.180754655704282022e-02 9.777378829842300334e-01 3.537901999999999991e-01
9.761221119581281469e-01 -1.290253017307374343e-02 -2.168389892559370313e-01 -4.847710000000000213e-02 9.843888962107158122e-03 9.998363217960927196e-01 -1.517983752751553284e-02 -5.873699999999999928e-03 2.169993557513597016e-01 1.268283613364871998e-02 9.760893531184027250e-01 3.774615000000000054e-01
9.742426950316296352e-01 -1.950904974945726761e-02 -2.246565560035588272e-01 -5.388749999999999790e-02 1.623279536629486375e-02 9.997333821172541546e-01 -1.642135910916476399e-02 -6.545999999999999736e-03 2.249170236600666062e-01 1.235158525329254839e-02 9.742996309193735494e-01 4.015483000000000247e-01
9.700822105491557767e-01 -1.596787108736326052e-02 -2.422509687679301194e-01 -6.694849999999999413e-02 1.068770219610250607e-02 9.996761479937571471e-01 -2.309485124721885607e-02 -7.927200000000000565e-03 2.425412909131777761e-01 1.981479813929702682e-02 9.699387073299364781e-01 4.517744000000000204e-01
9.679899745670248468e-01 -1.311253260052613022e-02 -2.506461063462399608e-01 -7.447570000000000578e-02 6.783514036713443954e-03 9.996363700516591733e-01 -2.609811501346233353e-02 -8.674400000000000513e-03 2.508971762994637311e-01 2.356245230748140601e-02 9.677269334715311588e-01 4.772065999999999808e-01
9.633615238336207254e-01 -1.852132062939487733e-02 -2.675659452903292879e-01 -8.924120000000000663e-02 1.086393416712271888e-02 9.994887265554198708e-01 -3.007092321558545861e-02 -1.072210000000000003e-02 2.679860991383261615e-01 2.606235159705210663e-02 9.630701970769601772e-01 5.304991000000000012e-01
9.588542635605600273e-01 -1.701126847899456576e-02 -2.833886342048169138e-01 -1.063902999999999932e-01 7.149017662234933256e-03 9.993334351758758061e-01 -3.579911850937803064e-02 -1.313929999999999959e-02 2.838087257259737650e-01 3.230018706322002053e-02 9.583367388958224931e-01 5.857565999999999606e-01
9.547634548285208744e-01 -1.934404743830827125e-02 -2.967365045837997428e-01 -1.246659999999999990e-01 5.116645036229297734e-03 9.988028684895819964e-01 -4.864822546153116378e-02 -1.604200000000000070e-02 2.973223255449886082e-01 4.492925244968157261e-02 9.537194540360558470e-01 6.434438000000000102e-01
9.534372650075534361e-01 -2.004909146273527176e-02 -3.009242689223241007e-01 -1.342678999999999956e-01 3.164651676482039752e-03 9.983980619946373203e-01 -5.649154613850553008e-02 -1.797740000000000102e-02 3.015748110746036548e-01 5.290882475420556619e-02 9.519733660079182647e-01 6.728203000000000378e-01
9.508759056722566605e-01 -2.025308551444399835e-02 -3.089090878221459890e-01 -1.548916999999999933e-01 -2.804080972287814957e-03 9.972532144223836825e-01 -7.401461648974538843e-02 -2.197380000000000166e-02 3.095596051520070890e-01 7.124492158300024802e-02 9.482072621567320114e-01 7.333741000000000287e-01
9.480280353013306183e-01 -1.750894546724260370e-02 -3.177047074113382719e-01 -1.767268999999999923e-01 -1.091105702734041817e-02 9.961087324728234993e-01 -8.745479933046008958e-02 -2.746209999999999971e-02 3.179996747124831380e-01 8.637609576734782413e-02 9.441479634902278928e-01 7.950097000000000413e-01
9.446547249941386060e-01 -1.467246098080169855e-02 -3.277379584897289200e-01 -1.996419000000000110e-01 -1.870655364889170849e-02 9.949649486531637610e-01 -9.846225572364426804e-02 -3.408479999999999843e-02 3.275324646456127531e-01 9.914368280618808538e-02 9.396238687702629377e-01 8.588586999999999749e-01
9.413401246946702106e-01 -1.135104353135110017e-02 -3.372683255963599414e-01 -2.247502999999999862e-01 -2.479109137426983162e-02 9.944073892058022945e-01 -1.026613173565032872e-01 -4.142149999999999999e-02 3.365474282003882434e-01 1.050004671591962674e-01 9.357941709949122444e-01 9.240213000000000454e-01
9.367627410069894189e-01 -1.058082031847831436e-02 -3.498051075991603920e-01 -2.502439000000000191e-01 -2.619755143194650235e-02 9.946182468718748337e-01 -1.002408663594286514e-01 -4.910629999999999856e-02 3.489831734626221982e-01 1.030659460292602941e-01 9.314441236107783295e-01 9.916270000000000362e-01
9.312113674732725999e-01 -9.629856365055909986e-03 -3.643523774520291969e-01 -2.779402000000000261e-01 -2.710668153092889165e-02 9.950527484609892337e-01 -9.557853104443431169e-02 -5.663340000000000041e-02 3.634702421174783593e-01 9.888019845560327981e-02 9.263433971527200717e-01 1.059571500000000110e+00
9.244444168172780696e-01 -4.274402750217513175e-03 -3.812928660445820683e-01 -3.076685000000000114e-01 -3.009990056247347293e-02 9.959990026137827135e-01 -8.414263353662862488e-02 -6.455460000000000365e-02 3.801269737883538613e-01 8.926206514236104117e-02 9.206170580241433976e-01 1.130189399999999900e+00
9.170965203047222181e-01 1.019636964644451971e-04 -3.986652255318675619e-01 -3.391456999999999944e-01 -3.423208606138857663e-02 9.963267388696580573e-01 -7.849327166858283134e-02 -7.131149999999999989e-02 3.971928205907754306e-01 8.563304862468032463e-02 9.137312757339475233e-01 1.200656699999999910e+00
9.093906594867940951e-01 3.858991031186545517e-04 -4.159428801170369505e-01 -3.723466000000000276e-01 -3.545875364836322680e-02 9.964311693356010524e-01 -7.660027131930627342e-02 -7.776990000000000292e-02 4.144288904358360837e-01 8.440838736979197621e-02 9.061588817165302512e-01 1.271640899999999963e+00
9.016714449791477515e-01 2.542790507797723643e-04 -4.324217162115936985e-01 -4.075648000000000049e-01 -3.514251041004087112e-02 9.967351172434975037e-01 -7.269188411144365813e-02 -8.404159999999999409e-02 4.309914259835059824e-01 8.074058084851583328e-02 8.987365294305936780e-01 1.344448700000000052e+00
8.941482119206431989e-01 2.804805096886131555e-03 -4.477623344894978707e-01 -4.456150999999999862e-01 -3.459646192088779160e-02 9.974238756219667712e-01 -6.283865977097267963e-02 -9.024210000000000564e-02 4.464325928308472413e-01 7.167806782847861713e-02 8.919418112470695048e-01 1.419075599999999993e+00
8.867231020002580566e-01 3.343228807401654387e-03 -4.622888309273558427e-01 -4.854462999999999973e-01 -3.360882568456168007e-02 9.977940297153239380e-01 -5.724963843169657285e-02 -9.597319999999999462e-02 4.610776368629743160e-01 6.630156171310448709e-02 8.848793791807212372e-01 1.494574499999999917e+00
8.802789113811957389e-01 2.588360621862130853e-03 -4.744495110829266560e-01 -5.262919999999999821e-01 -3.220125934610507112e-02 9.980052725305227357e-01 -5.430059758236564782e-02 -1.012065999999999938e-01 4.733625640817636926e-01 6.307754268016729782e-02 8.786063433275278500e-01 1.570895900000000012e+00
8.747863122467014474e-01 3.794443387563142811e-05 -4.845089333191251457e-01 -5.697702999999999518e-01 -2.915877465563563795e-02 9.981915334678880258e-01 -5.256832100807379976e-02 -1.070368000000000014e-01 4.836307204535278403e-01 6.011373448094844280e-02 8.732053968914504916e-01 1.649026600000000009e+00
8.711421466094397825e-01 -1.428576315882201450e-03 -4.910288378195388215e-01 -6.154435999999999796e-01 -2.834324921436012085e-02 9.981821814156502937e-01 -5.318827810962181019e-02 -1.127078999999999998e-01 4.902122199870888042e-01 6.025190348863262296e-02 8.695180777311800613e-01 1.729942400000000102e+00
8.706508753744779394e-01 -1.166382411360196436e-03 -4.919000841245361189e-01 -6.389553999999999512e-01 -2.827581260341393773e-02 9.982250265817771417e-01 -5.241445151317374734e-02 -1.153853999999999991e-01 4.910881098451395088e-01 5.954356269052678979e-02 8.690725128036482783e-01 1.770938300000000076e+00
8.701834862090521705e-01 -1.722399858006659970e-03 -4.927248052085356766e-01 -6.870448999999999584e-01 -2.626620118159397194e-02 9.984098769433557008e-01 -4.987789387535732089e-02 -1.211730000000000029e-01 4.920272218125215646e-01 5.634492843799267237e-02 8.687545464829344866e-01 1.854229499999999975e+00
8.697382215856361842e-01 -3.691724207254108367e-03 -4.934995411197788950e-01 -7.112228999999999912e-01 -2.462044905272475076e-02 9.984022927858362539e-01 -5.085956398188455629e-02 -1.238371000000000055e-01 4.928988328262676744e-01 5.638468703790770753e-02 8.682577426468134352e-01 1.896023500000000084e+00
8.684973716103195907e-01 -5.645352641134627342e-03 -4.956616239931466716e-01 -7.353212000000000081e-01 -2.274731382407151406e-02 9.984278170474476521e-01 -5.122942376854937307e-02 -1.267120999999999942e-01 4.951715614004457700e-01 5.576759040361740916e-02 8.670035182401620855e-01 1.938004000000000060e+00
8.669474835912222010e-01 -6.136341985374779186e-03 -4.983617220472354448e-01 -7.602314000000000016e-01 -2.121789636881732041e-02 9.985632589693486105e-01 -4.920588084970843601e-02 -1.294744999999999924e-01 4.979476494256495633e-01 5.323310195312781767e-02 8.655717043017974177e-01 1.980409099999999922e+00
8.649575829655519188e-01 -5.041957713490551052e-03 -5.018196472168122702e-01 -7.853383999999999920e-01 -2.059773948772718882e-02 9.987502341230030112e-01 -4.553792888617691492e-02 -1.323691999999999924e-01 5.014220904571179416e-01 4.972472726583983260e-02 8.637727355618211034e-01 2.023206200000000177e+00
8.583148992413508482e-01 -5.148686778596991108e-03 -5.130974807624431033e-01 -8.369997999999999605e-01 -1.792752673386447879e-02 9.990382702987189445e-01 -4.001422576722527685e-02 -1.375188999999999995e-01 5.128100403907047689e-01 4.354337496106384237e-02 8.573971290898307895e-01 2.108351499999999934e+00
8.530848290141663792e-01 -8.498204712951682588e-03 -5.217030333652729057e-01 -8.626880999999999577e-01 -1.588526531601747172e-02 9.989808539493368889e-01 -4.224821639422603192e-02 -1.402709000000000039e-01 5.215303757708750210e-01 4.432870356000029322e-02 8.520804147432209374e-01 2.149684199999999823e+00
8.408374572690989757e-01 -1.317355219714477603e-02 -5.411273676092768214e-01 -9.168916000000000288e-01 -1.302047923667321548e-02 9.989222820397684055e-01 -4.455043843677512772e-02 -1.459899000000000058e-01 5.411310724525840721e-01 4.450541502975374764e-02 8.397597456769083646e-01 2.234211900000000028e+00
8.350726364571662286e-01 -1.025035900002537435e-02 -5.500442000247326435e-01 -9.441032999999999786e-01 -1.356193626447055843e-02 9.991389897137682441e-01 -3.920909484429528635e-02 -1.486877000000000060e-01 5.499725136088492450e-01 4.020210658810187410e-02 8.342146156119796263e-01 2.275363200000000141e+00
8.299508958578315498e-01 -5.694356659500281886e-03 -5.578073903840082837e-01 -9.722501999999999533e-01 -1.666179475549170452e-02 9.992487054883851805e-01 -3.499155862936387251e-02 -1.510589999999999988e-01 5.575875671679820789e-01 3.833534768357715894e-02 8.292324801029385961e-01 2.316217200000000087e+00
8.227159356649078603e-01 -7.680564487233404632e-03 -5.684008252388208504e-01 -1.028603900000000015e+00 -1.870571898091884580e-02 9.990014180916803044e-01 -4.057416330891548684e-02 -1.560934999999999961e-01 5.681448629358731850e-01 4.401335683595493375e-02 8.217507159349536350e-01 2.396741599999999917e+00
8.198090299579970930e-01 -9.031618518009949109e-03 -5.725657903387810777e-01 -1.057477699999999965e+00 -2.227504349331804398e-02 9.986158885114769790e-01 -4.764587757408095259e-02 -1.586596000000000117e-01 5.722036148406428602e-01 5.181444855808715888e-02 8.184731431659335588e-01 2.437154800000000066e+00
8.133433258589535253e-01 -8.518490051965850116e-03 -5.817216427192051231e-01 -1.115438799999999953e+00 -2.171752102453317068e-02 9.987513452163899741e-01 -4.498999565459153166e-02 -1.645408999999999899e-01 5.813785200377159512e-01 4.922586470226566341e-02 8.121427403376018095e-01 2.516956099999999807e+00
8.072496373740117859e-01 -4.641693404144851820e-03 -5.901918989971552953e-01 -1.175556400000000057e+00 -2.137830765072602085e-02 9.990829245786286839e-01 -3.709821798152899280e-02 -1.694018999999999942e-01 5.898228470664028666e-01 4.256482700253872570e-02 8.064100970230509979e-01 2.598794700000000013e+00
8.004258894061828666e-01 -5.298606663527606966e-03 -5.994083085307928549e-01 -1.235718400000000106e+00 -2.301374727912702117e-02 9.989520546326172701e-01 -3.956210284407012112e-02 -1.742900000000000005e-01 5.989897853924501803e-01 4.546116268528037352e-02 7.994651460087606187e-01 2.679231399999999930e+00
7.921009260175857492e-01 -9.737475495666794711e-03 -6.103124647039863682e-01 -1.296588300000000027e+00 -2.007580006614747420e-02 9.989161788013383170e-01 -4.199321350690917581e-02 -1.800267999999999868e-01 6.100599030044404625e-01 4.551537432455186188e-02 7.910469426312882746e-01 2.758032299999999992e+00
7.828708145331054746e-01 -9.318428057977699158e-03 -6.221145028455776771e-01 -1.360333800000000037e+00 -2.020339996744480171e-02 9.989798207685711695e-01 -4.038737831240003795e-02 -1.852791000000000021e-01 6.218561814294583101e-01 4.418692788282257977e-02 7.818838820581038851e-01 2.837280799999999825e+00
7.720038703701939120e-01 -1.275195806266610221e-02 -6.354898989748056781e-01 -1.425742899999999924e+00 -1.826393977569648955e-02 9.989408641941978084e-01 -4.223243240471660082e-02 -1.908484000000000014e-01 6.353553750754852292e-01 4.421015051452811123e-02 7.709533124347881516e-01 2.917170299999999994e+00
7.610054120344452722e-01 -1.530127140474931563e-02 -6.485650576061606776e-01 -1.492914400000000086e+00 -1.773193852339867427e-02 9.988577156262959944e-01 -4.437163835176829302e-02 -1.963757999999999893e-01 6.485031543566205370e-01 4.526737265642778035e-02 7.598648062400952252e-01 2.995647400000000182e+00
7.485809693768396000e-01 -1.888427398919808459e-02 -6.627744084398040636e-01 -1.561420599999999936e+00 -1.495391877022956249e-02 9.988592192691925220e-01 -4.535019729122023724e-02 -2.020191000000000070e-01 6.628747337168950926e-01 4.385936931648835857e-02 7.474446087322561549e-01 3.073693000000000008e+00
7.359098436707325330e-01 -2.029736176871029668e-02 -6.767752352840255003e-01 -1.631913900000000028e+00 -1.155092795774215891e-02 9.990287402338988709e-01 -4.252237352246324847e-02 -2.080303000000000013e-01 6.769810027259501872e-01 3.911001523777420802e-02 7.349606306845748449e-01 3.150652399999999798e+00
7.228382149939092116e-01 -2.323548324546690150e-02 -6.906265468853398648e-01 -1.703683999999999976e+00 -1.098277114896657400e-02 9.989219763305628996e-01 -4.510281523066702464e-02 -2.136647000000000129e-01 6.909300208286714984e-01 4.018703176637817426e-02 7.218037882939516425e-01 3.226198000000000121e+00
7.108830659370650729e-01 -2.288488065471092764e-02 -7.029377986716448534e-01 -1.778139600000000042e+00 -1.162963870543999405e-02 9.989513338106492668e-01 -4.428300104448514019e-02 -2.192301999999999862e-01 7.032140627628967744e-01 3.965494818234639729e-02 7.098714440074034293e-01 3.302242500000000192e+00
6.956933779543277296e-01 -2.565410121304289096e-02 -7.178806244505056000e-01 -1.893537199999999920e+00 -1.223408014908596367e-02 9.987939943102696061e-01 -4.754875616294063773e-02 -2.284995999999999972e-01 7.182346769360294925e-01 4.186196388952619779e-02 6.945405134518140011e-01 3.414455900000000099e+00
6.904812816222770655e-01 -2.828824951651951261e-02 -7.227969110812169085e-01 -1.932753299999999896e+00 -1.180550415822964258e-02 9.986612283021536474e-01 -5.036249753143508950e-02 -2.314110000000000056e-01 7.232539179298149712e-01 4.330734378052891048e-02 6.892229277772522478e-01 3.452033999999999825e+00
6.807201164280817229e-01 -2.837418759328778559e-02 -7.319938719474088362e-01 -2.012972599999999890e+00 -1.164641313941133446e-02 9.987040733954399840e-01 -4.954326235061435463e-02 -2.379420999999999897e-01 7.324510114342970279e-01 4.225019836375407817e-02 6.795074956077369333e-01 3.526381699999999952e+00
6.756380181840359045e-01 -2.899865093815902350e-02 -7.366629803567674717e-01 -2.053957200000000149e+00 -1.032608596973391690e-02 9.987558467547889007e-01 -4.878658136896076719e-02 -2.408597000000000099e-01 7.371612037627144343e-01 4.056891441598325238e-02 6.744979783885305391e-01 3.563752700000000218e+00
6.658182743357815569e-01 -3.098715377277241195e-02 -7.454702018602652469e-01 -2.136519900000000138e+00 -8.978925674936485621e-03 9.987320719907570865e-01 -4.953410209919334450e-02 -2.475709000000000104e-01 7.460599201500144328e-01 3.967423191584054654e-02 6.646958333460818436e-01 3.637337000000000042e+00
6.612486353304007913e-01 -3.211490659218914356e-02 -7.494790691195171162e-01 -2.178338300000000061e+00 -7.340708015863058739e-03 9.987583730475739774e-01 -4.927297710904994521e-02 -2.508623999999999854e-01 7.501308927643953739e-01 3.808339588243257745e-02 6.601918650502696106e-01 3.674293299999999984e+00
6.532729413679697617e-01 -3.539303513209458851e-02 -7.562947819075438449e-01 -2.263088000000000211e+00 -3.942220136707506178e-03 9.987342222543341697e-01 -5.014391486934241526e-02 -2.577363999999999766e-01 7.571122261440734746e-01 3.573914327692312431e-02 6.523065158811436337e-01 3.747235100000000152e+00
6.491318221883587425e-01 -3.993636540898507642e-02 -7.596268584906282761e-01 -2.306012899999999810e+00 -1.223773188642633680e-03 9.985647429271339304e-01 -5.354396849365473249e-02 -2.610590999999999884e-01 7.606749501604503916e-01 3.568670481827582869e-02 6.481512780961011799e-01 3.783635100000000140e+00
6.373932684261794934e-01 -4.791750095717103863e-02 -7.690472901369664882e-01 -2.392735200000000173e+00 8.233175605557811055e-03 9.984310651044880913e-01 -5.538612690706493091e-02 -2.680938999999999961e-01 7.704946697962549162e-01 2.897104306608526414e-02 6.367877530851413503e-01 3.856644600000000089e+00
6.292162241839484027e-01 -5.116774407757294918e-02 -7.755441993785443522e-01 -2.436704199999999876e+00 1.267031137104518423e-02 9.983733101197462823e-01 -5.558953903660035500e-02 -2.722256000000000120e-01 7.771270207845408784e-01 2.515145336860178868e-02 6.288409957691937224e-01 3.891932499999999795e+00
6.111229281732261098e-01 -5.131235110553668960e-02 -7.898707547978999211e-01 -2.526107099999999939e+00 1.642325135054973489e-02 9.985037330784178877e-01 -5.215910125318842100e-02 -2.789606000000000030e-01 7.913653034320234925e-01 1.890337674823795028e-02 6.110512407903739840e-01 3.962175400000000014e+00
5.925993006625726034e-01 -5.254248825272404833e-02 -8.037819080959972551e-01 -2.618672600000000017e+00 1.486297301177978356e-02 9.984136379352865909e-01 -5.430745453505968212e-02 -2.860976000000000075e-01 8.053602677606345184e-01 2.023597077085315457e-02 5.924401611972976989e-01 4.030637300000000423e+00
5.726814072407435674e-01 -5.662745639420213584e-02 -8.178198682980771794e-01 -2.712893699999999964e+00 1.588198319303590900e-02 9.981905192649078717e-01 -5.799525721565235159e-02 -2.933649999999999869e-01 8.196241629006660867e-01 2.022420411230777329e-02 5.725445075777131354e-01 4.097364899999999643e+00
5.526210198171452870e-01 -5.775434390410844748e-02 -8.314291576655609139e-01 -2.809792499999999915e+00 2.048400285549167171e-02 9.982359298851573026e-01 -5.572642024508218245e-02 -3.013166999999999929e-01 8.331809011752936422e-01 1.376459394683574727e-02 5.528291977367008059e-01 4.161953900000000317e+00
5.423270658571293090e-01 -5.805202144113683072e-02 -8.381594815101683915e-01 -2.858886699999999781e+00 2.044553800572057253e-02 9.982264932617390674e-01 -5.590928479266976669e-02 -3.054393000000000247e-01 8.399186470215155298e-01 1.318449684170801273e-02 5.425521499621741572e-01 4.193360799999999777e+00
5.216396206748415976e-01 -6.005203302087809558e-02 -8.510498572188746058e-01 -2.957618200000000197e+00 1.874864852214287725e-02 9.980857159869903628e-01 -5.893548779241671032e-02 -3.128271000000000246e-01 8.529599019419381589e-01 1.478705084850644516e-02 5.217669487485798729e-01 4.255236599999999925e+00
5.113975928003066107e-01 -6.101180731038203381e-02 -8.571756304554933870e-01 -3.008451700000000173e+00 1.807025312619674889e-02 9.980193852798019405e-01 -6.025589230673976393e-02 -3.172771999999999815e-01 8.591542166747521136e-01 1.532533766176317688e-02 5.114872100019178802e-01 4.285499100000000006e+00
4.934533519525508005e-01 -5.846649880814856065e-02 -8.678049653948225473e-01 -3.110052299999999992e+00 1.590167163057289862e-02 9.981778200867855722e-01 -5.820804348323538324e-02 -3.256288999999999989e-01 8.696268891232294962e-01 1.492340456831320328e-02 4.934839062319510417e-01 4.343111500000000014e+00
4.781762607210773841e-01 -5.735620603304762699e-02 -8.763890285211828335e-01 -3.211494200000000188e+00 1.717385217856536375e-02 9.982851073838324707e-01 -5.596340926890298884e-02 -3.336455999999999866e-01 8.780959642796206666e-01 1.170939815466801037e-02 4.783412667862750878e-01 4.397864799999999796e+00
4.632002830672511395e-01 -6.405921226597503793e-02 -8.839354699808585902e-01 -3.314464300000000030e+00 2.194479199366605737e-02 9.979075302174159612e-01 -6.081929989511390688e-02 -3.415925000000000211e-01 8.859818981620184442e-01 8.773736902815409966e-03 4.636368165601034708e-01 4.452675799999999739e+00
4.572315085737145290e-01 -6.704625278979350900e-02 -8.868168624661196819e-01 -3.367078799999999816e+00 2.324463555483700233e-02 9.977145444263635365e-01 -6.344584114042925438e-02 -3.457141000000000242e-01 8.890438878285640278e-01 8.395702885457760611e-03 4.577449919854187366e-01 4.479233299999999751e+00
4.521878018343513106e-01 -7.024077508441964324e-02 -8.891526445935800105e-01 -3.418443200000000015e+00 2.525078598370724195e-02 9.975028117588436993e-01 -6.595861081319033536e-02 -3.504461999999999855e-01 8.915652470119179718e-01 7.373876100184213050e-03 4.528322385518026572e-01 4.504835599999999829e+00
4.429193081289089506e-01 -6.869455543557934085e-02 -8.939259166956269320e-01 -3.522700299999999896e+00 2.885284048275701257e-02 9.976360570857092380e-01 -6.236835093664008095e-02 -3.590102000000000015e-01 8.960970929997961187e-01 1.831844968176364608e-03 4.438543052188717031e-01 4.557062099999999560e+00
4.387399056650955753e-01 -6.659932089723608062e-02 -8.961427484686856904e-01 -3.574460300000000146e+00 3.197716577592740750e-02 9.977753169324398153e-01 -5.849681862553091083e-02 -3.636154999999999804e-01 8.980449632651597014e-01 -2.991216541204735208e-03 4.398935059507945722e-01 4.583033600000000263e+00
4.326414992738231158e-01 -6.620946530293964072e-02 -8.991316031651861440e-01 -3.677959899999999838e+00 3.544859647874670783e-02 9.977778222392020835e-01 -5.641643781099771326e-02 -3.717621999999999871e-01 9.008688750943645296e-01 -7.464861143652828934e-03 4.340271255743359813e-01 4.632960299999999698e+00
4.302808750624226852e-01 -6.574973035227209273e-02 -9.002973628274822948e-01 -3.728681100000000193e+00 3.738972296576058285e-02 9.977860702194045750e-01 -5.499969720517605687e-02 -3.755209999999999937e-01 9.019203829452239196e-01 -9.996551141312978034e-03 4.317866276220462263e-01 4.657379599999999620e+00
4.251671361757915490e-01 -6.613460581868650656e-02 -9.026954748027059550e-01 -3.832361899999999988e+00 4.202268939968527295e-02 9.976938390630293307e-01 -5.330194247203097480e-02 -3.832132999999999790e-01 9.041388167154938982e-01 -1.527145732669533962e-02 4.269657863335485359e-01 4.706520099999999651e+00
4.226756995517375604e-01 -6.625176213006299386e-02 -9.038561594762248852e-01 -3.882982999999999851e+00 4.395007240622502559e-02 9.976494161080219358e-01 -5.257407797394578197e-02 -3.870089999999999919e-01 9.052146950552322213e-01 -1.750275846786742209e-02 4.245939346034969253e-01 4.730381500000000017e+00
4.206666985396970704e-01 -6.545103661626169855e-02 -9.048511980130040655e-01 -3.933222799999999797e+00 4.705292457441749565e-02 9.976258130827924120e-01 -5.028677122157955426e-02 -3.906075999999999993e-01 9.059942334411992260e-01 -2.142192514117424729e-02 4.227476198567415855e-01 4.753527599999999964e+00
4.184489126740614795e-01 -6.482563551341674613e-02 -9.059239175903114338e-01 -3.983069200000000087e+00 4.888543722183839174e-02 9.976112302445767632e-01 -4.880622211902697904e-02 -3.941258000000000261e-01 9.069237683011320827e-01 -2.386357622368749654e-02 4.206183641025328379e-01 4.776793999999999762e+00
4.164255776869760783e-01 -6.608793835243301218e-02 -9.067646456784657083e-01 -4.032425899999999785e+00 5.152517727669186226e-02 9.974671039154865415e-01 -4.903603484232342546e-02 -3.978421999999999792e-01 9.077085955055586020e-01 -2.630134998012639835e-02 4.187760077112216983e-01 4.799780400000000391e+00
4.154746238390198965e-01 -6.692786745164304441e-02 -9.071391830938625445e-01 -4.081306900000000404e+00 5.201513259245998944e-02 9.974055984125999030e-01 -4.976442742152516197e-02 -4.013882999999999757e-01 9.081163267595256938e-01 -2.650910812492071611e-02 4.178779777150353203e-01 4.821998100000000065e+00
4.151103160240836032e-01 -6.799486428790715853e-02 -9.072266111401573463e-01 -4.129660099999999723e+00 5.193749740671103204e-02 9.973480076255385463e-01 -5.098478251887095941e-02 -4.050727000000000078e-01 9.082873564536243505e-01 -2.595477057956347561e-02 4.175409297190503244e-01 4.843903100000000350e+00
4.155049852640816388e-01 -6.885374619963807730e-02 -9.069811292717017137e-01 -4.176898999999999695e+00 5.162427120996996438e-02 9.973086746042052475e-01 -5.206094679549039261e-02 -4.087644999999999751e-01 9.081247391425556481e-01 -2.519065686875276988e-02 4.179412506127936355e-01 4.865566300000000233e+00
4.221174551368419570e-01 -6.872778126571230106e-02 -9.039321579361411230e-01 -4.270556400000000252e+00 4.683289869933003613e-02 9.974438178175455416e-01 -5.396767455595365137e-02 -4.158303999999999889e-01 9.053306211921777757e-01 -1.955306574047763549e-02 4.242571672369649383e-01 4.908588899999999811e+00
4.331862868372999276e-01 -6.890931145499777644e-02 -8.986663160989792898e-01 -4.363101000000000340e+00 4.522327982983746775e-02 9.974789085298492175e-01 -5.468712828018166411e-02 -4.234698000000000073e-01 9.001691484701886958e-01 -1.695092424910631806e-02 4.352104896593789185e-01 4.952115499999999670e+00
4.476243669549596071e-01 -6.675058218590863846e-02 -8.917268560977705816e-01 -4.453854599999999664e+00 4.241707875124492433e-02 9.976725005885671571e-01 -5.338888460687294529e-02 -4.300206999999999780e-01 8.932151014948092049e-01 -1.392628260511628163e-02 4.494138862056000772e-01 4.997017399999999832e+00
4.573626597534561911e-01 -6.614093138680832151e-02 -8.868172160363880785e-01 -4.498060699999999912e+00 4.205605763938202735e-02 9.977232061832521648e-01 -5.272278311360836800e-02 -4.335221000000000213e-01 8.882852500627695935e-01 -1.318260363877811134e-02 4.591029661004442097e-01 5.018840800000000435e+00
4.666410598321060199e-01 -6.566519294040863708e-02 -8.820057843998915237e-01 -4.542000800000000282e+00 4.143350148505783870e-02 9.977682238684932869e-01 -5.236254761754668280e-02 -4.369387000000000132e-01 8.834757417345745489e-01 -1.211007326200139872e-02 4.683203603220047473e-01 5.042076599999999686e+00
4.765402559245454639e-01 -6.642619618604328480e-02 -8.766395752780170580e-01 -4.585868800000000078e+00 4.040653378967823395e-02 9.977426081587538187e-01 -5.363767231779223432e-02 -4.402575000000000238e-01 8.782236027974154036e-01 -9.861456526322750354e-03 4.781485701795071819e-01 5.065416299999999872e+00
4.866948916097266764e-01 -6.797699771342997910e-02 -8.709231942386566061e-01 -4.629049799999999770e+00 3.882340427668024008e-02 9.976658923407407675e-01 -5.617393114535407239e-02 -4.435660000000000158e-01 8.727089009293798050e-01 -6.472637933784722991e-03 4.881979917992415041e-01 5.089482300000000237e+00
4.986111832175138536e-01 -6.868629427354297490e-02 -8.641001567812606199e-01 -4.671805899999999845e+00 3.709441980266442451e-02 9.976332214965498713e-01 -5.789610855592654953e-02 -4.471461999999999937e-01 8.660316922549281538e-01 -3.185646776432064786e-03 4.999789592219670009e-01 5.113329399999999580e+00
5.108404146952156832e-01 -6.681889840285792914e-02 -8.570748540998321952e-01 -4.714138000000000162e+00 3.516222168086219346e-02 9.977645073112918483e-01 -5.682962358067341485e-02 -4.508361000000000174e-01 8.589561623741260865e-01 -1.105787540026714755e-03 5.120479356011801153e-01 5.138080600000000331e+00
5.240941258570214201e-01 -6.416826148001532337e-02 -8.492395312635869775e-01 -4.755591400000000135e+00 3.339375563402087466e-02 9.979390289667361413e-01 -5.479554315437485529e-02 -4.541840999999999795e-01 8.510054079304196772e-01 3.587249085861415887e-04 5.251568022882500131e-01 5.162904300000000113e+00
5.362690499551932000e-01 -6.175778498986127935e-02 -8.417847005341095867e-01 -4.796427699999999739e+00 3.257957648046263394e-02 9.980909114582433572e-01 -5.247002630842288740e-02 -4.575227000000000044e-01 8.434180916108618975e-01 7.130621284075766564e-04 5.372573073359661056e-01 5.188679200000000158e+00
5.484451365432478909e-01 -6.056580091689812984e-02 -8.339902373297620741e-01 -4.836762000000000228e+00 3.194764402261707215e-02 9.981629413911030646e-01 -5.147902946701266025e-02 -4.609068000000000054e-01 8.355760170346335780e-01 1.589400124600480468e-03 5.493725453312912066e-01 5.214547600000000394e+00
5.599754274685058153e-01 -6.092247925343643317e-02 -8.262662840471459713e-01 -4.876586900000000391e+00 3.155973058696864147e-02 9.981375063349137156e-01 -5.220633920126843686e-02 -4.640734000000000248e-01 8.279079079443210087e-01 3.157525793172476919e-03 5.608551738141703824e-01 5.241276299999999999e+00
5.831723892659853581e-01 -6.274968954228202223e-02 -8.099212559626700614e-01 -4.954354799999999948e+00 3.304617998309672400e-02 9.980193689485505892e-01 -5.352839612823752369e-02 -4.705469999999999930e-01 8.116759910126247757e-01 4.451479067002241802e-03 5.840909774579550184e-01 5.294872800000000268e+00
5.939602994954165105e-01 -6.187099840296761410e-02 -8.021116768754431581e-01 -4.991882799999999953e+00 3.272573545372142734e-02 9.980712084179034216e-01 -5.275309627158398379e-02 -4.739996000000000209e-01 8.038284573603552419e-01 5.083550319013925567e-03 5.948394477956432391e-01 5.322390999999999650e+00
6.049337358028622491e-01 -5.945443933222838845e-02 -7.940531121601899223e-01 -5.028923999999999950e+00 3.190826997269540638e-02 9.982176244066830462e-01 -5.043249578622718138e-02 -4.772309000000000134e-01 7.956362470343734117e-01 5.171457006358196051e-03 6.057526049778811927e-01 5.350012800000000013e+00
6.147905064274832299e-01 -5.704722654383358182e-02 -7.866245909900702049e-01 -5.065253700000000414e+00 3.230487718949383302e-02 9.983650673105314288e-01 -4.715492852088477849e-02 -4.801304000000000127e-01 7.880285706219098962e-01 3.578591579736490474e-03 6.156282689788498130e-01 5.378331700000000382e+00
6.250662200423243720e-01 -5.523694492666754441e-02 -7.786148601697561178e-01 -5.100647900000000234e+00 3.100025563900817363e-02 9.984627587509129487e-01 -4.594674676005078284e-02 -4.830858000000000096e-01 7.799558992098954979e-01 4.582499610953808672e-03 6.258177018789088386e-01 5.406306700000000021e+00
6.351812646687902131e-01 -5.469880879109820931e-02 -7.704237803511720939e-01 -5.135380299999999565e+00 2.936122082026263597e-02 9.984781395308660601e-01 -4.668322601239337233e-02 -4.861043999999999921e-01 7.718048197087784557e-01 7.031727797298690380e-03 6.358206312148769745e-01 5.434535000000000338e+00
6.447953361595724076e-01 -5.407869104593136800e-02 -7.624398137831095434e-01 -5.169233300000000142e+00 2.710828209535738956e-02 9.984844325147252952e-01 -4.789550153809193911e-02 -4.887938000000000005e-01 7.638744108220293372e-01 1.021436246202102327e-02 6.452840857256529894e-01 5.462522500000000392e+00
6.543986663446971219e-01 -5.326819137639646901e-02 -7.542710953455457057e-01 -5.202467399999999742e+00 2.688771320701358741e-02 9.985239737057594045e-01 -4.719030423039539957e-02 -4.917189000000000143e-01 7.556715135326851351e-01 1.060064726078021810e-02 6.548650165590410577e-01 5.490534300000000201e+00
6.634066285278271691e-01 -5.142443749873380765e-02 -7.464899011060233125e-01 -5.234574799999999861e+00 2.667464783532443040e-02 9.986268280463144187e-01 -4.508793041400628587e-02 -4.943635000000000113e-01 7.477834635696372079e-01 9.999276678623856413e-03 6.638673859120520770e-01 5.518933800000000112e+00
6.722373002815258403e-01 -4.976399818835468281e-02 -7.386613273987715500e-01 -5.266405599999999687e+00 2.689924264558927677e-02 9.987213048090930467e-01 -4.280404263053191882e-02 -4.969290000000000096e-01 7.398469050116377455e-01 8.905043780471501302e-03 6.727163275407908039e-01 5.547515399999999985e+00
6.801549998378790818e-01 -4.899247423500882603e-02 -7.314293634137658540e-01 -5.297517299999999985e+00 2.724385888122733690e-02 9.987642965198059164e-01 -4.156503519253811063e-02 -4.996209999999999818e-01 7.325619075196270202e-01 8.343708146211620963e-03 6.806492739918087453e-01 5.576514200000000088e+00
6.877933394192307093e-01 -4.836433192247473895e-02 -7.242935963048657833e-01 -5.327881299999999598e+00 2.645537377317373068e-02 9.987852366186159569e-01 -4.157119569145202587e-02 -5.022423999999999777e-01 7.254243140735392448e-01 9.430933696512700665e-03 6.882373297348431951e-01 5.605220799999999670e+00
6.954365580965334859e-01 -4.725206077509875452e-02 -7.170322422425321474e-01 -5.357912500000000300e+00 2.556458993093570914e-02 9.988309015675421731e-01 -4.102781758068613227e-02 -5.046184999999999699e-01 7.181326099018969789e-01 1.020160900433511597e-02 6.958315038636959660e-01 5.633784300000000300e+00
7.025428744745889631e-01 -4.475567168822901926e-02 -7.102326656643702663e-01 -5.387014899999999606e+00 2.514159079394266000e-02 9.989583459125173093e-01 -3.808048770797813065e-02 -5.068759000000000459e-01 7.111971667107030992e-01 8.896796247132521263e-03 7.029362966010541669e-01 5.662661599999999851e+00
7.099232667072925551e-01 -4.241072669353165847e-02 -7.030009144012352440e-01 -5.416014200000000223e+00 2.443316462897994826e-02 9.990674626428003302e-01 -3.559811167309266666e-02 -5.088603999999999905e-01 7.038550815713839892e-01 8.095390651684124250e-03 7.102974650076804286e-01 5.691638499999999823e+00
7.250008412653219381e-01 -3.940210203941520162e-02 -6.876199928154002050e-01 -5.471749800000000441e+00 2.197581496809960372e-02 9.991773158829777568e-01 -3.408452700824656650e-02 -5.133480000000000265e-01 6.883973007799081278e-01 9.600301024632140398e-03 7.252702878921575280e-01 5.748845600000000111e+00
7.329284546686894997e-01 -3.659074423746777605e-02 -6.793209828741603173e-01 -5.498769799999999819e+00 1.959747722017775654e-02 9.992736947705431749e-01 -3.268060321095833665e-02 -5.153626999999999514e-01 6.800233960854372706e-01 1.063956652198318892e-02 7.331132111759089964e-01 5.777604600000000090e+00
7.417818301874489206e-01 -3.451657125311427543e-02 -6.697524338982929759e-01 -5.525093599999999938e+00 1.938773942623949267e-02 9.993609363351243502e-01 -3.003055922429292979e-02 -5.169901999999999553e-01 6.703609713905627210e-01 9.291137514438789838e-03 7.419769826618537456e-01 5.806510000000000282e+00
7.614437539825007484e-01 -2.812455442151281723e-02 -6.476205825633000179e-01 -5.575909600000000133e+00 1.519296326479477668e-02 9.995582128909544783e-01 -2.554511517836319939e-02 -5.205994000000000455e-01 6.480529171204086891e-01 9.611892676919022924e-03 7.615346532698928916e-01 5.864169099999999801e+00
7.811827498018346638e-01 -2.831002341107400136e-02 -6.236602071533092762e-01 -5.623299099999999662e+00 1.392845320852035065e-02 9.995129840796330711e-01 -2.792477121563025771e-02 -5.241305000000000547e-01 6.241470256303895958e-01 1.312772755246219281e-02 7.811966162023784577e-01 5.921875000000000000e+00
8.013465775706513083e-01 -2.594072938369740983e-02 -5.976376336667948985e-01 -5.668418899999999816e+00 1.316310130340986317e-02 9.995820703195116286e-01 -2.573747190061834861e-02 -5.271069999999999922e-01 5.980555119551030918e-01 1.275787030819514750e-02 8.013531315002886402e-01 5.980717699999999581e+00
8.209712366245388582e-01 -2.250647249861906229e-02 -5.705257990054828365e-01 -5.710832599999999815e+00 1.331546792155953625e-02 9.997057388022108082e-01 -2.027644248766974355e-02 -5.298819000000000168e-01 5.708142665957163242e-01 9.049558088368939851e-03 8.210293408576818663e-01 6.039923199999999603e+00
8.379652783800839444e-01 -2.013129954172017747e-02 -5.453521091993225323e-01 -5.751538799999999618e+00 1.408303703097178554e-02 9.997842709615435419e-01 -1.526694487705522463e-02 -5.321955999999999909e-01 5.455418043535917860e-01 5.112955765142348542e-03 8.380680147732467722e-01 6.100962199999999669e+00
