1.000000000000000000e+00 0.000000000000000000e+00 0.000000000000000000e+00 0.000000000000000000e+00 0.000000000000000000e+00 1.000000000000000000e+00 0.000000000000000000e+00 0.000000000000000000e+00 0.000000000000000000e+00 0.000000000000000000e+00 1.000000000000000000e+00 0.000000000000000000e+00
9.997663107858784093e-01 -7.569324307227664854e-03 2.024917645551030723e-02 1.636099999999999924e-03 7.573390426671404961e-03 9.999713137637267213e-01 -1.241253054277524474e-04 -6.721999999999999677e-04 -2.024765603815864914e-02 2.774512177988162649e-04 9.997949567015139705e-01 4.371680000000000010e-02
9.997917772588692520e-01 -8.937008286267943136e-03 1.834480876004435448e-02 1.813600000000000064e-03 8.969653240883671691e-03 9.999583301728595108e-01 -1.698010201622108780e-03 -7.077999999999999656e-04 -1.832886920379233134e-02 1.862203210631382120e-03 9.998302779736731871e-01 5.891629999999999784e-02
9.999106983052593600e-01 -1.332743968287816889e-02 -9.873024803634196291e-04 1.907700000000000021e-03 1.332227975326765769e-02 9.998984490789891710e-01 -5.060473456864891632e-03 -1.048399999999999896e-03 1.054645373650395452e-03 5.046868428164507682e-03 9.999867083327680373e-01 9.011249999999999816e-02
9.997751752701583561e-01 -1.226472269157479096e-02 -1.729669016959266281e-02 7.787000000000000085e-04 1.217942833511396865e-02 9.999131865755706006e-01 -5.028005341868627479e-03 -1.491799999999999940e-03 1.735685567589752287e-02 4.816211123570775937e-03 9.998377586746057810e-01 1.065770999999999941e-01
9.952700341325572131e-01 -5.783189782939781795e-03 -9.697481051135337093e-02 -7.484799999999999787e-03 5.222926957561598721e-03 9.999681780091262961e-01 -6.030257300009244682e-03 -2.559000000000000077e-03 9.700659870222422265e-02 5.495242036784127836e-03 9.952685678364322497e-01 1.761013999999999913e-01
9.931262611647759808e-01 -7.393285315345167821e-03 -1.168142487760764348e-01 -1.013790000000000004e-02 6.836958133980018670e-03 9.999633017239654142e-01 -5.162480874539405844e-03 -2.905500000000000096e-03 1.168481295885705484e-01 4.328341200931622341e-03 9.931403627252800570e-01 1.949247000000000063e-01
9.908622335338072018e-01 -6.083600995313062643e-03 -1.347405802099896632e-01 -1.341709999999999951e-02 5.497025015682442325e-03 9.999737282900755808e-01 -4.724981018264166714e-03 -3.079199999999999819e-03 1.347657852437768866e-01 3.941132905120194908e-03 9.908696435954894577e-01 2.146692000000000045e-01
9.864453758216134016e-01 -4.570626424360906166e-03 -1.640263085430045953e-01 -2.109669999999999948e-02 3.947146646189769563e-03 9.999836945547699862e-01 -4.126821772989647252e-03 -3.725000000000000012e-03 1.640424961816586147e-01 3.423448361153180654e-03 9.864473323233273749e-01 2.555960999999999927e-01
9.843538763474793951e-01 -6.013452328826672348e-03 -1.761002115580221350e-01 -2.529719999999999885e-02 5.247812437612566112e-03 9.999746467421822826e-01 -4.813142161567997984e-03 -4.166399999999999791e-03 1.761246904448972028e-01 3.813694263670551823e-03 9.843604772397926972e-01 2.769339000000000106e-01
9.810126488738859507e-01 -9.096598564555949742e-03 -1.937303142102371201e-01 -3.433049999999999990e-02 7.514646403949261019e-03 9.999321660800338796e-01 -8.899063316736061449e-03 -4.857799999999999792e-03 1.937981239302008496e-01 7.274278867831753849e-03 9.810144606620677665e-01 3.219362000000000057e-01
9.795818521926381583e-01 -8.598939301255006940e-03 -2.008617760992213730e-01 -3.970049999999999968e-02 6.593920400873895353e-03 9.999215562729881768e-01 -1.064901471274646606e-02 -5.155999999999999993e-03 2.009375899840230295e-01 9.107114993162418112e-03 9.795617108625235270e-01 3.449974000000000096e-01
9.778052140636394052e-01 -9.308189626350524964e-03 -2.093091516294506571e-01 -4.480139999999999817e-02 6.623139920779963670e-03 9.998865921450744709e-01 -1.352541556105442584e-02 -5.624099999999999933e-03 2.094113114603655956e-01 1.183893806003489917e-02 9.777559727140818779e-01 3.690565000000000095e-01
9.761062622615084283e-01 -1.323148960836271516e-02 -2.168905079910390110e-01 -5.040440000000000198e-02 1.018836741405341161e-02 9.998334306430340934e-01 -1.514292369449389553e-02 -6.152099999999999756e-03 2.170547441160948499e-01 1.257134246311027853e-02 9.760784801466384497e-01 3.936911000000000160e-01
9.721082320943918997e-01 -2.052797196136903549e-02 -2.336325907519519185e-01 -6.209560000000000080e-02 1.659232710035650135e-02 9.996856030585952180e-01 -1.879866268561257436e-02 -7.505099999999999792e-03 2.339450358005285557e-01 1.439782638198954141e-02 9.721432110649970149e-01 4.450418999999999903e-01
9.701271541478897475e-01 -1.635442577162680988e-02 -2.420451146844258827e-01 -6.963030000000000608e-02 1.107436286656095920e-02 9.996704578533099905e-01 -2.315888992273460595e-02 -8.181300000000000724e-03 2.423441009639315802e-01 1.978657254387307385e-02 9.699885712084188594e-01 4.708868999999999971e-01
9.655514574774107794e-01 -1.660921060782050498e-02 -2.596815686301838233e-01 -8.444260000000000654e-02 9.788575198945555222e-03 9.995728689565527292e-01 -2.753658369407459977e-02 -1.012189999999999965e-02 2.600280114888055549e-01 2.404607595744573389e-02 9.653016209829061722e-01 5.248987999999999987e-01
9.610908392692497637e-01 -1.845816561599127048e-02 -2.756151207659365832e-01 -1.010428000000000021e-01 9.896878330939272092e-03 9.994252953499062064e-01 -3.242114763630869756e-02 -1.221610000000000057e-02 2.760551583869276793e-01 2.843193867546456657e-02 9.607211741140728734e-01 5.806320999999999843e-01
9.563809012957187328e-01 -1.861248387065455451e-02 -2.915289815454946143e-01 -1.191833999999999949e-01 6.948573385930861476e-03 9.991352354467250008e-01 -4.099388511373031063e-02 -1.487959999999999977e-02 2.920398756414764319e-01 3.718005827028798838e-02 9.556831872029186714e-01 6.388686000000000087e-01
9.533024863580445984e-01 -2.135635743513217277e-02 -3.012611417037932560e-01 -1.388945000000000041e-01 4.465761635949871272e-03 9.983844526020663190e-01 -5.664399152146031013e-02 -1.832579999999999973e-02 3.019841493797000842e-01 5.265349750562885178e-02 9.518577534084825542e-01 6.996934000000000209e-01
9.506794976842588563e-01 -2.116002670872367541e-02 -3.094523322783190866e-01 -1.600526999999999922e-01 -1.960756244835786324e-03 9.972404137599993890e-01 -7.421396498458712743e-02 -2.257839999999999847e-02 3.101687413614619415e-01 7.116045554569819243e-02 9.480145259692887016e-01 7.619816999999999840e-01
9.479139949762263040e-01 -1.799422819929917539e-02 -3.180177131540355973e-01 -1.827708000000000110e-01 -1.044769103375739992e-02 9.961094041252104292e-01 -8.750371858030604744e-02 -2.838929999999999926e-02 3.183549966315497581e-01 8.626855026502878998e-02 9.440380465610991312e-01 8.255683999999999800e-01
9.444249649099554222e-01 -1.619931805090428154e-02 -3.283276834954906853e-01 -2.063279000000000085e-01 -1.719429490693053994e-02 9.949835195169509650e-01 -9.855025171106811255e-02 -3.508220000000000088e-02 3.282770809506551091e-01 9.871868103022359009e-02 9.394087396539219093e-01 8.919422000000000184e-01
9.410742279804732435e-01 -1.327723934170661063e-02 -3.379393619370482660e-01 -2.320633000000000001e-01 -2.280196159567507430e-02 9.944645208654772084e-01 -1.025689391930429684e-01 -4.288589999999999763e-02 3.374305380050028336e-01 1.042306656184245339e-01 9.355621841258839888e-01 9.598082000000000003e-01
9.365007783320928869e-01 -1.214584568805398765e-02 -3.504550907261959614e-01 -2.582347999999999866e-01 -2.462973483450816778e-02 9.946534871975343250e-01 -1.002886661979621313e-01 -5.063610000000000333e-02 3.497994687608403375e-01 1.025520299082686854e-01 9.311946159725836836e-01 1.029286300000000098e+00
9.307892106102554353e-01 -1.185358228299420932e-02 -3.653641170101379343e-01 -2.866959000000000035e-01 -2.482607133416951314e-02 9.951168403769915516e-01 -9.553083366235150253e-02 -5.848600000000000326e-02 3.647123683036376240e-01 9.798962488535932491e-02 9.259497404401484388e-01 1.099994899999999998e+00
9.240740277308556738e-01 -6.036993665973570608e-03 -3.821658618725001233e-01 -3.177887999999999824e-01 -2.835658823388315097e-02 9.960368376036015103e-01 -8.430019003745384265e-02 -6.653069999999999817e-02 3.811601962128362553e-01 8.873653612855206263e-02 9.202405837491076657e-01 1.172772300000000101e+00
9.166972369447368152e-01 -1.560515390060822349e-03 -3.995794546390023516e-01 -3.503352000000000133e-01 -3.252161807867210569e-02 9.963834363081220946e-01 -7.850090578052838775e-02 -7.368130000000000512e-02 3.982568519629388071e-01 8.495653384252320472e-02 9.133311925156362143e-01 1.245270099999999935e+00
9.091002166375026228e-01 -1.238681343118348127e-03 -4.165756375235786235e-01 -3.851152999999999937e-01 -3.393307338489039149e-02 9.964522734861532838e-01 -7.701566850279228937e-02 -8.002299999999999691e-02 4.151931389610158396e-01 8.415065259881565618e-02 9.058329454302774808e-01 1.318513999999999964e+00
9.013528665588447231e-01 -8.169831438292855796e-04 -4.330846828100667345e-01 -4.213970000000000216e-01 -3.420143986871387876e-02 9.967408164573067220e-01 -7.306166107424838518e-02 -8.660579999999999667e-02 4.317328704848174548e-01 8.066645738201405624e-02 8.983872501301293223e-01 1.393693800000000094e+00
8.973585872510471129e-01 -1.853086629256157913e-04 -4.413020864980181091e-01 -4.402042999999999928e-01 -3.373236382727365368e-02 9.970454260501478982e-01 -6.901120215663165969e-02 -8.980449999999999544e-02 4.400110152228342009e-01 7.681395741125753018e-02 8.947010240462409669e-01 1.432026900000000103e+00
8.897406515641513858e-01 1.955654058891923702e-03 -4.564622091382825597e-01 -4.799164000000000208e-01 -3.251351485514718254e-02 9.977223748016915694e-01 -5.910105051381923241e-02 -9.618329999999999935e-02 4.553069780993515558e-01 6.742579800992219707e-02 8.877777410234848343e-01 1.509216499999999961e+00
8.828782948914306594e-01 -1.130225795734074445e-04 -4.696018565077191842e-01 -5.218530999999999587e-01 -2.985472664075235552e-02 9.979635545547681508e-01 -5.636877750686258848e-02 -1.015415999999999958e-01 4.686519088906028752e-01 6.378660522640104691e-02 8.810769871508875584e-01 1.587124100000000038e+00
8.766445940412906923e-01 -4.264764107897670714e-04 -4.811383105262473925e-01 -5.655620999999999565e-01 -2.870409954817160908e-02 9.981720833266046755e-01 -5.318427151474861003e-02 -1.073796999999999946e-01 4.802815116234532833e-01 6.043434607321308827e-02 8.750299191498505103e-01 1.666925999999999908e+00
8.719549774004327070e-01 -3.135641004105828300e-03 -4.895760259061959774e-01 -6.114604000000000150e-01 -2.662629835600308428e-02 9.981958233453540608e-01 -5.381578292422931759e-02 -1.124874000000000013e-01 4.888614912451869632e-01 5.996053711720763374e-02 8.702983260733918591e-01 1.748306899999999997e+00
8.704858434999132033e-01 -3.791602236916342267e-03 -4.921788496255417034e-01 -6.350107999999999864e-01 -2.625141829437517907e-02 9.981893594659425606e-01 -5.411899561618849219e-02 -1.152515000000000067e-01 4.914928883552419636e-01 6.003021240549041848e-02 8.688101716110219197e-01 1.789784400000000053e+00
8.698670324198651826e-01 -2.296781309576717903e-03 -4.932809247322189616e-01 -6.836902000000000257e-01 -2.659393479396576082e-02 9.983165273868812584e-01 -5.154487150408432888e-02 -1.210795999999999956e-01 4.925688871023334858e-01 5.795546515915687286e-02 8.683415546413486563e-01 1.873275400000000035e+00
8.696212954622979385e-01 -3.432251564513554704e-03 -4.937074256355402091e-01 -7.087508000000000141e-01 -2.494750456635918406e-02 9.983929487250159385e-01 -5.088361182226704832e-02 -1.240137000000000045e-01 4.930886578439886425e-01 5.656624068616864648e-02 8.681381433390934488e-01 1.916799399999999931e+00
8.678208870611502368e-01 -7.676135417131889523e-03 -4.968178589034983328e-01 -7.590268999999999489e-01 -2.110255485342492354e-02 9.984091055932187153e-01 -5.228709254880604257e-02 -1.297964000000000062e-01 4.964288369535523882e-01 5.585995715722550520e-02 8.662782895971341546e-01 2.004307499999999909e+00
8.642394004431509513e-01 -6.576166700920707368e-03 -5.030377846178004653e-01 -8.100097000000000547e-01 -1.949397640646189853e-02 9.987258366761267991e-01 -4.654769639235507156e-02 -1.356423999999999963e-01 5.027029377331380111e-01 5.003455992703702976e-02 8.630100226575474487e-01 2.091524600000000067e+00
8.574028806051249285e-01 -7.992526862814625099e-03 -5.145837345314958622e-01 -8.631683999999999468e-01 -1.489509138682583791e-02 9.990751455928562619e-01 -4.033596052148823857e-02 -1.415417999999999954e-01 5.144302057447753818e-01 4.224894049511936783e-02 8.564908583542663045e-01 2.179339600000000043e+00
8.522950474105637220e-01 -9.989649331469384677e-03 -5.229659253389833395e-01 -8.897114000000000411e-01 -1.458617816220502024e-02 9.989748673449888594e-01 -4.285391253645499249e-02 -1.443181000000000047e-01 5.228579114501810121e-01 4.415225157674288609e-02 8.512756211208322155e-01 2.222132900000000078e+00
8.399310650733040617e-01 -1.469311330699131328e-02 -5.424941643429660454e-01 -9.451304000000000372e-01 -1.187099372669925441e-02 9.988968036663715688e-01 -4.543407458116753561e-02 -1.501233999999999902e-01 5.425632547756674695e-01 4.460143547526627950e-02 8.388300343459215158e-01 2.308186300000000024e+00
8.342743272202799432e-01 -1.153281680900323028e-02 -5.512289370829503987e-01 -9.737651000000000501e-01 -1.264076947111208993e-02 9.991183112780891440e-01 -4.003512228028883319e-02 -1.529892999999999947e-01 5.512046424771179787e-01 4.036823262504133508e-02 8.333929732763548648e-01 2.350709000000000160e+00
8.291047487777940539e-01 -6.914325507354737894e-03 -5.590505412365588400e-01 -1.002662100000000001e+00 -1.576422401218241509e-02 9.992368579048256372e-01 -3.573780975080678712e-02 -1.556008000000000113e-01 5.588710090847482936e-01 3.844338574149619436e-02 8.283630250665017236e-01 2.392697099999999910e+00
8.218348390650934698e-01 -8.968646093337674652e-03 -5.696552121117688383e-01 -1.060901400000000105e+00 -1.779802873412451858e-02 9.989839119160619507e-01 -4.140499856371107623e-02 -1.607379999999999920e-01 5.694477390174019771e-01 4.416681016480697441e-02 8.208401582572789623e-01 2.475730899999999846e+00
8.188808113999117566e-01 -1.047790843729984669e-02 -5.738679553310166437e-01 -1.090270499999999920e+00 -2.127133716772967517e-02 9.985924831576219463e-01 -4.858582917056296357e-02 -1.633782000000000012e-01 5.735693043879865893e-01 5.199294198132978218e-02 8.175053437427838299e-01 2.516632599999999886e+00
8.155633591544659833e-01 -1.170546908254613792e-02 -5.785493835432210519e-01 -1.119717800000000096e+00 -2.099741855944942115e-02 9.985383518822871229e-01 -4.980229145375811989e-02 -1.664005000000000067e-01 5.782867071086129629e-01 5.276496767518517456e-02 8.141255078719212834e-01 2.557517799999999841e+00
8.125132230987963666e-01 -9.797047965662939936e-03 -5.828604293831962657e-01 -1.149889600000000067e+00 -2.099065472982438590e-02 9.987186564912983178e-01 -4.604820941393123618e-02 -1.692514999999999992e-01 5.825647214718883138e-01 4.964940107770147298e-02 8.112664681034257308e-01 2.598475000000000090e+00
8.064996803246479162e-01 -5.247068212173074814e-03 -5.912112430522762363e-01 -1.211217800000000011e+00 -2.138029567153687527e-02 9.990477505204786723e-01 -3.803255364775220276e-02 -1.744002000000000052e-01 5.908478218570654139e-01 4.331351353963668743e-02 8.056195075540395489e-01 2.680895800000000051e+00
8.034536972249117781e-01 -5.204566703216598547e-03 -5.953444959861906582e-01 -1.241977499999999957e+00 -2.218601028439747685e-02 9.990055263247498152e-01 -3.867478920783086471e-02 -1.769851000000000063e-01 5.949537270773923581e-01 4.428172148913488149e-02 8.025392151033358124e-01 2.721840900000000119e+00
7.998028289233009014e-01 -6.317376643268781539e-03 -6.002295607504116726e-01 -1.273036400000000068e+00 -2.234619201756644566e-02 9.989381202261284898e-01 -4.028994491685188722e-02 -1.798418999999999990e-01 5.998467158771473295e-01 4.563685694081037053e-02 7.988123651646642509e-01 2.762810899999999847e+00
7.957983802197451384e-01 -9.023074687013897879e-03 -6.054944443699071810e-01 -1.304214200000000101e+00 -2.128389152092109021e-02 9.988544275663442384e-01 -4.285823716435925579e-02 -1.825893000000000099e-01 6.051875197005930351e-01 4.699379378496026938e-02 7.946946893897938180e-01 2.803733100000000089e+00
7.914572389599313640e-01 -1.048068369206401652e-02 -6.111346776016469695e-01 -1.336051199999999994e+00 -2.018647961773131078e-02 9.988593380050041493e-01 -4.327272721758931850e-02 -1.852967000000000086e-01 6.108911072675432541e-01 4.658517091899395945e-02 7.903428856590556384e-01 2.844615899999999975e+00
7.869733848945572596e-01 -1.034305108817636099e-02 -6.169002453896338389e-01 -1.368750899999999993e+00 -2.002546846509552919e-02 9.989044954614815230e-01 -4.229408421512844546e-02 -1.881415999999999922e-01 6.166618782447611524e-01 4.563803502595490530e-02 7.859041275363128909e-01 2.885890700000000031e+00
7.767019779676280766e-01 -1.208580628487708475e-02 -6.297523090133282375e-01 -1.434129399999999999e+00 -1.891477244104498856e-02 9.989174458438889737e-01 -4.249903260339491645e-02 -1.937214999999999909e-01 6.295842031092248048e-01 4.492070430397730046e-02 7.756325557376746449e-01 2.966034699999999802e+00
7.714598551419734607e-01 -1.325435988612413268e-02 -6.361399326000015675e-01 -1.467750000000000110e+00 -1.877178754981890380e-02 9.988736953665690033e-01 -4.357706618072219873e-02 -1.962832999999999939e-01 6.360010313643443824e-01 4.555944083001547962e-02 7.703421483047299123e-01 3.006269200000000197e+00
7.659876553535552857e-01 -1.426058143601046692e-02 -6.426970885752245621e-01 -1.501605300000000032e+00 -1.859671620873876857e-02 9.988439633368575432e-01 -4.432718186135906763e-02 -1.992146999999999946e-01 6.425862385642995278e-01 4.590612946682916945e-02 7.648369455545148687e-01 3.045774199999999876e+00
7.543167040305169824e-01 -1.742424288033389904e-02 -6.562794418390572870e-01 -1.570095299999999972e+00 -1.717744945740991638e-02 9.987816777633511389e-01 -4.626116507788712029e-02 -2.053270000000000095e-01 6.562859477778536510e-01 4.616877650829105673e-02 7.530983991651103437e-01 3.124385800000000213e+00
7.416295005467170576e-01 -1.964252322481740629e-02 -6.705220765941934946e-01 -1.641177200000000003e+00 -1.390230863803696738e-02 9.989064467936822345e-01 -4.463895572875101886e-02 -2.113096999999999892e-01 6.706656467520606402e-01 4.242737129947057179e-02 7.405454128081930820e-01 3.204141900000000209e+00
7.354884639774725841e-01 -2.016763314812496447e-02 -6.772370234484089702e-01 -1.677641399999999949e+00 -1.296236961115397254e-02 9.989551065084905090e-01 -4.382547381003640274e-02 -2.143740000000000090e-01 6.774132389687420597e-01 4.101172702792466040e-02 7.344585365533340404e-01 3.242706500000000158e+00
7.223002636678976796e-01 -2.356229475053545422e-02 -6.911780865821589570e-01 -1.751481499999999913e+00 -1.168872893296964491e-02 9.988607545648529040e-01 -4.626625774864564361e-02 -2.203943999999999903e-01 6.914808043042243169e-01 4.149712346924114975e-02 7.212019731133307854e-01 3.320568600000000092e+00
7.109863968726329864e-01 -2.219298480134077739e-02 -7.028554722613163941e-01 -1.828320399999999957e+00 -1.365755709141075469e-02 9.988775416918839190e-01 -4.535557118892412365e-02 -2.262175999999999909e-01 7.030731217991238458e-01 4.184648287713275960e-02 7.098852423275525680e-01 3.397562300000000146e+00
7.013134065002069040e-01 -2.289996051278437444e-02 -7.124851561061383842e-01 -1.907281999999999922e+00 -1.430843002881768827e-02 9.988303103220631529e-01 -4.618744431164701486e-02 -2.324286999999999881e-01 7.127094602242808330e-01 4.258641791045570529e-02 7.001654249649651440e-01 3.474686399999999953e+00
6.906026996665536322e-01 -2.813039795875135751e-02 -7.226870636201746523e-01 -1.986705900000000025e+00 -1.290717496755447273e-02 9.986047751483461132e-01 -5.120456898830401393e-02 -2.392560999999999993e-01 7.231191575719903009e-01 4.468986195551880036e-02 6.892760696489990124e-01 3.551203300000000063e+00
6.807877866388122312e-01 -2.833234858173183310e-02 -7.319325567204059135e-01 -2.069994700000000076e+00 -1.298946267417295727e-02 9.986275410118670148e-01 -5.073764078106111908e-02 -2.455796000000000090e-01 7.323655258290516779e-01 4.404897679214543615e-02 6.794854113376547211e-01 3.628223399999999987e+00
6.707701025671668482e-01 -2.954699493780429953e-02 -7.410765443543453346e-01 -2.153882999999999992e+00 -1.161366409997647252e-02 9.986651655862991417e-01 -5.032901599140057747e-02 -2.521772999999999931e-01 7.415744010604771175e-01 4.236581327715903400e-02 6.695315866762072687e-01 3.703584399999999999e+00
6.611852576617551769e-01 -3.133096474244410901e-02 -7.495681594752181542e-01 -2.238962400000000130e+00 -9.737801583038167147e-03 9.986850013555121919e-01 -5.033332184418218974e-02 -2.590444000000000080e-01 7.501594698936271399e-01 4.057879638245043968e-02 6.600107052261074969e-01 3.779122800000000115e+00
6.535578136821343920e-01 -3.497053270387923130e-02 -7.560682813195085394e-01 -2.326042900000000024e+00 -5.638467917044165736e-03 9.986793615126201562e-01 -5.106604124360893809e-02 -2.665235000000000243e-01 7.568555951134781079e-01 3.763767701588952713e-02 6.524975198529650022e-01 3.853354500000000016e+00
6.442322016439328003e-01 -4.376027942309877738e-02 -7.635770480507017011e-01 -2.414599700000000126e+00 1.457249352656907887e-03 9.984302586957930492e-01 -5.599013256794428683e-02 -2.737831000000000015e-01 7.648285734655416723e-01 3.495792421560685315e-02 6.432846933863733963e-01 3.928891199999999806e+00
6.203133975349433005e-01 -5.246604547754345205e-02 -7.825973440477571597e-01 -2.548946899999999793e+00 1.432114837528224160e-02 9.983515824051859555e-01 -5.557897640541992201e-02 -2.847740000000000271e-01 7.842233059198562284e-01 2.326869100335074436e-02 6.200422360380960507e-01 4.037728300000000381e+00
5.933303111728597257e-01 -5.192195803985830138e-02 -8.032827971000154887e-01 -2.689101700000000150e+00 1.339083656244641554e-02 9.984161087714494842e-01 -5.464393142733184328e-02 -2.962951999999999808e-01 8.048477044383460788e-01 2.166527218809609703e-02 5.930858189514738310e-01 4.141978299999999891e+00
5.734754210348592673e-01 -5.573919492748094506e-02 -8.173243441974105128e-01 -2.785263299999999997e+00 1.424179479656957278e-02 9.982102046011904761e-01 -5.808234422801620417e-02 -3.039822999999999831e-01 8.190989639536014888e-01 2.166863121855289870e-02 5.732428435412438850e-01 4.210237000000000229e+00
5.429946899614838118e-01 -5.713000884227432269e-02 -8.377905041018989252e-01 -2.933636400000000144e+00 1.849441999726645497e-02 9.982546616838402498e-01 -5.608553160527485204e-02 -3.161103000000000107e-01 8.395324431507080742e-01 1.495969639274912291e-02 5.431035669015993328e-01 4.308417300000000338e+00
5.324709862419961803e-01 -5.842271869983761690e-02 -8.444296505631452288e-01 -2.983459199999999978e+00 1.830942024620195452e-02 9.981767605259800336e-01 -5.751451882879900918e-02 -3.199756000000000267e-01 8.462502076458970901e-01 1.516379522349037973e-02 5.325698502297104842e-01 4.340098900000000093e+00
5.124154053252372165e-01 -6.019823164293597317e-02 -8.566251369720809805e-01 -3.084392100000000081e+00 1.691648637825457491e-02 9.980539504306141785e-01 -6.001786832651972992e-02 -3.284173000000000231e-01 8.585710715333865206e-01 1.626299286443166556e-02 5.124365621119401082e-01 4.400956599999999774e+00
5.027041773973450756e-01 -6.015206843400844328e-02 -8.623631709960537517e-01 -3.135827499999999990e+00 1.601873900766973002e-02 9.980530342824883716e-01 -6.027885831800500194e-02 -3.325603999999999782e-01 8.643100774767484840e-01 1.648846331919158123e-02 5.026889898829184355e-01 4.431100800000000284e+00
4.858470742147274479e-01 -5.663918778492994799e-02 -8.722067546654591608e-01 -3.240025000000000155e+00 1.612536655661517271e-02 9.983091881413229673e-01 -5.584565718144261781e-02 -3.406572999999999962e-01 8.738950698055253374e-01 1.306779551706632736e-02 4.859389258846426030e-01 4.489513900000000390e+00
4.783417365450838843e-01 -5.703385026896025389e-02 -8.763197607052641835e-01 -3.292299499999999934e+00 1.654222228563001842e-02 9.982969223365931732e-01 -5.594291496819780996e-02 -3.447852000000000139e-01 8.780179599307103011e-01 1.226355481840513129e-02 4.784705500470531891e-01 4.517624900000000387e+00
4.637267282253118017e-01 -6.339130651222552038e-02 -8.837075668953618957e-01 -3.398775600000000008e+00 2.098267382361002423e-02 9.979430758681232527e-01 -6.057511639345983245e-02 -3.531613000000000113e-01 8.857297832458043141e-01 9.547752905385148425e-03 4.641029966352274716e-01 4.573856400000000377e+00
4.576178437015914757e-01 -6.659286014605296511e-02 -8.866517355216049223e-01 -3.452334599999999920e+00 2.228478644312896842e-02 9.977371698875573403e-01 -6.343443952579412570e-02 -3.573238000000000247e-01 8.888696740350016112e-01 9.269886856684280557e-03 4.580663399318644080e-01 4.601365600000000278e+00
4.523060224696059950e-01 -6.994725610363217161e-02 -8.891156524329648647e-01 -3.505743700000000018e+00 2.474680306250109235e-02 9.975202110729862737e-01 -6.588644958632031146e-02 -3.622516000000000069e-01 8.915194096462004669e-01 7.798067996486995890e-03 4.529153699750231299e-01 4.628236799999999818e+00
4.470887104985230565e-01 -7.107126647904836447e-02 -8.916616847357701214e-01 -3.558981900000000032e+00 2.755333903356056713e-02 9.974596893237480666e-01 -6.568852017113480102e-02 -3.668794000000000222e-01 8.940651533601282619e-01 4.800339075108413234e-03 4.479112169748536987e-01 4.655386400000000258e+00
4.429628115278684275e-01 -6.848210765183607163e-02 -8.939206612081904701e-01 -3.612475900000000184e+00 2.924037337846987009e-02 9.976514999975315545e-01 -6.193936645916706119e-02 -3.714580000000000104e-01 8.960630268948797106e-01 1.298262006551444830e-03 4.439249557613860198e-01 4.681824699999999950e+00
4.390407957627464608e-01 -6.646826246597284382e-02 -8.960051058675774227e-01 -3.665708799999999989e+00 3.243870672678677430e-02 9.977822363798118932e-01 -5.812348123430530200e-02 -3.761535999999999769e-01 8.978813451463995010e-01 -3.546667401331433239e-03 4.402232515308981409e-01 4.708344499999999933e+00
4.358483699298121294e-01 -6.582813314907956515e-02 -8.976095227411710065e-01 -3.719345099999999960e+00 3.389330026068091556e-02 9.978146850407751955e-01 -5.671947209220087188e-02 -3.803836999999999913e-01 8.993817001846130532e-01 -5.701859616447778334e-03 4.371270366494726112e-01 4.734118500000000118e+00
4.329515645924435496e-01 -6.569247629165564373e-02 -8.990202674443027453e-01 -3.772501699999999847e+00 3.545947619211477220e-02 9.978101670395735923e-01 -5.583454218169267569e-02 -3.847524999999999973e-01 9.007194725690880199e-01 -7.705135373803264492e-03 4.343328937850958749e-01 4.759740400000000093e+00
4.306784569179132882e-01 -6.509186288940285725e-02 -9.001550511619608175e-01 -3.825689999999999813e+00 3.782778975277623773e-02 9.978211514004829974e-01 -5.405560230201998662e-02 -3.887982999999999856e-01 9.017123294428356362e-01 -1.077029263305181658e-02 4.322023550692124516e-01 4.785011299999999856e+00
4.256402141462966582e-01 -6.495834807391066834e-02 -9.025579322774817115e-01 -3.931470899999999880e+00 4.153338976476383948e-02 9.977713257790474799e-01 -5.222412266156423871e-02 -3.969138999999999862e-01 9.039388174186031577e-01 -1.525760363328931141e-02 4.273895411626570384e-01 4.835351900000000036e+00
4.233539110492937629e-01 -6.530554480942395157e-02 -9.036075762278726886e-01 -3.984089399999999781e+00 4.339770845265947252e-02 9.977154144482452969e-01 -5.177442103417524699e-02 -4.006122999999999768e-01 9.049243641875958089e-01 -1.729559451162058711e-02 4.252208338148131261e-01 4.859796000000000227e+00
4.214710546641361466e-01 -6.439745493778867291e-02 -9.045524406455583977e-01 -4.035809000000000424e+00 4.643304572619437465e-02 9.976994749286307584e-01 -4.939362298641110371e-02 -4.043861999999999735e-01 9.056523186879664733e-01 -2.118314246447051963e-02 4.234916199058017527e-01 4.883597899999999825e+00
4.195216348939337370e-01 -6.345486042704628904e-02 -9.055247531371546366e-01 -4.087023300000000248e+00 4.788193070034776205e-02 9.977118888882584580e-01 -4.773161932545715719e-02 -4.080078999999999789e-01 9.064816151297983016e-01 -2.333382650161209410e-02 4.216000640090850071e-01 4.907402000000000264e+00
4.174366063468306076e-01 -6.478702381841357216e-02 -9.063935796476016993e-01 -4.137776900000000424e+00 5.033926495873008305e-02 9.975722317934756500e-01 -4.812068950045225030e-02 -4.117160999999999738e-01 9.073106623891598055e-01 -2.553984924263410367e-02 4.196844981835849975e-01 4.931145199999999562e+00
4.165788358971416194e-01 -6.558239919823408148e-02 -9.067309537001512210e-01 -4.188215300000000418e+00 5.088405708312911113e-02 9.975130139716241739e-01 -4.877088980126620399e-02 -4.153468000000000160e-01 9.076744384510028185e-01 -2.582122910803934246e-02 4.188799086969998697e-01 4.953953699999999571e+00
4.160845873562409314e-01 -6.646701138956280508e-02 -9.068934626302730395e-01 -4.237969900000000401e+00 5.063818764773456160e-02 9.974710502234366283e-01 -4.987261691456701396e-02 -4.191355999999999971e-01 9.079148584070751982e-01 -2.517221410790201550e-02 4.183980993271436688e-01 4.976576800000000134e+00
4.164762387406835686e-01 -6.738305987540101072e-02 -9.066460532127416094e-01 -4.286778899999999837e+00 5.037215092438462882e-02 9.974279657404063748e-01 -5.099117149277605787e-02 -4.228617000000000070e-01 9.077500696643676648e-01 -2.443310051513733483e-02 4.187992772481263781e-01 4.998921400000000403e+00
4.228710946786110592e-01 -6.701296903968566310e-02 -9.037086362682386076e-01 -4.383675099999999603e+00 4.576892914631680576e-02 9.975685589485103755e-01 -5.255640134362060678e-02 -4.303647999999999918e-01 9.050332824875076954e-01 -1.913719357373031005e-02 4.249100203713828128e-01 5.043720699999999724e+00
4.279411267954594811e-01 -6.825733603360915891e-02 -9.012254590692759804e-01 -4.431844199999999567e+00 4.526567670965590817e-02 9.975114001555986931e-01 -5.405575891275699041e-02 -4.336670000000000247e-01 9.026723716327255120e-01 -1.766189789383215691e-02 4.299658670798630622e-01 5.066235999999999962e+00
4.404191133726055307e-01 -6.726324081613807571e-02 -8.952690439253433441e-01 -4.525646199999999730e+00 4.376886482032794901e-02 9.976124013885969699e-01 -5.342081118830793729e-02 -4.409390000000000254e-01 8.967247576867877212e-01 -1.565736346219264927e-02 4.423116050037404490e-01 5.111690499999999915e+00
4.582169437986001181e-01 -6.458113475402714465e-02 -8.864911220366242794e-01 -4.617838899999999747e+00 4.058761646293279624e-02 9.978368433303977936e-01 -5.171343618717562374e-02 -4.481503000000000014e-01 8.879132152444453308e-01 -1.228458897600588975e-02 4.598469430886348297e-01 5.157344300000000104e+00
4.769092115841805368e-01 -6.458362163793626709e-02 -8.765766137208331754e-01 -4.708134699999999562e+00 3.881883704100531907e-02 9.978713752194385833e-01 -5.240053824580723218e-02 -4.551977999999999858e-01 8.780949275544979171e-01 -9.037385340590679134e-03 4.784011119022054670e-01 5.206153399999999820e+00
4.868373582180955395e-01 -6.598246514804223528e-02 -8.709969580522157750e-01 -4.752329300000000423e+00 3.715083421838934197e-02 9.978046838664637042e-01 -5.482361143726348363e-02 -4.585284000000000026e-01 8.727022414088917435e-01 -5.668081433226539873e-03 4.882198999352267421e-01 5.231067699999999654e+00
4.981543569729024457e-01 -6.726050480013409660e-02 -8.644757145940800136e-01 -4.795037699999999958e+00 3.630679817025123796e-02 9.977305143483098382e-01 -5.670658819644994880e-02 -4.621616000000000057e-01 8.663279131111607523e-01 -3.137711313721265605e-03 4.994658163800331785e-01 5.255234699999999926e+00
5.242004636403301276e-01 -6.135074763246835261e-02 -8.493821046408971398e-01 -4.881393899999999952e+00 3.098955617531168674e-02 9.981152240326345293e-01 -5.296835812389220910e-02 -4.697862999999999900e-01 8.510308580347247798e-01 1.444063440737778509e-03 5.251136956445328074e-01 5.305739899999999842e+00
5.481228769886830055e-01 -5.886681786379089482e-02 -8.343236838758925078e-01 -4.964872800000000197e+00 3.059574455934430809e-02 9.982637152924969115e-01 -5.033343963291198042e-02 -4.763817000000000190e-01 8.358380298457999125e-01 2.062155428649990047e-03 5.489722537419170489e-01 5.359269600000000189e+00
5.596609679669433124e-01 -5.868145082387220268e-02 -8.266414508500704583e-01 -5.005854600000000154e+00 2.975576047573440241e-02 9.982695707472609703e-01 -5.071941283759276442e-02 -4.796309999999999740e-01 8.281872950322376470e-01 3.788330672593903659e-03 5.604386254514407417e-01 5.386532299999999829e+00
5.712826063780782615e-01 -5.928957313354264735e-02 -8.186091437111560065e-01 -5.046571700000000327e+00 2.960950959227653945e-02 9.982269693194335547e-01 -5.163520761112003893e-02 -4.829960999999999838e-01 8.202191540018890503e-01 5.259680691913085071e-03 5.720252399741155847e-01 5.414157399999999676e+00
5.825027919790825015e-01 -6.117632865942179005e-02 -8.105232594739820717e-01 -5.086448200000000419e+00 3.175146722100249258e-02 9.981151636602398902e-01 -5.251632508854792852e-02 -4.860684000000000116e-01 8.122083117439068412e-01 4.855603283512067991e-03 5.833473077428795728e-01 5.442445799999999778e+00
5.934699894245496488e-01 -6.030504732405135571e-02 -8.025937159731996173e-01 -5.125481599999999638e+00 3.139620533157773397e-02 9.981646540167474768e-01 -5.178418448140542640e-02 -4.895696999999999965e-01 8.042435265161930191e-01 5.533962312010049650e-03 5.942741163115947689e-01 5.470949199999999735e+00
6.041788859674357415e-01 -5.785576883014201255e-02 -7.947456094652057823e-01 -5.163884600000000269e+00 3.043924660007391036e-02 9.983084728928495188e-01 -4.953428324672434768e-02 -4.928127999999999953e-01 7.962671197641958409e-01 5.736110478363896231e-03 6.049179870189114183e-01 5.499808299999999761e+00
6.142273945056344608e-01 -5.507761946328736113e-02 -7.872046517095012685e-01 -5.201787500000000009e+00 3.062866111524970014e-02 9.984735782857562247e-01 -4.596083749808106689e-02 -4.959063000000000221e-01 7.885344589535114856e-01 4.119380960184711865e-03 6.149767782147532724e-01 5.529081299999999644e+00
6.244639842782386818e-01 -5.316023221610430283e-02 -7.792424026258307768e-01 -5.238651800000000414e+00 2.919537279817314979e-02 9.985725603807273920e-01 -4.472663481477523462e-02 -4.989255000000000217e-01 7.805077594403039276e-01 5.179900134987043547e-03 6.251246324438577417e-01 5.558066400000000407e+00
6.348939268160651572e-01 -5.243089821357320435e-02 -7.708182033427823932e-01 -5.274853199999999909e+00 2.714118501515916382e-02 9.985924258694445221e-01 -4.556888271782295885e-02 -5.019015000000000004e-01 7.721224370318802155e-01 8.010487419360327876e-03 6.354233032579577056e-01 5.586985600000000218e+00
6.441338380878065539e-01 -5.174460103126875266e-02 -7.631605957427218812e-01 -5.309680000000000177e+00 2.488440631219067736e-02 9.985987357664605213e-01 -4.670472404496778251e-02 -5.046895999999999605e-01 7.645079234074432240e-01 1.109329481000156589e-02 6.445188700554058681e-01 5.616101300000000407e+00
6.537300156853169675e-01 -5.109285153003804980e-02 -7.550010510685428722e-01 -5.343839199999999678e+00 2.474974387538511275e-02 9.986278848794210017e-01 -4.614973151987554478e-02 -5.075640999999999625e-01 7.563230240910149282e-01 1.148338207076841574e-02 6.540975578352503650e-01 5.644968999999999681e+00
6.628641052378688725e-01 -4.900569037841946002e-02 -7.471342719335889448e-01 -5.377103299999999919e+00 2.439863668470298314e-02 9.987396132153900652e-01 -4.386218784215974165e-02 -5.103263000000000105e-01 7.483420905676276824e-01 1.084561224217084341e-02 6.632243121146610410e-01 5.674278700000000342e+00
6.714631691271063518e-01 -4.747565909661949357e-02 -7.395155673135789254e-01 -5.409965500000000205e+00 2.482011234310838033e-02 9.988265575201219493e-01 -4.158689716458689734e-02 -5.129970000000000363e-01 7.406221536850341458e-01 9.569210304096038150e-03 6.718535969131202990e-01 5.704003300000000110e+00
6.795892241421931379e-01 -4.683066263963308468e-02 -7.320965615726828801e-01 -5.442517800000000072e+00 2.515408868873462295e-02 9.988610375863313795e-01 -4.054502946350928977e-02 -5.156420999999999921e-01 7.331614817023950348e-01 9.138743277411709443e-03 6.799931802005504400e-01 5.734105099999999844e+00
6.873084742993742502e-01 -4.594573836893489638e-02 -7.249110637050587558e-01 -5.474138299999999902e+00 2.402508461028335721e-02 9.988893610740812168e-01 -4.053195828580923032e-02 -5.182892999999999528e-01 7.259682200108591443e-01 1.044190876934087894e-02 6.876489730054990979e-01 5.763875500000000152e+00
6.948086345294111066e-01 -4.502488999156581406e-02 -7.177838955177405778e-01 -5.505283799999999950e+00 2.334840401857109227e-02 9.989244810437918343e-01 -4.005912132307463958e-02 -5.207855999999999597e-01 7.188155628623805748e-01 1.107431499636148294e-02 6.951126139944523441e-01 5.793677800000000211e+00
7.019005029839977539e-01 -4.246987901267595955e-02 -7.110077308211633085e-01 -5.535725099999999621e+00 2.289640768902537205e-02 9.990502562780678719e-01 -3.707209119627521976e-02 -5.230451999999999879e-01 7.119069029204234678e-01 9.741396582404047988e-03 7.022062850522454713e-01 5.823809599999999698e+00
7.094381722880509500e-01 -4.012325604302195703e-02 -7.036246186888971410e-01 -5.566013800000000344e+00 2.197463339506829788e-02 9.991520127303271659e-01 -3.481911750875611722e-02 -5.250377999999999989e-01 7.044250103366164195e-01 9.240118042661574216e-03 7.097182715914924778e-01 5.853886100000000425e+00
7.166109322922313840e-01 -3.828044924791271231e-02 -6.964218397814909700e-01 -5.595417999999999559e+00 2.081820536050510428e-02 9.992217784182488849e-01 -3.350283361507851859e-02 -5.274229000000000278e-01 6.971623727976334894e-01 9.510243953221064403e-03 7.168501804527382948e-01 5.883917300000000239e+00
7.244015681287968578e-01 -3.760455390388829644e-02 -6.883518472541712008e-01 -5.624242800000000209e+00 2.007103837812161673e-02 9.992382982932480617e-01 -3.346605208921214769e-02 -5.293702999999999603e-01 6.890860044370108461e-01 1.042692426861590270e-02 7.246045526625763955e-01 5.913482199999999800e+00
7.413898774612475151e-01 -3.228578822814227173e-02 -6.702974544756109543e-01 -5.679965499999999778e+00 1.718794931193331349e-02 9.994279067575349007e-01 -2.912788342297861766e-02 -5.334889000000000436e-01 6.708543985071920845e-01 1.007407925022288896e-02 7.415206598138810445e-01 5.973116899999999951e+00
7.610873704189259348e-01 -2.631884895243425532e-02 -6.481152156666464270e-01 -5.733027899999999732e+00 1.320226846264780513e-02 9.995980547218860091e-01 -2.508842569117280402e-02 -5.369061000000000528e-01 6.485150073022557526e-01 1.053789286528739044e-02 7.611289234536517956e-01 6.033077699999999766e+00
7.808515786236530642e-01 -2.632455986879789211e-02 -6.241617015715262839e-01 -5.782526999999999973e+00 1.178657646971324746e-02 9.995547412336862614e-01 -2.741160141951182877e-02 -5.404546000000000072e-01 6.246053864449717663e-01 1.404766261598904865e-02 7.808141740510061712e-01 6.093112900000000387e+00
8.009029073229235740e-01 -2.370286065252560567e-02 -5.983249179489145142e-01 -5.829504499999999645e+00 1.084802485456611357e-02 9.996265953818126437e-01 -2.507967627622951709e-02 -5.436687999999999521e-01 5.986959607333617317e-01 1.359574206333391891e-02 8.008609757000925145e-01 6.154597299999999827e+00
8.203527585768191077e-01 -2.034258232773824074e-02 -5.714958712358665371e-01 -5.872734099999999735e+00 1.084783570833381533e-02 9.997408366436614235e-01 -2.001459486167493640e-02 -5.461728999999999612e-01 5.717549089914734095e-01 1.021953478741468094e-02 8.203608261934992596e-01 6.215738299999999938e+00
8.376408955198547668e-01 -1.784539050558586054e-02 -5.459297319164793105e-01 -5.915791500000000092e+00 1.167866484164704205e-02 9.998228118091813110e-01 -1.476325755038248970e-02 -5.490779999999999550e-01 5.460964557110878914e-01 5.990577909149865168e-03 8.377008857797048069e-01 6.279366999999999699e+00
