1.000000000000000000e+00 0.000000000000000000e+00 0.000000000000000000e+00 0.000000000000000000e+00 0.000000000000000000e+00 1.000000000000000000e+00 0.000000000000000000e+00 0.000000000000000000e+00 0.000000000000000000e+00 0.000000000000000000e+00 1.000000000000000000e+00 0.000000000000000000e+00
9.997946758793000432e-01 -8.977931407895187871e-03 1.816598004624896470e-02 1.900100000000000053e-03 9.013136525897455509e-03 9.999576565194697730e-01 -1.857023978239771486e-03 -6.394000000000000378e-04 -1.814853860152710816e-02 2.020375144707891538e-03 9.998332604144071212e-01 5.600689999999999835e-02
9.998694088262946034e-01 -1.154013169773931979e-02 1.131329544186853928e-02 2.095500000000000140e-03 1.157468616049183927e-02 9.999285298916602560e-01 -2.993618043324700571e-03 -9.543000000000000484e-04 -1.127794013294493303e-02 3.124174947411348553e-03 9.999315214539722385e-01 7.049959999999999560e-02
9.997738846683370539e-01 -1.240658691782476654e-02 -1.727009369497710736e-02 8.030000000000000028e-04 1.232073884796560000e-02 9.999112510781275054e-01 -5.068467383155628864e-03 -1.492099999999999893e-03 1.733144337391031783e-02 4.854541010676553803e-03 9.998380141313655267e-01 1.006279000000000062e-01
9.983968035590692347e-01 -4.340068541835621387e-03 -5.643568417309693247e-02 -2.402899999999999914e-03 3.992950143275229673e-03 9.999724214794951660e-01 -6.261998849268819722e-03 -2.042299999999999931e-03 5.646130526463848803e-02 6.026614761795756267e-03 9.983865989296561994e-01 1.325151999999999997e-01
9.970669882634456416e-01 -4.390949673748751128e-03 -7.640772523916952719e-02 -4.544099999999999702e-03 3.890127139067488162e-03 9.999699732077245162e-01 -6.702208127517561911e-03 -2.182100000000000185e-03 7.643486001886645731e-02 6.385314706831417622e-03 9.970541308925965351e-01 1.490364999999999884e-01
9.952595748715614699e-01 -5.846293782988798600e-03 -9.707831619616077989e-02 -6.968900000000000095e-03 5.274055095072296105e-03 9.999671793421239796e-01 -6.150169218051082867e-03 -2.412300000000000035e-03 9.711108571802154477e-02 5.609018413190282673e-03 9.952577434730702777e-01 1.662179000000000018e-01
9.908488180121312050e-01 -6.063778960207717728e-03 -1.348400920671753156e-01 -1.259820000000000037e-02 5.464926632020057976e-03 9.999734945597668068e-01 -4.810899586850139222e-03 -2.935199999999999788e-03 1.348656903028684073e-01 4.029982959003568059e-03 9.908556932351355595e-01 2.022598999999999925e-01
9.886079712892323901e-01 -4.916536570171360643e-03 -1.504330640901209992e-01 -1.620579999999999937e-02 4.386041172783182104e-03 9.999829389230288079e-01 -3.858044283393624683e-03 -3.355599999999999816e-03 1.504494657558441972e-01 3.154287719302589690e-03 9.886126687043641503e-01 2.213515000000000066e-01
9.843708055672693025e-01 -5.752362589673955945e-03 -1.760142820099613870e-01 -2.393110000000000029e-02 4.988197762428790011e-03 9.999761170506122898e-01 -4.783639980480889307e-03 -3.978100000000000039e-03 1.760375955014388261e-01 3.830881493452170140e-03 9.843759898113397799e-01 2.607787999999999773e-01
9.825315812712805963e-01 -9.411647663846231873e-03 -1.858577754435056240e-01 -2.798010000000000080e-02 8.225928010483581423e-03 9.999406051363020076e-01 -7.149846712524746302e-03 -4.313700000000000173e-03 1.859140282843746994e-01 5.496097515317305456e-03 9.825506434780747478e-01 2.815679999999999850e-01
9.796413300420521164e-01 -8.069957064721617820e-03 -2.005934701489875127e-01 -3.758910000000000029e-02 6.058999475562223958e-03 9.999250689246856894e-01 -1.063696673482127618e-02 -4.905500000000000138e-03 2.006642793294170779e-01 9.205016509279457040e-03 9.796168203293926791e-01 3.248469999999999969e-01
9.778935647581853408e-01 -8.931027684384430440e-03 -2.089124523551185719e-01 -4.254770000000000080e-02 6.259605411524824317e-03 9.998900192743637172e-01 -1.344495056162968438e-02 -5.400199999999999965e-03 2.090095532376952114e-01 1.184002111541259533e-02 9.778419200235617392e-01 3.473520999999999970e-01
9.761938216406000901e-01 -1.225948267166603566e-02 -2.165532906130572255e-01 -4.781910000000000327e-02 9.175252069376275618e-03 9.998417346690513519e-01 -1.524205902906965865e-02 -5.833099999999999917e-03 2.167058774933977028e-01 1.289227282543143130e-02 9.761518078461008940e-01 3.706640999999999964e-01
9.743680176509933455e-01 -1.867871941965557406e-02 -2.241831207288260130e-01 -5.316680000000000017e-02 1.536885146972962260e-02 9.997457395722778584e-01 -1.650013974427642915e-02 -6.447300000000000426e-03 2.244343213133298542e-01 1.263177136909320042e-02 9.744073448864720710e-01 3.945060000000000233e-01
9.722128726341805471e-01 -1.954298354779038932e-02 -2.332813796222182323e-01 -5.893770000000000259e-02 1.560700255130868797e-02 9.997032020190395052e-01 -1.870639848401785266e-02 -7.194100000000000147e-03 2.335777210175622454e-01 1.454577831984990577e-02 9.722293292106094498e-01 4.191162999999999972e-01
9.702469271047760024e-01 -1.534690420543086131e-02 -2.416306540467263175e-01 -6.608029999999999460e-02 9.998081950128700351e-03 9.996774264757132267e-01 -2.334697736781942215e-02 -7.680099999999999601e-03 2.419110142202250124e-01 2.023648996748917891e-02 9.700873907399981677e-01 4.435764999999999847e-01
9.658160852851473965e-01 -1.504503905437793235e-02 -2.587912985483190598e-01 -8.038299999999999612e-02 8.184206884209645899e-03 9.995864244542495003e-01 -2.756807582051296404e-02 -9.563399999999999679e-03 2.590990315731600546e-01 2.450768954065924918e-02 9.655397790827829896e-01 4.947728000000000126e-01
9.635292683623188914e-01 -1.766005882732157861e-02 -2.670196085147868992e-01 -8.802390000000000214e-02 9.976378352821209036e-03 9.994969519661398571e-01 -3.010506411481756947e-02 -1.045199999999999949e-02 2.674169420289893573e-01 2.634322175838515676e-02 9.632207502868970206e-01 5.214267000000000207e-01
9.613104142472824742e-01 -1.684730062182662746e-02 -2.749517338033641289e-01 -9.627810000000000534e-02 8.183884611797795361e-03 9.994341312736749749e-01 -3.262577628034831617e-02 -1.143510000000000013e-02 2.753458034769714624e-01 2.911332524794032345e-02 9.609043151118786819e-01 5.483426000000000133e-01
9.566374356423423819e-01 -1.732020445754871296e-02 -2.907659320573714457e-01 -1.135613000000000039e-01 5.661074681579366177e-03 9.991475569630845488e-01 -4.089146180010197473e-02 -1.410950000000000051e-02 2.912263191421626818e-01 3.747225549988054960e-02 9.559200076924108114e-01 6.040824000000000193e-01
9.535425139654160054e-01 -1.962645186236913405e-02 -3.006184898634953195e-01 -1.323197999999999874e-01 2.638588467764605566e-03 9.983814185148635056e-01 -5.681180348437128713e-02 -1.718400000000000136e-02 3.012469284680129866e-01 5.337926143684594560e-02 9.520509138365682578e-01 6.623181999999999681e-01
9.508723056205472535e-01 -1.969497695028160633e-02 -3.089562530307366495e-01 -1.522903999999999924e-01 -3.442650725702900774e-03 9.972399458613381285e-01 -7.416628974444121336e-02 -2.139109999999999970e-02 3.095642204128983832e-01 7.158629939732506775e-02 9.481800436513896368e-01 7.221758999999999817e-01
9.480234356799203121e-01 -1.693114010114012483e-02 -3.177497472800185907e-01 -1.739276999999999906e-01 -1.157517595440509320e-02 9.960874930771239644e-01 -8.761119470110605156e-02 -2.687579999999999830e-02 3.179899066059560520e-01 8.673547503879895648e-02 9.441183064989945306e-01 7.836374000000000395e-01
9.446976946995357949e-01 -1.422327286862568388e-02 -3.276338873472754987e-01 -1.969334000000000084e-01 -1.917877582753031371e-02 9.949529189376409288e-01 -9.849296246547460665e-02 -3.338350000000000345e-02 3.273811848398437974e-01 9.932969146419749762e-02 9.396569438930824081e-01 8.473562999999999512e-01
9.413358979399591986e-01 -1.075638985514136906e-02 -3.372996106236337277e-01 -2.218787999999999871e-01 -2.552636869516856574e-02 9.943590611601463847e-01 -1.029488319018260628e-01 -4.034829999999999667e-02 3.365042819204668301e-01 1.055194653416910294e-01 9.357513081386499287e-01 9.130812999999999846e-01
9.367148019892282962e-01 -1.131584524630487032e-02 -3.499104619479710410e-01 -2.462844999999999895e-01 -2.541556708897910882e-02 9.946422716630395344e-01 -1.002037941923056980e-01 -4.807349999999999818e-02 3.491696273787662230e-01 1.027555500561893459e-01 9.314085399269342869e-01 9.786359999999999504e-01
9.310613001614289619e-01 -9.878386439884345380e-03 -3.647290402792927044e-01 -2.733220000000000094e-01 -2.694897058091239722e-02 9.950411436817706567e-01 -9.574380066146874479e-02 -5.521999999999999825e-02 3.638661956356192273e-01 9.897241970275484635e-02 9.261780886049092443e-01 1.045339199999999913e+00
9.244665040307510351e-01 -3.817468848810779553e-03 -3.812441604231461278e-01 -3.026692999999999745e-01 -3.079199719219860923e-02 9.959357875274967853e-01 -8.463899828625290334e-02 -6.262280000000000624e-02 3.800178098906377144e-01 8.998518796764859440e-02 9.205917282445840177e-01 1.113734500000000072e+00
9.170446429309979663e-01 5.699020777902193136e-04 -3.987841497391542700e-01 -3.330723999999999907e-01 -3.491006992436627987e-02 9.962746112623087624e-01 -7.885547521898182699e-02 -6.928439999999999599e-02 3.972535838597737734e-01 8.623557366746818775e-02 9.136481904676484467e-01 1.182015299999999991e+00
9.093859870710018223e-01 3.483013691403767653e-04 -4.159531286155401797e-01 -3.656840000000000090e-01 -3.561349061694679685e-02 9.963928019863947938e-01 -7.702638142725955206e-02 -7.551850000000000229e-02 4.144258749221342852e-01 8.486025474777510180e-02 9.061180559723805983e-01 1.251473800000000081e+00
9.015712164512544868e-01 -1.799885164290825068e-04 -4.326306846153415986e-01 -3.997526000000000135e-01 -3.482392575921379463e-02 9.967248622525024526e-01 -7.298522564496726095e-02 -8.175789999999999447e-02 4.312268960319172173e-01 8.086727750990491126e-02 8.986121786214641416e-01 1.322399399999999892e+00
8.940937815937013422e-01 2.422625542163651946e-03 -4.478732416666094118e-01 -4.366223000000000187e-01 -3.430264759254963991e-02 9.974185682234383288e-01 -6.308350126021554372e-02 -8.779030000000000167e-02 4.465642597472573860e-01 7.176580417293966507e-02 8.918688419648906907e-01 1.394841999999999915e+00
8.864886571553166617e-01 1.599620365036871772e-03 -4.627475574756189092e-01 -4.749169999999999781e-01 -3.175915540250501268e-02 9.978464447769599399e-01 -5.739188700592569303e-02 -9.322969999999999868e-02 4.616591998250256790e-01 6.557372843349053293e-02 8.846303574692923055e-01 1.468308799999999970e+00
8.800965969875944594e-01 1.185554363328388330e-03 -4.747931912229865214e-01 -5.154910999999999799e-01 -3.060270032347308516e-02 9.980591740145878799e-01 -5.423430554759868516e-02 -9.868330000000000157e-02 4.738074025421801783e-01 6.226138149904951458e-02 8.784247638073863218e-01 1.543533000000000044e+00
8.745399378191075490e-01 -1.115872500222828828e-03 -4.849522161903322415e-01 -5.585546999999999596e-01 -2.793333792342308358e-02 9.982211880259800330e-01 -5.267056491492263376e-02 -1.043516000000000027e-01 4.841483510163050452e-01 5.960884669715118406e-02 8.729531256623279667e-01 1.620596200000000042e+00
8.710858517639246124e-01 -1.914810573735091850e-03 -4.911270429911029356e-01 -6.030347000000000346e-01 -2.783408096907855761e-02 9.981927069449328949e-01 -5.325958823117200869e-02 -1.099543999999999938e-01 4.903414145198473073e-01 6.006374365966485329e-02 8.694582473611147666e-01 1.698337100000000044e+00
8.705778166400421902e-01 -9.708382440453758311e-04 -4.920297985359839976e-01 -6.259968999999999673e-01 -2.856725589277504807e-02 9.982114250244524811e-01 -5.251535814796092633e-02 -1.125189999999999940e-01 4.912007502691885796e-01 5.977464699816967958e-02 8.689929887583849322e-01 1.738233799999999940e+00
8.702733479397823935e-01 -1.992873120038688231e-03 -4.925650498385060194e-01 -6.729129999999999834e-01 -2.601603513377622606e-02 9.984100637932197264e-01 -5.000510406285540999e-02 -1.181361999999999968e-01 4.918815566593248700e-01 5.633269896912719565e-02 8.688378221769889054e-01 1.819192799999999943e+00
8.685568936877368085e-01 -6.276898450536076701e-03 -4.955497179631436211e-01 -7.208508000000000138e-01 -2.208832010755505323e-02 9.984358417835317301e-01 -5.136123009466047468e-02 -1.235373000000000027e-01 4.950969890257218564e-01 5.555601126657794958e-02 8.670596871437468156e-01 1.902657899999999902e+00
8.648723693434663407e-01 -5.397924447719800595e-03 -5.019627945952522818e-01 -7.700466000000000255e-01 -2.044166153127936411e-02 9.987340788385584700e-01 -4.596061618752200761e-02 -1.288356999999999974e-01 5.015754412050688060e-01 5.001102056699908982e-02 8.636671665646366014e-01 1.987335700000000038e+00
8.580283518634792550e-01 -6.378044833631585017e-03 -5.135627205537232065e-01 -8.210376999999999814e-01 -1.665669523435733129e-02 9.990513436506792688e-01 -4.023639215489000637e-02 -1.340716000000000130e-01 5.133321555312029272e-01 4.307822296558368874e-02 8.571081406706019257e-01 2.072313799999999873e+00
8.526995776340935418e-01 -9.183981814599222193e-03 -5.223208638190394160e-01 -8.463030000000000275e-01 -1.521394823773343855e-02 9.989847767085497932e-01 -4.240226035942570165e-02 -1.371485000000000065e-01 5.221800131005188694e-01 4.410295208484425050e-02 8.516941725383260220e-01 2.114088499999999815e+00
8.465150872145379424e-01 -1.320955092835968819e-02 -5.322008219482889935e-01 -8.728323999999999527e-01 -1.298708245826442342e-02 9.988821902187783319e-01 -4.545003578610933015e-02 -1.399496000000000073e-01 5.322062972263532643e-01 4.538587696638074487e-02 8.453972908429545630e-01 2.156265499999999946e+00
8.404238819771294722e-01 -1.332621162306387233e-02 -5.417657341381689751e-01 -9.002658000000000049e-01 -1.317469120417605333e-02 9.988997416014960828e-01 -4.500815192983430996e-02 -1.424760999999999944e-01 5.417694399965418128e-01 4.496352201776190188e-02 8.393236298196254941e-01 2.198014500000000204e+00
8.294874678417456515e-01 -5.661729209127329063e-03 -5.584966298160188858e-01 -9.554905000000000204e-01 -1.696585163241122463e-02 9.992317654743507749e-01 -3.532759184262425356e-02 -1.478395000000000126e-01 5.582675886811591104e-01 3.877916566114537888e-02 8.287541708726113843e-01 2.279775900000000188e+00
8.254746079449822860e-01 -5.462110773267958401e-03 -5.644128249641201522e-01 -9.836089999999999556e-01 -1.862491573371418546e-02 9.991450586864356609e-01 -3.690886365618811088e-02 -1.501122000000000012e-01 5.641318854239582015e-01 4.097947106027099301e-02 8.246671442464713619e-01 2.320373299999999972e+00
8.194248964638214394e-01 -9.092593644147266285e-03 -5.731144421457881055e-01 -1.040775100000000064e+00 -2.259803405168686607e-02 9.985843122379094439e-01 -4.815288370741996338e-02 -1.553373999999999866e-01 5.727409256481104105e-01 5.240893142551107664e-02 8.180593719251566531e-01 2.400147200000000147e+00
8.158823371252038603e-01 -1.023616213530919791e-02 -5.781273501157463413e-01 -1.068824299999999949e+00 -2.268346360648184831e-02 9.985070015850329161e-01 -4.969132987232856985e-02 -1.578946999999999989e-01 5.777728554076667633e-01 5.365620905735721952e-02 8.144320344778099852e-01 2.439686299999999974e+00
8.129202266400048504e-01 -8.226536958251175896e-03 -5.823169491000906861e-01 -1.098078300000000063e+00 -2.257586488598233368e-02 9.987035014447241954e-01 -4.562506467609295235e-02 -1.607775999999999927e-01 5.819373122976502222e-01 5.023584668065546321e-02 8.116805555537626171e-01 2.479408999999999974e+00
8.068611456597023501e-01 -3.922100709944319891e-03 -5.907281174539890101e-01 -1.156689999999999996e+00 -2.268608828522840348e-02 9.990345950588932489e-01 -3.761940023216665818e-02 -1.657165999999999917e-01 5.903053726869064155e-01 4.375494259548483311e-02 8.059932207999260800e-01 2.558562999999999921e+00
8.039160524637777305e-01 -3.269564119649787451e-03 -5.947337980487775733e-01 -1.186383699999999930e+00 -2.439993479475716792e-02 9.989616659254719755e-01 -3.847379879109140421e-02 -1.680329999999999879e-01 5.942420582330639744e-01 4.544117034004831190e-02 8.030015418821176976e-01 2.597927599999999781e+00
7.999398719449370976e-01 -4.877451646288135517e-03 -6.000603400810253785e-01 -1.216009600000000024e+00 -2.386811648262643012e-02 9.989170470090869003e-01 -3.993802962362550529e-02 -1.707888999999999935e-01 5.996052987493434294e-01 4.627033239651443669e-02 7.989571590840316428e-01 2.637959500000000013e+00
7.915291994681228349e-01 -8.813090880194118099e-03 -6.110677996904190223e-01 -1.276002199999999975e+00 -2.177764286492360826e-02 9.988541930704728511e-01 -4.261496517401421047e-02 -1.762051000000000034e-01 6.107432035320576880e-01 4.703860557746201987e-02 7.904303314807241687e-01 2.715649800000000003e+00
7.825504910984960594e-01 -8.490849004146653473e-03 -6.225292237033467346e-01 -1.338658600000000032e+00 -2.184665877363950112e-02 9.989167103921531288e-01 -4.108684947458800252e-02 -1.813144999999999896e-01 6.222037064996727151e-01 4.575271776089452624e-02 7.815172656029814036e-01 2.793193800000000060e+00
7.716626668613558726e-01 -1.195665290086693131e-02 -6.359196230844179620e-01 -1.402447699999999964e+00 -2.003926054529258163e-02 9.988698684353056745e-01 -4.309772579653100427e-02 -1.866723000000000132e-01 6.357162547939276820e-01 4.600026503666348326e-02 7.705509840415095679e-01 2.870903300000000158e+00
7.607137252731084320e-01 -1.443319454913297162e-02 -6.489270460353896430e-01 -1.467977499999999935e+00 -1.955553627279054546e-02 9.987892952235462030e-01 -4.513894934461290531e-02 -1.920765000000000111e-01 6.487928861988186968e-01 4.702793469799450288e-02 7.595104766728684176e-01 2.947057699999999780e+00
7.483182460284625304e-01 -1.799826569404442550e-02 -6.630956681300912425e-01 -1.535037500000000055e+00 -1.673238334403800293e-02 9.988016116534431665e-01 -4.599312890109475555e-02 -1.978636000000000006e-01 6.631288185628141374e-01 4.551266846155190698e-02 7.471203162817856569e-01 3.023305399999999921e+00
7.356742513569042297e-01 -1.965548153883119736e-02 -6.770502624886393095e-01 -1.604036699999999982e+00 -1.281743072687145137e-02 9.989958962268689069e-01 -4.292916015294093168e-02 -2.038873999999999964e-01 6.772142270803386266e-01 4.025992259495372871e-02 7.346836252922941402e-01 3.098266399999999976e+00
7.226160859278116799e-01 -2.256287479552815389e-02 -6.908812553828124203e-01 -1.675072600000000023e+00 -1.248359744273480447e-02 9.988781884881887674e-01 -4.567848900130334899e-02 -2.094009000000000009e-01 6.911368548654147625e-01 4.163269440614870975e-02 7.215237810378996031e-01 3.173155099999999784e+00
7.108874533183104916e-01 -2.212212332359441563e-02 -7.029577799372181968e-01 -1.748639199999999949e+00 -1.318076891420407425e-02 9.989105773661106635e-01 -4.476522932962222895e-02 -2.149719999999999964e-01 7.031822637449249846e-01 4.108856392913968342e-02 7.098214098410977613e-01 3.247676400000000019e+00
6.957472563213997763e-01 -2.479975321993155291e-02 -7.178584314204820016e-01 -1.862453700000000101e+00 -1.386239636426184196e-02 9.987540560489259756e-01 -4.793922707823764645e-02 -2.241190999999999878e-01 7.181529010512207600e-01 4.330482381963039057e-02 6.945366102270392750e-01 3.358517599999999881e+00
6.904785047463924963e-01 -2.769188356023790515e-02 -7.228226574119495096e-01 -1.901039700000000110e+00 -1.313304201972929908e-02 9.986223221507399828e-01 -5.080335529836400160e-02 -2.269037999999999888e-01 7.232336812472813792e-01 4.457148513511761251e-02 6.891635691346109649e-01 3.395424799999999799e+00
6.806681755179315729e-01 -2.781759632359896012e-02 -7.320635328793994034e-01 -1.980384200000000039e+00 -1.314407535540307315e-02 9.986542455259785900e-01 -5.016902606180326935e-02 -2.331937000000000038e-01 7.324739368196944156e-01 4.377075767810861134e-02 6.793865266931207181e-01 3.468917799999999829e+00
6.702427834251845074e-01 -2.911429014574430305e-02 -7.415706098381803502e-01 -2.060255100000000006e+00 -1.157825896805815200e-02 9.986983810614682433e-01 -4.967381185766760188e-02 -2.396689999999999932e-01 7.420515852592256545e-01 4.187961048662933172e-02 6.690332899338853334e-01 3.541707999999999856e+00
6.609437291466652153e-01 -3.143964223395549068e-02 -7.497765905907574080e-01 -2.142378299999999847e+00 -8.982732632768051714e-03 9.987189758825102404e-01 -4.979676421855193380e-02 -2.460796000000000094e-01 7.503817011469213760e-01 3.964790168963211459e-02 6.598146303890672915e-01 3.614209400000000016e+00
6.530889287186774084e-01 -3.478492932502614404e-02 -7.564818965956442431e-01 -2.225925399999999943e+00 -5.721606604277689259e-03 9.986893096874615017e-01 -5.086183179799368820e-02 -2.526976000000000222e-01 7.572596083266002198e-01 3.754559105719940809e-02 6.520339057052243481e-01 3.685946700000000131e+00
6.491098666988108778e-01 -3.925398894543592060e-02 -7.596811866211532482e-01 -2.268423999999999996e+00 -3.538178439724544433e-03 9.985010866597148205e-01 -5.461740778083007397e-02 -2.557099999999999929e-01 7.606864414774201499e-01 3.814058587961652314e-02 6.479980196429453443e-01 3.721925500000000220e+00
6.373424638325343450e-01 -4.720879095940799797e-02 -7.691332224342058987e-01 -2.353099799999999853e+00 6.376247223496760846e-03 9.984105220918323420e-01 -5.599797181737559137e-02 -2.628958000000000128e-01 7.705542987143861877e-01 3.078570175366575692e-02 6.366304369886148784e-01 3.793109700000000029e+00
6.197213845370072027e-01 -5.211936137499868782e-02 -7.830893804141372261e-01 -2.439471699999999910e+00 1.435807846399199394e-02 9.983784042057807229e-01 -5.508545723093136171e-02 -2.704095000000000248e-01 7.846905448202856626e-01 2.289397705470182232e-02 6.194647808263695765e-01 3.862723799999999930e+00
6.022754542510475595e-01 -5.059285976811163377e-02 -7.966835254648977349e-01 -2.529310000000000169e+00 1.405848019228825296e-02 9.985071151250315413e-01 -5.278162728990107994e-02 -2.773542999999999981e-01 7.981645421474053981e-01 2.058891898986401486e-02 6.020875850517526384e-01 3.930139500000000119e+00
5.829008360734467820e-01 -5.391609799578814949e-02 -8.107525329481156673e-01 -2.620981000000000005e+00 1.329684445118872044e-02 9.982954328577724468e-01 -5.682800949315001265e-02 -2.844929999999999959e-01 8.124344953487129262e-01 2.234464392692856599e-02 5.826241564295641107e-01 3.996479700000000079e+00
5.629026132225612988e-01 -5.652047014168117695e-02 -8.245884333909704322e-01 -2.714420599999999961e+00 1.701412607047756570e-02 9.982401033486481001e-01 -5.680858720772959114e-02 -2.920576999999999757e-01 8.263480910253676592e-01 1.794805063074118856e-02 5.628736092030669491e-01 4.060832999999999693e+00
5.529265219782221186e-01 -5.662557691189683273e-02 -8.313036781660848584e-01 -2.762112399999999912e+00 1.774298899632022544e-02 9.982620435442408624e-01 -5.619678603223389468e-02 -2.957828000000000124e-01 8.330410840015894935e-01 1.632288143285605050e-02 5.529702667478476608e-01 4.092303300000000199e+00
5.320786507685186795e-01 -5.843504279893917130e-02 -8.446760652282264692e-01 -2.858316700000000044e+00 1.800344655384772397e-02 9.981708618544958833e-01 -5.771313937775113256e-02 -3.034723999999999755e-01 8.465035057863231627e-01 1.550084893607852135e-02 5.321574375818920455e-01 4.153818600000000139e+00
5.222657037382292256e-01 -5.873442103015094617e-02 -8.507577813250168930e-01 -2.907521700000000209e+00 1.625163525516337693e-02 9.981297000299005351e-01 -5.893204790055940612e-02 -3.072512000000000021e-01 8.526279487856034400e-01 1.695198231693446911e-02 5.222434405956488668e-01 4.183349100000000043e+00
5.022612591312435315e-01 -6.000304325079158785e-02 -8.626315913392814672e-01 -3.006767700000000154e+00 1.468790682621710572e-02 9.980376468569917003e-01 -6.086970387001299637e-02 -3.152317000000000036e-01 8.645911709987339488e-01 1.790224166975588199e-02 5.021569642793330956e-01 4.242117399999999705e+00
4.940365553886132410e-01 -5.743504663592884085e-02 -8.675419859336388484e-01 -3.057247900000000129e+00 1.352673305432193843e-02 9.982026507785434211e-01 -5.838232156711919973e-02 -3.194929000000000241e-01 8.693359013825614490e-01 1.710799218546925002e-02 4.939255077142211681e-01 4.270002400000000087e+00
4.783067761211522440e-01 -5.605696385549055472e-02 -8.764018739824179782e-01 -3.157409900000000214e+00 1.469375684464771861e-02 9.983317907660613777e-01 -5.583662826155755959e-02 -3.277152999999999872e-01 8.780698841358700601e-01 1.382940161876956148e-02 4.783325477369132495e-01 4.324736099999999972e+00
4.710523293331665418e-01 -5.910004613226903930e-02 -8.801232229506058546e-01 -3.208860399999999835e+00 1.619660818219131188e-02 9.981643301798729384e-01 -5.835786013861449240e-02 -3.315146999999999955e-01 8.819565595386150703e-01 1.323459495901514391e-02 4.711448530792629041e-01 4.351637799999999778e+00
4.578335719518542013e-01 -6.558421012380728776e-02 -8.866155490268837758e-01 -3.311011800000000171e+00 1.975374340345554744e-02 9.977795258593333827e-01 -6.360666158095644451e-02 -3.395207000000000086e-01 8.888184347859559020e-01 1.160728901855113612e-02 4.581124980027100335e-01 4.404842900000000228e+00
4.525405071697371495e-01 -6.864444009936994384e-02 -8.890978743726706268e-01 -3.362246299999999799e+00 2.197522393108891636e-02 9.975884790017677251e-01 -6.583552305646378500e-02 -3.443977999999999762e-01 8.914730387979973303e-01 1.025511610776244989e-02 4.529576731769545672e-01 4.430684099999999681e+00
4.432416067592431230e-01 -6.734627133388755571e-02 -8.938687586972188237e-01 -3.464912700000000179e+00 2.596008887550028607e-02 9.977199248319007507e-01 -6.229787619977465718e-02 -3.529400999999999788e-01 8.960262004110485234e-01 4.408098325663606376e-03 4.439792977674642538e-01 4.482152899999999995e+00
4.396815682682546078e-01 -6.530918848473038496e-02 -8.957761039593733488e-01 -3.515800000000000036e+00 2.943620790781684843e-02 9.978648066848569975e-01 -5.830383558395275945e-02 -3.575726000000000182e-01 8.976712249978696656e-01 -7.331297693954595684e-04 4.406652179734239505e-01 4.506961800000000018e+00
4.364215871211575282e-01 -6.464171497140404343e-02 -8.974172089837623156e-01 -3.566513800000000067e+00 3.130183296311130070e-02 9.979028661813240664e-01 -5.665743481881223287e-02 -3.618850000000000122e-01 8.991976387579091456e-01 -3.364275947991716281e-03 4.375297568160895212e-01 4.531403100000000350e+00
4.311373293410533103e-01 -6.373402805538806726e-02 -9.000325421430601658e-01 -3.667990899999999943e+00 3.462604499479799564e-02 9.979360567090195255e-01 -5.408016020751716529e-02 -3.697779999999999956e-01 9.016216724639456448e-01 -7.848591458822759548e-03 4.324543436658141449e-01 4.580083799999999705e+00
4.287323287469144706e-01 -6.277035982061743291e-02 -9.012482855546735117e-01 -3.718465600000000038e+00 3.581650541405591304e-02 9.979800348025801293e-01 -5.246930603091497225e-02 -3.734767999999999977e-01 9.027213126027173740e-01 -9.784276336608849906e-03 4.301145192961942643e-01 4.603958600000000345e+00
4.259978262200388444e-01 -6.380494949747188282e-02 -9.024714845774500782e-01 -3.768180399999999874e+00 3.857273148971891719e-02 9.978839402694669181e-01 -5.234296645877915821e-02 -3.772636999999999796e-01 9.039015413424317247e-01 -1.251280032238566431e-02 4.275575205593610262e-01 4.627924000000000149e+00
4.235553309655450405e-01 -6.436723748279506163e-02 -9.035805112714089260e-01 -3.818058999999999870e+00 4.097494533166351482e-02 9.978127387796034142e-01 -5.187284630916333406e-02 -3.807715999999999879e-01 9.049430564768893293e-01 -1.505314146550004728e-02 4.252663488524396351e-01 4.651355699999999871e+00
4.215479649797759243e-01 -6.341600027977435661e-02 -9.045859407098504334e-01 -3.867310499999999873e+00 4.393484545183394541e-02 9.978084667285167519e-01 -4.947719757635616472e-02 -3.844005999999999812e-01 9.057411564992134956e-01 -1.888583155177387535e-02 4.234103007604620439e-01 4.674008399999999952e+00
4.193961604003647592e-01 -6.277258598255276711e-02 -9.056304230150920009e-01 -3.916331299999999960e+00 4.549099360018424298e-02 9.978063226282967157e-01 -4.809482325847046907e-02 -3.877432000000000101e-01 9.066627984773056870e-01 -2.102724356777502940e-02 4.213317278407145983e-01 4.696939000000000419e+00
4.177633513536875842e-01 -6.383698749434467412e-02 -9.063104442151056483e-01 -3.965427899999999894e+00 4.772959681651418179e-02 9.976931554061084784e-01 -4.827269666732653119e-02 -3.914371999999999852e-01 9.073013103999510998e-01 -2.309126855436055212e-02 4.198465499001772239e-01 4.719447599999999632e+00
4.168941726368642908e-01 -6.467175006596569131e-02 -9.066514289211865529e-01 -4.013510199999999806e+00 4.861232380629642441e-02 9.976244845033799269e-01 -4.880809250029416457e-02 -3.949273999999999840e-01 9.076541691611271778e-01 -2.372662350126439335e-02 4.190476781246413873e-01 4.741251899999999964e+00
4.164823858071536877e-01 -6.657836352501383947e-02 -9.067026766381096614e-01 -4.106637000000000093e+00 4.825347952596990148e-02 9.975280109948525542e-01 -5.108296187859731607e-02 -4.021254000000000217e-01 9.078623375964101072e-01 -2.247640520600503733e-02 4.186654836298276949e-01 4.784241699999999931e+00
4.226210184790872848e-01 -6.618250186679744407e-02 -9.038868021972389366e-01 -4.198146799999999956e+00 4.388329818642460606e-02 9.976546712781035886e-01 -5.253011533644789954e-02 -4.090960000000000152e-01 9.052434649750201734e-01 -1.746520322328169381e-02 4.245341397301154451e-01 4.826673999999999687e+00
4.282524983741651803e-01 -6.728772512355010726e-02 -9.011504645085545162e-01 -4.243313800000000136e+00 4.260236247119589259e-02 9.976184234416003438e-01 -5.424499904847174259e-02 -4.121446000000000276e-01 9.026543282719906580e-01 -1.516058236326772724e-02 4.300991983185368239e-01 4.847219499999999570e+00
4.407586939389429026e-01 -6.645292907677557981e-02 -8.951624332680377938e-01 -4.332311599999999707e+00 4.139928068640313236e-02 9.976995937836691253e-01 -5.368072393839471573e-02 -4.189997999999999778e-01 8.966704373825901131e-01 -1.339883506200331004e-02 4.424958733627869512e-01 4.890375099999999975e+00
4.583398492957306836e-01 -6.402939444562605331e-02 -8.864676075269154465e-01 -4.419157499999999850e+00 3.923430761096011188e-02 9.978869245066569471e-01 -5.179145687209514570e-02 -4.259736000000000078e-01 8.879106101707848753e-01 -1.104185426330042338e-02 4.598834915503845489e-01 4.933464100000000130e+00
4.674049961840028300e-01 -6.363833656892230184e-02 -8.817498123963353196e-01 -4.461756699999999576e+00 3.846505013645481336e-02 9.979250753422085340e-01 -5.163316687215059597e-02 -4.292392999999999903e-01 8.832060968201204121e-01 -9.782950576789153224e-03 4.688830178389699066e-01 4.956222999999999601e+00
4.772662044824434457e-01 -6.472621027958477824e-02 -8.763717748545793995e-01 -4.504177600000000226e+00 3.784732549149152914e-02 9.978723331609773428e-01 -5.308847958840490211e-02 -4.323574000000000028e-01 8.779433637838285343e-01 -7.830990659575709500e-03 4.787004549540621046e-01 4.978969600000000106e+00
4.876612440600336384e-01 -6.595266753781096891e-02 -8.705381994412809687e-01 -4.545804999999999652e+00 3.578674062691468427e-02 9.978144721094653891e-01 -5.554807327181362359e-02 -4.355167999999999817e-01 8.722991575354882565e-01 -4.065082232355902991e-03 4.889556778168363538e-01 5.001997000000000249e+00
4.992186433978057503e-01 -6.671978455210117454e-02 -8.639034763406011619e-01 -4.586683299999999797e+00 3.446111080201466614e-02 9.977709778658205853e-01 -5.714461979027864180e-02 -4.389786999999999995e-01 8.657904930907626140e-01 -1.243413851232801765e-03 5.004051118800136866e-01 5.025247600000000148e+00
5.112882223427007711e-01 -6.537598038496722497e-02 -8.569190947121818613e-01 -4.627377000000000073e+00 3.279125780926792078e-02 9.978603647349120198e-01 -5.656346791343707520e-02 -4.422631000000000201e-01 8.587834925666231189e-01 8.207800026080111500e-04 5.123380126588894523e-01 5.049231100000000083e+00
5.363773152756872165e-01 -5.967623363501085160e-02 -8.418658579588468305e-01 -4.706814800000000076e+00 2.960508534613844750e-02 9.982135357994023073e-01 -5.189678090694321844e-02 -4.489271000000000233e-01 8.434588991642056888e-01 2.912745439445005996e-03 5.371858163938351138e-01 5.098400100000000101e+00
5.606293535945021667e-01 -5.863660466891000567e-02 -8.259881818047474233e-01 -4.785396099999999819e+00 2.879415836194619549e-02 9.982669249373813392e-01 -5.132292879690014686e-02 -4.554906000000000232e-01 8.275660845711583224e-01 4.989505884000881158e-03 5.613461325230590937e-01 5.149437899999999679e+00
5.718288029484718260e-01 -5.968032973279595310e-02 -8.181992901252740369e-01 -4.823056700000000419e+00 2.901977421665294724e-02 9.981977034202001997e-01 -5.252806479447472143e-02 -4.586082000000000214e-01 8.198595445702464568e-01 6.293101748963074449e-03 5.725301075467079670e-01 5.175309200000000054e+00
5.832227218367621591e-01 -6.082310012350528733e-02 -8.100319791370492739e-01 -4.860217999999999705e+00 3.110105924081026790e-02 9.981336383685129876e-01 -5.255439155136416851e-02 -4.619775999999999883e-01 8.117166875501690138e-01 5.458062714969413171e-03 5.840258801662654431e-01 5.201535200000000359e+00
5.941001175571896109e-01 -5.998965666465144037e-02 -8.021510402734579603e-01 -4.896524900000000180e+00 3.069672119331073173e-02 9.981796244752237923e-01 -5.191482052825947130e-02 -4.652562000000000086e-01 8.038051764118676612e-01 6.219194140600847742e-03 5.948601180090390406e-01 5.228201399999999666e+00
6.050929462111179769e-01 -5.714934924794334153e-02 -7.941010504501838652e-01 -4.932355399999999612e+00 2.945326812967481028e-02 9.983444421086348219e-01 -4.940526193919163311e-02 -4.683170999999999862e-01 7.956098487588186829e-01 6.505904344151779845e-03 6.057744149158448277e-01 5.254862300000000097e+00
6.148777258123135914e-01 -5.477423822326640823e-02 -7.867179705122656630e-01 -4.967642800000000136e+00 2.993584494196050230e-02 9.984871890652161630e-01 -4.612134495278998048e-02 -4.710647000000000029e-01 7.880540764995053182e-01 4.807920517667690213e-03 6.155872451674153645e-01 5.282323800000000347e+00
6.251897916176698544e-01 -5.271252273628296292e-02 -7.786906410146658963e-01 -5.002057999999999893e+00 2.831812963037072181e-02 9.985917239007520152e-01 -4.486259568016408295e-02 -4.738803999999999794e-01 7.799588501910161842e-01 5.996574330499781363e-03 6.258020718286307904e-01 5.309403900000000398e+00
6.354311493005376787e-01 -5.220325285050006481e-02 -7.703908585195079484e-01 -5.035840000000000316e+00 2.682667068734742241e-02 9.986022313797054961e-01 -4.554023740941329224e-02 -4.769060999999999995e-01 7.716913788804630192e-01 8.270663534437130981e-03 6.359434030527164605e-01 5.336748100000000328e+00
6.447682682180161384e-01 -5.135531726417785769e-02 -7.626509763239250894e-01 -5.068509099999999989e+00 2.436712933627034963e-02 9.986143354788706850e-01 -4.664388474390803591e-02 -4.795093999999999745e-01 7.639896094234854829e-01 1.149088181077239507e-02 6.451262173622778207e-01 5.363832500000000003e+00
6.544127279175810941e-01 -5.075236466171893779e-02 -7.544323554969749601e-01 -5.100960299999999670e+00 2.422944504430202262e-02 9.986400049961139391e-01 -4.616356154161847802e-02 -4.821712000000000220e-01 7.557492411721729031e-01 1.193054494168440879e-02 6.547524315075732293e-01 5.391232999999999720e+00
6.636536667784195265e-01 -4.822591450894047477e-02 -7.464838054112995502e-01 -5.132428599999999896e+00 2.343384348316370630e-02 9.987702179841857486e-01 -4.369103623661053926e-02 -4.849387000000000003e-01 7.476728332306618041e-01 1.150273174505055465e-02 6.639676359667212591e-01 5.418794600000000017e+00
6.722468570315967007e-01 -4.683854259276919174e-02 -7.388439037705631929e-01 -5.163611900000000254e+00 2.401848826908288201e-02 9.988510987529385377e-01 -4.146799659153289908e-02 -4.874568000000000234e-01 7.399373456127267268e-01 1.013081674065828205e-02 6.725995027650253366e-01 5.447057199999999710e+00
6.803523730209031228e-01 -4.602170198881708890e-02 -7.314387544223223125e-01 -5.194433199999999751e+00 2.427315857861445797e-02 9.988938784812746441e-01 -4.027199157297876864e-02 -4.900606000000000129e-01 7.324830798710938451e-01 9.644816156316652830e-03 6.807169126912211432e-01 5.475533000000000428e+00
6.880577376130961875e-01 -4.516372783700032395e-02 -7.242491197085524357e-01 -5.224447299999999572e+00 2.311575226858748194e-02 9.989189385276787680e-01 -4.033133084579337835e-02 -4.925268999999999897e-01 7.252876751384963461e-01 1.100872102475641996e-02 6.883578984464362449e-01 5.503785599999999611e+00
6.956076789062534127e-01 -4.420681541862858666e-02 -7.170604678248535535e-01 -5.253989200000000359e+00 2.234813705769505762e-02 9.989534882794396387e-01 -3.990600236041969701e-02 -4.947929999999999828e-01 7.180741729213668822e-01 1.173395606275425516e-02 6.958676572872259936e-01 5.532155999999999629e+00
7.026788311351233052e-01 -4.164621635550893458e-02 -7.102873030949143907e-01 -5.282970399999999955e+00 2.179147756028251143e-02 9.990768720743655740e-01 -3.702074002287742555e-02 -4.969338999999999840e-01 7.111733907988377901e-01 1.053548050028637641e-02 7.029377012725321894e-01 5.560946500000000015e+00
7.100235759189909013e-01 -3.928880334444491418e-02 -7.030810135190470600e-01 -5.311482899999999674e+00 2.099633750396288218e-02 9.991795736531764449e-01 -3.463139335453067208e-02 -4.988692000000000126e-01 7.038648133346550040e-01 9.826979496166843298e-03 7.102659748455879551e-01 5.589543299999999881e+00
7.173579641199046009e-01 -3.741525805357065471e-02 -6.956993961320726561e-01 -5.339249099999999970e+00 1.967950142929159041e-02 9.992466870495859688e-01 -3.344810374178744383e-02 -5.010402000000000466e-01 6.964267862002727627e-01 1.030324634334158287e-02 7.175538826997929220e-01 5.617789700000000330e+00
7.250811814628964624e-01 -3.695755036403183813e-02 -6.876710112833462896e-01 -5.366377400000000186e+00 1.930551907518761323e-02 9.992573484039457554e-01 -3.334739261101026669e-02 -5.030086999999999753e-01 6.883927492511870971e-01 1.090372100731419082e-02 7.252561834597391899e-01 5.645731399999999844e+00
7.419059909938882091e-01 -3.161336498712249282e-02 -6.697582367403687176e-01 -5.418962999999999752e+00 1.632449657946042493e-02 9.994434316969631471e-01 -2.909188287520914767e-02 -5.067587000000000064e-01 6.703051628465976908e-01 1.064997614967658039e-02 7.420091419040654168e-01 5.702521299999999904e+00
7.615697697357087792e-01 -2.564587790732967415e-02 -6.475753043245719986e-01 -5.468815799999999783e+00 1.241400235486675441e-02 9.996106645275567582e-01 -2.498823539807735333e-02 -5.100940000000000474e-01 6.479640255216589928e-01 1.099128332537666758e-02 7.615916315983444207e-01 5.759005100000000432e+00
7.812438787508297899e-01 -2.554008449771252506e-02 -6.237032194868071810e-01 -5.515256400000000170e+00 1.082185792705212327e-02 9.995666268155565248e-01 -2.737601043937427231e-02 -5.136256000000000155e-01 6.241321088562624686e-01 1.463771295044872904e-02 7.811816997691476416e-01 5.815680999999999656e+00
8.012557243476972069e-01 -2.299756662369117910e-02 -5.978799010917124068e-01 -5.559406300000000023e+00 9.941132610520368729e-03 9.996348014569548246e-01 -2.512842212583932255e-02 -5.165667999999999926e-01 5.982394487849049813e-01 1.419068869023657614e-02 8.011917287840842894e-01 5.873890399999999623e+00
8.208224141337291391e-01 -1.942054563430171618e-02 -5.708532270758771565e-01 -5.600481499999999890e+00 9.701871687095273838e-03 9.997516728101863981e-01 -2.006156521812965318e-02 -5.188943999999999779e-01 5.711010752410156099e-01 1.092863763239201175e-02 8.208069972521285784e-01 5.931384999999999685e+00
8.379295201677260385e-01 -1.700584690917849098e-02 -5.455134465825621781e-01 -5.640230200000000416e+00 1.069761182523942290e-02 9.998341785531099646e-01 -1.473690938644579840e-02 -5.216218999999999717e-01 5.456736023784922729e-01 6.512800313951052668e-03 8.379724954312938179e-01 5.990815200000000118e+00
8.519017474098886655e-01 -1.764408427610637126e-02 -5.234043361016758045e-01 -5.678788700000000134e+00 1.272307337146613877e-02 9.998345951809384236e-01 -1.299637193040282732e-02 -5.235159000000000340e-01 5.235470715837904354e-01 4.412320186333851951e-03 8.519853257343172892e-01 6.051866500000000038e+00
