1.000000000000000000e+00 0.000000000000000000e+00 0.000000000000000000e+00 0.000000000000000000e+00 0.000000000000000000e+00 1.000000000000000000e+00 0.000000000000000000e+00 0.000000000000000000e+00 0.000000000000000000e+00 0.000000000000000000e+00 1.000000000000000000e+00 0.000000000000000000e+00
9.997654988639820273e-01 -7.616568034166611156e-03 2.027153602058963042e-02 1.660699999999999980e-03 7.625738635436267801e-03 9.999708532710759323e-01 -3.751247528934478987e-04 -4.918999999999999762e-04 -2.026808800842265154e-02 5.296222211445942738e-04 9.997944409271266597e-01 4.361799999999999705e-02
9.997922013679926279e-01 -8.940307134587866661e-03 1.832007074447744924e-02 1.926200000000000091e-03 8.973955075122639485e-03 9.999581926794851583e-01 -1.755284446269775008e-03 -7.110000000000000434e-04 -1.830361204934976074e-02 1.919323192397065199e-03 9.998306326495652874e-01 5.869710000000000205e-02
9.998675201626421316e-01 -1.153714667739713477e-02 1.148200201849523643e-02 2.063800000000000183e-03 1.157206158072393402e-02 9.999286037540433547e-01 -2.979057780812821316e-03 -9.355999999999999733e-04 -1.144681242007737111e-02 3.111533550150563220e-03 9.999296419470651287e-01 7.409350000000000658e-02
9.997764207741455245e-01 -1.239027540971080789e-02 -1.713445474213503086e-02 7.661999999999999757e-04 1.230426830113094151e-02 9.999112123843147959e-01 -5.115889922920657633e-03 -1.443400000000000065e-03 1.719632069986316500e-02 4.903919187871319703e-03 9.998401062824926466e-01 1.060254999999999947e-01
9.984190959862119241e-01 -4.247658980139214224e-03 -5.604699959198216480e-02 -2.845600000000000213e-03 3.901879771781759185e-03 9.999726841675365963e-01 -6.277440005178286202e-03 -2.026500000000000089e-03 5.607213304594151765e-02 6.048827321100771516e-03 9.984083971921098311e-01 1.396118000000000081e-01
9.971030018567630382e-01 -4.431377822540875921e-03 -7.593396195923196590e-02 -5.032400000000000241e-03 3.938908846788324869e-03 9.999702368861104196e-01 -6.634028868870461837e-03 -2.254100000000000201e-03 7.596109981647769516e-02 6.315713145022256933e-03 9.970907797598677069e-01 1.571149000000000018e-01
9.931627316227735758e-01 -7.403419013103542182e-03 -1.165031240032091270e-01 -1.026580000000000027e-02 6.858500965336815705e-03 9.999635894346025067e-01 -5.077476693618669483e-03 -2.914400000000000150e-03 1.165364727460857092e-01 4.243723834344521016e-03 9.931773463626315523e-01 1.939326000000000105e-01
9.908755862211027221e-01 -6.234045316852457157e-03 -1.346354682465709385e-01 -1.333170000000000015e-02 5.644337213499393650e-03 9.999727353841778577e-01 -4.761296641179873015e-03 -3.095500000000000161e-03 1.346614796012812476e-01 3.957924616820637786e-03 9.908837574328894782e-01 2.134600000000000108e-01
9.864789271318670227e-01 -4.572329127887633619e-03 -1.638243575635406346e-01 -2.094029999999999850e-02 3.992957193112160914e-03 9.999845563371190238e-01 -3.865666838874179563e-03 -3.914100000000000218e-03 1.638395026164768398e-01 3.159255228921518596e-03 9.864819493983576493e-01 2.539075000000000082e-01
9.825339244754424106e-01 -9.743980493450420458e-03 -1.858282596889630767e-01 -2.921829999999999913e-02 8.562662544445849913e-03 9.999377158046224290e-01 -7.158583769438162103e-03 -4.530600000000000079e-03 1.858864386259400925e-01 5.442366725734042870e-03 9.825561625573304703e-01 2.968718000000000190e-01
9.810612390573011377e-01 -8.937711621478503302e-03 -1.934915050598452479e-01 -3.406700000000000006e-02 7.349682354537346272e-03 9.999331742214125907e-01 -8.923522890509251113e-03 -4.899599999999999615e-03 1.935583307136126141e-01 7.332421323227976927e-03 9.810613682175536310e-01 3.193959000000000104e-01
9.796179961811634085e-01 -8.551863233093282349e-03 -2.006874365605496591e-01 -3.935759999999999953e-02 6.522936614809364889e-03 9.999207370263998307e-01 -1.076898149782912380e-02 -5.115800000000000208e-03 2.007636243344927962e-01 9.240416647742348902e-03 9.795961320076017609e-01 3.422670999999999908e-01
9.778671495794539759e-01 -9.335709879594278685e-03 -2.090183778867248654e-01 -4.444540000000000296e-02 6.658718788687357712e-03 9.998865984702082210e-01 -1.350746696349083148e-02 -5.621300000000000081e-03 2.091207766756972564e-01 1.181671361761213457e-02 9.778184218155395735e-01 3.660059999999999980e-01
9.761783868663266306e-01 -1.321228532151460557e-02 -2.165668315593116400e-01 -5.002329999999999971e-02 1.015391833144525975e-02 9.998324779326774880e-01 -1.522872330566277417e-02 -6.121500000000000205e-03 2.167317580733721660e-01 1.266694862960240746e-02 9.761490119110095565e-01 3.903520999999999797e-01
9.742731021577457629e-01 -1.970300194888174525e-02 -2.245077150703847779e-01 -5.554359999999999853e-02 1.645561731471520059e-02 9.997312916863463350e-01 -1.632657594050480887e-02 -6.837400000000000422e-03 2.247690705384403353e-01 1.221213074577026658e-02 9.743355319354487509e-01 4.154785999999999757e-01
9.722262439002146150e-01 -2.045094106613147555e-02 -2.331477850660176321e-01 -6.179029999999999939e-02 1.655132772519388173e-02 9.996886882530584550e-01 -1.867030073171092527e-02 -7.625100000000000107e-03 2.334570286417043672e-01 1.429285095384802071e-02 9.722620686776778376e-01 4.410439999999999916e-01
9.679979283993894734e-01 -1.365463744821335951e-02 -2.505864351688821268e-01 -7.671229999999999716e-02 7.384929580954268345e-03 9.996361343435493652e-01 -2.594343326874092373e-02 -9.063299999999999829e-03 2.508495035465984069e-01 2.326262648204445796e-02 9.677465457337380839e-01 4.936027000000000053e-01
9.657463477387741024e-01 -1.595109013500860609e-02 -2.589972095462107493e-01 -8.410330000000000583e-02 9.060505242039218476e-03 9.995730853786144454e-01 -2.777686503974457349e-02 -9.978000000000000758e-03 2.593297111284743606e-01 2.447876038899918227e-02 9.654785814381591225e-01 5.207832000000000017e-01
9.612109827533728001e-01 -1.808113917923387035e-02 -2.752208550242447038e-01 -1.007161000000000028e-01 9.440213526312038472e-03 9.994209954853850997e-01 -3.268877715026032027e-02 -1.204629999999999937e-02 2.756525512359223051e-01 2.882266797128468089e-02 9.608251270695121748e-01 5.769134000000000206e-01
9.565668144010958107e-01 -1.813148704034311248e-02 -2.909487562514153081e-01 -1.188397999999999954e-01 6.470361866619271998e-03 9.991385294023830133e-01 -4.099187091312560260e-02 -1.489940000000000014e-02 2.914413560287122951e-01 3.732891963812003111e-02 9.558600774981640402e-01 6.350582999999999645e-01
9.534423837334305984e-01 -2.079829241751336016e-02 -3.008571952492233303e-01 -1.384193999999999980e-01 3.896919863645037854e-03 9.983854257723051573e-01 -5.666882406605204536e-02 -1.844780000000000031e-02 3.015500537494397171e-01 5.285804232061983021e-02 9.519840295119144091e-01 6.957780000000000076e-01
9.507871563424120653e-01 -2.080014373248960380e-02 -3.091458189188679428e-01 -1.594231000000000120e-01 -2.310160046378569726e-03 9.972405608591542459e-01 -7.420193351847095831e-02 -2.270290000000000155e-02 3.098361607283272035e-01 7.126442168450705661e-02 9.481154653875776273e-01 7.584937999999999958e-01
9.480363140423416768e-01 -1.788705082549848363e-02 -3.176589376513377916e-01 -1.823886000000000118e-01 -1.054773140504601525e-02 9.961026419149479061e-01 -8.756867095181923577e-02 -2.851280000000000134e-02 3.179872522904299004e-01 8.636886118750795871e-02 9.441528092411500817e-01 8.223597000000000268e-01
9.446816547461182045e-01 -1.551441466051859883e-02 -3.276215409949067570e-01 -2.064134999999999998e-01 -1.786335036281458746e-02 9.949643880657786932e-01 -9.862437424240462491e-02 -3.520949999999999774e-02 3.275018654907956850e-01 9.902105543081247963e-02 9.396474651066839545e-01 8.888032000000000155e-01
9.412937074435481222e-01 -1.227889863317763348e-02 -3.373653582920690397e-01 -2.322112000000000065e-01 -2.386335426722525910e-02 9.944183233118215615e-01 -1.027751846742312319e-01 -4.299150000000000194e-02 3.367442600109122885e-01 1.047923036776154809e-01 9.357466945918866408e-01 9.566801999999999806e-01
9.367631284374534628e-01 -1.193087403050558694e-02 -3.497606259214196545e-01 -2.587485999999999953e-01 -2.482200734939437464e-02 9.946365354431324635e-01 -1.004093138749038716e-01 -5.085110000000000324e-02 3.490826680762332268e-01 1.027415038168634220e-01 9.314426843570289272e-01 1.026874899999999924e+00
9.312131919933077651e-01 -1.089502699152949602e-02 -3.643120769951069260e-01 -2.873351000000000099e-01 -2.578533306481687812e-02 9.950792552263686419e-01 -9.566813689453720904e-02 -5.856549999999999950e-02 3.635616971799577879e-01 9.848133937446876263e-02 9.263499976459433904e-01 1.096887200000000062e+00
9.243300112379966293e-01 -5.170713823249510621e-03 -3.815590308763811556e-01 -3.179679999999999729e-01 -2.927036829660133871e-02 9.960015204926794263e-01 -8.440507517947047622e-02 -6.663170000000000204e-02 3.804698093995717012e-01 8.918651744982984686e-02 9.204827479320972783e-01 1.170562700000000067e+00
9.170726086924593234e-01 -3.430740324621359139e-04 -3.987200931558575467e-01 -3.509940999999999756e-01 -3.380398768618513711e-02 9.963323227034731611e-01 -7.860784409214159607e-02 -7.386249999999999760e-02 3.972846848325766178e-01 8.556742976454560778e-02 9.136974850359225186e-01 1.243817600000000079e+00
9.092448438552421797e-01 -5.599741957728610053e-04 -4.162613366042496876e-01 -3.854024999999999812e-01 -3.462569141370780423e-02 9.964316831101245331e-01 -7.697377727802556802e-02 -8.042720000000000424e-02 4.148190875752694184e-01 8.440134669082283159e-02 9.059809806281787781e-01 1.317806400000000044e+00
9.014863613709562795e-01 -1.134424176054232153e-03 -4.328060227676393534e-01 -4.216820000000000013e-01 -3.379219211787266863e-02 9.967594436098000665e-01 -7.299794056376271434e-02 -8.704309999999999825e-02 4.314863010734203419e-01 8.043211209753622914e-02 8.985267093022372142e-01 1.393207899999999944e+00
8.938370951443650458e-01 8.251882191228666896e-04 -4.483910864505297744e-01 -4.600211000000000161e-01 -3.261429056003155302e-02 9.974691778530457853e-01 -6.317869327894379272e-02 -9.337159999999999904e-02 4.472041540450504837e-01 7.109541685349374252e-02 8.916018653565496166e-01 1.468984099999999904e+00
8.862356744090003069e-01 4.635772066163539734e-04 -4.632344055669849192e-01 -5.001560000000000450e-01 -3.050460897343710426e-02 9.978873499437900252e-01 -5.736118594953931032e-02 -9.917259999999999964e-02 4.622291620356747677e-01 6.496631371975349067e-02 8.843775098030616233e-01 1.545866299999999915e+00
8.798145293098769137e-01 2.936759018809399074e-04 -4.753170602552620472e-01 -5.427058000000000160e-01 -2.970187279376421130e-02 9.980794597654387701e-01 -5.436166615247423062e-02 -1.047154000000000001e-01 4.743882300055333734e-01 6.194599057884753179e-02 8.781335328316659528e-01 1.624071800000000065e+00
8.744066451601429923e-01 -1.315233520301689607e-03 -4.851920125688085617e-01 -5.873749999999999805e-01 -2.756020623906261721e-02 9.982471299355475391e-01 -5.237463706320340945e-02 -1.110730999999999941e-01 4.844104188927444432e-01 5.916872261785800086e-02 8.728376758206114472e-01 1.703410099999999927e+00
8.708136944826067039e-01 -3.005026282742316590e-03 -4.916039862720737452e-01 -6.347123999999999544e-01 -2.682150029500720428e-02 9.982015326535164101e-01 -5.361256690455812324e-02 -1.164105000000000001e-01 4.908809597279957804e-01 5.987211391967733887e-02 8.691669651748799019e-01 1.787181399999999920e+00
8.702630714921044675e-01 -2.755951318316544538e-03 -4.925795277206100886e-01 -6.587657000000000096e-01 -2.669566812493267410e-02 9.982508795149529490e-01 -5.274962417862679581e-02 -1.191905000000000048e-01 4.918633221744549422e-01 5.905578955491141285e-02 8.686673045646153835e-01 1.829024699999999948e+00
8.699570467237717208e-01 -3.471161481457015266e-03 -4.931152886431557913e-01 -7.083294999999999453e-01 -2.440329479396795287e-02 9.984469923644765377e-01 -5.008076119159462353e-02 -1.251444999999999919e-01 4.925233152439099094e-01 5.560174886008966560e-02 8.685212890107228967e-01 1.914271000000000056e+00
8.681555423036441121e-01 -7.605124286687195249e-03 -4.962339331928538044e-01 -7.580801000000000345e-01 -2.075273306035482421e-02 9.984517385140228019e-01 -5.160862262113832116e-02 -1.307654000000000039e-01 4.958581232953548357e-01 5.510252211023970031e-02 8.666535833994452043e-01 2.000586300000000151e+00
8.645065799994864353e-01 -7.201741022076085103e-03 -5.025699036590256519e-01 -8.102840999999999516e-01 -1.854225631578447497e-02 9.987597371513496913e-01 -4.620792330419618010e-02 -1.363392999999999966e-01 5.022793623754724379e-01 4.926583371483397866e-02 8.633008280779481680e-01 2.089954899999999949e+00
8.525218422511231520e-01 -1.078115580063912157e-02 -5.225804006699384940e-01 -8.905994999999999884e-01 -1.362376779668315538e-02 9.989892599330151279e-01 -4.283516650497402878e-02 -1.446925000000000017e-01 5.225140203245967063e-01 4.363742909577894569e-02 8.515132843039724397e-01 2.222203700000000115e+00
8.464684431871645209e-01 -1.461539303354873406e-02 -5.322382595931758331e-01 -9.183080999999999605e-01 -1.151662183955575944e-02 9.988867322962733386e-01 -4.574563874160738480e-02 -1.478653000000000051e-01 5.323143264178624712e-01 4.485182637248876641e-02 8.453577772525366907e-01 2.265898500000000038e+00
8.344116985651084395e-01 -1.260025967542417226e-02 -5.509975959600936779e-01 -9.752032000000000478e-01 -1.120960818747888076e-02 9.991438323889597628e-01 -3.982394861619723697e-02 -1.534871999999999903e-01 5.510276417585364683e-01 3.940603577136617824e-02 8.335560583205018359e-01 2.352343299999999804e+00
8.293156853062698675e-01 -7.315296361512575729e-03 -5.587324767222102695e-01 -1.004051999999999945e+00 -1.538430886758114513e-02 9.992363439303335593e-01 -3.591729401565380703e-02 -1.558080000000000020e-01 5.585685429252696954e-01 3.838248829718179239e-02 8.285698325708326095e-01 2.394453500000000012e+00
8.221253620733139922e-01 -9.248721661873694419e-03 -5.692313678843108349e-01 -1.063231100000000096e+00 -1.753450836279621394e-02 9.989823097851254774e-01 -4.155581491019879475e-02 -1.610465000000000091e-01 5.690364048567519983e-01 4.414528155983218211e-02 8.211265213496065085e-01 2.478596200000000138e+00
8.156298200584239932e-01 -1.301919654774465716e-02 -5.784276075298568909e-01 -1.122932000000000041e+00 -1.951353445810095205e-02 9.985590156272757811e-01 -4.999114203975141973e-02 -1.667485999999999968e-01 5.782449468905157541e-01 5.206143323744832213e-02 8.142004596933406502e-01 2.562120000000000175e+00
8.124649555916237942e-01 -1.098725051524533820e-02 -5.829064901522508224e-01 -1.153239799999999926e+00 -1.953028022084936366e-02 9.987483320098455852e-01 -4.604712219071233070e-02 -1.697401000000000049e-01 5.826828160242895072e-01 4.879600018102439596e-02 8.112334351321680570e-01 2.603877799999999798e+00
8.067945644869385369e-01 -6.258449638865098974e-03 -5.907989188568720795e-01 -1.214870300000000070e+00 -2.010946217330196462e-02 9.990736703662905782e-01 -3.804485131958162264e-02 -1.750791999999999904e-01 5.904897460967732936e-01 4.257502776213215739e-02 8.059213527172623959e-01 2.685474600000000045e+00
8.035245833461748255e-01 -5.719500364493569633e-03 -5.952440938589282915e-01 -1.245948999999999973e+00 -2.153550278941608609e-02 9.990199390933635071e-01 -3.867018765792584745e-02 -1.776814999999999922e-01 5.948818925450354289e-01 4.389132726943566210e-02 8.026139079984623281e-01 2.727348300000000059e+00
7.998477262658424403e-01 -7.001294926350164032e-03 -6.001621419722474871e-01 -1.277117700000000022e+00 -2.144469393148639921e-02 9.989601626459005956e-01 -4.023330148845269405e-02 -1.805564000000000058e-01 5.998197561680899126e-01 4.505080815956716278e-02 7.988658740956601223e-01 2.768547100000000150e+00
7.958266929901125497e-01 -9.711468991540302131e-03 -6.054465807108398989e-01 -1.308488600000000002e+00 -2.052153508329555148e-02 9.988644431273125956e-01 -4.299640512634357592e-02 -1.830942000000000125e-01 6.051766199402007773e-01 4.664238014927996057e-02 7.947236922677993753e-01 2.809884799999999849e+00
7.914146459178147408e-01 -1.120835292595449492e-02 -6.111769228721476432e-01 -1.340647200000000039e+00 -1.917548935230714222e-02 9.988846143008607292e-01 -4.314890405468345402e-02 -1.860470999999999930e-01 6.109788530177452381e-01 4.586829120108977531e-02 7.903169876874801547e-01 2.851187900000000219e+00
7.867985178387856271e-01 -1.149708123531711056e-02 -6.171028353927396903e-01 -1.373194599999999932e+00 -1.851253546273805284e-02 9.989370591997943638e-01 -4.221418941549652526e-02 -1.889309999999999878e-01 6.169322315760712439e-01 4.463819978824271062e-02 7.857493574685466831e-01 2.892434100000000008e+00
7.821866207754454292e-01 -1.114397156166389846e-02 -6.229445418154992975e-01 -1.405882499999999924e+00 -1.898575257171089201e-02 9.989493801975113385e-01 -4.170943541087085427e-02 -1.915165000000000062e-01 6.227548727060876477e-01 4.445163327528765806e-02 7.811532633356810251e-01 2.932298900000000152e+00
7.767022902623954561e-01 -1.282010088358586861e-02 -6.297374034583655966e-01 -1.438864200000000038e+00 -1.805594361465618497e-02 9.989287909627317941e-01 -4.260579169454826315e-02 -1.944700000000000040e-01 6.296090336084243511e-01 4.446251903648242715e-02 7.756388007311112442e-01 2.972773999999999806e+00
7.658509874376854265e-01 -1.556147938552987497e-02 -6.428297639344775494e-01 -1.507011899999999960e+00 -1.694343790395671373e-02 9.988716327939881623e-01 -4.436644127566496260e-02 -2.001619000000000037e-01 6.427948233711260340e-01 4.486982904810307010e-02 7.647231613391064498e-01 3.053646800000000106e+00
7.601989322834417084e-01 -1.706327277824638139e-02 -6.494662640023806111e-01 -1.541005600000000086e+00 -1.615545382938680247e-02 9.988494664592298955e-01 -4.515246023948440296e-02 -2.032693000000000139e-01 6.494894800277225544e-01 4.481727430586140287e-02 7.590486329986450009e-01 3.093226200000000148e+00
7.541209926337527625e-01 -1.945290735833480125e-02 -6.564473420346763621e-01 -1.575555800000000062e+00 -1.459852145263169573e-02 9.988176897921741126e-01 -4.636923257529007580e-02 -2.059117000000000031e-01 6.565732340268528588e-01 4.455117230255938032e-02 7.529454040008394244e-01 3.132614900000000091e+00
7.415268465028139744e-01 -2.089938250563444511e-02 -6.705976079039316362e-01 -1.646845799999999915e+00 -1.247791060363133246e-02 9.989122467305815434e-01 -4.492911170532559034e-02 -2.117712999999999957e-01 6.708071538546379609e-01 4.168379952145703088e-02 7.404594676245925822e-01 3.212062400000000206e+00
7.352855233614873365e-01 -2.186705253924042108e-02 -6.774046288211128530e-01 -1.683491599999999977e+00 -1.088446234527720019e-02 9.989695096335907687e-01 -4.406185767619640037e-02 -2.149201000000000028e-01 6.776700728337337054e-01 3.977123125664132341e-02 7.342898076031376675e-01 3.251042800000000010e+00
7.221773619525819754e-01 -2.468572942470164192e-02 -6.912672946451177136e-01 -1.757633599999999907e+00 -1.025479476156418088e-02 9.988710513829495152e-01 -4.638385380193508351e-02 -2.211108999999999991e-01 6.916319086534452598e-01 4.058617340784311661e-02 7.211089137297506113e-01 3.329149999999999832e+00
7.158273549754979870e-01 -2.468538926545809850e-02 -6.978408338766050045e-01 -1.795449000000000073e+00 -1.078262261859213797e-02 9.988650058401054022e-01 -4.639434402501258631e-02 -2.240546999999999955e-01 6.981940510475920236e-01 4.073489492878313439e-02 7.147487218714654311e-01 3.368232700000000079e+00
7.057244455509520398e-01 -2.432998077754741292e-02 -7.080685411647417160e-01 -1.873109700000000100e+00 -1.114461089758585557e-02 9.989053047506892824e-01 -4.543115438632357173e-02 -2.302342000000000000e-01 7.083987610094634180e-01 3.995302462013020084e-02 7.046807441841734798e-01 3.444547899999999885e+00
7.011178113152460867e-01 -2.491149089546153272e-02 -7.126101544869286597e-01 -1.912919599999999942e+00 -1.161542584121746241e-02 9.988579004514047677e-01 -4.634626833239959692e-02 -2.334596999999999922e-01 7.129508373927658793e-01 4.077146461898254609e-02 7.000277074043403935e-01 3.482959999999999834e+00
6.905355720975339118e-01 -2.926337376126113970e-02 -7.227062187528484616e-01 -1.992127900000000063e+00 -1.168553909261575881e-02 9.985994612768511747e-01 -5.160003986139636428e-02 -2.399187000000000125e-01 7.232040319605846923e-01 4.407687481765782539e-02 6.892264919910304766e-01 3.558684799999999981e+00
6.857128740196675176e-01 -2.923473764552763504e-02 -7.272848028925703590e-01 -2.033020300000000002e+00 -1.252021891200519495e-02 9.985715000922106288e-01 -5.194423280776787333e-02 -2.434678999999999871e-01 7.277644526370349309e-01 4.472459411095074111e-02 6.843673079272034609e-01 3.596287999999999929e+00
6.758074945365948327e-01 -2.965393604765447638e-02 -7.364814148402197835e-01 -2.115457999999999839e+00 -1.081538599324151362e-02 9.986838523805879886e-01 -5.013572000166301862e-02 -2.497910000000000130e-01 7.369988180139691591e-01 4.184742609945773378e-02 6.745973133469054250e-01 3.671769100000000119e+00
6.704232235165914489e-01 -3.086285219713445077e-02 -7.413367559509510540e-01 -2.156378000000000128e+00 -9.865709506589171937e-03 9.986754224683469516e-01 -5.049820129074249903e-02 -2.531052999999999775e-01 7.419133164632872868e-01 4.116897997189856301e-02 6.692307120437013257e-01 3.708800999999999792e+00
6.612465259073344592e-01 -3.237217720511217922e-02 -7.494698620481557994e-01 -2.240581300000000109e+00 -8.021137245459592988e-03 9.987062464219418345e-01 -5.021448710367421714e-02 -2.602073999999999776e-01 7.501257850072681199e-01 3.921575577234714255e-02 6.601313741721667183e-01 3.783158100000000079e+00
6.537580496038599698e-01 -3.558817185664352872e-02 -7.558663205898639159e-01 -2.327907600000000077e+00 -4.721233581807185789e-03 9.986821755543060508e-01 -5.110403294833319038e-02 -2.673465999999999898e-01 7.566889205820466202e-01 3.697829436331959846e-02 6.527284911924380317e-01 3.857566400000000062e+00
6.443653261414441502e-01 -4.460049184142515777e-02 -7.634160874609161596e-01 -2.416419700000000059e+00 2.895512805992848243e-03 9.984329166611611850e-01 -5.588673306856454387e-02 -2.746571999999999902e-01 7.647123266119231211e-01 3.380099192316139006e-02 6.434846932700029054e-01 3.932947400000000204e+00
6.294498898674377729e-01 -5.141419054720244852e-02 -7.753382598300218032e-01 -2.506576299999999868e+00 1.218187923498028138e-02 9.983388965646153856e-01 -5.631207174710045615e-02 -2.826116000000000184e-01 7.769455823699462638e-01 2.600055031191055022e-02 6.290306299531868151e-01 4.006886999999999865e+00
6.116405786895761088e-01 -5.150888671610896752e-02 -7.894571787561041054e-01 -2.599142599999999970e+00 1.558000486263752191e-02 9.984689669585716798e-01 -5.307528115010559655e-02 -2.896938000000000013e-01 7.909823423748222337e-01 2.016324899289833120e-02 6.115066454596300716e-01 4.079379600000000217e+00
5.832292457961876231e-01 -5.488078845402252076e-02 -8.104515691308611380e-01 -2.742495799999999928e+00 1.482162572929050098e-02 9.982679842991690755e-01 -5.693286339202385804e-02 -3.011096999999999801e-01 8.121723747202627131e-01 2.119270114777361755e-02 5.830325060914787194e-01 4.183754900000000276e+00
5.632820595489453908e-01 -5.712456631119662565e-02 -8.242876350607571956e-01 -2.839559099999999781e+00 1.806869877694653251e-02 9.982202935598744054e-01 -5.683104477084913175e-02 -3.092327000000000270e-01 8.260670938336706071e-01 1.711810296136775933e-02 5.633117494213996101e-01 4.250823500000000088e+00
5.430558015381735659e-01 -5.774479993435251146e-02 -8.377087408498691268e-01 -2.940327599999999819e+00 1.880143653301799556e-02 9.982187109272503411e-01 -5.662076597003619371e-02 -3.172683000000000031e-01 8.394860942267159398e-01 1.499810772332010878e-02 5.431741473640778750e-01 4.316485899999999987e+00
5.222549142080411544e-01 -5.980197351578520060e-02 -8.506900308274273348e-01 -3.041991499999999959e+00 1.744074280785798750e-02 9.980785613753371255e-01 -5.945591487184008483e-02 -3.248052000000000161e-01 8.526110631911024695e-01 1.621447768368351749e-02 5.222944242834529627e-01 4.380398300000000411e+00
5.027585421318964132e-01 -6.049828712650170970e-02 -8.623072570541022719e-01 -3.145093899999999998e+00 1.571267111148393417e-02 9.980227043929393860e-01 -6.085879955064736613e-02 -3.337603000000000097e-01 8.642840738321820870e-01 1.704813101084383734e-02 5.027150295635536281e-01 4.440656200000000275e+00
4.940853591675630763e-01 -5.861504194469835394e-02 -8.674352625493625402e-01 -3.198082900000000173e+00 1.561216056913583561e-02 9.981620365432617437e-01 -5.855603509606598089e-02 -3.382144000000000261e-01 8.692732126889818334e-01 1.538914102961704347e-02 4.940923557795109389e-01 4.470559599999999634e+00
4.784384753988000782e-01 -5.723838621652799219e-02 -8.762536119191746131e-01 -3.304164399999999890e+00 1.605818086091790123e-02 9.982767720408141088e-01 -5.644130784461420802e-02 -3.466005999999999809e-01 8.779742365727538633e-01 1.293265429446088799e-02 4.785331611992946765e-01 4.528432399999999802e+00
4.642033691468443468e-01 -6.367593531835041842e-02 -8.834368156999411470e-01 -3.412597199999999997e+00 2.055766679355584825e-02 9.979183660318665661e-01 -6.112542083531807835e-02 -3.551527999999999907e-01 8.854900419590970850e-01 1.021322660195397511e-02 4.645460963065489723e-01 4.585411099999999962e+00
4.578148575309390345e-01 -6.653325935161560900e-02 -8.865545000866990044e-01 -3.466046799999999983e+00 2.180157574459140601e-02 9.977361060072441612e-01 -6.361881847813670443e-02 -3.597904000000000102e-01 8.887802020291513116e-01 9.797355232506285705e-03 4.582289431184691786e-01 4.613182499999999742e+00
4.526645572884319124e-01 -7.005856645564208229e-02 -8.889244038955440574e-01 -3.520205999999999946e+00 2.460626931079702359e-02 9.975104641917960091e-01 -6.608634759518940138e-02 -3.647958000000000034e-01 8.913413095360679383e-01 8.041833997792374733e-03 4.532615126176934295e-01 4.640176300000000253e+00
4.435679863766064379e-01 -6.852240277129445500e-02 -8.936174359200087514e-01 -3.628397000000000094e+00 2.793638303807006312e-02 9.976456000248633549e-01 -6.263238183065299169e-02 -3.735873000000000110e-01 8.958052243454225350e-01 2.817280511234098589e-03 4.444379180110177296e-01 4.694428000000000267e+00
4.397179238520949607e-01 -6.654385741018925549e-02 -8.956673838452395842e-01 -3.681925300000000068e+00 3.133222198758447291e-02 9.977810077524800203e-01 -5.874821217506148718e-02 -3.783391999999999866e-01 8.975892375182112914e-01 -2.230607410037662580e-03 4.408271601002577977e-01 4.720920099999999842e+00
4.362511492583503458e-01 -6.610201088626341259e-02 -8.973937034142598357e-01 -3.735547299999999904e+00 3.322847538600834372e-02 9.978013136248777837e-01 -5.734463315768894426e-02 -3.826565000000000105e-01 8.992112116707007274e-01 -4.802362466619310155e-03 4.374884388420444692e-01 4.747075599999999618e+00
4.332384671803835574e-01 -6.601463463678264310e-02 -8.988584418967002776e-01 -3.788802399999999793e+00 3.462120606774476972e-02 9.977968211672477716e-01 -5.659395514496287638e-02 -3.869229000000000140e-01 9.006141252754180648e-01 -6.600884963958553175e-03 4.345694716292046733e-01 4.772856700000000174e+00
4.311369235045946491e-01 -6.556985291296044127e-02 -8.999008543056095100e-01 -3.842182399999999998e+00 3.685954594448837690e-02 9.978033432505982736e-01 -5.504418289606033410e-02 -3.908556000000000252e-01 9.015333199964155053e-01 -9.438357214130273926e-03 4.326067386776806245e-01 4.798056599999999783e+00
4.287983289821927779e-01 -6.440311969514059265e-02 -9.011016764137179669e-01 -3.895586999999999911e+00 3.803859956079019833e-02 9.978581927147333053e-01 -5.321740481778555049e-02 -3.950394999999999879e-01 9.025990571707535048e-01 -1.145711157402281438e-02 4.303297300778176071e-01 4.823321299999999923e+00
4.238273080786003066e-01 -6.593053979992798130e-02 -9.033402331616462444e-01 -4.001594100000000154e+00 4.272569068129519060e-02 9.976922111136218296e-01 -5.277089386222688638e-02 -4.028182000000000151e-01 9.047347281289990217e-01 -1.623008949150441318e-02 4.256661319772154783e-01 4.873560000000000336e+00
4.201760608382061335e-01 -6.374312620661806705e-02 -9.052010228451440321e-01 -4.106795299999999926e+00 4.669261869373515089e-02 9.977270692062176760e-01 -4.858492289479077186e-02 -4.105295999999999945e-01 9.062405184375775802e-01 -2.185198468282620321e-02 4.221973632170290536e-01 4.921666100000000377e+00
4.183117612416675790e-01 -6.483706478441084164e-02 -9.059864377776503108e-01 -4.157755400000000101e+00 4.907744950881639395e-02 9.976053449765615033e-01 -4.873376266927494788e-02 -4.144916000000000156e-01 9.069766669306347229e-01 -2.407759756158722037e-02 4.204920866545035496e-01 4.945441699999999940e+00
4.168258807841079272e-01 -6.717126003808769619e-02 -9.065010793890144747e-01 -4.259426099999999771e+00 5.002070256183790281e-02 9.974497951168128651e-01 -5.091007303715081034e-02 -4.218079000000000134e-01 9.076090096642788208e-01 -2.412318482960924826e-02 4.191228430065625510e-01 4.991874700000000331e+00
4.173042493544902864e-01 -6.818714182986973515e-02 -9.062050966308669020e-01 -4.308156999999999570e+00 4.937775675379070528e-02 9.974093165268819172e-01 -5.231149437113858519e-02 -4.253604999999999747e-01 9.074243773497873145e-01 -2.291656593932469427e-02 4.195900742354371493e-01 5.014055299999999882e+00
4.197211504833492368e-01 -6.812072992692934370e-02 -9.050932117694595602e-01 -4.357333200000000240e+00 4.776124053395879032e-02 9.974557288050309722e-01 -5.292384128804174248e-02 -4.291113999999999762e-01 9.063956198810708687e-01 -2.101511903955941354e-02 4.219067966176440754e-01 5.036458500000000171e+00
4.239949254923353616e-01 -6.788110066821761990e-02 -9.031170795244770622e-01 -4.405854200000000276e+00 4.501461983178725590e-02 9.975341950921621237e-01 -5.384434625131912650e-02 -4.330364999999999909e-01 9.045451824857334566e-01 -1.782374242137673565e-02 4.260050786645011023e-01 5.058874600000000221e+00
4.291557424227970263e-01 -6.907235755498315755e-02 -9.005855640456016387e-01 -4.453973799999999983e+00 4.442687933026412406e-02 9.974790733128303666e-01 -5.533308861749230284e-02 -4.364752000000000076e-01 9.021372407447284525e-01 -1.626369345424546337e-02 4.311425415529234195e-01 5.081397499999999567e+00
4.347566162696886449e-01 -6.883193637677118004e-02 -8.979136089537540499e-01 -4.501545000000000130e+00 4.397967518998357334e-02 9.975077984642588547e-01 -5.517227721574628763e-02 -4.405023000000000133e-01 8.994734419536323244e-01 -1.550343631624091431e-02 4.367003213674957030e-01 5.104383000000000337e+00
4.413895876063809176e-01 -6.774556439899134808e-02 -8.947545867202533199e-01 -4.548729899999999660e+00 4.298367260883405316e-02 9.975975480654916128e-01 -5.432804048348931908e-02 -4.441144000000000203e-01 8.962854655977221530e-01 -1.448000683636586211e-02 4.432411234985910164e-01 5.127540100000000045e+00
4.495713164641328419e-01 -6.609513792740150107e-02 -8.907957477194559104e-01 -4.595619199999999793e+00 4.096463024971333522e-02 9.977349763472466160e-01 -5.335556242664336868e-02 -4.477918000000000176e-01 8.923046175388822387e-01 -1.250398799251413798e-02 4.512605896852418530e-01 5.150737300000000296e+00
4.592881832871477110e-01 -6.533527452338336317e-02 -8.858812937384700215e-01 -4.642147999999999719e+00 4.058926268121215708e-02 9.977933149094685428e-01 -5.254533734756822172e-02 -4.515586999999999795e-01 8.873594967361236874e-01 -1.182381600534790703e-02 4.609265895208094488e-01 5.173720399999999664e+00
4.779744622712018831e-01 -6.574340221033359022e-02 -8.759099374264260884e-01 -4.731769599999999798e+00 3.903878934742208151e-02 9.977996714167089998e-01 -5.358907208559596930e-02 -4.584131000000000178e-01 8.775057756749200522e-01 -8.580255620778493020e-03 4.794893042296555219e-01 5.222203300000000326e+00
4.880386195799788496e-01 -6.740924896081060269e-02 -8.702150877530268058e-01 -4.776046299999999967e+00 3.732682237852271573e-02 9.977129785095811831e-01 -5.635175990740844826e-02 -4.618218000000000045e-01 8.720235169590273561e-01 -4.980528895553761048e-03 4.894386378314748987e-01 5.247025500000000342e+00
4.993816145921075589e-01 -6.842955475745829408e-02 -8.636755172187503549e-01 -4.819277300000000430e+00 3.669009829169075226e-02 9.976519962031210609e-01 -5.783019245406144371e-02 -4.657895000000000230e-01 8.656048981462188818e-01 -2.809004739001266793e-03 5.007197517550615595e-01 5.271760500000000071e+00
5.247229695029208552e-01 -6.339104405662318587e-02 -8.489095245133299050e-01 -4.906309600000000160e+00 3.197721699198226991e-02 9.979875036781180597e-01 -5.475764874212676880e-02 -4.729939000000000227e-01 8.506722417414854798e-01 1.586831979043388380e-03 5.256940356279362625e-01 5.323509200000000163e+00
5.374871506483679395e-01 -6.108880368827522556e-02 -8.410563125925838435e-01 -4.948424799999999735e+00 3.074638088371209679e-02 9.981290876751137686e-01 -5.284869345025393350e-02 -4.762549999999999839e-01 8.427112334307953478e-01 2.546055926444048406e-03 5.383598189396818778e-01 5.349565499999999751e+00
5.492077357008836591e-01 -5.996669937086024360e-02 -8.335315578986034479e-01 -4.990476600000000040e+00 3.055323632540879464e-02 9.981961160840693292e-01 -5.168184966429585636e-02 -4.800663000000000014e-01 8.351271536696384112e-01 2.916984957799202000e-03 5.500492054374808149e-01 5.377006999999999870e+00
5.610418131990462243e-01 -5.929833522182267891e-02 -8.256608209684210831e-01 -5.031458399999999997e+00 2.953864563139445287e-02 9.982298339789440478e-01 -5.162041232528861295e-02 -4.836636000000000268e-01 8.272602687525791865e-01 4.572307326749916467e-03 5.618002685555786302e-01 5.404235800000000367e+00
5.727331125196690742e-01 -6.029697128292008101e-02 -8.175212884553153536e-01 -5.072252299999999714e+00 2.952862230518128739e-02 9.981613735919743213e-01 -5.293328568812730867e-02 -4.868210000000000037e-01 8.192098890322858651e-01 6.176368114811835175e-03 5.734605567853994224e-01 5.431830899999999573e+00
5.842138288505712707e-01 -6.172670698883482576e-02 -8.092490443763710184e-01 -5.111964200000000069e+00 3.143507782978265108e-02 9.980763562593151228e-01 -5.343615777695970293e-02 -4.902023999999999826e-01 8.109907755712087996e-01 5.779335640292398990e-03 5.850303934138516571e-01 5.459800200000000103e+00
5.950384984025995916e-01 -6.115093622493357473e-02 -8.013674241055681602e-01 -5.150720100000000023e+00 3.136557102878020920e-02 9.981084786793289476e-01 -5.287405547595335625e-02 -4.936883000000000243e-01 8.030849185315447336e-01 6.326751713933202736e-03 5.958310044298905650e-01 5.488333700000000093e+00
6.056031253766037681e-01 -5.855415545159690927e-02 -7.936096429690353560e-01 -5.188759799999999700e+00 3.054198160723985145e-02 9.982646549521957402e-01 -5.034745309026620458e-02 -4.971014999999999739e-01 7.951805090000587661e-01 6.252163827328696688e-03 6.063405549308769071e-01 5.517190000000000261e+00
6.156633196788997564e-01 -5.585029560357161055e-02 -7.860276211959414949e-01 -5.226542499999999869e+00 3.071306492973394781e-02 9.984279757163311286e-01 -4.688587153515845485e-02 -5.002012000000000125e-01 7.874105564726566753e-01 4.724593949018817546e-03 6.164108157450176595e-01 5.546457799999999772e+00
6.260045209590106019e-01 -5.389878477816237301e-02 -7.779545364211953862e-01 -5.263130199999999981e+00 2.943303796195777255e-02 9.985307929852625941e-01 -4.549672226163832545e-02 -5.033376999999999990e-01 7.792637782004304681e-01 5.583588421439758531e-03 6.266711957040393965e-01 5.575358900000000340e+00
6.362577147215936479e-01 -5.302185605844346450e-02 -7.696523911723868183e-01 -5.299150499999999653e+00 2.742780449190190817e-02 9.985594155810931793e-01 -4.611734050332593621e-02 -5.065579000000000054e-01 7.709888689196550127e-01 8.232638365882706533e-03 6.367954048731252481e-01 5.604620500000000227e+00
6.454365818064408122e-01 -5.237399317931663856e-02 -7.620161308689408219e-01 -5.334088799999999964e+00 2.514002070438550729e-02 9.985625073195095736e-01 -4.733812770650611124e-02 -5.093018000000000267e-01 7.634000250360233331e-01 1.139665802888316717e-02 6.458254547172725957e-01 5.634077099999999838e+00
6.551971967058869417e-01 -5.183518398678278044e-02 -7.536774821697964644e-01 -5.368691400000000336e+00 2.499890540939391642e-02 9.985845336545134954e-01 -4.694660663274996537e-02 -5.121200999999999670e-01 7.550441630507978008e-01 1.191817297467886658e-02 6.555656099856566055e-01 5.663054500000000324e+00
6.642061881320620031e-01 -4.969142739820588128e-02 -7.458960394654235992e-01 -5.402075800000000427e+00 2.466150637094055575e-02 9.987017002154986445e-01 -4.457268322850158060e-02 -5.150114000000000081e-01 7.471425230507174886e-01 1.121053209268504935e-02 6.645693148345075407e-01 5.692719900000000166e+00
6.728816151542095225e-01 -4.822699039888551226e-02 -7.381764622260235109e-01 -5.435151099999999680e+00 2.523053553874831517e-02 9.987882481607894825e-01 -4.225464959420621724e-02 -5.177686999999999706e-01 7.393197901205473821e-01 9.807789402663451978e-03 6.732830424146615256e-01 5.722666300000000206e+00
6.809934701721993555e-01 -4.743150523109652961e-02 -7.307517676299786213e-01 -5.467825399999999725e+00 2.538164201907697551e-02 9.988293672791994648e-01 -4.117848114063455550e-02 -5.205239999999999867e-01 7.318494830436386156e-01 9.494596997589352383e-03 6.814001664195659114e-01 5.752893000000000256e+00
6.886342961290871090e-01 -4.658062025684723412e-02 -7.236111193253487173e-01 -5.499727700000000219e+00 2.438178366107517786e-02 9.988576851470902795e-01 -4.109566215673847445e-02 -5.231668999999999903e-01 7.246987890291394230e-01 1.065695261712525446e-02 6.889833775502970381e-01 5.783074899999999907e+00
6.961426533444229348e-01 -4.568417091375269468e-02 -7.164484368902690470e-01 -5.530986300000000355e+00 2.361515256344765001e-02 9.988903399699200492e-01 -4.074816908994374071e-02 -5.255923999999999596e-01 7.175149690173661110e-01 1.144749940819333837e-02 6.964490103326355097e-01 5.813149000000000122e+00
7.032808815994903151e-01 -4.311968811551435132e-02 -7.096031948021827018e-01 -5.561713199999999802e+00 2.319966990276926821e-02 9.990192582996189063e-01 -3.771335125498646856e-02 -5.280605000000000437e-01 7.105334453022223995e-01 1.006051903731701100e-02 7.035915072424152594e-01 5.843682300000000218e+00
7.106363969029471095e-01 -4.065569007829941683e-02 -7.023838169128431286e-01 -5.591928499999999858e+00 2.228166088778900725e-02 9.991287432245993250e-01 -3.528855410064785092e-02 -5.300955000000000528e-01 7.032065407722531969e-01 9.427052916476252528e-03 7.109231264267827921e-01 5.873902300000000132e+00
7.257176337105704089e-01 -3.788876784593401409e-02 -6.869485842424071231e-01 -5.650045900000000287e+00 2.016240675678848682e-02 9.992248087466437667e-01 -3.381211231211526252e-02 -5.346661999999999804e-01 6.876971669821713151e-01 1.068750936140894052e-02 7.259189924973348251e-01 5.933514599999999639e+00
7.336188701052028804e-01 -3.502942715994328965e-02 -6.786577139165308470e-01 -5.678422000000000303e+00 1.767351228037695315e-02 9.993162556402039876e-01 -3.247565514224146771e-02 -5.367041000000000173e-01 6.793312891286849009e-01 1.183048799030104320e-02 7.337363553516143000e-01 5.963663099999999773e+00
7.424945574974471940e-01 -3.285132619250225733e-02 -6.690460540606034678e-01 -5.705975999999999715e+00 1.736443920742188063e-02 9.994049874219949059e-01 -2.980180140618757245e-02 -5.384455000000000213e-01 6.696269919422915828e-01 1.051006581501319481e-02 7.426232087531887682e-01 5.993955099999999980e+00
7.621765097983501658e-01 -2.653657839481306235e-02 -6.468251525093171583e-01 -5.758911099999999728e+00 1.325688322369907718e-02 9.995897677030260997e-01 -2.538801588552096894e-02 -5.423042999999999614e-01 6.472335150150976268e-01 1.077526382536408284e-02 7.622156326989726338e-01 6.054115799999999936e+00
7.817521098472427488e-01 -2.657638194574495766e-02 -6.230227400922524472e-01 -5.808061600000000269e+00 1.184708104947681910e-02 9.995440686341342529e-01 -2.777231587261615869e-02 -5.460595000000000310e-01 6.234767721575452670e-01 1.433006563122170285e-02 7.817105370909447348e-01 6.114556799999999903e+00
