1.000000e+00 1.197625e-11 1.704638e-10 5.551115e-17 1.197625e-11 1.000000e+00 3.562503e-10 0.000000e+00 1.704638e-10 3.562503e-10 1.000000e+00 2.220446e-16
9.997542e-01 -8.010201e-03 2.067129e-02 5.418066e-02 8.008308e-03 9.999679e-01 1.744436e-04 -2.008116e-02 -2.067202e-02 -8.857983e-06 9.997863e-01 8.792349e-01
9.997748e-01 -9.463067e-03 1.899365e-02 6.515084e-02 9.496346e-03 9.999535e-01 -1.662555e-03 -2.474146e-02 -1.897703e-02 1.842551e-03 9.998182e-01 1.185210e+00
9.999012e-01 -1.405064e-02 5.041622e-04 6.976838e-02 1.405303e-02 9.998882e-01 -5.094792e-03 -3.440223e-02 -4.325204e-04 5.101373e-03 9.999869e-01 1.824326e+00
9.997888e-01 -1.342620e-02 -1.555879e-02 5.785896e-02 1.334533e-02 9.998969e-01 -5.289823e-03 -4.333150e-02 1.562821e-02 5.081069e-03 9.998650e-01 2.161983e+00
9.985196e-01 -5.196826e-03 -5.414520e-02 3.415143e-03 4.866004e-03 9.999687e-01 -6.239968e-03 -6.304966e-02 5.417593e-02 5.967260e-03 9.985136e-01 2.875512e+00
9.972366e-01 -4.507958e-03 -7.415363e-02 -3.086300e-02 4.012606e-03 9.999686e-01 -6.827705e-03 -7.085384e-02 7.418209e-02 6.511288e-03 9.972235e-01 3.247151e+00
9.933378e-01 -7.329142e-03 -1.150053e-01 -1.231303e-01 6.752021e-03 9.999626e-01 -5.406982e-03 -8.517902e-02 1.150406e-01 4.594442e-03 9.933502e-01 4.021896e+00
9.910850e-01 -6.260087e-03 -1.330839e-01 -1.931244e-01 5.657285e-03 9.999719e-01 -4.907150e-03 -9.480390e-02 1.331109e-01 4.110510e-03 9.910926e-01 4.418357e+00
9.866849e-01 -3.759229e-03 -1.626003e-01 -3.555623e-01 3.153903e-03 9.999871e-01 -3.980763e-03 -1.137549e-01 1.626132e-01 3.414933e-03 9.866840e-01 5.248722e+00
9.845820e-01 -4.884309e-03 -1.748553e-01 -4.410342e-01 4.143076e-03 9.999808e-01 -4.603916e-03 -1.230564e-01 1.748744e-01 3.808495e-03 9.845834e-01 5.683091e+00
9.827221e-01 -8.432073e-03 -1.848951e-01 -5.276696e-01 7.289575e-03 9.999499e-01 -6.858084e-03 -1.316203e-01 1.849437e-01 5.391784e-03 9.827343e-01 6.127820e+00
9.812037e-01 -8.176023e-03 -1.928017e-01 -6.223879e-01 6.568661e-03 9.999381e-01 -8.974631e-03 -1.398923e-01 1.928631e-01 7.539493e-03 9.811967e-01 6.586939e+00
9.797396e-01 -7.236126e-03 -2.001446e-01 -7.270140e-01 5.215485e-03 9.999300e-01 -1.062133e-02 -1.495504e-01 2.002075e-01 9.362288e-03 9.797088e-01 7.057528e+00
9.780320e-01 -7.866009e-03 -2.083063e-01 -8.348053e-01 5.207470e-03 9.998979e-01 -1.330798e-02 -1.604265e-01 2.083897e-01 1.193088e-02 9.779731e-01 7.548378e+00
9.763063e-01 -1.149733e-02 -2.160876e-01 -9.419591e-01 8.487619e-03 9.998537e-01 -1.485108e-02 -1.729816e-01 2.162267e-01 1.266513e-02 9.762610e-01 8.041587e+00
9.744447e-01 -1.794209e-02 -2.239099e-01 -1.052874e+00 1.460499e-02 9.997563e-01 -1.655112e-02 -1.870514e-01 2.241524e-01 1.285795e-02 9.744693e-01 8.554975e+00
9.723895e-01 -1.882262e-02 -2.326035e-01 -1.178089e+00 1.511868e-02 9.997291e-01 -1.769655e-02 -2.016067e-01 2.328736e-01 1.369128e-02 9.724106e-01 9.075980e+00
9.703810e-01 -1.477647e-02 -2.411273e-01 -1.317954e+00 9.627660e-03 9.997001e-01 -2.251735e-02 -2.194403e-01 2.413877e-01 1.952891e-02 9.702323e-01 9.607606e+00
9.659985e-01 -1.382599e-02 -2.581776e-01 -1.600917e+00 6.935714e-03 9.995955e-01 -2.757989e-02 -2.736564e-01 2.584545e-01 2.485148e-02 9.657037e-01 1.069971e+01
9.613945e-01 -1.660121e-02 -2.746727e-01 -1.902902e+00 7.991665e-03 9.994419e-01 -3.243426e-02 -3.279271e-01 2.750579e-01 2.898703e-02 9.609906e-01 1.182926e+01
9.567949e-01 -1.642720e-02 -2.902992e-01 -2.247333e+00 4.781739e-03 9.991567e-01 -4.077934e-02 -3.862946e-01 2.907243e-01 3.762933e-02 9.560667e-01 1.300126e+01
9.537103e-01 -1.848289e-02 -3.001583e-01 -2.620930e+00 1.619282e-03 9.984106e-01 -5.633424e-02 -4.420317e-01 3.007225e-01 5.324050e-02 9.522245e-01 1.421692e+01
9.511735e-01 -1.798416e-02 -3.081323e-01 -3.024731e+00 -5.045062e-03 9.972618e-01 -7.377885e-02 -5.190175e-01 3.086154e-01 7.173103e-02 9.484784e-01 1.547709e+01
9.481933e-01 -1.538124e-02 -3.173214e-01 -3.471584e+00 -1.300717e-02 9.961102e-01 -8.715050e-02 -6.308148e-01 3.174276e-01 8.676296e-02 9.443050e-01 1.679489e+01
9.449062e-01 -1.222398e-02 -3.271128e-01 -3.951023e+00 -2.114986e-02 9.949346e-01 -9.827402e-02 -7.690047e-01 3.266572e-01 9.977810e-02 9.398614e-01 1.811394e+01
9.414125e-01 -8.075800e-03 -3.371605e-01 -4.466634e+00 -2.826314e-02 9.943075e-01 -1.027318e-01 -9.233994e-01 3.360709e-01 1.062422e-01 9.358253e-01 1.949749e+01
9.391912e-01 -7.945913e-03 -3.433026e-01 -4.730674e+00 -2.886858e-02 9.943662e-01 -1.019924e-01 -1.007318e+00 3.421789e-01 1.057010e-01 9.336707e-01 2.020757e+01
9.342878e-01 -7.529037e-03 -3.564403e-01 -5.285312e+00 -2.950746e-02 9.947138e-01 -9.835504e-02 -1.174887e+00 3.552966e-01 1.024095e-01 9.291268e-01 2.165513e+01
9.277392e-01 -5.077233e-03 -3.731947e-01 -5.895726e+00 -3.070041e-02 9.954809e-01 -8.986263e-02 -1.353119e+00 3.719645e-01 9.482629e-02 9.233907e-01 2.314117e+01
9.206243e-01 2.247455e-03 -3.904432e-01 -6.553189e+00 -3.648772e-02 9.961026e-01 -8.030049e-02 -1.526495e+00 3.887411e-01 8.817295e-02 9.171183e-01 2.462981e+01
9.127707e-01 3.235865e-03 -4.084594e-01 -7.246162e+00 -3.828632e-02 9.962441e-01 -7.766479e-02 -1.685830e+00 4.066740e-01 8.652854e-02 9.094664e-01 2.614716e+01
9.048830e-01 4.608140e-03 -4.256354e-01 -7.982190e+00 -4.021677e-02 9.963939e-01 -7.471170e-02 -1.839860e+00 4.237562e-01 8.472302e-02 9.018052e-01 2.768873e+01
8.972017e-01 4.003364e-03 -4.416029e-01 -8.757075e+00 -3.820143e-02 9.969142e-01 -6.857602e-02 -1.990234e+00 4.399657e-01 7.839636e-02 8.945860e-01 2.926142e+01
8.896269e-01 6.524173e-03 -4.566414e-01 -9.580703e+00 -3.732651e-02 9.975913e-01 -5.846647e-02 -2.130016e+00 4.551601e-01 6.905817e-02 8.877276e-01 3.086421e+01
8.825642e-01 4.764472e-03 -4.701677e-01 -1.044426e+01 -3.498797e-02 9.978418e-01 -5.556515e-02 -2.258264e+00 4.688883e-01 6.549002e-02 8.808262e-01 3.249206e+01
8.764052e-01 4.444602e-03 -4.815539e-01 -1.135407e+01 -3.365615e-02 9.980776e-01 -5.204062e-02 -2.381080e+00 4.803969e-01 6.181591e-02 8.748701e-01 3.415206e+01
8.716007e-01 2.167155e-03 -4.902118e-01 -1.230225e+01 -3.196712e-02 9.981130e-01 -5.242529e-02 -2.505327e+00 4.891732e-01 6.136457e-02 8.700253e-01 3.584444e+01
8.701921e-01 2.319482e-03 -4.927072e-01 -1.279251e+01 -3.265581e-02 9.980616e-01 -5.297637e-02 -2.570879e+00 4.916293e-01 6.218936e-02 8.685811e-01 3.672204e+01
8.696349e-01 2.975155e-03 -4.936865e-01 -1.378452e+01 -3.195058e-02 9.982247e-01 -5.026564e-02 -2.707338e+00 4.926605e-01 5.948631e-02 8.681861e-01 3.851664e+01
8.687731e-01 1.966427e-05 -4.952104e-01 -1.480797e+01 -2.858148e-02 9.983350e-01 -5.010232e-02 -2.841759e+00 4.943849e-01 5.768139e-02 8.673272e-01 4.034309e+01
8.661087e-01 -3.152817e-03 -4.998457e-01 -1.586740e+01 -2.470117e-02 9.984884e-01 -4.909906e-02 -2.976585e+00 4.992450e-01 5.487189e-02 8.647217e-01 4.219040e+01
8.612122e-01 -2.515559e-03 -5.082394e-01 -1.694522e+01 -2.112709e-02 9.989462e-01 -4.074421e-02 -3.108900e+00 5.078064e-01 4.582703e-02 8.602515e-01 4.403507e+01
8.573170e-01 -2.322740e-03 -5.147836e-01 -1.749249e+01 -2.029804e-02 9.990596e-01 -3.831204e-02 -3.173069e+00 5.143885e-01 4.329465e-02 8.564637e-01 4.494973e+01
8.459794e-01 -9.821908e-03 -5.331251e-01 -1.861936e+01 -1.617194e-02 9.988977e-01 -4.406510e-02 -3.298545e+00 5.329703e-01 4.589983e-02 8.448881e-01 4.676609e+01
8.398031e-01 -1.033534e-02 -5.427928e-01 -1.921229e+01 -1.601771e-02 9.989118e-01 -4.380276e-02 -3.356507e+00 5.426548e-01 4.547998e-02 8.387236e-01 4.766232e+01
8.339495e-01 -6.907958e-03 -5.517976e-01 -1.982282e+01 -1.727628e-02 9.991047e-01 -3.861801e-02 -3.410242e+00 5.515704e-01 4.173847e-02 8.330835e-01 4.855068e+01
8.287116e-01 -1.605836e-03 -5.596736e-01 -2.043384e+01 -2.050625e-02 9.992373e-01 -3.323077e-02 -3.465273e+00 5.593001e-01 3.901553e-02 8.280466e-01 4.943336e+01
8.244741e-01 -1.420809e-03 -5.658979e-01 -2.105696e+01 -2.183704e-02 9.991721e-01 -3.432370e-02 -3.517140e+00 5.654782e-01 4.065653e-02 8.237606e-01 5.029682e+01
8.208828e-01 -4.306569e-03 -5.710805e-01 -2.167507e+01 -2.223179e-02 9.989726e-01 -3.948978e-02 -3.574727e+00 5.706639e-01 4.511262e-02 8.199437e-01 5.115815e+01
8.179645e-01 -6.412380e-03 -5.752329e-01 -2.229860e+01 -2.497150e-02 9.985995e-01 -4.664059e-02 -3.635034e+00 5.747265e-01 5.251477e-02 8.166589e-01 5.201179e+01
8.145803e-01 -6.933137e-03 -5.800093e-01 -2.292529e+01 -2.492187e-02 9.985869e-01 -4.693753e-02 -3.696616e+00 5.795151e-01 5.268930e-02 8.132565e-01 5.287389e+01
8.111073e-01 -6.174055e-03 -5.848649e-01 -2.356010e+01 -2.436094e-02 9.987200e-01 -4.432731e-02 -3.761561e+00 5.843899e-01 5.020205e-02 8.099186e-01 5.373417e+01
8.047634e-01 -1.072406e-03 -5.935948e-01 -2.484571e+01 -2.455639e-02 9.990821e-01 -3.509719e-02 -3.875701e+00 5.930876e-01 4.282147e-02 8.039984e-01 5.545675e+01
8.016398e-01 -7.168066e-04 -5.978070e-01 -2.549478e+01 -2.557654e-02 9.990425e-01 -3.549523e-02 -3.921434e+00 5.972600e-01 4.374422e-02 8.008539e-01 5.631342e+01
7.980946e-01 -1.906616e-03 -6.025291e-01 -2.614832e+01 -2.569411e-02 9.989776e-01 -3.719488e-02 -3.971575e+00 6.019841e-01 4.516647e-02 7.972297e-01 5.717032e+01
7.940434e-01 -4.490124e-03 -6.078445e-01 -2.680899e+01 -2.469164e-02 9.989091e-01 -3.963425e-02 -4.019298e+00 6.073594e-01 4.647998e-02 7.930663e-01 5.801515e+01
7.851233e-01 -5.698290e-03 -6.193132e-01 -2.815970e+01 -2.355687e-02 9.989593e-01 -3.905521e-02 -4.126091e+00 6.188913e-01 4.525223e-02 7.841721e-01 5.969578e+01
7.747575e-01 -6.527504e-03 -6.322248e-01 -2.954119e+01 -2.367156e-02 9.989461e-01 -3.932200e-02 -4.248257e+00 6.318152e-01 4.543076e-02 7.737865e-01 6.136091e+01
7.635463e-01 -9.127523e-03 -6.456885e-01 -3.095782e+01 -2.273018e-02 9.989006e-01 -4.099969e-02 -4.369134e+00 6.453529e-01 4.598178e-02 7.624994e-01 6.301777e+01
7.515981e-01 -1.253177e-02 -6.595023e-01 -3.241736e+01 -2.142438e-02 9.988282e-01 -4.339578e-02 -4.495389e+00 6.592733e-01 4.674561e-02 7.504489e-01 6.466956e+01
7.390352e-01 -1.353693e-02 -6.735308e-01 -3.390236e+01 -1.966365e-02 9.989386e-01 -4.165317e-02 -4.621788e+00 6.733798e-01 4.402723e-02 7.379846e-01 6.629394e+01
7.260757e-01 -1.543598e-02 -6.874415e-01 -3.545262e+01 -1.787203e-02 9.989866e-01 -4.130792e-02 -4.759468e+00 6.873825e-01 4.227865e-02 7.250640e-01 6.789101e+01
7.133849e-01 -1.644260e-02 -7.005795e-01 -3.705458e+01 -1.919797e-02 9.988909e-01 -4.299285e-02 -4.906233e+00 7.005094e-01 4.412015e-02 7.122780e-01 6.947298e+01
6.978988e-01 -1.609744e-02 -7.160154e-01 -3.951886e+01 -2.079239e-02 9.988706e-01 -4.272289e-02 -5.137328e+00 7.158945e-01 4.470392e-02 6.967759e-01 7.183896e+01
6.875324e-01 -2.030697e-02 -7.258697e-01 -4.119284e+01 -2.112818e-02 9.986262e-01 -4.794991e-02 -5.292359e+00 7.258462e-01 4.830342e-02 6.861589e-01 7.340570e+01
6.774179e-01 -2.029179e-02 -7.353185e-01 -4.291451e+01 -2.142543e-02 9.986510e-01 -4.729704e-02 -5.443967e+00 7.352864e-01 4.779437e-02 6.760693e-01 7.495793e+01
6.671161e-01 -2.124206e-02 -7.446508e-01 -4.465831e+01 -1.993251e-02 9.987265e-01 -4.634697e-02 -5.602316e+00 7.446871e-01 4.576156e-02 6.658432e-01 7.650974e+01
6.622093e-01 -2.216481e-02 -7.489911e-01 -4.553830e+01 -1.912889e-02 9.987366e-01 -4.646803e-02 -5.677124e+00 7.490748e-01 4.509892e-02 6.609486e-01 7.727779e+01
6.537987e-01 -2.382555e-02 -7.562933e-01 -4.733404e+01 -1.710334e-02 9.987834e-01 -4.625018e-02 -5.824835e+00 7.564752e-01 4.317344e-02 6.525958e-01 7.882482e+01
6.455088e-01 -3.066921e-02 -7.631368e-01 -4.915220e+01 -1.116925e-02 9.987075e-01 -4.958406e-02 -5.978524e+00 7.636711e-01 4.053061e-02 6.443320e-01 8.036127e+01
6.255042e-01 -4.266600e-02 -7.790533e-01 -5.194082e+01 2.937217e-03 9.986254e-01 -5.233290e-02 -6.240477e+00 7.802153e-01 3.044620e-02 6.247697e-01 8.264668e+01
6.073443e-01 -4.248918e-02 -7.933016e-01 -5.386648e+01 6.689869e-03 9.988068e-01 -4.837433e-02 -6.412013e+00 7.944106e-01 2.407279e-02 6.069040e-01 8.413486e+01
5.784770e-01 -4.577277e-02 -8.144134e-01 -5.684458e+01 6.190303e-03 9.986419e-01 -5.173007e-02 -6.660712e+00 8.156752e-01 2.488319e-02 5.779747e-01 8.628487e+01
5.581987e-01 -4.826769e-02 -8.283022e-01 -5.888092e+01 8.995736e-03 9.985998e-01 -5.212917e-02 -6.837334e+00 8.296586e-01 2.164725e-02 5.578513e-01 8.767629e+01
5.371294e-01 -4.842119e-02 -8.421089e-01 -6.096415e+01 1.073061e-02 9.986624e-01 -5.057862e-02 -7.015079e+00 8.434316e-01 1.813092e-02 5.369306e-01 8.902721e+01
5.164917e-01 -5.044852e-02 -8.548048e-01 -6.309538e+01 8.987048e-03 9.985274e-01 -5.350052e-02 -7.192800e+00 8.562450e-01 1.995041e-02 5.161845e-01 9.032891e+01
4.877562e-01 -4.910681e-02 -8.715976e-01 -6.637327e+01 5.825330e-03 9.985774e-01 -5.300109e-02 -7.465671e+00 8.729605e-01 2.077427e-02 4.873484e-01 9.220094e+01
4.796069e-01 -4.700544e-02 -8.762235e-01 -6.748666e+01 6.149553e-03 9.987197e-01 -5.021082e-02 -7.555186e+00 8.774620e-01 1.869307e-02 4.792819e-01 9.280938e+01
4.642322e-01 -5.055978e-02 -8.842693e-01 -6.972870e+01 8.322060e-03 9.985743e-01 -5.272640e-02 -7.731317e+00 8.856745e-01 1.711835e-02 4.639911e-01 9.399874e+01
4.508577e-01 -5.668127e-02 -8.907943e-01 -7.199157e+01 1.202786e-02 9.982769e-01 -5.743274e-02 -7.914147e+00 8.925148e-01 1.517964e-02 4.507626e-01 9.515810e+01
4.452960e-01 -6.019002e-02 -8.933581e-01 -7.313057e+01 1.382460e-02 9.980812e-01 -6.035486e-02 -8.011910e+00 8.952767e-01 1.452546e-02 4.452737e-01 9.572828e+01
4.361561e-01 -5.858994e-02 -8.979616e-01 -7.540274e+01 1.780717e-02 9.982447e-01 -5.648393e-02 -8.209520e+00 8.996949e-01 8.645658e-03 4.364338e-01 9.684446e+01
4.322135e-01 -5.653957e-02 -8.999971e-01 -7.658015e+01 2.112313e-02 9.983934e-01 -5.257689e-02 -8.308009e+00 9.015239e-01 3.713691e-03 4.327134e-01 9.741509e+01
4.259122e-01 -5.624384e-02 -9.030146e-01 -7.880716e+01 2.445442e-02 9.984169e-01 -5.065187e-02 -8.486978e+00 9.044340e-01 -5.094444e-04 4.266134e-01 9.847551e+01
4.232849e-01 -5.523644e-02 -9.043112e-01 -7.993532e+01 2.629154e-02 9.984682e-01 -4.868128e-02 -8.574915e+00 9.056151e-01 -3.169679e-03 4.240888e-01 9.900669e+01
4.186668e-01 -5.526254e-02 -9.064569e-01 -8.218012e+01 3.037902e-02 9.984404e-01 -4.683916e-02 -8.741442e+00 9.076317e-01 -7.927263e-03 4.196927e-01 1.000567e+02
4.160303e-01 -5.553146e-02 -9.076536e-01 -8.328006e+01 3.246276e-02 9.984044e-01 -4.620416e-02 -8.827999e+00 9.087711e-01 -1.024260e-02 4.171692e-01 1.005627e+02
4.134067e-01 -5.475406e-02 -9.088987e-01 -8.437076e+01 3.570778e-02 9.983974e-01 -4.390421e-02 -8.914608e+00 9.098461e-01 -1.430446e-02 4.146993e-01 1.010627e+02
4.112317e-01 -5.406871e-02 -9.099258e-01 -8.546189e+01 3.750869e-02 9.983975e-01 -4.237413e-02 -8.996530e+00 9.107588e-01 -1.670453e-02 4.126007e-01 1.015536e+02
4.093026e-01 -5.479425e-02 -9.107519e-01 -8.654683e+01 3.979175e-02 9.983173e-01 -4.217965e-02 -9.072686e+00 9.115306e-01 -1.897616e-02 4.107942e-01 1.020328e+02
4.079197e-01 -5.622149e-02 -9.112852e-01 -8.762037e+01 4.108249e-02 9.982216e-01 -4.319522e-02 -9.149512e+00 9.120931e-01 -1.981767e-02 4.095040e-01 1.025091e+02
4.072736e-01 -5.741360e-02 -9.114998e-01 -8.868276e+01 4.121229e-02 9.981608e-01 -4.445787e-02 -9.227599e+00 9.123759e-01 -1.945848e-02 4.088907e-01 1.029766e+02
4.075927e-01 -5.795142e-02 -9.113231e-01 -8.974022e+01 4.017833e-02 9.981559e-01 -4.550326e-02 -9.305889e+00 9.122795e-01 -1.806864e-02 4.091694e-01 1.034282e+02
4.096552e-01 -5.776576e-02 -9.104097e-01 -9.078632e+01 3.799735e-02 9.982074e-01 -4.623898e-02 -9.383578e+00 9.114488e-01 -1.565111e-02 4.111158e-01 1.038744e+02
4.139154e-01 -5.777102e-02 -9.084803e-01 -9.182278e+01 3.564327e-02 9.982474e-01 -4.723986e-02 -9.462617e+00 9.096173e-01 -1.282790e-02 4.152491e-01 1.043271e+02
4.190585e-01 -5.806051e-02 -9.061009e-01 -9.285032e+01 3.396838e-02 9.982572e-01 -4.825577e-02 -9.540419e+00 9.073236e-01 -1.055678e-02 4.203004e-01 1.047844e+02
4.248597e-01 -5.821256e-02 -9.033856e-01 -9.387053e+01 3.328904e-02 9.982600e-01 -4.867036e-02 -9.609312e+00 9.046470e-01 -9.394764e-03 4.260582e-01 1.052557e+02
4.318136e-01 -5.709458e-02 -9.001540e-01 -9.488237e+01 3.225411e-02 9.983336e-01 -4.784925e-02 -9.680288e+00 9.013860e-01 -8.371707e-03 4.329355e-01 1.057334e+02
4.399854e-01 -5.549092e-02 -8.962888e-01 -9.588621e+01 3.065506e-02 9.984353e-01 -4.676655e-02 -9.749076e+00 8.974816e-01 -6.899180e-03 4.409981e-01 1.062164e+02
4.488454e-01 -5.517551e-02 -8.919044e-01 -9.688157e+01 3.026825e-02 9.984580e-01 -4.653489e-02 -9.818909e+00 8.930967e-01 -6.109403e-03 4.498233e-01 1.067096e+02
4.681770e-01 -5.512405e-02 -8.819136e-01 -9.884290e+01 2.851588e-02 9.984749e-01 -4.727166e-02 -9.958087e+00 8.831745e-01 -3.017038e-03 4.690349e-01 1.077189e+02
4.786921e-01 -5.678936e-02 -8.761443e-01 -9.980583e+01 2.678003e-02 9.983860e-01 -5.008117e-02 -1.002675e+01 8.775744e-01 5.102926e-04 4.794403e-01 1.082398e+02
4.900937e-01 -5.746268e-02 -8.697736e-01 -1.007547e+02 2.497006e-02 9.983407e-01 -5.188669e-02 -1.009360e+01 8.713120e-01 3.711045e-03 4.907154e-01 1.087790e+02
5.152097e-01 -5.315552e-02 -8.554142e-01 -1.026360e+02 2.128305e-02 9.985606e-01 -4.923204e-02 -1.021665e+01 8.567999e-01 7.159000e-03 5.155994e-01 1.099002e+02
5.277749e-01 -5.081668e-02 -8.478628e-01 -1.035604e+02 2.039561e-02 9.986791e-01 -4.716007e-02 -1.027636e+01 8.491394e-01 7.597224e-03 5.281142e-01 1.104797e+02
5.512438e-01 -5.094885e-02 -8.327871e-01 -1.053784e+02 2.099405e-02 9.986648e-01 -4.720052e-02 -1.037734e+01 8.340800e-01 8.535420e-03 5.515774e-01 1.116592e+02
5.735172e-01 -5.312901e-02 -8.174688e-01 -1.071244e+02 2.315143e-02 9.985473e-01 -4.865518e-02 -1.048384e+01 8.188663e-01 8.979010e-03 5.739141e-01 1.128599e+02
5.843075e-01 -5.366822e-02 -8.097558e-01 -1.079760e+02 2.417163e-02 9.985191e-01 -4.873702e-02 -1.053886e+01 8.111723e-01 8.904287e-03 5.847395e-01 1.134723e+02
6.052642e-01 -4.844117e-02 -7.945493e-01 -1.096406e+02 2.329405e-02 9.987970e-01 -4.314880e-02 -1.065546e+01 7.956838e-01 7.608155e-03 6.056645e-01 1.147106e+02
6.153476e-01 -4.667761e-02 -7.868726e-01 -1.104479e+02 2.193382e-02 9.988725e-01 -4.210092e-02 -1.071449e+01 7.879507e-01 8.647581e-03 6.156777e-01 1.153330e+02
6.256110e-01 -4.603175e-02 -7.787760e-01 -1.112427e+02 1.999751e-02 9.988759e-01 -4.297687e-02 -1.076967e+01 7.798789e-01 1.131322e-02 6.258282e-01 1.159602e+02
6.352746e-01 -4.586128e-02 -7.709234e-01 -1.120216e+02 1.832673e-02 9.988493e-01 -4.431830e-02 -1.082745e+01 7.720689e-01 1.402579e-02 6.353841e-01 1.165904e+02
6.446320e-01 -4.556259e-02 -7.631341e-01 -1.127849e+02 1.810481e-02 9.988523e-01 -4.434261e-02 -1.088440e+01 7.642787e-01 1.476827e-02 6.447171e-01 1.172256e+02
6.539294e-01 -4.355499e-02 -7.553008e-01 -1.135420e+02 1.795909e-02 9.989538e-01 -4.205669e-02 -1.094072e+01 7.563424e-01 1.393759e-02 6.540275e-01 1.178586e+02
6.627892e-01 -4.156585e-02 -7.476515e-01 -1.142854e+02 1.771950e-02 9.990492e-01 -3.983412e-02 -1.099692e+01 7.485964e-01 1.315362e-02 6.628955e-01 1.184946e+02
6.711328e-01 -4.096189e-02 -7.402046e-01 -1.150150e+02 1.832210e-02 9.990838e-01 -3.867553e-02 -1.105074e+01 7.411107e-01 1.239431e-02 6.712685e-01 1.191327e+02
6.790069e-01 -4.041487e-02 -7.330186e-01 -1.157305e+02 1.725344e-02 9.990862e-01 -3.910235e-02 -1.110434e+01 7.339292e-01 1.390367e-02 6.790837e-01 1.197729e+02
6.866300e-01 -3.934016e-02 -7.259419e-01 -1.164343e+02 1.654401e-02 9.991218e-01 -3.849619e-02 -1.115559e+01 7.268188e-01 1.442265e-02 6.866778e-01 1.204136e+02
6.940511e-01 -3.716524e-02 -7.189658e-01 -1.171234e+02 1.591975e-02 9.992147e-01 -3.628398e-02 -1.120384e+01 7.197497e-01 1.373718e-02 6.940977e-01 1.210568e+02
7.019590e-01 -3.415441e-02 -7.113979e-01 -1.177905e+02 1.490303e-02 9.993352e-01 -3.327307e-02 -1.124261e+01 7.120614e-01 1.275435e-02 7.020014e-01 1.216885e+02
7.095204e-01 -3.197352e-02 -7.039592e-01 -1.184457e+02 1.340608e-02 9.994018e-01 -3.188042e-02 -1.128508e+01 7.045574e-01 1.318247e-02 7.095246e-01 1.223238e+02
7.174647e-01 -3.178964e-02 -6.958691e-01 -1.190789e+02 1.320678e-02 9.993993e-01 -3.203928e-02 -1.132614e+01 6.964697e-01 1.379686e-02 7.174536e-01 1.229483e+02
7.256900e-01 -2.896043e-02 -6.874120e-01 -1.197016e+02 1.057531e-02 9.994652e-01 -3.094294e-02 -1.136777e+01 6.879406e-01 1.518538e-02 7.256082e-01 1.235775e+02
7.348171e-01 -2.580783e-02 -6.777742e-01 -1.203051e+02 9.460201e-03 9.995686e-01 -2.780453e-02 -1.140579e+01 6.781994e-01 1.401936e-02 7.347442e-01 1.242110e+02
7.443270e-01 -2.213196e-02 -6.674484e-01 -1.208956e+02 7.719389e-03 9.996690e-01 -2.453955e-02 -1.144246e+01 6.677707e-01 1.311316e-02 7.442516e-01 1.248571e+02
7.647006e-01 -1.960252e-02 -6.440875e-01 -1.220228e+02 4.656869e-03 9.996792e-01 -2.489588e-02 -1.151095e+01 6.443689e-01 1.603846e-02 7.645466e-01 1.261435e+02
7.846071e-01 -2.075187e-02 -6.196459e-01 -1.230910e+02 4.942859e-03 9.996173e-01 -2.721834e-02 -1.157569e+01 6.199736e-01 1.829288e-02 7.844094e-01 1.274499e+02
8.050896e-01 -1.614937e-02 -5.929333e-01 -1.241152e+02 3.688719e-03 9.997463e-01 -2.222092e-02 -1.163984e+01 5.931417e-01 1.570267e-02 8.049449e-01 1.287847e+02
8.240620e-01 -1.381468e-02 -5.663311e-01 -1.250882e+02 4.893593e-03 9.998389e-01 -1.726876e-02 -1.170293e+01 5.664785e-01 1.145913e-02 8.239969e-01 1.301548e+02
8.396772e-01 -1.327468e-02 -5.429235e-01 -1.260103e+02 6.847246e-03 9.998805e-01 -1.385761e-02 -1.177774e+01 5.430427e-01 7.918387e-03 8.396678e-01 1.315496e+02
8.533775e-01 -1.258659e-02 -5.211414e-01 -1.269007e+02 6.571248e-03 9.998887e-01 -1.338875e-02 -1.183797e+01 5.212520e-01 8.001112e-03 8.533653e-01 1.329864e+02
8.663899e-01 -9.696004e-03 -4.992740e-01 -1.277507e+02 4.221191e-03 9.999179e-01 -1.209359e-02 -1.189333e+01 4.993503e-01 8.370232e-03 8.663598e-01 1.344241e+02
8.775617e-01 -1.177845e-02 -4.793190e-01 -1.285745e+02 6.211317e-03 9.998936e-01 -1.319869e-02 -1.193811e+01 4.794234e-01 8.605460e-03 8.775415e-01 1.359153e+02
8.855067e-01 -1.185366e-02 -4.644754e-01 -1.293903e+02 6.350882e-03 9.998899e-01 -1.340999e-02 -1.196483e+01 4.645832e-01 8.924811e-03 8.854845e-01 1.374388e+02
8.919360e-01 -6.212235e-03 -4.521190e-01 -1.302152e+02 4.120608e-03 9.999757e-01 -5.610840e-03 -1.198969e+01 4.521429e-01 3.141507e-03 8.919400e-01 1.390168e+02
8.985310e-01 -8.521526e-04 -4.389091e-01 -1.310349e+02 5.107788e-04 9.999994e-01 -8.958609e-04 -1.200769e+01 4.389097e-01 5.807753e-04 8.985310e-01 1.406304e+02
9.051450e-01 2.656961e-03 -4.250946e-01 -1.318502e+02 -9.834504e-04 9.999909e-01 4.156186e-03 -1.201698e+01 4.251018e-01 -3.343889e-03 9.051394e-01 1.423079e+02
9.121360e-01 2.373924e-03 -4.098808e-01 -1.326563e+02 6.577650e-04 9.999734e-01 7.255360e-03 -1.202112e+01 4.098871e-01 -6.887477e-03 9.121103e-01 1.440415e+02
9.196830e-01 -8.858128e-04 -3.926607e-01 -1.334442e+02 3.786082e-03 9.999709e-01 6.611834e-03 -1.202321e+01 3.926435e-01 -7.567434e-03 9.196596e-01 1.458318e+02
9.333695e-01 -2.591909e-03 -3.589076e-01 -1.345894e+02 3.557208e-03 9.999916e-01 2.029220e-03 -1.203712e+01 3.588994e-01 -3.170718e-03 9.333709e-01 1.486265e+02
9.460789e-01 5.301932e-03 -3.238928e-01 -1.352860e+02 -3.340965e-03 9.999725e-01 6.610121e-03 -1.206100e+01 3.239190e-01 -5.171579e-03 9.460707e-01 1.505851e+02
9.592679e-01 1.008173e-02 -2.823180e-01 -1.359116e+02 -7.813793e-03 9.999275e-01 9.158056e-03 -1.207541e+01 2.823899e-01 -6.579052e-03 9.592772e-01 1.526125e+02
9.710369e-01 1.176226e-02 -2.386398e-01 -1.364469e+02 -9.009547e-03 9.998797e-01 1.262258e-02 -1.209323e+01 2.387596e-01 -1.010695e-02 9.710261e-01 1.547167e+02
9.809216e-01 1.570219e-02 -1.937687e-01 -1.369024e+02 -1.199638e-02 9.997223e-01 2.028362e-02 -1.209800e+01 1.940334e-01 -1.757211e-02 9.808375e-01 1.568857e+02
9.887447e-01 1.941421e-02 -1.483477e-01 -1.372667e+02 -1.602639e-02 9.995835e-01 2.399850e-02 -1.208864e+01 1.487519e-01 -2.135090e-02 9.886440e-01 1.591246e+02
9.943196e-01 1.834331e-02 -1.048430e-01 -1.375360e+02 -1.629397e-02 9.996597e-01 2.037012e-02 -1.206524e+01 1.051810e-01 -1.854610e-02 9.942801e-01 1.614249e+02
9.978084e-01 1.753761e-02 -6.380288e-02 -1.377162e+02 -1.601578e-02 9.995767e-01 2.428577e-02 -1.203634e+01 6.420179e-02 -2.321069e-02 9.976670e-01 1.637972e+02
9.995661e-01 1.896885e-02 -2.253504e-02 -1.378015e+02 -1.838246e-02 9.994942e-01 2.594959e-02 -1.199947e+01 2.301588e-02 -2.552407e-02 9.994092e-01 1.662283e+02
9.989610e-01 2.279405e-02 3.946242e-02 -1.377602e+02 -2.378432e-02 9.994092e-01 2.480885e-02 -1.196079e+01 -3.887361e-02 -2.572166e-02 9.989130e-01 1.699379e+02
9.965962e-01 2.487978e-02 7.859357e-02 -1.376033e+02 -2.651453e-02 9.994518e-01 1.982513e-02 -1.194187e+01 -7.805724e-02 -2.184152e-02 9.967096e-01 1.724609e+02
9.927796e-01 2.515475e-02 1.172857e-01 -1.373423e+02 -2.709059e-02 9.995213e-01 1.494018e-02 -1.194306e+01 -1.168537e-01 -1.800964e-02 9.929858e-01 1.750193e+02
9.876246e-01 2.770974e-02 1.543689e-01 -1.369802e+02 -2.855622e-02 9.995868e-01 3.268298e-03 -1.196497e+01 -1.542146e-01 -7.636044e-03 9.880079e-01 1.776055e+02
9.775738e-01 3.435102e-02 2.077728e-01 -1.362573e+02 -3.311603e-02 9.994071e-01 -9.420407e-03 -1.204258e+01 -2.079732e-01 2.328533e-03 9.781318e-01 1.815452e+02
9.695096e-01 3.317081e-02 2.427980e-01 -1.356393e+02 -3.189334e-02 9.994490e-01 -9.191359e-03 -1.212331e+01 -2.429691e-01 1.167473e-03 9.700333e-01 1.842188e+02
9.605564e-01 3.338092e-02 2.760746e-01 -1.349210e+02 -2.919312e-02 9.993881e-01 -1.926604e-02 -1.221523e+01 -2.765488e-01 1.044663e-02 9.609431e-01 1.868879e+02
9.499691e-01 3.789933e-02 3.100361e-01 -1.341176e+02 -3.345719e-02 9.992472e-01 -1.963486e-02 -1.231567e+01 -3.105468e-01 8.279573e-03 9.505220e-01 1.895769e+02
9.377303e-01 4.257239e-02 3.447456e-01 -1.332045e+02 -3.559668e-02 9.990137e-01 -2.654226e-02 -1.241575e+01 -3.455355e-01 1.261769e-02 9.383209e-01 1.922715e+02
9.243962e-01 4.415322e-02 3.788697e-01 -1.321764e+02 -3.402955e-02 9.988632e-01 -3.337891e-02 -1.253918e+01 -3.799128e-01 1.796257e-02 9.248479e-01 1.949675e+02
9.070641e-01 4.999738e-02 4.180131e-01 -1.310346e+02 -3.485337e-02 9.984326e-01 -4.378997e-02 -1.269471e+01 -4.195473e-01 2.515114e-02 9.073850e-01 1.976474e+02
8.830069e-01 5.799881e-02 4.657627e-01 -1.297556e+02 -4.048242e-02 9.980489e-01 -4.753367e-02 -1.287573e+01 -4.676109e-01 2.311735e-02 8.836321e-01 2.003057e+02
8.550623e-01 6.570777e-02 5.143452e-01 -1.283250e+02 -4.406734e-02 9.975583e-01 -5.417962e-02 -1.307773e+01 -5.166494e-01 2.366112e-02 8.558701e-01 2.029078e+02
8.251684e-01 6.848328e-02 5.607202e-01 -1.267314e+02 -4.322650e-02 9.973686e-01 -5.820005e-02 -1.329464e+01 -5.632305e-01 2.378686e-02 8.259574e-01 2.054460e+02
7.935545e-01 7.266576e-02 6.041449e-01 -1.249940e+02 -3.914013e-02 9.968835e-01 -6.849267e-02 -1.353728e+01 -6.072392e-01 3.070634e-02 7.939255e-01 2.078983e+02
7.618118e-01 7.606509e-02 6.433171e-01 -1.231156e+02 -3.615865e-02 9.965270e-01 -7.500944e-02 -1.380930e+01 -6.467885e-01 3.388159e-02 7.619164e-01 2.102655e+02
7.311888e-01 7.701624e-02 6.778137e-01 -1.211117e+02 -3.225451e-02 9.963984e-01 -7.842087e-02 -1.409866e+01 -6.814122e-01 3.547791e-02 7.310395e-01 2.125536e+02
7.018663e-01 7.915916e-02 7.078966e-01 -1.190042e+02 -2.719627e-02 9.960592e-01 -8.441782e-02 -1.439724e+01 -7.117894e-01 3.999787e-02 7.012532e-01 2.147483e+02
6.723406e-01 8.323069e-02 7.355480e-01 -1.167977e+02 -2.304057e-02 9.955303e-01 -9.158829e-02 -1.471793e+01 -7.398833e-01 4.463107e-02 6.712531e-01 2.168677e+02
6.409030e-01 8.505921e-02 7.628947e-01 -1.145005e+02 -2.215092e-02 9.954772e-01 -9.238225e-02 -1.505999e+01 -7.673023e-01 4.230923e-02 6.398884e-01 2.188995e+02
6.237247e-01 8.603367e-02 7.768949e-01 -1.133266e+02 -2.419427e-02 9.955728e-01 -9.082598e-02 -1.522932e+01 -7.812696e-01 3.785399e-02 6.230449e-01 2.198821e+02
6.060200e-01 8.709357e-02 7.906671e-01 -1.121403e+02 -2.678840e-02 9.956586e-01 -8.914141e-02 -1.539873e+01 -7.949982e-01 3.284077e-02 6.057222e-01 2.208287e+02
5.707896e-01 9.136522e-02 8.159973e-01 -1.097418e+02 -3.003126e-02 9.954480e-01 -9.045105e-02 -1.573251e+01 -8.205470e-01 2.712308e-02 5.709351e-01 2.226219e+02
5.528147e-01 9.504673e-02 8.278659e-01 -1.085346e+02 -3.192380e-02 9.951601e-01 -9.293630e-02 -1.589865e+01 -8.326925e-01 2.494792e-02 5.531734e-01 2.234648e+02
5.134242e-01 9.426517e-02 8.529418e-01 -1.060712e+02 -3.291223e-02 9.953801e-01 -9.019579e-02 -1.623283e+01 -8.575036e-01 1.823647e-02 5.141547e-01 2.250551e+02
4.710965e-01 9.126403e-02 8.773477e-01 -1.035830e+02 -3.338632e-02 9.957653e-01 -8.565521e-02 -1.655412e+01 -8.814496e-01 1.106046e-02 4.721486e-01 2.265016e+02
4.286649e-01 8.960883e-02 8.990087e-01 -1.010709e+02 -3.166598e-02 9.959479e-01 -8.417233e-02 -1.686140e+01 -9.029085e-01 7.613732e-03 4.297655e-01 2.277927e+02
3.872057e-01 8.920905e-02 9.176674e-01 -9.854908e+01 -2.665265e-02 9.959751e-01 -8.557562e-02 -1.716162e+01 -9.216081e-01 8.677094e-03 3.880249e-01 2.289348e+02
3.459362e-01 8.668983e-02 9.342446e-01 -9.602574e+01 -2.032632e-02 9.961812e-01 -8.491051e-02 -1.745580e+01 -9.380379e-01 1.038386e-02 3.463772e-01 2.299362e+02
3.053968e-01 9.046685e-02 9.479180e-01 -9.351167e+01 -1.918218e-02 9.958592e-01 -8.886221e-02 -1.774895e+01 -9.520320e-01 8.955094e-03 3.058676e-01 2.308192e+02
2.860577e-01 9.977084e-02 9.530041e-01 -9.227409e+01 -2.000262e-02 9.949696e-01 -9.816020e-02 -1.790266e+01 -9.580036e-01 9.016899e-03 2.866144e-01 2.312075e+02
2.470306e-01 1.116261e-01 9.625567e-01 -8.980706e+01 -2.427192e-02 9.937438e-01 -1.090137e-01 -1.822511e+01 -9.687037e-01 3.566621e-03 2.481945e-01 2.319127e+02
2.068773e-01 1.131461e-01 9.718023e-01 -8.735636e+01 -3.027199e-02 9.935549e-01 -1.092345e-01 -1.855902e+01 -9.778985e-01 -6.820255e-03 2.089692e-01 2.325085e+02
1.873948e-01 1.131447e-01 9.757466e-01 -8.613843e+01 -3.211059e-02 9.935187e-01 -1.090386e-01 -1.872416e+01 -9.817597e-01 -1.089853e-02 1.898134e-01 2.327642e+02
1.495389e-01 1.117241e-01 9.824234e-01 -8.371282e+01 -3.162045e-02 9.936277e-01 -1.081852e-01 -1.904863e+01 -9.882501e-01 -1.488677e-02 1.521188e-01 2.331988e+02
1.311714e-01 1.124240e-01 9.849644e-01 -8.250969e+01 -3.013042e-02 9.935421e-01 -1.093905e-01 -1.920896e+01 -9.909018e-01 -1.532849e-02 1.337117e-01 2.333727e+02
9.254541e-02 1.171164e-01 9.887968e-01 -8.013180e+01 -3.373466e-02 9.928572e-01 -1.144400e-01 -1.952757e+01 -9.951369e-01 -2.276583e-02 9.583526e-02 2.336653e+02
7.532815e-02 1.145611e-01 9.905561e-01 -7.895298e+01 -3.386414e-02 9.930994e-01 -1.122800e-01 -1.968703e+01 -9.965836e-01 -2.508649e-02 7.868785e-02 2.337739e+02
6.003040e-02 1.101942e-01 9.920955e-01 -7.777811e+01 -3.136738e-02 9.936054e-01 -1.084639e-01 -1.984734e+01 -9.977036e-01 -2.460830e-02 6.310303e-02 2.338599e+02
4.570497e-02 1.062354e-01 9.932900e-01 -7.659714e+01 -3.051178e-02 9.940136e-01 -1.049088e-01 -2.000318e+01 -9.984889e-01 -2.551218e-02 4.867279e-02 2.339286e+02
2.258000e-02 1.026340e-01 9.944629e-01 -7.433738e+01 -2.763612e-02 9.944004e-01 -1.020001e-01 -2.029495e+01 -9.993630e-01 -2.517993e-02 2.528997e-02 2.340179e+02
7.116424e-03 1.070233e-01 9.942310e-01 -7.211428e+01 -2.862878e-02 9.938704e-01 -1.067796e-01 -2.057930e+01 -9.995648e-01 -2.770373e-02 1.013675e-02 2.340698e+02
-4.193877e-03 1.188958e-01 9.928979e-01 -6.995117e+01 -2.857930e-02 9.924867e-01 -1.189673e-01 -2.087505e+01 -9.995828e-01 -2.887526e-02 -7.644094e-04 2.340942e+02
-1.271124e-02 1.149160e-01 9.932939e-01 -6.781083e+01 -2.953882e-02 9.928974e-01 -1.152482e-01 -2.116769e+01 -9.994828e-01 -3.080567e-02 -9.226477e-03 2.340967e+02
-1.522544e-02 1.039934e-01 9.944614e-01 -6.674442e+01 -2.845600e-02 9.941288e-01 -1.043943e-01 -2.130620e+01 -9.994791e-01 -2.988784e-02 -1.217682e-02 2.340897e+02
-1.659104e-02 1.022640e-01 9.946189e-01 -6.465882e+01 -2.792948e-02 9.943203e-01 -1.026992e-01 -2.156167e+01 -9.994722e-01 -2.948307e-02 -1.364063e-02 2.340770e+02
-1.454802e-02 1.080229e-01 9.940419e-01 -6.261250e+01 -2.943555e-02 9.936700e-01 -1.084133e-01 -2.181801e+01 -9.994608e-01 -3.083737e-02 -1.127622e-02 2.340729e+02
-9.360384e-03 1.102212e-01 9.938630e-01 -6.058819e+01 -3.272377e-02 9.933404e-01 -1.104714e-01 -2.207608e+01 -9.994206e-01 -3.355699e-02 -5.691197e-03 2.340809e+02
-1.124662e-03 1.134375e-01 9.935445e-01 -5.858962e+01 -3.675378e-02 9.928691e-01 -1.134021e-01 -2.233445e+01 -9.993238e-01 -3.664405e-02 3.052614e-03 2.341095e+02
1.166004e-02 1.099014e-01 9.938741e-01 -5.659296e+01 -3.752136e-02 9.932897e-01 -1.093966e-01 -2.259437e+01 -9.992278e-01 -3.601593e-02 1.570545e-02 2.341542e+02
2.657858e-02 1.108702e-01 9.934794e-01 -5.463127e+01 -3.443272e-02 9.933423e-01 -1.099337e-01 -2.284877e+01 -9.990536e-01 -3.128631e-02 3.021918e-02 2.342213e+02
4.032596e-02 1.093806e-01 9.931816e-01 -5.266948e+01 -3.608598e-02 9.935011e-01 -1.079507e-01 -2.310390e+01 -9.985348e-01 -3.148672e-02 4.401099e-02 2.343208e+02
5.384017e-02 1.052978e-01 9.929822e-01 -5.071747e+01 -3.733266e-02 9.939415e-01 -1.033754e-01 -2.335302e+01 -9.978515e-01 -3.150492e-02 5.744502e-02 2.344474e+02
6.778197e-02 1.083457e-01 9.917998e-01 -4.878998e+01 -3.722162e-02 9.936686e-01 -1.060061e-01 -2.359769e+01 -9.970056e-01 -2.973109e-02 7.138561e-02 2.346005e+02
8.122069e-02 1.114968e-01 9.904401e-01 -4.686941e+01 -3.910740e-02 9.933145e-01 -1.086134e-01 -2.384177e+01 -9.959287e-01 -2.991188e-02 8.503804e-02 2.347793e+02
9.465349e-02 1.124343e-01 9.891406e-01 -4.496036e+01 -4.187033e-02 9.931720e-01 -1.088859e-01 -2.408941e+01 -9.946294e-01 -3.110922e-02 9.871486e-02 2.349871e+02
1.073954e-01 1.083270e-01 9.882973e-01 -4.305660e+01 -4.360424e-02 9.936031e-01 -1.041702e-01 -2.433575e+01 -9.932598e-01 -3.190654e-02 1.114320e-01 2.352214e+02
1.209945e-01 1.087490e-01 9.866782e-01 -4.116675e+01 -4.350868e-02 9.936066e-01 -1.041772e-01 -2.457047e+01 -9.916992e-01 -3.032419e-02 1.249524e-01 2.354786e+02
1.371877e-01 1.111881e-01 9.842849e-01 -3.929119e+01 -4.007854e-02 9.934894e-01 -1.066419e-01 -2.480560e+01 -9.897340e-01 -2.481875e-02 1.407507e-01 2.357584e+02
1.563369e-01 1.146135e-01 9.810313e-01 -3.743651e+01 -4.040497e-02 9.931552e-01 -1.095910e-01 -2.503558e+01 -9.868770e-01 -2.250541e-02 1.598978e-01 2.360723e+02
1.642740e-01 1.139561e-01 9.798102e-01 -3.651652e+01 -4.261524e-02 9.931970e-01 -1.083682e-01 -2.515044e+01 -9.854938e-01 -2.395276e-02 1.680127e-01 2.362425e+02
1.735339e-01 1.121319e-01 9.784234e-01 -3.467183e+01 -4.694428e-02 9.933093e-01 -1.055119e-01 -2.537859e+01 -9.837084e-01 -2.762150e-02 1.776368e-01 2.366029e+02
1.791364e-01 1.159103e-01 9.769723e-01 -3.281121e+01 -4.707368e-02 9.929079e-01 -1.091696e-01 -2.560259e+01 -9.826975e-01 -2.643343e-02 1.833223e-01 2.369709e+02
1.821852e-01 1.160467e-01 9.763922e-01 -3.187210e+01 -4.630808e-02 9.929217e-01 -1.093707e-01 -2.571650e+01 -9.821732e-01 -2.528912e-02 1.862695e-01 2.371592e+02
1.890239e-01 1.161237e-01 9.750822e-01 -2.998093e+01 -4.381392e-02 9.929916e-01 -1.097631e-01 -2.595197e+01 -9.809946e-01 -2.197433e-02 1.927870e-01 2.375425e+02
1.925389e-01 1.165764e-01 9.743401e-01 -2.903001e+01 -4.368668e-02 9.929521e-01 -1.101704e-01 -2.607414e+01 -9.803164e-01 -2.135359e-02 1.962748e-01 2.377390e+02
1.962879e-01 1.151961e-01 9.737561e-01 -2.807792e+01 -4.349005e-02 9.931206e-01 -1.087203e-01 -2.619995e+01 -9.795814e-01 -2.100822e-02 1.999475e-01 2.379448e+02
1.999946e-01 1.109602e-01 9.734937e-01 -2.712052e+01 -4.114314e-02 9.936414e-01 -1.048042e-01 -2.632376e+01 -9.789328e-01 -1.909231e-02 2.032881e-01 2.381523e+02
2.042267e-01 1.094460e-01 9.727862e-01 -2.616421e+01 -4.064321e-02 9.938216e-01 -1.032800e-01 -2.645236e+01 -9.780796e-01 -1.844462e-02 2.074131e-01 2.383612e+02
2.096563e-01 1.114220e-01 9.714059e-01 -2.520641e+01 -3.966392e-02 9.936373e-01 -1.054114e-01 -2.657591e+01 -9.769704e-01 -1.642960e-02 2.127417e-01 2.385754e+02
2.162759e-01 1.127803e-01 9.697965e-01 -2.424773e+01 -3.816987e-02 9.935231e-01 -1.070272e-01 -2.669510e+01 -9.755859e-01 -1.386960e-02 2.191799e-01 2.387918e+02
2.296848e-01 1.112094e-01 9.668906e-01 -2.232641e+01 -3.734160e-02 9.937258e-01 -1.054254e-01 -2.694049e+01 -9.725485e-01 -1.189063e-02 2.323964e-01 2.392487e+02
2.477545e-01 1.098948e-01 9.625699e-01 -2.042015e+01 -3.438499e-02 9.939173e-01 -1.046234e-01 -2.718237e+01 -9.682125e-01 -7.177042e-03 2.500262e-01 2.397378e+02
2.700453e-01 1.101808e-01 9.565227e-01 -1.852760e+01 -3.036820e-02 9.939114e-01 -1.059140e-01 -2.742264e+01 -9.623686e-01 -4.463024e-04 2.717471e-01 2.402693e+02
2.918402e-01 1.065024e-01 9.505191e-01 -1.665096e+01 -3.175612e-02 9.943123e-01 -1.016592e-01 -2.766418e+01 -9.559398e-01 -5.165538e-04 2.935624e-01 2.408545e+02
3.131038e-01 1.104784e-01 9.432712e-01 -1.478774e+01 -3.591890e-02 9.938778e-01 -1.044829e-01 -2.790214e+01 -9.490395e-01 -1.167281e-03 3.151551e-01 2.414843e+02
3.336129e-01 1.111254e-01 9.361376e-01 -1.294415e+01 -4.065794e-02 9.938001e-01 -1.034810e-01 -2.814553e+01 -9.418330e-01 -3.538844e-03 3.360626e-01 2.421516e+02
3.504335e-01 1.087697e-01 9.302502e-01 -1.111234e+01 -4.287245e-02 9.940553e-01 -1.000797e-01 -2.838624e+01 -9.356059e-01 -4.810827e-03 3.530136e-01 2.428532e+02
3.661737e-01 1.065187e-01 9.244299e-01 -9.297034e+00 -4.462638e-02 9.942939e-01 -9.689206e-02 -2.862274e+01 -9.294759e-01 -5.774635e-03 3.688378e-01 2.435898e+02
3.818725e-01 1.080335e-01 9.178791e-01 -7.504105e+00 -4.685165e-02 9.941305e-01 -9.751615e-02 -2.885496e+01 -9.230267e-01 -5.765415e-03 3.846927e-01 2.443519e+02
3.979618e-01 1.091069e-01 9.108908e-01 -5.736688e+00 -4.878672e-02 9.940146e-01 -9.774891e-02 -2.908337e+01 -9.161039e-01 -5.539041e-03 4.009028e-01 2.451390e+02
4.153690e-01 1.061796e-01 9.034348e-01 -4.000885e+00 -4.891631e-02 9.943344e-01 -9.437293e-02 -2.930581e+01 -9.083369e-01 -4.993108e-03 4.182096e-01 2.459502e+02
4.324715e-01 9.934954e-02 8.961574e-01 -2.279275e+00 -4.918771e-02 9.950304e-01 -8.657358e-02 -2.951821e+01 -9.003050e-01 -6.639323e-03 4.352091e-01 2.467944e+02
4.494296e-01 1.007627e-01 8.876147e-01 -6.089908e-01 -5.265195e-02 9.948786e-01 -8.627990e-02 -2.971750e+01 -8.917628e-01 -7.957901e-03 4.524333e-01 2.476612e+02
4.575802e-01 9.878703e-02 8.836637e-01 2.183283e-01 -5.410544e-02 9.950610e-01 -8.322349e-02 -2.981292e+01 -8.875207e-01 -9.729592e-03 4.606651e-01 2.481060e+02
4.742125e-01 9.845217e-02 8.748883e-01 1.859248e+00 -5.608922e-02 9.950875e-01 -8.157651e-02 -3.000435e+01 -8.786219e-01 -1.038720e-02 4.774051e-01 2.490180e+02
4.910236e-01 9.876007e-02 8.655300e-01 3.471952e+00 -5.632972e-02 9.950733e-01 -8.158505e-02 -3.018500e+01 -8.693232e-01 -8.694874e-03 4.941676e-01 2.499508e+02
5.069948e-01 9.637011e-02 8.565448e-01 5.069513e+00 -5.691393e-02 9.953044e-01 -7.829426e-02 -3.036317e+01 -8.600681e-01 -9.054549e-03 5.100990e-01 2.509148e+02
5.186050e-01 9.192518e-02 8.500580e-01 6.657400e+00 -5.758548e-02 9.957014e-01 -7.254321e-02 -3.053540e+01 -8.530726e-01 -1.132972e-02 5.216693e-01 2.519098e+02
5.256822e-01 8.723980e-02 8.461958e-01 8.235125e+00 -5.988482e-02 9.960548e-01 -6.548751e-02 -3.070780e+01 -8.485706e-01 -1.624866e-02 5.288326e-01 2.529478e+02
5.300688e-01 8.305746e-02 8.438771e-01 9.801622e+00 -5.961973e-02 9.963789e-01 -6.061803e-02 -3.088791e+01 -8.458561e-01 -1.817999e-02 5.331012e-01 2.540322e+02
5.331778e-01 8.591919e-02 8.416289e-01 1.136948e+01 -6.031454e-02 9.961585e-01 -6.348495e-02 -3.105756e+01 -8.438505e-01 -1.691370e-02 5.363118e-01 2.551065e+02
5.367063e-01 8.518498e-02 8.394581e-01 1.295334e+01 -5.927602e-02 9.962392e-01 -6.319651e-02 -3.122648e+01 -8.416845e-01 -1.584177e-02 5.397373e-01 2.561774e+02
5.383121e-01 8.159707e-02 8.387860e-01 1.374910e+01 -5.622790e-02 9.965613e-01 -6.085979e-02 -3.131135e+01 -8.408677e-01 -1.440161e-02 5.410491e-01 2.567107e+02
5.408717e-01 7.579487e-02 8.376830e-01 1.534640e+01 -5.463084e-02 9.969942e-01 -5.493580e-02 -3.146761e+01 -8.393291e-01 -1.605011e-02 5.433867e-01 2.577811e+02
5.425939e-01 7.159170e-02 8.369388e-01 1.695281e+01 -5.427550e-02 9.972674e-01 -5.011899e-02 -3.161045e+01 -8.382399e-01 -1.823101e-02 5.449968e-01 2.588641e+02
5.437838e-01 7.207974e-02 8.361242e-01 1.855725e+01 -5.581819e-02 9.972050e-01 -4.966399e-02 -3.174541e+01 -8.373670e-01 -1.966447e-02 5.462873e-01 2.599430e+02
5.453973e-01 6.527638e-02 8.356319e-01 2.100873e+01 -5.521060e-02 9.975954e-01 -4.189371e-02 -3.194455e+01 -8.363573e-01 -2.328703e-02 5.476898e-01 2.615765e+02
