1.000000000000000000e+00 0.000000000000000000e+00 0.000000000000000000e+00 0.000000000000000000e+00 0.000000000000000000e+00 1.000000000000000000e+00 0.000000000000000000e+00 0.000000000000000000e+00 0.000000000000000000e+00 0.000000000000000000e+00 1.000000000000000000e+00 0.000000000000000000e+00
9.997662489966444577e-01 -7.608195076891339538e-03 2.023765635767755394e-02 1.645100000000000035e-03 7.613715949297134890e-03 9.999709960821275834e-01 -1.957650658026088386e-04 -6.036000000000000349e-04 -2.023557996754475619e-02 3.498030725088997479e-04 9.997951784946692566e-01 4.378069999999999878e-02
9.997938918766128280e-01 -9.018776626654415041e-03 1.818888216395959587e-02 1.936100000000000061e-03 9.052684940152971177e-03 9.999574344291435324e-01 -1.782757768023664246e-03 -6.692999999999999514e-04 -1.817202964971781007e-02 1.947048546809536937e-03 9.998329792222130363e-01 5.890139999999999959e-02
9.999109458134386452e-01 -1.330374514108547367e-02 -1.053948620970476292e-03 1.953700000000000055e-03 1.329838134845814750e-02 9.998993572941788921e-01 -4.942503029746249735e-03 -1.129900000000000088e-03 1.119596349396252428e-03 4.928047068476010956e-03 9.999872303465207057e-01 9.018750000000000377e-02
9.997744488718137701e-01 -1.230798653365122210e-02 -1.730794183455886329e-02 7.866000000000000379e-04 1.222535961242533949e-02 9.999133999818597962e-01 -4.871664917055941978e-03 -1.600400000000000086e-03 1.736640335267760835e-02 4.658970294459331175e-03 9.998383379478841260e-01 1.065437999999999941e-01
9.983982237884695410e-01 -4.326939100277269259e-03 -5.641156206002138213e-02 -2.709800000000000056e-03 3.980093597460054172e-03 9.999724890989099002e-01 -6.259384976646888143e-03 -2.110700000000000076e-03 5.643709410471636073e-02 6.024835545714672322e-03 9.983879785762960202e-01 1.403942999999999997e-01
9.970655574483129335e-01 -4.466784868847942062e-03 -7.642199934063645395e-02 -4.883900000000000047e-03 3.971773264258580786e-03 9.999701461612551245e-01 -6.628107073314020922e-03 -2.291599999999999974e-03 7.644932417897576382e-02 6.305126420098623730e-03 9.970535322706621795e-01 1.581220000000000125e-01
9.931419600562992889e-01 -7.403658622972242830e-03 -1.166800454856208175e-01 -1.037459999999999945e-02 6.858985946299391880e-03 9.999636294853911922e-01 -5.068926729760619629e-03 -2.941599999999999944e-03 1.167133303754139401e-01 4.233857035576781697e-03 9.931566205625785848e-01 1.952705000000000135e-01
9.908695281938915134e-01 -6.018667979059318975e-03 -1.346898427223546801e-01 -1.358600000000000085e-02 5.420702472531306083e-03 9.999737594808810748e-01 -4.805864581673862691e-03 -3.094899999999999821e-03 1.347152332942310182e-01 4.031871207136993561e-03 9.908761526714879864e-01 2.149376000000000064e-01
9.864495916543044585e-01 -4.528462393907239751e-03 -1.640021224051773363e-01 -2.119439999999999866e-02 3.926733808798077950e-03 9.999843180886648364e-01 -3.993036231077488896e-03 -3.893199999999999873e-03 1.640176328528449579e-01 3.294936280844181289e-03 9.864519043056556580e-01 2.558090000000000086e-01
9.844000907331692529e-01 -5.855951067935229355e-03 -1.758470050970958598e-01 -2.557699999999999904e-02 5.117376830206949063e-03 9.999760794489948035e-01 -4.653276715947895180e-03 -4.292100000000000082e-03 1.758700481005955052e-01 3.680810631840490156e-03 9.844065104489032603e-01 2.771860999999999908e-01
9.825654272502819531e-01 -9.662336891505517514e-03 -1.856658838297065295e-01 -2.980800000000000116e-02 8.464042222088888692e-03 9.999379286637544162e-01 -7.245606179141089905e-03 -4.509899999999999846e-03 1.857243687880880401e-01 5.547798251158960435e-03 9.825862205286775009e-01 2.993138000000000187e-01
9.810794468664326695e-01 -8.851822282897121169e-03 -1.934031131562425621e-01 -3.461759999999999837e-02 7.280390861007780129e-03 9.999344724984368105e-01 -8.834399707048083000e-03 -4.968600000000000100e-03 1.934686404696257800e-01 7.259197720474546561e-03 9.810796039074962671e-01 3.220872000000000179e-01
9.796338078036523900e-01 -8.325523326425037646e-03 -2.006197604162107129e-01 -3.995200000000000140e-02 6.341841292453144138e-03 9.999244636890561866e-01 -1.052843602699916024e-02 -5.268600000000000019e-03 2.006922610793400175e-01 9.041713194656761030e-03 9.796126090273479248e-01 3.454131999999999758e-01
9.779163476912633435e-01 -9.275444112928771245e-03 -2.087907638155672707e-01 -4.528279999999999805e-02 6.639636420860045574e-03 9.998892202061465673e-01 -1.332150681202362401e-02 -5.789200000000000422e-03 2.088911969097282384e-01 1.164102452758940080e-02 9.778695998964120895e-01 3.694675000000000042e-01
9.761738293457401516e-01 -1.339611581540292237e-02 -2.165760812775367472e-01 -5.080139999999999656e-02 1.044125692108922171e-02 9.998362220541534562e-01 -1.478205744764313039e-02 -6.423100000000000163e-03 2.167386330453841548e-01 1.216853111669304911e-02 9.761538258881540253e-01 3.943788999999999767e-01
9.742362022612603978e-01 -2.016074037891634960e-02 -2.246271727795426110e-01 -5.621690000000000020e-02 1.699507763360975574e-02 9.997272623178304896e-01 -1.601774998941270234e-02 -7.080300000000000309e-03 2.248888381840773720e-01 1.178751567844917546e-02 9.743131246854608296e-01 4.198777000000000204e-01
9.722094852217825212e-01 -2.015786890026870920e-02 -2.332431717461333209e-01 -6.260010000000000574e-02 1.621068125331197318e-02 9.996913152193797059e-01 -1.882785405324701941e-02 -7.608900000000000038e-03 2.335507025425104521e-01 1.452358758525006989e-02 9.722361517376081341e-01 4.457825000000000260e-01
9.701937033618669437e-01 -1.635662073473021644e-02 -2.417780778216374604e-01 -6.999800000000000466e-02 1.110519993014429455e-02 9.996722431943081411e-01 -2.306687498061721006e-02 -8.323000000000000537e-03 2.420761295367577226e-01 1.969434296949493582e-02 9.700573593161915253e-01 4.717775000000000163e-01
9.656752346127714937e-01 -1.632045602889373517e-02 -2.592392408000331328e-01 -8.498719999999999886e-02 9.519074758256862445e-03 9.995773122096147656e-01 -2.746969478441584761e-02 -1.025550000000000073e-02 2.595779814840144528e-01 2.405908624223273423e-02 9.654224111226512584e-01 5.262090999999999852e-01
9.611820270083845097e-01 -1.826389522521165015e-02 -2.753099000894371207e-01 -1.019512999999999947e-01 9.762332894520796278e-03 9.994331611837848905e-01 -3.221883273247721363e-02 -1.249620000000000071e-02 2.757422851368827033e-01 2.828049605981618544e-02 9.608154899511669456e-01 5.833916000000000102e-01
9.564834323154230988e-01 -1.774776882704751785e-02 -2.912463912356152984e-01 -1.204252999999999990e-01 6.093728032591994720e-03 9.991457751011701971e-01 -4.087280974127580069e-02 -1.514850000000000051e-02 2.917230024951275591e-01 3.731938905104702220e-02 9.557745304286384691e-01 6.425094999999999557e-01
9.533419165210746948e-01 -2.098912097404463661e-02 -3.011621606454918942e-01 -1.401683999999999986e-01 4.142577727229401416e-03 9.983957904906538561e-01 -5.646843879829040874e-02 -1.858869999999999967e-02 3.018642563366819576e-01 5.258614200794089338e-02 9.518995054179946180e-01 7.042467999999999506e-01
9.506772128451255188e-01 -2.070105997901858230e-02 -3.094903925694124092e-01 -1.613301000000000041e-01 -2.410926015627668298e-03 9.972472176932429822e-01 -7.410920481851737684e-02 -2.273179999999999992e-02 3.101725719865814912e-01 7.120009072206906486e-02 9.480102967101138312e-01 7.676566999999999696e-01
9.479214749389037742e-01 -1.787744868992688363e-02 -3.180020034182052258e-01 -1.842618000000000034e-01 -1.056041623835842630e-02 9.961104248992170840e-01 -8.747856317963660644e-02 -2.850319999999999937e-02 3.183290042684231991e-01 8.628104215550534695e-02 9.440456698730385066e-01 8.316063000000000205e-01
9.446217127392800839e-01 -1.544416414459105942e-02 -3.277976473609656161e-01 -2.085193999999999936e-01 -1.788643308044965408e-02 9.949839797845787537e-01 -9.842233224070484621e-02 -3.527999999999999886e-02 3.276734583898543995e-01 9.883500273645981493e-02 9.396072301237982094e-01 8.985047000000000450e-01
9.412476932158427845e-01 -1.150184625947670361e-02 -3.375210920053414165e-01 -2.346347000000000016e-01 -2.468144716215362258e-02 9.944044618310484696e-01 -1.027160769134260326e-01 -4.294629999999999975e-02 3.368139043772341301e-01 1.050117794493855700e-01 9.356970236112953643e-01 9.672766000000000419e-01
9.390293744180262525e-01 -1.091097399092898559e-02 -3.436637668225434039e-01 -2.473455999999999988e-01 -2.565101305175069776e-02 9.944881398444382903e-01 -1.016629983728976200e-01 -4.706210000000000254e-02 3.428787825303705183e-01 1.042798655317417472e-01 9.335736982880209478e-01 1.001093299999999964e+00
9.343160464229268714e-01 -1.082901250168743709e-02 -3.562811500554995958e-01 -2.747801000000000271e-01 -2.599935726237257230e-02 9.948055016558937647e-01 -9.841771841040178326e-02 -5.482460000000000111e-02 3.554962149145537986e-01 1.012163344693134126e-01 9.291811959020810363e-01 1.070036200000000104e+00
9.279114516285876801e-01 -8.150006962305202107e-03 -3.727115712223615374e-01 -3.045399999999999774e-01 -2.719496449294086377e-02 9.956176204821104436e-01 -8.947618505372222086e-02 -6.253359999999999475e-02 3.718074391977045368e-01 9.316185470488784481e-02 9.236233523385983801e-01 1.142303700000000033e+00
9.208032439940156966e-01 -2.163356005472280574e-04 -3.900273567956549225e-01 -3.363925999999999861e-01 -3.383155771467080686e-02 9.961863984953727158e-01 -8.042440646605579502e-02 -6.987490000000000367e-02 3.885573465432047291e-01 8.725028740197017518e-02 9.172843483868988734e-01 1.215371500000000049e+00
9.130526691739764278e-01 -7.918712939535658968e-04 -4.078408957597692286e-01 -3.696575000000000277e-01 -3.386717314209482244e-02 9.963971231778041560e-01 -7.775466228052900497e-02 -7.717000000000000248e-02 4.064330669343237945e-01 8.480652016708127572e-02 9.097362344325468086e-01 1.287953499999999973e+00
9.054158815621632383e-01 1.553064658020991695e-03 -4.245228726525566709e-01 -4.057141000000000219e-01 -3.687843133055557915e-02 9.965007548897789613e-01 -7.500817826542698075e-02 -8.371770000000000600e-02 4.229208705155236836e-01 8.356933345593096918e-02 9.023048840542331472e-01 1.363403399999999932e+00
8.978992945104724566e-01 8.127279257438765891e-04 -4.402001776361689211e-01 -4.439490999999999854e-01 -3.448683154006098456e-02 9.970546089526777234e-01 -6.850376060152021940e-02 -9.040220000000000200e-02 4.388479410546702875e-01 7.669058768546277438e-02 8.952826583780872927e-01 1.439961999999999964e+00
8.902794556106868873e-01 3.443377150102332543e-03 -4.554016184329400252e-01 -4.844834000000000085e-01 -3.389319905472793631e-02 9.976992457043638574e-01 -5.871512734193878869e-02 -9.670209999999999917e-02 4.541516728752361676e-01 6.770788930948631879e-02 8.883478483960429717e-01 1.518432299999999957e+00
8.832574628460889699e-01 8.354729020497858594e-04 -4.688875732110200367e-01 -5.266330000000000178e-01 -3.071014802728378595e-02 9.979543476038108540e-01 -5.607144466477157613e-02 -1.019142999999999993e-01 4.678815460507413926e-01 6.392512873418530750e-02 8.814762825972606297e-01 1.597698999999999980e+00
8.772592814538675565e-01 1.807047776880782788e-03 -4.800134244803742622e-01 -5.711408999999999514e-01 -3.082871317712668202e-02 9.981405211536721334e-01 -5.258412759491512545e-02 -1.082599999999999951e-01 4.790258276407300397e-01 6.092811017426955078e-02 8.756837453348701450e-01 1.678119799999999939e+00
8.724827071715930416e-01 -1.584684056818320280e-03 -4.886424198357816606e-01 -6.175171000000000410e-01 -2.797363710303140544e-02 9.981927949248721177e-01 -5.318477025709482386e-02 -1.132948000000000011e-01 4.878436238322236274e-01 6.007189805984258779e-02 8.708616226185028619e-01 1.760893199999999936e+00
8.710372198316710390e-01 -2.560719591488406360e-03 -4.912103463721900765e-01 -6.414691000000000143e-01 -2.724755177749936183e-02 9.981949446570789197e-01 -5.352030813797413467e-02 -1.161761999999999934e-01 4.904607350135642418e-01 6.000245975145498956e-02 8.693951761044740323e-01 1.803427300000000066e+00
8.703621695800255464e-01 -8.777565128311980158e-04 -4.924113354782310159e-01 -6.903899000000000008e-01 -2.769660715053805927e-02 9.983280436192564222e-01 -5.073475412078776170e-02 -1.219458999999999960e-01 4.916325779647841010e-01 5.779573398489035174e-02 8.688826511197287328e-01 1.888133599999999968e+00
8.695637497236318181e-01 -4.384958051576664378e-03 -4.938012325920856926e-01 -7.404895999999999701e-01 -2.397474555486216186e-02 9.984065281773027989e-01 -5.108440142082786017e-02 -1.276684999999999903e-01 4.932383771992572830e-01 5.625990255795486339e-02 8.680729961368529590e-01 1.974825599999999959e+00
8.668172593854988062e-01 -6.646911869457890372e-03 -4.985816456649930783e-01 -7.928083000000000213e-01 -2.104868218157965321e-02 9.985320646224937757e-01 -4.990660175927506825e-02 -1.331903000000000115e-01 4.981814848123441442e-01 5.375439036338972021e-02 8.654049189291845856e-01 2.064885100000000140e+00
8.618050967288700681e-01 -6.973560371839588809e-03 -5.071916252343714460e-01 -8.457649999999999890e-01 -1.660500681632408326e-02 9.989817130252570676e-01 -4.195009880504074057e-02 -1.393040000000000112e-01 5.069677001553182238e-01 4.457472935266302422e-02 8.608117358065956459e-01 2.154791799999999924e+00
8.578938871590209292e-01 -7.200971468854182496e-03 -5.137764342445940713e-01 -8.723642999999999814e-01 -1.554482772817166250e-02 9.990803822954519298e-01 -3.995932986518836022e-02 -1.421930000000000138e-01 5.135917023337570608e-01 4.226743098744253219e-02 8.569930148908071477e-01 2.198425100000000132e+00
8.465973351520553747e-01 -1.386953689054861577e-02 -5.320531816086434551e-01 -9.270076999999999900e-01 -1.196255106124652010e-02 9.989120117421631528e-01 -4.507427391907199016e-02 -1.483829999999999871e-01 5.320994732994438481e-01 4.452447353609220032e-02 8.455103321490449186e-01 2.286245599999999989e+00
8.404839160802146658e-01 -1.398479815461984264e-02 -5.416559906721618578e-01 -9.553686000000000123e-01 -1.227047033256210319e-02 9.989192379531842692e-01 -4.483069935710736614e-02 -1.508067999999999909e-01 5.416975377166526329e-01 4.432585552027366177e-02 8.394039529118930698e-01 2.329864999999999853e+00
8.346849619897359629e-01 -1.115621446712754261e-02 -5.506147047681858586e-01 -9.845133000000000356e-01 -1.276911840865484205e-02 9.991339909177098244e-01 -3.960072989119595155e-02 -1.535820999999999992e-01 5.505796616687351763e-01 4.008499808673018916e-02 8.338196622082787446e-01 2.373429100000000069e+00
8.295209424359598627e-01 -6.455195590636560003e-03 -5.584383014353900831e-01 -1.013830699999999974e+00 -1.597244357194237130e-02 9.992499383524358070e-01 -3.527664594309445900e-02 -1.561703000000000119e-01 5.582471559322969012e-01 3.818234084678351348e-02 8.287956453438699578e-01 2.416156299999999924e+00
8.256111158253011117e-01 -6.836161521677982383e-03 -5.641981498740941126e-01 -1.042883900000000086e+00 -1.685236866635024186e-02 9.991817450612342499e-01 -3.676734973750740015e-02 -1.586874000000000062e-01 5.639878394930467609e-01 3.986360786527353567e-02 8.248203499380510895e-01 2.458138700000000121e+00
8.222681435814248596e-01 -8.623230773213114153e-03 -5.690349197915617330e-01 -1.072486400000000062e+00 -1.774535793496907418e-02 9.990104931231152952e-01 -4.078157551725897223e-02 -1.614903000000000033e-01 5.688235247622209778e-01 4.363111872209990416e-02 8.213014812820813582e-01 2.500121800000000061e+00
8.193667041708352361e-01 -1.047654408046505212e-02 -5.731740103322489066e-01 -1.102525399999999989e+00 -2.070865118093799875e-02 9.986395140881604293e-01 -4.785679333207569497e-02 -1.642307000000000072e-01 5.728955889710525273e-01 5.108192367063756067e-02 8.180350122162364235e-01 2.541704900000000045e+00
8.159611908027298854e-01 -1.183046796194207363e-02 -5.779856184470272273e-01 -1.132563699999999951e+00 -2.043771980463179871e-02 9.985752900673644517e-01 -4.929188245610299779e-02 -1.671083999999999903e-01 5.777453026316859974e-01 5.203297122671715624e-02 8.145568950001842445e-01 2.583720200000000133e+00
8.130243411062481051e-01 -9.654560197374715061e-03 -5.821496459125835576e-01 -1.163208599999999926e+00 -2.067586416677310440e-02 9.987531095832893335e-01 -4.543935231346372949e-02 -1.700386999999999871e-01 5.818624660602437215e-01 4.897974647857215869e-02 8.118109724715394382e-01 2.625363300000000066e+00
8.070712555235894925e-01 -5.247208482437802982e-03 -5.904307370985345527e-01 -1.225318600000000036e+00 -2.094216602334567079e-02 9.990769692172453142e-01 -3.750513647400859768e-02 -1.751952999999999983e-01 5.900825486233495232e-01 4.263421610426556402e-02 8.062164159996663138e-01 2.708878299999999850e+00
8.039992594971920870e-01 -4.934243500694169768e-03 -5.946098249852946882e-01 -1.256420099999999929e+00 -2.211547166580451335e-02 9.990256047080294799e-01 -3.819354723975048466e-02 -1.776018000000000041e-01 5.942188962335057667e-01 4.385766043500167327e-02 8.031067232816584411e-01 2.750224400000000013e+00
8.001956759837435262e-01 -6.095536469239713415e-03 -5.997080327726750371e-01 -1.287458699999999956e+00 -2.217743547971989110e-02 9.989637037942462605e-01 -3.974518659188946285e-02 -1.805474999999999997e-01 5.993288258481003217e-01 4.510391265548275436e-02 7.992312528741003508e-01 2.791680100000000220e+00
7.963101186545362697e-01 -8.845876712868357139e-03 -6.048238961826649662e-01 -1.319334500000000077e+00 -2.100660457986416874e-02 9.988855116823717184e-01 -4.226650109805291100e-02 -1.832033999999999885e-01 6.045237112739446639e-01 4.636253893206465637e-02 7.952368184958170660e-01 2.833198799999999906e+00
7.874273429999880669e-01 -1.048655813849183084e-02 -6.163182713455664929e-01 -1.384445200000000042e+00 -1.908992132174956030e-02 9.989608041073579914e-01 -4.138703614793283470e-02 -1.891638999999999959e-01 6.161118034901690299e-01 4.435475121775477036e-02 7.864088641695886617e-01 2.916427899999999962e+00
7.774598784008422969e-01 -1.191714071361961967e-02 -6.288196237667519339e-01 -1.451155299999999926e+00 -1.884824153785131032e-02 9.989299055595416421e-01 -4.223490937288974789e-02 -1.942448999999999981e-01 6.286500467413317361e-01 4.468809165781398307e-02 7.764033057606751775e-01 2.997577399999999948e+00
7.665193755689329036e-01 -1.452755731349011752e-02 -6.420568486948149411e-01 -1.519536999999999916e+00 -1.750923881586450084e-02 9.988997613605772319e-01 -4.350509521735242829e-02 -2.001792000000000016e-01 6.419824557053738223e-01 4.458942511723084506e-02 7.654216548636526563e-01 3.078731100000000165e+00
7.550023145554979331e-01 -1.741393199077623244e-02 -6.554908542370835312e-01 -1.589174599999999993e+00 -1.668164087026023645e-02 9.988136792391524299e-01 -4.574884722725872099e-02 -2.061863999999999919e-01 6.555098991424282984e-01 4.547514856894933899e-02 7.538161466756435614e-01 3.158634399999999953e+00
7.423557921718787478e-01 -1.932112308143036500e-02 -6.697272370388817064e-01 -1.661453800000000092e+00 -1.397083662810316186e-02 9.989204028866557339e-01 -4.430400005272876196e-02 -2.120304000000000078e-01 6.698602044850648918e-01 4.224598086958755716e-02 7.412844147475334822e-01 3.239500000000000046e+00
7.298663471691089200e-01 -2.101908144307653575e-02 -6.832666488899564738e-01 -1.735973699999999953e+00 -1.276825213393838719e-02 9.989336179645399438e-01 -4.436889268078132026e-02 -2.180979999999999863e-01 6.834706189789477859e-01 4.110748247659819915e-02 7.288196538767119925e-01 3.318986699999999956e+00
7.166750626072370123e-01 -2.283502518287276045e-02 -6.970332963795993209e-01 -1.811905700000000063e+00 -1.270130536361983864e-02 9.988706808340374055e-01 -4.578252736805469431e-02 -2.242106000000000099e-01 6.972915684840688133e-01 4.166442841374596445e-02 7.155756730954336842e-01 3.399224999999999941e+00
7.018869194415869872e-01 -2.292923666083185319e-02 -7.119192386942150286e-01 -1.933214500000000058e+00 -1.358403786088712741e-02 9.988690663716878193e-01 -4.556382513734718448e-02 -2.339467000000000074e-01 7.121588490162802376e-01 4.165139075594392198e-02 7.007816603021961299e-01 3.518138400000000221e+00
6.909615735860328289e-01 -2.757088983938845578e-02 -7.223655237211822344e-01 -2.014439600000000219e+00 -1.305881790203395482e-02 9.986332936441933983e-01 -5.060644326913162766e-02 -2.405548000000000131e-01 7.227735268412333047e-01 4.440034750781379075e-02 6.896571887819848978e-01 3.596644899999999812e+00
6.811773480534917269e-01 -2.731077430767748018e-02 -7.316088723529310389e-01 -2.097982399999999803e+00 -1.425185640963595388e-02 9.986199564142563823e-01 -5.054767294414058004e-02 -2.465236000000000094e-01 7.319797163089230008e-01 4.485871440315456621e-02 6.798480643896875897e-01 3.674261299999999952e+00
6.709153709169528579e-01 -2.858143387588581510e-02 -7.409829058115752209e-01 -2.183481500000000075e+00 -1.280770242598164646e-02 9.986612139147805767e-01 -5.011728824292462081e-02 -2.534208000000000016e-01 7.414233121678431848e-01 4.311474759122745082e-02 6.696510962540191958e-01 3.751562100000000122e+00
6.662277671348593167e-01 -2.961945982340903269e-02 -7.451598821046857557e-01 -2.226703200000000216e+00 -1.198540981095612065e-02 9.986566092574247211e-01 -5.041157345418436492e-02 -2.568273999999999835e-01 7.456520047918889782e-01 4.251663658184460376e-02 6.649777615556811128e-01 3.789843299999999804e+00
6.580991017381789820e-01 -3.126804625111986174e-02 -7.522817833598257620e-01 -2.314894900000000089e+00 -9.497810026683492848e-03 9.987130761212741348e-01 -4.981950611034818843e-02 -2.640142999999999796e-01 7.528714125905558996e-01 3.993120168514616153e-02 6.569552003263854356e-01 3.866151799999999916e+00
6.498824294501301946e-01 -3.848762387719617539e-02 -7.590596357996413079e-01 -2.404203199999999985e+00 -4.144836895618324996e-03 9.985226847214232482e-01 -5.417811757370314535e-02 -2.712080000000000046e-01 7.600234524138747005e-01 3.835558505626995157e-02 6.487628232843540843e-01 3.942808600000000219e+00
6.298847653754137133e-01 -4.991007249318824002e-02 -7.750833290760965610e-01 -2.540673500000000029e+00 1.030520769192320996e-02 9.983823883779830988e-01 -5.591430292063563623e-02 -2.829512000000000138e-01 7.766202321871265024e-01 2.723217289161794161e-02 6.293801901213722516e-01 4.056369799999999692e+00
6.118853584400069101e-01 -4.968311237895944171e-02 -7.893845048334073855e-01 -2.634660499999999850e+00 1.391934284295843344e-02 9.985470458388333581e-01 -5.205813232684147057e-02 -2.906663999999999914e-01 7.908239753709824793e-01 2.086589540083152311e-02 6.116878733370125776e-01 4.129888499999999851e+00
5.839541068614613195e-01 -5.292268739540130496e-02 -8.100597448574282655e-01 -2.780162799999999823e+00 1.237071694244648926e-02 9.983369504028724029e-01 -5.630540669085432742e-02 -3.019117000000000051e-01 8.116924087620649431e-01 2.285875366552752447e-02 5.836376538049065088e-01 4.235508000000000273e+00
5.644274103619902894e-01 -5.547655515866450893e-02 -8.236164460838463208e-01 -2.879890899999999920e+00 1.634145150216145467e-02 9.982945850585778214e-01 -5.604354026580257025e-02 -3.101630000000000220e-01 8.253209408435363548e-01 1.817342208968312361e-02 5.643713948586428497e-01 4.303791499999999992e+00
5.434544189340768661e-01 -5.612593681006131097e-02 -8.375602508227201204e-01 -2.981211200000000172e+00 1.762340226571057836e-02 9.983052196756967422e-01 -5.546263661997935523e-02 -3.183804000000000078e-01 8.392536626274597067e-01 1.538075373484448782e-02 5.435225130396552640e-01 4.370966899999999988e+00
5.228826850484680211e-01 -5.781985660329766463e-02 -8.504413923715606893e-01 -3.084540099999999896e+00 1.607989134283186253e-02 9.981883315282572555e-01 -5.797837437559572732e-02 -3.263183000000000056e-01 8.522529758064253391e-01 1.664088288547545952e-02 5.228651319851845836e-01 4.435860199999999587e+00
4.946581884385450878e-01 -5.701123294443369294e-02 -8.672156571054586705e-01 -3.244168999999999858e+00 1.466309189990412307e-02 9.982515112957378589e-01 -5.726180168061825726e-02 -3.395409999999999817e-01 8.689639062392821023e-01 1.560895620888878843e-02 4.946292451315805749e-01 4.528596900000000147e+00
4.860461025387932121e-01 -5.599633610520658722e-02 -8.721373725220364914e-01 -3.297838399999999837e+00 1.620742933104006925e-02 9.983510840995503122e-01 -5.506752320317214594e-02 -3.435527999999999915e-01 8.737828708788746290e-01 1.263025019725650538e-02 4.861522100521876721e-01 4.558954700000000138e+00
4.710183736825131473e-01 -5.895619464618875871e-02 -8.801510431547084901e-01 -3.406825099999999829e+00 1.747518669073175671e-02 9.981919105036313189e-01 -5.751110897239362918e-02 -3.519351000000000007e-01 8.819502874332570963e-01 1.170798522168381775e-02 4.711970008164784174e-01 4.617208999999999897e+00
4.578344468882548646e-01 -6.555478876713079217e-02 -8.866172730734623864e-01 -3.513633500000000076e+00 2.152105818464828887e-02 9.978027128724008543e-01 -6.266251063506921015e-02 -3.601622999999999908e-01 8.887769480005310863e-01 9.608113975908119664e-03 4.582392615748756004e-01 4.672604999999999897e+00
4.526230337294625539e-01 -6.852509025769655537e-02 -8.890650714895463880e-01 -3.568249900000000085e+00 2.361458385993297701e-02 9.976143112783477651e-01 -6.486938693829344404e-02 -3.653456999999999955e-01 8.913892195705869215e-01 8.366477024553543862e-03 4.531614075531340546e-01 4.700147600000000203e+00
4.434635829057926304e-01 -6.678946689621603761e-02 -8.938004350793730124e-01 -3.678457700000000052e+00 2.730259747231864043e-02 9.977635623425546996e-01 -6.101181715667534922e-02 -3.745913000000000159e-01 8.958764528703843100e-01 2.653445536336975635e-03 4.442953301793346466e-01 4.755136000000000251e+00
4.400288754768358346e-01 -6.478964029005211678e-02 -8.956432834882853689e-01 -3.733299500000000215e+00 3.032970588816819371e-02 9.978970245123957028e-01 -5.728557767923986993e-02 -3.792024999999999979e-01 8.974712795891178763e-01 -1.957289041676087138e-03 4.410685562724674380e-01 4.781801200000000307e+00
4.332442275733833226e-01 -6.441672221640425133e-02 -8.989715930846963188e-01 -3.842778000000000027e+00 3.412702732389391591e-02 9.978997442385899586e-01 -5.505857294364879806e-02 -3.878281000000000089e-01 9.006302156159188277e-01 -6.825419214341984370e-03 4.345326551275195959e-01 4.835417299999999585e+00
4.309272226147269902e-01 -6.382266442130266060e-02 -9.001268778987345787e-01 -3.896923800000000160e+00 3.604150007601389372e-02 9.979171112225845297e-01 -5.350186353242917386e-02 -3.916783999999999821e-01 9.016666452086536943e-01 -9.386513481467538556e-03 4.323299137034517514e-01 4.861434499999999659e+00
4.259389360779267109e-01 -6.415918844234919094e-02 -9.024741665395320522e-01 -4.006592799999999954e+00 4.052930602298884799e-02 9.978342021878946477e-01 -5.181004050705705077e-02 -3.996861999999999915e-01 9.038436801162571532e-01 -1.450873814179233154e-02 4.276167658446452524e-01 4.913416400000000017e+00
4.234984188955244755e-01 -6.455506913960357140e-02 -9.035937871861291493e-01 -4.060099100000000405e+00 4.246740351536296143e-02 9.977758363808086894e-01 -5.137995692136285153e-02 -4.033611999999999753e-01 9.049008834295909631e-01 -1.661395145529102890e-02 4.252979752895457155e-01 4.938784599999999969e+00
4.213637300024826726e-01 -6.368974865780835382e-02 -9.046525426672388237e-01 -4.113261200000000173e+00 4.561644298695208960e-02 9.977566739084667846e-01 -4.899754892167241388e-02 -4.072407000000000110e-01 9.057437535901714520e-01 -2.062124116096631515e-02 4.233237735414445702e-01 4.963319799999999837e+00
4.192821551278366754e-01 -6.299781096631222599e-02 -9.056675715762432244e-01 -4.166091400000000000e+00 4.709011613031864607e-02 9.977557251906182811e-01 -4.760287609143444565e-02 -4.108142000000000182e-01 9.066338816491417152e-01 -2.268895464308895438e-02 4.213077449834194965e-01 4.987911699999999726e+00
4.176750126006266162e-01 -6.428757468969714672e-02 -9.063193099507386163e-01 -4.218370000000000175e+00 4.944593165692026671e-02 9.976238303092804793e-01 -4.797700534234356634e-02 -4.145789999999999753e-01 9.072500667906536753e-01 -2.477500634826768772e-02 4.198613049196100455e-01 5.011866099999999768e+00
4.165461515571611817e-01 -6.493975863561626816e-02 -9.067922206168658184e-01 -4.269933700000000165e+00 5.027312838876694251e-02 9.975646328428571241e-01 -4.834682888362105274e-02 -4.185050000000000159e-01 9.077234800229226908e-01 -2.544859621754180096e-02 4.187964335636484847e-01 5.035494800000000382e+00
4.160827094353514721e-01 -6.623310365489747109e-02 -9.069114371807076580e-01 -4.321018699999999768e+00 5.019573473890973081e-02 9.974960784699069549e-01 -4.981928995056284643e-02 -4.221916000000000002e-01 9.079402883025722293e-01 -2.479414078763062662e-02 4.183654902828928268e-01 5.058718700000000013e+00
4.164134950847383498e-01 -6.699432475992508906e-02 -9.067036790270976976e-01 -4.370949300000000370e+00 4.963616777951410097e-02 9.974692715105146767e-01 -5.090484496044705987e-02 -4.260727999999999738e-01 9.078193939101963927e-01 -2.380783153176523406e-02 4.186850071333801937e-01 5.081678400000000373e+00
4.188795585833882673e-01 -6.711644941186392654e-02 -9.055580034538541767e-01 -4.421242200000000011e+00 4.788737806030307631e-02 9.975096875352081893e-01 -5.178052042921938575e-02 -4.296163000000000065e-01 9.067782057501687643e-01 -2.167499692631841973e-02 4.210504483844527135e-01 5.104429200000000222e+00
4.235156233584203567e-01 -6.670759704550328906e-02 -9.034293626331519889e-01 -4.470405099999999798e+00 4.510006899593799190e-02 9.976010046808341247e-01 -5.251875128325032838e-02 -4.336828999999999823e-01 9.047654395189341781e-01 -1.850221489997984012e-02 4.255081285896953336e-01 5.126880599999999788e+00
4.285769761402263289e-01 -6.786872036660081264e-02 -9.009526138029125830e-01 -4.519387700000000230e+00 4.446298565507234707e-02 9.975508072430206985e-01 -5.399472081078617036e-02 -4.371459999999999790e-01 9.024105597947847945e-01 -1.691814897079634353e-02 4.305449544545438822e-01 5.149923799999999829e+00
4.342087822622052173e-01 -6.733815042022135711e-02 -8.982918829113154535e-01 -4.567508199999999796e+00 4.374492715659739767e-02 9.976018184287978041e-01 -5.363761008490214310e-02 -4.412463999999999831e-01 8.997494733282352941e-01 -1.600579162489787835e-02 4.361131732475224121e-01 5.173023200000000266e+00
4.409185387241266740e-01 -6.636052897668520689e-02 -8.950905665927417765e-01 -4.615405100000000260e+00 4.293775022735675517e-02 9.976807517515771107e-01 -5.281540674671577479e-02 -4.448645999999999989e-01 8.965194876938225033e-01 -1.514588321434007928e-02 4.427453109936497766e-01 5.196504599999999918e+00
4.492565561562308352e-01 -6.453178453820269944e-02 -8.910691306149924884e-01 -4.663424000000000014e+00 4.067070642565696892e-02 9.978311329265174834e-01 -5.175832108386697883e-02 -4.485194000000000125e-01 8.924765769416480587e-01 -1.298764593364122588e-02 4.509067316681144577e-01 5.220184800000000180e+00
4.587044885885896428e-01 -6.394192068206738799e-02 -8.862852943201576794e-01 -4.710874099999999842e+00 4.004553555053201597e-02 9.978817686140499799e-01 -5.126725026921651052e-02 -4.521114999999999995e-01 8.876860634431248398e-01 -1.197525144552741283e-02 4.602934348018281607e-01 5.243751999999999747e+00
4.775112836279268858e-01 -6.440003973725230701e-02 -8.762622945727207568e-01 -4.802617999999999832e+00 3.922544396833228808e-02 9.978783788163477775e-01 -5.196254070332508024e-02 -4.593084000000000056e-01 8.777495876122622942e-01 -9.559078025511400650e-03 4.790243057234209179e-01 5.293164700000000167e+00
4.879027052240745288e-01 -6.573205325847476799e-02 -8.704195812419747158e-01 -4.848246600000000406e+00 3.691177055373449922e-02 9.978223793833003175e-01 -5.466278804120411339e-02 -4.626286000000000009e-01 8.721172349114642008e-01 -5.458605707887764086e-03 4.892665247021377173e-01 5.318266900000000241e+00
4.990687304932961421e-01 -6.713313381144456193e-02 -8.639580687674978110e-01 -4.892664400000000136e+00 3.668095918016086449e-02 9.977376268899098566e-01 -5.633946327144402633e-02 -4.664460999999999746e-01 8.657857179911395695e-01 -3.573546242277934187e-03 5.004021585583151577e-01 5.343782899999999891e+00
5.244172733353736904e-01 -6.157408012728848162e-02 -8.492320978884217997e-01 -4.981301300000000154e+00 3.162479097668478151e-02 9.981021516658767911e-01 -5.283907110867970547e-02 -4.738622000000000112e-01 8.508739013644577298e-01 8.529340099748712600e-04 5.253692763003957600e-01 5.396562099999999695e+00
5.371965655665632555e-01 -5.961908007247699454e-02 -8.413473808331494164e-01 -5.024405500000000302e+00 3.090535438882702907e-02 9.982202242050451924e-01 -5.100238286717968805e-02 -4.772073000000000009e-01 8.428906862776394115e-01 1.396165943199943055e-03 5.380830249200108106e-01 5.423036100000000026e+00
5.607815179814809037e-01 -5.892934305467791012e-02 -8.258640454805682429e-01 -5.109808400000000361e+00 3.115316207938058357e-02 9.982593810029786185e-01 -5.007682829419152215e-02 -4.845315000000000039e-01 8.273775254276863889e-01 2.353883322125611965e-03 5.616412463935176458e-01 5.478915200000000318e+00
5.839907677196928271e-01 -6.111211036303956096e-02 -8.094566654152273166e-01 -5.192964100000000194e+00 3.301706856393749751e-02 9.981252175871668797e-01 -5.153564979715524047e-02 -4.913108999999999948e-01 8.110885626129911152e-01 3.370457468423147807e-03 5.849136548370584832e-01 5.536256299999999797e+00
5.948826453598990982e-01 -6.002203131297561417e-02 -8.015684587149576323e-01 -5.232935000000000336e+00 3.260990531820013444e-02 9.981893219102641046e-01 -5.054376024263716738e-02 -4.950804999999999789e-01 8.031508154292981150e-01 3.928534254826102079e-03 5.957628171461040179e-01 5.565822100000000106e+00
6.159158584964041783e-01 -5.514222158412799418e-02 -7.858797558478043399e-01 -5.311741399999999835e+00 3.216563299853875818e-02 9.984757550789814529e-01 -4.485017918873004938e-02 -5.014420000000000543e-01 7.871550211403348651e-01 2.345616811162517384e-03 6.167507363395152709e-01 5.625678500000000248e+00
6.262182369777187230e-01 -5.289197906285585116e-02 -7.778516299573667858e-01 -5.349585099999999649e+00 3.051732774907711665e-02 9.985944571004952142e-01 -4.333362384133907647e-02 -5.046011999999999720e-01 7.790503272469457841e-01 3.398352392216183460e-03 6.269521822415526913e-01 5.655643500000000046e+00
6.363409912141085867e-01 -5.262309508657745521e-02 -7.696109099825412247e-01 -5.386748299999999823e+00 2.887566836801640918e-02 9.985962175072577995e-01 -4.440484384048407063e-02 -5.076557000000000430e-01 7.708672639806066762e-01 6.033592935098152504e-03 6.369672339134464512e-01 5.686071899999999957e+00
6.457455233797096961e-01 -5.206892106760148409e-02 -7.617752598331878344e-01 -5.422717600000000360e+00 2.673434257993519136e-02 9.986022435206596271e-01 -4.559423387144385942e-02 -5.103815000000000435e-01 7.630845260925448459e-01 9.076711649112816777e-03 6.462349567639893433e-01 5.715950000000000308e+00
6.553628362882267799e-01 -5.139831442981604437e-02 -7.535633789443489938e-01 -5.458322500000000410e+00 2.673283762771605857e-02 9.986353217586890763e-01 -4.486479163319023050e-02 -5.134684000000000470e-01 7.548409820648458446e-01 9.257829642695510064e-03 6.558424996793710271e-01 5.746103299999999692e+00
6.643930996865253791e-01 -4.936153148246708033e-02 -7.457514655021714178e-01 -5.492815000000000225e+00 2.631064256434590201e-02 9.987428547018414315e-01 -4.266685212044191156e-02 -5.162172999999999901e-01 7.469200487179213921e-01 8.726361883502242039e-03 6.648565946363893531e-01 5.776742900000000347e+00
6.729436566763369321e-01 -4.761646507305072190e-02 -7.381595404741628785e-01 -5.526961799999999592e+00 2.658205859554082368e-02 9.988380621280962268e-01 -4.019850500967259849e-02 -5.189740000000000464e-01 7.392159556583607349e-01 7.429528796389438250e-03 6.734274816206716752e-01 5.807810800000000384e+00
6.809756881180786259e-01 -4.727675847775801576e-02 -7.307783660590571051e-01 -5.560635999999999690e+00 2.723772806187140308e-02 9.988585761155706066e-01 -3.923838796895885717e-02 -5.217079999999999496e-01 7.317993019688778800e-01 6.815645839590579735e-03 6.814861176940087972e-01 5.839060299999999870e+00
6.887272098722910796e-01 -4.646463518294105532e-02 -7.235301431584210130e-01 -5.593476299999999846e+00 2.608467539832665452e-02 9.988862274674363828e-01 -3.931786216513721149e-02 -5.242626999999999704e-01 7.245511852801657104e-01 8.206232581946039037e-03 6.891721393497548531e-01 5.870150599999999663e+00
6.962765339865232272e-01 -4.553635861613029856e-02 -7.163277380247796700e-01 -5.625763899999999929e+00 2.537265321892024153e-02 9.989233280520191105e-01 -3.883829478891535902e-02 -5.267123000000000221e-01 7.173250425632347049e-01 8.867057993576552000e-03 6.966822508103619471e-01 5.901219399999999560e+00
7.032425875580066155e-01 -4.287668548394456269e-02 -7.096558693385339733e-01 -5.657417800000000163e+00 2.478881992879765350e-02 9.990515990951047698e-01 -3.579688187610419875e-02 -5.290569999999999995e-01 7.105176827153967256e-01 7.582360280612552086e-03 7.036384940872109084e-01 5.932727800000000329e+00
7.105634448636228839e-01 -4.045131573328181879e-02 -7.024694170417581374e-01 -5.688685900000000295e+00 2.405046920852674935e-02 9.991590336191482624e-01 -3.320843971190980820e-02 -5.313029999999999697e-01 7.032219889582455030e-01 6.701984235746033178e-03 7.109387580185180244e-01 5.964180899999999674e+00
7.179533496497049194e-01 -3.884346050116921356e-02 -6.950065994672732783e-01 -5.719118100000000204e+00 2.289025237702425886e-02 9.992193031742351295e-01 -3.219969736056633308e-02 -5.334908000000000428e-01 6.957147576937582345e-01 7.209004112222062999e-03 7.182819823626548361e-01 5.995137699999999903e+00
7.256574495423957494e-01 -3.787117330360700862e-02 -6.870131295370078828e-01 -5.748707800000000034e+00 2.198668960789352742e-02 9.992504938758040023e-01 -3.185962914171946991e-02 -5.356423999999999630e-01 6.877047705256316146e-01 8.014032790669003287e-03 7.259462265724083707e-01 6.025811700000000215e+00
7.335771309826667474e-01 -3.502378311257674931e-02 -6.787031217813296324e-01 -5.778097599999999723e+00 1.948356226316111384e-02 9.993445101740517922e-01 -3.051132226767666253e-02 -5.376476999999999506e-01 6.793268607237438195e-01 9.158853720181440311e-03 7.337786666957246684e-01 6.057131799999999622e+00
7.425094070514087763e-01 -3.259040781467213710e-02 -6.690423348029921335e-01 -5.806416999999999717e+00 1.890127402306442453e-02 9.994373512989230823e-01 -2.770780880723272555e-02 -5.394096000000000446e-01 6.695689077910282894e-01 7.927556185010009582e-03 7.427076353266224285e-01 6.088263000000000424e+00
7.519292968869207838e-01 -2.863880556418258588e-02 -6.586214020960737825e-01 -5.833893299999999726e+00 1.689574491675632784e-02 9.995649654516244320e-01 -2.417464881649572170e-02 -5.414080000000000004e-01 6.590272120989003612e-01 7.049727480544193403e-03 7.520860556183721624e-01 6.119295600000000057e+00
7.718412514283761183e-01 -2.584137091605355138e-02 -6.352899386442834029e-01 -5.886993900000000224e+00 1.364344205016823977e-02 9.996168135175427238e-01 -2.408490444361557903e-02 -5.446680999999999884e-01 6.356688910765588840e-01 9.922181323344887727e-03 7.718980575408158629e-01 6.182016800000000423e+00
7.915812581917858193e-01 -2.604990309310514091e-02 -6.105084063535484162e-01 -5.937025099999999611e+00 1.322270710649660341e-02 9.995871885888414354e-01 -2.550710539892007966e-02 -5.476014000000000159e-01 6.109208391406248939e-01 1.211837274124067353e-02 7.915989346542977589e-01 6.245355100000000270e+00
8.116061117298427607e-01 -2.217902453896115206e-02 -5.837838729129694038e-01 -5.983117599999999925e+00 1.244586391788424229e-02 9.997087200229458626e-01 -2.067790079821062860e-02 -5.508144000000000373e-01 5.840724440290805397e-01 9.516616025840892237e-03 8.116457442414845014e-01 6.308503199999999644e+00
8.303963634785245240e-01 -1.922992765583000571e-02 -5.568411707156661894e-01 -6.028694599999999681e+00 1.296040153945195346e-02 9.998004786017495871e-01 -1.519970327502108767e-02 -5.536592999999999654e-01 5.570223581810502811e-01 5.404893159356583508e-03 8.304799092189754095e-01 6.373972900000000053e+00
