1.000000000000000000e+00 0.000000000000000000e+00 0.000000000000000000e+00 0.000000000000000000e+00 0.000000000000000000e+00 1.000000000000000000e+00 0.000000000000000000e+00 0.000000000000000000e+00 0.000000000000000000e+00 0.000000000000000000e+00 1.000000000000000000e+00 0.000000000000000000e+00
9.997629947754335111e-01 -7.691465958957767121e-03 2.036653208228197606e-02 1.560100000000000028e-03 7.699620584245444460e-03 9.999703056362617692e-01 -3.220071116379588281e-04 -5.615000000000000416e-04 -2.036345060433253015e-02 4.787453639205865755e-04 9.997925288190352422e-01 4.328169999999999934e-02
9.997917419414540374e-01 -8.951924238826130739e-03 1.833946013641645292e-02 1.848899999999999893e-03 8.985534495243132844e-03 9.999580960467316926e-01 -1.751091211197778642e-03 -7.234000000000000196e-04 -1.832301600467801592e-02 1.915516384021704113e-03 9.998302845390685256e-01 5.823919999999999791e-02
9.999115827150195646e-01 -1.328197416548405896e-02 -6.449144220973773538e-04 1.689200000000000076e-03 1.327855489366791888e-02 9.998991110197830157e-01 -5.044577463310708984e-03 -1.077700000000000012e-03 7.118513048824806969e-04 5.035567903911991605e-03 9.999870680781850485e-01 8.939579999999999749e-02
9.997811535683005513e-01 -1.229536151332588645e-02 -1.692539674260833127e-02 5.747000000000000372e-04 1.221282551007265779e-02 9.999130631692463300e-01 -4.971216808308098929e-03 -1.514300000000000108e-03 1.698504821007554982e-02 4.763421958142169226e-03 9.998443968681076655e-01 1.054893999999999971e-01
9.984165571066493383e-01 -4.262573342501314172e-03 -5.609107739921485175e-02 -2.770700000000000073e-03 3.910548602774044022e-03 9.999719743216499701e-01 -6.384213411757494981e-03 -1.974399999999999853e-03 5.611671858662314188e-02 6.154757490049422332e-03 9.984052448055892315e-01 1.390417999999999932e-01
9.952732949295015619e-01 -5.807953769618020602e-03 -9.693985802126679763e-02 -7.389999999999999868e-03 5.234125951425081143e-03 9.999672504973227127e-01 -6.172670277053299466e-03 -2.455699999999999897e-03 9.697253387273120639e-02 5.636098458559660705e-03 9.952710997856148989e-01 1.749005999999999894e-01
9.931612889003816891e-01 -7.326586586690456149e-03 -1.165202787446043275e-01 -1.019570000000000025e-02 6.750041935403650398e-03 9.999629500569013896e-01 -5.341858044654040558e-03 -2.782300000000000138e-03 1.165550992604049707e-01 4.518809852900478041e-03 9.931739470978436790e-01 1.935485999999999873e-01
9.886423973622733286e-01 -5.029424719124030510e-03 -1.502029128371732691e-01 -1.706869999999999915e-02 4.442347448919328062e-03 9.999811275176858638e-01 -4.243837603004375035e-03 -3.266900000000000099e-03 1.502214221971017449e-01 3.528384255187939651e-03 9.886460816781846850e-01 2.331287999999999971e-01
9.865124063704986401e-01 -4.319771962107172604e-03 -1.636294950407278237e-01 -2.117439999999999947e-02 3.663954682595792472e-03 9.999840015687114780e-01 -4.309529291138525925e-03 -3.660000000000000059e-03 1.636454934092963498e-01 3.651873056759956469e-03 9.865124511682582531e-01 2.537287999999999766e-01
9.844306218718453794e-01 -5.747341302393442312e-03 -1.756795912704876284e-01 -2.542120000000000143e-02 4.966684319520139369e-03 9.999757438203705773e-01 -4.883013185198448007e-03 -4.131000000000000123e-03 1.757033942981239549e-01 3.934442635290491021e-03 9.844352885757741145e-01 2.749012000000000122e-01
9.810761861698092945e-01 -8.866473359686845995e-03 -1.934189819554006373e-01 -3.428319999999999979e-02 7.255368531052034699e-03 9.999328494183813421e-01 -9.036386529766097728e-03 -4.863400000000000362e-03 1.934861146387002462e-01 7.462057638391825752e-03 9.810746358650910270e-01 3.196956000000000242e-01
9.796209596857541335e-01 -8.237574766035933582e-03 -2.006861173732156223e-01 -3.958319999999999894e-02 6.170661114585937121e-03 9.999213065953289625e-01 -1.092261681553503144e-02 -5.016800000000000079e-03 2.007603005720280387e-01 9.461658346402050668e-03 9.795947012594365955e-01 3.429111000000000242e-01
9.778893526622697285e-01 -9.093485579821630055e-03 -2.089251599730789777e-01 -4.479199999999999848e-02 6.360045460433594831e-03 9.998852173206721483e-01 -1.375143648254971256e-02 -5.514999999999999937e-03 2.090262274727941461e-01 1.211860980483971291e-02 9.778349428839663293e-01 3.667113000000000178e-01
9.762128608876653457e-01 -1.279604352197931220e-02 -2.164363913663859829e-01 -5.040750000000000092e-02 9.698402576174878706e-03 9.998348669684816725e-01 -1.536814177409951375e-02 -6.089400000000000021e-03 2.165973019799420918e-01 1.290349039221517537e-02 9.761757570799982631e-01 3.912514999999999743e-01
9.742962070639991090e-01 -1.929327671303728703e-02 -2.244430225566818038e-01 -5.588730000000000087e-02 1.594031951519352813e-02 9.997327773425326303e-01 -1.674156864632552269e-02 -6.720000000000000279e-03 2.247060460122480841e-01 1.273355333990722899e-02 9.743433940376879931e-01 4.164954000000000156e-01
9.722063842549654167e-01 -1.996960285444272787e-02 -2.332722902012205890e-01 -6.209660000000000180e-02 1.594686163873784007e-02 9.996900458332319550e-01 -1.911831231635256756e-02 -7.459999999999999618e-03 2.335817715870859290e-01 1.486698435414793816e-02 9.722234973289074489e-01 4.422406999999999866e-01
9.702086072266445926e-01 -1.596357779788128844e-02 -2.417445400567002911e-01 -6.948329999999999784e-02 1.061856923085913867e-02 9.996698603075588885e-01 -2.339693099864292511e-02 -8.073600000000000221e-03 2.420382293168251431e-01 2.013292270279698828e-02 9.700578132114699992e-01 4.682057000000000024e-01
9.656356018032037358e-01 -1.589352134763722182e-02 -2.594133391121911103e-01 -8.423790000000000444e-02 8.921843269240182714e-03 9.995672621445489403e-01 -2.803014736903079382e-02 -9.906299999999999828e-03 2.597465788857353797e-01 2.475246306981731745e-02 9.653595342301922733e-01 5.223126999999999631e-01
9.612036709328268813e-01 -1.743573721833482915e-02 -2.752880274420066442e-01 -1.012426000000000020e-01 8.714371958768282050e-03 9.994215667392547520e-01 -3.287235400481172687e-02 -1.202280000000000015e-02 2.757019454168252448e-01 2.919806507470319029e-02 9.607996202587048007e-01 5.789682000000000439e-01
9.565653740471110611e-01 -1.724845346910700017e-02 -2.910071752157232239e-01 -1.195587000000000039e-01 5.376247535358202011e-03 9.991220712615641597e-01 -4.154735467440070357e-02 -1.463240000000000027e-02 2.914683192673762080e-01 3.817823425626101080e-02 9.558183097704944231e-01 6.373636999999999775e-01
9.534465938739616897e-01 -1.998927488024643262e-02 -3.008986897942607097e-01 -1.392210999999999865e-01 2.967518645268318531e-03 9.983742841857962125e-01 -5.692084424522237535e-02 -1.819640000000000146e-02 3.015473204378223970e-01 5.337806259373629320e-02 9.519558792142146508e-01 6.985337999999999825e-01
9.507635248291591568e-01 -1.994538127102059646e-02 -3.092747995236379555e-01 -1.602827000000000002e-01 -3.339917966421367818e-03 9.972095657729456164e-01 -7.457832713939703539e-02 -2.245060000000000111e-02 3.098992817068319527e-01 7.193930564640564629e-02 9.480438658103867988e-01 7.616182999999999703e-01
9.479165042132411401e-01 -1.703300147061615963e-02 -3.180631665267929509e-01 -1.829844999999999944e-01 -1.160742292899789863e-02 9.960586256621558610e-01 -8.793453233494014087e-02 -2.818369999999999903e-02 3.183073495430098210e-01 8.704648818257545995e-02 9.439827011772964349e-01 8.260319999999999885e-01
9.445579786825808455e-01 -1.488532310473411960e-02 -3.280070914830117146e-01 -2.071921999999999930e-01 -1.867583615320949839e-02 9.949190174936463071e-01 -9.893109608942964039e-02 -3.502550000000000108e-02 3.278131145196231944e-01 9.957196284871135117e-02 9.394807002612662883e-01 8.930839999999999890e-01
9.412489279393582153e-01 -1.073597713027804601e-02 -3.375428779400726498e-01 -2.328949999999999909e-01 -2.574152969729544271e-02 9.943060527785571034e-01 -1.034062234914728956e-01 -4.246629999999999849e-02 3.367310934586408289e-01 1.060198670202115029e-01 9.356131457473033652e-01 9.598630999999999691e-01
9.365942630432252392e-01 -1.078059046413853798e-02 -3.502498612473136097e-01 -2.585198000000000218e-01 -2.621288712356464878e-02 9.945706713065309845e-01 -1.007078166058799074e-01 -5.062760000000000177e-02 3.494339293531255608e-01 1.035034233545963911e-01 9.312265945357843799e-01 1.028809099999999921e+00
9.310694125273343280e-01 -9.853739096652320076e-03 -3.647089975334028011e-01 -2.867935999999999819e-01 -2.710241785392582953e-02 9.950052273721897711e-01 -9.607318277484151736e-02 -5.812950000000000061e-02 3.638340390926551038e-01 9.933529749203960646e-02 9.261518723566304345e-01 1.098043000000000102e+00
9.243354582169133193e-01 -3.535325894876753181e-03 -3.815644927843073186e-01 -3.171461999999999892e-01 -3.128431400063502732e-02 9.958885779134135641e-01 -8.501312886318478090e-02 -6.589319999999999899e-02 3.802962692170913095e-01 9.051763282596271554e-02 9.204245247531954721e-01 1.169872199999999918e+00
9.168683976613357656e-01 5.076206834268952306e-04 -3.991892830364768829e-01 -3.493411000000000155e-01 -3.503654096358245484e-02 9.962423657512399222e-01 -7.920599396308176943e-02 -7.287019999999999609e-02 3.976490691140140421e-01 8.660768443743484257e-02 9.134409268415466521e-01 1.242441700000000093e+00
9.093596322283431510e-01 1.034132936839706612e-03 -4.160096030653634425e-01 -3.838632000000000155e-01 -3.662536628756825341e-02 9.963129262510909134e-01 -7.758308790767245999e-02 -7.934420000000000361e-02 4.143955137520600185e-01 8.578743237827507473e-02 9.060446316976382697e-01 1.314806799999999942e+00
9.015220191845433328e-01 6.757130077115792999e-04 -4.327327031059186591e-01 -4.197273000000000254e-01 -3.600422851065823715e-02 9.966486212091505426e-01 -7.345217063675801850e-02 -8.591269999999999463e-02 4.312328193154785771e-01 8.179895631259803679e-02 8.985250059355017749e-01 1.389690199999999987e+00
8.939545021363023425e-01 2.998403616661746152e-03 -4.481476962854850088e-01 -4.581976999999999856e-01 -3.531978487777338860e-02 9.973386288716454828e-01 -6.378222445645939653e-02 -9.216100000000000680e-02 4.467637640928632248e-01 7.284688693539309590e-02 8.916812604049715318e-01 1.465778699999999990e+00
8.862464720172126276e-01 2.331343561450984272e-03 -4.632081127033962908e-01 -4.981955000000000133e-01 -3.290782427644157321e-02 9.977775457415267724e-01 -5.794000617368089134e-02 -9.796000000000000540e-02 4.620435758004158289e-01 6.659229723634572939e-02 8.843535492156694433e-01 1.543273799999999918e+00
8.799471948811549149e-01 2.159970501826740524e-03 -4.750665940141634569e-01 -5.411403999999999659e-01 -3.215097445410269872e-02 9.979677916777679458e-01 -5.501455821372064348e-02 -1.036312999999999956e-01 4.739823299052807193e-01 6.368376010593643222e-02 8.782284040250185608e-01 1.622098000000000040e+00
8.743789701160284977e-01 6.145352078110542099e-04 -4.852432781248100513e-01 -5.859275000000000455e-01 -3.025761260181898671e-02 9.981222514642117405e-01 -5.325831401435029977e-02 -1.099552000000000029e-01 4.842993841607395877e-01 6.125025288512087052e-02 8.727557006534171213e-01 1.702732700000000099e+00
8.706238930994576464e-01 -1.380222204347946943e-03 -4.919472855408500434e-01 -6.330746000000000429e-01 -2.901992818101055416e-02 9.981105730444338464e-01 -5.415835803715614294e-02 -1.154339999999999949e-01 4.910925376471454995e-01 6.142783541342174136e-02 8.689388588984315875e-01 1.786330299999999927e+00
8.702270046463091990e-01 1.062732174580435437e-03 -4.926498056273214687e-01 -6.815809999999999924e-01 -3.070856831038248219e-02 9.981700796809986898e-01 -5.209103437209800652e-02 -1.205688000000000037e-01 4.916929369196176292e-01 6.045959501976203715e-02 8.686671935519421073e-01 1.869312300000000038e+00
8.692985431982258593e-01 -3.291193097697920483e-03 -4.942764518378717775e-01 -7.312052999999999470e-01 -2.577671241056298315e-02 9.983153153413988345e-01 -5.198165303360932632e-02 -1.267591999999999886e-01 4.936148335400238341e-01 5.792839720549053384e-02 8.677492131407884557e-01 1.955687500000000023e+00
8.664989008326779985e-01 -5.208289810806661022e-03 -4.991518091452815664e-01 -7.819519000000000331e-01 -2.308961103947485688e-02 9.984570983963674262e-01 -5.050042102747869660e-02 -1.326864000000000099e-01 4.986446878467740706e-01 5.528378043471248587e-02 8.650417209031249222e-01 2.043308699999999867e+00
8.644285252955762333e-01 -4.701303539035514567e-03 -5.027337490166631229e-01 -8.078944999999999599e-01 -2.167804830452271098e-02 9.986777448722407025e-01 -4.661356153098045185e-02 -1.358077000000000034e-01 5.022881512409208549e-01 5.119237874849705272e-02 8.631836151602092500e-01 2.087584500000000176e+00
8.576699644548108070e-01 -5.523927801772231597e-03 -5.141709037797885795e-01 -8.606911999999999896e-01 -1.799173232094242875e-02 9.990076168252081112e-01 -4.074406819783497891e-02 -1.415280999999999900e-01 5.138857165169852248e-01 4.419578879100451163e-02 8.567194421821917594e-01 2.175095100000000059e+00
8.523393660056031162e-01 -8.980041806539825616e-03 -5.229120040755608212e-01 -8.879725000000000534e-01 -1.578060182456719057e-02 9.989557065433239957e-01 -4.287737131148205982e-02 -1.444927000000000017e-01 5.227509710782189956e-01 4.479793760521832979e-02 8.513075631186991510e-01 2.219116899999999948e+00
8.462150349929875581e-01 -1.301640596644950028e-02 -5.326825393492200522e-01 -9.153099000000000096e-01 -1.353391616532998755e-02 9.988540133069677696e-01 -4.590744181277905955e-02 -1.475525000000000031e-01 5.326696421470316078e-01 4.605684831032680338e-02 8.450691208763179141e-01 2.262446600000000085e+00
8.342627124299523134e-01 -1.039876364313938734e-02 -5.512690743763092316e-01 -9.715812000000000337e-01 -1.398684939375199540e-02 9.991012458931695095e-01 -4.001335400529385661e-02 -1.531068999999999902e-01 5.511897084426152782e-01 4.109216676461085321e-02 8.333674694500226021e-01 2.347909899999999883e+00
8.290113106054477488e-01 -5.471374358545839055e-03 -5.592050705697030333e-01 -1.001157300000000028e+00 -1.748071103497376988e-02 9.992099656534392249e-01 -3.569130539171430638e-02 -1.557246999999999937e-01 5.589585598503251651e-01 3.936379810792545175e-02 8.282607196822562301e-01 2.390946599999999922e+00
8.220049612389420668e-01 -7.316038173751007907e-03 -5.694333317290142249e-01 -1.059947299999999926e+00 -1.983200061009577145e-02 9.989432049085970045e-01 -4.146281609758094289e-02 -1.607088999999999879e-01 5.691349009245229018e-01 4.537564272140807986e-02 8.209911787572705677e-01 2.474012899999999959e+00
8.188443841343983065e-01 -9.385369851610973757e-03 -5.739388376859562158e-01 -1.089462200000000047e+00 -2.264261730784063870e-02 9.985600121413922281e-01 -4.863346618978724861e-02 -1.632969999999999977e-01 5.735688157954619282e-01 5.281871813032739532e-02 8.174527488253130469e-01 2.515573299999999790e+00
8.123772556461696936e-01 -9.015371591736327794e-03 -5.830625331676361212e-01 -1.149631400000000081e+00 -2.183046480670816636e-02 9.987093865728653430e-01 -4.585839048172174470e-02 -1.694666999999999979e-01 5.827234552642625021e-01 4.998283951831773708e-02 8.111319808998811443e-01 2.598392000000000035e+00
8.064786051455909988e-01 -4.494016018383147418e-03 -5.912461951357051992e-01 -1.211118200000000034e+00 -2.231302931087005698e-02 9.990274810234832659e-01 -3.802921091537325715e-02 -1.743588000000000082e-01 5.908421008741625569e-01 4.386223865582110359e-02 8.055940142867904497e-01 2.680964700000000089e+00
7.997761187891644363e-01 -4.780969493320560981e-03 -6.002793534224246663e-01 -1.273291799999999974e+00 -2.441092628545053073e-02 9.988821408007276803e-01 -4.047932147704163403e-02 -1.794566999999999968e-01 5.998018560261602072e-01 4.702776966919993556e-02 7.987653738035431772e-01 2.763633500000000076e+00
7.913051921647538123e-01 -9.211233513627688219e-03 -6.113519821103546859e-01 -1.335250000000000048e+00 -2.160461602743526943e-02 9.988408669951256424e-01 -4.301352097576919414e-02 -1.852040000000000075e-01 6.110395514362462199e-01 4.724484731251939879e-02 7.901889590363861959e-01 2.843851799999999930e+00
7.820535051370710589e-01 -8.951292632784060843e-03 -6.231470046971449017e-01 -1.400344299999999986e+00 -2.169896122903872820e-02 9.988994745356949423e-01 -4.158118389239383317e-02 -1.905178999999999900e-01 6.228334208955087492e-01 4.604035330571067119e-02 7.809986015884300414e-01 2.924573899999999949e+00
7.714874788046365284e-01 -1.183712844253840407e-02 -6.361343823736462788e-01 -1.467022700000000013e+00 -2.043637746170735847e-02 9.988499845646965358e-01 -4.337122100365710387e-02 -1.963169999999999915e-01 6.359162087287193454e-01 4.646063629934803207e-02 7.703583482709535080e-01 3.005019700000000071e+00
7.604121576410002303e-01 -1.378103712750991354e-02 -6.492945660695527144e-01 -1.535910600000000015e+00 -2.062069028660244371e-02 9.987584064069250367e-01 -4.534790803999209918e-02 -2.021801000000000015e-01 6.491133473006563959e-01 4.787200274889022444e-02 7.591838602795423219e-01 3.085208199999999845e+00
7.481491411731201469e-01 -1.788606442383248660e-02 -6.632894928018603364e-01 -1.605540399999999979e+00 -1.725128970403540588e-02 9.987743817565968296e-01 -4.639102661372419834e-02 -2.080106999999999928e-01 6.633063059895255575e-01 4.615000591716471312e-02 7.469236382578713362e-01 3.164045100000000055e+00
7.355378392144416022e-01 -1.905479813540130254e-02 -6.772156242673151860e-01 -1.677602199999999932e+00 -1.422044014644510343e-02 9.989499263146904839e-01 -4.355254065971269489e-02 -2.140887999999999958e-01 6.773343828315462334e-01 4.166484590027499241e-02 7.344945026685459899e-01 3.242250900000000158e+00
7.223680607805369469e-01 -2.234214304679693619e-02 -6.911477507799927977e-01 -1.750520800000000099e+00 -1.348308785344902623e-02 9.988328439665751235e-01 -4.638055794812803029e-02 -2.197008000000000016e-01 6.913773145729491532e-01 4.282263954638889508e-02 7.212237034625091914e-01 3.319154000000000160e+00
7.105758193328478578e-01 -2.196186919082363312e-02 -7.032778123054196362e-01 -1.826579200000000069e+00 -1.403914497767480216e-02 9.988712574915510345e-01 -4.537745437486900846e-02 -2.254945999999999895e-01 7.034805664606150755e-01 4.211754098819922576e-02 7.094654363345402892e-01 3.396339400000000008e+00
7.011188947047063413e-01 -2.241162387148020255e-02 -7.126920896175950038e-01 -1.904973500000000097e+00 -1.500991893853756073e-02 9.988205662603291124e-01 -4.617552109997152127e-02 -2.317162999999999862e-01 7.128863849320656865e-01 4.307198080932293088e-02 6.999555747671788453e-01 3.472476700000000083e+00
6.903155967387950565e-01 -2.750786110205637527e-02 -7.229852657397324300e-01 -1.984179499999999985e+00 -1.385595547441694983e-02 9.985910724558916263e-01 -5.122384707617321647e-02 -2.382497000000000087e-01 7.233756903553314466e-01 4.537827221239453673e-02 6.889618443817956406e-01 3.548781400000000197e+00
6.803347228346913189e-01 -2.794254505125950971e-02 -7.323686770210082742e-01 -2.066501900000000003e+00 -1.352350033604545441e-02 9.986241987792655594e-01 -5.066383869320169320e-02 -2.446954000000000073e-01 7.327767598962897644e-01 4.437255670488365888e-02 6.790208364751166847e-01 3.625236300000000078e+00
6.701452067944972946e-01 -2.892373951435064580e-02 -7.416662450879549784e-01 -2.149859199999999859e+00 -1.248826799191268475e-02 9.986595949305180353e-01 -5.023003698760037522e-02 -2.513866000000000156e-01 7.421249523988009411e-01 4.292354535356467798e-02 6.688857333516374792e-01 3.700481400000000143e+00
6.608646985163492138e-01 -3.106811785278885962e-02 -7.498617354605980889e-01 -2.234842099999999832e+00 -1.016576744174707732e-02 9.986805827396328938e-01 -5.033637681784018658e-02 -2.580965000000000065e-01 7.504362114312015386e-01 4.088845450628461609e-02 6.596769109654152530e-01 3.775648799999999916e+00
6.531534146919232287e-01 -3.445998627742603848e-02 -7.564410923674361742e-01 -2.321713200000000032e+00 -6.149756851086306611e-03 9.986896190272090967e-01 -5.080576087374911315e-02 -2.654272999999999771e-01 7.572006321754841673e-01 3.783588499094039242e-02 6.520856143482995915e-01 3.849759600000000059e+00
6.440590831066430599e-01 -4.313551019587476276e-02 -7.637586171219099551e-01 -2.410113799999999973e+00 7.777779339170447226e-04 9.984453357061242595e-01 -5.573425040466861019e-02 -2.727669999999999817e-01 7.649753541973205451e-01 3.530211561403049508e-02 6.430913372949893514e-01 3.924632499999999968e+00
6.292086361088086166e-01 -5.032897765015624525e-02 -7.756052386715698299e-01 -2.500220500000000179e+00 1.087441747750121299e-02 9.983736474627702417e-01 -5.596255083901281735e-02 -2.808894000000000113e-01 7.771603690941900622e-01 2.677786512353350079e-02 6.287326193612099434e-01 3.998223100000000141e+00
6.111847065023745529e-01 -4.996889025831370568e-02 -7.899090862523096002e-01 -2.591987599999999947e+00 1.414984796830108180e-02 9.985354543824587203e-01 -5.221808253556162183e-02 -2.882666999999999868e-01 7.913615079975017119e-01 2.073779996936419082e-02 6.109966508192581358e-01 4.070461299999999838e+00
5.829870204749162399e-01 -5.336925839362387236e-02 -8.107267457141736910e-01 -2.734594299999999922e+00 1.321381300051402766e-02 9.983311235766745284e-01 -5.621710455121255168e-02 -2.992276999999999854e-01 8.123740081414269065e-01 2.206105066965588848e-02 5.827192985817303272e-01 4.173903900000000000e+00
5.731727684612025753e-01 -5.528279830502804554e-02 -8.175676055875051862e-01 -2.782716999999999885e+00 1.413079456919933558e-02 9.982401384299204317e-01 -5.759293943059781012e-02 -3.029868000000000006e-01 8.193126986318250982e-01 2.145782465626488306e-02 5.729452535990303685e-01 4.207468999999999681e+00
5.529320805216653145e-01 -5.644611488151406176e-02 -8.313121859113852263e-01 -2.881721000000000199e+00 1.837057903880945364e-02 9.982860691480390791e-01 -5.556479074679721020e-02 -3.108637000000000206e-01 8.330237908702016192e-01 1.545186913416699351e-02 5.530213409846849171e-01 4.273755099999999807e+00
5.427515171493800805e-01 -5.712462350622608126e-02 -8.379484280200770741e-01 -2.931496600000000008e+00 1.857683617946145199e-02 9.982567731614416795e-01 -5.602067470914160602e-02 -3.148187000000000069e-01 8.396878537823491140e-01 1.483887551595230309e-02 5.428665729107056137e-01 4.305586800000000380e+00
5.222121929794598660e-01 -5.867108932006420002e-02 -8.507949980938888102e-01 -3.032885999999999971e+00 1.678840474151515466e-02 9.981446044079600455e-01 -5.852775544570265609e-02 -3.226780000000000204e-01 8.526503239721535676e-01 1.628041674140908238e-02 5.222282767726271757e-01 4.368832600000000177e+00
5.027133514379320545e-01 -5.928869549256295113e-02 -8.624176116434730810e-01 -3.136041599999999985e+00 1.513090294984843764e-02 9.980959222063602310e-01 -5.979620264663640383e-02 -3.315984000000000154e-01 8.643207402706268860e-01 1.701119225173484961e-02 5.026532376064138941e-01 4.429316499999999657e+00
4.942064464857939265e-01 -5.738202917611072429e-02 -8.674487252740163967e-01 -3.188457699999999839e+00 1.441633834634497777e-02 9.982229610261533770e-01 -5.781945406921758929e-02 -3.356848000000000054e-01 8.692250326817374528e-01 1.606931261164071950e-02 4.941554611168650357e-01 4.458599600000000329e+00
4.859173778645948794e-01 -5.574903952012208452e-02 -8.722249403002534374e-01 -3.240864000000000189e+00 1.499473046141741941e-02 9.983484891646390302e-01 -5.545676010255362609e-02 -3.397976999999999803e-01 8.738761124710906492e-01 1.386862557237054580e-02 4.859508218710484329e-01 4.487999900000000153e+00
4.783266481538510639e-01 -5.605988092332553352e-02 -8.763908417006447404e-01 -3.293780799999999953e+00 1.557744748969461593e-02 9.983450006347424077e-01 -5.535885509403204452e-02 -3.441100000000000270e-01 8.780438262385357184e-01 1.282768328572203922e-02 4.784082877061323069e-01 4.516519500000000242e+00
4.706674530694900382e-01 -5.919424801526774332e-02 -8.803227758174761997e-01 -3.347441200000000006e+00 1.698827747663967519e-02 9.981699572592888092e-01 -5.803563434103475860e-02 -3.479354000000000058e-01 8.821471232450152078e-01 1.236031661797412293e-02 4.708117198240155954e-01 4.545016799999999968e+00
4.572935744427256699e-01 -6.582675130103082806e-02 -8.868762177364706289e-01 -3.454196699999999787e+00 2.085941500438742019e-02 9.977763655578687496e-01 -6.330252080134793347e-02 -3.563699000000000172e-01 8.890711285263233066e-01 1.044811692519689167e-02 4.576498282242082993e-01 4.600759000000000043e+00
4.521461878558853953e-01 -6.880919284721286056e-02 -8.892857357380165029e-01 -3.507545200000000030e+00 2.261450722339518674e-02 9.975837339654575198e-01 -6.569077401415132633e-02 -3.611902000000000168e-01 8.916571139571719540e-01 9.591074353291283161e-03 4.526097683682006600e-01 4.627443300000000370e+00
4.428657818412564673e-01 -6.734282977303227002e-02 -8.940552793604503723e-01 -3.614330300000000218e+00 2.707360262950426338e-02 9.977249615619616652e-01 -6.174075733939372868e-02 -3.703931999999999780e-01 8.961790665457392002e-01 3.137571408366648246e-03 4.436814581778971700e-01 4.680849099999999652e+00
4.391798340350316909e-01 -6.556606111756638211e-02 -8.960034402871953629e-01 -3.667851900000000054e+00 3.038790662291912179e-02 9.978467811651198227e-01 -5.812380277894980962e-02 -3.749993999999999827e-01 8.978850976088416092e-01 -1.700866819317480710e-03 4.402265990873611701e-01 4.707247699999999924e+00
4.355563109861808613e-01 -6.509571248546169864e-02 -8.978046826432347638e-01 -3.721187800000000045e+00 3.220791978599951699e-02 9.978701475722357994e-01 -5.672581852404586650e-02 -3.792780000000000040e-01 8.995850987333927629e-01 -4.209132948063069868e-03 4.367252378059431894e-01 4.733299299999999654e+00
4.326548856649720665e-01 -6.488609857857827179e-02 -8.992216323696183844e-01 -3.774165200000000109e+00 3.366123589325436399e-02 9.978738915059121029e-01 -5.580876139985538331e-02 -3.836014999999999842e-01 9.009310024127089589e-01 -6.122978204952833625e-03 4.339191607079976309e-01 4.758846300000000085e+00
4.304734902593243540e-01 -6.433970950947491552e-02 -9.003071564550577666e-01 -3.827516600000000047e+00 3.598370764699079793e-02 9.978865225503626979e-01 -5.410786353498333451e-02 -3.875469000000000275e-01 9.018856618041619644e-01 -9.104388643992898655e-03 4.318788755420758241e-01 4.784045200000000442e+00
4.279837261632220002e-01 -6.338599942202906290e-02 -9.015609492523036783e-01 -3.880703000000000014e+00 3.726901723902449615e-02 9.979268599213443336e-01 -5.246906328078371207e-02 -3.915263999999999966e-01 9.030176911298480880e-01 -1.114438534851168450e-02 4.294587898526730507e-01 4.809346699999999863e+00
4.252927914617640748e-01 -6.433294856721011312e-02 -9.027664777002460950e-01 -3.933076100000000075e+00 3.999804287655292501e-02 9.978319417794546675e-01 -5.226444805686173561e-02 -3.956359999999999877e-01 9.041715534657709386e-01 -1.388119927425802286e-02 4.269439239642630612e-01 4.834407800000000144e+00
4.206155297007613814e-01 -6.359017525973009732e-02 -9.050076606222651199e-01 -4.037199000000000204e+00 4.570286474810454636e-02 9.977591574156784437e-01 -4.886626594054420403e-02 -4.038086000000000175e-01 9.060870953326533028e-01 -2.080753237633759314e-02 4.225792496893846506e-01 4.882864500000000163e+00
4.170949009937736096e-01 -6.405227004674544922e-02 -9.066030830892057857e-01 -4.141004099999999966e+00 4.870959113548774255e-02 9.976553032902958362e-01 -4.807568562341375806e-02 -4.107245999999999952e-01 9.075567306215122088e-01 -2.410814216414226829e-02 4.192368998370559208e-01 4.930433800000000311e+00
4.158387952125728870e-01 -6.563676851375375987e-02 -9.070666519144159334e-01 -4.241339700000000157e+00 4.899266124574453568e-02 9.975606119952883377e-01 -4.972468742632244615e-02 -4.181926999999999728e-01 9.081177322022822018e-01 -2.376215509287093325e-02 4.180401230086973063e-01 4.975457699999999761e+00
4.182894697422631647e-01 -6.607910377530827606e-02 -9.059069883531026823e-01 -4.338060900000000331e+00 4.606322105395552202e-02 9.976101537955294196e-01 -5.149913310139058592e-02 -4.255441999999999836e-01 9.071450265359287668e-01 -2.018744878166516682e-02 4.203336386048789342e-01 5.019799199999999573e+00
4.278195666586526724e-01 -6.748214246024722418e-02 -9.013415439404627305e-01 -4.433407800000000343e+00 4.341779578892578789e-02 9.975922179836430592e-01 -5.408014078482758363e-02 -4.325860000000000261e-01 9.028207537450795295e-01 -1.599772069547824443e-02 4.297193962805445633e-01 5.063632000000000133e+00
4.400151757420704968e-01 -6.621474318066819520e-02 -8.955457849279359062e-01 -4.525128399999999829e+00 4.227439695921957757e-02 9.976994624231309006e-01 -5.299677388605701644e-02 -4.397986999999999869e-01 8.969947159701717743e-01 -1.453927323196328725e-02 4.418020926336555521e-01 5.108774699999999669e+00
4.572837724231558210e-01 -6.426130115535721998e-02 -8.869960747671140622e-01 -4.616286299999999621e+00 3.975629886572902560e-02 9.978659463990207090e-01 -5.179758409120686913e-02 -4.467063000000000006e-01 8.884317577501078533e-01 -1.157748638553719386e-02 4.588626958361797792e-01 5.154267800000000399e+00
4.666152135762580144e-01 -6.345606655131032225e-02 -8.821811435737100249e-01 -4.661341700000000365e+00 3.899067816344758963e-02 9.979291261227505316e-01 -5.115844262913003815e-02 -4.503329999999999833e-01 8.836005712286166824e-01 -1.052553341732443207e-02 4.681231073881562121e-01 5.177940800000000010e+00
4.765916340100675441e-01 -6.439610613482528445e-02 -8.767631127655213241e-01 -4.706451399999999730e+00 3.829663819818267256e-02 9.978876353265812016e-01 -5.247508708941361899e-02 -4.536116000000000037e-01 8.782902606168028203e-01 -8.567892214329363848e-03 4.780510530567548821e-01 5.201960099999999976e+00
4.870270319395671454e-01 -6.584296669982396544e-02 -8.709014719796387416e-01 -4.750546899999999795e+00 3.634616951481010882e-02 9.978183918706673428e-01 -5.511272816905293109e-02 -4.569043999999999883e-01 8.726302917740916820e-01 -4.812544109003585868e-03 4.883576694365128201e-01 5.226235400000000197e+00
4.986603373956784990e-01 -6.646211732606516209e-02 -8.642457144058998120e-01 -4.794057399999999802e+00 3.461315314974121315e-02 9.977876499533006038e-01 -5.676033147984790861e-02 -4.606254000000000182e-01 8.661061121695542431e-01 -1.610143225307426873e-03 4.998575896206171598e-01 5.250888299999999731e+00
5.109700664779239787e-01 -6.441067743889739017e-02 -8.571819268949902870e-01 -4.837526800000000016e+00 3.203030065437528773e-02 9.979228658949110820e-01 -5.589287579001002426e-02 -4.641159000000000256e-01 8.590015430740136626e-01 1.103791624120515485e-03 5.119718064898830523e-01 5.276344299999999876e+00
5.238609797682700631e-01 -6.179144581218078136e-02 -8.495595865509778521e-01 -4.879516599999999649e+00 3.025605131002969891e-02 9.980858215395048694e-01 -5.393759543154001690e-02 -4.674686000000000119e-01 8.512662598948420589e-01 2.551483147497108500e-03 5.247277815195180439e-01 5.301633800000000285e+00
5.358007876758282828e-01 -5.981424526969365829e-02 -8.422231129509440972e-01 -4.921323799999999693e+00 3.017899715935486171e-02 9.982069219135913940e-01 -5.169302829443061381e-02 -4.709527000000000019e-01 8.438049206163813487e-01 2.279716344215247659e-03 5.366451889628494065e-01 5.328301399999999965e+00
5.598944302195782985e-01 -5.908155136222438542e-02 -8.264548368167051740e-01 -5.004167100000000090e+00 2.956303279527111930e-02 9.982438577892056575e-01 -5.133446676522540608e-02 -4.776841000000000004e-01 8.280363845272981083e-01 4.309370575519052421e-03 5.606578058175979429e-01 5.382255999999999929e+00
5.716102283843983445e-01 -5.977162536461638059e-02 -8.183453425098771161e-01 -5.044539900000000188e+00 2.929084966604792589e-02 9.981939861780060319e-01 -5.244818475317964551e-02 -4.809866999999999893e-01 8.200023127602610318e-01 6.009888462744826521e-03 5.723286541039932507e-01 5.409498700000000326e+00
5.831770620502444435e-01 -6.128856330618656645e-02 -8.100297687778570399e-01 -5.083873299999999595e+00 3.152771616804693477e-02 9.981062007020294891e-01 -5.282059478448846573e-02 -4.843473999999999835e-01 8.117330333377299478e-01 5.265370644467470829e-03 5.840049301678060800e-01 5.437012199999999851e+00
5.941183077204252871e-01 -6.031443735173711018e-02 -8.021132121330264431e-01 -5.122237700000000338e+00 3.095223726338052275e-02 9.981605167752817254e-01 -5.213004660744181840e-02 -4.878749000000000002e-01 8.037819327652305779e-01 6.144216617766529859e-03 5.948923038351937587e-01 5.465134599999999843e+00
6.047818817702286243e-01 -5.761629789496616749e-02 -7.943042475647098533e-01 -5.160182500000000339e+00 3.008041940222116670e-02 9.983204643718800453e-01 -4.951180450054723514e-02 -4.912469999999999892e-01 7.958228721587786714e-01 6.050837395968445415e-03 6.054992514576378326e-01 5.493778700000000015e+00
6.148319057979415581e-01 -5.489007869365779280e-02 -7.867457066129278642e-01 -5.197643300000000188e+00 3.030670332196825842e-02 9.984825968202716284e-01 -4.597833816919814909e-02 -4.942930999999999853e-01 7.880756507763867491e-01 4.425280561840046895e-03 6.155624952393734528e-01 5.522753200000000362e+00
6.250539724513958229e-01 -5.302302344996121658e-02 -7.787785888857976513e-01 -5.233946300000000385e+00 2.883432484587977046e-02 9.985777265702809879e-01 -4.484535325327911048e-02 -4.972661999999999916e-01 7.800487890083618314e-01 5.575211381999286425e-03 6.256938578767048398e-01 5.551444499999999671e+00
6.353972150580882161e-01 -5.213024122344267486e-02 -7.704237905506365891e-01 -5.269704299999999897e+00 2.682405118522129817e-02 9.986065362567516646e-01 -4.544728840432205041e-02 -5.004315999999999764e-01 7.717194110390370732e-01 8.211193292005491279e-03 6.359101563352194120e-01 5.580263600000000324e+00
6.447463623146654221e-01 -5.156406849503279016e-02 -7.626554104720202343e-01 -5.304287000000000418e+00 2.474157589921000683e-02 9.986071488278157604e-01 -4.660060870851570614e-02 -5.031761999999999624e-01 7.639960619689278865e-01 1.117627622332796611e-02 6.451241029024957774e-01 5.609051199999999682e+00
6.543913831065398812e-01 -5.066395353288605241e-02 -7.544568122353505490e-01 -5.338393700000000131e+00 2.440235172751106449e-02 9.986481138381066991e-01 -4.589629568667501908e-02 -5.061050999999999744e-01 7.557621603031448032e-01 1.162361991848617770e-02 6.547430400652717308e-01 5.637876499999999957e+00
6.634942726355832487e-01 -4.869344678435723328e-02 -7.465951368848027236e-01 -5.371407500000000113e+00 2.400907572618262917e-02 9.987516709163641870e-01 -4.380255842465205496e-02 -5.088479999999999670e-01 7.477960380093977566e-01 1.113768746327523443e-02 6.638350980894409670e-01 5.667043699999999795e+00
6.719929533286571610e-01 -4.692545624619143263e-02 -7.390693284345629666e-01 -5.403959300000000354e+00 2.426604148333019739e-02 9.988497631551346290e-01 -4.135589287708127393e-02 -5.115587999999999802e-01 7.401598678038133761e-01 9.856581609163327096e-03 6.723586973421429303e-01 5.696604699999999966e+00
6.802061478199910027e-01 -4.615221910394345234e-02 -7.315665172352205925e-01 -5.436233500000000163e+00 2.447066090403123700e-02 9.988893777606203672e-01 -4.026410003862793130e-02 -5.141991000000000200e-01 7.326123007585993996e-01 9.485972210707653215e-03 6.805800710485204741e-01 5.726301199999999980e+00
6.878706995336457686e-01 -4.549844060678887026e-02 -7.244058203972710830e-01 -5.467645199999999761e+00 2.353862100539944047e-02 9.989067810237385325e-01 -4.038782175306215166e-02 -5.166608000000000311e-01 7.254514691171677354e-01 1.073008514148223076e-02 6.881896767814812410e-01 5.756018599999999985e+00
6.953554425830776875e-01 -4.440194366032487738e-02 -7.172930195319605629e-01 -5.498553300000000199e+00 2.267694285698916914e-02 9.989481704830193154e-01 -3.985359395700213692e-02 -5.191025000000000222e-01 7.183081265952327987e-01 1.144640064885400071e-02 6.956309475428998912e-01 5.785695600000000383e+00
7.024841304910821593e-01 -4.195814906682098638e-02 -7.104615120716072374e-01 -5.528946900000000220e+00 2.223654433873435005e-02 9.990672539416223241e-01 -3.701564800752964179e-02 -5.213103000000000042e-01 7.113519399734983262e-01 1.020469639098886723e-02 7.027618954293893827e-01 5.815706300000000439e+00
7.098583928413494393e-01 -3.946841607123433016e-02 -7.032377309598258908e-01 -5.558881300000000358e+00 2.138566876621775942e-02 9.991761858353396253e-01 -3.449061946333335793e-02 -5.234290999999999805e-01 7.040196838754710917e-01 9.444246522130992846e-03 7.101176599152503321e-01 5.845633499999999927e+00
7.170511663425471749e-01 -3.805447642349085724e-02 -6.959809492155130117e-01 -5.587868199999999952e+00 2.045278550145217950e-02 9.992272975972886773e-01 -3.356324331245590098e-02 -5.255722999999999923e-01 6.967203947151426879e-01 9.831813696033232797e-03 7.172754192271071361e-01 5.875482599999999778e+00
7.329360523436347918e-01 -3.399123859831526540e-02 -6.794478190953896490e-01 -5.644731499999999791e+00 1.676241899025644050e-02 9.993500727484199153e-01 -3.191321681252248799e-02 -5.298348999999999975e-01 6.800909972088471367e-01 1.200115812246386852e-02 7.330294726129338301e-01 5.934681900000000176e+00
7.418329194307271557e-01 -3.167653833354346776e-02 -6.698361863680460937e-01 -5.672035199999999833e+00 1.648656008104959492e-02 9.994432952982742480e-01 -2.900504818165868665e-02 -5.316980000000000040e-01 6.703820649343016358e-01 1.047360503981084601e-02 7.419421747089808283e-01 5.964373600000000053e+00
7.613293846958975042e-01 -2.563933517336354842e-02 -6.478581576938228226e-01 -5.724299900000000108e+00 1.259517322172131956e-02 9.996141005724382689e-01 -2.475907002030282300e-02 -5.352063999999999711e-01 6.482429556964589557e-01 1.068992182494084460e-02 7.613585199899556288e-01 6.024354500000000279e+00
7.809288694243319284e-01 -2.566787941662860076e-02 -6.240923496293542261e-01 -5.773402199999999596e+00 1.106039125313674001e-02 9.995668967945942063e-01 -2.727061748022097457e-02 -5.385571000000000108e-01 6.245220321533597740e-01 1.439370691234232238e-02 7.808745434167766453e-01 6.084355399999999747e+00
7.910377019617816918e-01 -2.472542311217801325e-02 -6.112675416926267591e-01 -5.797093900000000133e+00 1.049189764485210404e-02 9.995842751413248628e-01 -2.685511076130642563e-02 -5.400449999999999973e-01 6.116774265565416702e-01 1.483004862149354605e-02 7.909682645334455975e-01 6.114683600000000219e+00
8.110626089851511455e-01 -2.111994576445513222e-02 -5.845779607521190968e-01 -5.842406699999999731e+00 1.006392020555389386e-02 9.997038967703919532e-01 -2.215482548316932698e-02 -5.433200999999999725e-01 5.848727740426082899e-01 1.208580460705528485e-02 8.110350001761355010e-01 6.176152700000000273e+00
8.298662450009228753e-01 -1.800041471536779902e-02 -5.576719470066098250e-01 -5.886008300000000304e+00 1.050480812825888011e-02 9.998063704325216294e-01 -1.663943054121149595e-02 -5.462860999999999967e-01 5.578634818790855210e-01 7.950264940371867470e-03 8.298946492616524617e-01 6.238779100000000355e+00
8.450682863625009755e-01 -1.754648711923190163e-02 -5.343703885640750384e-01 -5.927128800000000197e+00 1.236117123557542614e-02 9.998353799862025326e-01 -1.328210726996153709e-02 -5.483843999999999941e-01 5.345154748274653089e-01 4.618843753647802232e-03 8.451460663414038788e-01 6.303071499999999716e+00
8.583592680791175544e-01 -1.645640317715876128e-02 -5.127850950419213794e-01 -5.966857000000000077e+00 1.149327959936617856e-02 9.998513973564300272e-01 -1.284864694997373859e-02 -5.502247999999999584e-01 5.129203363357045520e-01 5.135172720082082851e-03 8.584208516656632870e-01 6.368384400000000056e+00
8.712352142346914130e-01 -1.354026364113999209e-02 -4.906789813492726249e-01 -6.005574199999999863e+00 9.012053085772072508e-03 9.998922164692743975e-01 -1.159044189584417309e-02 -5.521831999999999852e-01 4.907830318751969512e-01 5.675976100208333062e-03 8.712633350019380885e-01 6.435397100000000314e+00
8.820446824357275339e-01 -1.536787650413541824e-02 -4.709150736158379535e-01 -6.042681199999999642e+00 1.073077202830777406e-02 9.998639102655041411e-01 -1.253042218970675317e-02 -5.541703000000000046e-01 4.710435528892555901e-01 5.999109961440155653e-03 8.820895543884065271e-01 6.503641100000000286e+00
8.898320447063258198e-01 -1.515716228224780679e-02 -4.560363939920901721e-01 -6.079310399999999781e+00 1.070303589559460852e-02 9.998664744262889537e-01 -1.234821205522854820e-02 -5.559711000000000514e-01 4.561626653249659658e-01 6.106860886976452768e-03 8.898754570240321460e-01 6.573682800000000270e+00
