9.999999999072000101e-01 8.000203999610790030e-07 1.359999879933835981e-05 -4.099999999999999709e-06 -7.999795999610809261e-07 9.999999999951800778e-01 -3.000005439854049775e-06 3.999999999999999819e-07 -1.360000119933835835e-05 2.999994559854050118e-06 9.999999999030200204e-01 -9.300000000000000744e-06
9.997805863311638452e-01 -7.393317912481676968e-03 1.959892970442933882e-02 2.188100000000000114e-03 7.395469948318789816e-03 9.999726524415465390e-01 -3.732641770719680868e-05 -7.479000000000000188e-04 -1.959811775548097809e-02 1.822615234292627648e-04 9.998079218335786944e-01 4.409830000000000000e-02
9.998081419851877483e-01 -8.849558770585169015e-03 1.747468253481571435e-02 2.518600000000000179e-03 8.881583502651911599e-03 9.999590163430596146e-01 -1.755878328955692977e-03 -7.393999999999999748e-04 -1.745842760995547707e-02 1.910744301740546639e-03 9.998457642864729822e-01 5.949809999999999821e-02
9.999111704916574528e-01 -1.317246413255012544e-02 -2.034039006596061010e-03 2.639799999999999872e-03 1.316206859654148534e-02 9.999006627342017506e-01 -5.042282614458670070e-03 -1.067299999999999976e-03 2.100256237607756385e-03 5.015062550040244940e-03 9.999852189264377689e-01 9.100940000000000418e-02
9.997516043217835602e-01 -1.225826810248934091e-02 -1.861355740172515247e-02 1.707500000000000033e-03 1.216413765297235348e-02 9.999126903544224287e-01 -5.161920508912996343e-03 -1.388799999999999930e-03 1.867520846414746569e-02 4.934220435721199151e-03 9.998134276241303908e-01 1.074666999999999983e-01
9.982943344562537069e-01 -4.226087205399803835e-03 -5.822853234865015687e-02 -1.407999999999999963e-03 3.853623804512043387e-03 9.999714013468344875e-01 -6.507385959148711922e-03 -1.893399999999999944e-03 5.825436787159173763e-02 6.271895676777776603e-03 9.982820703330801404e-01 1.416870000000000074e-01
9.969202978440317997e-01 -4.087138161524749881e-03 -7.831484564382033831e-02 -3.691600000000000176e-03 3.557325330815884739e-03 9.999698432359781508e-01 -6.903481375644626022e-03 -2.090700000000000024e-03 7.834069940367861806e-02 6.603629324980668860e-03 9.969047732339737511e-01 1.593762999999999985e-01
9.928499316553234255e-01 -6.902230309327925771e-03 -1.191695113222192431e-01 -8.872100000000000819e-03 6.299665268204708742e-03 9.999654013527706775e-01 -5.432339726203067737e-03 -2.611399999999999832e-03 1.192028834782452723e-01 4.642770094383701432e-03 9.928590621313392317e-01 1.962408999999999959e-01
9.906345454135127016e-01 -5.542641694291808134e-03 -1.364275505768969554e-01 -1.280210000000000028e-02 4.879240411168072646e-03 9.999745939584857579e-01 -5.196580661517478071e-03 -2.709099999999999876e-03 1.364528872775256085e-01 4.482249503355546262e-03 9.906364211924658658e-01 2.157662999999999942e-01
9.860354149500875076e-01 -4.157948958563020478e-03 -1.664838488402606009e-01 -2.027680000000000107e-02 3.503946642796319615e-03 9.999849490301483401e-01 -4.221856356650918393e-03 -3.632100000000000085e-03 1.664988973601122246e-01 3.579549361266312450e-03 9.860351433920786501e-01 2.566940999999999806e-01
9.838947969790289294e-01 -5.571303194311367883e-03 -1.786616608517689608e-01 -2.454359999999999875e-02 4.761215388925976559e-03 9.999763511563175555e-01 -4.962656155468552280e-03 -4.029099999999999869e-03 1.786850841721706329e-01 4.032084921502943411e-03 9.838980551792803064e-01 2.780889000000000277e-01
9.806361841094830556e-01 -8.455884899676569672e-03 -1.956557497896640740e-01 -3.429539999999999672e-02 6.852536467746518818e-03 9.999371790456098585e-01 -8.870214555823997468e-03 -4.845300000000000301e-03 1.957184640220498151e-01 7.357715193697675869e-03 9.806325238681298240e-01 3.229716000000000253e-01
9.791383853672339654e-01 -8.131165197581519816e-03 -2.030317868043715057e-01 -3.969860000000000055e-02 6.086318791858965835e-03 9.999242957658172060e-01 -1.069389829755186538e-02 -5.085400000000000337e-03 2.031033702921002382e-01 9.235090132974195509e-03 9.791137493091524036e-01 3.463759000000000143e-01
9.773643388680250954e-01 -8.756898828750261932e-03 -2.113818010898079747e-01 -4.508009999999999795e-02 6.007322769926408054e-03 9.998888389202235105e-01 -1.364631363794397388e-02 -5.514200000000000351e-03 2.114778030484666393e-01 1.206758159989996908e-02 9.773082995105094595e-01 3.701896000000000075e-01
9.757714880931576129e-01 -1.209881260469625013e-02 -2.184573682850299570e-01 -5.108990000000000059e-02 8.913782447325597005e-03 9.998392127816194686e-01 -1.555934017602642050e-02 -5.876400000000000373e-03 2.186104926734911136e-01 1.323507906240091112e-02 9.757224426932412653e-01 3.944812999999999792e-01
9.718392359840347661e-01 -1.921179330239646335e-02 -2.348603976835462459e-01 -6.354260000000000463e-02 1.519055195953385520e-02 9.997056127856164265e-01 -1.891916742617771874e-02 -7.567499999999999574e-03 2.351547289193483270e-01 1.481873014266189836e-02 9.718449766829206915e-01 4.451407000000000003e-01
9.677276649446868717e-01 -1.227295087497567473e-02 -2.516993070660393794e-01 -7.906549999999999689e-02 5.822962112743702498e-03 9.996356973378266453e-01 -2.635461477902245955e-02 -8.970999999999999808e-03 2.519310612309199060e-01 2.403845429177075069e-02 9.674465841080452932e-01 4.975009000000000237e-01
9.654554605767486919e-01 -1.471311110456291309e-02 -2.601524130277533264e-01 -8.680730000000000390e-02 7.652324106270072882e-03 9.995748966226964960e-01 -2.813304067281284862e-02 -9.844200000000000866e-03 2.604557459114898443e-01 2.517042715867832611e-02 9.651576316946051115e-01 5.246313000000000226e-01
9.610061325651275688e-01 -1.629800779212068132e-02 -2.760463513872704611e-01 -1.041750000000000037e-01 7.560141886613165087e-03 9.994370007666898426e-01 -3.268831217940015160e-02 -1.201699999999999990e-02 2.764236918696924561e-01 2.932671888383725847e-02 9.605883021006645928e-01 5.817535999999999818e-01
9.564481833343473349e-01 -1.618557447634458996e-02 -2.914530833175341118e-01 -1.233242999999999978e-01 4.424061453500200899e-03 9.991506376872943962e-01 -4.096865740207718265e-02 -1.493099999999999983e-02 2.918686353082195484e-01 3.789499159445509913e-02 9.557074182695108888e-01 6.406500000000000528e-01
9.533958600809453454e-01 -1.865800505318383068e-02 -3.011448369604730613e-01 -1.439298999999999995e-01 1.604705140971314156e-03 9.983856210677731768e-01 -5.677654944188906955e-02 -1.822340000000000071e-02 3.017180122265243347e-01 5.364727851953070975e-02 9.518866584869875025e-01 7.027153000000000427e-01
9.507424015255734329e-01 -1.821419981762650853e-02 -3.094464878882760561e-01 -1.653721999999999970e-01 -5.120684822177125339e-03 9.972131441767604354e-01 -7.442931994887233560e-02 -2.252950000000000091e-02 3.099397756473623589e-01 7.234768832591165211e-02 9.479995503509268673e-01 7.659418999999999533e-01
9.495105262073189056e-01 -1.770433585441263599e-02 -3.132352424511880562e-01 -1.770886000000000127e-01 -8.260842422913118599e-03 9.966495141468428853e-01 -8.137262705188996748e-02 -2.501520000000000132e-02 3.136264005213276196e-01 7.985175291010421228e-02 9.461829518931418326e-01 7.987250000000000183e-01
9.464545140297593306e-01 -1.417216698530592706e-02 -3.225259719086707166e-01 -2.019630000000000036e-01 -1.700964337462415252e-02 9.954592525227712319e-01 -9.365654594887487527e-02 -3.139720000000000011e-02 3.223887791238401190e-01 9.412771244296871953e-02 9.419158395766011882e-01 8.651102999999999987e-01
9.431205093404438911e-01 -1.003958648683790644e-02 -3.322994305812078664e-01 -2.283576999999999968e-01 -2.544187372701801203e-02 9.944330726290449007e-01 -1.022525066823069123e-01 -3.843520000000000270e-02 3.314761166700855299e-01 1.048907563359615241e-01 9.376148000712177799e-01 9.344021999999999606e-01
9.392725278875250217e-01 -7.536803694700840162e-03 -3.430893687450052298e-01 -2.566449000000000091e-01 -2.966351539014711047e-02 9.942337286721564249e-01 -1.030503208406430560e-01 -4.580420000000000325e-02 3.418876923939748180e-01 1.069695721255746190e-01 9.336328595485456905e-01 1.006097199999999914e+00
9.347452286424762224e-01 -6.480792202582543599e-03 -3.552595626616571467e-01 -2.866443000000000185e-01 -3.115601851487494536e-02 9.944876143655559941e-01 -1.001183668654559156e-01 -5.348839999999999845e-02 3.539500812832591103e-01 1.046536392388348613e-01 9.293906367903875809e-01 1.078302600000000000e+00
9.285335059451084172e-01 -3.337822257776344378e-03 -3.712336020349731314e-01 -3.194274999999999753e-01 -3.297349446298716846e-02 9.952661546139922599e-01 -9.142226283994583924e-02 -6.120760000000000089e-02 3.697813908246122550e-01 9.712950335738507190e-02 9.240279122285014468e-01 1.153830200000000028e+00
9.225213769544657882e-01 7.864912743952356261e-03 -3.858658474257167237e-01 -3.575847999999999804e-01 -4.394532254838377783e-02 9.954306199049326453e-01 -8.477434506854031326e-02 -6.683010000000000339e-02 3.834359368762335629e-01 9.516314466857139776e-02 9.186516522646838157e-01 1.230417400000000105e+00
9.151128564897726969e-01 9.184199483693141625e-03 -4.030931782689611831e-01 -3.939510999999999985e-01 -4.660889872848779369e-02 9.954479661072750396e-01 -8.313216785460916802e-02 -7.311109999999999831e-02 4.004947820464660468e-01 9.486304471570092267e-02 9.113752971750005427e-01 1.307023199999999941e+00
9.023844064449225710e-01 5.644486519607406355e-03 -4.308950252404576964e-01 -4.445338999999999818e-01 -4.202953422728250565e-02 9.962998378868752614e-01 -7.496766822586736767e-02 -8.604420000000000124e-02 4.288774898006217362e-01 8.575997200626878092e-02 8.992826729920918583e-01 1.424114499999999950e+00
8.985370939349095476e-01 6.078581965983619051e-03 -4.388554906393337118e-01 -4.637233000000000049e-01 -4.141284686581322289e-02 9.966172014392260525e-01 -7.098682912987466787e-02 -8.937730000000000674e-02 4.369394316578399939e-01 8.195855438407961824e-02 8.957492553308630256e-01 1.463724599999999931e+00
8.908888842883020409e-01 7.781537515503228475e-03 -4.541546471472456825e-01 -5.039844999999999464e-01 -3.970416558911361166e-02 9.973601993463461213e-01 -6.079648011759312964e-02 -9.612220000000000486e-02 4.524826793220008692e-01 7.219473965401819460e-02 8.888460746832782533e-01 1.543658699999999939e+00
8.839192453102704405e-01 5.871672115053197527e-03 -4.676027066182308900e-01 -5.469268999999999936e-01 -3.731023975420796196e-02 9.976190654055475671e-01 -5.800126161425465249e-02 -1.018753000000000020e-01 4.661488107671256653e-01 6.871480048675829289e-02 8.820337648947796927e-01 1.625140800000000052e+00
8.776139201349755226e-01 5.228310574725347076e-03 -4.793396206802177373e-01 -5.916000999999999621e-01 -3.568439673882339847e-02 9.978786764101091888e-01 -5.444971070074484942e-02 -1.081735999999999948e-01 4.780381062370520073e-01 6.489076925528601547e-02 8.759387861321988877e-01 1.708067199999999897e+00
8.729445038998473461e-01 2.547737437457424023e-03 -4.878128761574455075e-01 -6.392227000000000325e-01 -3.358738064585048422e-02 9.979271804649189059e-01 -5.489289890949464179e-02 -1.138571000000000027e-01 4.866618754046799777e-01 6.430281116162051003e-02 8.712206193062196347e-01 1.792874800000000102e+00
8.711862867688737744e-01 9.151634099081960155e-04 -4.909517453088387828e-01 -6.630831000000000364e-01 -3.213564491411273483e-02 9.979600388509816122e-01 -5.516394821349535071e-02 -1.169019000000000030e-01 4.898997387954149296e-01 6.383512616483420776e-02 8.694385099566868114e-01 1.836670000000000025e+00
8.705076486563727567e-01 2.156462235502953559e-03 -4.921501633662025976e-01 -7.131878000000000384e-01 -3.191150792739762265e-02 9.981333886929091292e-01 -5.207104798455324673e-02 -1.232665000000000011e-01 4.911192210579348738e-01 6.103349938383721002e-02 8.689515651982051558e-01 1.923814700000000100e+00
8.700194540704720980e-01 7.154275808773785661e-04 -4.930168736486553183e-01 -7.387392999999999876e-01 -2.988392522757466613e-02 9.982367350910869019e-01 -5.128714973246056852e-02 -1.265049000000000035e-01 4.921108620543854784e-01 5.935409739911494398e-02 8.685067590813706495e-01 1.969152299999999967e+00
8.695658328524586977e-01 -1.827307556613097864e-03 -4.938136523859009697e-01 -7.644210999999999645e-01 -2.764825510252973129e-02 9.982444011721863797e-01 -5.238023976814552840e-02 -1.294107999999999925e-01 4.930424285245594285e-01 5.920115265327627330e-02 8.679887022301201460e-01 2.013807299999999856e+00
8.666565140703187398e-01 -4.154241458241236112e-03 -4.988879923363460644e-01 -8.170507999999999660e-01 -2.449786648293130614e-02 9.984047337862730354e-01 -5.087083733285442666e-02 -1.356775000000000064e-01 4.983034629192013565e-01 5.630923397692330634e-02 8.651721961619340817e-01 2.105723900000000093e+00
8.614207316866957509e-01 -4.831387254473961355e-03 -5.078690586337731849e-01 -8.712191000000000241e-01 -1.965811276225662083e-02 9.988882913753911463e-01 -4.284553600759558045e-02 -1.420665000000000122e-01 5.075114595976962795e-01 4.689178020025548677e-02 8.603681068744162275e-01 2.198855899999999863e+00
8.521071296152313845e-01 -7.827445645765047921e-03 -5.233088674516740424e-01 -9.268593000000000526e-01 -1.724890181749177964e-02 9.989249546953058445e-01 -4.302801730351542286e-02 -1.486889999999999878e-01 5.230830861775036533e-01 4.569098359242977636e-02 8.510560610050166286e-01 2.289861399999999936e+00
8.399136242327518431e-01 -1.237690491793721342e-02 -5.425789491427546185e-01 -9.839463999999999988e-01 -1.470076237860514987e-02 9.988542535457074489e-01 -4.554193407328411408e-02 -1.545055999999999929e-01 5.425209594234046140e-01 4.622761510504203725e-02 8.387693462376939468e-01 2.379012299999999858e+00
8.340797060793631035e-01 -8.958881955641543465e-03 -5.515711942629600850e-01 -1.013179100000000110e+00 -1.591864059188128136e-02 9.990608442818472712e-01 -4.029920972611004265e-02 -1.573684999999999945e-01 5.514142188847416248e-01 4.239301660589126636e-02 8.331537621320466158e-01 2.423044700000000162e+00
8.246874160746919813e-01 -4.864621813466322477e-03 -5.655678573103849471e-01 -1.072905800000000021e+00 -1.969104747742041195e-02 9.991098547065634383e-01 -3.730631149647055389e-02 -1.627418999999999949e-01 5.652459008407667573e-01 4.190266916130359898e-02 8.238575349536280124e-01 2.510820900000000133e+00
8.182071471375489402e-01 -9.295179931002303664e-03 -5.748483834917549329e-01 -1.134997699999999998e+00 -2.264050609997859953e-02 9.985727624528121238e-01 -4.837195024905120017e-02 -1.686053000000000135e-01 5.744775642760736600e-01 5.259313374776353883e-02 8.168289235978484220e-01 2.598408899999999910e+00
8.113494570099718528e-01 -8.495371156673404978e-03 -5.844996897163712291e-01 -1.198062799999999983e+00 -2.273487545951698510e-02 9.986792963501948117e-01 -4.607372873254492879e-02 -1.746232000000000062e-01 5.841191522690076798e-01 5.067042244140308044e-02 8.100847636156018883e-01 2.686817599999999917e+00
8.019717596991908781e-01 -4.238412458552285114e-03 -5.973469113545447629e-01 -1.293498199999999931e+00 -2.344891043231888544e-02 9.989807462262335624e-01 -3.856964180303588952e-02 -1.827870000000000050e-01 5.969015373112388501e-01 4.493889772912321168e-02 8.010549608025476775e-01 2.815777499999999822e+00
7.941787842677443532e-01 -7.800298448182885550e-03 -6.076341119153260140e-01 -1.358569099999999974e+00 -2.257422256216633227e-02 9.988487550186817554e-01 -4.232693082829484116e-02 -1.891102000000000061e-01 6.072647388863620099e-01 4.733201814574095750e-02 7.930884042548660418e-01 2.901250399999999896e+00
7.850324977942172433e-01 -9.698327493340510447e-03 -6.193786562764365122e-01 -1.425204499999999985e+00 -2.062294355415777297e-02 9.989139842748206988e-01 -4.177973455355069726e-02 -1.946720000000000117e-01 6.191111948641649931e-01 4.557186044079231807e-02 7.839799320963711793e-01 2.986504099999999884e+00
7.749384675161783420e-01 -1.096277348498249198e-02 -6.319416026510631390e-01 -1.494345199999999929e+00 -2.060942900568360492e-02 9.988795629226004946e-01 -4.260129354390975592e-02 -2.000437999999999938e-01 6.317005801799906450e-01 4.603733672869928656e-02 7.738442612226258399e-01 3.070286299999999802e+00
7.694835730108944283e-01 -1.249920485023721557e-02 -6.385442825243206055e-01 -1.529232600000000053e+00 -1.962336721516823659e-02 9.988737160698779594e-01 -4.319980097050973855e-02 -2.030752000000000113e-01 6.383650635220619041e-01 4.577192614326822118e-02 7.683716395414454947e-01 3.112721000000000071e+00
7.579067750737531473e-01 -1.527640611799743232e-02 -6.521839860909046660e-01 -1.599521299999999924e+00 -1.831410531386847354e-02 9.988335069896856488e-01 -4.467906513388642670e-02 -2.095506000000000035e-01 6.521057535736483057e-01 4.580673237422138583e-02 7.567429084076973123e-01 3.195394299999999799e+00
7.518985549028928128e-01 -1.781492941073083147e-02 -6.590380804058535436e-01 -1.635491599999999934e+00 -1.649422986814648440e-02 9.988136236198167373e-01 -4.581796211648862804e-02 -2.124118999999999868e-01 6.590724569544674782e-01 4.532078509405944311e-02 7.507126766762766135e-01 3.236087799999999959e+00
7.455218286997808974e-01 -1.870468131693708153e-02 -6.662186861901776558e-01 -1.672095399999999898e+00 -1.590484381881266535e-02 9.988221306589237791e-01 -4.584089057890364943e-02 -2.156733000000000122e-01 6.662914068748250207e-01 4.477148872664014206e-02 7.443462063596257838e-01 3.277327500000000171e+00
7.328654349945058488e-01 -1.961128809124190395e-02 -6.800909141943568548e-01 -1.747739200000000048e+00 -1.357278385210456892e-02 9.989641654862216891e-01 -4.343242582357890319e-02 -2.217776999999999943e-01 6.802382183682550432e-01 4.106085062220395793e-02 7.318401279086595990e-01 3.358530800000000038e+00
7.263045868535471516e-01 -2.085027841463999929e-02 -6.870567029041563245e-01 -1.785862999999999978e+00 -1.334059533998987850e-02 9.989239886930009193e-01 -4.441726386935574561e-02 -2.246810999999999947e-01 6.872435344413745373e-01 4.142620793286940634e-02 7.252449197787115276e-01 3.399176600000000104e+00
7.196082769058534945e-01 -2.276411610311582234e-02 -6.940070048829710680e-01 -1.824940900000000088e+00 -1.262656457731266973e-02 9.988682483595389128e-01 -4.585621316813572046e-02 -2.278766000000000125e-01 6.942654374773119530e-01 4.176143480761183857e-02 7.185064264759544184e-01 3.439699899999999921e+00
7.134292997839443151e-01 -2.264570593527614681e-02 -7.003611969637409951e-01 -1.864342100000000002e+00 -1.342656430757750360e-02 9.988523866521072936e-01 -4.597430858951267324e-02 -2.307620999999999978e-01 7.005985737786549761e-01 4.220286343463262174e-02 7.123065047697041408e-01 3.479652600000000096e+00
7.078331188290627463e-01 -2.241942500280271269e-02 -7.060238276937016444e-01 -1.903898099999999927e+00 -1.332979743503219169e-02 9.988942934701292575e-01 -4.508333365172003532e-02 -2.339076999999999962e-01 7.062539149548574535e-01 4.132263127337134495e-02 7.067516167336174160e-01 3.519121900000000025e+00
7.028690713918104294e-01 -2.206180448074254036e-02 -7.109770356796817348e-01 -1.944319700000000095e+00 -1.404473896197461734e-02 9.988936307497486844e-01 -4.488050528987762300e-02 -2.373429999999999984e-01 7.111805774824732085e-01 4.153060595077116834e-02 7.017815863793077646e-01 3.558760599999999830e+00
6.981938750997848109e-01 -2.291272159083660581e-02 -7.155419763804545807e-01 -1.985675099999999915e+00 -1.399406629916275652e-02 9.988599388920145206e-01 -4.563976977435168364e-02 -2.406491000000000047e-01 7.157719461403616590e-01 4.187874957471866139e-02 6.970772492719133906e-01 3.598392700000000222e+00
6.872873592620942773e-01 -2.771389335530231174e-02 -7.258567530261242906e-01 -2.068190799999999996e+00 -1.364596164416925078e-02 9.986029451358344744e-01 -5.104846419671545815e-02 -2.469946000000000086e-01 7.262574430113214463e-01 4.498997756310186419e-02 6.859489983880207031e-01 3.677662799999999788e+00
6.773802670303398221e-01 -2.754237875565321639e-02 -7.351172635779856801e-01 -2.153071399999999969e+00 -1.405583689853973431e-02 9.986318503085176435e-01 -5.036726117695888849e-02 -2.537228999999999735e-01 7.354987473048388846e-01 4.445047718378829227e-02 6.760663782433987690e-01 3.755955699999999897e+00
6.724923886697155018e-01 -2.767075969755165496e-02 -7.395865846802933685e-01 -2.197163600000000105e+00 -1.323504495954035479e-02 9.986914180064122570e-01 -4.939924275999162812e-02 -2.571668999999999761e-01 7.399856895685343883e-01 4.300907646185849614e-02 6.712461534904157201e-01 3.795043499999999792e+00
6.624977144357983017e-01 -3.003265284862993711e-02 -7.484616343742792610e-01 -2.284249099999999810e+00 -1.145000326902736315e-02 9.986731707300467997e-01 -5.020752422828590744e-02 -2.640936999999999868e-01 7.489764187158917119e-01 4.183225820904644399e-02 6.612748191037134404e-01 3.872459399999999885e+00
6.577757347870509808e-01 -3.103245914366539737e-02 -7.525742948073976812e-01 -2.328551299999999991e+00 -1.000344370061752308e-02 9.987028743291975763e-01 -4.992494287155034571e-02 -2.675869000000000164e-01 7.531474051203281839e-01 4.036775057017330526e-02 6.566120855378924093e-01 3.911608699999999939e+00
6.497034903961055319e-01 -3.431948611258953119e-02 -7.594126331844140987e-01 -2.418922199999999911e+00 -6.904795851135903106e-03 9.986727681923115441e-01 -5.103945400726633830e-02 -2.747445000000000026e-01 7.601563644154877286e-01 3.840410061534436925e-02 6.486042142127622645e-01 3.988809799999999850e+00
6.456644845583430214e-01 -3.875558403086989956e-02 -7.626371208421705017e-01 -2.464567900000000034e+00 -4.139402876509771373e-03 9.985189620908282437e-01 -5.424709843743743404e-02 -2.784651000000000209e-01 7.636100043371847335e-01 3.818228714314094580e-02 6.445478060040878976e-01 4.027066200000000151e+00
6.336961049742479979e-01 -4.659619328043942271e-02 -7.721774674983975517e-01 -2.556984899999999783e+00 5.092817413723062236e-03 9.984139240203062649e-01 -5.606870368721381115e-02 -2.860454000000000052e-01 7.735653235191307653e-01 3.159796028458224104e-02 6.329283207082747609e-01 4.104444499999999607e+00
6.253610803056811607e-01 -4.992668135009199759e-02 -7.787366985883468207e-01 -2.603759099999999993e+00 9.895093296399797705e-03 9.983782424021098167e-01 -5.606221746176000276e-02 -2.904568000000000150e-01 7.802727768976480682e-01 2.735345659035619270e-02 6.248409253922093676e-01 4.141950099999999857e+00
6.072805386433064445e-01 -5.012124195692232997e-02 -7.929049176854632286e-01 -2.699628600000000045e+00 1.347496267264142525e-02 9.985143012664742246e-01 -5.279787445812125779e-02 -2.976146000000000069e-01 7.943731948939782850e-01 2.137875747138411053e-02 6.070536845806252524e-01 4.216467899999999602e+00
5.886729198169693422e-01 -5.094001392719665205e-02 -8.067647169127197815e-01 -2.798100900000000113e+00 1.155513785586990971e-02 9.984408320494720934e-01 -5.461120476138256463e-02 -3.053615000000000079e-01 8.082887307536185117e-01 2.282585984042711721e-02 5.883436987503557480e-01 4.288827399999999734e+00
5.683229285404099995e-01 -5.476860324833217331e-02 -8.209807847894362576e-01 -2.898137800000000208e+00 1.275749122869722016e-02 9.982488074326895111e-01 -5.776300612643779642e-02 -3.136094999999999855e-01 8.227066885061781187e-01 2.235438564219457969e-02 5.680263956276665471e-01 4.359756499999999591e+00
5.481952552915539956e-01 -5.567266987814113027e-02 -8.344953660173720644e-01 -3.001567600000000002e+00 1.673547734949112215e-02 9.983124270697022462e-01 -5.560774906508116067e-02 -3.218152000000000235e-01 8.361829260835890176e-01 1.651822589868181743e-02 5.482018445239376092e-01 4.428251300000000334e+00
5.270044476573362280e-01 -5.791434845058246461e-02 -8.478869266552765405e-01 -3.105688799999999805e+00 1.742723576289521847e-02 9.982020401446835001e-01 -5.734961642989512554e-02 -3.296100000000000141e-01 8.496838256687307966e-01 1.544717755889881208e-02 5.270662018213778666e-01 4.494447199999999754e+00
5.065553618132294655e-01 -5.943273150806786809e-02 -8.601566228564180294e-01 -3.212278599999999873e+00 1.547836915640217123e-02 9.980875062127849695e-01 -5.984772368438125156e-02 -3.385534000000000043e-01 8.620684923522762277e-01 1.700236358374408729e-02 5.065064995891364052e-01 4.558390099999999556e+00
4.969827514331592866e-01 -5.915837523428179451e-02 -8.657415500122230823e-01 -3.266229200000000166e+00 1.438424894570767415e-02 9.980980186672954169e-01 -5.994529601801255880e-02 -3.429930999999999952e-01 8.676411920605168193e-01 1.733873617248844756e-02 4.968884483138507058e-01 4.589302100000000273e+00
4.797294313376629371e-01 -5.564846416650341687e-02 -8.756499992259191290e-01 -3.374944399999999955e+00 1.487643620415139353e-02 9.983591413104333512e-01 -5.529662383688718763e-02 -3.515853999999999924e-01 8.772903535057857694e-01 1.350086655751294926e-02 4.797701139586436625e-01 4.649695900000000215e+00
4.721004096408633610e-01 -5.595880209330912625e-02 -8.797669098603395632e-01 -3.429422399999999982e+00 1.475676601388849207e-02 9.983450503353256122e-01 -5.558235626318425160e-02 -3.557222999999999913e-01 8.814212619818859729e-01 1.325793872508293850e-02 4.721448781751440560e-01 4.678628400000000020e+00
4.644620592981159035e-01 -5.925331892877048340e-02 -8.836085330441748598e-01 -3.485129600000000050e+00 1.700933021006412887e-02 9.981719646509643606e-01 -5.799492797339365902e-02 -3.597160999999999831e-01 8.854296573745191745e-01 1.190685436038958420e-02 4.646208655031347501e-01 4.707770799999999589e+00
4.576727181511152653e-01 -6.265868213861100489e-02 -8.869101265702307169e-01 -3.540284399999999998e+00 1.940104173614328950e-02 9.979799946578727932e-01 -6.049404799006757871e-02 -3.640264999999999751e-01 8.889090407008596317e-01 1.047949499378107718e-02 4.579638605228070203e-01 4.736208000000000418e+00
4.513541187864175130e-01 -6.563144523442104861e-02 -8.899280717288211573e-01 -3.595879300000000001e+00 2.000251113405926429e-02 9.977851211841496371e-01 -6.344092915353355400e-02 -3.681374000000000035e-01 8.921207087624793974e-01 1.083352850981705515e-02 4.516672178243166247e-01 4.764648900000000076e+00
4.458668034915646561e-01 -6.881015190262221304e-02 -8.924505345056119587e-01 -3.651546499999999806e+00 2.269579942597140312e-02 9.975893187890456648e-01 -6.557782953425533856e-02 -3.735409000000000090e-01 8.948115411820696252e-01 8.984098905612823704e-03 4.463536621718517949e-01 4.792500999999999678e+00
4.406278450650153444e-01 -7.007605356325299906e-02 -8.949505287279073684e-01 -3.706968999999999959e+00 2.538569841104857533e-02 9.975224449374864300e-01 -6.560897927968865895e-02 -3.781211999999999906e-01 8.973308578609922037e-01 6.190198941829334195e-03 4.413150948783832739e-01 4.820118400000000136e+00
4.364093920694905315e-01 -6.751833118075487028e-02 -8.972113003457455882e-01 -3.762719399999999936e+00 2.725650308485601941e-02 9.977148370097023156e-01 -6.182383885111170096e-02 -3.828423000000000243e-01 8.993352687141336066e-01 2.525661352774325602e-03 4.372524390802275951e-01 4.847489399999999726e+00
4.324104232757515209e-01 -6.561602519351117380e-02 -8.992862520245097357e-01 -3.818179400000000001e+00 3.060678853323563556e-02 9.978420471477708054e-01 -5.809021810621572968e-02 -3.876761000000000235e-01 9.011572839067369944e-01 -2.405448347070737736e-03 4.334855977769992430e-01 4.874678099999999681e+00
4.293628772082571654e-01 -6.492784779109476989e-02 -9.007951455556715281e-01 -3.873727600000000049e+00 3.220717872900506762e-02 9.978787921511540482e-01 -5.657396762886515024e-02 -3.921154000000000028e-01 9.025575977818618423e-01 -4.721308734915295735e-03 4.305432521014174174e-01 4.900783099999999948e+00
4.260279491252599859e-01 -6.492748027967842894e-02 -9.023771987748010481e-01 -3.929531599999999791e+00 3.374031613628841741e-02 9.978678613074611903e-01 -5.586879662832193449e-02 -3.964466999999999852e-01 9.040806256253632878e-01 -6.644823113179928326e-03 4.273102721613960542e-01 4.927572699999999806e+00
4.213617602038612353e-01 -6.357100508286009366e-02 -9.046618121434431004e-01 -4.040619399999999750e+00 3.804145782121492320e-02 9.979011046365208193e-01 -5.240451175279058071e-02 -4.048194999999999988e-01 9.060944291434198661e-01 -1.233339685433890165e-02 4.228956996675338198e-01 4.979212799999999994e+00
4.158801949023420708e-01 -6.480915251692269397e-02 -9.071071806782416980e-01 -4.150502699999999656e+00 4.218165849926219790e-02 9.977586035854173474e-01 -5.194686378916038572e-02 -4.128208999999999906e-01 9.084406261139147398e-01 -1.665961348039668444e-02 4.176818000636874917e-01 5.030771299999999613e+00
4.119900154169924833e-01 -6.283263335973325592e-02 -9.090194097937552842e-01 -4.259849499999999622e+00 4.644390621157439697e-02 9.977709428287451221e-01 -4.791773390350906325e-02 -4.206029000000000018e-01 9.100039509653331526e-01 -2.247678428330786640e-02 4.139898590494275332e-01 5.079974700000000176e+00
4.100563209063681769e-01 -6.421916649953914036e-02 -9.097965224921658045e-01 -4.312950599999999746e+00 4.892701602971080005e-02 9.976305808053718138e-01 -4.836704812540201792e-02 -4.242619999999999725e-01 9.107469246652233341e-01 -2.468041523234573709e-02 4.122267777774716313e-01 5.104155099999999834e+00
4.082817731624942548e-01 -6.570527129816004785e-02 -9.104882267371305904e-01 -4.416348499999999788e+00 4.881608790992394281e-02 9.975505916006790486e-01 -5.009797159871672012e-02 -4.319477999999999929e-01 9.115497700424590732e-01 -2.399238464118219616e-02 4.104891986578568241e-01 5.150554200000000193e+00
4.105858830720396369e-01 -6.749485258044193858e-02 -9.093204481903494063e-01 -4.516909100000000343e+00 4.734345070385047316e-02 9.974894916352103902e-01 -5.266224219288231922e-02 -4.386650000000000271e-01 9.105920218722574067e-01 -2.142799459758481032e-02 4.127505430040285805e-01 5.196003000000000149e+00
4.149450989566213499e-01 -6.719753115473074689e-02 -9.073615909099241872e-01 -4.566111600000000159e+00 4.454618035081440997e-02 9.975733720620741929e-01 -5.350705718739480476e-02 -4.426763000000000225e-01 9.087553040659692716e-01 -1.821700193257423661e-02 4.169315749287358930e-01 5.218240699999999954e+00
4.256676705140561845e-01 -6.821181473072139567e-02 -9.023049277324592943e-01 -4.662432700000000096e+00 4.395108587809494483e-02 9.975363362593542282e-01 -5.467686798272928389e-02 -4.502316000000000096e-01 9.038115601878928818e-01 -1.638310634178461594e-02 4.276169518357761934e-01 5.263211300000000037e+00
4.321796401374057850e-01 -6.719604329075506977e-02 -8.992805182015062293e-01 -4.709857900000000264e+00 4.278733352599294049e-02 9.976247932812583041e-01 -5.398162576527382184e-02 -4.536415999999999782e-01 9.007718927344692261e-01 -1.514805586844744298e-02 4.340282636683566730e-01 5.286192899999999639e+00
4.397205404833311460e-01 -6.629404059740531818e-02 -8.956846244400519241e-01 -4.757171200000000155e+00 4.153449588105787016e-02 9.977061185911996199e-01 -5.345452812989280600e-02 -4.571180000000000243e-01 8.971737467898587282e-01 -1.369675534397430186e-02 4.414653632665803684e-01 5.309697599999999795e+00
4.493215377951346179e-01 -6.567531633813025738e-02 -8.909528093548513272e-01 -4.804043300000000016e+00 4.120792728976532121e-02 9.977562910402929530e-01 -5.276637582778993807e-02 -4.609356000000000009e-01 8.924192189783324292e-01 -1.300524945568825100e-02 4.510197346953883635e-01 5.332532900000000353e+00
4.585279098024428457e-01 -6.505198482618884670e-02 -8.862958846809434466e-01 -4.850442400000000376e+00 4.038495511906378677e-02 9.978122012778593009e-01 -5.234373296836893757e-02 -4.645604999999999873e-01 8.877619113998043154e-01 -1.179195705580739911e-02 4.601518645149228481e-01 5.356488699999999881e+00
4.683334243499648331e-01 -6.579475092365676125e-02 -8.810986632537414209e-01 -4.896280800000000433e+00 3.954147773785934850e-02 9.977851648499608261e-01 -5.349052573720753517e-02 -4.680543999999999816e-01 8.826665707813694528e-01 -9.788542089119105227e-03 4.698977646986920442e-01 5.380632399999999649e+00
4.787769631830255390e-01 -6.741960208336077176e-02 -8.753440562316974205e-01 -4.941813500000000303e+00 3.774445401572230213e-02 9.977058637193085833e-01 -5.619933888546498751e-02 -4.714645000000000086e-01 8.771248347392146538e-01 -6.132434673896500210e-03 4.802232996520218178e-01 5.405236200000000046e+00
4.900248716668442195e-01 -6.817476439538820709e-02 -8.690384494644216584e-01 -4.986040100000000308e+00 3.644021072689072882e-02 9.976676527431717068e-01 -5.771798430394053936e-02 -4.753646000000000260e-01 8.709464600020329073e-01 -3.384696376846515337e-03 4.913662662824584970e-01 5.430091400000000235e+00
5.024338386816015189e-01 -6.614049573943095450e-02 -8.620821727486380759e-01 -5.030489000000000210e+00 3.380617785235963402e-02 9.978101516073365485e-01 -5.685106585068220447e-02 -4.790477000000000207e-01 8.639545011669798047e-01 -5.798040067903145744e-04 5.035695421097553526e-01 5.455523000000000344e+00
5.155873682812247560e-01 -6.329886220350469661e-02 -8.544957107631273585e-01 -5.073762900000000187e+00 3.209772760088934473e-02 9.979943679729720296e-01 -5.456168414819453222e-02 -4.826867000000000241e-01 8.562355993251503650e-01 7.039445787558329393e-04 5.165850393791231454e-01 5.480879800000000301e+00
5.273710641245777930e-01 -6.115676631571274890e-02 -8.474311834349239625e-01 -5.116502800000000128e+00 3.134150131546319107e-02 9.981275199675684329e-01 -5.252774675049364655e-02 -4.860512000000000166e-01 8.490568125981932113e-01 1.141848149483974673e-03 5.283003172092557431e-01 5.507812000000000374e+00
5.517874918362192238e-01 -6.004431088394745347e-02 -8.318204401092618161e-01 -5.201172399999999918e+00 3.037732818636420390e-02 9.981900211120384725e-01 -5.190279072078912703e-02 -4.931352999999999986e-01 8.334313299758727700e-01 3.370828209799472258e-03 5.526127538628002878e-01 5.561547799999999597e+00
5.632775560680995941e-01 -6.040403405612205373e-02 -8.240568836553066046e-01 -5.242479799999999912e+00 3.004989134003054757e-02 9.981620798316868104e-01 -5.262572010465506323e-02 -4.966671999999999754e-01 8.257211386784288898e-01 4.880067195027787408e-03 5.640574315473299016e-01 5.589253399999999594e+00
5.745748155202240470e-01 -6.183737587787558471e-02 -8.161126884900385958e-01 -5.282644300000000293e+00 3.197206895549154632e-02 9.980764250605854704e-01 -5.311531365799296300e-02 -5.000008000000000230e-01 8.178273461902615393e-01 4.425910394485033095e-03 5.754466466498646682e-01 5.617107400000000084e+00
5.853470870508995505e-01 -6.104399479830473901e-02 -8.084815510449765430e-01 -5.322078199999999981e+00 3.179824439583036483e-02 9.981229055117721849e-01 -5.234058794168258699e-02 -5.036509000000000125e-01 8.101590333597283866e-01 4.929116736547164285e-03 5.861894271255904121e-01 5.645645599999999931e+00
5.961898380401023934e-01 -5.840488704714283386e-02 -8.007162707143691271e-01 -5.361007200000000417e+00 3.075112255270296899e-02 9.982797541957569853e-01 -4.991894254296197486e-02 -5.069945000000000146e-01 8.022543521100182762e-01 5.138242099140828689e-03 5.969602608119450871e-01 5.674431300000000178e+00
6.061640070268111691e-01 -5.609815122989739861e-02 -7.933588053420644881e-01 -5.399456500000000325e+00 3.135603731118396381e-02 9.984194861662504250e-01 -4.664041774748725611e-02 -5.100242000000000386e-01 7.947213319833185130e-01 3.395154209759169289e-03 6.069649721512373475e-01 5.703681500000000071e+00
6.164888333603438797e-01 -5.420887231101474690e-02 -7.854953319433352066e-01 -5.436790000000000234e+00 3.003123589961574288e-02 9.985200883223189772e-01 -4.534046853672910049e-02 -5.132020999999999944e-01 7.867907238982573270e-01 4.362496940582227117e-03 6.172044437689181429e-01 5.732554000000000372e+00
6.269208566073976030e-01 -5.328452565746174402e-02 -7.772586434875498052e-01 -5.473420100000000232e+00 2.799554532653791145e-02 9.985548350991111377e-01 -4.587472879545768933e-02 -5.164533000000000040e-01 7.785797897405998258e-01 7.000044688881306570e-03 6.275065819430398761e-01 5.761623400000000395e+00
6.361584469850988244e-01 -5.277462892805248607e-02 -7.697514331724323311e-01 -5.508805800000000197e+00 2.598837933855930107e-02 9.985575273363308524e-01 -4.698370716863538299e-02 -5.193615000000000315e-01 7.711206354837499832e-01 9.884489944316874471e-03 6.366123328915944679e-01 5.790710400000000035e+00
6.458990254022313193e-01 -5.209151858158067583e-02 -7.616435666874057375e-01 -5.543800400000000295e+00 2.564523819553465867e-02 9.985867624384875407e-01 -4.654889515889781837e-02 -5.221858000000000333e-01 7.629919860276004329e-01 1.053335532888763706e-02 6.463221160405803190e-01 5.819545299999999699e+00
6.551462795188164323e-01 -4.995837045575869662e-02 -7.538484686288472458e-01 -5.577814100000000330e+00 2.524968617722686548e-02 9.987017354407010661e-01 -4.424134916210607088e-02 -5.250707000000000013e-01 7.550799995898477279e-01 9.950118046385257597e-03 6.555571594988940376e-01 5.848955199999999799e+00
6.638368063787837281e-01 -4.826842469387591927e-02 -7.463181986755976771e-01 -5.611326199999999709e+00 2.551666226584969888e-02 9.987958823115551388e-01 -4.190090004155684611e-02 -5.277680000000000149e-01 7.474420341696256243e-01 8.771810249521203723e-03 6.642691178290005549e-01 5.878690200000000310e+00
6.720348709335653981e-01 -4.767847086200108220e-02 -7.389830144635041176e-01 -5.644555099999999825e+00 2.603027368068796740e-02 9.988293718684633227e-01 -4.077144521548789480e-02 -5.304942000000000268e-01 7.400618603207536061e-01 8.163902811300534357e-03 6.724892516534916043e-01 5.908737699999999649e+00
6.797454742750136392e-01 -4.715537278026390305e-02 -7.319306394875071398e-01 -5.676783600000000263e+00 2.517484220155281199e-02 9.988431104315440567e-01 -4.097155188133980164e-02 -5.330281999999999520e-01 7.330159053682012704e-01 9.423988613785020535e-03 6.801462128953182917e-01 5.938611500000000376e+00
6.873059958423139992e-01 -4.626676964813972170e-02 -7.248929949347912016e-01 -5.708526599999999895e+00 2.439835276810314868e-02 9.988767084658817241e-01 -4.062070489995366768e-02 -5.353892999999999569e-01 7.259581175669905795e-01 1.023265902353357772e-02 6.876627838031513784e-01 5.968480099999999844e+00
6.944816172116741182e-01 -4.347865910864407574e-02 -7.181955789039446980e-01 -5.739631199999999822e+00 2.371680500418676257e-02 9.990134445603880975e-01 -3.754531592598162743e-02 -5.377845999999999460e-01 7.191194591411438353e-01 9.041227223265066795e-03 6.948276474744268238e-01 5.998581899999999578e+00
7.018309560683944071e-01 -4.115698443325558481e-02 -7.111535781647195797e-01 -5.770208399999999571e+00 2.293370038107139103e-02 9.991174856380327096e-01 -3.518941998906478796e-02 -5.398551999999999795e-01 7.119742653291301071e-01 8.387641187861095970e-03 7.021554621195715828e-01 6.028671300000000066e+00
7.093518019707412137e-01 -3.920635059003679812e-02 -7.037633715349737029e-01 -5.800122299999999953e+00 2.162087785338771828e-02 9.991922863555835477e-01 -3.387200213082267042e-02 -5.422862999999999989e-01 7.045229298480718549e-01 8.811183854209861041e-03 7.096265245587822790e-01 6.058383899999999933e+00
7.171666600611453779e-01 -3.862660292724022504e-02 -6.958304155777057520e-01 -5.829196500000000114e+00 2.105784546345559199e-02 9.992079657504621126e-01 -3.376400931851002152e-02 -5.443782999999999817e-01 6.965834830378758724e-01 9.561732433221812461e-03 7.174120325389703456e-01 6.087788100000000036e+00
7.250718074323815321e-01 -3.554437710079029478e-02 -6.877553862553578146e-01 -5.857946400000000331e+00 1.836074541319282494e-02 9.993099110228499393e-01 -3.228908111692865845e-02 -5.464744999999999742e-01 6.884284691197855022e-01 1.078420085219552842e-02 7.252240646292482662e-01 6.117904199999999904e+00
7.436490549385414983e-01 -2.936305742159327908e-02 -6.679250661173530279e-01 -5.912952399999999997e+00 1.599942854796659181e-02 9.995305718634394099e-01 -2.612765195122337611e-02 -5.502046000000000436e-01 6.683787110427386047e-01 8.743384310549957156e-03 7.437697572875933139e-01 6.177647099999999725e+00
7.538986477367041195e-01 -2.705741126960191020e-02 -6.564333366276857706e-01 -5.939266199999999607e+00 1.396405257962065119e-02 9.995857943742124663e-01 -2.516435814457058592e-02 -5.520910999999999458e-01 6.568423206343532161e-01 9.804905948669052212e-03 7.539642097891749994e-01 6.207553400000000110e+00
