1.000000e+00 1.197625e-11 1.704638e-10 5.551115e-17 1.197625e-11 1.000000e+00 3.562503e-10 0.000000e+00 1.704638e-10 3.562503e-10 1.000000e+00 2.220446e-16
9.997542e-01 -8.010201e-03 2.067129e-02 5.418066e-02 8.008308e-03 9.999679e-01 1.744436e-04 -2.008116e-02 -2.067202e-02 -8.857983e-06 9.997863e-01 8.792349e-01
9.997748e-01 -9.463067e-03 1.899365e-02 6.515084e-02 9.496346e-03 9.999535e-01 -1.662555e-03 -2.474146e-02 -1.897703e-02 1.842551e-03 9.998182e-01 1.185210e+00
9.998511e-01 -1.185843e-02 1.253962e-02 7.053236e-02 1.189537e-02 9.999251e-01 -2.875296e-03 -2.883154e-02 -1.250459e-02 3.024031e-03 9.999173e-01 1.500857e+00
9.997888e-01 -1.342620e-02 -1.555879e-02 5.785896e-02 1.334533e-02 9.998969e-01 -5.289823e-03 -4.333150e-02 1.562821e-02 5.081069e-03 9.998650e-01 2.161983e+00
9.985196e-01 -5.196826e-03 -5.414520e-02 3.415143e-03 4.866004e-03 9.999687e-01 -6.239968e-03 -6.304966e-02 5.417593e-02 5.967260e-03 9.985136e-01 2.875512e+00
9.972366e-01 -4.507958e-03 -7.415363e-02 -3.086300e-02 4.012606e-03 9.999686e-01 -6.827705e-03 -7.085384e-02 7.418209e-02 6.511288e-03 9.972235e-01 3.247151e+00
9.933378e-01 -7.329142e-03 -1.150053e-01 -1.231303e-01 6.752021e-03 9.999626e-01 -5.406982e-03 -8.517902e-02 1.150406e-01 4.594442e-03 9.933502e-01 4.021896e+00
9.910850e-01 -6.260087e-03 -1.330839e-01 -1.931244e-01 5.657285e-03 9.999719e-01 -4.907150e-03 -9.480390e-02 1.331109e-01 4.110510e-03 9.910926e-01 4.418357e+00
9.845820e-01 -4.884309e-03 -1.748553e-01 -4.410342e-01 4.143076e-03 9.999808e-01 -4.603916e-03 -1.230564e-01 1.748744e-01 3.808495e-03 9.845834e-01 5.683091e+00
9.827221e-01 -8.432073e-03 -1.848951e-01 -5.276696e-01 7.289575e-03 9.999499e-01 -6.858084e-03 -1.316203e-01 1.849437e-01 5.391784e-03 9.827343e-01 6.127820e+00
9.812037e-01 -8.176023e-03 -1.928017e-01 -6.223879e-01 6.568661e-03 9.999381e-01 -8.974631e-03 -1.398923e-01 1.928631e-01 7.539493e-03 9.811967e-01 6.586939e+00
9.797396e-01 -7.236126e-03 -2.001446e-01 -7.270140e-01 5.215485e-03 9.999300e-01 -1.062133e-02 -1.495504e-01 2.002075e-01 9.362288e-03 9.797088e-01 7.057528e+00
9.780320e-01 -7.866009e-03 -2.083063e-01 -8.348053e-01 5.207470e-03 9.998979e-01 -1.330798e-02 -1.604265e-01 2.083897e-01 1.193088e-02 9.779731e-01 7.548378e+00
9.723895e-01 -1.882262e-02 -2.326035e-01 -1.178089e+00 1.511868e-02 9.997291e-01 -1.769655e-02 -2.016067e-01 2.328736e-01 1.369128e-02 9.724106e-01 9.075980e+00
9.682175e-01 -1.175727e-02 -2.498331e-01 -1.461512e+00 5.410028e-03 9.996453e-01 -2.607749e-02 -2.434394e-01 2.500511e-01 2.389708e-02 9.679377e-01 1.014898e+01
9.636100e-01 -1.701693e-02 -2.667699e-01 -1.746028e+00 9.362843e-03 9.995079e-01 -2.993753e-02 -3.017085e-01 2.671481e-01 2.635037e-02 9.632952e-01 1.126149e+01
9.591271e-01 -1.549079e-02 -2.825514e-01 -2.073218e+00 5.603769e-03 9.993444e-01 -3.576662e-02 -3.566836e-01 2.829203e-01 3.272138e-02 9.585851e-01 1.241106e+01
9.549986e-01 -1.796302e-02 -2.960658e-01 -2.430940e+00 3.863449e-03 9.988331e-01 -4.813954e-02 -4.149226e-01 2.965851e-01 4.482935e-02 9.539537e-01 1.360353e+01
9.524710e-01 -1.858298e-02 -3.040618e-01 -2.819369e+00 -1.216390e-03 9.978977e-01 -6.479764e-02 -4.781374e-01 3.046268e-01 6.208772e-02 9.504460e-01 1.484155e+01
9.498371e-01 -1.765624e-02 -3.122464e-01 -3.237328e+00 -8.048061e-03 9.966945e-01 -8.084074e-02 -5.701376e-01 3.126416e-01 7.929850e-02 9.465553e-01 1.612456e+01
9.465823e-01 -1.443547e-02 -3.221390e-01 -3.703617e+00 -1.649625e-02 9.955216e-01 -9.308367e-02 -6.968511e-01 3.220401e-01 9.342543e-02 9.421050e-01 1.744154e+01
9.431819e-01 -9.610002e-03 -3.321379e-01 -4.206227e+00 -2.563137e-02 9.944991e-01 -1.015608e-01 -8.443717e-01 3.312869e-01 1.043034e-01 9.377472e-01 1.880104e+01
9.391912e-01 -7.945913e-03 -3.433026e-01 -4.730674e+00 -2.886858e-02 9.943662e-01 -1.019924e-01 -1.007318e+00 3.421789e-01 1.057010e-01 9.336707e-01 2.020757e+01
9.342878e-01 -7.529037e-03 -3.564403e-01 -5.285312e+00 -2.950746e-02 9.947138e-01 -9.835504e-02 -1.174887e+00 3.552966e-01 1.024095e-01 9.291268e-01 2.165513e+01
9.277392e-01 -5.077233e-03 -3.731947e-01 -5.895726e+00 -3.070041e-02 9.954809e-01 -8.986263e-02 -1.353119e+00 3.719645e-01 9.482629e-02 9.233907e-01 2.314117e+01
9.206243e-01 2.247455e-03 -3.904432e-01 -6.553189e+00 -3.648772e-02 9.961026e-01 -8.030049e-02 -1.526495e+00 3.887411e-01 8.817295e-02 9.171183e-01 2.462981e+01
9.127707e-01 3.235865e-03 -4.084594e-01 -7.246162e+00 -3.828632e-02 9.962441e-01 -7.766479e-02 -1.685830e+00 4.066740e-01 8.652854e-02 9.094664e-01 2.614716e+01
9.048830e-01 4.608140e-03 -4.256354e-01 -7.982190e+00 -4.021677e-02 9.963939e-01 -7.471170e-02 -1.839860e+00 4.237562e-01 8.472302e-02 9.018052e-01 2.768873e+01
8.972017e-01 4.003364e-03 -4.416029e-01 -8.757075e+00 -3.820143e-02 9.969142e-01 -6.857602e-02 -1.990234e+00 4.399657e-01 7.839636e-02 8.945860e-01 2.926142e+01
8.896269e-01 6.524173e-03 -4.566414e-01 -9.580703e+00 -3.732651e-02 9.975913e-01 -5.846647e-02 -2.130016e+00 4.551601e-01 6.905817e-02 8.877276e-01 3.086421e+01
8.825642e-01 4.764472e-03 -4.701677e-01 -1.044426e+01 -3.498797e-02 9.978418e-01 -5.556515e-02 -2.258264e+00 4.688883e-01 6.549002e-02 8.808262e-01 3.249206e+01
8.764052e-01 4.444602e-03 -4.815539e-01 -1.135407e+01 -3.365615e-02 9.980776e-01 -5.204062e-02 -2.381080e+00 4.803969e-01 6.181591e-02 8.748701e-01 3.415206e+01
8.716007e-01 2.167155e-03 -4.902118e-01 -1.230225e+01 -3.196712e-02 9.981130e-01 -5.242529e-02 -2.505327e+00 4.891732e-01 6.136457e-02 8.700253e-01 3.584444e+01
8.701921e-01 2.319482e-03 -4.927072e-01 -1.279251e+01 -3.265581e-02 9.980616e-01 -5.297637e-02 -2.570879e+00 4.916293e-01 6.218936e-02 8.685811e-01 3.672204e+01
8.696349e-01 2.975155e-03 -4.936865e-01 -1.378452e+01 -3.195058e-02 9.982247e-01 -5.026564e-02 -2.707338e+00 4.926605e-01 5.948631e-02 8.681861e-01 3.851664e+01
8.687731e-01 1.966427e-05 -4.952104e-01 -1.480797e+01 -2.858148e-02 9.983350e-01 -5.010232e-02 -2.841759e+00 4.943849e-01 5.768139e-02 8.673272e-01 4.034309e+01
8.676927e-01 -2.580071e-03 -4.970943e-01 -1.533465e+01 -2.612420e-02 9.983680e-01 -5.078240e-02 -2.909137e+00 4.964140e-01 5.704970e-02 8.662092e-01 4.126523e+01
8.640267e-01 -2.135530e-03 -5.034415e-01 -1.640548e+01 -2.364757e-02 9.987151e-01 -4.482132e-02 -3.043619e+00 5.028904e-01 5.063198e-02 8.628660e-01 4.311456e+01
8.573170e-01 -2.322740e-03 -5.147836e-01 -1.749249e+01 -2.029804e-02 9.990596e-01 -3.831204e-02 -3.173069e+00 5.143885e-01 4.329465e-02 8.564637e-01 4.494973e+01
8.520813e-01 -5.804948e-03 -5.233772e-01 -1.804673e+01 -1.816238e-02 9.990084e-01 -4.064949e-02 -3.235637e+00 5.230942e-01 4.414244e-02 8.511310e-01 4.585695e+01
8.398031e-01 -1.033534e-02 -5.427928e-01 -1.921229e+01 -1.601771e-02 9.989118e-01 -4.380276e-02 -3.356507e+00 5.426548e-01 4.547998e-02 8.387236e-01 4.766232e+01
8.339495e-01 -6.907958e-03 -5.517976e-01 -1.982282e+01 -1.727628e-02 9.991047e-01 -3.861801e-02 -3.410242e+00 5.515704e-01 4.173847e-02 8.330835e-01 4.855068e+01
8.287116e-01 -1.605836e-03 -5.596736e-01 -2.043384e+01 -2.050625e-02 9.992373e-01 -3.323077e-02 -3.465273e+00 5.593001e-01 3.901553e-02 8.280466e-01 4.943336e+01
8.208828e-01 -4.306569e-03 -5.710805e-01 -2.167507e+01 -2.223179e-02 9.989726e-01 -3.948978e-02 -3.574727e+00 5.706639e-01 4.511262e-02 8.199437e-01 5.115815e+01
8.179645e-01 -6.412380e-03 -5.752329e-01 -2.229860e+01 -2.497150e-02 9.985995e-01 -4.664059e-02 -3.635034e+00 5.747265e-01 5.251477e-02 8.166589e-01 5.201179e+01
8.145803e-01 -6.933137e-03 -5.800093e-01 -2.292529e+01 -2.492187e-02 9.985869e-01 -4.693753e-02 -3.696616e+00 5.795151e-01 5.268930e-02 8.132565e-01 5.287389e+01
8.078624e-01 -2.799690e-03 -5.893645e-01 -2.420131e+01 -2.439166e-02 9.989731e-01 -3.817998e-02 -3.822517e+00 5.888662e-01 4.521974e-02 8.069646e-01 5.459689e+01
8.047634e-01 -1.072406e-03 -5.935948e-01 -2.484571e+01 -2.455639e-02 9.990821e-01 -3.509719e-02 -3.875701e+00 5.930876e-01 4.282147e-02 8.039984e-01 5.545675e+01
7.980946e-01 -1.906616e-03 -6.025291e-01 -2.614832e+01 -2.569411e-02 9.989776e-01 -3.719488e-02 -3.971575e+00 6.019841e-01 4.516647e-02 7.972297e-01 5.717032e+01
7.896376e-01 -5.883988e-03 -6.135453e-01 -2.748253e+01 -2.381542e-02 9.989066e-01 -4.023028e-02 -4.070618e+00 6.131112e-01 4.637917e-02 7.886340e-01 5.886465e+01
7.801529e-01 -5.230775e-03 -6.255670e-01 -2.884498e+01 -2.393247e-02 9.989835e-01 -3.819965e-02 -4.187294e+00 6.251310e-01 4.477292e-02 7.792347e-01 6.053112e+01
7.692225e-01 -8.108737e-03 -6.389295e-01 -3.024500e+01 -2.299429e-02 9.989205e-01 -4.036080e-02 -4.308387e+00 6.385672e-01 4.573816e-02 7.682057e-01 6.219212e+01
7.578107e-01 -1.050982e-02 -6.523898e-01 -3.167830e+01 -2.224842e-02 9.988726e-01 -4.193515e-02 -4.431688e+00 6.520951e-01 4.629354e-02 7.567225e-01 6.384049e+01
7.515981e-01 -1.253177e-02 -6.595023e-01 -3.241736e+01 -2.142438e-02 9.988282e-01 -4.339578e-02 -4.495389e+00 6.592733e-01 4.674561e-02 7.504489e-01 6.466956e+01
7.453405e-01 -1.321772e-02 -6.665529e-01 -3.316065e+01 -2.063561e-02 9.988670e-01 -4.288227e-02 -4.558237e+00 6.663645e-01 4.571662e-02 7.442233e-01 6.548993e+01
7.390352e-01 -1.353693e-02 -6.735308e-01 -3.390236e+01 -1.966365e-02 9.989386e-01 -4.165317e-02 -4.621788e+00 6.733798e-01 4.402723e-02 7.379846e-01 6.629394e+01
7.325427e-01 -1.349799e-02 -6.805872e-01 -3.467370e+01 -1.927296e-02 9.989913e-01 -4.055710e-02 -4.690830e+00 6.804482e-01 4.282673e-02 7.315437e-01 6.709446e+01
7.194909e-01 -1.708224e-02 -6.942917e-01 -3.625058e+01 -1.775566e-02 9.989182e-01 -4.297733e-02 -4.834985e+00 6.942749e-01 4.324940e-02 7.184093e-01 6.868199e+01
7.133849e-01 -1.644260e-02 -7.005795e-01 -3.705458e+01 -1.919797e-02 9.988909e-01 -4.299285e-02 -4.906233e+00 7.005094e-01 4.412015e-02 7.122780e-01 6.947298e+01
7.028426e-01 -1.503627e-02 -7.111865e-01 -3.869255e+01 -2.087974e-02 9.989097e-01 -4.175424e-02 -5.057858e+00 7.110389e-01 4.419604e-02 7.017623e-01 7.105256e+01
6.978988e-01 -1.609744e-02 -7.160154e-01 -3.951886e+01 -2.079239e-02 9.988706e-01 -4.272289e-02 -5.137328e+00 7.158945e-01 4.470392e-02 6.967759e-01 7.183896e+01
6.875324e-01 -2.030697e-02 -7.258697e-01 -4.119284e+01 -2.112818e-02 9.986262e-01 -4.794991e-02 -5.292359e+00 7.258462e-01 4.830342e-02 6.861589e-01 7.340570e+01
6.824175e-01 -2.114368e-02 -7.306568e-01 -4.204713e+01 -2.154098e-02 9.985657e-01 -4.901522e-02 -5.369497e+00 7.306452e-01 4.918790e-02 6.809833e-01 7.418462e+01
6.722415e-01 -2.004618e-02 -7.400605e-01 -4.378384e+01 -2.098920e-02 9.987154e-01 -4.611819e-02 -5.527046e+00 7.400343e-01 4.653583e-02 6.709572e-01 7.573564e+01
6.671161e-01 -2.124206e-02 -7.446508e-01 -4.465831e+01 -1.993251e-02 9.987265e-01 -4.634697e-02 -5.602316e+00 7.446871e-01 4.576156e-02 6.658432e-01 7.650974e+01
6.576917e-01 -2.323860e-02 -7.529287e-01 -4.643229e+01 -1.800770e-02 9.987533e-01 -4.655573e-02 -5.751800e+00 7.530720e-01 4.417783e-02 6.564533e-01 7.805127e+01
6.498156e-01 -2.593030e-02 -7.596494e-01 -4.823900e+01 -1.455254e-02 9.988103e-01 -4.654242e-02 -5.898424e+00 7.599526e-01 4.129881e-02 6.486652e-01 7.959620e+01
6.455088e-01 -3.066921e-02 -7.631368e-01 -4.915220e+01 -1.116925e-02 9.987075e-01 -4.958406e-02 -5.978524e+00 7.636711e-01 4.053061e-02 6.443320e-01 8.036127e+01
6.339648e-01 -3.935732e-02 -7.723598e-01 -5.100162e+01 -1.638042e-03 9.986336e-01 -5.223215e-02 -6.153399e+00 7.733602e-01 3.437850e-02 6.330341e-01 8.189059e+01
6.162967e-01 -4.426734e-02 -7.862689e-01 -5.289570e+01 6.310456e-03 9.986644e-01 -5.127903e-02 -6.326822e+00 7.874888e-01 2.664138e-02 6.157530e-01 8.339659e+01
5.981988e-01 -4.203976e-02 -8.002442e-01 -5.484867e+01 6.320427e-03 9.988394e-01 -4.774805e-02 -6.495943e+00 8.013228e-01 2.350495e-02 5.977703e-01 8.486188e+01
5.784770e-01 -4.577277e-02 -8.144134e-01 -5.684458e+01 6.190303e-03 9.986419e-01 -5.173007e-02 -6.660712e+00 8.156752e-01 2.488319e-02 5.779747e-01 8.628487e+01
5.581987e-01 -4.826769e-02 -8.283022e-01 -5.888092e+01 8.995736e-03 9.985998e-01 -5.212917e-02 -6.837334e+00 8.296586e-01 2.164725e-02 5.578513e-01 8.767629e+01
5.371294e-01 -4.842119e-02 -8.421089e-01 -6.096415e+01 1.073061e-02 9.986624e-01 -5.057862e-02 -7.015079e+00 8.434316e-01 1.813092e-02 5.369306e-01 8.902721e+01
5.267133e-01 -4.963826e-02 -8.485925e-01 -6.202188e+01 1.031530e-02 9.985933e-01 -5.200993e-02 -7.102980e+00 8.499805e-01 1.864083e-02 5.264844e-01 8.968383e+01
5.064670e-01 -5.110642e-02 -8.607435e-01 -6.417133e+01 7.655844e-03 9.984691e-01 -5.477910e-02 -7.283912e+00 8.622254e-01 2.115409e-02 5.060829e-01 9.095949e+01
4.877562e-01 -4.910681e-02 -8.715976e-01 -6.637327e+01 5.825330e-03 9.985774e-01 -5.300109e-02 -7.465671e+00 8.729605e-01 2.077427e-02 4.873484e-01 9.220094e+01
4.796069e-01 -4.700544e-02 -8.762235e-01 -6.748666e+01 6.149553e-03 9.987197e-01 -5.021082e-02 -7.555186e+00 8.774620e-01 1.869307e-02 4.792819e-01 9.280938e+01
4.642322e-01 -5.055978e-02 -8.842693e-01 -6.972870e+01 8.322060e-03 9.985743e-01 -5.272640e-02 -7.731317e+00 8.856745e-01 1.711835e-02 4.639911e-01 9.399874e+01
4.570917e-01 -5.386987e-02 -8.877867e-01 -7.085828e+01 1.099739e-02 9.984301e-01 -5.492140e-02 -7.820048e+00 8.893516e-01 1.534078e-02 4.569666e-01 9.458336e+01
4.508577e-01 -5.668127e-02 -8.907943e-01 -7.199157e+01 1.202786e-02 9.982769e-01 -5.743274e-02 -7.914147e+00 8.925148e-01 1.517964e-02 4.507626e-01 9.515810e+01
4.452960e-01 -6.019002e-02 -8.933581e-01 -7.313057e+01 1.382460e-02 9.980812e-01 -6.035486e-02 -8.011910e+00 8.952767e-01 1.452546e-02 4.452737e-01 9.572828e+01
4.404362e-01 -6.118295e-02 -8.956967e-01 -7.426251e+01 1.648406e-02 9.980581e-01 -6.006941e-02 -8.110093e+00 8.976326e-01 1.169203e-02 4.405895e-01 9.628811e+01
4.361561e-01 -5.858994e-02 -8.979616e-01 -7.540274e+01 1.780717e-02 9.982447e-01 -5.648393e-02 -8.209520e+00 8.996949e-01 8.645658e-03 4.364338e-01 9.684446e+01
4.322135e-01 -5.653957e-02 -8.999971e-01 -7.658015e+01 2.112313e-02 9.983934e-01 -5.257689e-02 -8.308009e+00 9.015239e-01 3.713691e-03 4.327134e-01 9.741509e+01
4.288446e-01 -5.587980e-02 -9.016483e-01 -7.767611e+01 2.281072e-02 9.984366e-01 -5.102898e-02 -8.396730e+00 9.030903e-01 1.316265e-03 4.294489e-01 9.793967e+01
4.259122e-01 -5.624384e-02 -9.030146e-01 -7.880716e+01 2.445442e-02 9.984169e-01 -5.065187e-02 -8.486978e+00 9.044340e-01 -5.094444e-04 4.266134e-01 9.847551e+01
4.232849e-01 -5.523644e-02 -9.043112e-01 -7.993532e+01 2.629154e-02 9.984682e-01 -4.868128e-02 -8.574915e+00 9.056151e-01 -3.169679e-03 4.240888e-01 9.900669e+01
4.209215e-01 -5.420603e-02 -9.054760e-01 -8.106306e+01 2.773444e-02 9.985153e-01 -4.688312e-02 -8.661986e+00 9.066730e-01 -5.378750e-03 4.217999e-01 9.953295e+01
4.160303e-01 -5.553146e-02 -9.076536e-01 -8.328006e+01 3.246276e-02 9.984044e-01 -4.620416e-02 -8.827999e+00 9.087711e-01 -1.024260e-02 4.171692e-01 1.005627e+02
4.112317e-01 -5.406871e-02 -9.099258e-01 -8.546189e+01 3.750869e-02 9.983975e-01 -4.237413e-02 -8.996530e+00 9.107588e-01 -1.670453e-02 4.126007e-01 1.015536e+02
4.079197e-01 -5.622149e-02 -9.112852e-01 -8.762037e+01 4.108249e-02 9.982216e-01 -4.319522e-02 -9.149512e+00 9.120931e-01 -1.981767e-02 4.095040e-01 1.025091e+02
4.075927e-01 -5.795142e-02 -9.113231e-01 -8.974022e+01 4.017833e-02 9.981559e-01 -4.550326e-02 -9.305889e+00 9.122795e-01 -1.806864e-02 4.091694e-01 1.034282e+02
4.139154e-01 -5.777102e-02 -9.084803e-01 -9.182278e+01 3.564327e-02 9.982474e-01 -4.723986e-02 -9.462617e+00 9.096173e-01 -1.282790e-02 4.152491e-01 1.043271e+02
4.248597e-01 -5.821256e-02 -9.033856e-01 -9.387053e+01 3.328904e-02 9.982600e-01 -4.867036e-02 -9.609312e+00 9.046470e-01 -9.394764e-03 4.260582e-01 1.052557e+02
4.318136e-01 -5.709458e-02 -9.001540e-01 -9.488237e+01 3.225411e-02 9.983336e-01 -4.784925e-02 -9.680288e+00 9.013860e-01 -8.371707e-03 4.329355e-01 1.057334e+02
4.399854e-01 -5.549092e-02 -8.962888e-01 -9.588621e+01 3.065506e-02 9.984353e-01 -4.676655e-02 -9.749076e+00 8.974816e-01 -6.899180e-03 4.409981e-01 1.062164e+02
4.488454e-01 -5.517551e-02 -8.919044e-01 -9.688157e+01 3.026825e-02 9.984580e-01 -4.653489e-02 -9.818909e+00 8.930967e-01 -6.109403e-03 4.498233e-01 1.067096e+02
4.681770e-01 -5.512405e-02 -8.819136e-01 -9.884290e+01 2.851588e-02 9.984749e-01 -4.727166e-02 -9.958087e+00 8.831745e-01 -3.017038e-03 4.690349e-01 1.077189e+02
4.786921e-01 -5.678936e-02 -8.761443e-01 -9.980583e+01 2.678003e-02 9.983860e-01 -5.008117e-02 -1.002675e+01 8.775744e-01 5.102926e-04 4.794403e-01 1.082398e+02
4.900937e-01 -5.746268e-02 -8.697736e-01 -1.007547e+02 2.497006e-02 9.983407e-01 -5.188669e-02 -1.009360e+01 8.713120e-01 3.711045e-03 4.907154e-01 1.087790e+02
5.023364e-01 -5.599002e-02 -8.628576e-01 -1.016995e+02 2.292463e-02 9.984129e-01 -5.143988e-02 -1.015566e+01 8.643683e-01 6.059441e-03 5.028227e-01 1.093330e+02
5.152097e-01 -5.315552e-02 -8.554142e-01 -1.026360e+02 2.128305e-02 9.985606e-01 -4.923204e-02 -1.021665e+01 8.567999e-01 7.159000e-03 5.155994e-01 1.099002e+02
5.277749e-01 -5.081668e-02 -8.478628e-01 -1.035604e+02 2.039561e-02 9.986791e-01 -4.716007e-02 -1.027636e+01 8.491394e-01 7.597224e-03 5.281142e-01 1.104797e+02
5.396874e-01 -5.040390e-02 -8.403553e-01 -1.044750e+02 2.077497e-02 9.986994e-01 -4.655932e-02 -1.032552e+01 8.416092e-01 7.669122e-03 5.400326e-01 1.110646e+02
5.512438e-01 -5.094885e-02 -8.327871e-01 -1.053784e+02 2.099405e-02 9.986648e-01 -4.720052e-02 -1.037734e+01 8.340800e-01 8.535420e-03 5.515774e-01 1.116592e+02
5.624291e-01 -5.175227e-02 -8.252243e-01 -1.062592e+02 2.137600e-02 9.986158e-01 -4.805743e-02 -1.042733e+01 8.265692e-01 9.388904e-03 5.627568e-01 1.122557e+02
5.735172e-01 -5.312901e-02 -8.174688e-01 -1.071244e+02 2.315143e-02 9.985473e-01 -4.865518e-02 -1.048384e+01 8.188663e-01 8.979010e-03 5.739141e-01 1.128599e+02
5.843075e-01 -5.366822e-02 -8.097558e-01 -1.079760e+02 2.417163e-02 9.985191e-01 -4.873702e-02 -1.053886e+01 8.111723e-01 8.904287e-03 5.847395e-01 1.134723e+02
5.951811e-01 -5.121604e-02 -8.019578e-01 -1.088156e+02 2.304136e-02 9.986442e-01 -4.667680e-02 -1.059968e+01 8.032612e-01 9.302959e-03 5.955543e-01 1.140873e+02
6.052642e-01 -4.844117e-02 -7.945493e-01 -1.096406e+02 2.329405e-02 9.987970e-01 -4.314880e-02 -1.065546e+01 7.956838e-01 7.608155e-03 6.056645e-01 1.147106e+02
6.153476e-01 -4.667761e-02 -7.868726e-01 -1.104479e+02 2.193382e-02 9.988725e-01 -4.210092e-02 -1.071449e+01 7.879507e-01 8.647581e-03 6.156777e-01 1.153330e+02
6.256110e-01 -4.603175e-02 -7.787760e-01 -1.112427e+02 1.999751e-02 9.988759e-01 -4.297687e-02 -1.076967e+01 7.798789e-01 1.131322e-02 6.258282e-01 1.159602e+02
6.352746e-01 -4.586128e-02 -7.709234e-01 -1.120216e+02 1.832673e-02 9.988493e-01 -4.431830e-02 -1.082745e+01 7.720689e-01 1.402579e-02 6.353841e-01 1.165904e+02
6.446320e-01 -4.556259e-02 -7.631341e-01 -1.127849e+02 1.810481e-02 9.988523e-01 -4.434261e-02 -1.088440e+01 7.642787e-01 1.476827e-02 6.447171e-01 1.172256e+02
6.539294e-01 -4.355499e-02 -7.553008e-01 -1.135420e+02 1.795909e-02 9.989538e-01 -4.205669e-02 -1.094072e+01 7.563424e-01 1.393759e-02 6.540275e-01 1.178586e+02
6.627892e-01 -4.156585e-02 -7.476515e-01 -1.142854e+02 1.771950e-02 9.990492e-01 -3.983412e-02 -1.099692e+01 7.485964e-01 1.315362e-02 6.628955e-01 1.184946e+02
6.711328e-01 -4.096189e-02 -7.402046e-01 -1.150150e+02 1.832210e-02 9.990838e-01 -3.867553e-02 -1.105074e+01 7.411107e-01 1.239431e-02 6.712685e-01 1.191327e+02
6.790069e-01 -4.041487e-02 -7.330186e-01 -1.157305e+02 1.725344e-02 9.990862e-01 -3.910235e-02 -1.110434e+01 7.339292e-01 1.390367e-02 6.790837e-01 1.197729e+02
6.866300e-01 -3.934016e-02 -7.259419e-01 -1.164343e+02 1.654401e-02 9.991218e-01 -3.849619e-02 -1.115559e+01 7.268188e-01 1.442265e-02 6.866778e-01 1.204136e+02
6.940511e-01 -3.716524e-02 -7.189658e-01 -1.171234e+02 1.591975e-02 9.992147e-01 -3.628398e-02 -1.120384e+01 7.197497e-01 1.373718e-02 6.940977e-01 1.210568e+02
7.019590e-01 -3.415441e-02 -7.113979e-01 -1.177905e+02 1.490303e-02 9.993352e-01 -3.327307e-02 -1.124261e+01 7.120614e-01 1.275435e-02 7.020014e-01 1.216885e+02
7.095204e-01 -3.197352e-02 -7.039592e-01 -1.184457e+02 1.340608e-02 9.994018e-01 -3.188042e-02 -1.128508e+01 7.045574e-01 1.318247e-02 7.095246e-01 1.223238e+02
7.174647e-01 -3.178964e-02 -6.958691e-01 -1.190789e+02 1.320678e-02 9.993993e-01 -3.203928e-02 -1.132614e+01 6.964697e-01 1.379686e-02 7.174536e-01 1.229483e+02
7.348171e-01 -2.580783e-02 -6.777742e-01 -1.203051e+02 9.460201e-03 9.995686e-01 -2.780453e-02 -1.140579e+01 6.781994e-01 1.401936e-02 7.347442e-01 1.242110e+02
7.547535e-01 -2.039380e-02 -6.556914e-01 -1.214729e+02 6.117148e-03 9.996920e-01 -2.405184e-02 -1.147772e+01 6.559800e-01 1.414225e-02 7.546458e-01 1.255059e+02
7.746034e-01 -2.018036e-02 -6.321253e-01 -1.225640e+02 4.578040e-03 9.996435e-01 -2.630334e-02 -1.154304e+01 6.324308e-01 1.748076e-02 7.744196e-01 1.267939e+02
7.948394e-01 -1.834724e-02 -6.065424e-01 -1.236107e+02 4.025130e-03 9.996802e-01 -2.496453e-02 -1.160825e+01 6.068065e-01 1.740138e-02 7.946591e-01 1.281154e+02
8.148581e-01 -1.492357e-02 -5.794684e-01 -1.246090e+02 4.098955e-03 9.997919e-01 -1.998452e-02 -1.167018e+01 5.796460e-01 1.390933e-02 8.147497e-01 1.294645e+02
8.323700e-01 -1.296992e-02 -5.540686e-01 -1.255569e+02 5.316225e-03 9.998670e-01 -1.541890e-02 -1.173561e+01 5.541949e-01 9.888676e-03 8.323282e-01 1.308488e+02
8.464589e-01 -1.351566e-02 -5.322824e-01 -1.264556e+02 7.459736e-03 9.998807e-01 -1.352606e-02 -1.180813e+01 5.324018e-01 7.478573e-03 8.464588e-01 1.322593e+02
8.600178e-01 -1.100492e-02 -5.101454e-01 -1.273259e+02 5.286332e-03 9.999059e-01 -1.265824e-02 -1.186483e+01 5.102367e-01 8.189516e-03 8.599950e-01 1.336942e+02
8.723606e-01 -1.034370e-02 -4.887535e-01 -1.281662e+02 4.966989e-03 9.999120e-01 -1.229615e-02 -1.191791e+01 4.888377e-01 8.299043e-03 8.723353e-01 1.351627e+02
8.820099e-01 -1.260976e-02 -4.710621e-01 -1.289796e+02 6.856647e-03 9.998795e-01 -1.392727e-02 -1.195018e+01 4.711810e-01 9.054083e-03 8.819901e-01 1.366699e+02
8.887377e-01 -1.024149e-02 -4.583016e-01 -1.297992e+02 6.307207e-03 9.999289e-01 -1.011410e-02 -1.197619e+01 4.583726e-01 6.098182e-03 8.887392e-01 1.382215e+02
8.952692e-01 -3.109988e-03 -4.455148e-01 -1.306247e+02 2.152844e-03 9.999941e-01 -2.654447e-03 -1.199943e+01 4.455205e-01 1.417323e-03 8.952706e-01 1.398168e+02
9.018299e-01 1.265615e-03 -4.320894e-01 -1.314426e+02 -7.282272e-04 9.999987e-01 1.409146e-03 -1.201240e+01 4.320907e-01 -9.561481e-04 9.018297e-01 1.414623e+02
9.085700e-01 2.657663e-03 -4.177243e-01 -1.322539e+02 5.308222e-06 9.999797e-01 6.373661e-03 -1.201933e+01 4.177328e-01 -5.793131e-03 9.085515e-01 1.431680e+02
9.158194e-01 1.804681e-03 -4.015863e-01 -1.330539e+02 1.170635e-03 9.999736e-01 7.163401e-03 -1.202274e+01 4.015886e-01 -7.030489e-03 9.157932e-01 1.449288e+02
9.237461e-01 -2.419590e-03 -3.829978e-01 -1.338322e+02 4.893411e-03 9.999730e-01 5.485000e-03 -1.202503e+01 3.829742e-01 -6.940910e-03 9.237330e-01 1.467482e+02
9.333695e-01 -2.591909e-03 -3.589076e-01 -1.345894e+02 3.557208e-03 9.999916e-01 2.029220e-03 -1.203712e+01 3.588994e-01 -3.170718e-03 9.333709e-01 1.486265e+02
9.460789e-01 5.301932e-03 -3.238928e-01 -1.352860e+02 -3.340965e-03 9.999725e-01 6.610121e-03 -1.206100e+01 3.239190e-01 -5.171579e-03 9.460707e-01 1.505851e+02
9.592679e-01 1.008173e-02 -2.823180e-01 -1.359116e+02 -7.813793e-03 9.999275e-01 9.158056e-03 -1.207541e+01 2.823899e-01 -6.579052e-03 9.592772e-01 1.526125e+02
9.710369e-01 1.176226e-02 -2.386398e-01 -1.364469e+02 -9.009547e-03 9.998797e-01 1.262258e-02 -1.209323e+01 2.387596e-01 -1.010695e-02 9.710261e-01 1.547167e+02
9.809216e-01 1.570219e-02 -1.937687e-01 -1.369024e+02 -1.199638e-02 9.997223e-01 2.028362e-02 -1.209800e+01 1.940334e-01 -1.757211e-02 9.808375e-01 1.568857e+02
9.918466e-01 1.853543e-02 -1.260828e-01 -1.374145e+02 -1.592588e-02 9.996382e-01 2.167388e-02 -1.208012e+01 1.264389e-01 -1.948918e-02 9.917829e-01 1.602678e+02
9.963072e-01 1.696644e-02 -8.416713e-02 -1.376386e+02 -1.515296e-02 9.996400e-01 2.213848e-02 -1.205149e+01 8.451245e-02 -2.078134e-02 9.962057e-01 1.626009e+02
9.989010e-01 1.785651e-02 -4.333555e-02 -1.377702e+02 -1.677138e-02 9.995398e-01 2.527609e-02 -1.201731e+01 4.376695e-02 -2.452151e-02 9.987408e-01 1.649998e+02
9.998103e-01 1.941023e-02 -1.632394e-03 -1.378118e+02 -1.935948e-02 9.994524e-01 2.683354e-02 -1.198516e+01 2.152346e-03 -2.679684e-02 9.996386e-01 1.674517e+02
9.989610e-01 2.279405e-02 3.946242e-02 -1.377602e+02 -2.378432e-02 9.994092e-01 2.480885e-02 -1.196079e+01 -3.887361e-02 -2.572166e-02 9.989130e-01 1.699379e+02
9.965962e-01 2.487978e-02 7.859357e-02 -1.376033e+02 -2.651453e-02 9.994518e-01 1.982513e-02 -1.194187e+01 -7.805724e-02 -2.184152e-02 9.967096e-01 1.724609e+02
9.927796e-01 2.515475e-02 1.172857e-01 -1.373423e+02 -2.709059e-02 9.995213e-01 1.494018e-02 -1.194306e+01 -1.168537e-01 -1.800964e-02 9.929858e-01 1.750193e+02
9.876246e-01 2.770974e-02 1.543689e-01 -1.369802e+02 -2.855622e-02 9.995868e-01 3.268298e-03 -1.196497e+01 -1.542146e-01 -7.636044e-03 9.880079e-01 1.776055e+02
9.775738e-01 3.435102e-02 2.077728e-01 -1.362573e+02 -3.311603e-02 9.994071e-01 -9.420407e-03 -1.204258e+01 -2.079732e-01 2.328533e-03 9.781318e-01 1.815452e+02
9.695096e-01 3.317081e-02 2.427980e-01 -1.356393e+02 -3.189334e-02 9.994490e-01 -9.191359e-03 -1.212331e+01 -2.429691e-01 1.167473e-03 9.700333e-01 1.842188e+02
9.605564e-01 3.338092e-02 2.760746e-01 -1.349210e+02 -2.919312e-02 9.993881e-01 -1.926604e-02 -1.221523e+01 -2.765488e-01 1.044663e-02 9.609431e-01 1.868879e+02
9.499691e-01 3.789933e-02 3.100361e-01 -1.341176e+02 -3.345719e-02 9.992472e-01 -1.963486e-02 -1.231567e+01 -3.105468e-01 8.279573e-03 9.505220e-01 1.895769e+02
9.377303e-01 4.257239e-02 3.447456e-01 -1.332045e+02 -3.559668e-02 9.990137e-01 -2.654226e-02 -1.241575e+01 -3.455355e-01 1.261769e-02 9.383209e-01 1.922715e+02
9.243962e-01 4.415322e-02 3.788697e-01 -1.321764e+02 -3.402955e-02 9.988632e-01 -3.337891e-02 -1.253918e+01 -3.799128e-01 1.796257e-02 9.248479e-01 1.949675e+02
8.958706e-01 5.309420e-02 4.411313e-01 -1.304121e+02 -3.707817e-02 9.983052e-01 -4.485508e-02 -1.278312e+01 -4.427652e-01 2.382800e-02 8.963209e-01 1.989740e+02
8.693330e-01 6.188306e-02 4.903373e-01 -1.290608e+02 -4.247779e-02 9.978143e-01 -5.061917e-02 -1.297300e+01 -4.923981e-01 2.317646e-02 8.700615e-01 2.016167e+02
8.403935e-01 6.709962e-02 5.378070e-01 -1.275470e+02 -4.359466e-02 9.974602e-01 -5.632606e-02 -1.318252e+01 -5.402206e-01 2.389054e-02 8.411843e-01 2.041905e+02
8.094251e-01 7.038394e-02 5.829898e-01 -1.258796e+02 -4.127185e-02 9.971545e-01 -6.308379e-02 -1.341339e+01 -5.857710e-01 2.700053e-02 8.100267e-01 2.066836e+02
7.777115e-01 7.454201e-02 6.241861e-01 -1.240689e+02 -3.760427e-02 9.966830e-01 -7.217317e-02 -1.367026e+01 -6.274956e-01 3.265784e-02 7.779349e-01 2.090904e+02
7.463151e-01 7.638970e-02 6.611946e-01 -1.221292e+02 -3.399561e-02 9.964704e-01 -7.675297e-02 -1.395312e+01 -6.647240e-01 3.480418e-02 7.462779e-01 2.114240e+02
7.164943e-01 7.777927e-02 6.932433e-01 -1.200725e+02 -2.965293e-02 9.962624e-01 -8.112941e-02 -1.424635e+01 -6.969625e-01 3.757206e-02 7.161227e-01 2.136630e+02
6.873140e-01 8.103110e-02 7.218265e-01 -1.179114e+02 -2.437413e-02 9.957712e-01 -8.857500e-02 -1.455461e+01 -7.259514e-01 4.328494e-02 6.863826e-01 2.158204e+02
6.571121e-01 8.396092e-02 7.491023e-01 -1.156567e+02 -2.184506e-02 9.954811e-01 -9.241310e-02 -1.488974e+01 -7.534763e-01 4.436157e-02 6.559768e-01 2.178953e+02
6.237247e-01 8.603367e-02 7.768949e-01 -1.133266e+02 -2.419427e-02 9.955728e-01 -9.082598e-02 -1.522932e+01 -7.812696e-01 3.785399e-02 6.230449e-01 2.198821e+02
5.883410e-01 8.846893e-02 8.037587e-01 -1.109463e+02 -2.957909e-02 9.956862e-01 -8.794271e-02 -1.556587e+01 -8.080718e-01 2.796585e-02 5.884199e-01 2.217455e+02
5.707896e-01 9.136522e-02 8.159973e-01 -1.097418e+02 -3.003126e-02 9.954480e-01 -9.045105e-02 -1.573251e+01 -8.205470e-01 2.712308e-02 5.709351e-01 2.226219e+02
5.338657e-01 9.523624e-02 8.401889e-01 -1.073071e+02 -3.251329e-02 9.952142e-01 -9.214921e-02 -1.606679e+01 -8.449440e-01 2.187799e-02 5.344072e-01 2.242815e+02
5.134242e-01 9.426517e-02 8.529418e-01 -1.060712e+02 -3.291223e-02 9.953801e-01 -9.019579e-02 -1.623283e+01 -8.575036e-01 1.823647e-02 5.141547e-01 2.250551e+02
4.710965e-01 9.126403e-02 8.773477e-01 -1.035830e+02 -3.338632e-02 9.957653e-01 -8.565521e-02 -1.655412e+01 -8.814496e-01 1.106046e-02 4.721486e-01 2.265016e+02
4.286649e-01 8.960883e-02 8.990087e-01 -1.010709e+02 -3.166598e-02 9.959479e-01 -8.417233e-02 -1.686140e+01 -9.029085e-01 7.613732e-03 4.297655e-01 2.277927e+02
3.872057e-01 8.920905e-02 9.176674e-01 -9.854908e+01 -2.665265e-02 9.959751e-01 -8.557562e-02 -1.716162e+01 -9.216081e-01 8.677094e-03 3.880249e-01 2.289348e+02
3.459362e-01 8.668983e-02 9.342446e-01 -9.602574e+01 -2.032632e-02 9.961812e-01 -8.491051e-02 -1.745580e+01 -9.380379e-01 1.038386e-02 3.463772e-01 2.299362e+02
3.053968e-01 9.046685e-02 9.479180e-01 -9.351167e+01 -1.918218e-02 9.958592e-01 -8.886221e-02 -1.774895e+01 -9.520320e-01 8.955094e-03 3.058676e-01 2.308192e+02
2.668520e-01 1.081341e-01 9.576518e-01 -9.104012e+01 -2.168507e-02 9.941074e-01 -1.062079e-01 -1.806044e+01 -9.634935e-01 7.575053e-03 2.676245e-01 2.315729e+02
2.470306e-01 1.116261e-01 9.625567e-01 -8.980706e+01 -2.427192e-02 9.937438e-01 -1.090137e-01 -1.822511e+01 -9.687037e-01 3.566621e-03 2.481945e-01 2.319127e+02
2.068773e-01 1.131461e-01 9.718023e-01 -8.735636e+01 -3.027199e-02 9.935549e-01 -1.092345e-01 -1.855902e+01 -9.778985e-01 -6.820255e-03 2.089692e-01 2.325085e+02
1.873948e-01 1.131447e-01 9.757466e-01 -8.613843e+01 -3.211059e-02 9.935187e-01 -1.090386e-01 -1.872416e+01 -9.817597e-01 -1.089853e-02 1.898134e-01 2.327642e+02
1.495389e-01 1.117241e-01 9.824234e-01 -8.371282e+01 -3.162045e-02 9.936277e-01 -1.081852e-01 -1.904863e+01 -9.882501e-01 -1.488677e-02 1.521188e-01 2.331988e+02
1.117838e-01 1.153775e-01 9.870118e-01 -8.131714e+01 -3.326295e-02 9.931147e-01 -1.123237e-01 -1.936977e+01 -9.931757e-01 -2.027495e-02 1.148520e-01 2.335316e+02
7.532815e-02 1.145611e-01 9.905561e-01 -7.895298e+01 -3.386414e-02 9.930994e-01 -1.122800e-01 -1.968703e+01 -9.965836e-01 -2.508649e-02 7.868785e-02 2.337739e+02
4.570497e-02 1.062354e-01 9.932900e-01 -7.659714e+01 -3.051178e-02 9.940136e-01 -1.049088e-01 -2.000318e+01 -9.984889e-01 -2.551218e-02 4.867279e-02 2.339286e+02
3.323415e-02 1.028807e-01 9.941383e-01 -7.546824e+01 -2.845560e-02 9.943820e-01 -1.019547e-01 -2.015044e+01 -9.990425e-01 -2.490042e-02 3.597497e-02 2.339791e+02
1.390803e-02 1.055624e-01 9.943154e-01 -7.322171e+01 -2.754376e-02 9.940747e-01 -1.051516e-01 -2.043837e+01 -9.995239e-01 -2.592473e-02 1.673320e-02 2.340470e+02
1.102096e-03 1.103412e-01 9.938931e-01 -7.102345e+01 -2.930551e-02 9.934704e-01 -1.102618e-01 -2.072490e+01 -9.995699e-01 -2.900502e-02 4.328505e-03 2.340860e+02
-8.972000e-03 1.233375e-01 9.923242e-01 -6.888154e+01 -2.961349e-02 9.918961e-01 -1.235521e-01 -2.102076e+01 -9.995212e-01 -3.049469e-02 -5.246840e-03 2.340987e+02
-1.271124e-02 1.149160e-01 9.932939e-01 -6.781083e+01 -2.953882e-02 9.928974e-01 -1.152482e-01 -2.116769e+01 -9.994828e-01 -3.080567e-02 -9.226477e-03 2.340967e+02
-1.650024e-02 1.006362e-01 9.947864e-01 -6.569534e+01 -2.728393e-02 9.945061e-01 -1.010604e-01 -2.143534e+01 -9.994916e-01 -2.880921e-02 -1.366384e-02 2.340821e+02
-1.607624e-02 1.057469e-01 9.942631e-01 -6.363127e+01 -2.742921e-02 9.939707e-01 -1.061593e-01 -2.168850e+01 -9.994945e-01 -2.897850e-02 -1.307876e-02 2.340730e+02
-1.454802e-02 1.080229e-01 9.940419e-01 -6.261250e+01 -2.943555e-02 9.936700e-01 -1.084133e-01 -2.181801e+01 -9.994608e-01 -3.083737e-02 -1.127622e-02 2.340729e+02
-9.360384e-03 1.102212e-01 9.938630e-01 -6.058819e+01 -3.272377e-02 9.933404e-01 -1.104714e-01 -2.207608e+01 -9.994206e-01 -3.355699e-02 -5.691197e-03 2.340809e+02
-5.854104e-03 1.109989e-01 9.938033e-01 -5.958519e+01 -3.534746e-02 9.931762e-01 -1.111371e-01 -2.220492e+01 -9.993580e-01 -3.577903e-02 -1.890630e-03 2.340933e+02
4.928350e-03 1.128019e-01 9.936053e-01 -5.758997e+01 -3.837036e-02 9.929069e-01 -1.125323e-01 -2.246446e+01 -9.992515e-01 -3.757038e-02 9.221639e-03 2.341299e+02
1.917433e-02 1.099275e-01 9.937546e-01 -5.561261e+01 -3.542653e-02 9.933879e-01 -1.092034e-01 -2.272297e+01 -9.991884e-01 -3.311137e-02 2.294189e-02 2.341831e+02
3.359995e-02 1.106852e-01 9.932874e-01 -5.364951e+01 -3.471302e-02 9.933781e-01 -1.095211e-01 -2.297595e+01 -9.988324e-01 -3.080010e-02 3.721967e-02 2.342666e+02
4.704107e-02 1.079612e-01 9.930415e-01 -5.169180e+01 -3.708491e-02 9.936455e-01 -1.062701e-01 -2.322962e+01 -9.982043e-01 -3.182780e-02 5.074587e-02 2.343808e+02
6.085965e-02 1.065653e-01 9.924414e-01 -4.975239e+01 -3.714409e-02 9.938376e-01 -1.044374e-01 -2.347790e+01 -9.974550e-01 -3.050730e-02 6.444288e-02 2.345210e+02
7.464116e-02 1.103763e-01 9.910831e-01 -4.782873e+01 -3.696289e-02 9.934788e-01 -1.078594e-01 -2.371823e+01 -9.965252e-01 -2.858254e-02 7.823424e-02 2.346851e+02
8.771875e-02 1.129924e-01 9.897162e-01 -4.591473e+01 -4.097435e-02 9.931144e-01 -1.097488e-01 -2.396567e+01 -9.953023e-01 -3.092594e-02 9.174455e-02 2.348807e+02
1.010260e-01 1.103104e-01 9.887494e-01 -4.400878e+01 -4.283264e-02 9.933948e-01 -1.064523e-01 -2.421455e+01 -9.939614e-01 -3.159629e-02 1.050836e-01 2.351012e+02
1.140945e-01 1.078491e-01 9.875986e-01 -4.210966e+01 -4.324480e-02 9.936870e-01 -1.035180e-01 -2.445463e+01 -9.925283e-01 -3.089766e-02 1.180382e-01 2.353479e+02
1.282764e-01 1.094041e-01 9.856855e-01 -4.022656e+01 -4.158002e-02 9.936160e-01 -1.048732e-01 -2.468721e+01 -9.908665e-01 -2.753207e-02 1.320065e-01 2.356150e+02
1.371877e-01 1.111881e-01 9.842849e-01 -3.929119e+01 -4.007854e-02 9.934894e-01 -1.066419e-01 -2.480560e+01 -9.897340e-01 -2.481875e-02 1.407507e-01 2.357584e+02
1.563369e-01 1.146135e-01 9.810313e-01 -3.743651e+01 -4.040497e-02 9.931552e-01 -1.095910e-01 -2.503558e+01 -9.868770e-01 -2.250541e-02 1.598978e-01 2.360723e+02
1.696955e-01 1.123618e-01 9.790701e-01 -3.559589e+01 -4.429967e-02 9.933444e-01 -1.063219e-01 -2.526483e+01 -9.845004e-01 -2.533014e-02 1.735436e-01 2.364208e+02
1.762423e-01 1.147046e-01 9.776408e-01 -3.374449e+01 -4.748187e-02 9.930218e-01 -1.079496e-01 -2.549004e+01 -9.832010e-01 -2.739493e-02 1.804588e-01 2.367860e+02
1.821852e-01 1.160467e-01 9.763922e-01 -3.187210e+01 -4.630808e-02 9.929217e-01 -1.093707e-01 -2.571650e+01 -9.821732e-01 -2.528912e-02 1.862695e-01 2.371592e+02
1.853964e-01 1.149561e-01 9.759166e-01 -3.092803e+01 -4.460952e-02 9.930945e-01 -1.085051e-01 -2.583305e+01 -9.816508e-01 -2.341873e-02 1.892443e-01 2.373485e+02
1.925389e-01 1.165764e-01 9.743401e-01 -2.903001e+01 -4.368668e-02 9.929521e-01 -1.101704e-01 -2.607414e+01 -9.803164e-01 -2.135359e-02 1.962748e-01 2.377390e+02
1.962879e-01 1.151961e-01 9.737561e-01 -2.807792e+01 -4.349005e-02 9.931206e-01 -1.087203e-01 -2.619995e+01 -9.795814e-01 -2.100822e-02 1.999475e-01 2.379448e+02
1.999946e-01 1.109602e-01 9.734937e-01 -2.712052e+01 -4.114314e-02 9.936414e-01 -1.048042e-01 -2.632376e+01 -9.789328e-01 -1.909231e-02 2.032881e-01 2.381523e+02
2.096563e-01 1.114220e-01 9.714059e-01 -2.520641e+01 -3.966392e-02 9.936373e-01 -1.054114e-01 -2.657591e+01 -9.769704e-01 -1.642960e-02 2.127417e-01 2.385754e+02
2.162759e-01 1.127803e-01 9.697965e-01 -2.424773e+01 -3.816987e-02 9.935231e-01 -1.070272e-01 -2.669510e+01 -9.755859e-01 -1.386960e-02 2.191799e-01 2.387918e+02
2.224709e-01 1.125592e-01 9.684199e-01 -2.328840e+01 -3.793108e-02 9.935602e-01 -1.067675e-01 -2.681809e+01 -9.742012e-01 -1.298054e-02 2.253078e-01 2.390146e+02
2.382463e-01 1.101501e-01 9.649381e-01 -2.136288e+01 -3.651364e-02 9.938610e-01 -1.044364e-01 -2.706134e+01 -9.705182e-01 -1.035181e-02 2.408057e-01 2.394902e+02
2.587533e-01 1.111752e-01 9.595242e-01 -1.947329e+01 -3.156187e-02 9.937971e-01 -1.066350e-01 -2.730342e+01 -9.654277e-01 -2.692211e-03 2.606572e-01 2.399989e+02
2.810883e-01 1.077539e-01 9.536134e-01 -1.758590e+01 -3.146725e-02 9.941770e-01 -1.030621e-01 -2.754421e+01 -9.591659e-01 -1.038035e-03 2.828422e-01 2.405579e+02
3.026799e-01 1.083492e-01 9.469136e-01 -1.571651e+01 -3.459952e-02 9.941115e-01 -1.026900e-01 -2.778349e+01 -9.524641e-01 -1.680556e-03 3.046464e-01 2.411633e+02
3.236367e-01 1.117194e-01 9.395627e-01 -1.386544e+01 -3.817752e-02 9.937380e-01 -1.050108e-01 -2.802279e+01 -9.454109e-01 -1.884835e-03 3.258752e-01 2.418115e+02
3.424563e-01 1.102890e-01 9.330380e-01 -1.202778e+01 -4.232453e-02 9.938890e-01 -1.019473e-01 -2.826671e+01 -9.385800e-01 -4.577908e-03 3.450315e-01 2.424978e+02
3.583093e-01 1.078487e-01 9.273527e-01 -1.020216e+01 -4.329268e-02 9.941561e-01 -9.889043e-02 -2.850521e+01 -9.325987e-01 -4.714229e-03 3.608844e-01 2.432173e+02
3.740017e-01 1.067893e-01 9.212593e-01 -8.398430e+00 -4.622716e-02 9.942604e-01 -9.648458e-02 -2.873833e+01 -9.262752e-01 -6.501801e-03 3.767917e-01 2.439669e+02
3.899504e-01 1.097752e-01 9.142691e-01 -6.615868e+00 -4.767608e-02 9.939439e-01 -9.900709e-02 -2.896837e+01 -9.196008e-01 -4.980913e-03 3.928225e-01 2.447410e+02
4.065937e-01 1.071920e-01 9.072990e-01 -4.863903e+00 -4.818025e-02 9.942270e-01 -9.587069e-02 -2.919595e+01 -9.123378e-01 -4.733480e-03 4.094110e-01 2.455429e+02
4.238561e-01 1.021591e-01 8.999497e-01 -3.138302e+00 -4.839269e-02 9.947537e-01 -9.012902e-02 -2.941357e+01 -9.044358e-01 -5.349249e-03 4.265762e-01 2.463659e+02
4.324715e-01 9.934954e-02 8.961574e-01 -2.279275e+00 -4.918771e-02 9.950304e-01 -8.657358e-02 -2.951821e+01 -9.003050e-01 -6.639323e-03 4.352091e-01 2.467944e+02
4.410898e-01 9.964042e-02 8.919145e-01 -1.445171e+00 -5.162812e-02 9.949890e-01 -8.562312e-02 -2.961846e+01 -8.959768e-01 -8.280387e-03 4.440238e-01 2.472235e+02
4.575802e-01 9.878703e-02 8.836637e-01 2.183283e-01 -5.410544e-02 9.950610e-01 -8.322349e-02 -2.981292e+01 -8.875207e-01 -9.729592e-03 4.606651e-01 2.481060e+02
4.742125e-01 9.845217e-02 8.748883e-01 1.859248e+00 -5.608922e-02 9.950875e-01 -8.157651e-02 -3.000435e+01 -8.786219e-01 -1.038720e-02 4.774051e-01 2.490180e+02
4.910236e-01 9.876007e-02 8.655300e-01 3.471952e+00 -5.632972e-02 9.950733e-01 -8.158505e-02 -3.018500e+01 -8.693232e-01 -8.694874e-03 4.941676e-01 2.499508e+02
5.069948e-01 9.637011e-02 8.565448e-01 5.069513e+00 -5.691393e-02 9.953044e-01 -7.829426e-02 -3.036317e+01 -8.600681e-01 -9.054549e-03 5.100990e-01 2.509148e+02
5.186050e-01 9.192518e-02 8.500580e-01 6.657400e+00 -5.758548e-02 9.957014e-01 -7.254321e-02 -3.053540e+01 -8.530726e-01 -1.132972e-02 5.216693e-01 2.519098e+02
5.256822e-01 8.723980e-02 8.461958e-01 8.235125e+00 -5.988482e-02 9.960548e-01 -6.548751e-02 -3.070780e+01 -8.485706e-01 -1.624866e-02 5.288326e-01 2.529478e+02
5.300688e-01 8.305746e-02 8.438771e-01 9.801622e+00 -5.961973e-02 9.963789e-01 -6.061803e-02 -3.088791e+01 -8.458561e-01 -1.817999e-02 5.331012e-01 2.540322e+02
5.331778e-01 8.591919e-02 8.416289e-01 1.136948e+01 -6.031454e-02 9.961585e-01 -6.348495e-02 -3.105756e+01 -8.438505e-01 -1.691370e-02 5.363118e-01 2.551065e+02
5.367063e-01 8.518498e-02 8.394581e-01 1.295334e+01 -5.927602e-02 9.962392e-01 -6.319651e-02 -3.122648e+01 -8.416845e-01 -1.584177e-02 5.397373e-01 2.561774e+02
5.383121e-01 8.159707e-02 8.387860e-01 1.374910e+01 -5.622790e-02 9.965613e-01 -6.085979e-02 -3.131135e+01 -8.408677e-01 -1.440161e-02 5.410491e-01 2.567107e+02
5.408717e-01 7.579487e-02 8.376830e-01 1.534640e+01 -5.463084e-02 9.969942e-01 -5.493580e-02 -3.146761e+01 -8.393291e-01 -1.605011e-02 5.433867e-01 2.577811e+02
5.425939e-01 7.159170e-02 8.369388e-01 1.695281e+01 -5.427550e-02 9.972674e-01 -5.011899e-02 -3.161045e+01 -8.382399e-01 -1.823101e-02 5.449968e-01 2.588641e+02
5.437838e-01 7.207974e-02 8.361242e-01 1.855725e+01 -5.581819e-02 9.972050e-01 -4.966399e-02 -3.174541e+01 -8.373670e-01 -1.966447e-02 5.462873e-01 2.599430e+02
5.463254e-01 6.351162e-02 8.351616e-01 2.182846e+01 -5.455346e-02 9.977018e-01 -4.018592e-02 -3.200561e+01 -8.357946e-01 -2.360636e-02 5.485346e-01 2.621211e+02
5.486411e-01 6.062739e-02 8.338569e-01 2.346534e+01 -5.385519e-02 9.978586e-01 -3.711717e-02 -3.212407e+01 -8.343217e-01 -2.454351e-02 5.507314e-01 2.632117e+02
