1.000000000000000000e+00 0.000000000000000000e+00 0.000000000000000000e+00 0.000000000000000000e+00 0.000000000000000000e+00 1.000000000000000000e+00 0.000000000000000000e+00 0.000000000000000000e+00 0.000000000000000000e+00 0.000000000000000000e+00 1.000000000000000000e+00 0.000000000000000000e+00
9.997649042575343925e-01 -7.533371725775737764e-03 2.033185985994377665e-02 1.643900000000000005e-03 7.540142215317590692e-03 9.999715398629837049e-01 -2.563580034910949330e-04 -6.116999999999999608e-04 -2.032934997229118856e-02 4.096028496618104317e-04 9.997932535055482628e-01 4.430739999999999679e-02
9.997940638122594370e-01 -8.865864783329114457e-03 1.825449006166738122e-02 1.976900000000000185e-03 8.896415588854567069e-03 9.999591571126521528e-01 -1.593077595313488861e-03 -8.268999999999999875e-04 -1.823962048503679698e-02 1.755149052937943427e-03 9.998321037536070932e-01 5.958789999999999920e-02
9.998680096160595943e-01 -1.148295409886813077e-02 1.149369877727193269e-02 2.018499999999999895e-03 1.151826009715498610e-02 9.999291313783567059e-01 -3.010299862051975077e-03 -9.240999999999999649e-04 -1.145831709954223294e-02 3.142289943412377232e-03 9.999294140003872622e-01 7.516920000000000546e-02
9.997770792284709218e-01 -1.235548120635263959e-02 -1.712115456233296792e-02 6.560999999999999558e-04 1.227347597469295899e-02 9.999127379859088505e-01 -4.886532617504271529e-03 -1.635600000000000075e-03 1.718003599782209553e-02 4.675307228703277744e-03 9.998414813686371527e-01 1.075508000000000020e-01
9.984045076713200517e-01 -4.263459342117474800e-03 -5.630507948690893077e-02 -2.798000000000000140e-03 3.917236367987456634e-03 9.999727460305694038e-01 -6.257991316682418211e-03 -2.086900000000000040e-03 5.633022564153580131e-02 6.027446434475162117e-03 9.983939981633770389e-01 1.418190000000000006e-01
9.970672448422690515e-01 -4.408581320633238668e-03 -7.640336166286187947e-02 -4.843899999999999942e-03 3.903672034851337919e-03 9.999695546854547867e-01 -6.756555839899927411e-03 -2.232800000000000062e-03 7.643082236435133625e-02 6.438486849620017778e-03 9.970540984719917788e-01 1.594910999999999968e-01
9.931249764826008963e-01 -7.469805954981402485e-03 -1.168203025395347094e-01 -1.029219999999999961e-02 6.916164599939380112e-03 9.999628527586806870e-01 -5.143906098248877956e-03 -2.877600000000000123e-03 1.168543869679698477e-01 4.300593181873984747e-03 9.931397470369535130e-01 1.969882000000000022e-01
9.908295370093004317e-01 -6.191539724272139902e-03 -1.349758994257048705e-01 -1.346870000000000012e-02 5.604095934723697658e-03 9.999731020620287181e-01 -4.731729197435356749e-03 -3.163800000000000032e-03 1.350015655416249016e-01 3.931919160690995965e-03 9.908375837204723702e-01 2.167847999999999997e-01
9.843387826871099477e-01 -6.288620418689904769e-03 -1.761749532461645007e-01 -2.543489999999999987e-02 5.540764082084430504e-03 9.999734320829375411e-01 -4.736566441784487679e-03 -4.248499999999999673e-03 1.762000591130584715e-01 3.686242192313505996e-03 9.843474746181118951e-01 2.791892999999999736e-01
9.825237552765891946e-01 -9.851575755068522899e-03 -1.858763480713219729e-01 -2.979619999999999838e-02 8.682422030221067372e-03 9.999370798607656319e-01 -7.102947783408950638e-03 -4.582799999999999721e-03 1.859346279337935059e-01 5.364958030297002287e-03 9.825474702834743335e-01 3.012839999999999963e-01
9.810093620965206762e-01 -9.146321483616746267e-03 -1.937446161375737941e-01 -3.456909999999999844e-02 7.552487284062440326e-03 9.999313053229226256e-01 -8.963513319010943739e-03 -4.897799999999999897e-03 1.938132900881710807e-01 7.330036733492009161e-03 9.810110494518825552e-01 3.242863999999999747e-01
9.795853837863701674e-01 -8.594868519845094354e-03 -2.008447263615265599e-01 -3.999559999999999921e-02 6.605168726857131578e-03 9.999222706606731848e-01 -1.057470486080046637e-02 -5.248300000000000014e-03 2.009200030315539398e-01 9.032213013977486576e-03 9.795660118184330578e-01 3.477288000000000046e-01
9.777667082528733733e-01 -9.557150406802846984e-03 -2.094777437066816239e-01 -4.497779999999999834e-02 6.940454747082359065e-03 9.998884840251041073e-01 -1.322307081894021595e-02 -5.803400000000000225e-03 2.095807584685296099e-01 1.147520762691266009e-02 9.777240026150912922e-01 3.717771999999999744e-01
9.721237069747673543e-01 -2.056673096162531592e-02 -2.335647831227742888e-01 -6.280869999999999509e-02 1.663553510546233669e-02 9.996850660676912526e-01 -1.878903012373700845e-02 -7.617999999999999772e-03 2.338776545747613400e-01 1.437978646530918211e-02 9.721596908079560562e-01 4.485343999999999998e-01
9.677879590867067838e-01 -1.425994483516145050e-02 -2.513625274779137664e-01 -7.769570000000000642e-02 7.982992929571650076e-03 9.996307491239426746e-01 -2.597377965933463442e-02 -9.169999999999999332e-03 2.516400963095373200e-01 2.313048592665984185e-02 9.675444395737714531e-01 5.020246999999999904e-01
9.632320596740507890e-01 -1.890395601459954680e-02 -2.680049246993123635e-01 -9.354400000000000215e-02 1.122808109520685368e-02 9.994824800403665499e-01 -3.014468920519547401e-02 -1.116420000000000086e-02 2.684360806803092192e-01 2.602715004291587114e-02 9.629458230085626846e-01 5.581663999999999515e-01
9.586719749866724483e-01 -1.749953697470882710e-02 -2.839750175294009638e-01 -1.115075999999999984e-01 7.571478034891694110e-03 9.993223441375085336e-01 -3.602117749160854698e-02 -1.365129999999999989e-02 2.844129341213579854e-01 3.238238275954399836e-02 9.581548226624413411e-01 6.163475999999999955e-01
9.546177721820443551e-01 -1.978987405125361143e-02 -2.971754867401178446e-01 -1.309680000000000011e-01 5.490940022627713649e-03 9.987898550459974878e-01 -4.887407323789645652e-02 -1.671100000000000016e-02 2.977830730781357849e-01 4.502428613793760248e-02 9.535712113135079715e-01 6.768758000000000274e-01
9.520082059933003826e-01 -2.127173180362373558e-02 -3.053324240029092751e-01 -1.515269999999999950e-01 1.357628674442199618e-03 9.978656859177330585e-01 -6.528575428310991191e-02 -2.071270000000000056e-02 3.060694897662947778e-01 6.173804575791959348e-02 9.500052005858667936e-01 7.390579000000000454e-01
9.494053163108971960e-01 -1.975106418545941392e-02 -3.134317163660167993e-01 -1.737191999999999903e-01 -6.091716146711821135e-03 9.966744704542950251e-01 -8.125817459824276334e-02 -2.552389999999999867e-02 3.139943253547637370e-01 7.905628000476923323e-02 9.461277230040425756e-01 8.031918000000000113e-01
9.461965029753208745e-01 -1.678989289182182543e-02 -3.231567379058569722e-01 -1.972060999999999953e-01 -1.419099573073021210e-02 9.955392391749754433e-01 -9.327507117703813522e-02 -3.199210000000000248e-02 3.232812914436032914e-01 9.284246205046635392e-02 9.417374813837260383e-01 8.690714999999999968e-01
9.428457676764639972e-01 -1.316868852974279261e-02 -3.329691337301190490e-01 -2.220931999999999906e-01 -2.205628542749049972e-02 9.945614250200581763e-01 -1.017894500192045443e-01 -3.905220000000000219e-02 3.324986896932382585e-01 1.033158143968177373e-01 9.374275779215170967e-01 9.366579999999999906e-01
9.388335788712161012e-01 -1.192655725907526901e-02 -3.441645949481296207e-01 -2.483103000000000116e-01 -2.467902289280729175e-02 9.945003550844548901e-01 -1.017840339441770658e-01 -4.744330000000000075e-02 3.434857449923073847e-01 1.040519147773797393e-01 9.333759917730048983e-01 1.006231799999999899e+00
9.342160388154852058e-01 -1.081740390836205892e-02 -3.565436531374344686e-01 -2.762653999999999943e-01 -2.610552626745146418e-02 9.947863379719242838e-01 -9.858317951206396756e-02 -5.515489999999999976e-02 3.557511691030729728e-01 1.014057471600686988e-01 9.290629581060182440e-01 1.075517099999999893e+00
9.276708653199978727e-01 -8.672690020579541803e-03 -3.732982053054276217e-01 -3.057103999999999933e-01 -2.666723810081692014e-02 9.956386365443464781e-01 -8.940113999378926368e-02 -6.322189999999999754e-02 3.724454645294000277e-01 9.288966502212023246e-02 9.233936788193634060e-01 1.148120500000000099e+00
9.207062394901786018e-01 -4.142784066256260944e-04 -3.902561324787294228e-01 -3.385635000000000172e-01 -3.375003298928228729e-02 9.961683525660262051e-01 -8.068177377271487649e-02 -7.034079999999999500e-02 3.887942332868071227e-01 8.745536987110047455e-02 9.171644358803020536e-01 1.221944300000000094e+00
9.129188706099659045e-01 1.546041022761381056e-04 -4.081410439808718094e-01 -3.723485999999999740e-01 -3.513583558259764095e-02 9.963172808584318529e-01 -7.821348298582106451e-02 -7.747460000000000457e-02 4.066258830204209085e-01 8.574294116970920809e-02 9.095622789547896936e-01 1.295943999999999985e+00
9.052624558454573922e-01 1.292093699983790783e-03 -4.248508167939916147e-01 -4.088486000000000065e-01 -3.667867588386246325e-02 9.964994443248916811e-01 -7.512344637720538842e-02 -8.442879999999999829e-02 4.232665363244039192e-01 8.358940096718453505e-02 9.021409265042182879e-01 1.372162000000000104e+00
8.977217368540388875e-01 7.140982353172793673e-04 -4.405623375227141758e-01 -4.477411000000000030e-01 -3.450774808573453534e-02 9.970404239475543218e-01 -6.869940564904926383e-02 -9.127119999999999678e-02 4.392094016546311264e-01 7.687576391940086074e-02 8.950895030218986026e-01 1.449952399999999919e+00
8.902067079830149332e-01 4.077641018315368224e-03 -4.555385712601830450e-01 -4.889026000000000205e-01 -3.488071034725823832e-02 9.976345793076378810e-01 -5.923328637972948008e-02 -9.752619999999999345e-02 4.542194988193635208e-01 6.861937782724443491e-02 8.882432256307323248e-01 1.529421200000000036e+00
8.833395621162801747e-01 1.886585721613105726e-03 -4.687298356137928335e-01 -5.318437000000000303e-01 -3.212865456223042843e-02 9.978837401757575387e-01 -5.653132449237385782e-02 -1.028498999999999941e-01 4.676312303046484264e-01 6.499601439439348094e-02 8.815307995507613015e-01 1.609543600000000074e+00
8.770848912103358375e-01 1.802177353875790075e-03 -4.803320161797864918e-01 -5.763213000000000363e-01 -3.101741983378989570e-02 9.981183633474002281e-01 -5.289283898186635663e-02 -1.093023000000000050e-01 4.793328835761301310e-01 6.129016972967526317e-02 8.754904350231930144e-01 1.691062300000000018e+00
8.725458201875315734e-01 -6.413965360975472374e-04 -4.885318620967840642e-01 -6.232891999999999877e-01 -2.929323767110856430e-02 9.981311264237667791e-01 -5.362984887883228552e-02 -1.144150000000000028e-01 4.876532558078657265e-01 6.110518042282441636e-02 8.708963537789570220e-01 1.774012700000000109e+00
8.709434948460887949e-01 -2.004479748138115677e-03 -4.913790907702728639e-01 -6.471789999999999488e-01 -2.814055385821537247e-02 9.981470700703756194e-01 -5.394938126130358752e-02 -1.171784000000000020e-01 4.905767401883558421e-01 6.081454242912560232e-02 8.692732904071667210e-01 1.816822600000000065e+00
8.702862454927521307e-01 -4.671815027769352091e-04 -4.925460715989650184e-01 -6.963582000000000383e-01 -2.843202438827506159e-02 9.982844477263608240e-01 -5.118380033623413927e-02 -1.232324999999999948e-01 4.917249951907202155e-01 5.854863934472272213e-02 8.687799410296993541e-01 1.902102500000000029e+00
8.695818307053436724e-01 -3.681717869779811692e-03 -4.937751357254335227e-01 -7.475357999999999725e-01 -2.500983384750705280e-02 9.983603732167213307e-01 -5.148857544629532185e-02 -1.290833999999999870e-01 4.931550951962911933e-01 5.712276379952303113e-02 8.680639618932701751e-01 1.990806599999999982e+00
8.684512328531802661e-01 -5.615307406189484762e-03 -4.957428007329258701e-01 -7.734408000000000394e-01 -2.322077982948382233e-02 9.983777439256740216e-01 -5.198726592149248427e-02 -1.319932000000000050e-01 4.952305034424899777e-01 5.665993961005720558e-02 8.669119907484742482e-01 2.035473300000000041e+00
8.648349851806023114e-01 -5.137171395060483731e-03 -5.020299372325569554e-01 -8.260281999999999902e-01 -2.082977274403673140e-02 9.987195133810637948e-01 -4.610264807278367100e-02 -1.380911999999999973e-01 5.016239318205413245e-01 5.032835246606957164e-02 8.636205694417844470e-01 2.125372599999999945e+00
8.580478504005489837e-01 -4.993920761565032174e-03 -5.135454674889307070e-01 -8.801132999999999873e-01 -1.820929254651972376e-02 9.990281446749728067e-01 -4.013960403687224371e-02 -1.439581000000000055e-01 5.132468295936686298e-01 4.379300061321259735e-02 8.571230162639076333e-01 2.215055899999999856e+00
8.529265984512002241e-01 -7.763522550270202799e-03 -5.219731270593119810e-01 -9.076522999999999675e-01 -1.700390036110405872e-02 9.989456720131334455e-01 -4.264283924340643572e-02 -1.467005000000000114e-01 5.217538548271347665e-01 4.524679086787045112e-02 8.518953239038141723e-01 2.259138800000000113e+00
8.405889486027642299e-01 -1.245943637980809551e-02 -5.415302225471785302e-01 -9.643230999999999886e-01 -1.421292501054735244e-02 9.988838866877557399e-01 -4.504413034133536442e-02 -1.526018000000000097e-01 5.414870379330827266e-01 4.556032660835704351e-02 8.394736710521635281e-01 2.347697300000000098e+00
8.350594860394714436e-01 -9.195603101662353993e-03 -5.500828080017504673e-01 -9.939215999999999607e-01 -1.526283336747390716e-02 9.990882415123719662e-01 -3.987143826491779119e-02 -1.552846999999999977e-01 5.499479072540330860e-01 4.169084498199962519e-02 8.341577625075464741e-01 2.391460700000000106e+00
8.298448508699822757e-01 -4.839454511981655833e-03 -5.579732100778705961e-01 -1.023547399999999996e+00 -1.810543551455882222e-02 9.992023249150598918e-01 -3.559363832438514758e-02 -1.579341999999999968e-01 5.577003825437142348e-01 3.963954546113574590e-02 8.290952838764851229e-01 2.434844299999999961e+00
8.225393465283787897e-01 -7.106991235336262633e-03 -5.686637970613642734e-01 -1.083402600000000104e+00 -1.983364274214416412e-02 9.989551651053507619e-01 -4.117286393874596689e-02 -1.632741000000000053e-01 5.683622524660171260e-01 4.514497519018422639e-02 8.215389711917706617e-01 2.520560500000000204e+00
8.195700091403330667e-01 -8.896305650130872933e-03 -5.729099893207428851e-01 -1.113856699999999922e+00 -2.291596537239202341e-02 9.985705295395780334e-01 -4.828826012705442206e-02 -1.658456000000000097e-01 5.725206185359316136e-01 5.270439527047239558e-02 8.181945905897985982e-01 2.563121799999999784e+00
8.161541752830325791e-01 -1.032571369405389274e-02 -5.777419335696356573e-01 -1.144275699999999896e+00 -2.260057536418726837e-02 9.985048238269766951e-01 -4.977279163826421604e-02 -1.687638999999999945e-01 5.773920471926163867e-01 5.367957182175357722e-02 8.147005139361043202e-01 2.605837100000000017e+00
8.098636093339257602e-01 -5.902249848108520949e-03 -5.865885250525765260e-01 -1.207284599999999930e+00 -2.242799498548788545e-02 9.989067458373446229e-01 -4.101582818349026882e-02 -1.744758999999999893e-01 5.861893203714628742e-01 4.637323115092549519e-02 8.088458469418418062e-01 2.692357100000000170e+00
8.069688700448439667e-01 -3.362743090999428114e-03 -5.905844010278732403e-01 -1.239030099999999912e+00 -2.382235372749059651e-02 9.989846301246471105e-01 -3.823877923789271299e-02 -1.768923000000000023e-01 5.901133266089065854e-01 4.492661498072068188e-02 8.060693897084443282e-01 2.734469900000000120e+00
8.001057508114393091e-01 -4.681464459467519351e-03 -5.998407050284081388e-01 -1.302798899999999982e+00 -2.431215162338740479e-02 9.988948242537232236e-01 -4.022498430782399381e-02 -1.825313000000000074e-01 5.993660874640008851e-01 4.676765944152014298e-02 7.991076768674278963e-01 2.819554800000000139e+00
7.917366245942489833e-01 -8.847739247432980653e-03 -6.107985222528904412e-01 -1.367212899999999953e+00 -2.220728919898489612e-02 9.988172559877120937e-01 -4.325419572261152840e-02 -1.880814000000000097e-01 6.104588058030926412e-01 4.781011034694199885e-02 7.906037185379760635e-01 2.902960100000000043e+00
7.825154817468260582e-01 -8.947174047089365839e-03 -6.225668389041483231e-01 -1.434942600000000068e+00 -2.147871971097867205e-02 9.989137150197203718e-01 -4.135280577032359600e-02 -1.939405999999999908e-01 6.222605446483890912e-01 4.573114936311991480e-02 7.814732730886054801e-01 2.987022899999999925e+00
7.716432609030519085e-01 -1.224494954975606509e-02 -6.359376849294500200e-01 -1.503152299999999997e+00 -1.962713746066753473e-02 9.988801590064622093e-01 -4.304884921022644056e-02 -1.999334000000000111e-01 6.357526668272848180e-01 4.569999074123189814e-02 7.705388098390935081e-01 3.070435999999999943e+00
7.604564431854363704e-01 -1.483931074972422159e-02 -6.492193719184822243e-01 -1.572918100000000097e+00 -1.878032623079436275e-02 9.988181635870013730e-01 -4.482828833844892946e-02 -2.056938000000000100e-01 6.491173217257573125e-01 4.628251230392856075e-02 7.592790209734604501e-01 3.152008499999999991e+00
7.545419450254576832e-01 -1.730393881590843591e-02 -6.560236481245586004e-01 -1.608584999999999932e+00 -1.694851611381314321e-02 9.988050418230207672e-01 -4.583924334512500670e-02 -2.085378999999999983e-01 6.560329267641519246e-01 4.570625920340744969e-02 7.533470228725217543e-01 3.192276699999999856e+00
7.483797014765329880e-01 -1.825757717257288706e-02 -6.630192178916709533e-01 -1.644565300000000008e+00 -1.663538527898050443e-02 9.987899429849329547e-01 -4.628081404614908106e-02 -2.114437000000000122e-01 6.630619023699939607e-01 4.566520193694425384e-02 7.471703975383010565e-01 3.232702000000000186e+00
7.421835725366224823e-01 -1.831507005238126179e-02 -6.699463432736627588e-01 -1.681241999999999903e+00 -1.563505333234459921e-02 9.988812979447213580e-01 -4.462844074761684182e-02 -2.143149000000000026e-01 6.700142459411373430e-01 4.359714239769820615e-02 7.410669331515771230e-01 3.272866500000000123e+00
7.358558396380930899e-01 -1.933736597344475061e-02 -6.768620609457484116e-01 -1.718628599999999951e+00 -1.389905117038431337e-02 9.989502130099365829e-01 -4.364960829108689017e-02 -2.174624000000000001e-01 6.769955684102223481e-01 4.152755957928835201e-02 7.348145767119134142e-01 3.312810400000000044e+00
7.226144769942800528e-01 -2.247784201489577000e-02 -6.908857099814966762e-01 -1.794515499999999930e+00 -1.288626001541244570e-02 9.988594359853942839e-01 -4.597577020295855882e-02 -2.237242000000000119e-01 6.911311467016216792e-01 4.212569003937450401e-02 7.215006336085978411e-01 3.393181999999999920e+00
7.163909446734774145e-01 -2.234721712001909444e-02 -6.973411046803662527e-01 -1.833304800000000068e+00 -1.370801053149620953e-02 9.988431521895095866e-01 -4.609173213704112482e-02 -2.264498000000000066e-01 6.975644090957558996e-01 4.257885873429542722e-02 7.152558534900458342e-01 3.432898799999999806e+00
7.060642179863384493e-01 -2.167360500687717448e-02 -7.078160600928367074e-01 -1.911875400000000003e+00 -1.465842143472967721e-02 9.988700482956464066e-01 -4.520793402595275207e-02 -2.327084000000000097e-01 7.079960810346213052e-01 4.229517069192306050e-02 7.049486986836410729e-01 3.510757900000000209e+00
7.012039641510411370e-01 -2.249512155829775858e-02 -7.126057606874525163e-01 -1.952293199999999951e+00 -1.488596946575389789e-02 9.988223052612319464e-01 -4.617802968623687526e-02 -2.357468000000000063e-01 7.128053090233896771e-01 4.298804506738750780e-02 7.000432982390120129e-01 3.550369299999999839e+00
6.908556551292983627e-01 -2.689201656927513173e-02 -7.224924104934982161e-01 -2.033460100000000104e+00 -1.488101076061707807e-02 9.985674130375625790e-01 -5.139724835253580565e-02 -2.422983999999999971e-01 7.228395529400768460e-01 4.625949701745229320e-02 6.894657639368919622e-01 3.627652400000000110e+00
6.861079673389921529e-01 -2.693809528320365715e-02 -7.270008226793621686e-01 -2.075245400000000018e+00 -1.564969121299992355e-02 9.985364620179389972e-01 -5.176892103989494398e-02 -2.458741000000000121e-01 7.273313854900625985e-01 4.689640757254402714e-02 6.846822493959483502e-01 3.665941000000000116e+00
6.762439629560302867e-01 -2.692082443661358154e-02 -7.361856910978208379e-01 -2.160190300000000008e+00 -1.422390308129154596e-02 9.986686149518102518e-01 -4.958505915461804830e-02 -2.526630000000000265e-01 7.365404151481824702e-01 4.400303082613713640e-02 6.749607026571672330e-01 3.743515299999999879e+00
6.707473398142117516e-01 -2.852484727891128891e-02 -7.411371932509345228e-01 -2.201874999999999805e+00 -1.290979504086962361e-02 9.986597611304368627e-01 -5.012004280626203290e-02 -2.558219999999999938e-01 7.415735589435217268e-01 4.318581464570962758e-02 6.694801282257938357e-01 3.781564499999999995e+00
6.616300082231472146e-01 -3.009288574387882637e-02 -7.492263679598069048e-01 -2.288111900000000087e+00 -1.115125984315266071e-02 9.986889583843557849e-01 -4.996012214837769472e-02 -2.629561000000000259e-01 7.497475452594349887e-01 4.140993393832188840e-02 6.604270101598475051e-01 3.857689900000000005e+00
6.540305469475581335e-01 -3.342321136607530330e-02 -7.557294043514890536e-01 -2.376569299999999885e+00 -7.792635974939319393e-03 9.986727557655167287e-01 -5.091170510079773281e-02 -2.700356999999999896e-01 7.564279995373253129e-01 3.918693447677640274e-02 6.529020337556568077e-01 3.933323899999999984e+00
6.498334214908898510e-01 -3.791316447745929352e-02 -7.591305001597212776e-01 -2.421244399999999963e+00 -5.286418725972713561e-03 9.985055814559624654e-01 -5.439354353546008158e-02 -2.732829999999999981e-01 7.600582728255098619e-01 3.935982419416307609e-02 6.486618735126239432e-01 3.971466500000000011e+00
6.383378543485234147e-01 -4.582671686622764862e-02 -7.683909784263386333e-01 -2.511111500000000163e+00 4.280122622218066053e-03 9.984221529366451575e-01 -5.599004443374803325e-02 -2.809416000000000135e-01 7.697444148911131157e-01 3.245175721924636186e-02 6.375267988071724456e-01 4.046864000000000239e+00
6.207340986473355304e-01 -5.087225949157551941e-02 -7.823689615460863722e-01 -2.602512400000000170e+00 1.254793034002505206e-02 9.984094688237744597e-01 -5.496437034307247171e-02 -2.887005000000000265e-01 7.839207410323200120e-01 2.430114765294739618e-02 6.203851432796305687e-01 4.120350799999999758e+00
6.031721968164499570e-01 -4.875166757255704891e-02 -7.961196994777308689e-01 -2.697423899999999986e+00 1.205442936713242014e-02 9.985734785505674393e-01 -5.201633078228527773e-02 -2.966256999999999922e-01 7.975199005167523669e-01 2.177803582314514694e-02 6.028994322732732503e-01 4.191980400000000273e+00
5.835885899548831635e-01 -5.235440788609912327e-02 -8.103600271788874432e-01 -2.794241400000000208e+00 1.163576770757480255e-02 9.983561956340050170e-01 -5.612054480358946718e-02 -3.040513000000000243e-01 8.119661117216202539e-01 2.332214857366907493e-02 5.832384682114006846e-01 4.262536500000000395e+00
5.640509204689706513e-01 -5.456124871566633838e-02 -8.239354521178794410e-01 -2.893114100000000022e+00 1.494020845483732055e-02 9.983256151683318480e-01 -5.588162730359534647e-02 -3.121517999999999793e-01 8.256048384605272350e-01 1.921031590992517898e-02 5.639216385928171871e-01 4.330220699999999923e+00
5.435465619782888780e-01 -5.497777977794625348e-02 -8.375766106406445921e-01 -2.994390999999999803e+00 1.589913402755684449e-02 9.983480118190636299e-01 -5.521290459753475099e-02 -3.202694999999999848e-01 8.392284268891014865e-01 1.669404167990287680e-02 5.435227285713393197e-01 4.396341299999999563e+00
5.328669062558152314e-01 -5.655199483690613593e-02 -8.443072498192365494e-01 -3.045396100000000050e+00 1.611190969428166406e-02 9.982615186097454352e-01 -5.669520992965993572e-02 -3.239757999999999805e-01 8.460456645969882672e-01 1.660759895142701476e-02 5.328516876896506327e-01 4.428943199999999969e+00
5.125135531775116826e-01 -5.825283238378824169e-02 -8.567009194162383823e-01 -3.148935799999999841e+00 1.417772123366732237e-02 9.981342800348279587e-01 -5.938814056674926456e-02 -3.323475000000000179e-01 8.585620828047219044e-01 1.829116012236026156e-02 5.123832388275360028e-01 4.491738299999999739e+00
4.947179467066080694e-01 -5.544611586796262259e-02 -8.672830457477846977e-01 -3.253635200000000172e+00 1.151316688644701478e-02 9.982932376558194543e-01 -5.725433292691731874e-02 -3.408033999999999786e-01 8.689773300809648937e-01 1.833957158218076783e-02 4.945119411293720235e-01 4.550868000000000357e+00
4.863980761282800103e-01 -5.433645761122272988e-02 -8.720461346241789036e-01 -3.306488799999999895e+00 1.371539808543832326e-02 9.984162665691040939e-01 -5.456048483627722046e-02 -3.452141000000000237e-01 8.736296694790451900e-01 1.457765497175307623e-02 4.863729973810826390e-01 4.580207800000000162e+00
4.713575645134812642e-01 -5.735861441817312334e-02 -8.800750171024891433e-01 -3.413642600000000193e+00 1.511584196910578312e-02 9.982617088860789023e-01 -5.696553250352801023e-02 -3.533118000000000092e-01 8.818126545346716139e-01 1.354805978259722085e-02 4.714052315987199426e-01 4.637385400000000324e+00
4.643527966751642699e-01 -6.105472649158263238e-02 -8.835433212882044529e-01 -3.467493499999999784e+00 1.783121157704179588e-02 9.980632489665566265e-01 -5.959697103054825695e-02 -3.574868999999999963e-01 8.854707946136044505e-01 1.191937227203162739e-02 4.645421406621711435e-01 4.666008500000000225e+00
4.581395922707167667e-01 -6.396694815386172461e-02 -8.865756276471300490e-01 -3.521582800000000013e+00 1.843890605929107696e-02 9.978765586135197596e-01 -6.246903643386277072e-02 -3.615148000000000250e-01 8.886889898819260170e-01 1.227205416871198287e-02 4.583462402476125019e-01 4.693893000000000093e+00
4.527656907522808472e-01 -6.712829373788316289e-02 -8.890989941831283216e-01 -3.575696199999999880e+00 2.150949170067441296e-02 9.976940149677594460e-01 -6.437386320775521920e-02 -3.668546999999999780e-01 8.913700528088143171e-01 1.002220920519215908e-02 4.531655153233294930e-01 4.721205699999999617e+00
4.478256784059796436e-01 -6.818541483819211269e-02 -8.915171961120926802e-01 -3.629605800000000215e+00 2.415166051144736203e-02 9.976466448846371682e-01 -6.417062602909863467e-02 -3.714034999999999975e-01 8.937946403144090279e-01 7.205633474600806054e-03 4.484185765459163253e-01 4.748272899999999908e+00
4.436277610642510028e-01 -6.578388074519697648e-02 -8.937935391617134462e-01 -3.683923000000000059e+00 2.565591748681166073e-02 9.978258769239003456e-01 -6.070661610532512853e-02 -3.757854999999999945e-01 8.958438387972703643e-01 4.000046893614103011e-03 4.443510055280838200e-01 4.775272799999999762e+00
4.397586057475327270e-01 -6.375886239945713352e-02 -8.958499741231863434e-01 -3.738019200000000097e+00 2.907518284594898250e-02 9.979647396746537114e-01 -5.675396117078629343e-02 -3.805220000000000269e-01 8.976452542143033009e-01 -1.088958965055692590e-03 4.407173830868390541e-01 4.802123500000000433e+00
4.366816818867364502e-01 -6.302513464519755859e-02 -8.974056725403098955e-01 -3.792117100000000018e+00 3.027189140481751153e-02 9.980074566370499278e-01 -5.535999537230619494e-02 -3.847234999999999960e-01 8.991066239859131226e-01 -2.991471176786875824e-03 4.377194647315245657e-01 4.828034399999999948e+00
4.336344535762525210e-01 -6.284703313192968599e-02 -8.988945494873906705e-01 -3.845885299999999951e+00 3.201199785595802011e-02 9.980095494633101083e-01 -5.433388605015171402e-02 -3.890924000000000049e-01 9.005200678857162577e-01 -5.214365402890799167e-03 4.347831847352771062e-01 4.854135499999999936e+00
4.315751615682760778e-01 -6.239416550399130151e-02 -8.999165783717827383e-01 -3.899728099999999920e+00 3.391740995245665774e-02 9.980220409696364259e-01 -5.293028472357265424e-02 -3.929482999999999726e-01 9.014391211942341942e-01 -7.679443330217122082e-03 4.328377720702117903e-01 4.879440299999999731e+00
4.290814595502981388e-01 -6.104535782706407149e-02 -9.012006243661574434e-01 -3.953774699999999864e+00 3.483491618329152134e-02 9.980897795029674002e-01 -5.102274655701164591e-02 -3.970920000000000005e-01 9.025938342824468830e-01 -9.500333651177556016e-03 4.303883292746533140e-01 4.905087899999999834e+00
4.238631145546304380e-01 -6.255959136453931313e-02 -9.035631453575063698e-01 -4.060109100000000026e+00 3.992935722814525829e-02 9.979324969785940969e-01 -5.036246524362635035e-02 -4.049093000000000275e-01 9.048456810702008024e-01 -1.473190423435362037e-02 4.254847405562677265e-01 4.955873999999999668e+00
4.198738570412208215e-01 -6.087866527184353227e-02 -9.055383659945321906e-01 -4.165856400000000015e+00 4.454911209544930306e-02 9.979274969514120297e-01 -4.643368863009561531e-02 -4.124202000000000146e-01 9.064884559578436640e-01 -2.084463823165107546e-02 4.217157576758971960e-01 5.004652499999999726e+00
4.170494915238648903e-01 -6.301594495143320040e-02 -9.066965932998558575e-01 -4.268981000000000137e+00 4.762500265238420877e-02 9.977382128105926062e-01 -4.743751489997018178e-02 -4.198401999999999967e-01 9.076351583880202245e-01 -2.339763619262500913e-02 4.191073488720418183e-01 5.051836500000000285e+00
4.172747115408545482e-01 -6.434939011102989992e-02 -9.064992945947807357e-01 -4.369702300000000150e+00 4.655389013702845857e-02 9.976938464819309349e-01 -4.939356238619224682e-02 -4.275337000000000165e-01 9.075872136723863726e-01 -2.159038407318565958e-02 4.193081264344470371e-01 5.097716799999999715e+00
4.240628007857918935e-01 -6.396544038886821382e-02 -9.033709998807620822e-01 -4.468062399999999990e+00 4.109519227456456120e-02 9.978341617585420043e-01 -5.136312684742398021e-02 -4.345388000000000028e-01 9.046999094515407736e-01 -1.534301350733104780e-02 4.257730214267779756e-01 5.143056399999999861e+00
4.343803747527818504e-01 -6.556998841127414934e-02 -8.983397278587751389e-01 -4.564112699999999911e+00 4.070180380782005558e-02 9.977569360250655439e-01 -5.314564686465959170e-02 -4.415873000000000159e-01 8.998094538269879594e-01 -1.347862135452849303e-02 4.360748485867520507e-01 5.189203299999999963e+00
4.412695433452379357e-01 -6.486201397029708882e-02 -8.950274349200710855e-01 -4.611545600000000356e+00 4.021600778947844596e-02 9.978116946078579019e-01 -5.248328135007832018e-02 -4.449480000000000102e-01 8.964730128862561376e-01 -1.283515669993380223e-02 4.429124020832181374e-01 5.212111000000000161e+00
4.493451817498588796e-01 -6.316211470510829651e-02 -8.911225813007798147e-01 -4.658374300000000190e+00 3.828185507065126614e-02 9.979426129753428132e-01 -5.142995994840743323e-02 -4.486067000000000249e-01 8.925376222941731053e-01 -1.100402080713599670e-02 4.508386677244312635e-01 5.235506100000000274e+00
4.587844283994659267e-01 -6.243826603567729366e-02 -8.863511218431630034e-01 -4.704806300000000441e+00 3.747369427801578584e-02 9.980001245496457063e-01 -5.090651860076064739e-02 -4.521600000000000064e-01 8.877570447455391811e-01 -9.859732924870242415e-03 4.602067091767754192e-01 5.258786200000000299e+00
4.778682896168941485e-01 -6.272907843863846644e-02 -8.761888840295014580e-01 -4.795468800000000087e+00 3.606133746574265164e-02 9.980070760465694635e-01 -5.178277803631864407e-02 -4.591174000000000088e-01 8.776909921600003495e-01 -6.851195458893451912e-03 4.791780289224225609e-01 5.307161800000000262e+00
4.880101108496218143e-01 -6.433559087035804758e-02 -8.704637059957764933e-01 -4.840057800000000299e+00 3.425623707302600379e-02 9.979231975890013873e-01 -5.455091140704896452e-02 -4.623972000000000082e-01 8.721654899903665825e-01 -3.197414753354270445e-03 4.892005055279058379e-01 5.331916800000000123e+00
4.995250683019838989e-01 -6.491674272342509711e-02 -8.638637176384240668e-01 -4.884074199999999699e+00 3.263490574756585522e-02 9.978906708189433372e-01 -5.611748407909003533e-02 -4.660572000000000048e-01 8.656845089666014292e-01 -1.600209363288758457e-04 5.005899572789631602e-01 5.356962700000000410e+00
5.119442026146627800e-01 -6.339548255167820612e-02 -8.566762201679680722e-01 -4.927985699999999802e+00 3.077575223423994338e-02 9.979864222949113017e-01 -5.546128369790477575e-02 -4.696359999999999979e-01 8.584672308735223911e-01 2.028227561854875627e-03 5.128644068458090288e-01 5.382605599999999768e+00
5.249669380335204583e-01 -6.067885822491333320e-02 -8.489568835554788251e-01 -4.971223400000000403e+00 2.924777045370609979e-02 9.981524394377786491e-01 -5.325669505234936763e-02 -4.732033999999999963e-01 8.506199397470042278e-01 3.127908076092443534e-03 5.257717511390949117e-01 5.408673300000000239e+00
5.370187395841562461e-01 -5.831977897119704213e-02 -8.415519453463314870e-01 -5.013687100000000285e+00 2.852514041578940729e-02 9.982922603308763687e-01 -5.097920485579698902e-02 -4.765562999999999882e-01 8.430878896649528498e-01 3.371400928477760045e-03 5.377652312636768128e-01 5.435568299999999908e+00
5.491976937939923031e-01 -5.717602412858098504e-02 -8.337342474651070479e-01 -5.055506199999999950e+00 2.788576252835692562e-02 9.983550091164614670e-01 -5.009650706668368481e-02 -4.801929999999999810e-01 8.352270813255353588e-01 4.263570911586779533e-03 5.498886656256060101e-01 5.462414299999999834e+00
5.609689017773069608e-01 -5.690061161111731325e-02 -8.258790538795878211e-01 -5.096984899999999818e+00 2.735367031146082595e-02 9.983642964365306849e-01 -5.020466433791886951e-02 -4.835714999999999875e-01 8.273848366747206251e-01 5.572432060777243040e-03 5.616077635162053383e-01 5.490071300000000321e+00
5.728100778994587028e-01 -5.783783330138765610e-02 -8.176450328203657136e-01 -5.138030500000000167e+00 2.739182274674124840e-02 9.983010184589266034e-01 -5.142727477206114617e-02 -4.868006999999999751e-01 8.192303111478647093e-01 7.061273459572321026e-03 5.734211678284139024e-01 5.517731200000000058e+00
5.837078348682338547e-01 -5.908160767747616671e-02 -8.098114145575397993e-01 -5.177501200000000026e+00 2.924641923335509486e-02 9.982318544351400647e-01 -5.174757726703854699e-02 -4.902043999999999846e-01 8.114368801548680343e-01 6.521382156113596923e-03 5.844036799159537665e-01 5.545968099999999623e+00
5.946471758695198728e-01 -5.862258461209989696e-02 -8.018466990664746552e-01 -5.216623300000000185e+00 2.927631008722624689e-02 9.982555846307707981e-01 -5.127070724258350753e-02 -4.936607000000000078e-01 8.034535667343077892e-01 7.012868662346325582e-03 5.953261171618827730e-01 5.574607399999999657e+00
6.054721045229664034e-01 -5.616545083493479362e-02 -7.938822159344788298e-01 -5.255126500000000256e+00 2.845937596443123482e-02 9.983967120643806314e-01 -4.892922704017835939e-02 -4.969389000000000167e-01 7.953575262510849120e-01 7.031889613943707873e-03 6.060997920839538144e-01 5.603513200000000083e+00
6.154004706379254674e-01 -5.329481161996528493e-02 -7.864107856540449859e-01 -5.293099899999999636e+00 2.851609281592436262e-02 9.985637436459586791e-01 -4.535727423778700140e-02 -5.000790000000000513e-01 7.876986055523607089e-01 5.487524957632824302e-03 6.160363575964538096e-01 5.633042800000000128e+00
6.257009867785332524e-01 -5.140397842060048100e-02 -7.783674621583973607e-01 -5.330091999999999608e+00 2.706845526818053155e-02 9.986562499945182969e-01 -4.419268125245048862e-02 -5.030841000000000340e-01 7.795932105103047238e-01 6.582199436405672399e-03 6.262516273646042686e-01 5.662270099999999751e+00
6.359425881191669294e-01 -5.072201116654644071e-02 -7.700677257225602146e-01 -5.366305399999999892e+00 2.542838647827035461e-02 9.986731891669010652e-01 -4.478011166045439695e-02 -5.063448000000000393e-01 7.713173288455325016e-01 8.896000361498703629e-03 6.363885915069196209e-01 5.691700499999999607e+00
6.452693057487723927e-01 -4.992380809408629438e-02 -7.623221998891819284e-01 -5.401454900000000059e+00 2.318667136120611261e-02 9.986825804861149125e-01 -4.577643176113476570e-02 -5.091957000000000289e-01 7.636032355416552120e-01 1.186241202198134309e-02 6.455767823050454490e-01 5.720980599999999860e+00
6.549160084407847915e-01 -4.938299685534895678e-02 -7.540864284082924307e-01 -5.436405200000000271e+00 2.305101223736017932e-02 9.987036889088416469e-01 -4.538273454414923358e-02 -5.120242999999999878e-01 7.553500332447355969e-01 1.233942387051515863e-02 6.552053616200959052e-01 5.750516900000000042e+00
6.639494473305008748e-01 -4.720023122529192622e-02 -7.462863187556110223e-01 -5.470099900000000126e+00 2.258876874678641261e-02 9.988164292133013822e-01 -4.307537881544640235e-02 -5.149080000000000323e-01 7.474362039104252009e-01 1.174218488480657449e-02 6.642298112687388123e-01 5.780350699999999620e+00
6.726208814393945801e-01 -4.572078089061833162e-02 -7.385734628636775323e-01 -5.503590100000000263e+00 2.312132979227465857e-02 9.989006155542574650e-01 -4.077945995182395006e-02 -5.175864000000000020e-01 7.396259554398620928e-01 1.035231568672491213e-02 6.729385377577907779e-01 5.810630800000000207e+00
6.807623025169949882e-01 -4.517320802114393324e-02 -7.311101618421382842e-01 -5.536610600000000382e+00 2.350822094782958199e-02 9.989298273235239778e-01 -3.983169129302310124e-02 -5.202320999999999751e-01 7.321270730000546401e-01 9.928814655996114416e-03 6.810957110567497086e-01 5.841190300000000057e+00
6.883989641067619347e-01 -4.416623188277914169e-02 -7.239863328668667553e-01 -5.568746100000000254e+00 2.231044361411509136e-02 9.989614615436381850e-01 -3.972709977256730363e-02 -5.228652000000000299e-01 7.249890415188897652e-01 1.119563807358511451e-02 6.886694035352860510e-01 5.871602099999999602e+00
6.960960067993273714e-01 -4.317627899886520432e-02 -7.166492574822379558e-01 -5.600345599999999813e+00 2.152360349168468828e-02 9.989963787072084767e-01 -3.928065455942005013e-02 -5.253041000000000516e-01 7.176260055284809924e-01 1.191823232261815177e-02 6.963266991344942980e-01 5.901702900000000085e+00
7.031025247613369444e-01 -4.063404468626841820e-02 -7.099265554172965453e-01 -5.631458300000000250e+00 2.095848224478450567e-02 9.991164310228299872e-01 -3.642937389247427604e-02 -5.275714000000000237e-01 7.107795591435003280e-01 1.073460165245896866e-02 7.033329130867789214e-01 5.932620000000000005e+00
7.104611263095169660e-01 -3.819375318033384203e-02 -7.026992423654748743e-01 -5.661799399999999594e+00 2.021988667322168962e-02 9.992217753613941156e-01 -3.386738588296715757e-02 -5.296977000000000491e-01 7.034459070788136037e-01 9.852962073583231353e-03 7.106805013171824115e-01 5.962924000000000113e+00
7.178185689533657099e-01 -3.636879785293466866e-02 -6.952796650330531625e-01 -5.691439199999999587e+00 1.885178283785260422e-02 9.992838729846249546e-01 -3.280779597416257076e-02 -5.318806000000000367e-01 6.959749365814668076e-01 1.044278389990935425e-02 7.179901363631976396e-01 5.993117299999999759e+00
7.254910002852874573e-01 -3.578657887651140457e-02 -6.873006105608870930e-01 -5.720534800000000253e+00 1.830623614158964976e-02 9.992972781369900970e-01 -3.270828069971645075e-02 -5.339464999999999906e-01 6.879881468625613783e-01 1.114767600526289822e-02 7.256362994615831452e-01 6.023124199999999817e+00
7.424159204163102155e-01 -3.035215480973214863e-02 -6.692513338132460854e-01 -5.776755299999999593e+00 1.520084643644187793e-02 9.994791711956543256e-01 -2.846613099217439394e-02 -5.379186999999999719e-01 6.697667768559579793e-01 1.096052208856735169e-02 7.424906272644304916e-01 6.083612900000000323e+00
7.619758132165089792e-01 -2.453362035753629822e-02 -6.471406041542997478e-01 -5.830093399999999981e+00 1.140013510663413950e-02 9.996354663016532305e-01 -2.447389285395788067e-02 -5.413417000000000368e-01 6.475051327924670197e-01 1.127102408962040413e-02 7.619777339419970819e-01 6.144138299999999830e+00
7.816812613564819712e-01 -2.438272094410486382e-02 -6.232013226586583521e-01 -5.879411199999999837e+00 9.752994047263329608e-03 9.995912022631255889e-01 -2.687577841241334947e-02 -5.449479999999999880e-01 6.236018639735239066e-01 1.493021357921604786e-02 7.815995163581062055e-01 6.204706200000000393e+00
8.016717879628300070e-01 -2.181647637670961620e-02 -5.973662073996017785e-01 -5.926878000000000313e+00 8.864235405281622321e-03 9.996577613029303810e-01 -2.461271211169965140e-02 -5.483301999999999898e-01 5.976987282194594631e-01 1.443612223965030396e-02 8.015908112369569682e-01 6.267158499999999854e+00
8.213317684830349075e-01 -1.814536231082852780e-02 -5.701621452772351883e-01 -5.970788500000000276e+00 8.550094662971716858e-03 9.997732759612101283e-01 -1.950109112445163120e-02 -5.510388000000000508e-01 5.703867301768024145e-01 1.114192534523128150e-02 8.213006973927495791e-01 6.328538400000000230e+00
