1.000000e+00 1.197625e-11 1.704638e-10 5.551115e-17 1.197625e-11 1.000000e+00 3.562503e-10 0.000000e+00 1.704638e-10 3.562503e-10 1.000000e+00 2.220446e-16
9.997542e-01 -8.010201e-03 2.067129e-02 5.418066e-02 8.008308e-03 9.999679e-01 1.744436e-04 -2.008116e-02 -2.067202e-02 -8.857983e-06 9.997863e-01 8.792349e-01
9.997748e-01 -9.463067e-03 1.899365e-02 6.515084e-02 9.496346e-03 9.999535e-01 -1.662555e-03 -2.474146e-02 -1.897703e-02 1.842551e-03 9.998182e-01 1.185210e+00
9.997888e-01 -1.342620e-02 -1.555879e-02 5.785896e-02 1.334533e-02 9.998969e-01 -5.289823e-03 -4.333150e-02 1.562821e-02 5.081069e-03 9.998650e-01 2.161983e+00
9.993602e-01 -8.848875e-03 -3.465391e-02 3.493816e-02 8.679166e-03 9.999496e-01 -5.044683e-03 -5.403998e-02 3.469681e-02 4.740688e-03 9.993866e-01 2.516769e+00
9.954565e-01 -5.949698e-03 -9.503163e-02 -7.130281e-02 5.379006e-03 9.999659e-01 -6.260341e-03 -7.742982e-02 9.506564e-02 5.720722e-03 9.954546e-01 3.630711e+00
9.910850e-01 -6.260087e-03 -1.330839e-01 -1.931244e-01 5.657285e-03 9.999719e-01 -4.907150e-03 -9.480390e-02 1.331109e-01 4.110510e-03 9.910926e-01 4.418357e+00
9.866849e-01 -3.759229e-03 -1.626003e-01 -3.555623e-01 3.153903e-03 9.999871e-01 -3.980763e-03 -1.137549e-01 1.626132e-01 3.414933e-03 9.866840e-01 5.248722e+00
9.845820e-01 -4.884309e-03 -1.748553e-01 -4.410342e-01 4.143076e-03 9.999808e-01 -4.603916e-03 -1.230564e-01 1.748744e-01 3.808495e-03 9.845834e-01 5.683091e+00
9.827221e-01 -8.432073e-03 -1.848951e-01 -5.276696e-01 7.289575e-03 9.999499e-01 -6.858084e-03 -1.316203e-01 1.849437e-01 5.391784e-03 9.827343e-01 6.127820e+00
9.797396e-01 -7.236126e-03 -2.001446e-01 -7.270140e-01 5.215485e-03 9.999300e-01 -1.062133e-02 -1.495504e-01 2.002075e-01 9.362288e-03 9.797088e-01 7.057528e+00
9.780320e-01 -7.866009e-03 -2.083063e-01 -8.348053e-01 5.207470e-03 9.998979e-01 -1.330798e-02 -1.604265e-01 2.083897e-01 1.193088e-02 9.779731e-01 7.548378e+00
9.763063e-01 -1.149733e-02 -2.160876e-01 -9.419591e-01 8.487619e-03 9.998537e-01 -1.485108e-02 -1.729816e-01 2.162267e-01 1.266513e-02 9.762610e-01 8.041587e+00
9.744447e-01 -1.794209e-02 -2.239099e-01 -1.052874e+00 1.460499e-02 9.997563e-01 -1.655112e-02 -1.870514e-01 2.241524e-01 1.285795e-02 9.744693e-01 8.554975e+00
9.703810e-01 -1.477647e-02 -2.411273e-01 -1.317954e+00 9.627660e-03 9.997001e-01 -2.251735e-02 -2.194403e-01 2.413877e-01 1.952891e-02 9.702323e-01 9.607606e+00
9.682175e-01 -1.175727e-02 -2.498331e-01 -1.461512e+00 5.410028e-03 9.996453e-01 -2.607749e-02 -2.434394e-01 2.500511e-01 2.389708e-02 9.679377e-01 1.014898e+01
9.659985e-01 -1.382599e-02 -2.581776e-01 -1.600917e+00 6.935714e-03 9.995955e-01 -2.757989e-02 -2.736564e-01 2.584545e-01 2.485148e-02 9.657037e-01 1.069971e+01
9.636100e-01 -1.701693e-02 -2.667699e-01 -1.746028e+00 9.362843e-03 9.995079e-01 -2.993753e-02 -3.017085e-01 2.671481e-01 2.635037e-02 9.632952e-01 1.126149e+01
9.613945e-01 -1.660121e-02 -2.746727e-01 -1.902902e+00 7.991665e-03 9.994419e-01 -3.243426e-02 -3.279271e-01 2.750579e-01 2.898703e-02 9.609906e-01 1.182926e+01
9.567949e-01 -1.642720e-02 -2.902992e-01 -2.247333e+00 4.781739e-03 9.991567e-01 -4.077934e-02 -3.862946e-01 2.907243e-01 3.762933e-02 9.560667e-01 1.300126e+01
9.537103e-01 -1.848289e-02 -3.001583e-01 -2.620930e+00 1.619282e-03 9.984106e-01 -5.633424e-02 -4.420317e-01 3.007225e-01 5.324050e-02 9.522245e-01 1.421692e+01
9.511735e-01 -1.798416e-02 -3.081323e-01 -3.024731e+00 -5.045062e-03 9.972618e-01 -7.377885e-02 -5.190175e-01 3.086154e-01 7.173103e-02 9.484784e-01 1.547709e+01
9.481933e-01 -1.538124e-02 -3.173214e-01 -3.471584e+00 -1.300717e-02 9.961102e-01 -8.715050e-02 -6.308148e-01 3.174276e-01 8.676296e-02 9.443050e-01 1.679489e+01
9.449062e-01 -1.222398e-02 -3.271128e-01 -3.951023e+00 -2.114986e-02 9.949346e-01 -9.827402e-02 -7.690047e-01 3.266572e-01 9.977810e-02 9.398614e-01 1.811394e+01
9.414125e-01 -8.075800e-03 -3.371605e-01 -4.466634e+00 -2.826314e-02 9.943075e-01 -1.027318e-01 -9.233994e-01 3.360709e-01 1.062422e-01 9.358253e-01 1.949749e+01
9.368681e-01 -7.519302e-03 -3.496021e-01 -5.002325e+00 -2.946952e-02 9.945143e-01 -1.003630e-01 -1.091050e+00 3.484389e-01 1.043295e-01 9.315072e-01 2.092425e+01
9.310994e-01 -6.948836e-03 -3.646993e-01 -5.575589e+00 -3.003738e-02 9.949622e-01 -9.564487e-02 -1.260053e+00 3.635266e-01 1.000095e-01 9.262000e-01 2.238962e+01
9.242864e-01 -1.524340e-03 -3.816966e-01 -6.215009e+00 -3.317488e-02 9.958871e-01 -8.431084e-02 -1.438960e+00 3.802553e-01 9.059009e-02 9.204343e-01 2.387854e+01
9.168008e-01 3.486620e-03 -3.993296e-01 -6.893668e+00 -3.796477e-02 9.961938e-01 -7.846345e-02 -1.606967e+00 3.975361e-01 8.709580e-02 9.134437e-01 2.538492e+01
9.088636e-01 3.268540e-03 -4.170807e-01 -7.606334e+00 -3.875321e-02 9.963054e-01 -7.663965e-02 -1.761966e+00 4.152893e-01 8.581819e-02 9.056324e-01 2.691437e+01
9.011219e-01 3.561205e-03 -4.335513e-01 -8.362269e+00 -3.882330e-02 9.966120e-01 -7.250673e-02 -1.915761e+00 4.318242e-01 8.216928e-02 8.982072e-01 2.846912e+01
8.934531e-01 6.286261e-03 -4.491125e-01 -9.164411e+00 -3.863652e-02 9.972714e-01 -6.290362e-02 -2.060214e+00 4.474917e-01 7.355357e-02 8.912582e-01 3.005971e+01
8.858290e-01 5.849285e-03 -4.639749e-01 -1.000712e+01 -3.614492e-02 9.977521e-01 -5.642995e-02 -2.196452e+00 4.626019e-01 6.675761e-02 8.840492e-01 3.167496e+01
8.793579e-01 5.398335e-03 -4.761309e-01 -1.089504e+01 -3.522844e-02 9.979329e-01 -5.374831e-02 -2.319480e+00 4.748566e-01 6.403734e-02 8.777303e-01 3.331700e+01
8.737377e-01 3.155669e-03 -4.863872e-01 -1.182494e+01 -3.246567e-02 9.981273e-01 -5.184495e-02 -2.443855e+00 4.853127e-01 6.108977e-02 8.722039e-01 3.499697e+01
8.701921e-01 2.319482e-03 -4.927072e-01 -1.279251e+01 -3.265581e-02 9.980616e-01 -5.297637e-02 -2.570879e+00 4.916293e-01 6.218936e-02 8.685811e-01 3.672204e+01
8.697487e-01 2.525150e-03 -4.934884e-01 -1.328826e+01 -3.229971e-02 9.981340e-01 -5.181923e-02 -2.638091e+00 4.924367e-01 6.100923e-02 8.682073e-01 3.761620e+01
8.694144e-01 1.873861e-03 -4.940800e-01 -1.428954e+01 -3.037506e-02 9.983040e-01 -4.966368e-02 -2.775142e+00 4.931490e-01 5.818602e-02 8.679968e-01 3.942708e+01
8.676927e-01 -2.580071e-03 -4.970943e-01 -1.533465e+01 -2.612420e-02 9.983680e-01 -5.078240e-02 -2.909137e+00 4.964140e-01 5.704970e-02 8.662092e-01 4.126523e+01
8.661087e-01 -3.152817e-03 -4.998457e-01 -1.586740e+01 -2.470117e-02 9.984884e-01 -4.909906e-02 -2.976585e+00 4.992450e-01 5.487189e-02 8.647217e-01 4.219040e+01
8.612122e-01 -2.515559e-03 -5.082394e-01 -1.694522e+01 -2.112709e-02 9.989462e-01 -4.074421e-02 -3.108900e+00 5.078064e-01 4.582703e-02 8.602515e-01 4.403507e+01
8.520813e-01 -5.804948e-03 -5.233772e-01 -1.804673e+01 -1.816238e-02 9.990084e-01 -4.064949e-02 -3.235637e+00 5.230942e-01 4.414244e-02 8.511310e-01 4.585695e+01
8.459794e-01 -9.821908e-03 -5.331251e-01 -1.861936e+01 -1.617194e-02 9.988977e-01 -4.406510e-02 -3.298545e+00 5.329703e-01 4.589983e-02 8.448881e-01 4.676609e+01
8.339495e-01 -6.907958e-03 -5.517976e-01 -1.982282e+01 -1.727628e-02 9.991047e-01 -3.861801e-02 -3.410242e+00 5.515704e-01 4.173847e-02 8.330835e-01 4.855068e+01
8.287116e-01 -1.605836e-03 -5.596736e-01 -2.043384e+01 -2.050625e-02 9.992373e-01 -3.323077e-02 -3.465273e+00 5.593001e-01 3.901553e-02 8.280466e-01 4.943336e+01
8.208828e-01 -4.306569e-03 -5.710805e-01 -2.167507e+01 -2.223179e-02 9.989726e-01 -3.948978e-02 -3.574727e+00 5.706639e-01 4.511262e-02 8.199437e-01 5.115815e+01
8.179645e-01 -6.412380e-03 -5.752329e-01 -2.229860e+01 -2.497150e-02 9.985995e-01 -4.664059e-02 -3.635034e+00 5.747265e-01 5.251477e-02 8.166589e-01 5.201179e+01
8.111073e-01 -6.174055e-03 -5.848649e-01 -2.356010e+01 -2.436094e-02 9.987200e-01 -4.432731e-02 -3.761561e+00 5.843899e-01 5.020205e-02 8.099186e-01 5.373417e+01
8.047634e-01 -1.072406e-03 -5.935948e-01 -2.484571e+01 -2.455639e-02 9.990821e-01 -3.509719e-02 -3.875701e+00 5.930876e-01 4.282147e-02 8.039984e-01 5.545675e+01
8.016398e-01 -7.168066e-04 -5.978070e-01 -2.549478e+01 -2.557654e-02 9.990425e-01 -3.549523e-02 -3.921434e+00 5.972600e-01 4.374422e-02 8.008539e-01 5.631342e+01
7.980946e-01 -1.906616e-03 -6.025291e-01 -2.614832e+01 -2.569411e-02 9.989776e-01 -3.719488e-02 -3.971575e+00 6.019841e-01 4.516647e-02 7.972297e-01 5.717032e+01
7.940434e-01 -4.490124e-03 -6.078445e-01 -2.680899e+01 -2.469164e-02 9.989091e-01 -3.963425e-02 -4.019298e+00 6.073594e-01 4.647998e-02 7.930663e-01 5.801515e+01
7.896376e-01 -5.883988e-03 -6.135453e-01 -2.748253e+01 -2.381542e-02 9.989066e-01 -4.023028e-02 -4.070618e+00 6.131112e-01 4.637917e-02 7.886340e-01 5.886465e+01
7.851233e-01 -5.698290e-03 -6.193132e-01 -2.815970e+01 -2.355687e-02 9.989593e-01 -3.905521e-02 -4.126091e+00 6.188913e-01 4.525223e-02 7.841721e-01 5.969578e+01
7.747575e-01 -6.527504e-03 -6.322248e-01 -2.954119e+01 -2.367156e-02 9.989461e-01 -3.932200e-02 -4.248257e+00 6.318152e-01 4.543076e-02 7.737865e-01 6.136091e+01
7.692225e-01 -8.108737e-03 -6.389295e-01 -3.024500e+01 -2.299429e-02 9.989205e-01 -4.036080e-02 -4.308387e+00 6.385672e-01 4.573816e-02 7.682057e-01 6.219212e+01
7.578107e-01 -1.050982e-02 -6.523898e-01 -3.167830e+01 -2.224842e-02 9.988726e-01 -4.193515e-02 -4.431688e+00 6.520951e-01 4.629354e-02 7.567225e-01 6.384049e+01
7.515981e-01 -1.253177e-02 -6.595023e-01 -3.241736e+01 -2.142438e-02 9.988282e-01 -4.339578e-02 -4.495389e+00 6.592733e-01 4.674561e-02 7.504489e-01 6.466956e+01
7.453405e-01 -1.321772e-02 -6.665529e-01 -3.316065e+01 -2.063561e-02 9.988670e-01 -4.288227e-02 -4.558237e+00 6.663645e-01 4.571662e-02 7.442233e-01 6.548993e+01
7.325427e-01 -1.349799e-02 -6.805872e-01 -3.467370e+01 -1.927296e-02 9.989913e-01 -4.055710e-02 -4.690830e+00 6.804482e-01 4.282673e-02 7.315437e-01 6.709446e+01
7.260757e-01 -1.543598e-02 -6.874415e-01 -3.545262e+01 -1.787203e-02 9.989866e-01 -4.130792e-02 -4.759468e+00 6.873825e-01 4.227865e-02 7.250640e-01 6.789101e+01
7.133849e-01 -1.644260e-02 -7.005795e-01 -3.705458e+01 -1.919797e-02 9.988909e-01 -4.299285e-02 -4.906233e+00 7.005094e-01 4.412015e-02 7.122780e-01 6.947298e+01
7.078765e-01 -1.558863e-02 -7.061641e-01 -3.787518e+01 -1.972175e-02 9.989304e-01 -4.182105e-02 -4.981378e+00 7.060608e-01 4.353093e-02 7.068120e-01 7.026199e+01
7.028426e-01 -1.503627e-02 -7.111865e-01 -3.869255e+01 -2.087974e-02 9.989097e-01 -4.175424e-02 -5.057858e+00 7.110389e-01 4.419604e-02 7.017623e-01 7.105256e+01
6.926488e-01 -1.780251e-02 -7.210553e-01 -4.035157e+01 -2.147030e-02 9.987434e-01 -4.528296e-02 -5.214173e+00 7.209554e-01 4.684646e-02 6.913962e-01 7.262312e+01
6.875324e-01 -2.030697e-02 -7.258697e-01 -4.119284e+01 -2.112818e-02 9.986262e-01 -4.794991e-02 -5.292359e+00 7.258462e-01 4.830342e-02 6.861589e-01 7.340570e+01
6.774179e-01 -2.029179e-02 -7.353185e-01 -4.291451e+01 -2.142543e-02 9.986510e-01 -4.729704e-02 -5.443967e+00 7.352864e-01 4.779437e-02 6.760693e-01 7.495793e+01
6.722415e-01 -2.004618e-02 -7.400605e-01 -4.378384e+01 -2.098920e-02 9.987154e-01 -4.611819e-02 -5.527046e+00 7.400343e-01 4.653583e-02 6.709572e-01 7.573564e+01
6.622093e-01 -2.216481e-02 -7.489911e-01 -4.553830e+01 -1.912889e-02 9.987366e-01 -4.646803e-02 -5.677124e+00 7.490748e-01 4.509892e-02 6.609486e-01 7.727779e+01
6.576917e-01 -2.323860e-02 -7.529287e-01 -4.643229e+01 -1.800770e-02 9.987533e-01 -4.655573e-02 -5.751800e+00 7.530720e-01 4.417783e-02 6.564533e-01 7.805127e+01
6.498156e-01 -2.593030e-02 -7.596494e-01 -4.823900e+01 -1.455254e-02 9.988103e-01 -4.654242e-02 -5.898424e+00 7.599526e-01 4.129881e-02 6.486652e-01 7.959620e+01
6.455088e-01 -3.066921e-02 -7.631368e-01 -4.915220e+01 -1.116925e-02 9.987075e-01 -4.958406e-02 -5.978524e+00 7.636711e-01 4.053061e-02 6.443320e-01 8.036127e+01
6.404574e-01 -3.548947e-02 -7.671733e-01 -5.007598e+01 -6.858730e-03 9.986275e-01 -5.192241e-02 -6.064360e+00 7.679631e-01 3.851592e-02 6.393350e-01 8.112920e+01
6.255042e-01 -4.266600e-02 -7.790533e-01 -5.194082e+01 2.937217e-03 9.986254e-01 -5.233290e-02 -6.240477e+00 7.802153e-01 3.044620e-02 6.247697e-01 8.264668e+01
6.073443e-01 -4.248918e-02 -7.933016e-01 -5.386648e+01 6.689869e-03 9.988068e-01 -4.837433e-02 -6.412013e+00 7.944106e-01 2.407279e-02 6.069040e-01 8.413486e+01
5.885635e-01 -4.399805e-02 -8.072529e-01 -5.584158e+01 5.492000e-03 9.987125e-01 -5.042908e-02 -6.577872e+00 8.084324e-01 2.524728e-02 5.880474e-01 8.557728e+01
5.684993e-01 -4.744552e-02 -8.213145e-01 -5.785918e+01 6.431293e-03 9.985614e-01 -5.323306e-02 -6.747722e+00 8.226586e-01 2.498085e-02 5.679866e-01 8.698373e+01
5.476275e-01 -4.823126e-02 -8.353310e-01 -5.991653e+01 1.046800e-02 9.986540e-01 -5.079877e-02 -6.928351e+00 8.366568e-01 1.907456e-02 5.473953e-01 8.835909e+01
5.267133e-01 -4.963826e-02 -8.485925e-01 -6.202188e+01 1.031530e-02 9.985933e-01 -5.200993e-02 -7.102980e+00 8.499805e-01 1.864083e-02 5.264844e-01 8.968383e+01
5.064670e-01 -5.110642e-02 -8.607435e-01 -6.417133e+01 7.655844e-03 9.984691e-01 -5.477910e-02 -7.283912e+00 8.622254e-01 2.115409e-02 5.060829e-01 9.095949e+01
4.966546e-01 -5.105676e-02 -8.664453e-01 -6.526817e+01 6.786521e-03 9.984662e-01 -5.494623e-02 -7.374808e+00 8.679218e-01 2.140915e-02 4.962393e-01 9.158512e+01
4.796069e-01 -4.700544e-02 -8.762235e-01 -6.748666e+01 6.149553e-03 9.987197e-01 -5.021082e-02 -7.555186e+00 8.774620e-01 1.869307e-02 4.792819e-01 9.280938e+01
4.719319e-01 -4.732563e-02 -8.803639e-01 -6.860646e+01 6.426764e-03 9.987163e-01 -5.024274e-02 -7.643588e+00 8.816116e-01 1.805326e-02 4.716302e-01 9.340826e+01
4.570917e-01 -5.386987e-02 -8.877867e-01 -7.085828e+01 1.099739e-02 9.984301e-01 -5.492140e-02 -7.820048e+00 8.893516e-01 1.534078e-02 4.569666e-01 9.458336e+01
4.508577e-01 -5.668127e-02 -8.907943e-01 -7.199157e+01 1.202786e-02 9.982769e-01 -5.743274e-02 -7.914147e+00 8.925148e-01 1.517964e-02 4.507626e-01 9.515810e+01
4.452960e-01 -6.019002e-02 -8.933581e-01 -7.313057e+01 1.382460e-02 9.980812e-01 -6.035486e-02 -8.011910e+00 8.952767e-01 1.452546e-02 4.452737e-01 9.572828e+01
4.404362e-01 -6.118295e-02 -8.956967e-01 -7.426251e+01 1.648406e-02 9.980581e-01 -6.006941e-02 -8.110093e+00 8.976326e-01 1.169203e-02 4.405895e-01 9.628811e+01
4.361561e-01 -5.858994e-02 -8.979616e-01 -7.540274e+01 1.780717e-02 9.982447e-01 -5.648393e-02 -8.209520e+00 8.996949e-01 8.645658e-03 4.364338e-01 9.684446e+01
4.322135e-01 -5.653957e-02 -8.999971e-01 -7.658015e+01 2.112313e-02 9.983934e-01 -5.257689e-02 -8.308009e+00 9.015239e-01 3.713691e-03 4.327134e-01 9.741509e+01
4.288446e-01 -5.587980e-02 -9.016483e-01 -7.767611e+01 2.281072e-02 9.984366e-01 -5.102898e-02 -8.396730e+00 9.030903e-01 1.316265e-03 4.294489e-01 9.793967e+01
4.259122e-01 -5.624384e-02 -9.030146e-01 -7.880716e+01 2.445442e-02 9.984169e-01 -5.065187e-02 -8.486978e+00 9.044340e-01 -5.094444e-04 4.266134e-01 9.847551e+01
4.232849e-01 -5.523644e-02 -9.043112e-01 -7.993532e+01 2.629154e-02 9.984682e-01 -4.868128e-02 -8.574915e+00 9.056151e-01 -3.169679e-03 4.240888e-01 9.900669e+01
4.209215e-01 -5.420603e-02 -9.054760e-01 -8.106306e+01 2.773444e-02 9.985153e-01 -4.688312e-02 -8.661986e+00 9.066730e-01 -5.378750e-03 4.217999e-01 9.953295e+01
4.160303e-01 -5.553146e-02 -9.076536e-01 -8.328006e+01 3.246276e-02 9.984044e-01 -4.620416e-02 -8.827999e+00 9.087711e-01 -1.024260e-02 4.171692e-01 1.005627e+02
4.134067e-01 -5.475406e-02 -9.088987e-01 -8.437076e+01 3.570778e-02 9.983974e-01 -4.390421e-02 -8.914608e+00 9.098461e-01 -1.430446e-02 4.146993e-01 1.010627e+02
4.093026e-01 -5.479425e-02 -9.107519e-01 -8.654683e+01 3.979175e-02 9.983173e-01 -4.217965e-02 -9.072686e+00 9.115306e-01 -1.897616e-02 4.107942e-01 1.020328e+02
4.072736e-01 -5.741360e-02 -9.114998e-01 -8.868276e+01 4.121229e-02 9.981608e-01 -4.445787e-02 -9.227599e+00 9.123759e-01 -1.945848e-02 4.088907e-01 1.029766e+02
4.075927e-01 -5.795142e-02 -9.113231e-01 -8.974022e+01 4.017833e-02 9.981559e-01 -4.550326e-02 -9.305889e+00 9.122795e-01 -1.806864e-02 4.091694e-01 1.034282e+02
4.139154e-01 -5.777102e-02 -9.084803e-01 -9.182278e+01 3.564327e-02 9.982474e-01 -4.723986e-02 -9.462617e+00 9.096173e-01 -1.282790e-02 4.152491e-01 1.043271e+02
4.248597e-01 -5.821256e-02 -9.033856e-01 -9.387053e+01 3.328904e-02 9.982600e-01 -4.867036e-02 -9.609312e+00 9.046470e-01 -9.394764e-03 4.260582e-01 1.052557e+02
4.399854e-01 -5.549092e-02 -8.962888e-01 -9.588621e+01 3.065506e-02 9.984353e-01 -4.676655e-02 -9.749076e+00 8.974816e-01 -6.899180e-03 4.409981e-01 1.062164e+02
4.488454e-01 -5.517551e-02 -8.919044e-01 -9.688157e+01 3.026825e-02 9.984580e-01 -4.653489e-02 -9.818909e+00 8.930967e-01 -6.109403e-03 4.498233e-01 1.067096e+02
4.681770e-01 -5.512405e-02 -8.819136e-01 -9.884290e+01 2.851588e-02 9.984749e-01 -4.727166e-02 -9.958087e+00 8.831745e-01 -3.017038e-03 4.690349e-01 1.077189e+02
4.786921e-01 -5.678936e-02 -8.761443e-01 -9.980583e+01 2.678003e-02 9.983860e-01 -5.008117e-02 -1.002675e+01 8.775744e-01 5.102926e-04 4.794403e-01 1.082398e+02
4.900937e-01 -5.746268e-02 -8.697736e-01 -1.007547e+02 2.497006e-02 9.983407e-01 -5.188669e-02 -1.009360e+01 8.713120e-01 3.711045e-03 4.907154e-01 1.087790e+02
5.023364e-01 -5.599002e-02 -8.628576e-01 -1.016995e+02 2.292463e-02 9.984129e-01 -5.143988e-02 -1.015566e+01 8.643683e-01 6.059441e-03 5.028227e-01 1.093330e+02
5.152097e-01 -5.315552e-02 -8.554142e-01 -1.026360e+02 2.128305e-02 9.985606e-01 -4.923204e-02 -1.021665e+01 8.567999e-01 7.159000e-03 5.155994e-01 1.099002e+02
5.277749e-01 -5.081668e-02 -8.478628e-01 -1.035604e+02 2.039561e-02 9.986791e-01 -4.716007e-02 -1.027636e+01 8.491394e-01 7.597224e-03 5.281142e-01 1.104797e+02
5.396874e-01 -5.040390e-02 -8.403553e-01 -1.044750e+02 2.077497e-02 9.986994e-01 -4.655932e-02 -1.032552e+01 8.416092e-01 7.669122e-03 5.400326e-01 1.110646e+02
5.512438e-01 -5.094885e-02 -8.327871e-01 -1.053784e+02 2.099405e-02 9.986648e-01 -4.720052e-02 -1.037734e+01 8.340800e-01 8.535420e-03 5.515774e-01 1.116592e+02
5.735172e-01 -5.312901e-02 -8.174688e-01 -1.071244e+02 2.315143e-02 9.985473e-01 -4.865518e-02 -1.048384e+01 8.188663e-01 8.979010e-03 5.739141e-01 1.128599e+02
5.843075e-01 -5.366822e-02 -8.097558e-01 -1.079760e+02 2.417163e-02 9.985191e-01 -4.873702e-02 -1.053886e+01 8.111723e-01 8.904287e-03 5.847395e-01 1.134723e+02
5.951811e-01 -5.121604e-02 -8.019578e-01 -1.088156e+02 2.304136e-02 9.986442e-01 -4.667680e-02 -1.059968e+01 8.032612e-01 9.302959e-03 5.955543e-01 1.140873e+02
6.052642e-01 -4.844117e-02 -7.945493e-01 -1.096406e+02 2.329405e-02 9.987970e-01 -4.314880e-02 -1.065546e+01 7.956838e-01 7.608155e-03 6.056645e-01 1.147106e+02
6.153476e-01 -4.667761e-02 -7.868726e-01 -1.104479e+02 2.193382e-02 9.988725e-01 -4.210092e-02 -1.071449e+01 7.879507e-01 8.647581e-03 6.156777e-01 1.153330e+02
6.256110e-01 -4.603175e-02 -7.787760e-01 -1.112427e+02 1.999751e-02 9.988759e-01 -4.297687e-02 -1.076967e+01 7.798789e-01 1.131322e-02 6.258282e-01 1.159602e+02
6.352746e-01 -4.586128e-02 -7.709234e-01 -1.120216e+02 1.832673e-02 9.988493e-01 -4.431830e-02 -1.082745e+01 7.720689e-01 1.402579e-02 6.353841e-01 1.165904e+02
6.446320e-01 -4.556259e-02 -7.631341e-01 -1.127849e+02 1.810481e-02 9.988523e-01 -4.434261e-02 -1.088440e+01 7.642787e-01 1.476827e-02 6.447171e-01 1.172256e+02
6.539294e-01 -4.355499e-02 -7.553008e-01 -1.135420e+02 1.795909e-02 9.989538e-01 -4.205669e-02 -1.094072e+01 7.563424e-01 1.393759e-02 6.540275e-01 1.178586e+02
6.627892e-01 -4.156585e-02 -7.476515e-01 -1.142854e+02 1.771950e-02 9.990492e-01 -3.983412e-02 -1.099692e+01 7.485964e-01 1.315362e-02 6.628955e-01 1.184946e+02
6.711328e-01 -4.096189e-02 -7.402046e-01 -1.150150e+02 1.832210e-02 9.990838e-01 -3.867553e-02 -1.105074e+01 7.411107e-01 1.239431e-02 6.712685e-01 1.191327e+02
6.790069e-01 -4.041487e-02 -7.330186e-01 -1.157305e+02 1.725344e-02 9.990862e-01 -3.910235e-02 -1.110434e+01 7.339292e-01 1.390367e-02 6.790837e-01 1.197729e+02
6.866300e-01 -3.934016e-02 -7.259419e-01 -1.164343e+02 1.654401e-02 9.991218e-01 -3.849619e-02 -1.115559e+01 7.268188e-01 1.442265e-02 6.866778e-01 1.204136e+02
6.940511e-01 -3.716524e-02 -7.189658e-01 -1.171234e+02 1.591975e-02 9.992147e-01 -3.628398e-02 -1.120384e+01 7.197497e-01 1.373718e-02 6.940977e-01 1.210568e+02
7.019590e-01 -3.415441e-02 -7.113979e-01 -1.177905e+02 1.490303e-02 9.993352e-01 -3.327307e-02 -1.124261e+01 7.120614e-01 1.275435e-02 7.020014e-01 1.216885e+02
7.095204e-01 -3.197352e-02 -7.039592e-01 -1.184457e+02 1.340608e-02 9.994018e-01 -3.188042e-02 -1.128508e+01 7.045574e-01 1.318247e-02 7.095246e-01 1.223238e+02
7.174647e-01 -3.178964e-02 -6.958691e-01 -1.190789e+02 1.320678e-02 9.993993e-01 -3.203928e-02 -1.132614e+01 6.964697e-01 1.379686e-02 7.174536e-01 1.229483e+02
7.348171e-01 -2.580783e-02 -6.777742e-01 -1.203051e+02 9.460201e-03 9.995686e-01 -2.780453e-02 -1.140579e+01 6.781994e-01 1.401936e-02 7.347442e-01 1.242110e+02
7.547535e-01 -2.039380e-02 -6.556914e-01 -1.214729e+02 6.117148e-03 9.996920e-01 -2.405184e-02 -1.147772e+01 6.559800e-01 1.414225e-02 7.546458e-01 1.255059e+02
7.647006e-01 -1.960252e-02 -6.440875e-01 -1.220228e+02 4.656869e-03 9.996792e-01 -2.489588e-02 -1.151095e+01 6.443689e-01 1.603846e-02 7.645466e-01 1.261435e+02
7.846071e-01 -2.075187e-02 -6.196459e-01 -1.230910e+02 4.942859e-03 9.996173e-01 -2.721834e-02 -1.157569e+01 6.199736e-01 1.829288e-02 7.844094e-01 1.274499e+02
8.050896e-01 -1.614937e-02 -5.929333e-01 -1.241152e+02 3.688719e-03 9.997463e-01 -2.222092e-02 -1.163984e+01 5.931417e-01 1.570267e-02 8.049449e-01 1.287847e+02
8.240620e-01 -1.381468e-02 -5.663311e-01 -1.250882e+02 4.893593e-03 9.998389e-01 -1.726876e-02 -1.170293e+01 5.664785e-01 1.145913e-02 8.239969e-01 1.301548e+02
8.396772e-01 -1.327468e-02 -5.429235e-01 -1.260103e+02 6.847246e-03 9.998805e-01 -1.385761e-02 -1.177774e+01 5.430427e-01 7.918387e-03 8.396678e-01 1.315496e+02
8.533775e-01 -1.258659e-02 -5.211414e-01 -1.269007e+02 6.571248e-03 9.998887e-01 -1.338875e-02 -1.183797e+01 5.212520e-01 8.001112e-03 8.533653e-01 1.329864e+02
8.663899e-01 -9.696004e-03 -4.992740e-01 -1.277507e+02 4.221191e-03 9.999179e-01 -1.209359e-02 -1.189333e+01 4.993503e-01 8.370232e-03 8.663598e-01 1.344241e+02
8.775617e-01 -1.177845e-02 -4.793190e-01 -1.285745e+02 6.211317e-03 9.998936e-01 -1.319869e-02 -1.193811e+01 4.794234e-01 8.605460e-03 8.775415e-01 1.359153e+02
8.855067e-01 -1.185366e-02 -4.644754e-01 -1.293903e+02 6.350882e-03 9.998899e-01 -1.340999e-02 -1.196483e+01 4.645832e-01 8.924811e-03 8.854845e-01 1.374388e+02
8.919360e-01 -6.212235e-03 -4.521190e-01 -1.302152e+02 4.120608e-03 9.999757e-01 -5.610840e-03 -1.198969e+01 4.521429e-01 3.141507e-03 8.919400e-01 1.390168e+02
8.985310e-01 -8.521526e-04 -4.389091e-01 -1.310349e+02 5.107788e-04 9.999994e-01 -8.958609e-04 -1.200769e+01 4.389097e-01 5.807753e-04 8.985310e-01 1.406304e+02
9.051450e-01 2.656961e-03 -4.250946e-01 -1.318502e+02 -9.834504e-04 9.999909e-01 4.156186e-03 -1.201698e+01 4.251018e-01 -3.343889e-03 9.051394e-01 1.423079e+02
9.121360e-01 2.373924e-03 -4.098808e-01 -1.326563e+02 6.577650e-04 9.999734e-01 7.255360e-03 -1.202112e+01 4.098871e-01 -6.887477e-03 9.121103e-01 1.440415e+02
9.196830e-01 -8.858128e-04 -3.926607e-01 -1.334442e+02 3.786082e-03 9.999709e-01 6.611834e-03 -1.202321e+01 3.926435e-01 -7.567434e-03 9.196596e-01 1.458318e+02
9.282909e-01 -3.651010e-03 -3.718368e-01 -1.342211e+02 5.282377e-03 9.999803e-01 3.368800e-03 -1.202922e+01 3.718173e-01 -5.091406e-03 9.282920e-01 1.476967e+02
9.394995e-01 1.165693e-03 -3.425482e-01 -1.349441e+02 -1.171002e-05 9.999943e-01 3.370868e-03 -1.205065e+01 3.425502e-01 -3.162915e-03 9.394942e-01 1.495973e+02
9.527436e-01 8.287088e-03 -3.036627e-01 -1.356069e+02 -6.125921e-03 9.999487e-01 8.068928e-03 -1.207054e+01 3.037140e-01 -5.827403e-03 9.527454e-01 1.515955e+02
9.653823e-01 1.132090e-02 -2.605933e-01 -1.361882e+02 -8.917047e-03 9.999061e-01 1.040504e-02 -1.208576e+01 2.606866e-01 -7.721111e-03 9.653926e-01 1.536548e+02
9.809216e-01 1.570219e-02 -1.937687e-01 -1.369024e+02 -1.199638e-02 9.997223e-01 2.028362e-02 -1.209800e+01 1.940334e-01 -1.757211e-02 9.808375e-01 1.568857e+02
9.887447e-01 1.941421e-02 -1.483477e-01 -1.372667e+02 -1.602639e-02 9.995835e-01 2.399850e-02 -1.208864e+01 1.487519e-01 -2.135090e-02 9.886440e-01 1.591246e+02
9.943196e-01 1.834331e-02 -1.048430e-01 -1.375360e+02 -1.629397e-02 9.996597e-01 2.037012e-02 -1.206524e+01 1.051810e-01 -1.854610e-02 9.942801e-01 1.614249e+02
9.978084e-01 1.753761e-02 -6.380288e-02 -1.377162e+02 -1.601578e-02 9.995767e-01 2.428577e-02 -1.203634e+01 6.420179e-02 -2.321069e-02 9.976670e-01 1.637972e+02
9.995661e-01 1.896885e-02 -2.253504e-02 -1.378015e+02 -1.838246e-02 9.994942e-01 2.594959e-02 -1.199947e+01 2.301588e-02 -2.552407e-02 9.994092e-01 1.662283e+02
9.995868e-01 2.149296e-02 1.908533e-02 -1.377975e+02 -2.198173e-02 9.994259e-01 2.577998e-02 -1.197241e+01 -1.852029e-02 -2.618886e-02 9.994854e-01 1.686920e+02
9.979831e-01 2.273207e-02 5.927055e-02 -1.376931e+02 -2.408569e-02 9.994628e-01 2.222441e-02 -1.195174e+01 -5.873350e-02 -2.360716e-02 9.979945e-01 1.711903e+02
9.948688e-01 2.493686e-02 9.805253e-02 -1.374876e+02 -2.683260e-02 9.994767e-01 1.806282e-02 -1.193709e+01 -9.755080e-02 -2.060114e-02 9.950173e-01 1.737397e+02
9.903387e-01 2.628986e-02 1.361549e-01 -1.371760e+02 -2.785918e-02 9.995654e-01 9.633054e-03 -1.195029e+01 -1.358424e-01 -1.333315e-02 9.906407e-01 1.763073e+02
9.846194e-01 2.980310e-02 1.721526e-01 -1.367646e+02 -2.985780e-02 9.995515e-01 -2.272270e-03 -1.198376e+01 -1.721431e-01 -2.902776e-03 9.850677e-01 1.789113e+02
9.775738e-01 3.435102e-02 2.077728e-01 -1.362573e+02 -3.311603e-02 9.994071e-01 -9.420407e-03 -1.204258e+01 -2.079732e-01 2.328533e-03 9.781318e-01 1.815452e+02
9.695096e-01 3.317081e-02 2.427980e-01 -1.356393e+02 -3.189334e-02 9.994490e-01 -9.191359e-03 -1.212331e+01 -2.429691e-01 1.167473e-03 9.700333e-01 1.842188e+02
9.555247e-01 3.573794e-02 2.927377e-01 -1.345303e+02 -3.144491e-02 9.993180e-01 -1.935925e-02 -1.226706e+01 -2.932299e-01 9.293129e-03 9.559968e-01 1.882314e+02
9.439025e-01 4.167229e-02 3.275844e-01 -1.336769e+02 -3.613430e-02 9.990827e-01 -2.297675e-02 -1.236376e+01 -3.282415e-01 9.850776e-03 9.445425e-01 1.909279e+02
9.312896e-01 4.365191e-02 3.616549e-01 -1.327041e+02 -3.545236e-02 9.989423e-01 -2.928022e-02 -1.247353e+01 -3.625505e-01 1.444684e-02 9.318521e-01 1.936195e+02
9.165686e-01 4.668534e-02 3.971429e-01 -1.316211e+02 -3.357005e-02 9.986389e-01 -3.991650e-02 -1.261280e+01 -3.984659e-01 2.325410e-02 9.168883e-01 1.963008e+02
8.958706e-01 5.309420e-02 4.411313e-01 -1.304121e+02 -3.707817e-02 9.983052e-01 -4.485508e-02 -1.278312e+01 -4.427652e-01 2.382800e-02 8.963209e-01 1.989740e+02
8.693330e-01 6.188306e-02 4.903373e-01 -1.290608e+02 -4.247779e-02 9.978143e-01 -5.061917e-02 -1.297300e+01 -4.923981e-01 2.317646e-02 8.700615e-01 2.016167e+02
8.403935e-01 6.709962e-02 5.378070e-01 -1.275470e+02 -4.359466e-02 9.974602e-01 -5.632606e-02 -1.318252e+01 -5.402206e-01 2.389054e-02 8.411843e-01 2.041905e+02
8.094251e-01 7.038394e-02 5.829898e-01 -1.258796e+02 -4.127185e-02 9.971545e-01 -6.308379e-02 -1.341339e+01 -5.857710e-01 2.700053e-02 8.100267e-01 2.066836e+02
7.777115e-01 7.454201e-02 6.241861e-01 -1.240689e+02 -3.760427e-02 9.966830e-01 -7.217317e-02 -1.367026e+01 -6.274956e-01 3.265784e-02 7.779349e-01 2.090904e+02
7.463151e-01 7.638970e-02 6.611946e-01 -1.221292e+02 -3.399561e-02 9.964704e-01 -7.675297e-02 -1.395312e+01 -6.647240e-01 3.480418e-02 7.462779e-01 2.114240e+02
7.164943e-01 7.777927e-02 6.932433e-01 -1.200725e+02 -2.965293e-02 9.962624e-01 -8.112941e-02 -1.424635e+01 -6.969625e-01 3.757206e-02 7.161227e-01 2.136630e+02
6.873140e-01 8.103110e-02 7.218265e-01 -1.179114e+02 -2.437413e-02 9.957712e-01 -8.857500e-02 -1.455461e+01 -7.259514e-01 4.328494e-02 6.863826e-01 2.158204e+02
6.571121e-01 8.396092e-02 7.491023e-01 -1.156567e+02 -2.184506e-02 9.954811e-01 -9.241310e-02 -1.488974e+01 -7.534763e-01 4.436157e-02 6.559768e-01 2.178953e+02
6.409030e-01 8.505921e-02 7.628947e-01 -1.145005e+02 -2.215092e-02 9.954772e-01 -9.238225e-02 -1.505999e+01 -7.673023e-01 4.230923e-02 6.398884e-01 2.188995e+02
6.237247e-01 8.603367e-02 7.768949e-01 -1.133266e+02 -2.419427e-02 9.955728e-01 -9.082598e-02 -1.522932e+01 -7.812696e-01 3.785399e-02 6.230449e-01 2.198821e+02
6.060200e-01 8.709357e-02 7.906671e-01 -1.121403e+02 -2.678840e-02 9.956586e-01 -8.914141e-02 -1.539873e+01 -7.949982e-01 3.284077e-02 6.057222e-01 2.208287e+02
5.707896e-01 9.136522e-02 8.159973e-01 -1.097418e+02 -3.003126e-02 9.954480e-01 -9.045105e-02 -1.573251e+01 -8.205470e-01 2.712308e-02 5.709351e-01 2.226219e+02
5.338657e-01 9.523624e-02 8.401889e-01 -1.073071e+02 -3.251329e-02 9.952142e-01 -9.214921e-02 -1.606679e+01 -8.449440e-01 2.187799e-02 5.344072e-01 2.242815e+02
4.922806e-01 9.246650e-02 8.655113e-01 -1.048297e+02 -3.328558e-02 9.956140e-01 -8.743402e-02 -1.639478e+01 -8.698000e-01 1.423301e-02 4.931993e-01 2.257980e+02
4.497832e-01 8.995012e-02 8.885966e-01 -1.023303e+02 -3.262113e-02 9.959062e-01 -8.430086e-02 -1.670912e+01 -8.925419e-01 8.930084e-03 4.508762e-01 2.271631e+02
3.872057e-01 8.920905e-02 9.176674e-01 -9.854908e+01 -2.665265e-02 9.959751e-01 -8.557562e-02 -1.716162e+01 -9.216081e-01 8.677094e-03 3.880249e-01 2.289348e+02
3.459362e-01 8.668983e-02 9.342446e-01 -9.602574e+01 -2.032632e-02 9.961812e-01 -8.491051e-02 -1.745580e+01 -9.380379e-01 1.038386e-02 3.463772e-01 2.299362e+02
3.053968e-01 9.046685e-02 9.479180e-01 -9.351167e+01 -1.918218e-02 9.958592e-01 -8.886221e-02 -1.774895e+01 -9.520320e-01 8.955094e-03 3.058676e-01 2.308192e+02
2.668520e-01 1.081341e-01 9.576518e-01 -9.104012e+01 -2.168507e-02 9.941074e-01 -1.062079e-01 -1.806044e+01 -9.634935e-01 7.575053e-03 2.676245e-01 2.315729e+02
2.470306e-01 1.116261e-01 9.625567e-01 -8.980706e+01 -2.427192e-02 9.937438e-01 -1.090137e-01 -1.822511e+01 -9.687037e-01 3.566621e-03 2.481945e-01 2.319127e+02
2.068773e-01 1.131461e-01 9.718023e-01 -8.735636e+01 -3.027199e-02 9.935549e-01 -1.092345e-01 -1.855902e+01 -9.778985e-01 -6.820255e-03 2.089692e-01 2.325085e+02
1.683438e-01 1.122459e-01 9.793167e-01 -8.492355e+01 -3.184710e-02 9.935962e-01 -1.084081e-01 -1.888775e+01 -9.852138e-01 -1.293856e-02 1.708404e-01 2.329934e+02
1.495389e-01 1.117241e-01 9.824234e-01 -8.371282e+01 -3.162045e-02 9.936277e-01 -1.081852e-01 -1.904863e+01 -9.882501e-01 -1.488677e-02 1.521188e-01 2.331988e+02
1.311714e-01 1.124240e-01 9.849644e-01 -8.250969e+01 -3.013042e-02 9.935421e-01 -1.093905e-01 -1.920896e+01 -9.909018e-01 -1.532849e-02 1.337117e-01 2.333727e+02
9.254541e-02 1.171164e-01 9.887968e-01 -8.013180e+01 -3.373466e-02 9.928572e-01 -1.144400e-01 -1.952757e+01 -9.951369e-01 -2.276583e-02 9.583526e-02 2.336653e+02
7.532815e-02 1.145611e-01 9.905561e-01 -7.895298e+01 -3.386414e-02 9.930994e-01 -1.122800e-01 -1.968703e+01 -9.965836e-01 -2.508649e-02 7.868785e-02 2.337739e+02
4.570497e-02 1.062354e-01 9.932900e-01 -7.659714e+01 -3.051178e-02 9.940136e-01 -1.049088e-01 -2.000318e+01 -9.984889e-01 -2.551218e-02 4.867279e-02 2.339286e+02
3.323415e-02 1.028807e-01 9.941383e-01 -7.546824e+01 -2.845560e-02 9.943820e-01 -1.019547e-01 -2.015044e+01 -9.990425e-01 -2.490042e-02 3.597497e-02 2.339791e+02
1.390803e-02 1.055624e-01 9.943154e-01 -7.322171e+01 -2.754376e-02 9.940747e-01 -1.051516e-01 -2.043837e+01 -9.995239e-01 -2.592473e-02 1.673320e-02 2.340470e+02
7.116424e-03 1.070233e-01 9.942310e-01 -7.211428e+01 -2.862878e-02 9.938704e-01 -1.067796e-01 -2.057930e+01 -9.995648e-01 -2.770373e-02 1.013675e-02 2.340698e+02
-4.193877e-03 1.188958e-01 9.928979e-01 -6.995117e+01 -2.857930e-02 9.924867e-01 -1.189673e-01 -2.087505e+01 -9.995828e-01 -2.887526e-02 -7.644094e-04 2.340942e+02
-1.271124e-02 1.149160e-01 9.932939e-01 -6.781083e+01 -2.953882e-02 9.928974e-01 -1.152482e-01 -2.116769e+01 -9.994828e-01 -3.080567e-02 -9.226477e-03 2.340967e+02
-1.522544e-02 1.039934e-01 9.944614e-01 -6.674442e+01 -2.845600e-02 9.941288e-01 -1.043943e-01 -2.130620e+01 -9.994791e-01 -2.988784e-02 -1.217682e-02 2.340897e+02
-1.659104e-02 1.022640e-01 9.946189e-01 -6.465882e+01 -2.792948e-02 9.943203e-01 -1.026992e-01 -2.156167e+01 -9.994722e-01 -2.948307e-02 -1.364063e-02 2.340770e+02
-1.454802e-02 1.080229e-01 9.940419e-01 -6.261250e+01 -2.943555e-02 9.936700e-01 -1.084133e-01 -2.181801e+01 -9.994608e-01 -3.083737e-02 -1.127622e-02 2.340729e+02
-9.360384e-03 1.102212e-01 9.938630e-01 -6.058819e+01 -3.272377e-02 9.933404e-01 -1.104714e-01 -2.207608e+01 -9.994206e-01 -3.355699e-02 -5.691197e-03 2.340809e+02
-1.124662e-03 1.134375e-01 9.935445e-01 -5.858962e+01 -3.675378e-02 9.928691e-01 -1.134021e-01 -2.233445e+01 -9.993238e-01 -3.664405e-02 3.052614e-03 2.341095e+02
1.166004e-02 1.099014e-01 9.938741e-01 -5.659296e+01 -3.752136e-02 9.932897e-01 -1.093966e-01 -2.259437e+01 -9.992278e-01 -3.601593e-02 1.570545e-02 2.341542e+02
2.657858e-02 1.108702e-01 9.934794e-01 -5.463127e+01 -3.443272e-02 9.933423e-01 -1.099337e-01 -2.284877e+01 -9.990536e-01 -3.128631e-02 3.021918e-02 2.342213e+02
4.704107e-02 1.079612e-01 9.930415e-01 -5.169180e+01 -3.708491e-02 9.936455e-01 -1.062701e-01 -2.322962e+01 -9.982043e-01 -3.182780e-02 5.074587e-02 2.343808e+02
6.085965e-02 1.065653e-01 9.924414e-01 -4.975239e+01 -3.714409e-02 9.938376e-01 -1.044374e-01 -2.347790e+01 -9.974550e-01 -3.050730e-02 6.444288e-02 2.345210e+02
7.464116e-02 1.103763e-01 9.910831e-01 -4.782873e+01 -3.696289e-02 9.934788e-01 -1.078594e-01 -2.371823e+01 -9.965252e-01 -2.858254e-02 7.823424e-02 2.346851e+02
8.771875e-02 1.129924e-01 9.897162e-01 -4.591473e+01 -4.097435e-02 9.931144e-01 -1.097488e-01 -2.396567e+01 -9.953023e-01 -3.092594e-02 9.174455e-02 2.348807e+02
1.010260e-01 1.103104e-01 9.887494e-01 -4.400878e+01 -4.283264e-02 9.933948e-01 -1.064523e-01 -2.421455e+01 -9.939614e-01 -3.159629e-02 1.050836e-01 2.351012e+02
1.140945e-01 1.078491e-01 9.875986e-01 -4.210966e+01 -4.324480e-02 9.936870e-01 -1.035180e-01 -2.445463e+01 -9.925283e-01 -3.089766e-02 1.180382e-01 2.353479e+02
1.209945e-01 1.087490e-01 9.866782e-01 -4.116675e+01 -4.350868e-02 9.936066e-01 -1.041772e-01 -2.457047e+01 -9.916992e-01 -3.032419e-02 1.249524e-01 2.354786e+02
1.282764e-01 1.094041e-01 9.856855e-01 -4.022656e+01 -4.158002e-02 9.936160e-01 -1.048732e-01 -2.468721e+01 -9.908665e-01 -2.753207e-02 1.320065e-01 2.356150e+02
1.371877e-01 1.111881e-01 9.842849e-01 -3.929119e+01 -4.007854e-02 9.934894e-01 -1.066419e-01 -2.480560e+01 -9.897340e-01 -2.481875e-02 1.407507e-01 2.357584e+02
1.563369e-01 1.146135e-01 9.810313e-01 -3.743651e+01 -4.040497e-02 9.931552e-01 -1.095910e-01 -2.503558e+01 -9.868770e-01 -2.250541e-02 1.598978e-01 2.360723e+02
1.642740e-01 1.139561e-01 9.798102e-01 -3.651652e+01 -4.261524e-02 9.931970e-01 -1.083682e-01 -2.515044e+01 -9.854938e-01 -2.395276e-02 1.680127e-01 2.362425e+02
1.735339e-01 1.121319e-01 9.784234e-01 -3.467183e+01 -4.694428e-02 9.933093e-01 -1.055119e-01 -2.537859e+01 -9.837084e-01 -2.762150e-02 1.776368e-01 2.366029e+02
1.791364e-01 1.159103e-01 9.769723e-01 -3.281121e+01 -4.707368e-02 9.929079e-01 -1.091696e-01 -2.560259e+01 -9.826975e-01 -2.643343e-02 1.833223e-01 2.369709e+02
1.821852e-01 1.160467e-01 9.763922e-01 -3.187210e+01 -4.630808e-02 9.929217e-01 -1.093707e-01 -2.571650e+01 -9.821732e-01 -2.528912e-02 1.862695e-01 2.371592e+02
1.890239e-01 1.161237e-01 9.750822e-01 -2.998093e+01 -4.381392e-02 9.929916e-01 -1.097631e-01 -2.595197e+01 -9.809946e-01 -2.197433e-02 1.927870e-01 2.375425e+02
1.925389e-01 1.165764e-01 9.743401e-01 -2.903001e+01 -4.368668e-02 9.929521e-01 -1.101704e-01 -2.607414e+01 -9.803164e-01 -2.135359e-02 1.962748e-01 2.377390e+02
1.999946e-01 1.109602e-01 9.734937e-01 -2.712052e+01 -4.114314e-02 9.936414e-01 -1.048042e-01 -2.632376e+01 -9.789328e-01 -1.909231e-02 2.032881e-01 2.381523e+02
2.096563e-01 1.114220e-01 9.714059e-01 -2.520641e+01 -3.966392e-02 9.936373e-01 -1.054114e-01 -2.657591e+01 -9.769704e-01 -1.642960e-02 2.127417e-01 2.385754e+02
2.224709e-01 1.125592e-01 9.684199e-01 -2.328840e+01 -3.793108e-02 9.935602e-01 -1.067675e-01 -2.681809e+01 -9.742012e-01 -1.298054e-02 2.253078e-01 2.390146e+02
2.382463e-01 1.101501e-01 9.649381e-01 -2.136288e+01 -3.651364e-02 9.938610e-01 -1.044364e-01 -2.706134e+01 -9.705182e-01 -1.035181e-02 2.408057e-01 2.394902e+02
2.587533e-01 1.111752e-01 9.595242e-01 -1.947329e+01 -3.156187e-02 9.937971e-01 -1.066350e-01 -2.730342e+01 -9.654277e-01 -2.692211e-03 2.606572e-01 2.399989e+02
2.810883e-01 1.077539e-01 9.536134e-01 -1.758590e+01 -3.146725e-02 9.941770e-01 -1.030621e-01 -2.754421e+01 -9.591659e-01 -1.038035e-03 2.828422e-01 2.405579e+02
3.026799e-01 1.083492e-01 9.469136e-01 -1.571651e+01 -3.459952e-02 9.941115e-01 -1.026900e-01 -2.778349e+01 -9.524641e-01 -1.680556e-03 3.046464e-01 2.411633e+02
3.236367e-01 1.117194e-01 9.395627e-01 -1.386544e+01 -3.817752e-02 9.937380e-01 -1.050108e-01 -2.802279e+01 -9.454109e-01 -1.884835e-03 3.258752e-01 2.418115e+02
3.424563e-01 1.102890e-01 9.330380e-01 -1.202778e+01 -4.232453e-02 9.938890e-01 -1.019473e-01 -2.826671e+01 -9.385800e-01 -4.577908e-03 3.450315e-01 2.424978e+02
3.583093e-01 1.078487e-01 9.273527e-01 -1.020216e+01 -4.329268e-02 9.941561e-01 -9.889043e-02 -2.850521e+01 -9.325987e-01 -4.714229e-03 3.608844e-01 2.432173e+02
3.740017e-01 1.067893e-01 9.212593e-01 -8.398430e+00 -4.622716e-02 9.942604e-01 -9.648458e-02 -2.873833e+01 -9.262752e-01 -6.501801e-03 3.767917e-01 2.439669e+02
3.899504e-01 1.097752e-01 9.142691e-01 -6.615868e+00 -4.767608e-02 9.939439e-01 -9.900709e-02 -2.896837e+01 -9.196008e-01 -4.980913e-03 3.928225e-01 2.447410e+02
4.065937e-01 1.071920e-01 9.072990e-01 -4.863903e+00 -4.818025e-02 9.942270e-01 -9.587069e-02 -2.919595e+01 -9.123378e-01 -4.733480e-03 4.094110e-01 2.455429e+02
4.238561e-01 1.021591e-01 8.999497e-01 -3.138302e+00 -4.839269e-02 9.947537e-01 -9.012902e-02 -2.941357e+01 -9.044358e-01 -5.349249e-03 4.265762e-01 2.463659e+02
4.410898e-01 9.964042e-02 8.919145e-01 -1.445171e+00 -5.162812e-02 9.949890e-01 -8.562312e-02 -2.961846e+01 -8.959768e-01 -8.280387e-03 4.440238e-01 2.472235e+02
4.575802e-01 9.878703e-02 8.836637e-01 2.183283e-01 -5.410544e-02 9.950610e-01 -8.322349e-02 -2.981292e+01 -8.875207e-01 -9.729592e-03 4.606651e-01 2.481060e+02
4.742125e-01 9.845217e-02 8.748883e-01 1.859248e+00 -5.608922e-02 9.950875e-01 -8.157651e-02 -3.000435e+01 -8.786219e-01 -1.038720e-02 4.774051e-01 2.490180e+02
4.910236e-01 9.876007e-02 8.655300e-01 3.471952e+00 -5.632972e-02 9.950733e-01 -8.158505e-02 -3.018500e+01 -8.693232e-01 -8.694874e-03 4.941676e-01 2.499508e+02
5.069948e-01 9.637011e-02 8.565448e-01 5.069513e+00 -5.691393e-02 9.953044e-01 -7.829426e-02 -3.036317e+01 -8.600681e-01 -9.054549e-03 5.100990e-01 2.509148e+02
5.133747e-01 9.404667e-02 8.529957e-01 5.864994e+00 -5.752752e-02 9.955124e-01 -7.513693e-02 -3.045063e+01 -8.562342e-01 -1.049733e-02 5.164812e-01 2.514103e+02
5.224205e-01 9.022701e-02 8.479008e-01 7.450741e+00 -5.918057e-02 9.958246e-01 -6.950477e-02 -3.061794e+01 -8.506318e-01 -1.386853e-02 5.255789e-01 2.524159e+02
5.256822e-01 8.723980e-02 8.461958e-01 8.235125e+00 -5.988482e-02 9.960548e-01 -6.548751e-02 -3.070780e+01 -8.485706e-01 -1.624866e-02 5.288326e-01 2.529478e+02
5.300688e-01 8.305746e-02 8.438771e-01 9.801622e+00 -5.961973e-02 9.963789e-01 -6.061803e-02 -3.088791e+01 -8.458561e-01 -1.817999e-02 5.331012e-01 2.540322e+02
5.316076e-01 8.400868e-02 8.428143e-01 1.058369e+01 -6.036185e-02 9.962965e-01 -6.123384e-02 -3.097495e+01 -8.448372e-01 -1.832145e-02 5.347097e-01 2.545731e+02
5.350143e-01 8.651590e-02 8.404015e-01 1.215623e+01 -5.912513e-02 9.961381e-01 -6.490829e-02 -3.114299e+01 -8.427716e-01 -1.496199e-02 5.380634e-01 2.556432e+02
5.383121e-01 8.159707e-02 8.387860e-01 1.374910e+01 -5.622790e-02 9.965613e-01 -6.085979e-02 -3.131135e+01 -8.408677e-01 -1.440161e-02 5.410491e-01 2.567107e+02
5.408717e-01 7.579487e-02 8.376830e-01 1.534640e+01 -5.463084e-02 9.969942e-01 -5.493580e-02 -3.146761e+01 -8.393291e-01 -1.605011e-02 5.433867e-01 2.577811e+02
5.425939e-01 7.159170e-02 8.369388e-01 1.695281e+01 -5.427550e-02 9.972674e-01 -5.011899e-02 -3.161045e+01 -8.382399e-01 -1.823101e-02 5.449968e-01 2.588641e+02
