9.999999990658999804e-01 -1.399727839290701705e-06 -4.320000879810882732e-05 -7.504000000000000253e-04 1.400272159290426079e-06 9.999999999196400591e-01 1.259996975361509112e-05 2.015999999999999943e-04 4.319999115810883872e-05 -1.260003023361505978e-05 9.999999989875000272e-01 -1.376499999999999902e-03
9.997816418268152816e-01 -7.711922947492954282e-03 1.942150639187169292e-02 1.690300000000000049e-03 7.722833327547647987e-03 9.999700599737857409e-01 -4.868279144736134306e-04 -2.336999999999999885e-04 -1.941717053209608690e-02 6.367106684538799974e-04 9.998112662338087819e-01 4.429740000000000066e-02
9.998090306434032071e-01 -9.079257252600921382e-03 1.730518221919669433e-02 2.116799999999999845e-03 9.115064675409104492e-03 9.999564739712910599e-01 -1.991421318025002763e-03 -3.257000000000000021e-04 -1.728634836689394230e-02 2.148778872724903689e-03 9.998482709438940574e-01 6.031090000000000062e-02
9.997399162479039258e-01 -1.259654898587487387e-02 -1.901122863679671413e-02 1.422300000000000040e-03 1.249372889315061852e-02 9.999067275744024652e-01 -5.517507570834195504e-03 -9.848000000000000850e-04 1.907895696778412128e-02 5.278551420249114404e-03 9.998040459489676568e-01 1.099930999999999964e-01
9.992026696296957278e-01 -8.145042147614840397e-03 -3.908558933037285799e-02 4.120999999999999880e-04 7.924489377538731019e-03 9.999518123628626798e-01 -5.794430112750144010e-03 -1.189200000000000066e-03 3.913090176566666467e-02 5.480076700179262184e-03 9.992190657140034293e-01 1.270127000000000062e-01
9.950008239860725912e-01 -5.960727944524147129e-03 -9.968866530056427755e-02 -6.559100000000000000e-03 5.311098519465873302e-03 9.999629064477654206e-01 -6.780705055815411039e-03 -1.895200000000000096e-03 9.972538543196052263e-02 6.217350795057505902e-03 9.949955738843957453e-01 1.817382999999999915e-01
9.904891250147624948e-01 -6.296642867777926637e-03 -1.374468825258897686e-01 -1.293429999999999927e-02 5.572992105829379685e-03 9.999685139983955917e-01 -5.649138945782299429e-03 -2.349799999999999979e-03 1.374781254835780731e-01 4.829420300207085820e-03 9.904930296135785461e-01 2.214396999999999893e-01
9.860313475556923279e-01 -4.719286529079325977e-03 -1.664929727410797977e-01 -2.092930000000000137e-02 4.006860072212942332e-03 9.999813248100974938e-01 -4.614661786541543638e-03 -3.246300000000000140e-03 1.665116413644019133e-01 3.883087135117046802e-03 9.860318427537895225e-01 2.630355999999999805e-01
9.838187283368708957e-01 -6.369464315234026411e-03 -1.790534548618348820e-01 -2.503899999999999876e-02 5.427680252587954723e-03 9.999687430811780020e-01 -5.749186701139582904e-03 -3.410199999999999950e-03 1.790844774420660146e-01 4.684312648175164955e-03 9.838225486104271722e-01 2.848626000000000213e-01
9.819657927571794342e-01 -1.012113059222297280e-02 -1.887875646601209212e-01 -2.934820000000000137e-02 8.773381164870043200e-03 9.999297246975296094e-01 -7.973296009706479920e-03 -3.837899999999999992e-03 1.888549963270764742e-01 6.173198673108289125e-03 9.819855813505828923e-01 3.072102999999999917e-01
9.791016717282835513e-01 -8.574210176124471422e-03 -2.031905493342051061e-01 -4.031350000000000211e-02 6.395146692354606796e-03 9.999148135618232125e-01 -1.137838821659306610e-02 -4.524399999999999603e-03 2.032708009470707289e-01 9.841165554947316207e-03 9.790730988761034981e-01 3.542228000000000043e-01
9.773156224854158136e-01 -9.568577939036339991e-03 -2.115717759110808116e-01 -4.574580000000000313e-02 6.682091666773997372e-03 9.998746507077624912e-01 -1.435383304161730496e-02 -5.047900000000000130e-03 2.116826013088955738e-01 1.261448327337993773e-02 9.772570547787540196e-01 3.787270999999999832e-01
9.756248301795732436e-01 -1.294485448306320272e-02 -2.190630536614767976e-01 -5.164420000000000122e-02 9.618525606903776531e-03 9.998217912274856012e-01 -1.624406820385612682e-02 -5.494599999999999658e-03 2.192342918026924103e-01 1.374105269164309188e-02 9.755754756904754244e-01 4.035891999999999813e-01
9.736705575080391029e-01 -1.990258806290464214e-02 -2.270892609314291710e-01 -5.722789999999999822e-02 1.642483183918185333e-02 9.997172546919500524e-01 -1.719405624759519011e-02 -6.341099999999999688e-03 2.273672587270185730e-01 1.301144340913777502e-02 9.737221533884149460e-01 4.294290000000000052e-01
9.694423004630458029e-01 -1.655200887636851248e-02 -2.447604074908238669e-01 -7.092550000000000243e-02 1.099809644021687918e-02 9.996504829916369461e-01 -2.404066823694088820e-02 -7.594100000000000329e-03 2.450727809194836182e-01 2.061414215395799068e-02 9.692855044803090347e-01 4.820168000000000230e-01
9.673317853439040714e-01 -1.345583338244452261e-02 -2.531563896317038376e-01 -7.887790000000000079e-02 6.840997438795520455e-03 9.996122513670681053e-01 -2.699162223550147233e-02 -8.483799999999999675e-03 2.534214233592289034e-01 2.437801191331065431e-02 9.670487550882514993e-01 5.091269000000000489e-01
9.649857548217231074e-01 -1.628787343112839819e-02 -2.617961003724864066e-01 -8.646379999999999344e-02 9.102102845686976113e-03 9.995484280428466040e-01 -2.863724359747167256e-02 -9.461400000000000018e-03 2.621443203941980493e-01 2.525163709872959780e-02 9.646982482149006888e-01 5.367897999999999836e-01
9.626444464846941607e-01 -1.871479174898607947e-02 -2.701211324979388428e-01 -9.467190000000000327e-02 1.071916722151877027e-02 9.994605038380398598e-01 -3.104514006875710302e-02 -1.058060000000000077e-02 2.705564065148967079e-01 2.698995808821704617e-02 9.623257104827566133e-01 5.658144000000000506e-01
9.603884950145166188e-01 -1.782910754527084612e-02 -2.780936201495656790e-01 -1.035922999999999983e-01 8.777875090086250179e-03 9.993914633467089192e-01 -3.375873070224185563e-02 -1.161719999999999940e-02 2.785262780289404216e-01 2.998042551170363237e-02 9.599605650929013967e-01 5.947255999999999654e-01
9.557318368737672820e-01 -1.824058570696863654e-02 -2.936731806259492705e-01 -1.225731000000000043e-01 6.148120310309995555e-03 9.990967059870019540e-01 -4.204726748044548129e-02 -1.455369999999999928e-02 2.941748741863327021e-01 3.838037413820904326e-02 9.549806753429446182e-01 6.546423000000000103e-01
9.525771298166473278e-01 -2.086213162898709755e-02 -3.035812629497627868e-01 -1.428794999999999926e-01 3.466125312452281518e-03 9.983262698499608678e-01 -5.772906462763183894e-02 -1.812300000000000022e-02 3.042775011820568198e-01 5.393913599009287491e-02 9.510550835167465022e-01 7.171598000000000139e-01
9.498724995500958945e-01 -2.078418907987741523e-02 -3.119459121109700028e-01 -1.643355999999999983e-01 -2.916625641192681362e-03 9.971552169097763763e-01 -7.531909906847054914e-02 -2.245339999999999836e-02 3.126239400514974065e-01 7.245337034195752091e-02 9.471096986267054652e-01 7.812527000000000221e-01
9.469874963757790587e-01 -1.788729418031867122e-02 -3.207720786085356823e-01 -1.876998000000000000e-01 -1.124839797047556475e-02 9.959906537952188943e-01 -8.874734416122130598e-02 -2.843209999999999835e-02 3.210734421453005916e-01 8.765079725524006771e-02 9.429894922476544927e-01 8.470360999999999585e-01
9.436310743473160789e-01 -1.539491857178906277e-02 -3.306408807275623696e-01 -2.126390999999999976e-01 -1.877291118019075791e-02 9.948207151572842077e-01 -9.989655899864691158e-02 -3.530350000000000155e-02 3.304662968170140047e-01 1.004725891779318092e-01 9.384547327878589584e-01 9.160443000000000335e-01
9.402054290722328123e-01 -1.221284321322712273e-02 -3.403888917161481120e-01 -2.393144000000000104e-01 -2.479945382693497791e-02 9.942499955737909012e-01 -1.041726134423167222e-01 -4.304560000000000330e-02 3.397038978772310425e-01 1.063851153224254359e-01 9.344963718521597240e-01 9.859067999999999721e-01
9.356766875398019323e-01 -1.137729582022136386e-02 -3.526750537454598766e-01 -2.664721999999999924e-01 -2.626124461973989438e-02 9.944628374160501272e-01 -1.017546658853575176e-01 -5.105420000000000097e-02 3.518799275684335037e-01 1.044711545750200560e-01 9.301969116462364129e-01 1.056246999999999936e+00
9.299584927411784774e-01 -1.079864128596347804e-02 -3.675059062449644309e-01 -2.955106000000000122e-01 -2.685401938438825020e-02 9.949038056125225626e-01 -9.718682637386061307e-02 -5.899159999999999821e-02 3.666825103839265743e-01 1.002487252991134670e-01 9.249292565674654965e-01 1.127824200000000054e+00
9.230829991407971669e-01 -5.176109627459159201e-03 -3.845659690954928434e-01 -3.266877999999999727e-01 -3.017136153574209723e-02 9.958532944254134822e-01 -8.582485027735448080e-02 -6.730400000000000271e-02 3.834155260814441912e-01 9.082633908275339341e-02 9.190990754475352187e-01 1.201793700000000076e+00
9.155953045491618258e-01 -9.747988597734215388e-04 -4.020998483644459554e-01 -3.596178999999999903e-01 -3.412048958468479054e-02 9.962019896166695032e-01 -8.010860174969042236e-02 -7.464579999999999826e-02 4.006507587388658531e-01 8.706690330413774381e-02 9.120846034612134501e-01 1.275789700000000026e+00
9.079139390306674162e-01 -1.050789255138340900e-03 -4.191553114965368421e-01 -3.954030000000000045e-01 -3.497634809915294019e-02 9.963193632370532793e-01 -7.825842774142330316e-02 -8.168190000000000173e-02 4.176947861626529868e-01 8.571243947557424803e-02 9.045354848383126978e-01 1.350756199999999962e+00
8.999420562928015510e-01 -1.966023889790443485e-03 -4.360050803208019299e-01 -4.323406000000000193e-01 -3.371772420936820780e-02 9.966814071599319202e-01 -7.408972733003627020e-02 -8.863390000000000157e-02 4.347038191569348453e-01 8.137756061570602939e-02 8.968892251770070878e-01 1.427614099999999997e+00
8.921809581784528875e-01 7.480050625494061300e-06 -4.516781351890155061e-01 -4.719287999999999816e-01 -3.247468379077785711e-02 9.974130633515608801e-01 -6.412936900004825858e-02 -9.532799999999999607e-02 4.505091927768696825e-01 7.188310649731410873e-02 8.898731854729802215e-01 1.505783799999999895e+00
8.845918777257301135e-01 -3.089102259827090219e-04 -4.663658589949946087e-01 -5.139386999999999706e-01 -3.040311288337591705e-02 9.978343525131690983e-01 -5.832885796606512852e-02 -1.014007999999999993e-01 4.653738933252139498e-01 6.577620784977636359e-02 8.826667717163909632e-01 1.585637200000000080e+00
8.781194389485982299e-01 -5.038109551295660848e-04 -4.784412159451990609e-01 -5.572422000000000208e-01 -2.972469795231660536e-02 9.980101765599620478e-01 -5.560692236041349379e-02 -1.068915000000000004e-01 4.775172177756972225e-01 6.305104009669468268e-02 8.763571606773590261e-01 1.665478800000000037e+00
8.723971760751767501e-01 -2.322216318797592702e-03 -4.887921587826729586e-01 -6.034277000000000113e-01 -2.756832573808299519e-02 9.981632104676320116e-01 -5.394620176572741121e-02 -1.133178999999999992e-01 4.880196252119949896e-01 6.053769553194382480e-02 8.707307464581836021e-01 1.747998399999999952e+00
8.688861093497958210e-01 -3.523774501196322642e-03 -4.949995070626226346e-01 -6.528682000000000096e-01 -2.729956421457963717e-02 9.981117104490816461e-01 -5.502496940573947670e-02 -1.188743000000000022e-01 4.942587002498476378e-01 6.132370241328585769e-02 8.671492032802994299e-01 1.834291099999999952e+00
8.683037269836061389e-01 -3.199740341837476257e-03 -4.960225794942443311e-01 -6.780618000000000478e-01 -2.730327542988782857e-02 9.981548908308053303e-01 -5.423416876234641443e-02 -1.217705000000000037e-01 4.952808989423868047e-01 6.063477197357804854e-02 8.666142484234454768e-01 1.878053500000000042e+00
8.678682117032100463e-01 -3.473826722459640026e-03 -4.967823463479500989e-01 -7.301094999999999668e-01 -2.561003051925239693e-02 9.983331338676677547e-01 -5.172117708216267262e-02 -1.279572999999999960e-01 4.961339470867472401e-01 5.760977651287838008e-02 8.663326267654133384e-01 1.967131100000000021e+00
8.659182432174450383e-01 -8.207207963986504554e-03 -5.001182238237771305e-01 -7.811905999999999572e-01 -2.130680812742227759e-02 9.983525568897493319e-01 -5.327468516210027982e-02 -1.338213000000000041e-01 4.997315439219691124e-01 5.678744481956880807e-02 8.643168227682656024e-01 2.056157400000000024e+00
8.641736232103817139e-01 -8.297503069715253879e-03 -5.031253326858518005e-01 -8.070696000000000536e-01 -2.031669669983281190e-02 9.984733755361152596e-01 -5.136292613084611491e-02 -1.369382000000000099e-01 5.027834332818137408e-01 5.460833075936141756e-02 8.626857767629115825e-01 2.100659100000000112e+00
8.592498228059449739e-01 -8.708940351442746516e-03 -5.114820586940536096e-01 -8.613874000000000253e-01 -1.561430576946053021e-02 9.989427027128325864e-01 -4.323968260890827947e-02 -1.433316000000000034e-01 5.113178419176178657e-01 4.514012687993184531e-02 8.582053562417176762e-01 2.191406999999999883e+00
8.497035059172917126e-01 -1.207746673682648202e-02 -5.271224590444650859e-01 -9.156488000000000405e-01 -1.297389544236897223e-02 9.989560027061122893e-01 -4.380162890208755266e-02 -1.494551000000000074e-01 5.271011573397589300e-01 4.405722931195928116e-02 8.486597259658549275e-01 2.280656099999999853e+00
8.435071966197473792e-01 -1.628195900149555925e-02 -5.368710339194771031e-01 -9.441707999999999767e-01 -1.055206996755794942e-02 9.988451954865616988e-01 -4.687141210601700886e-02 -1.524445000000000106e-01 5.370142112366249609e-01 4.520147414062879870e-02 8.423613023313806236e-01 2.325485700000000211e+00
8.314257365026573865e-01 -1.382718963424885150e-02 -5.554638183606850355e-01 -1.002367999999999926e+00 -1.080518551607260666e-02 9.990989143291495456e-01 -4.104396852495955511e-02 -1.582213000000000092e-01 5.555308206094211609e-01 4.012690136470965091e-02 8.305271453359546197e-01 2.413153900000000185e+00
8.261783972513595531e-01 -9.212083079902944754e-03 -5.633332880635615325e-01 -1.032806200000000008e+00 -1.402057013694233897e-02 9.992205115469359189e-01 -3.690247846574479240e-02 -1.607057000000000069e-01 5.632341249677701445e-01 3.838628438920134445e-02 8.254052420736021078e-01 2.457016700000000053e+00
8.190361565181391024e-01 -1.089190451244441762e-02 -5.736385105029876419e-01 -1.093505299999999902e+00 -1.652467635930487955e-02 9.989571877474232586e-01 -4.256139235245610247e-02 -1.662469000000000030e-01 5.735038878571049326e-01 4.433850994171174148e-02 8.180020703818139394e-01 2.542252799999999979e+00
8.159379173149926556e-01 -1.286553458332744156e-02 -5.779963608082300253e-01 -1.123954300000000073e+00 -1.949570181920379230e-02 9.985714830251963825e-01 -4.974847635291731324e-02 -1.689190999999999887e-01 5.778107239384270288e-01 5.186011288789569434e-02 8.145215135237409143e-01 2.584599299999999822e+00
8.092744636000135383e-01 -1.245131774954953870e-02 -5.872987376550454774e-01 -1.186216600000000065e+00 -1.894403528445280649e-02 9.987021332568749576e-01 -4.727761156518645036e-02 -1.752264000000000044e-01 5.871251707192016722e-01 4.938637174835783239e-02 8.079882549848613760e-01 2.670167199999999852e+00
8.031136441495850820e-01 -8.293001066866225596e-03 -5.957681602050235448e-01 -1.249156399999999945e+00 -1.886620310404926379e-02 9.990478089221488389e-01 -3.933880867909353429e-02 -1.805460000000000120e-01 5.955271118607534664e-01 4.283341710812386960e-02 8.021924690606557773e-01 2.753851699999999791e+00
8.000736810117951014e-01 -8.081137209727733833e-03 -5.998473140505291568e-01 -1.281119499999999967e+00 -1.985058762166560728e-02 9.990050715581060281e-01 -3.993521218496315361e-02 -1.832953999999999972e-01 5.995732308261527699e-01 4.385843388199135717e-02 7.991172496286811366e-01 2.796125200000000088e+00
7.962723135016360754e-01 -9.423781632960424523e-03 -6.048649395447602828e-01 -1.313084200000000035e+00 -1.980034782124672627e-02 9.989368999068745092e-01 -4.162951153449470643e-02 -1.862586999999999993e-01 6.046142149973898761e-01 4.512496364737876575e-02 7.952392021768750485e-01 2.838174299999999928e+00
7.922873407614866581e-01 -1.208071650415588200e-02 -6.100285451991883656e-01 -1.345727799999999919e+00 -1.885919172421923404e-02 9.988413851323879600e-01 -4.427435187918382642e-02 -1.890827999999999953e-01 6.098566229505105740e-01 4.658265380545491274e-02 7.911415523203417788e-01 2.880644600000000111e+00
7.877402844245041669e-01 -1.384806498764202219e-02 -6.158518290878897128e-01 -1.379037899999999928e+00 -1.729141736133297386e-02 9.988562554257850445e-01 -4.457788557586687961e-02 -1.920025999999999955e-01 6.157647693563162994e-01 4.576474727207538451e-02 7.865998580769548720e-01 2.923012500000000014e+00
7.831279961995374350e-01 -1.365278134302133455e-02 -6.217106586910803312e-01 -1.412917699999999943e+00 -1.717857291723556140e-02 9.989024713869337768e-01 -4.357464044146752702e-02 -1.951048999999999978e-01 6.216232284921667794e-01 4.480462273778906823e-02 7.820339555161911482e-01 2.965769100000000158e+00
7.729095307243895041e-01 -1.541461278507942970e-02 -6.343289738204381800e-01 -1.480957400000000090e+00 -1.650793320727370408e-02 9.988779770117585111e-01 -4.438778190134125279e-02 -2.005933000000000022e-01 6.343014626001016731e-01 4.477920001052848598e-02 7.717878450648136823e-01 3.047719700000000032e+00
7.673778905691377439e-01 -1.673820819590100123e-02 -6.409766028897241341e-01 -1.515684000000000031e+00 -1.594281056706769312e-02 9.988520730837119332e-01 -4.517037621709174555e-02 -2.035401000000000016e-01 6.409968797559650877e-01 4.488171657547965210e-02 7.662301427510896934e-01 3.089523100000000078e+00
7.558891012078996496e-01 -1.957092693063866920e-02 -6.544070946239728404e-01 -1.585242700000000005e+00 -1.437164760280317324e-02 9.988162375729515707e-01 -4.647127398505617596e-02 -2.102041000000000048e-01 6.545419180008982263e-01 4.453203767726016810e-02 7.547130416257669117e-01 3.170440000000000147e+00
7.497684721426075560e-01 -2.232443756697285661e-02 -6.613235650332279780e-01 -1.621532799999999996e+00 -1.234578215866033793e-02 9.987847832665306402e-01 -4.771308393009553173e-02 -2.130795000000000050e-01 6.615850813340872216e-01 4.393832270976860688e-02 7.485817283060156591e-01 3.211076300000000217e+00
7.434544750246331324e-01 -2.338871217617618375e-02 -6.683774470376653287e-01 -1.657989399999999947e+00 -1.153187007019833982e-02 9.987913998858833908e-01 -4.777819049191082273e-02 -2.164886000000000033e-01 6.686871163246164151e-01 4.322855140687970749e-02 7.422862202713529367e-01 3.251857300000000173e+00
7.304744421320482628e-01 -2.471583477484212005e-02 -6.824926497063946718e-01 -1.732315999999999967e+00 -8.496782329875040077e-03 9.989386630890375596e-01 -4.526977000079734220e-02 -2.227557000000000009e-01 6.828871752214354940e-01 3.886740147307345822e-02 7.294891575759157032e-01 3.331615000000000215e+00
7.241475567137192204e-01 -2.582857547241601548e-02 -6.891612298980670515e-01 -1.769540499999999961e+00 -8.474355176831397871e-03 9.988897212860807784e-01 -4.634123448239906018e-02 -2.257173000000000096e-01 6.895929969263664416e-01 3.939808876178500785e-02 7.231246705734986069e-01 3.370912600000000037e+00
7.108736509421949012e-01 -2.771477567929023916e-02 -7.027734653536380494e-01 -1.846516999999999964e+00 -8.378933015396375014e-03 9.988186599097780283e-01 -4.786520758921473939e-02 -2.318950999999999929e-01 7.032698243758493950e-01 3.991460666324725404e-02 7.098016471503008074e-01 3.450282599999999977e+00
7.054974930185183846e-01 -2.738059799147050249e-02 -7.081833026824445598e-01 -1.885796400000000039e+00 -8.512934936687277868e-03 9.988539272683228942e-01 -4.709948958759168497e-02 -2.351782000000000039e-01 7.086612853002124401e-01 3.925729020548170828e-02 7.044558523302744124e-01 3.488881099999999957e+00
7.005756199704732401e-01 -2.688490357800542296e-02 -7.130715270311868137e-01 -1.926294600000000079e+00 -9.596189055218974986e-03 9.988446766019966061e-01 -4.708742060751794356e-02 -2.384266999999999914e-01 7.135136395743276738e-01 3.983106806820727042e-02 6.995082359471846978e-01 3.528148900000000143e+00
6.901431119609416909e-01 -2.966105115564841160e-02 -7.230648014232260445e-01 -2.007350199999999862e+00 -9.763869982157079297e-03 9.986870931086013758e-01 -5.028674677550136474e-02 -2.453916999999999904e-01 7.236070424310688809e-01 4.176496261980695845e-02 6.889474116661788994e-01 3.605823800000000023e+00
6.847993433582748590e-01 -3.304077408923525999e-02 -7.279822570527798575e-01 -2.047935700000000026e+00 -8.354318076161035278e-03 9.985500098303994321e-01 -5.317972580966941892e-02 -2.483991000000000116e-01 7.286837892430144681e-01 4.249923664365527071e-02 6.835303579060323376e-01 3.644256400000000173e+00
6.749278266149431049e-01 -3.333806735502677782e-02 -7.371302477349990223e-01 -2.132538799999999846e+00 -8.243077813437681492e-03 9.985758442514524047e-01 -5.270991316309025371e-02 -2.553157999999999817e-01 7.378377060905676466e-01 4.165160912294508383e-02 6.736918159874576428e-01 3.721669200000000011e+00
6.700013604908862108e-01 -3.301605083848936639e-02 -7.416253213903850616e-01 -2.175273400000000024e+00 -8.160465516187886265e-03 9.986226042946338977e-01 -5.182953785595955515e-02 -2.587797000000000014e-01 7.423150165144988266e-01 4.077786873824478658e-02 6.688090771500083687e-01 3.759700500000000112e+00
6.596813783479194004e-01 -3.559838754921101217e-02 -7.507018275353305459e-01 -2.260903400000000119e+00 -6.062705886279952036e-03 9.985929858762906397e-01 -5.268104171341707331e-02 -2.659292999999999796e-01 7.515209396007043186e-01 3.930398659895077695e-02 6.585373747776990250e-01 3.835466900000000123e+00
6.553549940379557182e-01 -3.642249838124918260e-02 -7.544423327207845364e-01 -2.304597600000000135e+00 -4.987285867873687134e-03 9.986062426697298600e-01 -5.254235511201110070e-02 -2.694463999999999748e-01 7.553045470333030753e-01 3.819651440527620928e-02 6.542599387996366200e-01 3.873169199999999979e+00
6.470910084928445105e-01 -3.976596713761688939e-02 -7.613750026007705118e-01 -2.392409600000000136e+00 -1.457598482771840787e-03 9.985724912533786579e-01 -5.339339957976105278e-02 -2.769020999999999844e-01 7.624113732981535607e-01 3.566016782954029019e-02 6.461093176049952369e-01 3.947749899999999812e+00
6.429001349180755165e-01 -4.450478545332917091e-02 -7.646559622431996495e-01 -2.436645500000000020e+00 1.816859092921643132e-03 9.983963324680352747e-01 -5.658146637736354012e-02 -2.806020000000000181e-01 7.659478543251863059e-01 3.498696022991126808e-02 6.419499957695411485e-01 3.984719800000000145e+00
6.378640885753957823e-01 -4.856022283396291273e-02 -7.686164903670721360e-01 -2.481493899999999808e+00 5.493273414299754132e-03 9.982716640646231987e-01 -5.851075689857192230e-02 -2.841769000000000100e-01 7.701293582594260778e-01 3.309969008863831996e-02 6.370283997303108903e-01 4.022219699999999953e+00
6.227487303149636944e-01 -5.560040200311423125e-02 -7.804438571660312629e-01 -2.571167700000000167e+00 1.552497490511658279e-02 9.981536192944024943e-01 -5.872246115142325945e-02 -2.925361000000000211e-01 7.822678531329891882e-01 2.445296682566359264e-02 6.224620939206875203e-01 4.094678400000000273e+00
6.047981513377357343e-01 -5.552515808131362751e-02 -7.944407800198215464e-01 -2.664083999999999897e+00 1.894967084791282161e-02 9.982873833122931639e-01 -5.534627624556573422e-02 -2.999844999999999873e-01 7.961533182203118786e-01 1.841893426721107063e-02 6.048145474004797961e-01 4.166234499999999841e+00
5.858808170145487493e-01 -5.680518684108907396e-02 -8.084038835893317954e-01 -2.759438499999999905e+00 1.770950337718576323e-02 9.981995161798191685e-01 -5.730706229173192223e-02 -3.076836000000000015e-01 8.102037038575536920e-01 1.925867716962817444e-02 5.858319397311635424e-01 4.235832699999999562e+00
5.654707099408925464e-01 -6.071080744982657734e-02 -8.225308955034656977e-01 -2.856145099999999992e+00 1.841009837742817873e-02 9.979677709112249051e-01 -6.100324991518402129e-02 -3.156989000000000045e-01 8.245628808506216822e-01 1.935267633354790726e-02 5.654392358530248019e-01 4.303738599999999970e+00
5.455510064668495085e-01 -6.154337256234943682e-02 -8.358148794061154296e-01 -2.956289099999999781e+00 2.236786320611883899e-02 9.980140484413582147e-01 -5.888665221663209881e-02 -3.241855000000000153e-01 8.377790747199406196e-01 1.343027949605226853e-02 5.458441623339558291e-01 4.369163499999999978e+00
5.243123501026497602e-01 -6.375366938256764315e-02 -8.491360486813022135e-01 -3.057820800000000006e+00 2.342454450129956289e-02 9.978957986822799553e-01 -6.045879329891806764e-02 -3.324326000000000225e-01 8.512037654079915860e-01 1.180866683893323429e-02 5.247024920302398865e-01 4.433096400000000159e+00
5.041872715279400730e-01 -6.515731153251147489e-02 -8.611328120464734059e-01 -3.160387300000000010e+00 2.127752681037240606e-02 9.977842114960374653e-01 -6.303914769462384826e-02 -3.414170999999999734e-01 8.633321852462385593e-01 1.346075937998902905e-02 5.044564856108689765e-01 4.493947499999999984e+00
4.945920732560211142e-01 -6.486961031699768621e-02 -8.667009949974856520e-01 -3.212216600000000088e+00 2.021620901111833776e-02 9.977995671818027379e-01 -6.314529772695737231e-02 -3.458823999999999788e-01 8.688900885414273523e-01 1.370975525413116805e-02 4.948151742270465725e-01 4.523577699999999702e+00
4.771343212747436446e-01 -6.153408945940414682e-02 -8.766734827152534715e-01 -3.316705499999999862e+00 2.040226035932000276e-02 9.980524444433910292e-01 -5.894968967520096415e-02 -3.542290000000000161e-01 8.785935278807374127e-01 1.024079952806535021e-02 4.774605101902206217e-01 4.581512899999999888e+00
4.694621692769978538e-01 -6.201085843907086503e-02 -8.807723457587579574e-01 -3.369184000000000179e+00 2.065570395311177795e-02 9.980290568287047970e-01 -5.925659136170029206e-02 -3.584391000000000105e-01 8.827109456169313084e-01 9.625755100543729320e-03 4.698177639540757067e-01 4.609314399999999701e+00
4.548018496138205302e-01 -6.828059529587604537e-02 -8.879713046567937473e-01 -3.475499899999999975e+00 2.506697660175333589e-02 9.976430388907684410e-01 -6.387498443710068474e-02 -3.672221999999999986e-01 8.902398127874840972e-01 6.791705149187150792e-03 4.554414874265096946e-01 4.664533099999999877e+00
4.484980527187016341e-01 -7.134035386726511607e-02 -8.909321245850472248e-01 -3.528505599999999909e+00 2.593301845503611855e-02 9.974284337343245488e-01 -6.681315837544993252e-02 -3.714555999999999969e-01 8.934075079499519401e-01 6.861012198326944811e-03 4.491947809695376881e-01 4.691334200000000010e+00
4.432622600977439431e-01 -7.469964687351118848e-02 -8.932740517500843414e-01 -3.581994499999999970e+00 2.825021085673118382e-02 9.971908309003459925e-01 -6.937126461891621187e-02 -3.764911000000000230e-01 8.959467028565872848e-01 5.514483226032956820e-03 4.441273422287346229e-01 4.717569400000000357e+00
4.382663808069467981e-01 -7.579675360352017277e-02 -8.956435851372731571e-01 -3.634933000000000192e+00 3.074166983138823528e-02 9.971191967276030743e-01 -6.934159828903227463e-02 -3.811717000000000022e-01 8.983192802062963667e-01 2.856511940612461997e-03 4.393339403565070800e-01 4.743659499999999696e+00
4.336757342229000667e-01 -7.317134353845082539e-02 -8.980931533148476253e-01 -3.688318699999999950e+00 3.241630054421067164e-02 9.973191642093057752e-01 -6.560234873751928653e-02 -3.858937000000000062e-01 9.004857250424661563e-01 -6.627108190615516037e-04 4.348850650564057840e-01 4.769983299999999815e+00
4.298093193180002602e-01 -7.127231957182901534e-02 -9.001023305659464624e-01 -3.741505099999999917e+00 3.555781939533741998e-02 9.974425080268758403e-01 -6.200068274546817471e-02 -3.906541000000000041e-01 9.022192585548404198e-01 -5.357204859505266398e-03 4.312443737010923650e-01 4.795635200000000431e+00
4.264851658399645973e-01 -7.068511228714617622e-02 -9.017283505687350154e-01 -3.794647900000000185e+00 3.693028896464786714e-02 9.974712049074017095e-01 -6.072354681310997149e-02 -3.949485999999999830e-01 9.037403150659184536e-01 -7.403396621138608885e-03 4.280170938677854142e-01 4.820700600000000335e+00
4.234648762896597307e-01 -7.040357628455923278e-02 -9.031726496054491848e-01 -3.847644600000000192e+00 3.882537474407822542e-02 9.974699709866331476e-01 -5.955037578309018559e-02 -3.996679000000000204e-01 9.050801560220868014e-01 -9.848524065544587980e-03 4.251269430990763931e-01 4.845687899999999715e+00
4.211560625998166940e-01 -6.992572586840416216e-02 -9.042886507068392810e-01 -3.900974000000000164e+00 4.097042305816663704e-02 9.974726108208562536e-01 -5.805010849825693875e-02 -4.037489000000000217e-01 9.060623573297006406e-01 -1.260093345753983754e-02 4.229565238959490658e-01 4.870303599999999733e+00
4.185622565652571403e-01 -6.891302323941442265e-02 -9.055697833999342139e-01 -3.953713700000000220e+00 4.220132092969608451e-02 9.975157212485872282e-01 -5.640420528382289467e-02 -4.079499999999999793e-01 9.072070799386370288e-01 -1.460756961012907307e-02 4.204306518550908756e-01 4.895035299999999978e+00
4.133198399056919881e-01 -6.994425340369972433e-02 -9.078956500370140015e-01 -4.058013400000000104e+00 4.669749477043824704e-02 9.973617532814443853e-01 -5.557766703927263796e-02 -4.162680999999999742e-01 9.093877357444942744e-01 -1.942509992670307314e-02 4.154956216018883541e-01 4.943502900000000366e+00
4.108399056719880815e-01 -6.930586374240042813e-02 -9.090694523293318952e-01 -4.109336899999999737e+00 5.031926742398225294e-02 9.973103403865194450e-01 -5.329217845086259980e-02 -4.201197999999999877e-01 9.103178253958039701e-01 -2.384915531092560853e-02 4.132223064617999153e-01 4.967073899999999931e+00
4.069037038050512534e-01 -6.957393090536921620e-02 -9.108176787744659553e-01 -4.211578799999999845e+00 5.389053300799646895e-02 9.971869519514714453e-01 -5.209600090071891260e-02 -4.279109999999999858e-01 9.118800284477368567e-01 -2.788639446232826086e-02 4.095084403550752761e-01 5.013066300000000197e+00
4.056870568918129472e-01 -7.141815182020716524e-02 -9.112175697719204770e-01 -4.310973599999999628e+00 5.466015415696746232e-02 9.970540232772105993e-01 -5.381024265197199147e-02 -4.356767999999999752e-01 9.123761721011764969e-01 -2.797717386215759633e-02 4.083956394535709356e-01 5.056899500000000103e+00
4.056294921654637342e-01 -7.228167874862813369e-02 -9.111751061145535457e-01 -4.359082700000000088e+00 5.399522587877307600e-02 9.970223194087021179e-01 -5.505461091672864127e-02 -4.393687000000000009e-01 9.124413573857160786e-01 -2.686733180225052420e-02 4.083245226703137165e-01 5.078737300000000232e+00
4.120394038020495642e-01 -7.209697118249963621e-02 -9.083091744889300045e-01 -4.454233600000000237e+00 4.956756843043209210e-02 9.971620877820004392e-01 -5.666415842608534675e-02 -4.471090999999999815e-01 9.098167869820528164e-01 -2.167481110764022528e-02 4.144437436964178989e-01 5.121434700000000007e+00
4.221105527200524898e-01 -7.300681586764609654e-02 -9.035998484502082428e-01 -4.547484400000000093e+00 4.897205962906556187e-02 9.971328693466312565e-01 -5.768689837598530573e-02 -4.547829999999999928e-01 9.052206463940485337e-01 -1.990089710092555336e-02 4.244756007552369370e-01 5.165256499999999917e+00
4.370953188697161984e-01 -7.085631268099003288e-02 -8.966197996784562863e-01 -4.639545400000000264e+00 4.642212556898978049e-02 9.973405548159823830e-01 -5.618544274992790660e-02 -4.618165000000000187e-01 8.982163817699152508e-01 -1.706460291369982923e-02 4.392221884736240423e-01 5.209381600000000390e+00
4.464147761172229667e-01 -7.070692675663152460e-02 -8.920282384391438057e-01 -4.684251299999999674e+00 4.682876393608104149e-02 9.973532311168842313e-01 -5.562013348536415380e-02 -4.655719999999999859e-01 8.935999745593261601e-01 -1.694293036470597910e-02 4.485443373605648709e-01 5.231207799999999963e+00
4.653487646578137737e-01 -7.125855106808427764e-02 -8.822543545549230704e-01 -4.772362700000000402e+00 4.537319271949049465e-02 9.973640503712984939e-01 -5.662353229354201434e-02 -4.725277999999999978e-01 8.839636873842084963e-01 -1.368100605346862439e-02 4.673553567249211227e-01 5.276951300000000344e+00
4.755956557844298604e-01 -7.261608327427147846e-02 -8.766616660085474466e-01 -4.816033400000000242e+00 4.339674114655328596e-02 9.973103096987818716e-01 -5.906664901938256385e-02 -4.760372999999999966e-01 8.785929063319580790e-01 -9.952417717517106355e-03 4.774677521306951444e-01 5.300700199999999640e+00
4.872347682993885543e-01 -7.311185739082483315e-02 -8.702051119529836676e-01 -4.858954899999999633e+00 4.181680626781968113e-02 9.972993788848225627e-01 -6.037634958745504571e-02 -4.799887999999999932e-01 8.722692447139248628e-01 -6.971741877797706100e-03 4.889762361724632189e-01 5.324343700000000013e+00
4.998631894311466595e-01 -7.124433304147947954e-02 -8.631691820617766187e-01 -4.901886499999999813e+00 3.960580231250702965e-02 9.974487485446759116e-01 -5.939170354386627548e-02 -4.837073000000000067e-01 8.651983427370306678e-01 -4.498781627800967770e-03 5.014096017119749060e-01 5.348617100000000235e+00
5.131562133633711387e-01 -6.855181315223676797e-02 -8.555532418266599270e-01 -4.944213399999999758e+00 3.815490014424492704e-02 9.976418752880737983e-01 -5.705166313682930035e-02 -4.873912000000000244e-01 8.574467355361200527e-01 -3.367133088603285751e-03 5.145617146010910137e-01 5.373306300000000313e+00
5.253015591038661114e-01 -6.635369934497181710e-02 -8.483250901548795575e-01 -4.985759700000000016e+00 3.776089644845594812e-02 9.977906433810725950e-01 -5.466211375892948698e-02 -4.909275000000000166e-01 8.500778709638643349e-01 -3.319422302486902537e-03 5.266465557972646039e-01 5.398948700000000045e+00
5.374736623876461561e-01 -6.514736184140246245e-02 -8.407603008496036257e-01 -5.026732400000000212e+00 3.684589180689241267e-02 9.978734859002418300e-01 -5.376696378125207787e-02 -4.944559000000000037e-01 8.424751880599008480e-01 -2.080236141661324228e-03 5.387311297122430176e-01 5.424519499999999717e+00
5.489326360665830462e-01 -6.505750537681187495e-02 -8.333309558963585273e-01 -5.067164400000000235e+00 3.620737692104244315e-02 9.978813906816784707e-01 -5.405326990753453464e-02 -4.978062999999999794e-01 8.350820240655943971e-01 -5.011240817505910328e-04 5.501252238874025924e-01 5.451102299999999623e+00
5.718326938565085893e-01 -6.697945526913798298e-02 -8.176314101162320824e-01 -5.146040900000000029e+00 3.780111079774232941e-02 9.977540996089824255e-01 -5.529767387445422289e-02 -5.045471999999999735e-01 8.194988994863052767e-01 7.136422901098497806e-04 5.730803123955807710e-01 5.504529500000000297e+00
5.826514787696228659e-01 -6.586833471095498993e-02 -8.100485274167081862e-01 -5.184051499999999812e+00 3.728454036123279858e-02 9.978272740021255638e-01 -5.431937322483211539e-02 -5.082128999999999674e-01 8.118664405785125382e-01 1.446976120262039034e-03 5.838414073380578939e-01 5.531673900000000366e+00
5.936146795216213912e-01 -6.361246109184849618e-02 -8.022313052046029513e-01 -5.221807000000000087e+00 3.640571837905288988e-02 9.979730926140230052e-01 -5.219511555411826542e-02 -5.114157999999999760e-01 8.039255164041926305e-01 1.777979820113101406e-03 5.947273348871828791e-01 5.559224099999999780e+00
6.034452168322130827e-01 -6.095821484252796074e-02 -7.950710448290363441e-01 -5.258770900000000026e+00 3.684902181537395849e-02 9.981403187989249526e-01 -4.855979385490371419e-02 -5.145583999999999714e-01 7.965525844999647997e-01 5.585056422598155823e-06 6.045692516951499673e-01 5.587377100000000318e+00
6.139497176060573214e-01 -5.900719599636616158e-02 -7.871365161597376758e-01 -5.295073499999999989e+00 3.537634505965923243e-02 9.982568862516778552e-01 -4.724090665222877017e-02 -5.176184999999999814e-01 7.885520011144873109e-01 1.157528293865065644e-03 6.149669923390901349e-01 5.615152799999999722e+00
6.242630161562242597e-01 -5.850766111382180168e-02 -7.790202438002006291e-01 -5.330669900000000183e+00 3.392857527635405324e-02 9.982811683452713636e-01 -4.778661639953825369e-02 -5.208021999999999929e-01 7.804771223035628092e-01 3.400370301897447795e-03 6.251750947075223053e-01 5.643184200000000317e+00
6.336394819463051498e-01 -5.807965408400331958e-02 -7.714452415436240384e-01 -5.365295399999999937e+00 3.166928664738597604e-02 9.982894039161175348e-01 -4.914592874337062045e-02 -5.234539999999999749e-01 7.729799888755618520e-01 6.709680341512445911e-03 6.343949219434619202e-01 5.671493100000000176e+00
6.434037797628697763e-01 -5.714187560093669099e-02 -7.633913689842580785e-01 -5.399482700000000079e+00 3.124442096605532099e-02 9.983394835900381015e-01 -4.839485162361707726e-02 -5.264223000000000097e-01 7.648891176800388658e-01 7.285709161301043291e-03 6.441207620444076021e-01 5.699534899999999737e+00
6.526793329020447176e-01 -5.508260475084134772e-02 -7.556292709102820915e-01 -5.432583300000000115e+00 3.080442890246695015e-02 9.984582234883551122e-01 -4.617643455779857353e-02 -5.292402999999999968e-01 7.570077777424315535e-01 6.861676350600167534e-03 6.533698354187502666e-01 5.727901000000000131e+00
6.613991661309308601e-01 -5.322846867246837366e-02 -7.481429496854817840e-01 -5.465270499999999920e+00 3.097081317070789208e-02 9.985660362516731725e-01 -4.366554678653812582e-02 -5.319821999999999607e-01 7.493943900062599583e-01 5.709760713576084862e-03 6.620992726621434121e-01 5.756658100000000111e+00
6.695783037647886626e-01 -5.286523363574531509e-02 -7.408577206185454900e-01 -5.497632499999999922e+00 3.157090783366234277e-02 9.985880302533004516e-01 -4.272263584321622093e-02 -5.346106999999999942e-01 7.420701940558097620e-01 5.216599224756222897e-03 6.703018828755453740e-01 5.785875800000000346e+00
6.774523909180929504e-01 -5.208482639046672219e-02 -7.337202661091177802e-01 -5.529168099999999697e+00 3.057810917104549636e-02 9.986217577902970488e-01 -4.265634896871790815e-02 -5.372696000000000138e-01 7.349307703987384421e-01 6.461867198601329437e-03 6.781113529453880462e-01 5.814753500000000130e+00
6.849978718394044153e-01 -5.094442574561134501e-02 -7.267617085819373379e-01 -5.560183499999999945e+00 2.976001572636862574e-02 9.986761748433999886e-01 -4.195520544725196699e-02 -5.398382999999999932e-01 7.279369869978122853e-01 7.110786567231599381e-03 6.856071613358061256e-01 5.843764799999999759e+00
6.922313487033039392e-01 -4.817578868393351116e-02 -7.200658673045722269e-01 -5.590613799999999856e+00 2.911353702613842659e-02 9.988213228785747244e-01 -3.883769978927339994e-02 -5.422031999999999963e-01 7.210881789588791113e-01 5.921009016632613337e-03 6.928179990574672154e-01 5.873053600000000429e+00
6.996795720024213683e-01 -4.579425781425706943e-02 -7.129876453864750774e-01 -5.620693700000000348e+00 2.826852022800330558e-02 9.989366898412230800e-01 -3.641950649279924318e-02 -5.442023999999999750e-01 7.138973226498525060e-01 5.326879039497167331e-03 7.002301315089711764e-01 5.902343300000000070e+00
7.071849894140663784e-01 -4.392417946268378087e-02 -7.056628495294029468e-01 -5.650189400000000362e+00 2.700560818947501246e-02 9.990181487745025679e-01 -3.512030104487230686e-02 -5.466389999999999860e-01 7.065126240016829096e-01 5.779695294377336368e-03 7.076768381461702173e-01 5.931503799999999771e+00
7.150242598459565224e-01 -4.336382774710159649e-02 -6.977534566556169437e-01 -5.679166799999999959e+00 2.651296030743343149e-02 9.990384075311086187e-01 -3.491880887778290449e-02 -5.487300000000000511e-01 6.985967153998640100e-01 6.468285771854294722e-03 7.154864013464512507e-01 5.960570299999999655e+00
7.322014346967109510e-01 -3.781088595057729984e-02 -6.800377900761916949e-01 -5.734980600000000095e+00 2.329590303214843297e-02 9.992639446072124620e-01 -3.047736717550746099e-02 -5.528701999999999783e-01 6.806896208478537824e-01 6.473477555873534753e-03 7.325433326147599011e-01 6.019190299999999993e+00
7.521055854112960182e-01 -3.177922806931928607e-02 -6.582759824393185077e-01 -5.787716900000000386e+00 1.947076058724873937e-02 9.994721786070491776e-01 -2.600487786229532111e-02 -5.564162000000000274e-01 6.587549452378220760e-01 6.741279833758948362e-03 7.523273737349434054e-01 6.077790300000000201e+00
7.622170240310941480e-01 -3.082670232522457740e-02 -6.465871346546685494e-01 -5.813571500000000114e+00 1.804239849855376540e-02 9.994890813797765450e-01 -2.638272273723260564e-02 -5.586136999999999908e-01 6.470700735883261334e-01 8.443377663133343550e-03 7.623837808086133538e-01 6.107830500000000384e+00
