1.000000000000000000e+00 0.000000000000000000e+00 0.000000000000000000e+00 0.000000000000000000e+00 0.000000000000000000e+00 1.000000000000000000e+00 0.000000000000000000e+00 0.000000000000000000e+00 0.000000000000000000e+00 0.000000000000000000e+00 1.000000000000000000e+00 0.000000000000000000e+00
9.999996435499847180e-01 4.855349623766225969e-04 6.907645790961792825e-04 -2.491999999999999858e-04 -4.848648305855708597e-04 9.999994120344678494e-01 -9.699674296879669212e-04 -1.400399999999999995e-03 -6.912351260498960032e-04 9.696321564924438976e-04 9.999992910034894988e-01 7.948629999999999585e-02
9.999986836733418816e-01 5.727757827622082182e-04 1.518084149847262259e-03 -1.325999999999999976e-04 -5.732238964160045599e-04 9.999997922639549675e-01 2.947650103067841814e-04 -2.875599999999999858e-03 -1.517915000226955713e-03 -2.956348244112060996e-04 9.999988042663363608e-01 1.576087999999999933e-01
9.999949146936798483e-01 1.041635098594740402e-03 3.014230100950318538e-03 -4.248000000000000257e-04 -1.048760844015421065e-03 9.999966571657826764e-01 2.363420815728659724e-03 -4.154299999999999660e-03 -3.011758202804385495e-03 -2.366570003514577650e-03 9.999926643025669470e-01 2.339910000000000045e-01
9.999881339155313187e-01 3.908318127791603398e-04 4.855849938742167957e-03 -4.672000000000000263e-04 -4.071647061967826448e-04 9.999942621512830643e-01 3.363016713171232928e-03 -5.401000000000000419e-03 -4.854507702691411228e-03 -3.364953938044487960e-03 9.999825552678203167e-01 3.099322999999999939e-01
9.999745098524974729e-01 6.480344259905644611e-04 7.110534202158440113e-03 -2.956999999999999776e-04 -6.779542059116407463e-04 9.999909240582769421e-01 4.206207218857581365e-03 -6.800999999999999754e-03 -7.107743900283731812e-03 -4.210920618583777891e-03 9.999658734797862714e-01 3.844430999999999821e-01
9.999457837118311820e-01 4.742362399124820291e-04 1.040215059113721273e-02 1.058999999999999991e-04 -5.125487604947552090e-04 9.999930945597511611e-01 3.680777985815171776e-03 -7.786399999999999745e-03 -1.040033320139589941e-02 -3.685910037087173751e-03 9.999391217151665234e-01 4.584457000000000115e-01
9.999003349469717250e-01 1.714020120485739676e-05 1.411806924290476620e-02 7.261999999999999792e-04 -4.285827703165585710e-05 9.999983404368241180e-01 1.821342023273826325e-03 -8.803800000000000514e-03 -1.411801459490819380e-02 -1.821765575247258394e-03 9.998986762837956954e-01 5.308005000000000084e-01
9.998426527698537347e-01 -3.256809370649926301e-05 1.773890192376886832e-02 1.273700000000000006e-03 3.302932327175276929e-05 9.999999991240801078e-01 -2.570804682329740120e-05 -9.984899999999999679e-03 -1.773890107096893348e-02 2.628990565946336339e-05 9.998426529697737042e-01 6.012195999999999652e-01
9.997617440585525594e-01 7.228019610993751277e-05 2.182773219037092982e-02 2.627299999999999948e-03 -9.011012512300485555e-05 9.999996631221257370e-01 8.158650626026584451e-04 -1.129430000000000017e-02 -2.182766586620418781e-02 -8.176375775828997666e-04 9.997614137741189788e-01 6.724354999999999638e-01
9.996302134808173756e-01 3.884002191926847901e-04 2.718980400012236190e-02 3.969000000000000306e-03 -4.047264162043655148e-04 9.999997411141379189e-01 5.949522545386528964e-04 -1.242910000000000022e-02 -2.718956588148043960e-02 -6.057366811456359364e-04 9.996301118865166258e-01 7.421434999999999560e-01
9.994320319857767920e-01 2.155732998365218669e-03 3.362984174838080931e-02 5.719300000000000078e-03 -2.150055444189361616e-03 9.999976676181864255e-01 -2.049872537641196158e-04 -1.365850000000000050e-02 -3.363020520853669815e-02 1.325648032223252675e-04 9.994343358741507588e-01 8.118598000000000203e-01
9.991617491013122798e-01 3.437299296020715749e-03 4.079196129577300489e-02 8.274300000000000058e-03 -3.430461081779293073e-03 9.999940877164004149e-01 -2.376320904895312777e-04 -1.473250000000000080e-02 -4.079253693474658993e-02 9.749765950152488887e-05 9.991676332951511252e-01 8.804111999999999494e-01
9.987665203778286482e-01 4.453081374020443316e-03 4.945308725085605095e-02 1.080389999999999996e-02 -4.496156714082010820e-03 9.999896035659354698e-01 7.598255363298328643e-04 -1.593129999999999893e-02 -4.944918955015181750e-02 -9.812371372893845430e-04 9.987761585192718172e-01 9.484582000000000290e-01
9.981828169796177486e-01 6.706851765349762517e-03 5.988390456568869202e-02 1.403650000000000037e-02 -6.815794995604107856e-03 9.999754677939581837e-01 1.615162169013681370e-03 -1.738639999999999977e-02 -5.987160282815873202e-02 -2.020383540801040829e-03 9.982040418797828440e-01 1.015575200000000011e+00
9.960796333104032785e-01 1.109378587567278786e-02 8.776270289341163433e-02 2.336449999999999985e-02 -1.131460257912589480e-02 9.999339495416182944e-01 2.018990484526825800e-03 -1.955509999999999887e-02 -8.773450787853635802e-02 -3.004075405993528874e-03 9.961393635723196915e-01 1.149434400000000078e+00
9.944947155838929076e-01 1.320091924477512398e-02 1.039518946763591939e-01 2.942379999999999995e-02 -1.362922069126243536e-02 9.999013001118104427e-01 3.410920412459949886e-03 -2.059959999999999916e-02 -1.038966073510623062e-01 -4.808925639287620589e-03 9.945764773083741739e-01 1.214385400000000059e+00
9.924783700786782292e-01 1.307095968009767094e-02 1.217203144056547975e-01 3.662950000000000234e-02 -1.367452192210679741e-02 9.998979925876547714e-01 4.124544748222825664e-03 -2.152890000000000012e-02 -1.216539862732496508e-01 -5.757988556738619958e-03 9.925558690530263961e-01 1.278138599999999903e+00
9.899606058971587297e-01 1.297722928960438026e-02 1.407465462869177120e-01 4.505710000000000270e-02 -1.360014675103139205e-02 9.999015107416668879e-01 3.464797956965655085e-03 -2.254830000000000029e-02 -1.406877207864312973e-01 -5.344187168991870220e-03 9.900395976340653492e-01 1.341603600000000007e+00
9.869547584233669957e-01 1.194754414113789395e-02 1.605539193369908968e-01 5.507469999999999727e-02 -1.248036281347698548e-02 9.999194476513524332e-01 2.310574097140254742e-03 -2.318850000000000078e-02 -1.605133806556867937e-01 -4.284203264313713594e-03 9.870243665851784476e-01 1.404252599999999962e+00
9.833283957533995867e-01 9.399965766202930673e-03 1.815954480394256498e-01 6.598959999999999548e-02 -9.949655697624761735e-03 9.999482616014792047e-01 2.116239985996551994e-03 -2.402069999999999900e-02 -1.815661599983439956e-01 -3.887771054707378753e-03 9.833710463399265578e-01 1.465890399999999927e+00
9.790731882766570138e-01 4.472227324116897010e-03 2.034593108720834931e-01 7.839050000000000185e-02 -5.382184922279292794e-03 9.999778352122351555e-01 3.919332814925650596e-03 -2.471430000000000154e-02 -2.034372730923320327e-01 -4.932369310299644302e-03 9.790755576817055106e-01 1.526907800000000037e+00
9.740013058047864991e-01 -1.280993062104607283e-03 2.265387722826836259e-01 9.239290000000000003e-02 3.317605801022389857e-05 9.999848087886776815e-01 5.511904500333212990e-03 -2.563500000000000154e-02 -2.265423915957451018e-01 -5.361086517345014200e-03 9.739865520434219937e-01 1.586678899999999892e+00
9.613650060719781676e-01 -1.238605939382135708e-02 2.749980193254456529e-01 1.245221999999999996e-01 1.199022268330262979e-02 9.999232456095795696e-01 3.120488681155633888e-03 -2.718280000000000002e-02 -2.750155625782479962e-01 2.973588692725273944e-04 9.614397286972660162e-01 1.702855800000000031e+00
9.444622096570601810e-01 -1.843744743238365583e-02 3.281024155075386584e-01 1.617576000000000014e-01 1.728473848192802267e-02 9.998299353078371476e-01 6.429485044517044105e-03 -2.864859999999999976e-02 -3.281651601637730065e-01 -4.012412047648978436e-04 9.446202764392583884e-01 1.814361499999999960e+00
9.229826829607175043e-01 -2.574373641409961194e-02 3.839794616774145353e-01 2.046829000000000010e-01 2.433046073390034147e-02 9.996675066461627734e-01 8.538432896048058982e-03 -2.949310000000000126e-02 -3.840716022242621208e-01 1.461571512292040870e-03 9.233021543208933535e-01 1.921589299999999945e+00
8.969530933213526458e-01 -2.600202936125128872e-02 4.413604454981816527e-01 2.520149999999999890e-01 2.902091610698222246e-02 9.995788005406749388e-01 -8.909532568060919006e-05 -3.110200000000000117e-02 -4.411722280578960209e-01 1.288859878971272341e-02 8.973298998761100043e-01 2.022230599999999878e+00
8.664309076544393085e-01 -2.830924890352928824e-02 4.984938000493311372e-01 3.067714999999999748e-01 3.228860409158659101e-02 9.994783826916103786e-01 6.392010478644865115e-04 -3.230469999999999869e-02 -4.982518723566638497e-01 1.554184540782848484e-02 8.668930284264593222e-01 2.119626999999999928e+00
8.281083386869269036e-01 -2.732947055956322369e-02 5.599014908321927608e-01 3.666185000000000138e-01 2.609102457418530779e-02 9.996075038846946592e-01 1.020277482254277474e-02 -3.372689999999999716e-02 -5.599605681062259643e-01 6.159400648133028788e-03 8.284963632689092972e-01 2.212660800000000094e+00
7.844477214761820250e-01 -1.441032531655283243e-02 6.200275113211490829e-01 4.323431999999999831e-01 1.971575953845512014e-02 9.998041680590191715e-01 -1.707148978409193420e-03 -3.452940000000000176e-02 -6.198814895580027073e-01 1.356348244676802012e-02 7.845782120650992564e-01 2.299591799999999964e+00
7.377672720421879493e-01 -1.454312052992299750e-02 6.748984738082317580e-01 5.032145999999999564e-01 2.005797343428386212e-02 9.997987455740794394e-01 -3.821651563401173499e-04 -3.608190000000000008e-02 -6.747570896293997311e-01 1.381904460334685766e-02 7.379104986386310072e-01 2.380672899999999981e+00
6.873662906006777762e-01 -1.284908609892641655e-02 7.261972759053058057e-01 5.788834000000000479e-01 2.107874488661264784e-02 9.997752597991235168e-01 -2.261947744771860766e-03 -3.792539999999999800e-02 -7.260050062223190048e-01 1.686211374701740429e-02 6.874826543703578263e-01 2.454748899999999789e+00
6.609345366593643023e-01 -1.008437210880841137e-02 7.503758016421121502e-01 6.188295999999999797e-01 2.072043063489057216e-02 9.997737160966548853e-01 -4.814598279186165300e-03 -3.844000000000000195e-02 -7.501574514761392143e-01 1.873024403088067308e-02 6.609939303453303827e-01 2.489684800000000031e+00
6.052905680027348412e-01 -6.656969373436354316e-03 7.959767666494341753e-01 7.019185000000000008e-01 1.936142525506090797e-02 9.997923109375332906e-01 -6.361619469855910036e-03 -4.058969999999999939e-02 -7.957691018750472356e-01 1.926187293457441718e-02 6.052937441870953617e-01 2.555934199999999823e+00
5.762140475345017832e-01 -1.336944815762686201e-04 8.172988153360388752e-01 7.450358999999999732e-01 1.812807283018806614e-02 9.997560603954648295e-01 -1.261715807950332044e-02 -4.167939999999999839e-02 -8.170977569418303998e-01 2.208623617381138757e-02 5.760759097309176013e-01 2.586894500000000097e+00
5.150791880176274207e-01 1.776727964600327211e-02 8.569584318069821682e-01 8.358155000000000445e-01 1.595204424476883917e-02 9.994132809460039013e-01 -3.030884612051314500e-02 -4.438670000000000115e-02 -8.569941437113292038e-01 2.928169466961782694e-02 5.144935568126784986e-01 2.644107099999999821e+00
4.506869287873763730e-01 2.280077552926599790e-02 8.923908431037752553e-01 9.326313999999999993e-01 1.137651067341837949e-02 9.994458656989110290e-01 -3.128156873067253207e-02 -4.784940000000000027e-02 -8.926095827544651140e-01 2.425048809030895536e-02 4.501777944349119043e-01 2.695329200000000203e+00
4.173792826869598405e-01 2.130115114567802254e-02 9.084826885216842340e-01 9.825371999999999995e-01 6.774797442989143569e-03 9.996245118512856465e-01 -2.655065772604137814e-02 -5.010980000000000295e-02 -9.087071236120717321e-01 1.723648067175874432e-02 4.170782507284774843e-01 2.718618399999999991e+00
3.829092143222729283e-01 2.272876037583160952e-02 9.235063275575742248e-01 1.033582299999999954e+00 2.556219549423211987e-03 9.996673811708883806e-01 -2.566306225984747030e-02 -5.190530000000000144e-02 -9.237824415568390846e-01 1.218730793554047807e-02 3.827237518061421540e-01 2.740375499999999853e+00
3.477385576029238812e-01 2.556314053953921001e-02 9.372429895187232018e-01 1.085816399999999904e+00 -4.391392440556994570e-03 9.996616908521840372e-01 -2.563629292595536596e-02 -5.387870000000000159e-02 -9.375812558006216824e-01 4.798925745220195341e-03 3.477331722499606981e-01 2.760520000000000085e+00
3.118505135553589769e-01 2.715755520321759889e-02 9.497429780686156287e-01 1.139124500000000095e+00 -9.090929884605362249e-03 9.996309536199343704e-01 -2.559905386403601990e-02 -5.584850000000000231e-02 -9.500876865790294223e-01 -6.509687279871462923e-04 3.119823136823994814e-01 2.778551300000000168e+00
2.756207165701065054e-01 2.661903811531918240e-02 9.608978340110857497e-01 1.193665399999999988e+00 -1.211470473517201052e-02 9.996333143890990813e-01 -2.421715698929802207e-02 -5.776579999999999909e-02 -9.611901240267507474e-01 -4.966243377029550335e-03 2.758421322063754344e-01 2.794777400000000078e+00
2.031863552890693925e-01 2.558749711998503998e-02 9.788056931870998678e-01 1.304531700000000072e+00 -1.212029792335369074e-02 9.996476215047968017e-01 -2.361633328972818219e-02 -6.156289999999999679e-02 -9.790650659698738600e-01 -7.064899924070583426e-03 2.034248848751539773e-01 2.820509899999999792e+00
1.681167642235617543e-01 2.439153025098952238e-02 9.854652742938303511e-01 1.361299299999999990e+00 -9.914149592045701231e-03 9.996851039291902996e-01 -2.305217169705763708e-02 -6.316270000000000218e-02 -9.857172328943355488e-01 -5.894593633080083203e-03 1.683056461947577409e-01 2.829922900000000130e+00
1.335214608581383744e-01 2.322277029600099824e-02 9.907737998302577065e-01 1.418631200000000092e+00 -1.599136128525925279e-03 9.997291662606057061e-01 -2.321716803394655720e-02 -6.553749999999999853e-02 -9.910446318173318225e-01 1.515608014375934356e-03 1.335224351125895437e-01 2.837220400000000087e+00
9.944875477394109209e-02 2.669624681495873925e-02 9.946845005226063741e-01 1.476382499999999931e+00 2.170195771189591116e-04 9.996394252433969951e-01 -2.685092924935976802e-02 -6.753860000000000419e-02 -9.950426614353855559e-01 2.886157488042214586e-03 9.940710245519956967e-02 2.843227900000000030e+00
6.663207076843569165e-02 3.184678330641915744e-02 9.972692462610805997e-01 1.533994099999999916e+00 1.174345297800409582e-03 9.994873045221929209e-01 -3.199607807345471178e-02 -6.941609999999999447e-02 -9.977769229934270179e-01 3.303103388490479311e-03 6.656050968684978919e-02 2.847366300000000017e+00
3.729032055740835044e-02 3.585809292796669767e-02 9.986609180118618534e-01 1.592161200000000054e+00 7.819923281360571451e-03 9.993149259976188414e-01 -3.617357430842604166e-02 -7.154119999999999924e-02 -9.992738767688261747e-01 9.158375944614315436e-03 3.698436639254143454e-02 2.849520399999999842e+00
1.233792044393645405e-02 3.390256093517789171e-02 9.993489841297460430e-01 1.651480000000000059e+00 1.019409123494666516e-02 9.993688515690779539e-01 -3.402909075182415644e-02 -7.419169999999999932e-02 -9.998719199092513943e-01 1.060730293424539533e-02 1.198452758553592012e-02 2.849444599999999994e+00
-1.003599363668862716e-02 3.073847385339369478e-02 9.994770758035865788e-01 1.710571599999999970e+00 1.205675864358595958e-02 9.994584753088228135e-01 -3.061683694266181463e-02 -7.675329999999999653e-02 -9.998769491306090940e-01 1.174318349202882125e-02 -1.040116525865641961e-02 2.848881700000000183e+00
-4.558224346171483449e-02 3.115778149051256010e-02 9.984745623868375164e-01 1.829372900000000080e+00 1.385313640547218214e-02 9.994370707739842485e-01 -3.055539517743987438e-02 -8.153639999999999499e-02 -9.988645302005315640e-01 1.243922084809204014e-02 -4.598821688176280009e-02 2.844662700000000211e+00
-5.960423036744443709e-02 3.580515959099818402e-02 9.975797342914338728e-01 1.888966700000000110e+00 1.698352440630636687e-02 9.992482256872879942e-01 -3.485029927485872037e-02 -8.371130000000000237e-02 -9.980775999996418513e-01 1.486519449822212673e-02 -6.016751923991059403e-02 2.840663399999999950e+00
-7.158294634264925071e-02 4.105541882158697531e-02 9.965893509255904226e-01 1.948913200000000012e+00 2.118039011862438495e-02 9.989897993662786302e-01 -3.963296401412874648e-02 -8.615399999999999447e-02 -9.972097436684662641e-01 1.827110690424714121e-02 -7.238020299201497476e-02 2.836116599999999988e+00
-8.026795395018528068e-02 4.440544761378959621e-02 9.957837173758515847e-01 2.008967600000000076e+00 2.681286294343777216e-02 9.987418795472220445e-01 -4.237603590779375623e-02 -8.928129999999999400e-02 -9.964126283570614584e-01 2.329837463646749346e-02 -8.135760437642847176e-02 2.830901900000000193e+00
-8.635381367109319639e-02 5.018259748480437960e-02 9.949998621980489233e-01 2.068873899999999821e+00 3.042855318311623453e-02 9.983974961650722291e-01 -4.771313029446735965e-02 -9.212359999999999993e-02 -9.957997399154312479e-01 2.615619546097362400e-02 -8.774241518995795630e-02 2.825755099999999853e+00
-8.974638997698491938e-02 5.446724909776604756e-02 9.944741848141761542e-01 2.129273899999999831e+00 3.252141837336196967e-02 9.981312990480746272e-01 -5.173265127158731269e-02 -9.588910000000000489e-02 -9.954335451616461716e-01 2.769889233028667228e-02 -9.135003300815769389e-02 2.820221200000000206e+00
-9.263190350834354936e-02 5.859604794778082437e-02 9.939747650807448931e-01 2.189837699999999998e+00 3.469340373128218524e-02 9.978506754800345879e-01 -5.559134088665995677e-02 -9.961530000000000384e-02 -9.950958236220062147e-01 2.933483609874013021e-02 -9.446570383531194270e-02 2.814547099999999968e+00
-9.504130394333915044e-02 6.160950171501077682e-02 9.935650053434740281e-01 2.250847799999999843e+00 3.519506279439183621e-02 9.976669705044622916e-01 -5.849720950051506135e-02 -1.034621000000000013e-01 -9.948509728093190008e-01 2.940893168539818886e-02 -9.698792005953593698e-02 2.808560599999999852e+00
-9.977129336421677874e-02 6.872079406505961219e-02 9.926344450418287391e-01 2.373496799999999851e+00 3.686578383507062295e-02 9.971824690931124779e-01 -6.533021747698081194e-02 -1.118674000000000057e-01 -9.943272112351433378e-01 3.007616658471341103e-02 -1.020236306005198879e-01 2.796553900000000148e+00
-1.020942996040373613e-01 7.010264138666547074e-02 9.923015537924819718e-01 2.434520000000000017e+00 3.970086073430005580e-02 9.970062561034975790e-01 -6.635033494597203374e-02 -1.164434000000000025e-01 -9.939821908089285785e-01 3.262123481874258657e-02 -1.045717906205286818e-01 2.790456100000000106e+00
-1.065789426547604779e-01 6.830575214671025241e-02 9.919552677446024092e-01 2.559292999999999818e+00 3.911045913597186591e-02 9.971534893816806910e-01 -6.446154357531129475e-02 -1.259540000000000104e-01 -9.935347507605192252e-01 3.192558280768686974e-02 -1.089470338908902214e-01 2.777461499999999806e+00
-1.102935965000032270e-01 7.171091601943185845e-02 9.913086638856477562e-01 2.683327699999999982e+00 3.786662777181379336e-02 9.969727567080919339e-01 -6.790759076170101161e-02 -1.349129000000000023e-01 -9.931774469208839440e-01 3.004774376757349610e-02 -1.126751615139417462e-01 2.762704400000000060e+00
-1.159190683304331532e-01 7.742691611674626384e-02 9.902362557784153418e-01 2.809284700000000079e+00 3.457284288630137203e-02 9.966674864854925264e-01 -7.388260903250280787e-02 -1.449012000000000078e-01 -9.926567826455244825e-01 2.567087928647714470e-02 -1.182096350747079416e-01 2.748996299999999948e+00
-1.177829316647543839e-01 8.123407200594125188e-02 9.897111732994576805e-01 2.871916999999999831e+00 3.110241823185097218e-02 9.964612926076154009e-01 -7.808669486469052567e-02 -1.503462000000000132e-01 -9.925521752475214843e-01 2.158513099552129139e-02 -1.198927084159806533e-01 2.741462499999999913e+00
-1.204351409505830667e-01 8.352625237146366066e-02 9.892010624685924070e-01 2.934797300000000053e+00 2.875717657328504678e-02 9.963294213773159491e-01 -8.062697373382973764e-02 -1.556566000000000061e-01 -9.923045911511981787e-01 1.873630867383774268e-02 -1.223950534847408900e-01 2.734200500000000034e+00
-1.231003307944710662e-01 8.197388844491719506e-02 9.890028261696280909e-01 2.998836299999999788e+00 2.659538109217626789e-02 9.964971716805064439e-01 -7.928475602102320885e-02 -1.609015000000000029e-01 -9.920377988075118614e-01 1.654292737007370673e-02 -1.248492582724253230e-01 2.726437600000000128e+00
-1.260429635280105043e-01 7.793678443926632671e-02 9.889585577648560832e-01 3.063027099999999781e+00 2.368940226417726169e-02 9.968613076571998244e-01 -7.554035687196422599e-02 -1.662163000000000113e-01 -9.917418936222481829e-01 1.390650665138638484e-02 -1.274936292812794969e-01 2.718598099999999906e+00
-1.284564402506981062e-01 7.591455238710612119e-02 9.888053012064531577e-01 3.127223700000000051e+00 2.358366313310807788e-02 9.970177090954290833e-01 -7.348128049596322486e-02 -1.718357000000000079e-01 -9.914346946679560846e-01 1.388050741030997376e-02 -1.298636890077030648e-01 2.710503600000000013e+00
-1.302779995159642767e-01 7.656931803273064885e-02 9.885164552895016055e-01 3.191434899999999963e+00 2.282750214005505388e-02 9.969808511790709815e-01 -7.421649094575187566e-02 -1.767276999999999876e-01 -9.912146830975439027e-01 1.289658552709350980e-02 -1.316325571185873455e-01 2.702182999999999780e+00
-1.314628753722183185e-01 7.922838882922343673e-02 9.881499758651995924e-01 3.255876100000000051e+00 2.454481775818487602e-02 9.967556755185184025e-01 -7.665295325582363595e-02 -1.820770999999999917e-01 -9.910171866925853168e-01 1.417694343458331119e-02 -1.329810135123301595e-01 2.693725600000000053e+00
-1.321468853240938823e-01 8.188572983924827242e-02 9.878420561748900708e-01 3.319976800000000061e+00 2.521478223247268502e-02 9.965371433193014328e-01 -7.923343197145360506e-02 -1.875174000000000007e-01 -9.909093881158407280e-01 1.443777107796183345e-02 -1.337540104452595857e-01 2.685257200000000122e+00
-1.326965925495870169e-01 8.273707494002115193e-02 9.876974186237896802e-01 3.385030700000000170e+00 2.402934766226828486e-02 9.964854972006758072e-01 -8.024490214118207287e-02 -1.927448999999999968e-01 -9.908653817631607463e-01 1.308549957362604294e-02 -1.342183479419035708e-01 2.677197899999999908e+00
-1.328599467337726603e-01 8.169093486180117880e-02 9.877625350838649121e-01 3.449881299999999928e+00 2.069560170797093285e-02 9.966089210525439501e-01 -7.963887586116027983e-02 -1.982567000000000079e-01 -9.909187285664972089e-01 9.861523203300012752e-03 -1.341000512164952641e-01 2.669188000000000116e+00
-1.326752249519683180e-01 8.083154179223650537e-02 9.878580599131810969e-01 3.515316700000000072e+00 1.680912427637916429e-02 9.967092080149663191e-01 -7.929822191726518255e-02 -2.039291000000000020e-01 -9.910170220662234408e-01 6.084119465339203614e-03 -1.335973258165208399e-01 2.660622399999999832e+00
-1.323364576321544583e-01 8.176817159217693309e-02 9.878264159739021943e-01 3.581222100000000186e+00 1.323774303309260825e-02 9.966485018121521433e-01 -8.072500229162189733e-02 -2.096967000000000136e-01 -9.911164533700177470e-01 2.393731410342561650e-03 -1.329753582780371923e-01 2.651685500000000140e+00
-1.328632508515795452e-01 8.216538622196339903e-02 9.877227373509966935e-01 3.646723999999999855e+00 8.560607185206133007e-03 9.966158025195088754e-01 -8.175364317885730481e-02 -2.150990000000000124e-01 -9.910974082186729817e-01 -2.406548439344631529e-03 -1.331170009684646827e-01 2.643778800000000206e+00
-1.337117535996063811e-01 8.141235028898255455e-02 9.876705909207497136e-01 3.712071200000000015e+00 5.223605932683388076e-03 9.966640272064487549e-01 -8.144649049334881652e-02 -2.209431000000000034e-01 -9.910064989143001490e-01 -5.731151110128777926e-03 -1.336909608633832791e-01 2.636066200000000137e+00
-1.346951457362860205e-01 6.781711087946754035e-02 9.885636333524729924e-01 3.844783800000000085e+00 9.073171074136580222e-03 9.976977661416445153e-01 -6.720747728215800687e-02 -2.318688999999999889e-01 -9.908455456234035452e-01 -8.311398401138897496e-05 -1.350003622599789121e-01 2.618947700000000101e+00
-1.348131101209841531e-01 6.248936898397099149e-02 9.888986318645062168e-01 3.911687600000000042e+00 1.420775697925837078e-02 9.980287242640608625e-01 -6.112941342323997135e-02 -2.369002000000000052e-01 -9.907691784573869898e-01 5.808985095193570924e-03 -1.354351900764276806e-01 2.609710499999999822e+00
-1.338233703588955215e-01 6.502923462843551716e-02 9.888693059193542911e-01 3.978071200000000029e+00 2.318515177805322708e-02 9.977770421656867450e-01 -6.247737881923472875e-02 -2.414312000000000125e-01 -9.907339472748546427e-01 1.456615154161890885e-02 -1.350335993242128829e-01 2.600004000000000204e+00
-1.326352468975562637e-01 7.086134595655955992e-02 9.886286263960037957e-01 4.044877099999999892e+00 2.854042368978612632e-02 9.973005527464389175e-01 -6.765391124875907991e-02 -2.460154999999999981e-01 -9.907539227759998290e-01 1.924258664712870381e-02 -1.342996178814219732e-01 2.590494599999999981e+00
-1.317087370245698386e-01 7.668531887270918501e-02 9.883178489032681258e-01 4.111959500000000212e+00 3.191444825278087760e-02 9.968144772485673100e-01 -7.309149020498949267e-02 -2.508463000000000220e-01 -9.907745841431908618e-01 2.191483098398017137e-02 -1.337365454871266568e-01 2.581624000000000141e+00
-1.311691691031059148e-01 8.107911226913067093e-02 9.880388791087376665e-01 4.179419000000000217e+00 3.307611246489936679e-02 9.964529793360912269e-01 -7.737849026981963307e-02 -2.560617000000000032e-01 -9.908080640875963629e-01 2.253081280994872343e-02 -1.333856911857974614e-01 2.572735999999999912e+00
-1.306379850688859645e-01 7.318702460371888374e-02 9.887251267601105953e-01 4.315295200000000442e+00 2.873157458149711019e-02 9.971322195605091254e-01 -7.001309403533347020e-02 -2.670611999999999986e-01 -9.910137302173013252e-01 1.926126018689390887e-02 -1.323661224664505198e-01 2.554850599999999972e+00
-1.305351642388431765e-01 7.226028151103816577e-02 9.888068682068725801e-01 4.450799899999999809e+00 2.522623083336443875e-02 9.972596149771315588e-01 -6.954780811503152860e-02 -2.769919000000000131e-01 -9.911227008675967953e-01 1.586543575225553282e-02 -1.320003021712866653e-01 2.537747099999999811e+00
-1.294611891767573075e-01 8.007686212237183354e-02 9.883458385856512818e-01 4.588544399999999968e+00 2.575439403699327987e-02 9.966691528364629571e-01 -7.737771624979947194e-02 -2.876837999999999895e-01 -9.912499743680839304e-01 1.543683701027667721e-02 -1.310923048023453497e-01 2.519699300000000086e+00
-1.293110396604201240e-01 7.875084591232812958e-02 9.884720326291656090e-01 4.658747199999999644e+00 2.598522938372911650e-02 9.967682168017175659e-01 -7.601243206080840475e-02 -2.934339999999999726e-01 -9.912635486467846757e-01 1.585642589036965686e-02 -1.309394932102877496e-01 2.510576499999999989e+00
-1.291445179328732651e-01 7.206541801654714474e-02 9.890036749244089931e-01 4.727701200000000270e+00 2.775179221519310374e-02 9.972277576330910165e-01 -6.904083889207707214e-02 -2.989472000000000240e-01 -9.912373739507255310e-01 1.853037863016612774e-02 -1.307864425355019788e-01 2.502148899999999898e+00
-1.292614293010702908e-01 7.070190275353935294e-02 9.890868130968453187e-01 4.797084299999999857e+00 2.710074676560356513e-02 9.973342099203335032e-01 -6.774971031178425585e-02 -3.041494000000000142e-01 -9.912401487126070165e-01 1.804756686130078516e-02 -1.308329198275259841e-01 2.493130400000000080e+00
-1.290713164627837195e-01 7.340761430750339378e-02 9.889145147222000443e-01 4.866223299999999696e+00 2.464736659284127301e-02 9.971856437719663901e-01 -7.080465503854257991e-02 -3.095500999999999947e-01 -9.913289578069439667e-01 1.523528853582181708e-02 -1.305173681799791652e-01 2.484473200000000048e+00
-1.289261934152250710e-01 7.684177637471517608e-02 9.886725332763310892e-01 4.936297899999999572e+00 2.434693814904857062e-02 9.969379920043506260e-01 -7.430926389825087686e-02 -3.145418999999999854e-01 -9.913552659133990641e-01 1.449073848745309478e-02 -1.304022823567971834e-01 2.475720400000000154e+00
-1.287119619377272151e-01 7.625970852223333540e-02 9.887455121062470598e-01 5.006038199999999883e+00 2.317305577686431736e-02 9.969979010259020225e-01 -7.387959688512006629e-02 -3.199036000000000102e-01 -9.914112367429083195e-01 1.340306703891012627e-02 -1.300927263679529933e-01 2.466545099999999824e+00
-1.290278998816531963e-01 7.265103653288901286e-02 9.889760502372270112e-01 5.076147100000000023e+00 2.244273688199337202e-02 9.972711164166732090e-01 -7.033238174758410510e-02 -3.254420000000000091e-01 -9.913869701652201494e-01 1.312048976750163770e-02 -1.303062858609866925e-01 2.458218800000000037e+00
-1.281858754503927278e-01 7.138299170467898858e-02 9.891778656188714436e-01 5.146482500000000293e+00 2.304865795256137023e-02 9.973513388786967582e-01 -6.898598555834981050e-02 -3.309907000000000266e-01 -9.914822946990038410e-01 1.395619332628886961e-02 -1.294916366652186790e-01 2.449127700000000019e+00
-1.274913447923320398e-01 7.182267047817358918e-02 9.892357964653455404e-01 5.216267600000000115e+00 2.491417598221084065e-02 9.972918852873667861e-01 -6.919667170534314626e-02 -3.365410999999999819e-01 -9.915267222007535519e-01 1.582401799017241553e-02 -1.289354862575721183e-01 2.440376999999999796e+00
-1.267338608095387176e-01 7.233878378595703929e-02 9.892955215124937807e-01 5.287260500000000363e+00 2.707931123894167375e-02 9.972178980188238784e-01 -6.944908043842627776e-02 -3.414313999999999960e-01 -9.915670624960940538e-01 1.798789124069396714e-02 -1.283401587250848630e-01 2.431332299999999780e+00
-1.257292506381654518e-01 7.176126272566341058e-02 9.894657531749055934e-01 5.358339299999999916e+00 2.691363174753088477e-02 9.972600086950822451e-01 -6.890668678468589436e-02 -3.470941000000000165e-01 -9.916994564686032465e-01 1.796653081434534949e-02 -1.273161097833793720e-01 2.422523299999999935e+00
-1.239298336923530530e-01 7.242667141579905987e-02 9.896442661828607212e-01 5.429453399999999874e+00 2.807380621173768270e-02 9.971894080075962563e-01 -6.946327059853568686e-02 -3.525452000000000030e-01 -9.918937734081058055e-01 1.917450977437151413e-02 -1.256148098320457596e-01 2.412837000000000121e+00
-1.225615126303482988e-01 7.077471944899574319e-02 9.899341466525319877e-01 5.501783800000000113e+00 2.810220026360209927e-02 9.973015684457241514e-01 -6.782217864417958153e-02 -3.578517999999999977e-01 -9.920629727805110321e-01 1.950693883249113997e-02 -1.242197141168827068e-01 2.403763099999999930e+00
-1.219204652651317694e-01 6.941311613562010929e-02 9.901097007190046151e-01 5.573841100000000104e+00 2.631743202684632202e-02 9.974269136886452225e-01 -6.668541535490397909e-02 -3.636989999999999945e-01 -9.921909054819270102e-01 1.792682788132510599e-02 -1.234335283505548775e-01 2.395412700000000061e+00
-1.209787821011525794e-01 6.864299209214506925e-02 9.902788869394113513e-01 5.646359399999999695e+00 2.736481264120036241e-02 9.974576934402914485e-01 -6.579754422382137757e-02 -3.689763999999999822e-01 -9.922778347370425633e-01 1.913868943818878079e-02 -1.225496195675641609e-01 2.387105200000000149e+00
-1.190681178676185892e-01 6.951536635912557160e-02 9.904495934409885960e-01 5.719337499999999963e+00 2.544866557599226309e-02 9.974319960206659008e-01 -6.694608826982693939e-02 -3.741783000000000192e-01 -9.925598967960896912e-01 1.723447574446945740e-02 -1.205314237779887554e-01 2.378238399999999864e+00
-1.175345213046456172e-01 7.245015519731354270e-02 9.904224408370264632e-01 5.792031299999999661e+00 2.617752333194595105e-02 9.972146421990546461e-01 -6.984049438554240652e-02 -3.792685000000000084e-01 -9.927237146224993092e-01 1.771813747820961266e-02 -1.191037112369300877e-01 2.369461499999999887e+00
-1.165069114528705652e-01 7.117388931075277481e-02 9.906363697462825524e-01 5.865423700000000018e+00 2.394805182608637784e-02 9.973403004471683708e-01 -6.883905808250785630e-02 -3.848404000000000269e-01 -9.929011181368705419e-01 1.570358507897227918e-02 -1.179015140624556368e-01 2.361171999999999827e+00
-1.158610932573957558e-01 6.961122133581842952e-02 9.908231350414343774e-01 5.939186099999999691e+00 2.055333366505162837e-02 9.974955821972398828e-01 -6.767661318537145088e-02 -3.904969999999999830e-01 -9.930527516423556245e-01 1.252363210594408319e-02 -1.170016713317415524e-01 2.352948000000000039e+00
-1.158289887769512611e-01 7.070536145253394911e-02 9.907494119204792726e-01 6.013092999999999577e+00 1.749317585487663446e-02 9.974536740356502174e-01 -6.913867912603802179e-02 -3.957170999999999883e-01 -9.931151162666992382e-01 9.323090402297458390e-03 -1.167709117371759087e-01 2.344899700000000031e+00
-1.161572477682243920e-01 6.982236569034805385e-02 9.907736023130180314e-01 6.087299800000000261e+00 1.485245145768310931e-02 9.975365900510417827e-01 -6.855768516393236089e-02 -4.014120999999999939e-01 -9.931197805283149549e-01 6.751944811905122301e-03 -1.169081381455050472e-01 2.336769299999999827e+00
-1.176288843475038620e-01 6.707737916261868882e-02 9.907896198345212957e-01 6.162099399999999783e+00 1.280134901080039189e-02 9.977356621961794847e-01 -6.602782629660802760e-02 -4.069351999999999969e-01 -9.929751109824781485e-01 4.916664176619154475e-03 -1.182212137592449919e-01 2.328637800000000091e+00
-1.188363795747146845e-01 6.532252605201707696e-02 9.907627781057167793e-01 6.237091500000000011e+00 1.111470424128781914e-02 9.978585724072923657e-01 -6.445721699630840851e-02 -4.125424999999999787e-01 -9.928516395913354886e-01 3.352172946618662414e-03 -1.193079406298378498e-01 2.320153700000000097e+00
-1.203210487707835619e-01 6.451736480019160114e-02 9.906363383512326592e-01 6.312053699999999878e+00 9.323450830476968931e-03 9.979153767631527838e-01 -6.385901725102455240e-02 -4.179899999999999727e-01 -9.926912503328064741e-01 1.552565262386639000e-03 -1.206717491950606291e-01 2.311697999999999809e+00
-1.217192842045632800e-01 6.451864002320831237e-02 9.904654264245090767e-01 6.386641000000000012e+00 9.668034507953438689e-03 9.979148637770984820e-01 -6.381577987839838484e-02 -4.232746000000000008e-01 -9.925174784161142627e-01 1.808242873852353161e-03 -1.220892513541932400e-01 2.302267599999999970e+00
-1.240167939604000374e-01 6.322617053260726205e-02 9.902637457645138142e-01 6.460476899999999745e+00 9.590131026890477695e-03 9.979977014261530721e-01 -6.251893581149770007e-02 -4.284688999999999859e-01 -9.922337749757721426e-01 1.743361091903070786e-03 -1.243748225704562893e-01 2.293185900000000110e+00
-1.266459930284351554e-01 5.890591298231563633e-02 9.901973974241504717e-01 6.535197700000000331e+00 7.532841636136503038e-03 9.982635372535124674e-01 -5.842231155123880221e-02 -4.332442000000000237e-01 -9.919193761323175096e-01 6.004852188736670149e-05 -1.268698058934771833e-01 2.283749100000000087e+00
-1.307886383411173414e-01 5.856095417055601215e-02 9.896792140524680592e-01 6.608873799999999576e+00 6.184111389477813664e-03 9.982827100046590685e-01 -5.825279110975175451e-02 -4.384945000000000093e-01 -9.913909868700639949e-01 -1.498516729262648617e-03 -1.309261837846547039e-01 2.274349700000000141e+00
-1.365478837617635222e-01 6.403213236360977278e-02 9.885618652695205011e-01 6.682374000000000258e+00 1.311946745306748208e-03 9.979196200164774933e-01 -6.445704602218901846e-02 -4.439503000000000199e-01 -9.906326030552001782e-01 -7.504532706189788460e-03 -1.363478190252427336e-01 2.265270000000000117e+00
-1.435460553368350933e-01 6.735252798759623627e-02 9.873490603484232908e-01 6.756380599999999959e+00 1.591704712093439111e-03 9.976958325683779050e-01 -6.782692792542413529e-02 -4.491220000000000212e-01 -9.896423578613356975e-01 -8.164719797472845542e-03 -1.433225065273594501e-01 2.254821800000000209e+00
-1.529396291708150502e-01 6.324349829113648513e-02 9.862097797897728668e-01 6.830063799999999574e+00 3.720103814968740708e-03 9.979799040515369146e-01 -6.342138390867160802e-02 -4.547383999999999871e-01 -9.882285315941343740e-01 -6.030840172336730809e-03 -1.528659488248323983e-01 2.244201400000000124e+00
-1.630510790407179722e-01 6.127998343575558060e-02 9.847127039161074347e-01 6.904007000000000005e+00 6.814840565104795383e-03 9.981153794076361718e-01 -6.098563222614654389e-02 -4.601257000000000263e-01 -9.865940926093821339e-01 -3.233113060832043528e-03 -1.631614029364976126e-01 2.231633400000000211e+00
-1.761982214847761796e-01 6.224801219078843206e-02 9.823845335325152028e-01 6.976789000000000129e+00 6.896839661211559558e-03 9.980520856895195303e-01 -6.200377289720006291e-02 -4.654685000000000072e-01 -9.843305442524323823e-01 -4.149605896404742755e-03 -1.762843170069737786e-01 2.219236899999999846e+00
-1.900204213723189761e-01 6.226195426133591948e-02 9.798039030913513470e-01 7.049501399999999585e+00 8.825417652790139983e-03 9.980550930397439346e-01 -6.171015524759215776e-02 -4.706774000000000235e-01 -9.817404705240283525e-01 -3.079011040483577849e-03 -1.902003370824363326e-01 2.205192799999999842e+00
-2.044090055645799431e-01 6.015674343467522500e-02 9.770353753388020257e-01 7.121912000000000020e+00 9.775004866604718873e-03 9.981855720641604757e-01 -5.941391253572272935e-02 -4.759835000000000038e-01 -9.788367625523456406e-01 -2.594213229346265664e-03 -2.046261526143794418e-01 2.190408000000000133e+00
-2.196540229143592871e-01 6.307698002346420751e-02 9.735365451839275153e-01 7.192788099999999574e+00 1.444711438133433612e-02 9.980084975629718302e-01 -6.140292890532365877e-02 -4.810094999999999787e-01 -9.754708561016010027e-01 5.773934699025186357e-04 -2.201278617376504210e-01 2.174532899999999991e+00
-2.347841451248416367e-01 6.625218365810067733e-02 9.697871175461811877e-01 7.262970000000000148e+00 1.470048222961899825e-02 9.978024933352473980e-01 -6.460712124975195869e-02 -4.861298000000000008e-01 -9.719363667546421226e-01 -9.123894435989279850e-04 -2.352421444496909375e-01 2.158023800000000048e+00
-2.504163436336883652e-01 7.012165169565479084e-02 9.655954685087372313e-01 7.333289599999999631e+00 1.444167306504363923e-02 9.975331279236439030e-01 -6.869568235306734716e-02 -4.916878000000000082e-01 -9.680305227213742425e-01 -3.257707528985590018e-03 -2.508112725166846690e-01 2.140902999999999778e+00
-2.661386877452298072e-01 6.767546985933292625e-02 9.615561500321058164e-01 7.402962200000000159e+00 1.090283763824399094e-02 9.976799374606256654e-01 -6.720022708292038016e-02 -4.971789999999999821e-01 -9.638730865714019158e-01 -7.400889668174853026e-03 -2.662590840054820385e-01 2.122443899999999939e+00
-2.818039113483536418e-01 6.169686113174532860e-02 9.574863199415747372e-01 7.472619100000000181e+00 5.294124227978942027e-03 9.980152198015002085e-01 -6.275024536383883023e-02 -5.026646000000000170e-01 -9.594574132276160183e-01 -1.261421305723756797e-02 -2.815712233725574665e-01 2.102575499999999931e+00
-2.975750674716734490e-01 5.735220235600088645e-02 9.529741885823272973e-01 7.541814300000000415e+00 1.331851849744308119e-03 9.982179155842164642e-01 -5.965919189322289873e-02 -5.079979000000000022e-01 -9.546974941780663748e-01 -1.648386761710937676e-02 -2.971211482182012364e-01 2.082211299999999987e+00
-3.125731675810480836e-01 5.894452236160671599e-02 9.480630560210181468e-01 7.610407399999999711e+00 -1.849170893347164280e-04 9.980690104628497927e-01 -6.211454064369936745e-02 -5.130930999999999687e-01 -9.498936681092364775e-01 -1.959065178266804555e-02 -3.119586922153478881e-01 2.060461500000000168e+00
-3.267605030374861053e-01 6.082893840718352207e-02 9.431476098188151802e-01 7.678197899999999798e+00 -6.937901519226720437e-04 9.979109129993379845e-01 -6.460130317611946504e-02 -5.179167999999999550e-01 -9.451069210993612302e-01 -2.176350084620764028e-02 -3.260356693998418542e-01 2.037409999999999943e+00
-3.408475959390345755e-01 6.336330504099124683e-02 9.379808142584064035e-01 7.745274099999999606e+00 1.034768816273654718e-03 9.977507652483200706e-01 -6.702491849967895376e-02 -5.229468000000000449e-01 -9.401179955708099945e-01 -2.187468904176771700e-02 -3.401465160533743148e-01 2.013876000000000221e+00
-3.545587196714199973e-01 6.314475006768370535e-02 9.328991664932781980e-01 7.812272100000000385e+00 3.355999766804788204e-03 9.977966180954196407e-01 -6.626195124585827767e-02 -5.285849000000000242e-01 -9.350277277014455990e-01 -2.036294321145773467e-02 -3.539894051708869505e-01 1.988510699999999964e+00
