1.000000000000000000e+00 0.000000000000000000e+00 0.000000000000000000e+00 0.000000000000000000e+00 0.000000000000000000e+00 1.000000000000000000e+00 0.000000000000000000e+00 0.000000000000000000e+00 0.000000000000000000e+00 0.000000000000000000e+00 1.000000000000000000e+00 0.000000000000000000e+00
9.999994657155473199e-01 6.526179268175724257e-04 8.016598165246294075e-04 -4.145999999999999946e-04 -6.517817615664792986e-04 9.999992438101538150e-01 -1.042861283143006182e-03 -1.344300000000000096e-03 -8.023398002861792345e-04 1.042338218711045010e-03 9.999991348905671318e-01 7.850440000000000196e-02
9.999984714066645353e-01 5.662148470184208936e-04 1.654262700225428949e-03 -1.878000000000000112e-04 -5.665847261470036058e-04 9.999998145970356855e-01 2.231314462975308619e-04 -2.826400000000000180e-03 -1.654136053182490157e-03 -2.240683851992715514e-04 9.999986068126676120e-01 1.562444000000000055e-01
9.999941979152997540e-01 8.357467717816107920e-04 3.302372339664658846e-03 -4.403000000000000230e-04 -8.434495977840164279e-04 9.999969256249906513e-01 2.331809027982011031e-03 -4.149299999999999863e-03 -3.300413385066119053e-03 -2.334580883250148963e-03 9.999918284684067293e-01 2.325626000000000082e-01
9.999872425158211620e-01 1.486666913087642103e-04 5.049029987948244931e-03 -4.754000000000000088e-04 -1.649319058207876509e-04 9.999947983534618334e-01 3.221189762438633232e-03 -5.211600000000000260e-03 -5.048524841054827760e-03 -3.221981414299660181e-03 9.999820654555235944e-01 3.081620999999999944e-01
9.999739896039722131e-01 7.474577309874167385e-04 7.173661718756112367e-03 -2.671999999999999896e-04 -7.761293176938921035e-04 9.999917194275038668e-01 3.994834127535596725e-03 -6.596699999999999613e-03 -7.170616347077549309e-03 -4.000297909493019839e-03 9.999662893707158551e-01 3.821063000000000098e-01
9.999459931610505947e-01 4.459968758638081744e-04 1.038324842940833818e-02 2.346000000000000103e-04 -4.819891967368205698e-04 9.999938836942687814e-01 3.464139210178408725e-03 -7.695900000000000310e-03 -1.038163992702116449e-02 -3.468956736539995696e-03 9.999400921513177387e-01 4.549871999999999805e-01
9.998984331748720367e-01 1.651748565942447828e-04 1.425117720410639353e-02 7.014999999999999751e-04 -1.884160385765261490e-04 9.999986546166258483e-01 1.629498184911663946e-03 -8.668099999999999764e-03 -1.425088887868050831e-02 -1.632017832308320501e-03 9.998971190497363271e-01 5.266627999999999865e-01
9.998393003204070206e-01 8.856456212136304851e-05 1.792667540614700447e-02 1.235200000000000100e-03 -8.662840283301256417e-05 9.999999903311196370e-01 -1.087808834838708042e-04 -9.934699999999999434e-03 -1.792668486694743921e-02 1.072104431722087272e-04 9.998392983252869515e-01 5.971813000000000260e-01
9.997597816157568484e-01 1.370104059312520362e-04 2.191712325472548045e-02 2.742699999999999826e-03 -1.493723836261029090e-04 9.999998306988786556e-01 5.623967504751521294e-04 -1.108080000000000002e-02 -2.191704248992486226e-02 -5.655354653792348625e-04 9.997596328208757654e-01 6.679669000000000301e-01
9.996313963174197070e-01 6.540459707145158388e-04 2.714118126305152187e-02 4.274400000000000248e-03 -6.610327324678204287e-04 9.999997506537715575e-01 2.484514462488332520e-04 -1.204350000000000039e-02 -2.714101199683300117e-02 -2.663010753435229080e-04 9.996315794088964646e-01 7.377692999999999612e-01
9.994340001137496099e-01 2.354413502301948811e-03 3.355795216770120909e-02 6.122599999999999744e-03 -2.340122289816664626e-03 9.999971537339165106e-01 -4.651362535422397747e-04 -1.343609999999999943e-02 -3.355895177591586981e-02 3.863432746074048330e-04 9.994366650741686176e-01 8.065911999999999527e-01
9.991637001556306075e-01 3.606137752065861121e-03 4.072954777335696663e-02 8.607599999999999973e-03 -3.589557061047377821e-03 9.999934422147499502e-01 -4.802162022979006512e-04 -1.456129999999999924e-02 -4.073101240350560093e-02 3.336135617595352302e-04 9.991700922918863581e-01 8.744484000000000146e-01
9.987723733009448157e-01 4.397119177689382853e-03 4.933975753624308264e-02 1.136000000000000031e-02 -4.435367905478979945e-03 9.999899420932012450e-01 6.657506883661013170e-04 -1.572840000000000002e-02 -4.933633389644093842e-02 -8.837733720865158108e-04 9.987818305827782517e-01 9.423810000000000242e-01
9.982016628971333017e-01 6.650653479500097040e-03 5.957523812536120317e-02 1.475300000000000049e-02 -6.751311790613848118e-03 9.999761018335148188e-01 1.488472691710603091e-03 -1.713359999999999883e-02 -5.956391507031582461e-02 -1.888006923626874868e-03 9.982227083428590886e-01 1.008501799999999893e+00
9.960975571106414073e-01 1.151101750865505743e-02 8.750516095709967579e-02 2.375909999999999828e-02 -1.171747153571232533e-02 9.999296440424668697e-01 1.846029770971601130e-03 -1.916649999999999951e-02 -8.747775476669628070e-02 -2.864164977961069971e-03 9.961623557332192069e-01 1.140394200000000025e+00
9.945097984191357821e-01 1.362947440466823895e-02 1.037521001029975687e-01 2.964210000000000109e-02 -1.402483983799503869e-02 9.998968970337898110e-01 3.082072308882730961e-03 -2.014109999999999859e-02 -1.036993959280791688e-01 -4.520257697420333905e-03 9.945984127045952583e-01 1.204680399999999985e+00
9.924872330474941995e-01 1.359106253592140719e-02 1.215910163493732765e-01 3.672519999999999951e-02 -1.416059100657700125e-02 9.998924328390033089e-01 3.821048762273490489e-03 -2.103270000000000139e-02 -1.215260050362610145e-01 -5.514142766005861694e-03 9.925729314914258916e-01 1.268166300000000080e+00
9.899969681278116829e-01 1.325700205307937460e-02 1.404644260811443446e-01 4.516719999999999763e-02 -1.384251539313365725e-02 9.998990923719851542e-01 3.192153077664292189e-03 -2.210300000000000112e-02 -1.404079337691837015e-01 -5.104602848903437746e-03 9.900805801370025083e-01 1.330935200000000096e+00
9.869527612746483713e-01 1.249491544184211551e-02 1.605245280337184999e-01 5.503929999999999934e-02 -1.299430482621173437e-02 9.999134452586244670e-01 2.061560843443884655e-03 -2.269639999999999852e-02 -1.604848748462930630e-01 -4.120567816326544015e-03 9.870296985736753959e-01 1.393168399999999973e+00
9.833074965495084419e-01 9.779707209783180741e-03 1.816885372180354064e-01 6.579039999999999888e-02 -1.028122870337623736e-02 9.999454928661423159e-01 1.818689923184803412e-03 -2.350700000000000012e-02 -1.816608476416627371e-01 -3.656312839287174151e-03 9.833544466826464880e-01 1.454271199999999986e+00
9.790946962382149898e-01 4.786320201781655778e-03 2.033486339691599476e-01 7.808020000000000238e-02 -5.675743711335234226e-03 9.999767070938976321e-01 3.790936951255957643e-03 -2.435410000000000005e-02 -2.033257527504093998e-01 -4.865840993207247098e-03 9.790990562041759215e-01 1.514485099999999917e+00
9.740420200875444801e-01 -1.005130271787347315e-03 2.263650432750435038e-01 9.196699999999999320e-02 -2.182896242324775405e-04 9.999855063643144915e-01 5.379536313243024268e-03 -2.526460000000000164e-02 -2.263671695573709342e-01 -5.289307557921413966e-03 9.740276832678536056e-01 1.573681000000000108e+00
9.682309362211584114e-01 -6.009247919955980864e-03 2.499854857461437097e-01 1.072784999999999989e-01 4.982773717261134404e-03 9.999763576104430118e-01 4.738795863279660937e-03 -2.596079999999999915e-02 -2.500080520910906157e-01 -3.342627647191576297e-03 9.682379876507792860e-01 1.632139299999999960e+00
9.534832680078445533e-01 -1.524065958848775520e-02 3.010604257028626218e-01 1.415108999999999950e-01 1.483970033312960110e-02 9.998833370076529725e-01 3.618793785672072896e-03 -2.736670000000000075e-02 -3.010804558969312206e-01 1.017187174585822704e-03 9.535981986178182490e-01 1.744847400000000048e+00
9.444804630808365520e-01 -1.767057584717789120e-02 3.280920687975215078e-01 1.605646000000000018e-01 1.666820609529431896e-02 9.998438605302204518e-01 5.867321841333560106e-03 -2.808739999999999848e-02 -3.281445196314777268e-01 -7.286462879845748836e-05 9.446275292021573122e-01 1.799527600000000005e+00
9.342666633368897910e-01 -2.186309962943707233e-02 3.559042099385000268e-01 1.809688000000000130e-01 2.002927963266635039e-02 9.997603378301435084e-01 8.837129576609559570e-03 -2.877630000000000118e-02 -3.560121202076567126e-01 -1.127730619713345709e-03 9.344806570972448156e-01 1.853631400000000040e+00
9.104497740061208155e-01 -2.455997315477823073e-02 4.128898360711245608e-01 2.261027999999999927e-01 2.475936947719686171e-02 9.996815869006425714e-01 4.868103830513555857e-03 -3.010049999999999878e-02 -4.128779270381200406e-01 5.790727972334817550e-03 9.107679643214594556e-01 1.956903599999999965e+00
8.969178477900141555e-01 -2.556928560827140956e-02 4.414573432951497400e-01 2.506871999999999989e-01 2.875425517550714988e-02 9.995863733694568820e-01 -5.243885949952507494e-04 -3.065419999999999950e-02 -4.412613365399589149e-01 1.316411058823896418e-02 8.972820844457943812e-01 2.006793699999999792e+00
8.824218844463904698e-01 -2.735170860499793258e-02 4.696631791895851671e-01 2.771548999999999818e-01 3.256718173221272161e-02 9.994650977007134562e-01 -2.982809434814169373e-03 -3.122760000000000119e-02 -4.693303703406611072e-01 1.792770243200919947e-02 8.828406430162848428e-01 2.055414400000000086e+00
8.483230130561494331e-01 -2.716471539250990899e-02 5.287817543722362901e-01 3.336830000000000074e-01 2.824880714865162998e-02 9.995827268059647164e-01 6.031348591354164165e-03 -3.256919999999999954e-02 -5.287249477885590521e-01 9.820921993177455026e-03 8.487364014092888542e-01 2.149570000000000203e+00
8.281646977349885752e-01 -2.689846601321595199e-02 5.598390000273747447e-01 3.642366000000000215e-01 2.601576162211662741e-02 9.996159775237125622e-01 9.543459882756009580e-03 -3.308649999999999786e-02 -5.598807136995667122e-01 6.661081402327703391e-03 8.285464479567909990e-01 2.195122200000000134e+00
7.844233049110915790e-01 -1.370986576874115570e-02 6.200742844957881639e-01 4.287699999999999845e-01 1.922657138247460540e-02 9.998126952193431283e-01 -2.216626063967298658e-03 -3.411399999999999849e-02 -6.199277519721432261e-01 1.366067563614442940e-02 7.845399723888699661e-01 2.280812699999999804e+00
7.616501908499571094e-01 -1.134924586872096755e-02 6.478890193516442242e-01 4.633875000000000077e-01 1.835269108232296179e-02 9.998233278191039908e-01 -4.061019424889710135e-03 -3.475450000000000067e-02 -6.477284658776860660e-01 1.498358324780252326e-02 7.617239176531056533e-01 2.321848199999999807e+00
7.132771924019934984e-01 -1.394468678658129096e-02 7.007433142810238769e-01 5.372209000000000012e-01 1.982084822548967756e-02 9.998035086414287509e-01 -2.794349845128031584e-04 -3.631589999999999818e-02 -7.006017276418549100e-01 1.408864147860297046e-02 7.134134351177694455e-01 2.398837299999999839e+00
6.610409331656079690e-01 -9.497589949774377927e-03 7.502897310137518483e-01 6.133661999999999725e-01 2.023503237102527302e-02 9.997818719929144615e-01 -5.172223824160515106e-03 -3.817040000000000016e-02 -7.500769481489787394e-01 1.860118865797557100e-02 6.610889256643349698e-01 2.469135500000000150e+00
6.054967835686986266e-01 -5.997569369184782041e-03 7.958251530641781146e-01 6.958246000000000153e-01 1.876352379832936165e-02 9.998012229376272986e-01 -6.741274886427624236e-03 -4.031699999999999867e-02 -7.956265300143215979e-01 1.901430445971317995e-02 6.054889602323756392e-01 2.534538700000000144e+00
5.467591744507971363e-01 1.015543211720713185e-02 8.372283274904139816e-01 7.833946999999999994e-01 1.642701732799353373e-02 9.996038723075352239e-01 -2.285282410308592596e-02 -4.236360000000000126e-02 -8.371287584688444916e-01 2.624815548364460918e-02 5.463757645413251929e-01 2.593665399999999899e+00
4.842134775713464734e-01 2.371998132171749402e-02 8.746283042666529450e-01 8.768065999999999915e-01 1.273431996824273514e-02 9.993355165357612480e-01 -3.415204950145254298e-02 -4.553929999999999784e-02 -8.748572141973853800e-01 2.767467933510022599e-02 4.835896678905472479e-01 2.647571600000000025e+00
4.180241569528245216e-01 2.185852064596957578e-02 9.081728961376519527e-01 9.756922000000000095e-01 6.067299436003195309e-03 9.996209996151718125e-01 -2.685228120511130162e-02 -5.003189999999999721e-02 -9.084156494036387253e-01 1.673505911355618880e-02 4.177331034464847326e-01 2.696391799999999783e+00
3.481475015099286252e-01 2.633943586817995286e-02 9.370696619304992314e-01 1.077560999999999991e+00 -5.566725660521120236e-03 9.996456587263277127e-01 -2.603014704197529477e-02 -5.375309999999999810e-02 -9.374232388616225986e-01 3.845920923835391067e-03 3.481707628943487842e-01 2.738048299999999990e+00
3.122564489014809652e-01 2.799854644197389414e-02 9.495851681216239681e-01 1.130233299999999996e+00 -9.955861093584665936e-03 9.996071533469649273e-01 -2.619961464340041582e-02 -5.566839999999999983e-02 -9.499456778939107116e-01 -1.272939399211685252e-03 3.124125296398400087e-01 2.756062299999999965e+00
2.395025068955129455e-01 2.696940824230779216e-02 9.705210972512781087e-01 1.239178099999999949e+00 -1.387307957326338465e-02 9.996071303744316072e-01 -2.435410782081398606e-02 -5.959470000000000045e-02 -9.707966248673915999e-01 -7.631246533409295416e-03 2.397825623818955476e-01 2.786513100000000076e+00
2.035614220352246484e-01 2.655765737091342685e-02 9.787019149332274459e-01 1.295051799999999975e+00 -1.330666769601119778e-02 9.996147489338794712e-01 -2.435746925862896858e-02 -6.151840000000000086e-02 -9.789717463000784381e-01 -8.065020076000493227e-03 2.038363937017838579e-01 2.798054699999999784e+00
1.682597668928106360e-01 2.545497416885840816e-02 9.854139714532362815e-01 1.351985200000000109e+00 -1.080990783123663909e-02 9.996540642373378249e-01 -2.397702538791369672e-02 -6.300020000000000620e-02 -9.856834160813791046e-01 -6.617865504468974092e-03 1.684767257466370793e-01 2.807701300000000177e+00
1.337015187922271087e-01 2.418875593332391050e-02 9.907264041899004336e-01 1.409064300000000047e+00 -2.562115484404365803e-03 9.997071787829779899e-01 -2.406225787459469884e-02 -6.546109999999999429e-02 -9.910183345614229644e-01 6.788049624203360000e-04 1.337243425369019079e-01 2.814882499999999954e+00
9.982152315540614163e-02 2.787055862941041282e-02 9.946149483476601771e-01 1.466710699999999923e+00 -5.795213532847551252e-04 9.996090890213333857e-01 -2.795233981156365621e-02 -6.734669999999999546e-02 -9.950051897703525716e-01 2.213844534884089679e-03 9.979865340995119904e-02 2.820847300000000057e+00
6.686915053398298503e-02 3.292393868333357704e-02 9.972183968261113529e-01 1.524164999999999992e+00 2.623963440318843876e-04 9.994548096049526986e-01 -3.301537074888714896e-02 -6.926889999999999437e-02 -9.977617189765412009e-01 2.469376258071104974e-03 6.682405499424526329e-02 2.825093700000000041e+00
3.765392428982945044e-02 3.673736255752221846e-02 9.986153154132441090e-01 1.581792599999999993e+00 6.980970587538538191e-03 9.992899405770013788e-01 -3.702540629444913550e-02 -7.172130000000000172e-02 -9.992664549734630031e-01 8.365455990576744702e-03 3.737072531859675362e-02 2.827235200000000059e+00
-9.961661751171912993e-03 3.197018301122883654e-02 9.994391790866435921e-01 1.700323900000000110e+00 1.127441195774754948e-02 9.994288312769431526e-01 -3.185747710366249041e-02 -7.668419999999999404e-02 -9.998868200602318845e-01 1.095073562058345926e-02 -1.031641697518315137e-02 2.826909099999999953e+00
-2.916119469539966980e-02 2.912277779617563137e-02 9.991503833444552729e-01 1.759181300000000059e+00 1.123129865430466320e-02 9.995219273205551147e-01 -2.880581080165493801e-02 -7.939730000000000398e-02 -9.995116220707367383e-01 1.038174449875866288e-02 -2.947434013998762037e-02 2.825670999999999822e+00
-4.580589798791938339e-02 3.229713894165683885e-02 9.984281218624118104e-01 1.818475999999999981e+00 1.256044933267957964e-02 9.994168250364569017e-01 -3.175287304496181295e-02 -8.172680000000000222e-02 -9.988713905313741925e-01 1.108623697345437198e-02 -4.618485171229735897e-02 2.822941300000000098e+00
-5.960709831938378750e-02 3.693927164362700855e-02 9.975382118196681747e-01 1.877897300000000103e+00 1.529557020859322221e-02 9.992315555566289031e-01 -3.608800232589329249e-02 -8.393720000000000347e-02 -9.981047236447370130e-01 1.310681465185259409e-02 -6.012630079877412381e-02 2.818789999999999907e+00
-7.184690663519295584e-02 4.224525287490923237e-02 9.965206272910202001e-01 1.937578100000000081e+00 2.006891103719603969e-02 9.989616012825336400e-01 -4.090180891864489410e-02 -8.646879999999999844e-02 -9.972137488105218273e-01 1.706041536924589666e-02 -7.262011712117943940e-02 2.814535100000000067e+00
-8.011656449267427760e-02 4.557626301857512635e-02 9.957430091861821930e-01 1.997241400000000056e+00 2.542131471491450995e-02 9.987226473810379979e-01 -4.366726882203977173e-02 -8.961669999999999359e-02 -9.964612851747211009e-01 2.181462485289805547e-02 -8.117283591492219230e-02 2.808987099999999959e+00
-8.616046790531799171e-02 5.113713755547621281e-02 9.949680230705755246e-01 2.056603200000000076e+00 2.893876861078329560e-02 9.983889159269655478e-01 -4.880696902564338191e-02 -9.267649999999999499e-02 -9.958608946241580551e-01 2.458791810647808010e-02 -8.750150193888628358e-02 2.803874299999999931e+00
-8.974625767427513168e-02 5.563473597931688219e-02 9.944095662180519879e-01 2.116219500000000142e+00 3.099383761721878627e-02 9.981110418359846470e-01 -5.304460570918308193e-02 -9.636210000000000608e-02 -9.954822907833268397e-01 2.606001376816459436e-02 -9.130106472097132553e-02 2.798503900000000044e+00
-9.244805099429799500e-02 5.957921539483162360e-02 9.939334358800351321e-01 2.176309299999999780e+00 3.332795147174474198e-02 9.978340891506642940e-01 -5.671312175820723833e-02 -1.003811000000000009e-01 -9.951595879646906173e-01 2.788274774480575813e-02 -9.423346995705306206e-02 2.792591100000000104e+00
-9.497250674069893095e-02 6.242670389751181492e-02 9.935205733168689379e-01 2.236424200000000084e+00 3.391677636542832219e-02 9.976552628448711602e-01 -5.944433361480738753e-02 -1.044083999999999984e-01 -9.949019425271844463e-01 2.805143772471171623e-02 -9.686713373075106492e-02 2.786690000000000111e+00
-9.747980990369548016e-02 6.595142991241098596e-02 9.930498958026466871e-01 2.296663500000000191e+00 3.495285741123702050e-02 9.974132445616560316e-01 -6.281016901569255739e-02 -1.084568000000000060e-01 -9.946235390437573320e-01 2.858720807456498550e-02 -9.953284440109400055e-02 2.780829900000000077e+00
-9.961125503284196103e-02 6.980844107716696612e-02 9.925746215903156200e-01 2.357079500000000216e+00 3.593237214159805681e-02 9.971376599218605419e-01 -6.652331770013884815e-02 -1.126225000000000004e-01 -9.943774245743214335e-01 2.903908951622979559e-02 -1.018345166287373260e-01 2.774900000000000144e+00
-1.017770550723785528e-01 7.143764276500266797e-02 9.922389300249078170e-01 2.418115400000000026e+00 3.854199996243019150e-02 9.969525909834641153e-01 -6.782363577878899874e-02 -1.168445000000000039e-01 -9.940603328267806349e-01 3.133998288987502323e-02 -1.042202483818392977e-01 2.768585700000000038e+00
-1.035230863261182022e-01 6.997657104346907686e-02 9.921624111517800548e-01 2.479146200000000189e+00 3.835754267361168174e-02 9.970608724824739921e-01 -6.631979707847351913e-02 -1.214125999999999955e-01 -9.938871512991590551e-01 3.119128194682240299e-02 -1.059029480843507454e-01 2.761802900000000172e+00
-1.060998309842982601e-01 6.967072290795929546e-02 9.919116978010621422e-01 2.539873800000000070e+00 3.751541917502683454e-02 9.971125972160457263e-01 -6.602319135874713807e-02 -1.258546000000000109e-01 -9.936475326740489278e-01 3.020693368341232851e-02 -1.084072044110563349e-01 2.755847900000000017e+00
-1.099901991715391825e-01 7.291338692350494977e-02 9.912546565305752067e-01 2.662760700000000202e+00 3.627342016625685617e-02 9.969357396821477701e-01 -6.930634843830010827e-02 -1.349106999999999945e-01 -9.932705548216193003e-01 2.833317757951146418e-02 -1.122979784884863275e-01 2.741395499999999874e+00
-1.151395008383153118e-01 7.871331646089405054e-02 9.902257869589290440e-01 2.786556000000000033e+00 3.253960778193652065e-02 9.966194289377963145e-01 -7.543797312427275026e-02 -1.446951999999999960e-01 -9.928162313701871522e-01 2.353566815341997381e-02 -1.173115640185176112e-01 2.727652299999999919e+00
-1.200920451703448577e-01 8.476359072173571263e-02 9.891375204564641921e-01 2.909930000000000128e+00 2.704938859918017482e-02 9.962578063283679120e-01 -8.208966991161964488e-02 -1.556314000000000031e-01 -9.923941914699091482e-01 1.689724882181150439e-02 -1.219354407833891374e-01 2.713580400000000115e+00
-1.230960424724933111e-01 8.338046320123343458e-02 9.888857682684879524e-01 2.973074200000000111e+00 2.506473313243377105e-02 9.964074560192338614e-01 -8.089462740057890011e-02 -1.608114999999999961e-01 -9.920781841571810755e-01 1.482834938981320710e-02 -1.247437235846502457e-01 2.706200799999999962e+00
-1.259819915101261234e-01 7.942931107596598594e-02 9.888475728630472528e-01 3.036612299999999820e+00 2.153211645170343552e-02 9.967735779044494260e-01 -7.732271563177726958e-02 -1.659296000000000104e-01 -9.917988232379852942e-01 1.155071138760895011e-02 -1.272858016048427077e-01 2.698484399999999894e+00
-1.300967784988724119e-01 7.808814659747148612e-02 9.884215040078736525e-01 3.161966800000000077e+00 2.126121276165390123e-02 9.968842938226695205e-01 -7.595831463099481096e-02 -1.765529000000000126e-01 -9.912733170302319152e-01 1.113310786120914192e-02 -1.313516838614247062e-01 2.681930299999999878e+00
-1.314395356832005202e-01 8.091394445457170126e-02 9.880164887552167485e-01 3.225721399999999850e+00 2.275737498301607861e-02 9.966469806782232155e-01 -7.859324264123343506e-02 -1.817034999999999900e-01 -9.910629396477639297e-01 1.215440240340451977e-02 -1.328402053557169449e-01 2.673614999999999853e+00
-1.325189550913881131e-01 8.433083678435208952e-02 9.875864703957509816e-01 3.353503700000000087e+00 2.182073025513329989e-02 9.963807565397667654e-01 -8.215378097430858784e-02 -1.927550000000000097e-01 -9.909402516159181440e-01 1.066292476260272820e-02 -1.338794971714777349e-01 2.656865400000000044e+00
-1.323824897950758583e-01 8.321277028922927088e-02 9.876996057792309935e-01 3.417462299999999953e+00 1.874219505326122498e-02 9.965018214049592427e-01 -8.144231124657722032e-02 -1.981376999999999999e-01 -9.910214964975491148e-01 7.730122728056156023e-03 -1.334789821745994143e-01 2.648637499999999978e+00
-1.323593951478437003e-01 8.218059282828883705e-02 9.877891175136971347e-01 3.482113399999999803e+00 1.517387491822595746e-02 9.966082501214275080e-01 -8.088108128525645091e-02 -2.041134000000000004e-01 -9.910856391029302381e-01 4.283217516917542378e-03 -1.331574632217051857e-01 2.640122199999999975e+00
-1.319255290450063733e-01 8.297980300192397962e-02 9.877803435379532981e-01 3.547108900000000009e+00 1.180079522663032843e-02 9.965508916375240833e-01 -8.214049919786739484e-02 -2.099652999999999936e-01 -9.911893845366859246e-01 8.201647502823553038e-04 -1.324497312627249679e-01 2.631314999999999849e+00
-1.324454286419717297e-01 8.322072772988584055e-02 9.876904975284271915e-01 3.611975900000000017e+00 7.255562344237041772e-03 9.965237953669791038e-01 -8.299206035796406755e-02 -2.155737000000000070e-01 -9.911637429037206681e-01 -3.825669026362957248e-03 -1.325888344076810998e-01 2.623444300000000062e+00
-1.328960558841014439e-01 8.265632891726359954e-02 9.876773610953988314e-01 3.676876299999999986e+00 3.909790822027144064e-03 9.965524481373487786e-01 -8.287298502639237063e-02 -2.212472000000000050e-01 -9.911222688781529122e-01 -7.151880967814959467e-03 -1.327610587952824384e-01 2.615304899999999932e+00
-1.332495693398852155e-01 7.755344702127420220e-02 9.880435289630984386e-01 3.742325999999999819e+00 4.384664279700120626e-03 9.969700432175735427e-01 -7.766278160035131051e-02 -2.268457999999999863e-01 -9.910728161895516752e-01 -6.016293033751056452e-03 -1.331858747324302650e-01 2.606858299999999851e+00
-1.337133514775516729e-01 6.916444966200316347e-02 9.886035699609797556e-01 3.807942900000000019e+00 7.533843345134391689e-03 9.976037403746607080e-01 -6.877512918880940296e-02 -2.321767000000000136e-01 -9.909914131015932215e-01 -1.748168595610652409e-03 -1.339140137008432152e-01 2.598221800000000137e+00
-1.338654211555164175e-01 6.391357081782901572e-02 9.889363500671674023e-01 3.874229900000000004e+00 1.281291544377268984e-02 9.979463043012285484e-01 -6.276147647522629935e-02 -2.371926000000000034e-01 -9.909166858100065811e-01 4.269566351985613212e-03 -1.344094214944735466e-01 2.589141099999999973e+00
-1.327574055418453136e-01 6.629743556742334620e-02 9.889287746400049484e-01 3.939709899999999987e+00 2.157984513300048937e-02 9.977172117885193536e-01 -6.398965217110064163e-02 -2.418796000000000002e-01 -9.909136095330580707e-01 1.284582960053882311e-02 -1.338850368937477553e-01 2.579547900000000116e+00
-1.313573532366956453e-01 7.215987757437973549e-02 9.887053139429869963e-01 4.005653399999999920e+00 2.714642971948458619e-02 9.972350678652186495e-01 -6.917579615254185188e-02 -2.465408000000000044e-01 -9.909633278301145376e-01 1.775306982759514499e-02 -1.329530421147311348e-01 2.570019199999999948e+00
-1.300807560492115433e-01 7.813822117237588516e-02 9.884196554589967931e-01 4.072177899999999795e+00 3.075461781691716731e-02 9.967281236926350818e-01 -7.474758138625267612e-02 -2.511502999999999930e-01 -9.910263116530257932e-01 2.067524684679665145e-02 -1.320582590345001917e-01 2.560607899999999937e+00
-1.295999457131280230e-01 8.250068512448277547e-02 9.881282766043817389e-01 4.138798200000000094e+00 3.148746861430454930e-02 9.963725110072474411e-01 -7.905920964299939513e-02 -2.565122000000000235e-01 -9.910662911185192936e-01 2.086758881863180065e-02 -1.317275610701080790e-01 2.551959000000000088e+00
-1.292638986103575582e-01 7.966501017540517093e-02 9.884049426575141073e-01 4.206008399999999980e+00 2.863634390864833873e-02 9.966517717140268573e-01 -7.658463127048914521e-02 -2.618373999999999979e-01 -9.911966526999558269e-01 1.840467584728828696e-02 -1.311124081975441058e-01 2.542867699999999953e+00
-1.286229809466236385e-01 7.499642695058508779e-02 9.888537124959638769e-01 4.273052700000000037e+00 2.741215708056274694e-02 9.970242207232485887e-01 -7.205051655185738813e-02 -2.672380999999999784e-01 -9.913146334119130598e-01 1.783926107899306071e-02 -1.302960411814590991e-01 2.533874299999999913e+00
-1.287557336327120050e-01 7.319006411849693361e-02 9.889717769335145681e-01 4.340144200000000119e+00 2.517205285280835203e-02 9.971926184317350117e-01 -7.052126984417925182e-02 -2.721663000000000276e-01 -9.913568120570305231e-01 1.581443200340850244e-02 -1.302366113215943644e-01 2.525619700000000023e+00
-1.286062499722002150e-01 7.415313183309227285e-02 9.889194838344685934e-01 4.407049699999999959e+00 2.348909437876301604e-02 9.971485103177337717e-01 -7.171548519246065401e-02 -2.769112000000000240e-01 -9.914175179576731889e-01 1.400576347324621052e-02 -1.299813204894378904e-01 2.517288199999999865e+00
-1.282019995600330309e-01 7.918174846699288505e-02 9.885820643823758358e-01 4.473599899999999963e+00 2.477109401928944549e-02 9.967523214386616592e-01 -7.662377312379180239e-02 -2.824136999999999897e-01 -9.914386719358375677e-01 1.466493833429466376e-02 -1.297470592104288389e-01 2.508566599999999980e+00
-1.276388922632584466e-01 8.206301078260466730e-02 9.884199388130039399e-01 4.541328899999999891e+00 2.401224927063926734e-02 9.965347609352338543e-01 -7.963593493342754903e-02 -2.875748000000000193e-01 -9.915299920157598645e-01 1.356954343559624299e-02 -1.291671104584153351e-01 2.499945199999999979e+00
-1.274076866508066508e-01 8.058469345985197485e-02 9.885713876914868914e-01 4.608958200000000005e+00 2.408889044602631826e-02 9.966514235074008798e-01 -7.813875720633634003e-02 -2.934442999999999913e-01 -9.915578685782134860e-01 1.385810956274808464e-02 -1.289222481186923508e-01 2.491407399999999939e+00
-1.269472103304606914e-01 7.396222044044337141e-02 9.891481161771645825e-01 4.677100700000000444e+00 2.600480414142886804e-02 9.971215192617765011e-01 -7.122096592052458430e-02 -2.989666000000000268e-01 -9.915685331588938167e-01 1.668130008739910144e-02 -1.285051682871721779e-01 2.482695600000000002e+00
-1.273010595513117960e-01 7.268082330404171398e-02 9.891976234104891130e-01 4.745002699999999685e+00 2.525293725598781736e-02 9.972258361118581105e-01 -7.002086082697589475e-02 -3.040997999999999757e-01 -9.915426008987502371e-01 1.606641574378837173e-02 -1.287833098195928505e-01 2.474206399999999917e+00
-1.273145616706863048e-01 7.555188483450493708e-02 9.889807455580493789e-01 4.812457099999999599e+00 2.271401863326802037e-02 9.970553091817517810e-01 -7.324468438056697117e-02 -3.094713000000000047e-01 -9.916022769962405947e-01 1.313861219592920085e-02 -1.286557465698148217e-01 2.466185299999999803e+00
-1.269723707657519907e-01 7.888632646514531777e-02 9.887643625045144935e-01 4.880779699999999721e+00 2.236792420452097738e-02 9.968067000636320341e-01 -7.665558476088495110e-02 -3.144642999999999744e-01 -9.916540188134695955e-01 1.238346498710786447e-02 -1.283314332734106777e-01 2.457604200000000017e+00
-1.272174680079791453e-01 7.834334998560849028e-02 9.887760289098187494e-01 4.948844399999999588e+00 2.111324894965966453e-02 9.968638162542178272e-01 -7.626770326859690086e-02 -3.197659999999999947e-01 -9.916501129695028949e-01 1.117369035321409687e-02 -1.284725733044294049e-01 2.449264799999999909e+00
-1.272262543668944701e-01 7.477252300961403919e-02 9.890513384059227420e-01 5.017114199999999968e+00 2.046320713329192326e-02 9.971401298194572105e-01 -7.275176051104099983e-02 -3.254375999999999935e-01 -9.916626126629914939e-01 1.098322841484290421e-02 -1.283924894220730417e-01 2.440893899999999839e+00
-1.260750584163380372e-01 7.365526137860056721e-02 9.892825592906036025e-01 5.086057699999999571e+00 2.115674327604590357e-02 9.972126497142493884e-01 -7.154944768366264252e-02 -3.308655999999999819e-01 -9.917950755369115967e-01 1.190939633800646574e-02 -1.272819485221523550e-01 2.431808900000000051e+00
-1.251825199070802641e-01 7.431508535813592664e-02 9.893465544478973195e-01 5.154187699999999595e+00 2.274651443719585830e-02 9.971435885849818659e-01 -7.202263411472012433e-02 -3.361662000000000261e-01 -9.918729418583166479e-01 1.348821085531276900e-02 -1.265153562902572304e-01 2.423160100000000039e+00
-1.243942913626819580e-01 7.470963244028130945e-02 9.894162577484837406e-01 5.223009600000000141e+00 2.488815872095593434e-02 9.970825414423042377e-01 -7.215944225419237967e-02 -3.411727999999999983e-01 -9.919206822280985936e-01 1.564852617960186751e-02 -1.258907613629753897e-01 2.414551499999999962e+00
-1.233507213203846875e-01 7.406017267500492052e-02 9.895957206723809962e-01 5.292123300000000086e+00 2.482623011218256653e-02 9.971294773489667307e-01 -7.152946036559582055e-02 -3.467878999999999823e-01 -9.920525479268512692e-01 1.574472054768955367e-02 -1.248352751697908714e-01 2.406037599999999888e+00
-1.219821003694469552e-01 7.440262760031891853e-02 9.897396709214130173e-01 5.361386300000000382e+00 2.618557976273899399e-02 9.970805016720425407e-01 -7.172718172295067252e-02 -3.524860000000000215e-01 -9.921868183975979250e-01 1.716747481711318815e-02 -1.235742497709630960e-01 2.397212500000000190e+00
-1.204506705754620211e-01 7.284906936323048976e-02 9.900427511228151456e-01 5.431911500000000004e+00 2.618479957439004760e-02 9.971899627350473416e-01 -7.018927618749164210e-02 -3.576848999999999723e-01 -9.923739175478012431e-01 1.746972562423896105e-02 -1.220197379830134654e-01 2.388450600000000090e+00
-1.195365776929737250e-01 7.156840953162887931e-02 9.902469234239330564e-01 5.501978900000000117e+00 2.474445211720104065e-02 9.973034090896237824e-01 -6.909140545418065993e-02 -3.634259000000000239e-01 -9.925213945718607267e-01 1.624416742487875404e-02 -1.209851575268690027e-01 2.380171499999999885e+00
-1.183557246327591878e-01 7.088344568996524098e-02 9.904380139987420950e-01 5.572695699999999697e+00 2.562678768144949215e-02 9.973346352513546842e-01 -6.831466227082719223e-02 -3.686253999999999920e-01 -9.926405140834140273e-01 1.729631334027629044e-02 -1.198567784693489457e-01 2.372111100000000139e+00
-1.167682236564813736e-01 7.173977450379610821e-02 9.905647816767233493e-01 5.643598100000000173e+00 2.343477965788163045e-02 9.973090423265758009e-01 -6.946571237693181800e-02 -3.739392000000000271e-01 -9.928826683181133372e-01 1.510227955616526632e-02 -1.181352111172234709e-01 2.363922800000000102e+00
-1.149055426028993826e-01 7.465398910141426980e-02 9.905672608108845312e-01 5.714471800000000101e+00 2.416989723799555650e-02 9.970870083001474038e-01 -7.234164738631887470e-02 -3.791704000000000185e-01 -9.930823391575532844e-01 1.562945265540923237e-02 -1.163752029560176648e-01 2.355383600000000133e+00
-1.138482739938290605e-01 7.307127342739760945e-02 9.908073271369793877e-01 5.785610700000000328e+00 2.206148804155256757e-02 9.972315966980510593e-01 -7.101009289142090619e-02 -3.848704000000000014e-01 -9.932531707747119798e-01 1.377430748728541293e-02 -1.151451570810828606e-01 2.347522999999999804e+00
-1.133117225573088416e-01 7.136030230911101502e-02 9.909935220703757208e-01 5.857151499999999622e+00 1.811516609596251423e-02 9.973999875730996667e-01 -6.975030857635210191e-02 -3.905811000000000144e-01 -9.933943297041772924e-01 1.004848463863746919e-02 -1.143098143995340266e-01 2.339855700000000205e+00
-1.135011832195512160e-01 7.268801516192102685e-02 9.908753371941310117e-01 5.929418599999999984e+00 1.524798006393114636e-02 9.973301399595945194e-01 -7.141492163508726676e-02 -3.956862999999999908e-01 -9.934208476329315918e-01 7.003169282263244089e-03 -1.143064963520102895e-01 2.332335000000000047e+00
-1.140282705253694712e-01 7.192103453626200182e-02 9.908707878993239238e-01 6.001985499999999973e+00 1.220553310536504066e-02 9.974023116820219803e-01 -7.099051776802647873e-02 -4.012138000000000093e-01 -9.934025259091134874e-01 3.999180240055771884e-03 -1.146098951871109550e-01 2.324738700000000158e+00
-1.155235084663180090e-01 6.917964684631121297e-02 9.908927769712789768e-01 6.074677900000000186e+00 1.020187683634178957e-02 9.976017916879997838e-01 -6.845865124225636311e-02 -4.068239000000000161e-01 -9.932523549937595231e-01 2.200382492304184257e-03 -1.159522212647903228e-01 2.317009000000000096e+00
-1.165645757967053581e-01 6.750392957773317104e-02 9.908864310105870432e-01 6.147545799999999616e+00 8.426707452146967731e-03 9.977188607203725246e-01 -6.697809764660370146e-02 -4.124074999999999824e-01 -9.931473658379456060e-01 5.426365325815543650e-04 -1.168675116306642225e-01 2.308853599999999950e+00
-1.177331101952780457e-01 6.660506253925398135e-02 9.908091039185541460e-01 6.220682599999999951e+00 6.498626190742592262e-03 9.977784809482030948e-01 -6.630136359328833717e-02 -4.180039999999999867e-01 -9.930240090860739111e-01 -1.366967753274508923e-03 -1.179044052518055663e-01 2.300610100000000102e+00
-1.195541683376149106e-01 6.687599712105538052e-02 9.905727645368441747e-01 6.294012500000000010e+00 6.427412520858728079e-03 9.977600217288487006e-01 -6.658548946980999417e-02 -4.231783000000000072e-01 -9.928068740703744899e-01 -1.593753027310386428e-03 -1.197162092195538374e-01 2.292236599999999846e+00
-1.218593785139193142e-01 6.492400163514130962e-02 9.904217111311129917e-01 6.365407000000000259e+00 5.919209905860096932e-03 9.978881669292766210e-01 -6.468515483956502332e-02 -4.290270999999999946e-01 -9.925297249061572069e-01 -2.019978764319828313e-03 -1.219863306420025939e-01 2.283514700000000008e+00
-1.247810297515793143e-01 6.101819234445673978e-02 9.903062530435472466e-01 6.438820399999999999e+00 3.475967018214429910e-03 9.981279135579510520e-01 -6.106214727422904637e-02 -4.335942999999999881e-01 -9.921782159810926816e-01 -4.177125742209998605e-03 -1.247595261016568591e-01 2.274712300000000020e+00
-1.285693516256303237e-01 6.010013431591560568e-02 9.898777175377645454e-01 6.510782200000000408e+00 2.724601357069013352e-03 9.981795821534260593e-01 -6.025029725616935783e-02 -4.393439000000000094e-01 -9.916967774325026186e-01 -5.049319480941404786e-03 -1.284990505909258118e-01 2.265365399999999863e+00
-1.345450665576261862e-01 6.574027366223866853e-02 9.887243506072952437e-01 6.582552399999999970e+00 -2.117788439959744640e-03 9.977754867420463025e-01 -6.663027111453320717e-02 -4.446946999999999983e-01 -9.909052124381662052e-01 -1.105868326188039555e-02 -1.341065452816747605e-01 2.256919400000000131e+00
-1.416687275070809271e-01 6.936194476771515016e-02 9.874810845097565792e-01 6.654835699999999576e+00 -1.745605875769773441e-03 9.975231164670043116e-01 -7.031774295355282256e-02 -4.496372000000000146e-01 -9.899125842753242477e-01 -1.168557794873157155e-02 -1.411967519504367941e-01 2.247052899999999909e+00
-1.510503469914669106e-01 6.544724307753765902e-02 9.863571620094354619e-01 6.726647899999999680e+00 2.601738699802846888e-04 9.978085139677838056e-01 -6.616722574628929043e-02 -4.550718999999999737e-01 -9.885260365732989607e-01 -9.737958048416938545e-03 -1.507363499283846942e-01 2.236794499999999797e+00
-1.609352674633862945e-01 6.334504583922073717e-02 9.849300710477446597e-01 6.798360299999999690e+00 3.504817572742228993e-03 9.979686195758276090e-01 -6.361093141669130202e-02 -4.606523000000000145e-01 -9.869587407487052655e-01 -6.785242040209953779e-03 -1.608303595413056453e-01 2.224454199999999826e+00
-1.741105161163635506e-01 6.440693745360746847e-02 9.826175627300485216e-01 6.869132500000000086e+00 4.063016017935589669e-03 9.978972318412379083e-01 -6.468853518540010339e-02 -4.659321000000000157e-01 -9.847177362465507899e-01 -7.270563351064525393e-03 -1.740060884855085810e-01 2.212578099999999992e+00
-1.879469688770686320e-01 6.438798416479316056e-02 9.800663877437671978e-01 6.939897099999999597e+00 5.718714398947076505e-03 9.979037003489342750e-01 -6.446317658576564136e-02 -4.712508999999999726e-01 -9.821625289103352863e-01 -6.510938879967554521e-03 -1.879211922039552007e-01 2.199126999999999832e+00
-2.024064075434628684e-01 6.233200761338567042e-02 9.773158992936903378e-01 7.010348300000000421e+00 7.018483951383273217e-03 9.980390187658630952e-01 -6.220014392183874363e-02 -4.765651000000000193e-01 -9.792764609998414471e-01 -5.730431725281256300e-03 -2.024469685716930867e-01 2.184999499999999983e+00
-2.174843282398840616e-01 6.529208206440235973e-02 9.738775646813834230e-01 7.079548800000000419e+00 1.156155053278691905e-02 9.978624646665203990e-01 -6.431821016582456307e-02 -4.816695999999999755e-01 -9.759953368327763945e-01 -2.728668054694752265e-03 -2.177743255099716668e-01 2.169508200000000109e+00
-2.326270143150505065e-01 6.838838327278121132e-02 9.701585959234709788e-01 7.147928199999999954e+00 1.183111188042675760e-02 9.976498410821020846e-01 -6.748940198675100477e-02 -4.869182000000000232e-01 -9.724940601374069127e-01 -4.221803191957793078e-03 -2.328894144766358032e-01 2.153529900000000108e+00
-2.478947772721372123e-01 7.235810034786760436e-02 9.660809928340610142e-01 7.215968100000000440e+00 1.174051499108332702e-02 9.973579977122620788e-01 -7.168810715266109301e-02 -4.923751000000000100e-01 -9.687158198919543217e-01 -6.428818976701083932e-03 -2.480893600653264475e-01 2.136749299999999963e+00
-2.636927425949336379e-01 7.019126176368814529e-02 9.620495435656021277e-01 7.283967500000000150e+00 8.365835810772208336e-03 9.974778931051335729e-01 -7.048308703320879665e-02 -4.976898000000000155e-01 -9.645704485904330605e-01 -1.053753000304605975e-02 -2.636148898819746789e-01 2.118995200000000079e+00
-2.797685171563082385e-01 6.411915861001529771e-02 9.579239585203536134e-01 7.351619200000000021e+00 2.761539937203381229e-03 9.978169332347029963e-01 -6.598288904911303598e-02 -5.033678999999999792e-01 -9.600635138913131694e-01 -1.581458975870165748e-02 -2.793348314217692918e-01 2.100204499999999808e+00
-2.952964922190502439e-01 5.986732961569403433e-02 9.535281246653452003e-01 7.418966799999999751e+00 -1.168081110590728916e-03 9.980114569352078746e-01 -6.302195976469440741e-02 -5.087517000000000289e-01 -9.554049493642177149e-01 -1.972396184212297371e-02 -2.946393525305249783e-01 2.080364199999999997e+00
