1.000000000000000000e+00 0.000000000000000000e+00 0.000000000000000000e+00 0.000000000000000000e+00 0.000000000000000000e+00 1.000000000000000000e+00 0.000000000000000000e+00 0.000000000000000000e+00 0.000000000000000000e+00 0.000000000000000000e+00 1.000000000000000000e+00 0.000000000000000000e+00
9.999946773872336880e-01 1.019600142500713441e-04 3.261104315720025123e-03 1.559999999999999972e-04 -9.603963227465834988e-05 9.999983472610608493e-01 -1.815558188482172246e-03 -1.237400000000000045e-03 -3.261284040304707633e-03 1.815235329709688917e-03 9.999930344492936607e-01 7.451800000000000090e-02
9.999737978548474127e-01 1.511476041807437057e-04 7.237455226429558540e-03 4.184999999999999810e-04 -1.416504248109954093e-04 9.999991283490403671e-01 -1.312720959169633769e-03 -2.477000000000000035e-03 -7.237647332522701045e-03 1.311661374457142367e-03 9.999729476368491854e-01 1.483097999999999916e-01
9.999206716564725816e-01 5.556831113937623365e-04 1.258338628304946950e-02 8.637999999999999628e-04 -5.390948842358061566e-04 9.999989813511008796e-01 -1.321617745975042129e-03 -3.956900000000000174e-03 -1.258410786565804067e-02 1.314729265056922532e-03 9.999199526543037786e-01 2.221603000000000050e-01
9.998167658594231400e-01 2.157608978257851123e-03 1.902050025367920186e-02 1.632800000000000007e-03 -2.114592365891477480e-03 9.999951618125316744e-01 -2.281414178688262809e-03 -5.265699999999999895e-03 -1.902533062864829663e-02 2.240775541090064653e-03 9.998164910219500268e-01 2.951571000000000056e-01
9.993850408502473748e-01 4.691280341067264638e-03 3.474956134271067754e-02 5.061200000000000074e-03 -4.651281296361464181e-03 9.999884240380776390e-01 -1.231816603159942942e-03 -7.923700000000000535e-03 -3.475493788012595786e-02 1.069429101538897078e-03 9.993952924715752140e-01 4.385337000000000263e-01
9.989554361091105283e-01 6.734586929412970067e-03 4.519603972636390687e-02 7.660199999999999822e-03 -6.719098325695512831e-03 9.999773042831748837e-01 -4.946071617175326922e-04 -9.410500000000000462e-03 -4.519834494477115161e-02 1.904138780827476342e-04 9.989780144511732907e-01 5.089225000000000554e-01
9.982672228248655744e-01 9.017493110864586298e-03 5.814840196880459444e-02 1.100229999999999958e-02 -9.004694698716463747e-03 9.999593406870295187e-01 -4.821266890799269468e-04 -1.074519999999999989e-02 -5.815038526882754244e-02 -4.231733598976264530e-05 9.983078337378356037e-01 5.790248999999999535e-01
9.972869141143653193e-01 1.129662285361919885e-02 7.274061622195447663e-02 1.531910000000000042e-02 -1.132241891992273250e-02 9.999358976946277622e-01 -5.771863519415910363e-05 -1.189570000000000037e-02 -7.273660540641387062e-02 -7.660376897786199757e-04 9.973508908203819745e-01 6.476022999999999641e-01
9.959179393347428189e-01 1.368202353403417601e-02 8.922029109599317886e-02 2.041940000000000074e-02 -1.386740453025409742e-02 9.999027796045496519e-01 1.458228613671746013e-03 -1.321239999999999915e-02 -8.919166554580036654e-02 -2.689529904942089544e-03 9.960108499539834792e-01 7.159345999999999766e-01
9.941809033461231904e-01 1.354971074455194220e-02 1.068678471787720824e-01 2.709719999999999837e-02 -1.385430893183869742e-02 9.999018017820433535e-01 2.108297190751460062e-03 -1.421840000000000083e-02 -1.068287861295240254e-01 -3.576608975318616018e-03 9.942709984316800975e-01 7.828469999999999596e-01
9.919470950557377487e-01 1.329971384887758748e-02 1.259526824725114014e-01 3.493399999999999977e-02 -1.356721733575957239e-02 9.999071593514643475e-01 1.266211455344279802e-03 -1.534939999999999916e-02 -1.259241486937575649e-01 -2.964842191981533186e-03 9.920354421524107957e-01 8.489824999999999733e-01
9.892248322617704925e-01 1.252468867183565565e-02 1.458676228994822688e-01 4.435440000000000216e-02 -1.269030783691665540e-02 9.999194538083415740e-01 2.048966375716738259e-04 -1.617220000000000116e-02 -1.458533075513759603e-01 -2.053793879966542713e-03 9.893040961236450048e-01 9.147636999999999574e-01
9.820533284030082966e-01 4.670710999773052333e-03 1.885456035852592915e-01 6.689760000000000151e-02 -5.116273701767795959e-03 9.999851510741457616e-01 1.876532607402446899e-03 -1.804580000000000073e-02 -1.885340391440806784e-01 -2.807506006163546647e-03 9.820626426018065347e-01 1.042353499999999933e+00
9.773288171653667922e-01 -8.228772046053248320e-04 2.117255440688519674e-01 8.051360000000000461e-02 7.001717896490855693e-05 9.999936489660862238e-01 3.563302553327817989e-03 -1.919430000000000094e-02 -2.117271315531853992e-01 -3.467693844335695535e-03 9.773226677324444722e-01 1.104899400000000087e+00
9.718572135210187257e-01 -5.784108907590543996e-03 2.354996828263388187e-01 9.557490000000000430e-02 5.245850877227732981e-03 9.999820003455801576e-01 2.912049694969032296e-03 -2.000700000000000048e-02 -2.355122875260119986e-01 -1.594700284445933498e-03 9.718700629998168194e-01 1.166661399999999960e+00
9.654194425505393529e-01 -1.189101912356510700e-02 2.604302279106801565e-01 1.122075000000000017e-01 1.204254898959763141e-02 9.999269718842299648e-01 1.013860082745769546e-03 -2.092170000000000141e-02 -2.604232650114788328e-01 2.157443542077777839e-03 9.654921379680539983e-01 1.226647700000000007e+00
9.579316513100244457e-01 -1.529094139367095061e-02 2.865887969369094179e-01 1.300108000000000097e-01 1.544184758016414229e-02 9.998792645150857972e-01 1.733705881085193402e-03 -2.171820000000000001e-02 -2.865807054945618271e-01 2.764688782928527520e-03 9.580521153539471868e-01 1.285827999999999971e+00
9.395803641793440963e-01 -2.188663275522199220e-02 3.416280353765617228e-01 1.699192999999999953e-01 2.072825135835915100e-02 9.997603506304352239e-01 7.041370813553757269e-03 -2.344040000000000012e-02 -3.417002763303476076e-01 4.654180350271391702e-04 9.398088659625513097e-01 1.401245499999999922e+00
9.286914784095927633e-01 -2.519196629361153753e-02 3.699966253409165962e-01 1.923609000000000013e-01 2.447695249603332526e-02 9.996784226741136647e-01 6.627973770557700657e-03 -2.425410000000000066e-02 -3.700446145073753579e-01 2.901047062323021224e-03 9.290094548496427018e-01 1.456813200000000030e+00
9.166621296634420712e-01 -2.474045903825075957e-02 3.988965401297179802e-01 2.160245000000000082e-01 2.565436312524825915e-02 9.996662261129661831e-01 3.047953690262248348e-03 -2.502619999999999845e-02 -3.988388066544189536e-01 7.439492969061610277e-03 9.169908725013801165e-01 1.511221600000000054e+00
9.035718026595862540e-01 -2.578406526909747531e-02 4.276601213776010102e-01 2.412700999999999874e-01 2.965726456199660466e-02 9.995572540976709330e-01 -2.396338753962242059e-03 -2.555920000000000067e-02 -4.274089892564325588e-01 1.484849349001178889e-02 9.039364347916680753e-01 1.564309399999999961e+00
8.894364638303317028e-01 -2.749190984901064144e-02 4.562312699737369748e-01 2.681802999999999826e-01 3.337640145372048478e-02 9.994311146293003434e-01 -4.843855575311534732e-03 -2.628370000000000012e-02 -4.558385598377950876e-01 1.953565979659410701e-02 8.898480574577418700e-01 1.615968099999999907e+00
8.738814563586380091e-01 -2.800704150822888247e-02 4.853316452267069647e-01 2.967382000000000075e-01 3.281591841490175132e-02 9.994604152870423253e-01 -1.412010212242815338e-03 -2.705379999999999938e-02 -4.850302214616037388e-01 1.716053321459767855e-02 8.743290000730264966e-01 1.666987199999999891e+00
8.364428996613747502e-01 -2.712201196112391799e-02 5.473825646412679991e-01 3.578395999999999799e-01 2.725305322859619683e-02 9.995974771335709441e-01 7.883831423825848547e-03 -2.870810000000000028e-02 -5.473760560124918406e-01 8.323471353987617685e-03 8.368453699034420490e-01 1.765635700000000030e+00
7.937475492209362660e-01 -1.392187562182400223e-02 6.080879948534816393e-01 4.253868000000000094e-01 2.070645758154601029e-02 9.997770304331430324e-01 -4.139085975145922157e-03 -2.956049999999999997e-02 -6.078947858965242368e-01 1.587673762006780800e-02 7.938588404007116406e-01 1.857482700000000042e+00
7.478621954587104659e-01 -1.394387597976111046e-02 6.637075447260930572e-01 4.983042999999999778e-01 2.103370325623877754e-02 9.997751312972090743e-01 -2.696324716511452543e-03 -3.128179999999999850e-02 -6.635207004540296660e-01 1.597670686685530306e-02 7.479873160065513282e-01 1.943601799999999935e+00
7.233459887914095443e-01 -1.408448047556262045e-02 6.903420948407475999e-01 5.371951000000000365e-01 2.132790875403449415e-02 9.997706324857839055e-01 -1.950058244041570979e-03 -3.231350000000000194e-02 -6.901562872332308585e-01 1.613412001656957390e-02 7.234804692344731780e-01 1.984350899999999918e+00
6.980429640210539244e-01 -1.228622067680859402e-02 7.159504655785781102e-01 5.766497000000000428e-01 2.213071901608801989e-02 9.997453112994596491e-01 -4.420838221146379705e-03 -3.349570000000000325e-02 -7.157138056908870505e-01 1.893043359850348634e-02 6.981370832631941248e-01 2.022900599999999827e+00
6.719788485577664616e-01 -9.842052695404033408e-03 7.405049365734973632e-01 6.176019000000000370e-01 2.204813956488831453e-02 9.997343229883874915e-01 -6.720340815587349387e-03 -3.436530000000000140e-02 -7.402420594864261849e-01 2.084268307323538724e-02 6.720173181768480664e-01 2.060050700000000123e+00
6.451102955922257687e-01 -7.539075599567684680e-03 7.640522684083956850e-01 6.602234999999999632e-01 2.063949733703407396e-02 9.997583870880071277e-01 -7.561653050838821645e-03 -3.523910000000000237e-02 -7.638106556409027803e-01 2.064775499396241318e-02 6.451100313459120494e-01 2.096067199999999797e+00
6.171133437507675401e-01 -6.270769601081008573e-03 7.868492857042936883e-01 7.038168000000000202e-01 2.089318144307087538e-02 9.997462676708298579e-01 -8.418743815585027698e-03 -3.650450000000000222e-02 -7.865968445995279446e-01 2.163510404078729243e-02 6.170877784717587744e-01 2.130526999999999838e+00
5.882973078270306022e-01 2.894319647395744016e-04 8.086446647524523357e-01 7.483716999999999731e-01 1.967938261300813951e-02 9.996986411388648630e-01 -1.467476763284621816e-02 -3.763160000000000116e-02 -8.084052198640474529e-01 2.454675404702187647e-02 5.881143233779604351e-01 2.163560899999999787e+00
5.278135962787954272e-01 1.802362357274521834e-02 8.491689799895852930e-01 8.426633000000000040e-01 1.771778511104580775e-02 9.993236372079541407e-01 -3.222341087197316128e-02 -4.067570000000000213e-02 -8.491754163151471468e-01 3.205334788712681932e-02 5.271372641117524349e-01 2.224739099999999858e+00
4.962507417038252711e-01 2.299713884146854792e-02 8.678746067050870927e-01 8.917186999999999752e-01 1.517579802866820399e-02 9.992665953691340919e-01 -3.515631569963383746e-02 -4.275899999999999840e-02 -8.680465981228175920e-01 3.061703748708338030e-02 4.955377891774936927e-01 2.252830700000000075e+00
4.637260713706116144e-01 2.288960483089537423e-02 8.856828985149617361e-01 9.423677000000000303e-01 1.326939992558914642e-02 9.993746508475246371e-01 -3.277545223186043716e-02 -4.487529999999999991e-02 -8.858792546147545854e-01 2.695131228852579858e-02 4.631323493442593975e-01 2.279958999999999847e+00
4.306936667016489362e-01 2.146402330453311275e-02 9.022429058555523351e-01 9.945905999999999914e-01 8.834559268519887390e-03 9.995689767534080561e-01 -2.799662970208975643e-02 -4.729049999999999920e-02 -9.024549385014299929e-01 2.002888952806381601e-02 4.303184025331158180e-01 2.305214400000000108e+00
3.965755965978595698e-01 2.305431544597221633e-02 9.177125338156657541e-01 1.047631399999999990e+00 4.627291101524986724e-03 9.996217028214650080e-01 -2.711161052716186404e-02 -4.920789999999999886e-02 -9.179904053747585113e-01 1.499832616102120438e-02 3.963188941398758658e-01 2.328596800000000133e+00
3.613848660328252693e-01 2.604837315506093598e-02 9.320528208521295932e-01 1.101772900000000055e+00 -2.534378463365146925e-03 9.996334510226547732e-01 -2.695441563718577183e-02 -5.130330000000000307e-02 -9.324132965205084167e-01 7.378743288151105514e-03 3.613184172156828078e-01 2.350707299999999833e+00
2.895020929690687028e-01 2.739786886699441606e-02 9.567851874627217867e-01 1.213694300000000004e+00 -1.006560596906278318e-02 9.996221306157241360e-01 -2.557888894685995604e-02 -5.540479999999999711e-02 -9.571244546781805251e-01 -2.225480808096289703e-03 2.896684751438591832e-01 2.388424399999999892e+00
2.531853096157640204e-01 2.671493211977600188e-02 9.670488671192398744e-01 1.271101599999999943e+00 -1.052773618542117776e-02 9.996355356382830015e-01 -2.485885475989037252e-02 -5.753930000000000156e-02 -9.673605148886219585e-01 -3.886938512365630330e-03 2.533742803510672381e-01 2.403834100000000085e+00
2.170861454521969547e-01 2.625483454924994534e-02 9.757993078064250980e-01 1.328880800000000084e+00 -1.001411825731212887e-02 9.996455260103243035e-01 -2.466859872531478731e-02 -5.963059999999999888e-02 -9.761010823107592049e-01 -4.416558652791306369e-03 2.172721130781175569e-01 2.417142399999999913e+00
1.821088006316683161e-01 2.498708857648448273e-02 9.829608487304903885e-01 1.388094399999999951e+00 -7.585411410579036284e-03 9.996830160003358223e-01 -2.400685431714412454e-02 -6.142870000000000275e-02 -9.832491272644117153e-01 -3.084302991478412095e-03 1.822406124024752438e-01 2.427832800000000013e+00
1.476899198516481992e-01 2.380176269098956479e-02 9.887472698657706616e-01 1.448278200000000071e+00 4.720356888548993268e-04 9.997085695344922751e-01 -2.413613849826608954e-02 -6.383010000000000073e-02 -9.890336014294569544e-01 4.031388358971684308e-03 1.476356432281071829e-01 2.436330100000000165e+00
1.138348772899574618e-01 2.716235520196521452e-02 9.931283034795971298e-01 1.508413299999999957e+00 2.607785712834324171e-03 9.996145774748566026e-01 -2.763866772186635706e-02 -6.611780000000000435e-02 -9.934962607710490223e-01 5.736110149402050620e-03 1.137201691622803379e-01 2.443388000000000115e+00
8.084221727406117053e-02 3.264745900446255206e-02 9.961920895724706293e-01 1.568865200000000071e+00 3.123670173513755713e-03 9.994502152620577951e-01 -3.300772481213014309e-02 -6.783930000000000515e-02 -9.967220167081994875e-01 5.780193178272514248e-03 8.069579156288919641e-02 2.448845899999999798e+00
2.641651284545113582e-02 3.423340952036535434e-02 9.990646833522328629e-01 1.691967199999999893e+00 1.245979651932483875e-02 9.993245451024596049e-01 -3.457176631963124191e-02 -7.340159999999999740e-02 -9.995733696531653445e-01 1.336140817328500263e-02 2.597212836568729699e-02 2.452728000000000019e+00
4.473263518276238658e-03 3.122208388608608415e-02 9.995024619235844954e-01 1.754481600000000086e+00 1.433052959440586638e-02 9.994078213296206936e-01 -3.128326368403354374e-02 -7.593800000000000550e-02 -9.998873065676151528e-01 1.446333789244785666e-02 4.023185549905106129e-03 2.452707999999999888e+00
-1.489901636746893306e-02 2.848203561812702456e-02 9.994832629705862059e-01 1.816459999999999964e+00 1.434024956093179863e-02 9.994974933698531627e-01 -2.826867506464530305e-02 -7.867200000000000581e-02 -9.997861654142911059e-01 1.391166397049781872e-02 -1.529996901172891999e-02 2.452416700000000116e+00
-4.533067459338031846e-02 3.616559848278550621e-02 9.983171737615710306e-01 1.941015200000000052e+00 1.875556919714591736e-02 9.991991268354988298e-01 -3.534591285095989299e-02 -8.341880000000000128e-02 -9.987959544196201023e-01 1.712175275953144518e-02 -4.597267685746986299e-02 2.447115900000000011e+00
-6.638962433916312245e-02 4.491054662318109264e-02 9.967825543126805909e-01 2.066292499999999865e+00 2.821047528615377303e-02 9.986716759547605848e-01 -4.311673375661621843e-02 -8.916509999999999714e-02 -9.973949001595278085e-01 2.525720585727364922e-02 -6.756838527039987774e-02 2.438890699999999967e+00
-7.564739642013794396e-02 5.467207382851717312e-02 9.956346899129938643e-01 2.192401600000000172e+00 3.374775695027930345e-02 9.980640910745456340e-01 -5.224135343160503375e-02 -9.632380000000000109e-02 -9.965633749620136372e-01 2.964851515388525205e-02 -7.734600980975336881e-02 2.429416199999999915e+00
-7.820720356395757800e-02 5.857001280802773269e-02 9.952151460414844220e-01 2.256049899999999830e+00 3.638616507093962726e-02 9.977753041796976197e-01 -5.586134048286133663e-02 -1.004217000000000026e-01 -9.962728944933392228e-01 3.184330335846607268e-02 -8.016435447931125058e-02 2.424117600000000206e+00
-8.302408947191088073e-02 6.482717151287964441e-02 9.944367442934717305e-01 2.383508899999999819e+00 3.792456217877143709e-02 9.973645703811612195e-01 -6.185176902846215019e-02 -1.090765999999999958e-01 -9.958256514826823169e-01 3.257839133599779724e-02 -8.526382742435356654e-02 2.413087800000000005e+00
-8.525070506703889828e-02 6.885185444687644263e-02 9.939777358798330686e-01 2.447228200000000076e+00 3.877149682569552142e-02 9.970831498956018724e-01 -6.574163998684377785e-02 -1.130976000000000065e-01 -9.956048856446356732e-01 3.293348347033510370e-02 -8.767153099519442438e-02 2.407840300000000155e+00
-8.743555812436148988e-02 7.057730496307713930e-02 9.936668793914940068e-01 2.511809299999999912e+00 4.172269874162928827e-02 9.968712532695350736e-01 -6.713360421236050368e-02 -1.174062000000000022e-01 -9.952960562491928176e-01 3.558859970517844890e-02 -9.010667004072403508e-02 2.402004699999999993e+00
-8.932420313522142219e-02 6.918616050491127600e-02 9.935967300312770201e-01 2.575759399999999921e+00 4.129728815355920152e-02 9.969838562878535759e-01 -6.570939272708690992e-02 -1.221518000000000048e-01 -9.951460800934802675e-01 3.516341132468946140e-02 -9.191198930820232427e-02 2.396130600000000221e+00
-9.339509029739120893e-02 6.995367138157351783e-02 9.931685863782548918e-01 2.706303600000000031e+00 4.070357582668215901e-02 9.969629648249839216e-01 -6.639326533843158129e-02 -1.319260999999999906e-01 -9.947967511121373896e-01 3.422470785290454565e-02 -9.595881069041889422e-02 2.383261000000000074e+00
-9.808667489983204091e-02 7.417887322419930429e-02 9.924094411956604356e-01 2.837508399999999931e+00 3.844943075786474290e-02 9.967560634893664062e-01 -7.070354426461517017e-02 -1.419321000000000055e-01 -9.944348372223746901e-01 3.122250253215460084e-02 -1.006206234036480796e-01 2.370042300000000157e+00
-1.006377109420929228e-01 7.774205758570687519e-02 9.918811539789816889e-01 2.902728999999999893e+00 3.620526248774855183e-02 9.965683428126326238e-01 -7.443599312077670005e-02 -1.470057999999999920e-01 -9.942641651515601309e-01 2.842024957708363248e-02 -1.031070284192464603e-01 2.363742600000000138e+00
-1.027091786632415155e-01 8.164204896567951730e-02 9.913553351140081960e-01 2.968668200000000201e+00 3.292742631207590254e-02 9.963589284251228584e-01 -7.864267508168723553e-02 -1.526961000000000013e-01 -9.941662885125327476e-01 2.456545518052952876e-02 -1.050234697436160936e-01 2.356914999999999871e+00
-1.053826745159213568e-01 8.426268287171867488e-02 9.908553336320752303e-01 3.034580500000000125e+00 3.059634865126163034e-02 9.962065717903964002e-01 -8.146367147898619931e-02 -1.581259000000000137e-01 -9.939609425732388592e-01 2.173169567442718303e-02 -1.075610433290430379e-01 2.350268100000000082e+00
-1.082012583573561393e-01 8.249687867262260610e-02 9.907001325825888216e-01 3.101451200000000075e+00 2.854104609761813627e-02 9.963978724102739992e-01 -7.985417048553490604e-02 -1.638548999999999978e-01 -9.937192241159160666e-01 1.963529642133833922e-02 -1.101660508364890045e-01 2.343287000000000120e+00
-1.133481178301766201e-01 7.686824924427169969e-02 9.905773450076864606e-01 3.235856300000000019e+00 2.544550889390427215e-02 9.969002609826758121e-01 -7.444726811510971043e-02 -1.750311999999999979e-01 -9.932294449227161426e-01 1.676728692404696325e-02 -1.149527199666021682e-01 2.328404900000000222e+00
-1.147606925268136874e-01 7.758056145947810067e-02 9.903591469433693506e-01 3.303033600000000014e+00 2.493672009386298585e-02 9.968566246393651964e-01 -7.519993286946613509e-02 -1.801452000000000053e-01 -9.930801294164165460e-01 1.606631246565389665e-02 -1.163345613393952371e-01 2.320206600000000119e+00
-1.163690628492344975e-01 8.008200813184812583e-02 9.899722789983369520e-01 3.369960299999999798e+00 2.679788980399614232e-02 9.966344030990078595e-01 -7.747089557722361408e-02 -1.858172999999999908e-01 -9.928444562536689055e-01 1.751395252519593118e-02 -1.181234403211377515e-01 2.312849500000000003e+00
-1.172424183927416041e-01 8.268337644512663287e-02 9.896553312083226084e-01 3.436869399999999963e+00 2.732981279354909296e-02 9.964192673001621703e-01 -8.001078105903916549e-02 -1.915327000000000002e-01 -9.927272015322693433e-01 1.766643746320736147e-02 -1.190823258307784904e-01 2.305196299999999976e+00
-1.176704283262097056e-01 8.352468010705682566e-02 9.895338792131069816e-01 3.504337500000000105e+00 2.631595782703374450e-02 9.963688902195650954e-01 -8.097224812414441364e-02 -1.970841000000000121e-01 -9.927039541883428964e-01 1.651249271448900630e-02 -1.194411860422602834e-01 2.297593800000000019e+00
-1.179325065771865688e-01 8.236055404062300744e-02 9.896002541584877354e-01 3.571702999999999850e+00 2.287660193828570249e-02 9.965154509658884496e-01 -8.020983150468051492e-02 -2.028434000000000070e-01 -9.927580697109336105e-01 1.317934461092931664e-02 -1.194056945855066498e-01 2.290395999999999876e+00
-1.180261012181417629e-01 8.162905444567529478e-02 9.896497041385656779e-01 3.640171299999999999e+00 1.928096146761675012e-02 9.966160559980773437e-01 -7.990420171506387725e-02 -2.087950000000000084e-01 -9.928232893904784806e-01 9.650616412557079526e-03 -1.192005941542593206e-01 2.282614500000000213e+00
-1.176533500930676962e-01 8.260894479596964102e-02 9.896127785409677413e-01 3.708973400000000087e+00 1.572217850314562571e-02 9.965640303660829868e-01 -8.132002510835906195e-02 -2.148213999999999957e-01 -9.929302605495479161e-01 5.991295369564185458e-03 -1.185478893308580250e-01 2.274424600000000130e+00
-1.180567893032451465e-01 8.308965026620676597e-02 9.895244840417284360e-01 3.777636300000000169e+00 1.102740776390707944e-02 9.965413678487765603e-01 -8.236321050139949751e-02 -2.205091999999999886e-01 -9.929456132021622361e-01 1.188353789395364679e-03 -1.185647377505366640e-01 2.267007099999999831e+00
-1.186720193024451697e-01 8.253744850881547523e-02 9.894971053157934904e-01 3.846086999999999811e+00 7.851854648029850392e-03 9.965859890957168288e-01 -8.218707146928896923e-02 -2.265377000000000085e-01 -9.929024625879754318e-01 -1.983918286229013894e-03 -1.189149437832237588e-01 2.259593999999999880e+00
-1.191301510581373735e-01 7.739489157675899511e-02 9.898575846386625798e-01 3.915347099999999969e+00 8.074904198028629021e-03 9.969998212203731169e-01 -7.698150692690206021e-02 -2.323923999999999990e-01 -9.928458103004000890e-01 -1.177813383235679079e-03 -1.193976956418181246e-01 2.251722599999999908e+00
-1.195578021195205509e-01 6.882054947530971689e-02 9.904391268130846582e-01 3.985007799999999989e+00 1.131515319359931854e-02 9.976242929443315255e-01 -6.795393612976222131e-02 -2.380215999999999998e-01 -9.927627608147652216e-01 3.082547199780141800e-03 -1.200524828656458487e-01 2.243493099999999796e+00
-1.195009728989450404e-01 6.339773289145321511e-02 9.908078748881791187e-01 4.055558699999999739e+00 1.680225453843814387e-02 9.979453856046757165e-01 -6.182791920128620500e-02 -2.433569999999999900e-01 -9.926918966721905990e-01 9.259309615689086809e-03 -1.203206693249736503e-01 2.234641100000000158e+00
-1.185969497468447598e-01 6.594121485757151180e-02 9.907504830651622241e-01 4.124950400000000350e+00 2.533723442494030531e-02 9.976684992806911234e-01 -6.336868386442268131e-02 -2.480449999999999877e-01 -9.926191555991855653e-01 1.758754463025224285e-02 -1.199912088923138498e-01 2.225577599999999823e+00
-1.173715151643498905e-01 7.163154799547409579e-02 9.905013118415325613e-01 4.194949199999999934e+00 3.071212592397381744e-02 9.971799770398902529e-01 -6.847524159836210211e-02 -2.528915999999999942e-01 -9.926130629551753737e-01 2.238335815949373322e-02 -1.192404819188896958e-01 2.216593699999999778e+00
-1.162039249280196057e-01 7.750181663316275948e-02 9.901970088067739706e-01 4.265282199999999690e+00 3.431674193649258964e-02 9.966690271472956608e-01 -7.398115670985133674e-02 -2.578912999999999900e-01 -9.926323634932456841e-01 2.538343443710932429e-02 -1.184764626497162299e-01 2.207814200000000060e+00
-1.155610274964578715e-01 8.180561939258723658e-02 9.899260020626584611e-01 4.336060999999999943e+00 3.535477062617992106e-02 9.963101248434462764e-01 -7.820598013199865639e-02 -2.636152999999999968e-01 -9.926709873457234545e-01 2.596104331939526680e-02 -1.180268406415904137e-01 2.199467900000000142e+00
-1.150926221494427554e-01 7.914444632347306108e-02 9.901968718103064671e-01 4.407442600000000432e+00 3.242641297477515117e-02 9.965890758221371826e-01 -7.588637356975243276e-02 -2.690564999999999762e-01 -9.928253703790788087e-01 2.337457097209652210e-02 -1.172664204430043933e-01 2.190810200000000041e+00
-1.144736811817902017e-01 7.459156711198294820e-02 9.906219634312919409e-01 4.478558099999999875e+00 3.138805724604287750e-02 9.969508383421201714e-01 -7.144099517267889221e-02 -2.747434000000000265e-01 -9.929302927089135311e-01 2.291558519266172558e-02 -1.164659168008773671e-01 2.182331099999999857e+00
-1.144597550883309639e-01 7.276146989783614794e-02 9.907596746756628381e-01 4.549925799999999576e+00 2.909172338786135056e-02 9.971319149853705710e-01 -6.986856051137591006e-02 -2.800535000000000108e-01 -9.930018308620800482e-01 2.082576807500554836e-02 -1.162482313355460706e-01 2.174312099999999859e+00
-1.144421557141850759e-01 7.372852489364452311e-02 9.906902127368057975e-01 4.621469499999999897e+00 2.742885967623925891e-02 9.970965020698141501e-01 -7.103677369505409511e-02 -2.850798999999999972e-01 -9.930511822924090737e-01 1.904390131113875909e-02 -1.161321625153868276e-01 2.166549900000000139e+00
-1.139409761875385257e-01 7.862307760020445513e-02 9.903715795670344768e-01 4.692404699999999984e+00 2.872543805111595766e-02 9.967075734917627550e-01 -7.582125132793442190e-02 -2.908399999999999874e-01 -9.930721540523639312e-01 1.980971006437315385e-02 -1.158243162421570549e-01 2.158117999999999981e+00
-1.132091769404287573e-01 8.154255433989072988e-02 9.902194171435929615e-01 4.764339900000000405e+00 2.806267381430811725e-02 9.964913710575684647e-01 -7.885070542613492606e-02 -2.962146999999999974e-01 -9.931747925691947199e-01 1.886158104543003006e-02 -1.151002700500926013e-01 2.149838200000000032e+00
-1.129263949373977977e-01 7.986672341771633432e-02 9.903882752824575419e-01 4.836284599999999934e+00 2.842614577123692837e-02 9.966159088443056202e-01 -7.712771534948563434e-02 -3.027171000000000167e-01 -9.931966489890284855e-01 1.944316663912785612e-02 -1.148145448451887152e-01 2.141669300000000220e+00
-1.124875281971103036e-01 7.319921392999148568e-02 9.909532940962130221e-01 4.908790100000000045e+00 3.026500681257698888e-02 9.970726064675589084e-01 -7.021571615118107901e-02 -3.085465000000000013e-01 -9.931921190599223292e-01 2.209281584633122908e-02 -1.143736076428522042e-01 2.133584700000000112e+00
-1.129595251072261775e-01 7.190336615864614811e-02 9.909944760807729569e-01 4.981433400000000233e+00 2.950051896625405928e-02 9.971811040841960239e-01 -6.898960094206592342e-02 -3.140072999999999892e-01 -9.931615503372408504e-01 2.144181877732103184e-02 -1.147622905803509230e-01 2.125562400000000185e+00
-1.129071381219284853e-01 7.517666708913355034e-02 9.907575116477721489e-01 5.053411500000000167e+00 2.673201509733700090e-02 9.970025270810159990e-01 -7.260413461300618820e-02 -3.193790000000000240e-01 -9.932458796944246826e-01 1.828741970419450746e-02 -1.145783258326422693e-01 2.117956200000000067e+00
-1.126707889804573620e-01 7.834147119693019024e-02 9.905392002345098090e-01 5.126185900000000295e+00 2.648583665537751486e-02 9.967695788762157560e-01 -7.582154762068732401e-02 -3.247465999999999964e-01 -9.932793130671685455e-01 1.769238586601735302e-02 -1.143817542931653275e-01 2.109898299999999782e+00
-1.128787773849477261e-01 7.775912750605676327e-02 9.905614063275312020e-01 5.198815800000000209e+00 2.542845256480929378e-02 9.968325881161392843e-01 -7.535373295224863377e-02 -3.304625999999999952e-01 -9.932833308861268584e-01 1.668260648628875145e-02 -1.144985380892916682e-01 2.102066999999999908e+00
-1.128896986793021945e-01 7.431724687938499885e-02 9.908243349597170013e-01 5.271723699999999901e+00 2.459660628273696581e-02 9.971023337617271887e-01 -7.198571362631039916e-02 -3.361373999999999751e-01 -9.933030367876003464e-01 1.624447054187013600e-02 -1.143905340722995989e-01 2.094112200000000090e+00
-1.117906358710413495e-01 7.312987394093260762e-02 9.910372723913726256e-01 5.345627799999999930e+00 2.505588988415821672e-02 9.971788647892403379e-01 -7.075672406036646878e-02 -3.420269000000000226e-01 -9.934158525580619736e-01 1.692138159327456759e-02 -1.133075934406587715e-01 2.085533900000000163e+00
-1.110076203464004513e-01 7.343020941379495292e-02 9.911030786807573101e-01 5.418808900000000150e+00 2.708264779792089391e-02 9.971197792021507800e-01 -7.084261508518632788e-02 -3.479678999999999967e-01 -9.934504710418547990e-01 1.897762549162347948e-02 -1.126765783888403760e-01 2.077537799999999990e+00
-1.098663213744337369e-01 7.380023196640932148e-02 9.912027629044188881e-01 5.492733499999999935e+00 2.923810221396818884e-02 9.970480893282536172e-01 -7.099465434667850960e-02 -3.533178000000000152e-01 -9.935162428498967024e-01 2.118096618624804722e-02 -1.116997845335514494e-01 2.069014300000000084e+00
-1.091481389226868493e-01 7.323499560192611724e-02 9.913240233086758613e-01 5.566618899999999925e+00 2.908701927426022432e-02 9.970905454829238623e-01 -7.045842333109829381e-02 -3.591222000000000025e-01 -9.935998334739458704e-01 2.114425519500044703e-02 -1.109607651054913546e-01 2.061331500000000094e+00
-1.075003030447350266e-01 7.387131611892740202e-02 9.914568641651270164e-01 5.640715600000000052e+00 3.028074583610156079e-02 9.970164234519427460e-01 -7.100230840406476784e-02 -3.648956999999999895e-01 -9.937438106860837506e-01 2.238928364092977047e-02 -1.094164462096371970e-01 2.052650900000000167e+00
-1.060360991264997221e-01 7.220619525333737965e-02 9.917371683309406105e-01 5.716275699999999738e+00 3.041555476227768978e-02 9.971288405222870077e-01 -6.934673335624765012e-02 -3.705021000000000009e-01 -9.938969965295891829e-01 2.281097906089392391e-02 -1.079278440614165335e-01 2.044296000000000113e+00
-1.054083232669079800e-01 7.095720045939271636e-02 9.918942287809846547e-01 5.791106700000000274e+00 2.866238611394137173e-02 9.972533832847195745e-01 -6.829463485103080822e-02 -3.766321000000000252e-01 -9.940158716078502099e-01 2.123123242173778624e-02 -1.071526096814248152e-01 2.036892400000000158e+00
-1.040675837507389900e-01 7.022757503321817862e-02 9.920877106976163651e-01 5.866809800000000408e+00 2.983363955818621807e-02 9.972754801606410480e-01 -6.746532902962210088e-02 -3.821079000000000003e-01 -9.941226745040049328e-01 2.257663339199747488e-02 -1.058791937147623985e-01 2.029237699999999922e+00
-1.026600274766383269e-01 7.130942896411998633e-02 9.921571871932927111e-01 5.942788099999999574e+00 2.759351319760756927e-02 9.972474050925872469e-01 -6.882013561098862531e-02 -3.875919999999999921e-01 -9.943337049441242081e-01 2.031202542614924181e-02 -1.043451236770465140e-01 2.021757800000000049e+00
-1.006921258770564903e-01 7.412147324077378308e-02 9.921527619227679118e-01 6.018542300000000012e+00 2.831397808242580583e-02 9.970305869660948117e-01 -7.161234041136027573e-02 -3.931471999999999745e-01 -9.945146627533991701e-01 2.088099276044817418e-02 -1.024918031348418523e-01 2.013578700000000055e+00
-9.980122894380084875e-02 7.270506201347118336e-02 9.923475644444967880e-01 6.094695599999999658e+00 2.620256490965090432e-02 9.971729901324646317e-01 -7.042338633178073237e-02 -3.991503000000000134e-01 -9.946623247582382366e-01 1.897371096799513671e-02 -1.014241489914526895e-01 2.006456399999999807e+00
-9.916821560281753600e-02 7.094884910883808571e-02 9.925381231087724299e-01 6.170981900000000131e+00 2.262382123835870659e-02 9.973578173469016539e-01 -6.903294061242964963e-02 -4.052501000000000020e-01 -9.948134637844061601e-01 1.560913153111901167e-02 -1.005113291431186662e-01 1.999272600000000066e+00
-9.915799747219729288e-02 7.233928711316636728e-02 9.924387734652766468e-01 6.247717399999999977e+00 1.995789534742605648e-02 9.972979871445096789e-01 -7.069941478407389124e-02 -4.105930999999999886e-01 -9.948715364058844379e-01 1.279657678710284519e-02 -1.003338112100147228e-01 1.992133600000000060e+00
-9.993324630841780853e-02 7.178378976657145971e-02 9.924013471418756671e-01 6.324650799999999684e+00 1.721557996826051859e-02 9.973695980097754266e-01 -7.040957869619231257e-02 -4.163350000000000106e-01 -9.948451990579324500e-01 1.004850698201189760e-02 -1.009061812715897899e-01 1.985257899999999909e+00
-1.012527219174139542e-01 6.899500298025773581e-02 9.924654028569808162e-01 6.401946099999999973e+00 1.512699725300415549e-02 9.975837361816501936e-01 -6.780754574505150345e-02 -4.223273000000000166e-01 -9.947457264338572802e-01 8.147322849493186109e-03 -1.020517558494888899e-01 1.977954299999999943e+00
-1.022853912805376242e-01 6.749882825447758861e-02 9.924623957182762135e-01 6.479245699999999886e+00 1.335928968156525898e-02 9.976984471217462680e-01 -6.647810158285258342e-02 -4.281090000000000173e-01 -9.946653849962768801e-01 6.458854010471314772e-03 -1.029517124436504227e-01 1.970261100000000098e+00
-1.035407353452442725e-01 6.647375500826126216e-02 9.924014087148743668e-01 6.556903799999999727e+00 1.157615544583094278e-02 9.977771362147954681e-01 -6.562605482653673106e-02 -4.340613999999999861e-01 -9.945578458537539523e-01 4.693222997398049934e-03 -1.040800889153955522e-01 1.962522000000000100e+00
-1.050129919523235672e-01 6.676111006188585606e-02 9.922274062454262689e-01 6.634672600000000031e+00 1.204125569992958722e-02 9.977563012872926462e-01 -6.585872305678387717e-02 -4.395056999999999992e-01 -9.943979483498496252e-01 5.031642356726744730e-03 -1.055812620345288888e-01 1.954429399999999983e+00
-1.074898085361003092e-01 6.499993760923274133e-02 9.920791042914210989e-01 6.710887900000000350e+00 1.165042758346754304e-02 9.978743582347168184e-01 -6.411733552460147090e-02 -4.455438999999999927e-01 -9.941379223216438854e-01 4.666185642234234321e-03 -1.080186007757799604e-01 1.946323500000000095e+00
-1.101814270926188694e-01 6.104089352408605812e-02 9.920353131021169002e-01 6.788818799999999598e+00 8.936387995153304009e-03 9.981328246067311394e-01 -6.042355014552303061e-02 -4.503291999999999851e-01 -9.938713166670190002e-01 2.207659477737763248e-03 -1.105211841512583337e-01 1.937828499999999954e+00
-1.142236487543977774e-01 6.095968923217331970e-02 9.915830143532861074e-01 6.865323100000000345e+00 8.137795172615855388e-03 9.981395462104220018e-01 -6.042534716972298298e-02 -4.556811000000000056e-01 -9.934217303617637329e-01 1.167295836475075455e-03 -1.145072183989709336e-01 1.929202700000000048e+00
-1.198095716971103591e-01 6.639959877180762193e-02 9.905739547417435897e-01 6.941285599999999611e+00 3.359106153193174016e-03 9.977823363772824194e-01 -6.647650426536513835e-02 -4.615334999999999854e-01 -9.927912081276739631e-01 -4.637078437388638535e-03 -1.197669176691082971e-01 1.920919800000000066e+00
-1.266970064473960100e-01 6.968744920905359241e-02 9.894905396111699503e-01 7.017930500000000293e+00 4.107668436221151298e-03 9.975574701137973621e-01 -6.972962699009992160e-02 -4.671915999999999847e-01 -9.919329592352936764e-01 -4.770035942838965481e-03 -1.266737981581725903e-01 1.911222900000000058e+00
-1.363095300035310486e-01 6.553320894731050339e-02 9.884963887416503558e-01 7.093939800000000240e+00 5.951795335010248017e-03 9.978458124921875116e-01 -6.533230918998880754e-02 -4.730409999999999893e-01 -9.906484180386631033e-01 -3.022088164545730371e-03 -1.364059339641024993e-01 1.901661000000000046e+00
-1.464465335385373435e-01 6.344446000363535010e-02 9.871819555225841425e-01 7.170277099999999848e+00 8.805474879839198660e-03 9.979852410827714237e-01 -6.283249313136593517e-02 -4.788576999999999972e-01 -9.891793954721695981e-01 -5.089949014878344946e-04 -1.467101376780203248e-01 1.889938799999999919e+00
-1.594093773735850983e-01 6.443760991572861085e-02 9.851073265556979930e-01 7.245218799999999959e+00 9.482302569168134243e-03 9.979214008185507412e-01 -6.374138158471398530e-02 -4.843431999999999737e-01 -9.871670255551250328e-01 -8.198882178459057646e-04 -1.596890460863160666e-01 1.878308199999999983e+00
-1.734544382226213266e-01 6.431435207954652733e-02 9.827396511678271329e-01 7.320492699999999964e+00 1.070588277289118151e-02 9.979295739174711688e-01 -6.341884242831634377e-02 -4.900921999999999779e-01 -9.847837031221259307e-01 -4.791841844578453857e-04 -1.737838555435728960e-01 1.865235999999999894e+00
-1.880348312166198743e-01 6.230681914324287529e-02 9.801840452372138079e-01 7.395399600000000184e+00 1.181518466175156268e-02 9.980570395725255617e-01 -6.117636121194792304e-02 -4.955914000000000152e-01 -9.820912908995506063e-01 7.776874204471623253e-05 -1.884056535544429423e-01 1.851381699999999908e+00
-2.032700742722099996e-01 6.520151743556526491e-02 9.769493533594614254e-01 7.469210099999999741e+00 1.627969121605387162e-02 9.978674386116006545e-01 -6.321033628002160898e-02 -5.008793000000000273e-01 -9.789873587331351379e-01 3.055664056004176593e-03 -2.038980489310691091e-01 1.836243400000000081e+00
-2.184577257246875515e-01 6.824968100057154929e-02 9.734568316646182717e-01 7.542334999999999567e+00 1.671797354097916827e-02 9.976666240758617077e-01 -6.619529111467324645e-02 -5.065781999999999785e-01 -9.757031984327405594e-01 1.813352804459350542e-03 -2.190889780881873916e-01 1.820521400000000067e+00
-2.340952354505676791e-01 7.196363469661495871e-02 9.695466239539983766e-01 7.615335899999999825e+00 1.658701590978476151e-02 9.974072079884114261e-01 -7.002665461072934971e-02 -5.126441000000000470e-01 -9.720721638039803159e-01 -3.110209221111881472e-04 -2.346819371477791849e-01 1.804130199999999906e+00
-2.499334323976956096e-01 6.987862643378356386e-02 9.657381927508272845e-01 7.687751300000000398e+00 1.307641583702806240e-02 9.975450511941299503e-01 -6.879591693522071894e-02 -5.183267999999999764e-01 -9.681747191074363545e-01 -4.566005456456696809e-03 -2.502336205936523950e-01 1.786187299999999922e+00
-2.659613252814606033e-01 6.415297335499831055e-02 9.618466455024118344e-01 7.760161899999999946e+00 7.661120007635642548e-03 9.978922562003100794e-01 -6.443874809214703014e-02 -5.239243999999999568e-01 -9.639532564884866206e-01 -9.769392261929854548e-03 -2.658922305748606663e-01 1.767203000000000079e+00
-2.816884041169349095e-01 5.978954537245202705e-02 9.576412967547975885e-01 7.831838099999999692e+00 3.800296937795797497e-03 9.981183591393982812e-01 -6.119884714649097279e-02 -5.296866000000000074e-01 -9.594984110092310559e-01 -1.359968429892721362e-02 -2.813855857319820242e-01 1.747320699999999949e+00
-2.965731726391411804e-01 6.157797581757280814e-02 9.530228256264192677e-01 7.902836299999999703e+00 2.724889892162744159e-03 9.979695723433131826e-01 -6.363417047451859487e-02 -5.349452999999999570e-01 -9.550062451344647485e-01 -1.627530556133814296e-02 -2.961387954710684722e-01 1.725710499999999925e+00
-3.109331139151989554e-01 6.366012846437457684e-02 9.482974146937751536e-01 7.973481200000000158e+00 2.732812637020173852e-03 9.978100619880457822e-01 -6.608791062292081187e-02 -5.400703999999999505e-01 -9.504278670188966993e-01 -1.795740068360539635e-02 -3.104261608734025790e-01 1.703108099999999903e+00
-3.250100234106976238e-01 6.605685888925369453e-02 9.434007505171188024e-01 8.042777100000000345e+00 4.161532982269476599e-03 9.976478202143065355e-01 -6.842154971118491469e-02 -5.454274000000000067e-01 -9.457014149962003069e-01 -1.831169613465364471e-02 -3.245204392004560345e-01 1.679975599999999902e+00
-3.389453438966288923e-01 6.583557309896724552e-02 9.384997235830848661e-01 8.112632800000000088e+00 6.444305699922811548e-03 9.976876113338593033e-01 -6.766018855267935672e-02 -5.511793000000000387e-01 -9.407839947484449850e-01 -1.688512675903619531e-02 -3.385858350839404673e-01 1.654900899999999897e+00
