1.000000000000000000e+00 0.000000000000000000e+00 0.000000000000000000e+00 0.000000000000000000e+00 0.000000000000000000e+00 1.000000000000000000e+00 0.000000000000000000e+00 0.000000000000000000e+00 0.000000000000000000e+00 0.000000000000000000e+00 1.000000000000000000e+00 0.000000000000000000e+00
9.999994064442879749e-01 4.488632919861827654e-04 9.927904193593026141e-04 -6.049000000000000123e-04 -4.479364258923893504e-04 9.999994638510013578e-01 -9.336223369391852657e-04 -1.492400000000000063e-03 -9.932089558713438644e-04 9.331770757902063456e-04 9.999990713578263968e-01 8.198110000000000119e-02
9.999980905718637292e-01 6.679019981563426691e-04 1.836507431930702169e-03 -4.806000000000000267e-04 -6.684973590476600861e-04 9.999997242015548071e-01 3.235863028111458971e-04 -2.963799999999999941e-03 -1.836290801486584320e-03 -3.248133853144718119e-04 9.999982612646669544e-01 1.628648000000000040e-01
9.999936341155318820e-01 8.950080121574593723e-04 3.454082956413217532e-03 -7.672000000000000000e-04 -9.033877520941665292e-04 9.999966510407450881e-01 2.425241815475024602e-03 -4.358700000000000074e-03 -3.451900777973864083e-03 -2.428346752903361248e-03 9.999910937168723368e-01 2.418521999999999894e-01
9.999861485721105447e-01 3.798270465808843937e-04 5.249609064635376611e-03 -7.755999999999999873e-04 -3.969692309163189441e-04 9.999945918478572171e-01 3.264764994153798207e-03 -5.392400000000000318e-03 -5.248340627905355958e-03 -3.266803705769905607e-03 9.999808912745290490e-01 3.202447999999999961e-01
9.999712305432604253e-01 6.121450706674398104e-04 7.560645753509604057e-03 -7.477999999999999621e-04 -6.438431473640304379e-04 9.999910113447051385e-01 4.190787013839147347e-03 -7.050899999999999702e-03 -7.558012423858380922e-03 -4.195534317131491102e-03 9.999626362719732375e-01 3.970090000000000008e-01
9.999412924829479410e-01 3.535020852797751082e-04 1.082989491209778235e-02 -1.055000000000000030e-04 -3.924857596467741213e-04 9.999934511554384731e-01 3.597721662955020647e-03 -8.036700000000000788e-03 -1.082855218668927338e-02 -3.601761029180613853e-03 9.999348827673874007e-01 4.736021999999999732e-01
9.998952597781189944e-01 -4.721304663407573457e-05 1.447298325073916384e-02 5.630000000000000239e-04 2.038515319296479563e-05 9.999982815123511504e-01 1.853795239497129039e-03 -9.136399999999999383e-03 -1.447304590241729749e-02 -1.853306038591696773e-03 9.998935424329100652e-01 5.478315000000000268e-01
9.998379575037721345e-01 -1.136407409546322071e-04 1.800127274576025435e-02 1.170899999999999892e-03 1.143500197381213627e-04 9.999999927258201859e-01 -3.837228940675680371e-05 -1.030829999999999941e-02 -1.800126825416035678e-02 4.042451735898434576e-05 9.998379632255919303e-01 6.204239999999999755e-01
9.997556384849060063e-01 -1.813676031431515933e-04 2.210498639290063572e-02 2.414400000000000140e-03 1.654112022627308618e-04 9.999997244685764342e-01 7.236725124193196150e-04 -1.163080000000000017e-02 -2.210511155303130498e-02 -7.198392623325020794e-04 9.997553930210451023e-01 6.937820000000000098e-01
9.996214362240649631e-01 1.959662794375766212e-04 2.751264870118666842e-02 3.929000000000000201e-03 -2.103952509005467249e-04 9.999998418571935943e-01 5.215548160722487591e-04 -1.281359999999999964e-02 -2.751254214310236076e-02 -5.271459049381441902e-04 9.996213193715002276e-01 7.660666000000000420e-01
9.994221985462586888e-01 1.957078685440488772e-03 3.393285864735917645e-02 5.798700000000000382e-03 -1.948757087313062126e-03 9.999980624432371901e-01 -2.783084370393083947e-04 -1.410080000000000014e-02 -3.393333757202952883e-02 2.120207312379650830e-04 9.994240759799776219e-01 8.377881000000000355e-01
9.991449937515618496e-01 3.281907865942687054e-03 4.121298996616187815e-02 8.373500000000000734e-03 -3.271890870977881352e-03 9.999945991444233462e-01 -3.105029992681032028e-04 -1.518609999999999925e-02 -4.121378642299088069e-02 1.753931116275821026e-04 9.991503355581363710e-01 9.086573999999999485e-01
9.987570019578838609e-01 4.293712590760431769e-03 4.965898782987485105e-02 1.149099999999999948e-02 -4.331205622522295295e-03 9.999904107026661437e-01 6.474261104537135493e-04 -1.628179999999999905e-02 -4.965573177343321487e-02 -8.617046483635248987e-04 9.987660215321423340e-01 9.786597999999999686e-01
9.981742845069879744e-01 6.516886302412588407e-03 6.004688120030878679e-02 1.493629999999999958e-02 -6.617910012920340430e-03 9.999770006956926194e-01 1.483693603000163595e-03 -1.771110000000000045e-02 -6.003583110129698946e-02 -1.878369656942445280e-03 9.981944553599806369e-01 1.047516600000000020e+00
9.972853362158737855e-01 9.018406428969633765e-03 7.307959027165773780e-02 1.916790000000000160e-02 -9.144847961335814124e-03 9.999572108767265100e-01 1.395769107618812996e-03 -1.884629999999999986e-02 -7.306387564696732728e-02 -2.060281805882384007e-03 9.973251352063301489e-01 1.116578899999999930e+00
9.960771213398625923e-01 1.109004552379245362e-02 8.779168089046267276e-02 2.441389999999999880e-02 -1.129635207796832186e-02 9.999344763979808315e-01 1.853467136642562851e-03 -1.996269999999999989e-02 -8.776537342838118538e-02 -2.837921946820271685e-03 9.961371318377809647e-01 1.184338300000000066e+00
9.924610311149644204e-01 1.332133426435522586e-02 1.218344933573363431e-01 3.798150000000000137e-02 -1.390233140257679523e-02 9.998956743852573936e-01 3.919888674988714940e-03 -2.196880000000000013e-02 -1.217695647516013890e-01 -5.584120259153902040e-03 9.925426896114528663e-01 1.317684199999999972e+00
9.899529795700073853e-01 1.303094024014140109e-02 1.407952159589327124e-01 4.694040000000000018e-02 -1.361501920968858151e-02 9.999022357980692499e-01 3.185921835558104456e-03 -2.291450000000000084e-02 -1.407399356699598758e-01 -5.070842383701013555e-03 9.900336141087004993e-01 1.383224599999999915e+00
9.868927008086317842e-01 1.224936189133496618e-02 1.609122438595014248e-01 5.706309999999999855e-02 -1.272995221120295888e-02 9.999170576695658452e-01 1.956041446046549032e-03 -2.350029999999999827e-02 -1.608749371634532466e-01 -3.978808200111390476e-03 9.869667794196326227e-01 1.448005599999999893e+00
9.832477734077185172e-01 9.781991718314951220e-03 1.820113423025794819e-01 6.814320000000000099e-02 -1.030254073179927808e-02 9.999450942977913259e-01 1.914691685609148063e-03 -2.446889999999999829e-02 -1.819826193438086603e-01 -3.757795604359252285e-03 9.832945668663904959e-01 1.511355199999999899e+00
9.739139035458566074e-01 -1.116109535375994950e-03 2.269151003780419118e-01 9.534900000000000320e-02 -1.357698361201246278e-04 9.999848586941654238e-01 5.501267941269649686e-03 -2.635859999999999939e-02 -2.269178046047145014e-01 -5.388569561125110957e-03 9.738990056835777898e-01 1.635370599999999897e+00
9.680594714329064931e-01 -6.128752454178806874e-03 2.506457623068800711e-01 1.110492000000000007e-01 5.070309888768173914e-03 9.999752950978163524e-01 4.868382859523276429e-03 -2.712060000000000165e-02 -2.506694072412377627e-01 -3.442032450520713868e-03 9.680666302925310385e-01 1.695923300000000022e+00
9.612448381904111772e-01 -1.229490243615731677e-02 2.754218517590344972e-01 1.284877000000000102e-01 1.197170721445622345e-02 9.999242617681285417e-01 2.854637250971244801e-03 -2.775340000000000099e-02 -2.754360892814547435e-01 5.532644473203514757e-04 9.613192261781670078e-01 1.754759900000000039e+00
9.443015595398022155e-01 -1.806535685536843350e-02 3.285851602437115382e-01 1.667092000000000018e-01 1.701763518000734554e-02 9.998367990438109532e-01 6.064270006038824032e-03 -2.919920000000000154e-02 -3.286410880330966622e-01 -1.347572415811692376e-04 9.444548782747157478e-01 1.870024700000000095e+00
9.228101179703660506e-01 -2.529677786997992089e-02 3.844236714887834250e-01 2.105867999999999907e-01 2.387506187825942650e-02 9.996790590208713967e-01 8.471149594621609630e-03 -3.051509999999999986e-02 -3.845145869688540996e-01 1.360876387504994251e-03 9.231179125245211337e-01 1.979468000000000005e+00
9.102681054573400488e-01 -2.498925096150142466e-02 4.132644595455649550e-01 2.348158999999999941e-01 2.526283545467616909e-02 9.996693040404064368e-01 4.803301381273813141e-03 -3.120989999999999875e-02 -4.132478255622100138e-01 6.067939992492546973e-03 9.105983828078944020e-01 2.032543399999999778e+00
8.822987003916638038e-01 -2.782009258182902012e-02 4.698670511282096451e-01 2.876537000000000122e-01 3.310727948296791900e-02 9.994473255824827262e-01 -2.991894259417910047e-03 -3.246190000000000186e-02 -4.695241328541246983e-01 1.819576419833331821e-02 8.827321240516972090e-01 2.133909699999999798e+00
8.480748319235896782e-01 -2.769658348449822657e-02 5.291521319252727729e-01 3.462210000000000010e-01 2.877523169921645738e-02 9.995666757504791944e-01 6.200545926995375441e-03 -3.419839999999999686e-02 -5.290945714127404109e-01 9.967948255412978006e-03 8.485043161405521062e-01 2.231946199999999880e+00
8.062848262619303208e-01 -2.121410770324433370e-02 5.911469703670348963e-01 4.101209000000000104e-01 2.259074512673484025e-02 9.997319687640088270e-01 5.064470935612506476e-03 -3.532690000000000136e-02 -5.910959627458030052e-01 9.271044471574233642e-03 8.065479592436015643e-01 2.324710800000000077e+00
7.612207381828278718e-01 -1.178709182856423412e-02 6.483857279633903348e-01 4.807305000000000050e-01 1.886912883072429034e-02 9.998140521776021084e-01 -3.977064919340910464e-03 -3.629120000000000262e-02 -6.482182840197893148e-01 1.526189812664588072e-02 7.613016029984513988e-01 2.411004800000000170e+00
7.128785539820421402e-01 -1.442138388917989580e-02 7.011392094008105369e-01 5.576512999999999609e-01 2.015942963740085039e-02 9.997967757796851762e-01 6.735904230840885493e-05 -3.816119999999999929e-02 -7.009976923422555073e-01 1.408654774126006509e-02 7.130244066675177628e-01 2.491434100000000207e+00
6.605377971220622868e-01 -9.802947220694920027e-03 7.507287931063532094e-01 6.376764000000000321e-01 2.043871914829261532e-02 9.997789612122971459e-01 -4.928232628157959080e-03 -3.994960000000000178e-02 -7.505145417196862345e-01 1.859921888274595342e-02 6.605921523332238809e-01 2.564881600000000095e+00
6.332511762294883439e-01 -7.583737579919078153e-03 7.739091902337691398e-01 6.799060999999999577e-01 1.881728801605131798e-02 9.998072569668793319e-01 -5.599873934781600220e-03 -4.079689999999999706e-02 -7.737175566546814487e-01 1.810899888683518630e-02 6.332718268513342075e-01 2.599625599999999981e+00
6.049904111031360054e-01 -6.276214358479520819e-03 7.962080203103865106e-01 7.238909999999999512e-01 1.908903267043685070e-02 9.997958476611978895e-01 -6.623581443142837442e-03 -4.187230000000000119e-02 -7.960039015639090998e-01 1.920604417243090140e-02 6.049867077566921658e-01 2.632968899999999834e+00
5.459844380494910387e-01 9.900076787087066371e-03 8.377368213749419867e-01 8.144704000000000388e-01 1.662405727265378608e-02 9.996052878055539104e-01 -2.264750120810815961e-02 -4.421590000000000242e-02 -8.376303684368046065e-01 2.629176811828207519e-02 5.456043518903029854e-01 2.694608199999999787e+00
5.148423990117639848e-01 1.841983539422947791e-02 8.570869348227525553e-01 8.620096000000000425e-01 1.558252081778690491e-02 9.994029039795255809e-01 -3.083862127680668530e-02 -4.554140000000000271e-02 -8.571432139524730598e-01 2.923260476489509402e-02 5.142479611956518593e-01 2.723508600000000168e+00
4.830632888155143578e-01 2.323141777812679290e-02 8.752771905098160055e-01 9.110774000000000372e-01 1.322011228434498767e-02 9.993404862364849706e-01 -3.382042577814693696e-02 -4.746059999999999862e-02 -8.754856295964703605e-01 2.790866884399844858e-02 4.824375799763402917e-01 2.750589800000000196e+00
4.504123541737514169e-01 2.305768820231049454e-02 8.925228592156193574e-01 9.615177000000000307e-01 1.123502548301718446e-02 9.994409332329451390e-01 -3.148960432993186398e-02 -4.944489999999999996e-02 -8.927499568244487982e-01 2.421082388570740956e-02 4.499014898805294704e-01 2.776306200000000057e+00
4.171694387572986717e-01 2.159755027385704823e-02 9.085720693423767758e-01 1.013364300000000107e+00 6.899950244816844928e-03 9.996135139676024517e-01 -2.692978611056730254e-02 -5.161380000000000134e-02 -9.088025363375366039e-01 1.750338582989213743e-02 4.168591865737762969e-01 2.800456300000000009e+00
3.825557395286655615e-01 2.300816986504867698e-02 9.236458900862044574e-01 1.065688500000000039e+00 2.512684757407103453e-03 9.996602813208981253e-01 -2.594240476002063894e-02 -5.370769999999999711e-02 -9.239289975798928856e-01 1.224524678738299170e-02 3.823679659204343162e-01 2.822929900000000103e+00
3.471613527623796380e-01 2.588773807054256179e-02 9.374480359816139696e-01 1.119656800000000008e+00 -4.636804218557766949e-03 9.996540846243953116e-01 -2.588843642248720225e-02 -5.568039999999999795e-02 -9.377939513532986826e-01 4.640701601415275768e-03 3.471613006857378059e-01 2.843926699999999919e+00
3.113364323783262555e-01 2.749813802536530544e-02 9.499018256004531091e-01 1.174263199999999951e+00 -9.400712222999317233e-03 9.996214675826085028e-01 -2.585629822098233291e-02 -5.782709999999999934e-02 -9.502532570234295539e-01 -8.797460599408446491e-04 3.114770835282008044e-01 2.862312100000000026e+00
2.749334579848920490e-01 2.689408902057959655e-02 9.610870416649174297e-01 1.230384799999999945e+00 -1.228205075987492956e-02 9.996253831024078940e-01 -2.445904099706356846e-02 -5.985929999999999723e-02 -9.613848058449859790e-01 -5.079511110069618446e-03 2.751607778323088560e-01 2.879275300000000204e+00
2.386402232726138328e-01 2.630286275353242373e-02 9.707517722092324775e-01 1.287279099999999898e+00 -1.319546813136282873e-02 9.996286635882696281e-01 -2.384144612904790655e-02 -6.189940000000000025e-02 -9.710183950148374432e-01 -7.119996046272931631e-03 2.388986860556371328e-01 2.893587800000000154e+00
2.025712435008863999e-01 2.602873209476014651e-02 9.789215476288405382e-01 1.344584100000000060e+00 -1.237284265592223861e-02 9.996349303491489646e-01 -2.401913384083172176e-02 -6.367580000000000462e-02 -9.791893606811282735e-01 -7.246456471352018258e-03 2.028193402944906687e-01 2.905593200000000209e+00
1.674713960311649819e-01 2.477254438130122721e-02 9.855656510635142364e-01 1.403619299999999903e+00 -9.977127384215522810e-03 9.996756500788616107e-01 -2.343184944823240023e-02 -6.547390000000000154e-02 -9.858264494527073651e-01 -5.908949507480434557e-03 1.676642355279926999e-01 2.915419299999999936e+00
9.906146195941302468e-02 2.733713422381883751e-02 9.947057393254012947e-01 1.522339300000000062e+00 1.336523649775669953e-06 9.996225625375668722e-01 -2.747239458150381800e-02 -6.970550000000000357e-02 -9.950813166534069332e-01 2.722785018514806143e-03 9.902403591585973164e-02 2.928909299999999938e+00
3.683837057290221401e-02 3.647381108433959268e-02 9.986553937963371652e-01 1.641839000000000048e+00 7.747705934634620262e-03 9.992932457458084672e-01 -3.678290444700728357e-02 -7.394630000000000647e-02 -9.992912025562337153e-01 9.092310585937258063e-03 3.652974653518548109e-02 2.935351600000000172e+00
1.123775855400373051e-02 3.450999761302110669e-02 9.993411693948325292e-01 1.702552199999999960e+00 9.369528981080767205e-03 9.993567688851920927e-01 -3.461589822641551739e-02 -7.670609999999999928e-02 -9.998929566255353452e-01 9.752361155030453074e-03 1.090718765526887957e-02 2.936004200000000175e+00
-2.971774886754841374e-02 2.877265544875707085e-02 9.991441285924032023e-01 1.825462099999999976e+00 1.189443715212822397e-02 9.995250203243305487e-01 -2.842984541781159308e-02 -8.197100000000000219e-02 -9.994875575849255789e-01 1.103938603699051307e-02 -3.004586808276477061e-02 2.933479499999999796e+00
-6.011753658386229798e-02 3.606794909583248970e-02 9.975394653060642991e-01 1.947634899999999947e+00 1.643890643694204123e-02 9.992472234570112244e-01 -3.513899213994816501e-02 -8.705369999999999775e-02 -9.980559323756588164e-01 1.428598829183020703e-02 -6.066519915305845778e-02 2.926376299999999819e+00
-7.213040466619470570e-02 4.168097786937566968e-02 9.965239087982507016e-01 2.009707699999999875e+00 2.055070282159278394e-02 9.989764243687938583e-01 -4.029605649288767188e-02 -8.934910000000000074e-02 -9.971834702481936485e-01 1.757269584304105639e-02 -7.291314713121632707e-02 2.921670699999999954e+00
-8.072778808904769454e-02 4.497561331110531968e-02 9.957209541018706700e-01 2.071921099999999960e+00 2.610630502685623230e-02 9.987341375662538434e-01 -4.299515435064758112e-02 -9.262729999999999575e-02 -9.963942417879051439e-01 2.252369124014077378e-02 -8.179974489461594445e-02 2.916076400000000124e+00
-8.672583799261911197e-02 5.073446393786101849e-02 9.949395173544043347e-01 2.134229700000000118e+00 2.972013947780104137e-02 9.983896594100448718e-01 -4.831978158595712225e-02 -9.558469999999999467e-02 -9.957888040814163455e-01 2.537916767808648388e-02 -8.809401520006643338e-02 2.910523899999999831e+00
-9.029153728356323350e-02 5.517509041685896010e-02 9.943858143057260346e-01 2.196268100000000167e+00 3.163401885657324275e-02 9.981192344118082760e-01 -5.250983477566655705e-02 -9.946270000000000111e-02 -9.954128425663155699e-01 2.671522589605542647e-02 -9.186712991799539374e-02 2.904979700000000165e+00
-9.294350854099367454e-02 5.906403849983326432e-02 9.939179762818362018e-01 2.258764300000000169e+00 3.387369860755080203e-02 9.978486828002602893e-01 -5.613001671503833889e-02 -1.035013999999999934e-01 -9.950950089125838449e-01 2.845075728123746747e-02 -9.474427501115334493e-02 2.898807000000000134e+00
-9.536264300296419527e-02 6.198307099301100104e-02 9.935109789175782247e-01 2.321436199999999950e+00 3.425200933921835472e-02 9.976728446146388984e-01 -5.895502501704864839e-02 -1.076860000000000039e-01 -9.948531379936011998e-01 2.840764032456923049e-02 -9.726376404126357844e-02 2.892554000000000070e+00
-9.990631954932532865e-02 6.923007151299409578e-02 9.925854746632223335e-01 2.447037700000000093e+00 3.609018672253615917e-02 9.971721984308984377e-01 -6.591741119629387913e-02 -1.161610000000000004e-01 -9.943421069915732158e-01 2.923702917183167854e-02 -1.021223305098590828e-01 2.880076900000000162e+00
-1.022402070464798751e-01 7.075311642279669133e-02 9.922403623011691876e-01 2.509851499999999902e+00 3.871508377631685538e-02 9.969946531430593506e-01 -6.710293505014153226e-02 -1.207059999999999939e-01 -9.940060776229117101e-01 3.155405077977979644e-02 -1.046721525913238970e-01 2.873816999999999844e+00
-1.065843662706249390e-01 6.879984706455745391e-02 9.919205381030191671e-01 2.637087100000000017e+00 3.797835635514206637e-02 9.971569359923823095e-01 -6.508217460139041621e-02 -1.305112999999999968e-01 -9.935780881819260557e-01 3.073476933665736377e-02 -1.088942452041031794e-01 2.860552999999999901e+00
-1.081344680240503425e-01 7.009046179763787909e-02 9.916623739913447144e-01 2.700761599999999873e+00 3.814020627764287685e-02 9.970696155052731768e-01 -6.631369768958417232e-02 -1.351875999999999911e-01 -9.934043796411683447e-01 3.065141107943605142e-02 -1.104908571266642880e-01 2.852957200000000082e+00
-1.107558216656209793e-01 7.231338403020151628e-02 9.912133586959338549e-01 2.764789299999999894e+00 3.653520845936823747e-02 9.969715159790049075e-01 -6.865110974598395699e-02 -1.395099999999999951e-01 -9.931758789408872135e-01 2.861067661949330890e-02 -1.130623839894202565e-01 2.845935100000000162e+00
-1.159967880909217042e-01 7.798852335006205283e-02 9.901830817471415358e-01 2.893398499999999984e+00 3.317926893683353917e-02 9.966605277394812168e-01 -7.461185267017554634e-02 -1.499855999999999967e-01 -9.926952610269714761e-01 2.419881550273760354e-02 -1.181970222250010583e-01 2.831631199999999904e+00
-1.205822073038953640e-01 8.410863041885664748e-02 9.891337976081825412e-01 3.023246799999999901e+00 2.737844161235638771e-02 9.963069606258510014e-01 -8.138096302795813641e-02 -1.612810000000000077e-01 -9.923257288897630035e-01 1.726784577019607747e-02 -1.224396556915181566e-01 2.816340900000000147e+00
-1.234480968315726929e-01 8.257467174202859361e-02 9.889094958464900165e-01 3.089739300000000188e+00 2.540478297542606706e-02 9.964683019635928174e-01 -8.003449371218387953e-02 -1.667539000000000105e-01 -9.920257881681474599e-01 1.524292519467051327e-02 -1.251099070452676987e-01 2.808261599999999802e+00
-1.264566111408318150e-01 7.852273486933718238e-02 9.888593962780634072e-01 3.155876199999999798e+00 2.201880469654433556e-02 9.968386490051568405e-01 -7.634055337308626177e-02 -1.721912999999999916e-01 -9.917277336741732174e-01 1.211973424681312556e-02 -1.277858141707237660e-01 2.800457499999999822e+00
-1.287986932386335492e-01 7.665067933403271749e-02 9.887039850115159068e-01 3.221861099999999922e+00 2.213089560210371523e-02 9.969821741589307562e-01 -7.440946088489214238e-02 -1.778983000000000092e-01 -9.914237843020862195e-01 1.229706334710846047e-02 -1.301063493960538109e-01 2.792051100000000119e+00
-1.303090959818737071e-01 7.732203187400228661e-02 9.884537636588081044e-01 3.288241900000000051e+00 2.155301834741567626e-02 9.969397041644002533e-01 -7.514448523154633464e-02 -1.830587999999999937e-01 -9.912391270044292879e-01 1.151215216516432438e-02 -1.315768347697394702e-01 2.782947099999999896e+00
-1.316144051327023945e-01 8.014344721150368223e-02 9.880560086506340323e-01 3.354804300000000072e+00 2.322648423192304190e-02 9.967022288106882622e-01 -7.775086825258337164e-02 -1.884038000000000102e-01 -9.910288486173290945e-01 1.271593303156589444e-02 -1.330418214523073628e-01 2.774274099999999965e+00
-1.324876479811001317e-01 8.270657971489123184e-02 9.877280216761598064e-01 3.420816400000000090e+00 2.359143628906742313e-02 9.964934449643089165e-01 -8.027613765611008034e-02 -1.941847999999999907e-01 -9.909038637861166121e-01 1.266632602723468531e-02 -1.339742397579356536e-01 2.765774299999999908e+00
-1.328369088327460701e-01 8.223074495136720174e-02 9.877208412484288491e-01 3.554743999999999904e+00 1.965452076560626066e-02 9.965749658624002416e-01 -8.032457425863046008e-02 -2.056803000000000103e-01 -9.909430132279228864e-01 8.743111637116503243e-03 -1.339981437694786059e-01 2.748660800000000126e+00
-1.330739292513198335e-01 8.131494825135607285e-02 9.877647536455701482e-01 3.622046899999999958e+00 1.580397221306751449e-02 9.966760378385843833e-01 -7.991939727418675976e-02 -2.116328000000000098e-01 -9.909801026337022867e-01 4.975418500988808279e-03 -1.339166957284889659e-01 2.740336200000000222e+00
-1.331046518107945054e-01 8.208314668998695218e-02 9.876970733457690610e-01 3.689604300000000059e+00 1.218691696917052758e-02 9.966247243680893542e-01 -8.118274344352008343e-02 -2.177412999999999987e-01 -9.910270585211657934e-01 1.231181424462830798e-03 -1.336557274163227005e-01 2.731749300000000158e+00
-1.330746436401915034e-01 8.209516227019568457e-02 9.877001182301567983e-01 3.757321800000000156e+00 8.117554347435690376e-03 9.966203909211154288e-01 -8.174290006881039516e-02 -2.236287999999999887e-01 -9.910727745889562623e-01 -2.860197908070793993e-03 -1.332913153077656121e-01 2.722898499999999888e+00
-1.339025325031590052e-01 8.173486042595543011e-02 9.876181065474600729e-01 3.824994600000000133e+00 4.855448520163584136e-03 9.966350662521512582e-01 -8.182279227842456648e-02 -2.293301000000000089e-01 -9.909826115572910599e-01 -6.160950228638335802e-03 -1.338488187597176582e-01 2.714849699999999810e+00
-1.346028119793057920e-01 7.662969413835915566e-02 9.879321702341335998e-01 3.893241600000000080e+00 4.692285758749505098e-03 9.970433976485870708e-01 -7.669710333330488627e-02 -2.350690000000000002e-01 -9.908885232263121567e-01 -5.687985726330113678e-03 -1.345644134114037938e-01 2.706341999999999803e+00
-1.347029176722187860e-01 6.826014984593971324e-02 9.885320813780407168e-01 3.962033700000000103e+00 7.912690526916652672e-03 9.976666923258932229e-01 -6.781268577586965773e-02 -2.404778999999999944e-01 -9.908544359789770439e-01 -1.312618193325794380e-03 -1.349287357617414695e-01 2.696696300000000157e+00
-1.348142584376210706e-01 6.285603045993556903e-02 9.888752374069915696e-01 4.031328700000000431e+00 1.324496761874829898e-02 9.980111152101998062e-01 -6.163103722696558484e-02 -2.458262999999999976e-01 -9.907823608415182726e-01 4.788877917942854084e-03 -1.353786544976511852e-01 2.687188400000000144e+00
-1.338741524417149387e-01 6.545314070805563489e-02 9.888344642453885669e-01 4.099700900000000203e+00 2.202307693879659162e-02 9.977665418581983525e-01 -6.306276262962029477e-02 -2.504925000000000068e-01 -9.907535997361609503e-01 1.333470358813643869e-02 -1.350166296796666554e-01 2.677179800000000220e+00
-1.324476681420305169e-01 7.135947938625443465e-02 9.886179443574052428e-01 4.168687300000000207e+00 2.740274684330555946e-02 9.972874618837732630e-01 -6.831403834398450114e-02 -2.551007000000000136e-01 -9.908111347119492596e-01 1.804281217394912082e-02 -1.340438445422814651e-01 2.667262299999999975e+00
-1.313731796113805639e-01 7.745942497582464226e-02 9.883021426472831106e-01 4.238027999999999906e+00 3.097379719869798945e-02 9.967766481108633059e-01 -7.400633532317417440e-02 -2.598320000000000074e-01 -9.908489852474442472e-01 2.088902255460421339e-02 -1.333489301450272446e-01 2.657656699999999983e+00
-1.307050561832454327e-01 8.174189911713204693e-02 9.880457733409211407e-01 4.307954800000000084e+00 3.206852979472481213e-02 9.964223581336265623e-01 -7.819266978577782412e-02 -2.654384000000000188e-01 -9.909025167416516400e-01 2.146499802346719249e-02 -1.328587828294126583e-01 2.648238699999999834e+00
-1.301553989097432029e-01 7.883348107831224250e-02 9.883546197573624958e-01 4.378125700000000009e+00 2.895550715543665499e-02 9.967111279308181748e-01 -7.568689493067992657e-02 -2.709447999999999857e-01 -9.910707092533896923e-01 1.876725126255071596e-02 -1.320099978790667539e-01 2.638643300000000025e+00
-1.296835042374061553e-01 7.272034746280756079e-02 9.888852005129794565e-01 4.519005800000000406e+00 2.583529088632201959e-02 9.972162479815596114e-01 -6.994492480802121104e-02 -2.817061000000000148e-01 -9.912188085753449451e-01 1.647743385570563102e-02 -1.312012488507828811e-01 2.620519600000000171e+00
-1.298848217684374362e-01 7.320602243773115247e-02 9.888229423678575047e-01 4.589868499999999685e+00 2.367869665087793743e-02 9.972153302379606066e-01 -7.071707335086044321e-02 -2.869148999999999727e-01 -9.912463126786886791e-01 1.422896402559502629e-02 -1.312565586310313615e-01 2.611925600000000181e+00
-1.291832409124380188e-01 7.849560879862504947e-02 9.885090437961060461e-01 4.659851100000000024e+00 2.494541599886797995e-02 9.968037837270298240e-01 -7.589428811261114682e-02 -2.923135000000000039e-01 -9.913069234540844432e-01 1.485449921100763515e-02 -1.307284489512048342e-01 2.602217700000000189e+00
-1.287075971518682194e-01 8.128823372058512076e-02 9.883453735885953106e-01 4.730520699999999579e+00 2.446551909464727767e-02 9.965917321740557222e-01 -7.878044007077314448e-02 -2.977786000000000044e-01 -9.913807506759558796e-01 1.404074146556210517e-02 -1.302576860238020551e-01 2.593225200000000008e+00
-1.282365928382535325e-01 7.982354125318551208e-02 9.885259624911413301e-01 4.801274799999999843e+00 2.444209312159789996e-02 9.967071879929587652e-01 -7.731342371803244518e-02 -3.039869000000000043e-01 -9.914423636001599149e-01 1.424723359006499490e-02 -1.297653882742196840e-01 2.584031599999999873e+00
-1.281384189616268932e-01 7.326531255161468359e-02 9.890463788734723538e-01 4.872241500000000336e+00 2.612992981635331793e-02 9.971707682552055640e-01 -7.048181116511974265e-02 -3.095349000000000017e-01 -9.914120093855059990e-01 1.681228461683183240e-02 -1.296903031539197171e-01 2.575391799999999787e+00
-1.282850194768107022e-01 7.208284363683338525e-02 9.891142590373787069e-01 4.943829100000000309e+00 2.585569819290947993e-02 9.972591455317298959e-01 -6.932300862110070405e-02 -3.148533000000000026e-01 -9.914002403917361317e-01 1.668113624882474819e-02 -1.297971611579261664e-01 2.566137100000000171e+00
-1.280242001315315681e-01 7.503871399023773203e-02 9.889282054746807438e-01 5.015209200000000145e+00 2.306284129637484887e-02 9.970891845774029205e-01 -7.267230112021942634e-02 -3.203625999999999974e-01 -9.915028540211164865e-01 1.350368103373743300e-02 -1.293821512671640139e-01 2.557321500000000025e+00
-1.273348680513615716e-01 7.857691427786746285e-02 9.887423829900847672e-01 5.087288899999999892e+00 2.293534540449478076e-02 9.968237326592606085e-01 -7.626543082180492483e-02 -3.253137999999999863e-01 -9.915945750706380846e-01 1.296589949936609309e-02 -1.287326071384149451e-01 2.547779999999999934e+00
-1.274984038636587935e-01 7.782584050274049536e-02 9.887807115646320977e-01 5.158670400000000100e+00 2.167261218613723492e-02 9.968973525211569653e-01 -7.567011574814329344e-02 -3.311227999999999949e-01 -9.916019639418063303e-01 1.178164192080648209e-02 -1.287895105216307901e-01 2.538851999999999887e+00
-1.274075342089765472e-01 7.412311633865642513e-02 9.890768847016063736e-01 5.230613199999999630e+00 2.090223884778173030e-02 9.971828377348692651e-01 -7.203807700226058652e-02 -3.371375999999999817e-01 -9.916301813871636339e-01 1.149572752283844687e-02 -1.285979455931621773e-01 2.529906299999999941e+00
-1.264328290692171286e-01 7.298135982803080624e-02 9.892868445760339968e-01 5.303223599999999927e+00 2.155475788865282225e-02 9.972565820937027148e-01 -7.081455982456863474e-02 -3.428212999999999955e-01 -9.917409602037802197e-01 1.237055327935420238e-02 -1.276590665234826893e-01 2.520490199999999792e+00
-1.259105255698639569e-01 7.347367820008673944e-02 9.893170160077456865e-01 5.375026700000000268e+00 2.320391577614723533e-02 9.971988433489512582e-01 -7.110587258565378987e-02 -3.485556000000000210e-01 -9.917701940688546935e-01 1.400305092698957837e-02 -1.272627075044454603e-01 2.511934500000000181e+00
-1.248744705390265053e-01 7.390261178817728038e-02 9.894163787700726020e-01 5.447581300000000404e+00 2.517049477154049281e-02 9.971371001272705259e-01 -7.130252269543992105e-02 -3.537454999999999905e-01 -9.918532213994940561e-01 1.600023501901867359e-02 -1.263771327368305997e-01 2.502646899999999786e+00
-1.238286702552615082e-01 7.315882681819715905e-02 9.896030752182405354e-01 5.520172600000000429e+00 2.532976042513742504e-02 9.971865960285331010e-01 -7.054995349277082273e-02 -3.597195999999999727e-01 -9.919802738258551855e-01 1.633030188367691482e-02 -1.253333857388729822e-01 2.493787800000000221e+00
-1.222046422843025837e-01 7.378886892908712025e-02 9.897581665368222481e-01 5.593162500000000037e+00 2.646413040215877741e-02 9.971201901068982298e-01 -7.107022079071316500e-02 -3.654239000000000237e-01 -9.921520423837384417e-01 1.750797827703653650e-02 -1.238054743960363968e-01 2.484279599999999810e+00
-1.207595547285891940e-01 7.206539416256718678e-02 9.900624772740084234e-01 5.666977900000000012e+00 2.658205690752268868e-02 9.972384870805834911e-01 -6.934546946840880466e-02 -3.709053999999999962e-01 -9.923258155426158966e-01 1.794376909745053900e-02 -1.223417220667556427e-01 2.475070200000000220e+00
-1.200562222020511854e-01 7.092105211066190851e-02 9.902306336798964992e-01 5.740675000000000416e+00 2.507440411539964970e-02 9.973434822985958181e-01 -6.839044213022937857e-02 -3.767907999999999813e-01 -9.924503905832422479e-01 1.661874495945467670e-02 -1.215155938435197314e-01 2.466630199999999995e+00
-1.187578399483311259e-01 7.003092595941441678e-02 9.904505262051579439e-01 5.814856500000000317e+00 2.601198226791411397e-02 9.973867288493817318e-01 -6.740244723764597656e-02 -3.823832999999999815e-01 -9.925824662108941876e-01 1.775901248372059940e-02 -1.202691367155462876e-01 2.458013799999999804e+00
-1.171681578060570494e-01 7.114508986398516976e-02 9.905604469110306232e-01 5.889485800000000104e+00 2.391085082466193334e-02 9.973436129222401636e-01 -6.880398953588018340e-02 -3.877084000000000086e-01 -9.928242009586470962e-01 1.562350637527381431e-02 -1.185580534563810406e-01 2.449371600000000093e+00
-1.156776305025703777e-01 7.375658211496230465e-02 9.905446241316084866e-01 5.963887200000000277e+00 2.491241442233951137e-02 9.971410127001570922e-01 -7.133843563574049362e-02 -3.933530000000000082e-01 -9.929743488172091403e-01 1.642459698208457303e-02 -1.171843641661108881e-01 2.440828999999999915e+00
-1.142006217095803688e-01 7.240098590309188009e-02 9.908159845508177632e-01 6.038957100000000189e+00 2.270873214070954355e-02 9.972705321145410862e-01 -7.025524365157059803e-02 -3.990484000000000253e-01 -9.931981330458226065e-01 1.447698229053053301e-02 -1.155330493757212862e-01 2.432226700000000186e+00
-1.137474210100397343e-01 7.079164603532965561e-02 9.909843929473224344e-01 6.114366099999999804e+00 1.937160202623067554e-02 9.974266039104605630e-01 -6.902833365062885362e-02 -4.051125999999999894e-01 -9.933208269479211205e-01 1.134516034500174242e-02 -1.148260514353954820e-01 2.424237000000000197e+00
-1.139767124108540947e-01 7.223756820655152788e-02 9.908536939264127597e-01 6.189985799999999649e+00 1.632101053545051417e-02 9.973545765631408599e-01 -7.083412471160967228e-02 -4.102789000000000019e-01 -9.933493512572075801e-01 8.098292916533342267e-03 -1.148541858563406626e-01 2.416296700000000186e+00
-1.146140169128814085e-01 7.145220421103185005e-02 9.908371256874051181e-01 6.265936899999999810e+00 1.346904512447587299e-02 9.974300482263415146e-01 -7.036962212938724370e-02 -4.161683999999999939e-01 -9.933187866694803692e-01 5.280284895998972605e-03 -1.152818573795917345e-01 2.408349799999999874e+00
-1.160814258508051228e-01 6.880223775080988868e-02 9.908538513085191068e-01 6.342115399999999958e+00 1.163410278930405647e-02 9.976236606931319084e-01 -6.790934602484940963e-02 -4.218852000000000158e-01 -9.931715613249968433e-01 3.644681840140877316e-03 -1.166060293018855720e-01 2.400277099999999830e+00
-1.171260222617983987e-01 6.698240076777306484e-02 9.908556165741373434e-01 6.418283500000000252e+00 9.464825993783905489e-03 9.977528592101501115e-01 -6.632985004413730068e-02 -4.278656000000000126e-01 -9.930719570998043366e-01 1.609324502946284097e-03 -1.174968003675339601e-01 2.391559099999999827e+00
-1.184954208891415423e-01 6.603412318183730922e-02 9.907564432310855818e-01 6.494827700000000092e+00 7.751005395150525196e-03 9.978173611638615492e-01 -6.557770715229541136e-02 -4.336361000000000243e-01 -9.929243461330121701e-01 -9.129947319182207810e-05 -1.187486190266507924e-01 2.382996299999999845e+00
-1.201848599653232430e-01 6.599391049524552799e-02 9.905556032917390841e-01 6.571394399999999969e+00 7.926437383605454412e-03 9.978200254917917178e-01 -6.551616837059349996e-02 -4.392631000000000174e-01 -9.927198854790406646e-01 -2.247455661281982930e-05 -1.204459566335660536e-01 2.374005299999999874e+00
-1.223835915993624901e-01 6.435693075611002845e-02 9.903940841760383584e-01 6.646810499999999955e+00 7.337583651250395578e-03 9.979267879058588697e-01 -6.393970476985202933e-02 -4.449739999999999807e-01 -9.924557503351982835e-01 -5.580712751921679260e-04 -1.226020888200949344e-01 2.364814299999999925e+00
-1.253973189356376305e-01 6.021362245557901338e-02 9.902776540317022036e-01 6.723767299999999558e+00 4.863508947713576780e-03 9.981818146885682586e-01 -6.007837469299778799e-02 -4.498896000000000006e-01 -9.920946823184115804e-01 -2.717442881408582006e-03 -1.254621728638428690e-01 2.355703600000000009e+00
-1.295195894961151117e-01 6.001498218737015555e-02 9.897589998832074798e-01 6.799457999999999558e+00 3.581940212317284017e-03 9.981884995643347525e-01 -6.005738124342043655e-02 -4.552513999999999728e-01 -9.915703936892594772e-01 -4.233349802674903073e-03 -1.294999347813541313e-01 2.346124399999999888e+00
-1.350701833095177551e-01 6.535752406004466386e-02 9.886781274153253474e-01 6.874455000000000204e+00 -1.368219532452800979e-03 9.978088816668612138e-01 -6.614804337271562584e-02 -4.611210000000000031e-01 -9.908350889810295659e-01 -1.028735706915713186e-02 -1.346848051135961510e-01 2.336602399999999857e+00
-1.422556433268407639e-01 6.867870981258955565e-02 9.874444626206301256e-01 6.950085200000000185e+00 -6.863976693724585521e-04 9.975829173697803309e-01 -6.948274483810634727e-02 -4.666035000000000044e-01 -9.898297130314418490e-01 -1.056209214483707498e-02 -1.418646587759538891e-01 2.326247700000000140e+00
-1.514354992549968859e-01 6.464578154230082863e-02 9.863509580743430316e-01 7.025444000000000244e+00 1.121141565168189136e-03 9.978697176684488968e-01 -6.522859497092500791e-02 -4.723969000000000085e-01 -9.884665055564503255e-01 -8.772085788183416749e-03 -1.511853759592641788e-01 2.315150299999999994e+00
-1.617219991524864176e-01 6.281933906350395391e-02 9.848348722652685572e-01 7.100914500000000018e+00 4.460862023184637704e-03 9.980081572666117395e-01 -6.292709066302099030e-02 -4.779628000000000210e-01 -9.868262743259997860e-01 -5.783482422077480117e-03 -1.616801027675954794e-01 2.302582300000000082e+00
-1.747676958131346159e-01 6.362363266038237319e-02 9.825519252778776025e-01 7.175101800000000196e+00 4.696897278565936168e-03 9.979525827175236286e-01 -6.378543566817507227e-02 -4.836706000000000061e-01 -9.845984926131676751e-01 -6.532688154276510006e-03 -1.747087070794032249e-01 2.289894299999999827e+00
-1.888121570438254238e-01 6.338284454544432234e-02 9.799656036666725134e-01 7.249969499999999734e+00 6.078189402356815735e-03 9.979711906044197445e-01 -6.337632315925352533e-02 -4.893344000000000027e-01 -9.819944118812727885e-01 -6.009803734324230956e-03 -1.888143460996224432e-01 2.275804299999999891e+00
-2.032563993115265033e-01 6.147400545438726216e-02 9.771938307174818927e-01 7.324301199999999845e+00 7.516512582605935217e-03 9.980956582280375855e-01 -6.122547725363981785e-02 -4.947663999999999951e-01 -9.790966950089803333e-01 -5.099380328471774665e-03 -2.033313997953999364e-01 2.260743900000000028e+00
-2.184840602032344647e-01 6.453928742368927884e-02 9.737039569684164952e-01 7.396722300000000416e+00 1.215288780200225044e-02 9.979131178225457699e-01 -6.341700557230692259e-02 -4.999467000000000216e-01 -9.757648398846832105e-01 -2.022289921965965409e-03 -2.188124484308197060e-01 2.244560200000000005e+00
-2.333804747660072620e-01 6.746370642644497484e-02 9.700423714009609455e-01 7.468961700000000370e+00 1.257377613495066701e-02 9.977163018646070247e-01 -6.636325148243124583e-02 -5.055887000000000020e-01 -9.723041983616556028e-01 -3.290791518573379926e-03 -2.336957777527871594e-01 2.227420599999999862e+00
-2.489277063799846812e-01 7.123760116750048332e-02 9.658986495364303426e-01 7.540864899999999871e+00 1.213007563174241243e-02 9.974424096489413749e-01 -7.043792088698892784e-02 -5.114746000000000015e-01 -9.684461049854906634e-01 -5.817526417098220493e-03 -2.491551687700217510e-01 2.209866299999999839e+00
-2.646401628357069602e-01 6.915839033834135507e-02 9.618641802562875043e-01 7.612361400000000167e+00 8.667177151091231407e-03 9.975554355150340058e-01 -6.933998207846886475e-02 -5.169067999999999996e-01 -9.643082827885083308e-01 -1.001349690270062626e-02 -2.645926409128899204e-01 2.190905100000000161e+00
-2.809255770323937917e-01 6.301784191801440560e-02 9.576583794699511376e-01 7.683284800000000025e+00 3.315432396613030713e-03 9.978996858125358527e-01 -6.469331467211808517e-02 -5.227832000000000034e-01 -9.597238290659664273e-01 -1.499895513822038090e-02 -2.805444764519907652e-01 2.171473000000000209e+00
-2.965142016496534194e-01 5.877578450285782241e-02 9.532180943394554795e-01 7.753982500000000222e+00 -8.932754357043846960e-04 9.980868975545945654e-01 -6.182027975381748641e-02 -5.283248000000000388e-01 -9.550280259128867133e-01 -1.918207720550378637e-02 -2.958944366408693405e-01 2.150566800000000001e+00
-3.114894511705697533e-01 6.026841076647530826e-02 9.483364595296017718e-01 7.824008499999999700e+00 -2.346495645196056828e-03 9.979348594078731871e-01 -6.419120139688622162e-02 -5.337015000000000509e-01 -9.502467131054144200e-01 -2.222014946556247900e-02 -3.107047620975316171e-01 2.128372699999999895e+00
-3.255596772979067466e-01 6.235250880468833079e-02 9.434633332374097181e-01 7.893351100000000287e+00 -2.382708603999434543e-03 9.977659826310141256e-01 -6.676351252050352625e-02 -5.387771999999999561e-01 -9.455184922662226432e-01 -2.398350579311266453e-02 -3.246838034649718319e-01 2.104852699999999910e+00
