1.000000000000000000e+00 0.000000000000000000e+00 0.000000000000000000e+00 0.000000000000000000e+00 0.000000000000000000e+00 1.000000000000000000e+00 0.000000000000000000e+00 0.000000000000000000e+00 0.000000000000000000e+00 0.000000000000000000e+00 1.000000000000000000e+00 0.000000000000000000e+00
9.999995430684461839e-01 4.625143073728960399e-04 8.366262095197998750e-04 -4.151000000000000067e-04 -4.618855358337916033e-04 9.999996108845882192e-01 -7.515932570361842733e-04 -1.345999999999999974e-03 -8.369735066103520553e-04 7.512064880644327581e-04 9.999993675818807937e-01 6.793589999999999351e-02
9.999983977687135761e-01 7.226076271393299440e-04 1.637772335467894145e-03 -2.829999999999999942e-04 -7.233917099735173543e-04 9.999996240108020018e-01 4.782077881391749328e-04 -2.560400000000000002e-03 -1.637426163088120468e-03 -4.793917728699968609e-04 9.999985445084850211e-01 1.351095999999999964e-01
9.999941188602201603e-01 1.083305604361955131e-03 3.254027341510217289e-03 -5.622000000000000044e-04 -1.091889215061054436e-03 9.999959264029526507e-01 2.637224951075629788e-03 -3.777400000000000202e-03 -3.251157165344583690e-03 -2.640762478546770844e-03 9.999912281368362743e-01 2.007644000000000095e-01
9.999875560936731800e-01 3.950143416314596764e-04 4.973089731007344916e-03 -5.387999999999999777e-04 -4.125818283281374441e-04 9.999936774291808828e-01 3.531979317341918129e-03 -4.688300000000000280e-03 -4.971663105810635724e-03 -3.533987172175804149e-03 9.999813965772709201e-01 2.659537000000000151e-01
9.999739794133469806e-01 6.234253326302252726e-04 7.186921252503632347e-03 -4.172000000000000036e-04 -6.545634146295826626e-04 9.999904066608082953e-01 4.331066045163695435e-03 -5.850000000000000165e-03 -7.184152209640463048e-03 -4.335657644000080399e-03 9.999647943951940343e-01 3.299943000000000182e-01
9.999462384028906525e-01 4.816143216270832024e-04 1.035800905359671870e-02 1.479999999999999925e-04 -5.215703277196414179e-04 9.999924328883127433e-01 3.855143383392904341e-03 -6.768599999999999617e-03 -1.035607398111998423e-02 -3.860338554904135279e-03 9.999389228937630714e-01 3.936221999999999777e-01
9.998981674252030993e-01 4.635474282070727178e-05 1.427069132727225645e-02 3.690000000000000246e-04 -7.524210271619828118e-05 9.999979494587395434e-01 2.023713651178189830e-03 -7.665599999999999845e-03 -1.427056825590503411e-02 -2.024581328029116580e-03 9.998961205805829700e-01 4.553955000000000086e-01
9.998427167291381590e-01 8.747257007615244083e-05 1.773511071986742793e-02 1.101699999999999945e-03 -9.092040941468610337e-05 9.999999771260011938e-01 1.936013332103940152e-04 -8.656600000000000406e-03 -1.773509337938834057e-02 -1.951833664871285997e-04 9.998427018117789222e-01 5.161080999999999586e-01
9.997622129675974856e-01 4.170589456528955527e-05 2.180632437506805493e-02 2.191400000000000032e-03 -6.228790498038181984e-05 9.999995532688334965e-01 9.431767333448716961e-04 -9.738000000000000128e-03 -2.180627529747393434e-02 -9.443107284090641483e-04 9.997617689404306729e-01 5.774962999999999624e-01
9.996294033540280566e-01 2.289583282788999665e-04 2.722137998254100730e-02 3.365799999999999955e-03 -2.529969412303893252e-04 9.999995811150427238e-01 8.796375884024022762e-04 -1.080829999999999985e-02 -2.722116717956268514e-02 -8.861985235341224548e-04 9.996290425500647947e-01 6.379692999999999614e-01
9.994338481608643354e-01 2.056320884954866268e-03 3.358205912067309395e-02 4.956300000000000289e-03 -2.056697057153998674e-03 9.999978847239399116e-01 -2.334225346824700273e-05 -1.174779999999999922e-02 -3.358203608451069966e-02 -4.573908395814358919e-05 9.994359633114843211e-01 6.974055000000000115e-01
9.991569136535182194e-01 3.372957887294421742e-03 4.091558448154360844e-02 7.019700000000000245e-03 -3.373219802177665223e-03 9.999943087162295186e-01 -6.263638287575787377e-05 -1.271120000000000062e-02 -4.091556288922334333e-02 -7.543368479425374023e-05 9.991626048963287987e-01 7.565558999999999479e-01
9.987721522786476847e-01 4.178940509738935001e-03 4.936318758846255234e-02 9.413100000000000633e-03 -4.238872856584912675e-03 9.999904004526308787e-01 1.109486138980513752e-03 -1.377650000000000055e-02 -4.935807724763382337e-02 -1.317368134936137752e-03 9.987802785155569518e-01 8.149933000000000316e-01
9.981916485495021529e-01 6.604242051185672639e-03 5.974794350399482978e-02 1.223529999999999930e-02 -6.736914167988362033e-03 9.999752677758126929e-01 2.019362321350151156e-03 -1.496669999999999945e-02 -5.973312944690212234e-02 -2.418227371667488242e-03 9.982114532617116787e-01 8.724992000000000303e-01
9.960846253428461416e-01 1.111537708138874737e-02 8.770329268585319582e-02 2.010790000000000147e-02 -1.136096761283100255e-02 9.999328133480515080e-01 2.301565717315816328e-03 -1.675439999999999915e-02 -8.767181742442720083e-02 -3.288948492977080904e-03 9.961439831908379672e-01 9.873304000000000524e-01
9.945008331452118711e-01 1.323419383792414673e-02 1.038891187128841154e-01 2.518230000000000121e-02 -1.367627239055369502e-02 9.999001945565211269e-01 3.544079475782269811e-03 -1.753259999999999888e-02 -1.038318469785588227e-01 -4.945405877330284750e-03 9.945825709883164834e-01 1.042937299999999956e+00
9.924816376464242751e-01 1.332837587104020519e-02 1.216657442804342792e-01 3.129389999999999949e-02 -1.396328985186144969e-02 9.998929705761261388e-01 4.367370944058293972e-03 -1.836290000000000144e-02 -1.215945125044080866e-01 -6.033389519198543646e-03 9.925615208840834480e-01 1.097614499999999937e+00
9.899750741833754919e-01 1.300062916070035372e-02 1.406425829435949959e-01 3.859869999999999968e-02 -1.363988364657356227e-02 9.999005557986802017e-01 3.582190335302033388e-03 -1.915590000000000001e-02 -1.405820261261302995e-01 -5.464627610033807870e-03 9.900539539718811177e-01 1.151907900000000096e+00
9.869583097101212177e-01 1.215450951449171743e-02 1.605165499025031084e-01 4.713200000000000028e-02 -1.270839019487874852e-02 9.999163060081138754e-01 2.424416990270160128e-03 -1.969829999999999845e-02 -1.604736480323026571e-01 -4.432705443646272822e-03 9.870301714788938252e-01 1.205563099999999999e+00
9.833416768189318091e-01 9.371247577475764340e-03 1.815250019963454697e-01 5.650089999999999973e-02 -9.931038303097310810e-03 9.999483203071914961e-01 2.175130582006384004e-03 -2.032729999999999954e-02 -1.814952371528079089e-01 -3.941628301605819285e-03 9.833839242417876658e-01 1.258633300000000066e+00
9.791062822175684577e-01 4.373641391036285977e-03 2.033021381665080229e-01 6.705659999999999399e-02 -5.377789444968243682e-03 9.999759164102736131e-01 4.387024061841637498e-03 -2.127679999999999849e-02 -2.032780546512015507e-01 -5.388678911960103832e-03 9.791062223460776925e-01 1.310368299999999930e+00
9.740509328364128638e-01 -1.266879997573629006e-03 2.263253747496855872e-01 7.922360000000000513e-02 -6.317074980019185809e-05 9.999827730436637863e-01 5.869380321703965113e-03 -2.194969999999999907e-02 -2.263289116528647005e-01 -5.731372521149178702e-03 9.740340728737643117e-01 1.361944700000000008e+00
9.613202459337620853e-01 -1.211060304847993291e-02 2.751667095628635429e-01 1.065037999999999957e-01 1.165538526439817077e-02 9.999266629486371905e-01 3.289486090726926291e-03 -2.314019999999999966e-02 -2.751863673080293116e-01 4.492443415863179440e-05 9.613908992858241076e-01 1.461669099999999943e+00
9.533978947636945200e-01 -1.546477835370843948e-02 3.013192574174872185e-01 1.219540000000000068e-01 1.488807693230714477e-02 9.998803018043039836e-01 4.210371597801100367e-03 -2.373219999999999844e-02 -3.013483025095926582e-01 4.719048681007885059e-04 9.535140155657820804e-01 1.510487399999999925e+00
9.342056850654538724e-01 -2.188667563362975410e-02 3.560627914021547435e-01 1.560705000000000009e-01 1.984491188468050921e-02 9.997590078168909766e-01 9.386466921845453698e-03 -2.468789999999999873e-02 -3.561824216095950679e-01 -1.702856040277716480e-03 9.344148879473350711e-01 1.604508199999999940e+00
9.104097263530230855e-01 -2.477163784760119322e-02 4.129654902290998963e-01 1.951473999999999986e-01 2.476259553392518367e-02 9.996789115453970087e-01 5.374725465859039181e-03 -2.591200000000000100e-02 -4.129660325308084357e-01 5.332895063416982426e-03 9.107308143496659625e-01 1.693844099999999964e+00
8.969052168657258850e-01 -2.570030217478207549e-02 4.414753973067697679e-01 2.163471999999999895e-01 2.863791381045138404e-02 9.995898507883973494e-01 9.665135109007162717e-06 -2.624100000000000044e-02 -4.412945749175152255e-01 1.263426566740507087e-02 8.972733549367299943e-01 1.736607999999999929e+00
8.663313751490961945e-01 -2.794783032484668070e-02 4.986871436205363439e-01 2.633025999999999978e-01 3.168942265734724789e-02 9.994973001998050943e-01 9.630082785357626032e-04 -2.738689999999999874e-02 -4.984633676850485084e-01 1.496882338175255581e-02 8.667815211474261261e-01 1.820319800000000043e+00
8.278601646477867781e-01 -2.710688162375752067e-02 5.602791846552707122e-01 3.143279999999999963e-01 2.583504508630616800e-02 9.996142941224779310e-01 1.018888764335217773e-02 -2.847550000000000081e-02 -5.603392706519220168e-01 6.039863794484445596e-03 8.282411616254146125e-01 1.900355100000000075e+00
8.063216466678091443e-01 -2.092355724787244020e-02 5.911071027039074277e-01 3.414410999999999974e-01 2.191734347520047504e-02 9.997447067322545733e-01 5.491030488747168647e-03 -2.896380000000000135e-02 -5.910710889308516958e-01 8.527960655002378085e-03 8.065743869707021618e-01 1.938186299999999918e+00
7.612364343405587652e-01 -1.150931436038965874e-02 6.483722902125182985e-01 4.001299999999999857e-01 1.815614503515585593e-02 9.998287951240818483e-01 -3.568590504571077585e-03 -2.973249999999999851e-02 -6.482202136850830909e-01 1.448848244919590834e-02 7.613150717320553706e-01 2.010211500000000040e+00
7.375320077953706477e-01 -1.395405213583518836e-02 6.751679953214011487e-01 4.316197999999999979e-01 1.940878223225319180e-02 9.998114871464724995e-01 -5.379054005590685333e-04 -3.027749999999999886e-02 -6.750332115159891622e-01 1.350091104145832201e-02 7.376638046911752067e-01 2.044419500000000056e+00
6.868668958603014740e-01 -1.221147593340668122e-02 7.266806363367347421e-01 4.962680999999999898e-01 1.993747058601169977e-02 9.997991394079280836e-01 -2.044041535339599820e-03 -3.211889999999999884e-02 -7.265097140698572042e-01 1.589215827677615059e-02 6.869723973111584447e-01 2.108335700000000035e+00
6.601220392502794576e-01 -9.899286362717696353e-03 7.510931349876399654e-01 5.304657000000000400e-01 2.009631483663293708e-02 9.997879879029072381e-01 -4.485239686251430921e-03 -3.280489999999999795e-02 -7.508894934849197345e-01 1.805500968055983452e-02 6.601810245678041422e-01 2.138697399999999860e+00
6.044844484320174294e-01 -6.101335890375446380e-03 7.965935759872736499e-01 6.017080000000000206e-01 1.831740125277347281e-02 9.998127371687712817e-01 -6.242067480754851308e-03 -3.446069999999999689e-02 -7.964063186685451656e-01 1.836475688492011926e-02 6.044830115804524784e-01 2.195400199999999913e+00
5.753796721188422225e-01 4.447825743227294681e-04 8.178863216125302760e-01 6.388521000000000338e-01 1.708942151146352478e-02 9.997749979038851320e-01 -1.256603512211165383e-02 -3.533739999999999798e-02 -8.177078846292342718e-01 2.120744526689140666e-02 5.752426094096599885e-01 2.221863700000000108e+00
5.142612970764783853e-01 1.818673857763147481e-02 8.574407039959831556e-01 7.168223000000000233e-01 1.500369357107756915e-02 9.994313507331827884e-01 -3.019709176180558619e-02 -3.779480000000000339e-02 -8.575023075819933061e-01 2.839397315548834039e-02 5.136959945142672845e-01 2.270967699999999923e+00
4.820602539676112075e-01 2.330192307676108923e-02 8.758281406335417518e-01 7.573229999999999684e-01 1.237266683075728332e-02 9.993655211492370460e-01 -3.339868640543888073e-02 -3.925030000000000185e-02 -8.760506998228911879e-01 2.693650903585092030e-02 4.814660900009306577e-01 2.293874699999999933e+00
4.493650739314976050e-01 2.291923940253620326e-02 8.930541634166144771e-01 7.996628000000000069e-01 1.047293423436223767e-02 9.994669949804646514e-01 -3.091995461255459335e-02 -4.104560000000000153e-02 -8.932868229068773314e-01 2.324724521161474280e-02 4.488855284045238925e-01 2.315472800000000220e+00
3.817138696170501722e-01 2.281560310665844277e-02 9.239989015127977323e-01 8.861345999999999945e-01 1.598807629865696758e-03 9.996774914295738501e-01 -2.534476165279515511e-02 -4.471230000000000343e-02 -9.242791599706984274e-01 1.115174353873644650e-02 3.815542858623212075e-01 2.353807199999999877e+00
3.463703241282348189e-01 2.569190977673042886e-02 9.377459807087022980e-01 9.309707000000000399e-01 -5.541252067489324876e-03 9.996634935027424174e-01 -2.534155250605441695e-02 -4.627040000000000319e-02 -9.380814959740044756e-01 3.581274901052845794e-03 3.463961336118764889e-01 2.371188399999999863e+00
3.102455158944060765e-01 2.739855983067043810e-02 9.502615633532796036e-01 9.766027000000000458e-01 -1.040489915128167513e-02 9.996225893070542767e-01 -2.542473246097016332e-02 -4.796650000000000219e-02 -9.505995255316854742e-01 -1.999466495199197710e-03 3.104135051711974791e-01 2.386853499999999961e+00
2.739717102983315611e-01 2.680842259776966552e-02 9.613640363743729544e-01 1.023374699999999971e+00 -1.322652941007277684e-02 9.996219096132747950e-01 -2.410594824673548131e-02 -4.958499999999999713e-02 -9.616467963217949499e-01 -6.111161831370731309e-03 2.742227066183601236e-01 2.400701999999999892e+00
2.376277147710780802e-01 2.624671358600520754e-02 9.710016370730841784e-01 1.070648000000000044e+00 -1.398130568869831308e-02 9.996237386214833487e-01 -2.359881936978016487e-02 -5.119470000000000270e-02 -9.712556781115436744e-01 -7.968137194008967014e-03 2.379052679655142555e-01 2.412540900000000210e+00
2.014257400878574356e-01 2.582236088829099538e-02 9.791633555787375709e-01 1.118320800000000004e+00 -1.340464040408222493e-02 9.996315002227074142e-01 -2.360464738428628625e-02 -5.282529999999999865e-02 -9.794120618236716869e-01 -8.370749109494712153e-03 2.016976542095860747e-01 2.422672700000000123e+00
1.662655920390953002e-01 2.469557465613340941e-02 9.857717187545464999e-01 1.167240300000000008e+00 -1.091443191551234003e-02 9.996711963052108407e-01 -2.320289752746874240e-02 -5.412390000000000256e-02 -9.860206022593296371e-01 -6.901294814157021840e-03 1.664804614663153437e-01 2.430719600000000202e+00
1.319063443838383032e-01 2.353129767821928592e-02 9.909828426067079921e-01 1.216295600000000032e+00 -2.684557381456521494e-03 9.997230108422510142e-01 -2.338150431794492473e-02 -5.613800000000000040e-02 -9.912585482420608329e-01 4.238184557584425555e-04 1.319329788754829424e-01 2.436610700000000129e+00
9.806509875665542220e-02 2.705648196747337600e-02 9.948121346211008520e-01 1.265935800000000055e+00 -6.129437279268207250e-04 9.996318034099085370e-01 -2.712714344416407991e-02 -5.777630000000000265e-02 -9.951798132527779339e-01 2.050462142456412409e-03 9.804557562260796111e-02 2.441567200000000160e+00
6.508548668227069622e-02 3.220448665800823562e-02 9.973598901411798723e-01 1.315199699999999972e+00 8.807694905683949305e-05 9.994789045093288582e-01 -3.227865677631083785e-02 -5.943650000000000322e-02 -9.978796879713421886e-01 2.188716501971468137e-03 6.504873445572167956e-02 2.445193499999999798e+00
3.595154332552653181e-02 3.617600863210344853e-02 9.986985445728667754e-01 1.364913899999999902e+00 7.024969283653472937e-03 9.993107470382269764e-01 -3.645107214423734532e-02 -6.139590000000000325e-02 -9.993288429436409936e-01 8.326298898709252189e-03 3.567262826836337108e-02 2.446875299999999864e+00
-1.159102981466879866e-02 3.122879971431052198e-02 9.994450510639586449e-01 1.466741000000000072e+00 1.097350588981259832e-02 9.994559797494756426e-01 -3.110187633410661096e-02 -6.573320000000000551e-02 -9.998726069836706420e-01 1.060691337851363443e-02 -1.192741347732195756e-02 2.446319599999999816e+00
-3.068304437999385195e-02 2.838566942513609526e-02 9.991260203592247091e-01 1.517491099999999982e+00 1.126788804017635204e-02 9.995429701564110259e-01 -2.805147964037232183e-02 -6.796820000000000639e-02 -9.994656499783716175e-01 1.039733534070465780e-02 -3.098886785804788602e-02 2.445212800000000186e+00
-4.741296915218994046e-02 3.146201652628280443e-02 9.983797633527402571e-01 1.568073700000000015e+00 1.279113031790531270e-02 9.994410026800782942e-01 -3.088800976155738759e-02 -6.998039999999999816e-02 -9.987934708143442197e-01 1.130591340580710917e-02 -4.778890018295611775e-02 2.442846299999999804e+00
-6.120615690474914827e-02 3.604300572332867769e-02 9.974741641242538259e-01 1.619160900000000014e+00 1.554541799665687049e-02 9.992610060678123185e-01 -3.515368731232626498e-02 -7.189579999999999582e-02 -9.980040813224463347e-01 1.335453072075870606e-02 -6.172122951600900187e-02 2.439272900000000188e+00
-7.326768988135759497e-02 4.147863767539707730e-02 9.964493806692052980e-01 1.670461900000000055e+00 2.015455495491188381e-02 9.989922819467490500e-01 -4.010255011089196991e-02 -7.401549999999999796e-02 -9.971086397850633665e-01 1.714477259750898236e-02 -7.402984019002778471e-02 2.435419099999999837e+00
-8.197217490909781967e-02 4.474484125115024691e-02 9.956296810170345291e-01 1.722117099999999956e+00 2.578574973202300835e-02 9.987524668960374719e-01 -4.276219100837939935e-02 -7.679829999999999990e-02 -9.963009874788993914e-01 2.216774797964402022e-02 -8.302369118559616012e-02 2.430731499999999823e+00
-8.780937601314020569e-02 5.036711906145767415e-02 9.948631397341205496e-01 1.773230700000000049e+00 2.939250402618329150e-02 9.984170529442056852e-01 -4.795277987018124743e-02 -7.931259999999999699e-02 -9.957035674292094019e-01 2.503081516164041079e-02 -8.915079416971016801e-02 2.426188499999999859e+00
-9.414143659027468525e-02 5.901167484541474523e-02 9.938083377335178437e-01 1.876741599999999899e+00 3.371658053577521880e-02 9.978580389359403835e-01 -5.605824049944713172e-02 -8.545740000000000280e-02 -9.949877296297142681e-01 2.823041556297596621e-02 -9.592946118606004990e-02 2.416420200000000129e+00
-9.910018359281831668e-02 6.537619245209422281e-02 9.929275437172323526e-01 1.981111999999999984e+00 3.500323628576337137e-02 9.974509314498033463e-01 -6.218048568033648221e-02 -9.245789999999999564e-02 -9.944616267415212763e-01 2.859357988056496908e-02 -1.011359487433673987e-01 2.406119599999999803e+00
-1.031944567191600687e-01 7.022688170154098297e-02 9.921789602631749805e-01 2.086794100000000096e+00 3.878692094769872756e-02 9.970298512837602045e-01 -6.653608353728061864e-02 -1.003425000000000011e-01 -9.939046628655257010e-01 3.161741190484734787e-02 -1.056118383449736742e-01 2.395022899999999844e+00
-1.077914911002389592e-01 6.879040127417719586e-02 9.917907416077873517e-01 2.192506999999999984e+00 3.825968897496333926e-02 9.971512803316792128e-01 -6.500400243394133248e-02 -1.079367999999999994e-01 -9.934370592271692946e-01 3.093872695232407349e-02 -1.101163227166770398e-01 2.384019400000000122e+00
-1.094123038763263056e-01 7.000837565469619772e-02 9.915280001586769254e-01 2.245262600000000219e+00 3.800461524028302118e-02 9.970818957323671627e-01 -6.620681553425619703e-02 -1.119263000000000063e-01 -9.932696496827598809e-01 3.043879992607989235e-02 -1.117536687458071665e-01 2.377572300000000194e+00
-1.144527338929537952e-01 7.403958298485130429e-02 9.906657922103996317e-01 2.352283499999999972e+00 3.520774570654262858e-02 9.968946635903187525e-01 -7.043752087778673565e-02 -1.201175000000000020e-01 -9.928046063283011424e-01 2.681734245920965737e-02 -1.167040864611575968e-01 2.365469500000000114e+00
-1.171326944435320677e-01 7.729966218184458615e-02 9.901033754709509527e-01 2.405525200000000030e+00 3.314454050295899401e-02 9.967151081370451138e-01 -7.389474031489803862e-02 -1.245287999999999951e-01 -9.925630314127389386e-01 2.416103139212424575e-02 -1.193099879927197460e-01 2.359578400000000187e+00
-1.192085554807274239e-01 8.118064984728902422e-02 9.895448561791274633e-01 2.459011100000000116e+00 2.959809533417516458e-02 9.964993581896449681e-01 -7.818556056085318451e-02 -1.290277999999999980e-01 -9.924279686973697112e-01 1.996825525672223101e-02 -1.211940416407298882e-01 2.353223299999999796e+00
-1.217263684055081147e-01 8.359812158648383118e-02 9.890369281791342448e-01 2.512850300000000203e+00 2.742841006715569102e-02 9.963495889875269018e-01 -8.084045302677438094e-02 -1.335924000000000000e-01 -9.921846469060053852e-01 1.728729567045199367e-02 -1.235749806894903546e-01 2.346850199999999997e+00
-1.272400248996986838e-01 7.777460844364615655e-02 9.888180248887871171e-01 2.621976399999999874e+00 2.245356568813929032e-02 9.968914281330416571e-01 -7.552031450380117250e-02 -1.427385999999999933e-01 -9.916177758851506541e-01 1.259328377755979805e-02 -1.285908074175031723e-01 2.333489699999999889e+00
-1.317755889230135813e-01 7.667493307905642874e-02 9.883097433503907903e-01 2.731066499999999841e+00 2.209231865640624154e-02 9.969835715395923836e-01 -7.440220115387879973e-02 -1.514657000000000087e-01 -9.910333615072587365e-01 1.202965990710701608e-02 -1.330720243407403913e-01 2.319493500000000097e+00
-1.330931170035713207e-01 7.934877754609996614e-02 9.879220585188959181e-01 2.785955700000000146e+00 2.370170570674035027e-02 9.967597116910181798e-01 -7.686550784473800135e-02 -1.559379999999999933e-01 -9.908200903054320552e-01 1.318516786309333749e-02 -1.345425583061259367e-01 2.312396000000000118e+00
-1.338069018330526327e-01 8.202850870675512662e-02 9.876067217172966872e-01 2.840838900000000056e+00 2.427846186698068981e-02 9.965406679640123055e-01 -7.948115111907730346e-02 -1.606319999999999970e-01 -9.907099824424975276e-01 1.334244554741882000e-02 -1.353355453515475704e-01 2.305148400000000208e+00
-1.343305607970311510e-01 8.279962271341941016e-02 9.874712770073217349e-01 2.895889500000000005e+00 2.290759134647707418e-02 9.964961754888138623e-01 -8.044012987850047980e-02 -1.651631000000000071e-01 -9.906717633478094864e-01 1.181502072290259442e-02 -1.357566300062705844e-01 2.298056599999999783e+00
-1.342666520634291927e-01 8.156345693315708578e-02 9.875828414046038395e-01 2.951223600000000058e+00 1.961752021292596099e-02 9.966303488759713503e-01 -7.964358480163415133e-02 -1.698602999999999918e-01 -9.907510378719638355e-01 8.680448863548434479e-03 -1.354142930534064648e-01 2.291033999999999793e+00
-1.345745490028488478e-01 8.083513809551440277e-02 9.876008157194682280e-01 3.006823499999999871e+00 1.586564678757650809e-02 9.967150389612094985e-01 -7.941921908811830355e-02 -1.746777999999999942e-01 -9.907764490603780949e-01 4.981120118385549966e-03 -1.354149786016101142e-01 2.283936000000000188e+00
-1.339790529686910869e-01 8.166232894004141207e-02 9.876137288422539573e-01 3.062934199999999940e+00 1.255902080078032113e-02 9.966587853402008035e-01 -8.070648425449550301e-02 -1.796758999999999995e-01 -9.909045788380121955e-01 1.590483034816195240e-03 -1.345569990806042560e-01 2.276127300000000186e+00
-1.345315039448585770e-01 8.206719697870126784e-02 9.875050630889917747e-01 3.118911699999999954e+00 7.759753552822573619e-03 9.966212099246055667e-01 -8.176765958014624303e-02 -1.842620000000000091e-01 -9.908789334076762989e-01 -3.337530295633203692e-03 -1.347137714578274803e-01 2.269299000000000177e+00
-1.352501221969166501e-01 8.155030509229002633e-02 9.874497213453824473e-01 3.174864499999999978e+00 4.493066036442908140e-03 9.966472908753050142e-01 -8.169449154323259188e-02 -1.891575000000000062e-01 -9.908013003641603644e-01 -6.612513158365224131e-03 -1.351630787841826553e-01 2.262417999999999818e+00
-1.356164796626865565e-01 7.646605957599034165e-02 9.878062118537322966e-01 3.231432199999999977e+00 4.544340942873377476e-03 9.970547663399135230e-01 -7.655809483167272389e-02 -1.938331000000000082e-01 -9.907509875893611984e-01 -5.893611098602029308e-03 -1.355645452871929724e-01 2.254982000000000042e+00
-1.361215551528919543e-01 6.799736556811090959e-02 9.883558471009086244e-01 3.288094800000000095e+00 7.910574563190095332e-03 9.976845511032311764e-01 -6.754968023628471485e-02 -1.983428000000000135e-01 -9.906605599461595357e-01 -1.376504900386994745e-03 -1.363442708786137825e-01 2.247437699999999872e+00
-1.361804370605588232e-01 6.264794417434278728e-02 9.887012307328858496e-01 3.345406300000000055e+00 1.303469676093292270e-02 9.980254527882259641e-01 -6.144340702798888054e-02 -2.026920999999999862e-01 -9.905982966078356045e-01 4.520030706202996656e-03 -1.367281393132711020e-01 2.239427800000000079e+00
-1.353954001804490714e-01 6.561483549456847975e-02 9.886165985724681970e-01 3.401837299999999953e+00 2.131989096857873564e-02 9.977666482149205596e-01 -6.330227451719983023e-02 -2.063422000000000034e-01 -9.905622382561651840e-01 1.250636130070326493e-02 -1.364919157604299604e-01 2.231159200000000009e+00
-1.327884197820885237e-01 7.678605919350170450e-02 9.881655411343323037e-01 3.515720099999999793e+00 3.076301840637457943e-02 9.968334749084989399e-01 -7.332571172771565338e-02 -2.146740000000000037e-01 -9.906668825949037638e-01 2.066214934074023929e-02 -1.347301128713104257e-01 2.214678000000000146e+00
-1.317631936215642452e-01 7.859589576737638361e-02 9.881604859410081376e-01 3.631383700000000214e+00 2.867256636505476422e-02 9.967369054805926831e-01 -7.545478905287381077e-02 -2.233620000000000050e-01 -9.908664616105881118e-01 1.839093313282020442e-02 -1.335867839040091321e-01 2.198904300000000145e+00
-1.313073094547005382e-01 7.408789922416733620e-02 9.885693570368835337e-01 3.689586199999999927e+00 2.760553055107942480e-02 9.970899889864869303e-01 -7.105975334829668644e-02 -2.278361999999999887e-01 -9.909572771652473966e-01 1.795931656486314532e-02 -1.329704395035306019e-01 2.191335200000000150e+00
-1.309589090046137383e-01 7.275905379939581752e-02 9.887142581365647720e-01 3.806302099999999911e+00 2.360352694959057945e-02 9.972493656478556012e-01 -7.026077305644674864e-02 -2.367039999999999977e-01 -9.911067741004805365e-01 1.413586945207783233e-02 -1.323160592179670747e-01 2.176263099999999895e+00
-1.306579702833430279e-01 7.781065610539900090e-02 9.883693624338445449e-01 3.864472399999999919e+00 2.450707122854976425e-02 9.968642787416983619e-01 -7.523970513360868362e-02 -2.412912000000000112e-01 -9.911245624346294303e-01 1.439137120780800694e-02 -1.321551745998741367e-01 2.168491400000000180e+00
-1.302155566819590826e-01 8.079873759067358885e-02 9.881879744268095012e-01 3.922753099999999993e+00 2.406392751046015563e-02 9.966379033209386007e-01 -7.831868906470984548e-02 -2.456193000000000126e-01 -9.911936421258858987e-01 1.358137208815275027e-02 -1.317220943555952317e-01 2.161125199999999857e+00
-1.297828197008899231e-01 7.914389244202757467e-02 9.883788059239289048e-01 3.981249099999999874e+00 2.400495674166316928e-02 9.967680050162505134e-01 -7.666359127874855517e-02 -2.508383000000000140e-01 -9.912518256035232067e-01 1.377637343602809011e-02 -1.312632079930774465e-01 2.153302699999999792e+00
-1.295786803368698115e-01 7.251403056951294390e-02 9.889140918061180008e-01 4.040173099999999629e+00 2.590693902971356183e-02 9.972294999277260263e-01 -6.972915447650473997e-02 -2.555583000000000160e-01 -9.912306472825919146e-01 1.658432526397444345e-02 -1.310982991623944605e-01 2.146042599999999911e+00
-1.297058841107278926e-01 7.124541408509831031e-02 9.889896230997053950e-01 4.099265599999999843e+00 2.545119541180307365e-02 9.973258681719489038e-01 -6.850802381603678104e-02 -2.598841000000000068e-01 -9.912258169958875209e-01 1.628507436001822364e-02 -1.311723144338164948e-01 2.138288300000000142e+00
-1.294658803141989500e-01 7.430128795389884244e-02 9.887961895369850041e-01 4.158166900000000332e+00 2.230666208173593193e-02 9.971545326348313365e-01 -7.200868609120936181e-02 -2.642734999999999945e-01 -9.913329403692991981e-01 1.273407453264239694e-02 -1.307549030994874517e-01 2.130825999999999887e+00
-1.290305295601274493e-01 7.753815453729101526e-02 9.886045503801732526e-01 4.217645199999999761e+00 2.210067506128575443e-02 9.969155662239972404e-01 -7.530547113007335369e-02 -2.687020999999999993e-01 -9.913943123718578221e-01 1.213212311337246579e-02 -1.303461889948971386e-01 2.123229999999999951e+00
-1.291619627457071540e-01 7.679688578237375829e-02 9.886452476565116276e-01 4.276547899999999736e+00 2.093728830184991493e-02 9.969855250584441775e-01 -7.470938885109110195e-02 -2.733890999999999960e-01 -9.914024497338310704e-01 1.104993927889900973e-02 -1.303805257839178999e-01 2.115809399999999840e+00
-1.290806492698728936e-01 7.339253302901797837e-02 9.889144159529942302e-01 4.336394799999999883e+00 2.015994182514442221e-02 9.972454856002717083e-01 -7.137939615522777281e-02 -2.780691000000000135e-01 -9.914291516440668639e-01 1.072275829545074610e-02 -1.302046839589977578e-01 2.108244399999999796e+00
-1.282079600367518890e-01 7.210719503817882015e-02 9.891224754331187086e-01 4.396115799999999574e+00 2.064550513040593060e-02 9.973312487498503520e-01 -7.002958935317603328e-02 -2.828333000000000097e-01 -9.915323908481885606e-01 1.144258234797213003e-02 -1.293544943482245468e-01 2.100542100000000190e+00
-1.275150873785175221e-01 7.237886648867863926e-02 9.891921967831444062e-01 4.455377600000000271e+00 2.253814805114039491e-02 9.972877254097435307e-01 -7.006585922890461171e-02 -2.877058000000000115e-01 -9.915805233934730234e-01 1.336010602030663144e-02 -1.288005170558420565e-01 2.093184200000000050e+00
-1.266888705772938328e-01 7.292351091202536884e-02 9.892583543382958977e-01 4.515650700000000128e+00 2.463506623448170896e-02 9.972177477426255043e-01 -7.035536297076391832e-02 -2.918498999999999954e-01 -9.916365481281296246e-01 1.545720360831665668e-02 -1.281328657025146978e-01 2.085465899999999984e+00
-1.255490950942695083e-01 7.237522973614743393e-02 9.894439099017436900e-01 4.576262999999999970e+00 2.464689987434102308e-02 9.972551382838330536e-01 -6.981919143815183693e-02 -2.965645000000000087e-01 -9.917812032134881717e-01 1.562098867335124167e-02 -1.269883052303351079e-01 2.077830099999999902e+00
-1.237437951478213838e-01 7.281485318038816157e-02 9.896390606270207835e-01 4.636753099999999961e+00 2.583859090136085904e-02 9.972024252192062121e-01 -7.014050439771199463e-02 -3.014035999999999937e-01 -9.919777418786400736e-01 1.689142661979329413e-02 -1.252790458301068499e-01 2.069750800000000002e+00
-1.221219322213531466e-01 7.118961873523985129e-02 9.899587222984874701e-01 4.698171099999999711e+00 2.594815701089376800e-02 9.973124142472478137e-01 -6.851745424389335537e-02 -3.058203999999999922e-01 -9.921758547849571785e-01 1.732012045735250444e-02 -1.236409584607041090e-01 2.061807899999999805e+00
-1.214726595682930482e-01 6.998573414969536111e-02 9.901244315705647336e-01 4.759133799999999859e+00 2.442344047762917691e-02 9.974199543744448615e-01 -6.750503811506260166e-02 -3.107208000000000192e-01 -9.922942550134216111e-01 1.598222860581445873e-02 -1.228685469766376270e-01 2.054797199999999879e+00
-1.203029323274622669e-01 6.905403384626776497e-02 9.903326435511315973e-01 4.820705900000000099e+00 2.518441040910213147e-02 9.974690563598869186e-01 -6.649230840377454155e-02 -3.153213000000000266e-01 -9.924177295603701099e-01 1.694172405852672342e-02 -1.217375375147895511e-01 2.047629399999999933e+00
-1.187676833389062492e-01 7.014754629582005407e-02 9.904410932220983899e-01 4.882690400000000430e+00 2.324838855654392730e-02 9.974243344369578823e-01 -6.785432559915022255e-02 -3.196907999999999972e-01 -9.926498626524025148e-01 1.496725832166058076e-02 -1.200925949195013054e-01 2.040528099999999956e+00
-1.168218603568648983e-01 7.308568610783262864e-02 9.904600625108049838e-01 4.944518999999999664e+00 2.399696842802660768e-02 9.972051713690228691e-01 -7.075303315860077824e-02 -3.240670999999999968e-01 -9.928629303428669894e-01 1.550253788981432665e-02 -1.182491981788857949e-01 2.032844799999999896e+00
-1.154171669966482378e-01 7.156639219006552532e-02 9.907356504493846083e-01 5.006607999999999947e+00 2.204974034160570029e-02 9.973399965628545472e-01 -6.947474510117317148e-02 -3.289137999999999784e-01 -9.930723470691021904e-01 1.382688558218907182e-02 -1.166881773007080181e-01 2.025661700000000121e+00
-1.153210353641894725e-01 7.178045450325945542e-02 9.907313587213422146e-01 5.131881700000000102e+00 1.543211616353054594e-02 9.973947368995572660e-01 -7.046693264062360573e-02 -3.379318000000000044e-01 -9.932083913224085681e-01 7.162761783584895015e-03 -1.161283180382156610e-01 2.012586799999999787e+00
-1.160339438368892528e-01 7.098876080147684120e-02 9.907051628600346271e-01 5.194720300000000179e+00 1.285019648726812291e-02 9.974664528908678829e-01 -6.996819139829579814e-02 -3.427012999999999865e-01 -9.931621198615540047e-01 4.612070812623825233e-03 -1.166521858986068194e-01 2.005873400000000029e+00
-1.174717165269410918e-01 6.816930372371381164e-02 9.907337391277425409e-01 5.257325200000000365e+00 1.073667743193121651e-02 9.976700521228291096e-01 -6.737351746015690646e-02 -3.475837999999999983e-01 -9.930181869300965802e-01 2.722705833443188339e-03 -1.179299253752323917e-01 1.999277699999999935e+00
-1.184554679032165936e-01 6.651353538500011375e-02 9.907291515517337999e-01 5.320404500000000425e+00 8.991548854558797238e-03 9.977849159199821960e-01 -6.591216588574544399e-02 -3.522142999999999802e-01 -9.929186543584656022e-01 1.100533117302598951e-03 -1.187911387849768241e-01 1.991976399999999980e+00
-1.197987513575504009e-01 6.531469034594825085e-02 9.906473895378640204e-01 5.383840600000000087e+00 7.058840058423498931e-03 9.978644059109621489e-01 -6.493689392781418213e-02 -3.570920000000000205e-01 -9.927731019473691187e-01 -7.865373325473060118e-04 -1.200039558048946464e-01 1.984873899999999969e+00
-1.214874040145501738e-01 6.589168821473240234e-02 9.904035016547642067e-01 5.446593299999999971e+00 7.444561259984501522e-03 9.978266121543815093e-01 -6.547236504171795313e-02 -3.613293000000000199e-01 -9.925650553860198011e-01 -5.809481234392288584e-04 -1.217138994767075211e-01 1.977318600000000037e+00
-1.237800272256911194e-01 6.411568153193290820e-02 9.902361759912141626e-01 5.509204399999999779e+00 6.583474175525020483e-03 9.979415230484249832e-01 -6.379164869769335389e-02 -3.660224999999999729e-01 -9.922878426786188033e-01 -1.376937720263402692e-03 -1.239473328261934126e-01 1.969798699999999902e+00
-1.263524682268060695e-01 5.977775609792036066e-02 9.901826466106601332e-01 5.572294699999999601e+00 4.428289342070144963e-03 9.982067153294748030e-01 -5.969709980094309310e-02 -3.702561999999999798e-01 -9.919755259211272547e-01 -3.158060645142336115e-03 -1.263905954826731737e-01 1.961820700000000084e+00
-1.304818551347155520e-01 5.939289094741757175e-02 9.896701319053291535e-01 5.634667900000000174e+00 3.508946049588491933e-03 9.982254930987094488e-01 -5.944368953437653008e-02 -3.748622999999999816e-01 -9.914444879962893697e-01 -4.283623786752586982e-03 -1.304587206323494231e-01 1.953804400000000108e+00
-1.364447579636281493e-01 6.494524792927727774e-02 9.885165364300448898e-01 5.696470699999999887e+00 -1.743790361822816770e-03 9.978314445022229418e-01 -6.579792973780655696e-02 -3.794851000000000196e-01 -9.906461463203809492e-01 -1.070154820631199002e-02 -1.360356190362179696e-01 1.946376200000000001e+00
-1.436804597857624100e-01 6.836442549234511556e-02 9.872599611059156288e-01 5.758847199999999944e+00 -1.300157228604915949e-03 9.975971390151827656e-01 -6.926945805983429627e-02 -3.838733999999999758e-01 -9.896232793679287099e-01 -1.123626075809161864e-02 -1.432463311126792593e-01 1.937850700000000037e+00
-1.529889702185011635e-01 6.438911511903198936e-02 9.861279921215452271e-01 5.820796999999999777e+00 4.916647940754470536e-04 9.978799169528096424e-01 -6.508017830326030817e-02 -3.885617000000000099e-01 -9.882277739758241752e-01 -9.471705044073772811e-03 -1.526962787573594715e-01 1.928874999999999895e+00
-1.633192991638899305e-01 6.251563176716075365e-02 9.845905759783449840e-01 5.882747199999999843e+00 3.520906189396735136e-03 9.980209061431426498e-01 -6.278434614476581521e-02 -3.931876999999999733e-01 -9.865669818822347947e-01 -6.787244357842350806e-03 -1.632161866170315223e-01 1.918462200000000006e+00
-1.763024680259125121e-01 6.324240573568327972e-02 9.823023149136598242e-01 5.943906300000000087e+00 3.588541588180272496e-03 9.979685751124748316e-01 -6.360696076096171436e-02 -3.979180999999999968e-01 -9.843294987641291183e-01 -7.689031456551514293e-03 -1.761712708077516343e-01 1.907907000000000020e+00
-1.901020934594952194e-01 6.296794447132640637e-02 9.797429418124803391e-01 6.004990600000000178e+00 5.246656888358579990e-03 9.979919772329554073e-01 -6.312278487322862952e-02 -4.025771000000000210e-01 -9.817503076922426963e-01 -6.859398494912977845e-03 -1.900507353273720446e-01 1.896158000000000010e+00
-2.045811135949838211e-01 6.101352034445341882e-02 9.769462207795334141e-01 6.065681500000000170e+00 6.344795972690754626e-03 9.981171685676953897e-01 -6.100706003793149312e-02 -4.070675000000000265e-01 -9.788290512261581533e-01 -6.282367832578641953e-03 -2.045830401820124544e-01 1.883828300000000011e+00
-2.196793599344877002e-01 6.388116615256958508e-02 9.734783898113824607e-01 6.125530699999999662e+00 1.094795331505575911e-02 9.979524271874240515e-01 -6.301662787662073995e-02 -4.113728999999999858e-01 -9.755106976025355037e-01 -3.185856512295172360e-03 -2.199289184743513648e-01 1.870297600000000005e+00
-2.347077910184313110e-01 6.716405101047323578e-02 9.697428747287141215e-01 6.184570299999999854e+00 1.156538403553517697e-02 9.977324783521964724e-01 -6.630342022320059869e-02 -4.158135000000000026e-01 -9.719971680655034030e-01 -4.346480535592757433e-03 -2.349523640647073197e-01 1.856293299999999924e+00
-2.500454888692527633e-01 7.106770403264042746e-02 9.656224080558949430e-01 6.243454899999999697e+00 1.128316253703986333e-02 9.974487898725128421e-01 -7.048830984654383403e-02 -4.204652999999999863e-01 -9.681683447310694968e-01 -6.730009315643929735e-03 -2.502094387414516286e-01 1.841662399999999922e+00
-2.657912064350124171e-01 6.886142330857812632e-02 9.615680625736995335e-01 6.302351500000000328e+00 8.031874989171853413e-03 9.975691226674801015e-01 -6.921946608138686285e-02 -4.249966000000000022e-01 -9.639971595217382561e-01 -1.067473092638708543e-02 -2.656981869596973800e-01 1.826135400000000075e+00
-2.816532243667652646e-01 6.295343838271642845e-02 9.574488632817931277e-01 6.360540900000000164e+00 2.349849546519445359e-03 9.978876346933649444e-01 -6.492108080731523456e-02 -4.296216999999999953e-01 -9.595133867804622740e-01 -1.603537096155737557e-02 -2.812062009757465564e-01 1.809884499999999896e+00
-2.971262453630238998e-01 5.844373895964433130e-02 9.530479125903844606e-01 6.418315400000000004e+00 -1.558899256071357570e-03 9.980940103634288185e-01 -6.169210897478825256e-02 -4.342578000000000271e-01 -9.548369306586238503e-01 -1.981605039014284336e-02 -2.964688179174224114e-01 1.792693099999999928e+00
-3.120612908015290565e-01 6.034237644755760521e-02 9.481437382527737601e-01 6.475911100000000253e+00 -2.605700639924601880e-03 9.979228242584973207e-01 -6.436805999965670988e-02 -4.384639000000000175e-01 -9.500583987879156478e-01 -2.255735863538891120e-02 -3.112558504894901157e-01 1.774273299999999942e+00
-3.262890180224522485e-01 6.241517445187631796e-02 9.432072003097122792e-01 6.532687199999999805e+00 -2.887875777508569497e-03 9.977472319053795058e-01 -6.702328997181861148e-02 -4.425076000000000009e-01 -9.452656435581681116e-01 -2.459282869648484957e-02 -3.253737172625776886e-01 1.755042599999999897e+00
-3.404513637470003018e-01 6.462178882480007491e-02 9.380388549158772404e-01 6.589248699999999737e+00 -1.336100231247958070e-03 9.976012195236567681e-01 -6.920998223583600673e-02 -4.470757000000000203e-01 -9.402611784812661133e-01 -2.481594676806872513e-02 -3.395483544755071303e-01 1.735214400000000046e+00
-3.540620436401200055e-01 6.477923399880908262e-02 9.329757339266167016e-01 6.645770999999999873e+00 1.135416323672207295e-03 9.976272541797703841e-01 -6.883729038467201189e-02 -4.516458999999999890e-01 -9.352212465952394194e-01 -2.331335583435501652e-02 -3.532954958056881978e-01 1.713731499999999963e+00
