1.000000000000000000e+00 0.000000000000000000e+00 0.000000000000000000e+00 0.000000000000000000e+00 0.000000000000000000e+00 1.000000000000000000e+00 0.000000000000000000e+00 0.000000000000000000e+00 0.000000000000000000e+00 0.000000000000000000e+00 1.000000000000000000e+00 0.000000000000000000e+00
9.999994848804729664e-01 3.635878527789260478e-04 9.476511289069396854e-04 -4.928000000000000522e-04 -3.628119837183897797e-04 9.999995989899100879e-01 -8.187719362200415263e-04 -1.570400000000000008e-03 -9.479484444194811402e-04 8.184276952686772013e-04 9.999992157846196994e-01 8.156009999999999649e-02
9.999983359852188114e-01 4.017672705103824630e-04 1.779497078898049228e-03 -3.093999999999999854e-04 -4.026324148845922745e-04 9.999998009223384221e-01 4.858419724656837030e-04 -3.129799999999999856e-03 -1.779301529236754741e-03 -4.865576472236170236e-04 9.999982986724147427e-01 1.620826999999999962e-01
9.999942539750087400e-01 6.431898443546164553e-04 3.328411601625442476e-03 -5.917999999999999650e-04 -6.516073423858569818e-04 9.999965909981062273e-01 2.528517359588069915e-03 -4.501800000000000246e-03 -3.326773938377027440e-03 -2.530671648102232000e-03 9.999912640999282232e-01 2.406745999999999885e-01
9.999728989580988214e-01 2.448098354756616558e-04 7.358085177571090964e-03 -5.454000000000000297e-04 -2.759854569776787553e-04 9.999909891643520288e-01 4.236203740178128875e-03 -7.002500000000000044e-03 -7.356981810734197942e-03 -4.238119659143277547e-03 9.999639559306081615e-01 3.951173000000000046e-01
9.999434112016476472e-01 1.813010095790772548e-04 1.063680047554174148e-02 -7.090000000000000219e-05 -2.202926635452196087e-04 9.999932607938771811e-01 3.664674333558468316e-03 -8.044799999999999521e-03 -1.063606438279439577e-02 -3.666810163149935350e-03 9.999367123161707616e-01 4.712643000000000248e-01
9.998970258023494040e-01 -2.587586074997394697e-04 1.434819973372701389e-02 4.914999999999999664e-04 2.324285576457850899e-04 9.999982862276993734e-01 1.836714084966913638e-03 -9.077599999999999905e-03 -1.434865040975874702e-02 -1.833190019438776927e-03 9.998953723494129475e-01 5.456360000000000099e-01
9.998396850087102328e-01 -1.839108114538711032e-04 1.790448151990656905e-02 1.070999999999999903e-03 1.836744628042148361e-04 9.999999830216593777e-01 1.484495916650654059e-05 -1.030129999999999935e-02 -1.790448394606666827e-02 -1.155398327205023343e-05 9.998397018128108993e-01 6.182332999999999856e-01
9.997572939591746755e-01 -1.178672780520857250e-04 2.203041721650254511e-02 2.393800000000000181e-03 1.005194406701540310e-04 9.999996840383352792e-01 7.885550530040882347e-04 -1.167920000000000069e-02 -2.203050320057293662e-02 -7.861491807128678311e-04 9.997569899221485645e-01 6.916377999999999693e-01
9.996204499060936666e-01 3.040116896670483240e-04 2.754748094529289176e-02 3.683099999999999916e-03 -3.207290317383270392e-04 9.999997670999710708e-01 6.024391186422068138e-04 -1.284539999999999987e-02 -2.754729138094940549e-02 -6.110457397085672414e-04 9.996203145998369122e-01 7.644771999999999679e-01
9.994190220725549523e-01 1.981062298679781442e-03 3.402489840846954078e-02 5.483899999999999886e-03 -1.975563050221035722e-03 9.999980295135756370e-01 -1.952424148070792953e-04 -1.410100000000000069e-02 -3.402521815025621316e-02 1.279106511902784174e-04 9.994209664444172470e-01 8.359912000000000454e-01
9.991468084757639811e-01 3.459020266042822037e-03 4.115446866980687624e-02 8.069700000000000831e-03 -3.450705219270897104e-03 9.999940090126283598e-01 -2.730793674213362137e-04 -1.518770000000000016e-02 -4.115516670097094099e-02 1.308344385843853634e-04 9.991527586591376631e-01 9.065436999999999523e-01
9.987557184418649481e-01 4.400284372596887338e-03 4.967547057768569724e-02 1.098589999999999983e-02 -4.443762246333905937e-03 9.999898339540153058e-01 7.648305164825683908e-04 -1.636620000000000089e-02 -4.967160010279813437e-02 -9.846248326978006022e-04 9.987651188628717813e-01 9.770940000000000181e-01
9.972839959925920983e-01 8.989791805484067047e-03 7.310140204087489657e-02 1.892869999999999969e-02 -9.114296502431345690e-03 9.999575257634594205e-01 1.369769428082636678e-03 -1.882510000000000086e-02 -7.308598317265319055e-02 -2.032316981770713495e-03 9.973235727442584242e-01 1.115948099999999998e+00
9.960614557135326619e-01 1.121569570280435413e-02 8.795330927111398578e-02 2.418920000000000098e-02 -1.142516382959685162e-02 9.999329661632210264e-01 1.878513106031040993e-03 -1.992120000000000002e-02 -8.792634459196517482e-02 -2.875995466747906064e-03 9.961228270533560858e-01 1.184130300000000080e+00
9.944545864269952462e-01 1.351621258005812447e-02 1.042947147836583571e-01 3.023489999999999858e-02 -1.392601198354186630e-02 9.998979014129885101e-01 3.202021257848798944e-03 -2.100250000000000034e-02 -1.042407872406392183e-01 -4.636674173601780871e-03 9.945412809572359292e-01 1.250846099999999961e+00
9.924285362659139853e-01 1.333209493101261515e-02 1.220977299127456728e-01 3.769170000000000159e-02 -1.390173458070408617e-02 9.998960894490463991e-01 3.814718882449970230e-03 -2.184849999999999987e-02 -1.220341844760843009e-01 -5.483206110929251045e-03 9.925107517150643099e-01 1.316894999999999927e+00
9.899071513184940496e-01 1.306503015517316429e-02 1.411139141103685823e-01 4.650420000000000248e-02 -1.362611420879282845e-02 9.999026280719067739e-01 3.010545874575747214e-03 -2.279219999999999857e-02 -1.410608407038360379e-01 -4.902995200732587072e-03 9.899887877435726846e-01 1.382110699999999914e+00
9.868581824612380204e-01 1.246884141067202030e-02 1.611069697535691125e-01 5.666329999999999978e-02 -1.296595040531292771e-02 9.999138685753553579e-01 2.034591053220129349e-03 -2.361910000000000051e-02 -1.610677243875658637e-01 -4.096757808607739276e-03 9.869348533394028955e-01 1.446275699999999942e+00
9.789680930022526262e-01 4.712847221810406891e-03 2.039589712530358590e-01 8.038149999999999462e-02 -5.594103738766418275e-03 9.999773423938153050e-01 3.744422834313138829e-03 -2.529549999999999854e-02 -2.039367031382354201e-01 -4.806638125143184240e-03 9.789722760849978167e-01 1.571693100000000065e+00
9.739015326981338427e-01 -7.995128395134836309e-04 2.269695252395025342e-01 9.476840000000000264e-02 -3.878269444496836851e-04 9.999864741306830895e-01 5.186631464229696058e-03 -2.606599999999999889e-02 -2.269706020578147188e-01 -5.139293230010499001e-03 9.738880497606534625e-01 1.633519200000000060e+00
9.612609388220968443e-01 -1.193645669872318675e-02 2.753814236587874831e-01 1.279164000000000134e-01 1.164340106779875907e-02 9.999285707249870869e-01 2.699010829726379568e-03 -2.767460000000000059e-02 -2.753939699892419268e-01 6.119226782068825678e-04 9.613312576028101297e-01 1.752352799999999933e+00
9.443690984332012706e-01 -1.783154303450328049e-02 3.284037789025442411e-01 1.663091999999999904e-01 1.679534557951725682e-02 9.998409952083111563e-01 5.991716591966352035e-03 -2.914850000000000080e-02 -3.284584026803502033e-01 -1.427370397349071902e-04 9.445184261489081301e-01 1.866933299999999907e+00
9.228958478420946632e-01 -2.497346423942107055e-02 3.842389622613818778e-01 2.104156000000000082e-01 2.353584605602121807e-02 9.996873323630226515e-01 8.444019382423683523e-03 -3.041069999999999884e-02 -3.843296995891009038e-01 1.250438637372243075e-03 9.231950597879982068e-01 1.976639599999999941e+00
8.969444423565599012e-01 -2.538192616406725541e-02 4.414141197898880375e-01 2.593379000000000101e-01 2.846870714509619829e-02 9.995946158318450570e-01 -3.697478501710422041e-04 -3.183040000000000175e-02 -4.412257925814928039e-01 1.289813258529293530e-02 8.973034259026573256e-01 2.080049499999999885e+00
8.663950276037764020e-01 -2.776645771168977095e-02 4.985866825032499450e-01 3.158624999999999905e-01 3.181532545284027763e-02 9.994936934523779293e-01 3.765836613739987487e-04 -3.307140000000000080e-02 -4.983447011956498307e-01 1.553642735860158615e-02 8.668397650172432467e-01 2.180508099999999949e+00
8.281361200393045907e-01 -2.669713139049731399e-02 5.598909088936566691e-01 3.775023000000000128e-01 2.574323896464425498e-02 9.996226081772342509e-01 9.587850048505978939e-03 -3.431220000000000103e-02 -5.599355787354968195e-01 6.473360523092868551e-03 8.285108588725209611e-01 2.276424200000000120e+00
8.066452039239965233e-01 -2.074562045087343168e-02 5.906717652118832484e-01 4.105016000000000220e-01 2.210746822444639367e-02 9.997434829051927707e-01 4.922218737492267682e-03 -3.490270000000000178e-02 -5.906223622883907121e-01 9.087773143236405754e-03 8.068969187846599667e-01 2.322099000000000135e+00
7.844656537210793479e-01 -1.367536611564543203e-02 6.200214693811517686e-01 4.451778000000000124e-01 1.936609962323984635e-02 9.998094567921499420e-01 -2.450366170338526099e-03 -3.504750000000000226e-02 -6.198698188469432546e-01 1.392962564425357166e-02 7.845810176215510801e-01 2.366007100000000030e+00
7.380131557481068860e-01 -1.365464363109774107e-02 6.746481547073469587e-01 5.186794000000000127e-01 1.956100134789861070e-02 9.998079895172501397e-01 -1.162464512058833908e-03 -3.658259999999999984e-02 -6.745027421508292820e-01 1.405470756657744777e-02 7.381385479882687228e-01 2.449452200000000079e+00
7.131622570380412585e-01 -1.392168502291291250e-02 7.008607435307885325e-01 5.571854000000000529e-01 2.002631518169245908e-02 9.997993189962036675e-01 -5.181071037217476263e-04 -3.756360000000000254e-02 -7.007128811693492665e-01 1.440515257990053824e-02 7.132979389725582209e-01 2.488392399999999949e+00
6.875052095380684847e-01 -1.203350568727061531e-02 7.260797350146134255e-01 5.965454000000000034e-01 2.069935102029799717e-02 9.997811539623383537e-01 -3.030024599482802027e-03 -3.857209999999999805e-02 -7.258843735233285743e-01 1.711253700096535685e-02 6.876038375053149521e-01 2.525899599999999801e+00
6.337764578776394764e-01 -7.223122682392476082e-03 7.734825324070272456e-01 6.794727999999999879e-01 1.903240524226940122e-02 9.997992810237995576e-01 -6.258211804306600991e-03 -4.020610000000000156e-02 -7.732820759533786115e-01 1.868754031456878323e-02 6.337867203138802807e-01 2.596422000000000008e+00
6.054556614505627321e-01 -5.932473575483429747e-03 7.958569266989750091e-01 7.230537000000000214e-01 1.925540473197591071e-02 9.997887003730180355e-01 -7.196109715626222356e-03 -4.130009999999999931e-02 -7.956460716964983693e-01 1.968147260008054622e-02 6.054419610749017799e-01 2.630005399999999938e+00
5.465383920539540474e-01 1.007039390922561534e-02 8.373734968206192342e-01 8.134784000000000459e-01 1.691618076906333326e-02 9.995909068161058508e-01 -2.306212996979174756e-02 -4.380749999999999922e-02 -8.372631777638779305e-01 2.676950087446956089e-02 5.461444543192441881e-01 2.691372199999999992e+00
4.835382057463863403e-01 2.365643503962730487e-02 8.750035295156135540e-01 9.097942999999999447e-01 1.308662343805388345e-02 9.993276308309538836e-01 -3.424947510230304248e-02 -4.720239999999999853e-02 -8.752254246024597784e-01 2.801177143646204487e-02 4.829035067075362342e-01 2.747596500000000219e+00
4.508767548608225706e-01 2.333392425256266070e-02 8.922811663960801276e-01 9.603899000000000186e-01 1.141711937395520002e-02 9.994256950316068311e-01 -3.190500737800276709e-02 -4.922850000000000142e-02 -8.925131939144510529e-01 2.457250678228051904e-02 4.503514079017186811e-01 2.773517800000000033e+00
4.175232837941983965e-01 2.177001702625643020e-02 9.084054017058604824e-01 1.012302800000000058e+00 6.917403180500421821e-03 9.996078414884320695e-01 -2.713508371234353220e-02 -5.155509999999999954e-02 -9.086398940300539628e-01 1.761333567255202529e-02 4.172089564996637190e-01 2.797811299999999779e+00
3.832423742436251168e-01 2.346568243340146562e-02 9.233496869182572508e-01 1.065151500000000029e+00 2.531112064588912636e-03 9.996467948965963579e-01 -2.645522490319899070e-02 -5.337870000000000115e-02 -9.236443450028942737e-01 1.247586473544425381e-02 3.830476168092907807e-01 2.820072899999999994e+00
3.478830099733062897e-01 2.628017385246366952e-02 9.371695491394267385e-01 1.118978599999999934e+00 -4.555523056552542721e-03 9.996426353262697351e-01 -2.634101075569663525e-02 -5.544749999999999679e-02 -9.375268841913779738e-01 4.894292618427368083e-03 3.478784088128660246e-01 2.841059399999999791e+00
3.118156257943664467e-01 2.794407488995558075e-02 9.497316169260725527e-01 1.173948200000000108e+00 -9.238367760038506890e-03 9.996093374712228252e-01 -2.637849505701980041e-02 -5.754599999999999993e-02 -9.500977150123022241e-01 -5.487430067808388851e-04 3.119519687540288633e-01 2.859884300000000046e+00
2.755812918779303455e-01 2.726007719266012458e-02 9.608911695703843403e-01 1.230229999999999935e+00 -1.197030941913417024e-02 9.996176381181036685e-01 -2.492567462665830000e-02 -5.961810000000000026e-02 -9.612032372288916715e-01 -4.633115003327779174e-03 2.758022316553381259e-01 2.876755199999999846e+00
2.390641972597009335e-01 2.681259231319943134e-02 9.706335016276848027e-01 1.287232500000000002e+00 -1.271943128478705484e-02 9.996193873275989183e-01 -2.448053403394892524e-02 -6.151159999999999961e-02 -9.709204527953698705e-01 -6.493486909350799224e-03 2.393142473222011901e-01 2.891233900000000023e+00
2.029284213303490791e-01 2.635447473028525167e-02 9.788388516390545968e-01 1.344579500000000039e+00 -1.235024734644969702e-02 9.996271127423412839e-01 -2.435378535037149850e-02 -6.351420000000000676e-02 -9.791156863245803477e-01 -7.146826715488030154e-03 2.031782361894229894e-01 2.903429699999999780e+00
1.333189518246987448e-01 2.422209167335284685e-02 9.907771431352923042e-01 1.462417000000000078e+00 -1.778048317807643872e-03 9.997055289355325502e-01 -2.420111484842375066e-02 -6.737020000000000508e-02 -9.910715895577590917e-01 1.464817631907037315e-03 1.333227613003947765e-01 2.920623299999999922e+00
9.968849952471642295e-02 2.763049203030657625e-02 9.946349878084291829e-01 1.522413100000000075e+00 2.187801972719834870e-04 9.996137392177365522e-01 -2.779072691313397292e-02 -6.955569999999999808e-02 -9.950186707784615114e-01 2.988022305517831420e-03 9.964394876241022825e-02 2.926442100000000046e+00
6.655951176782824719e-02 3.280986313414908928e-02 9.972428712577227072e-01 1.581634500000000054e+00 1.246780678215108490e-03 9.994556999821235799e-01 -3.296588101634687074e-02 -7.148519999999999874e-02 -9.977816779893128318e-01 3.437536088816247476e-03 6.648237672097268014e-02 2.931064800000000137e+00
3.725309747909916896e-02 3.670930696313685904e-02 9.986313801951643976e-01 1.641367199999999915e+00 7.996909712786812174e-03 9.992820993609350388e-01 -3.703154509128599170e-02 -7.395569999999999922e-02 -9.992738644452071606e-01 9.365504742863741197e-03 3.693279244320857302e-02 2.933292900000000092e+00
1.178284333960953091e-02 3.475749706222928948e-02 9.993263135737011638e-01 1.702400300000000088e+00 9.804142631794068516e-03 9.993436365766558138e-01 -3.487369812624275395e-02 -7.675519999999999565e-02 -9.998825147936578617e-01 1.020844903567587857e-02 1.143434205349613819e-02 2.933639299999999839e+00
-2.932765092054320094e-02 2.878700364247693821e-02 9.991552418482178011e-01 1.825214399999999904e+00 1.181957127858028478e-02 9.995253141117126372e-01 -2.845073258586918244e-02 -8.218499999999999417e-02 -9.994999682972846022e-01 1.097519344568003916e-02 -2.965397953996362634e-02 2.931293000000000148e+00
-4.572269994232235762e-02 3.193966636147568122e-02 9.984434347636834683e-01 1.886732800000000099e+00 1.320876317389047677e-02 9.994206820584216056e-01 -3.136604612148886917e-02 -8.462390000000000190e-02 -9.988668396164728236e-01 1.175406255712938518e-02 -4.611809545073020100e-02 2.928268399999999883e+00
-5.961110600907449514e-02 3.647576692679270483e-02 9.975550282904082078e-01 1.948609700000000000e+00 1.625857475234723445e-02 9.992350797602193024e-01 -3.556563121344087641e-02 -8.699540000000000051e-02 -9.980892619337196070e-01 1.409871638449538417e-02 -6.015855225080091184e-02 2.924001000000000072e+00
-7.184526518104450421e-02 4.180039109976980971e-02 9.965395050749227268e-01 2.010588900000000123e+00 2.078818729320520628e-02 9.989671707908720499e-01 -4.040350171882881036e-02 -8.963590000000000446e-02 -9.971991321396785901e-01 1.781344958134347192e-02 -7.264001565173916486e-02 2.919473400000000218e+00
-8.028329189431862578e-02 4.526245680399680615e-02 9.957438943054974789e-01 2.073245800000000028e+00 2.613252403115261593e-02 9.987206807202071435e-01 -4.329079682250414063e-02 -9.279669999999999586e-02 -9.964294677649656595e-01 2.254577356917315811e-02 -8.136340617129245167e-02 2.913785700000000034e+00
-8.635533344706160241e-02 5.098677368678105476e-02 9.949588460304575888e-01 2.135309700000000088e+00 2.976355142085006927e-02 9.983758057223002247e-01 -4.857861211651033628e-02 -9.584249999999999714e-02 -9.958197062681904965e-01 2.541848652774044912e-02 -8.773262306903772956e-02 2.908460600000000174e+00
-8.977678742494081543e-02 5.537699558735463545e-02 9.944211968775477084e-01 2.197614399999999968e+00 3.196999695882114800e-02 9.980987431321367565e-01 -5.269552402720666801e-02 -9.969020000000000659e-02 -9.954486665489633568e-01 2.706080778112607971e-02 -9.137650107179084991e-02 2.902718099999999968e+00
-9.242189450210186452e-02 5.954922336392590165e-02 9.939376657584697572e-01 2.260216999999999921e+00 3.416315219986877649e-02 9.978120019162132204e-01 -5.660466291505936165e-02 -1.035789000000000015e-01 -9.951336957657552773e-01 2.872453356822624038e-02 -9.425406475519715332e-02 2.896578599999999781e+00
-9.496910304481467890e-02 6.237979993794371542e-02 9.935238447196752531e-01 2.322968200000000039e+00 3.473978691573430949e-02 9.976345117870393242e-01 -5.931718213540859014e-02 -1.078313999999999939e-01 -9.948738697301846567e-01 2.888150707871695727e-02 -9.691151570865697007e-02 2.890483899999999995e+00
-9.754744622843554425e-02 6.596530904361908032e-02 9.930423322986235979e-01 2.385742700000000216e+00 3.564065552368986256e-02 9.973924861371386008e-01 -6.275326502278147367e-02 -1.120386000000000021e-01 -9.945924991714706342e-01 2.927125894042826443e-02 -9.964413676624550575e-02 2.884611800000000059e+00
-1.017006084140462951e-01 7.117619192260860039e-02 9.922655571728813406e-01 2.511766000000000165e+00 3.920535848120159511e-02 9.969491054225161353e-01 -6.749385945110308871e-02 -1.211146000000000028e-01 -9.940422154589678705e-01 3.203796030712273424e-02 -1.041808186989617857e-01 2.871410399999999807e+00
-1.063331211665416165e-01 6.952888530767403763e-02 9.918966687366450596e-01 2.638541500000000095e+00 3.810170993506515474e-02 9.971045015755134466e-01 -6.580936588260977160e-02 -1.302502000000000104e-01 -9.936002853476872954e-01 3.079524388147223540e-02 -1.086744032018345241e-01 2.858937500000000131e+00
-1.103644653520644281e-01 7.275787211406001265e-02 9.912244835722064940e-01 2.766097100000000086e+00 3.711107922689702715e-02 9.969231024204405767e-01 -6.904415731268441492e-02 -1.396615999999999969e-01 -9.931980933258824917e-01 2.916538883399001289e-02 -1.127250083521585955e-01 2.843956200000000045e+00
-1.157081408102646203e-01 7.850801357451379914e-02 9.901758015397148505e-01 2.893962099999999982e+00 3.358639998350188005e-02 9.966107208232409809e-01 -7.509344096742581742e-02 -1.499399999999999900e-01 -9.927152561970531419e-01 2.456751808311125745e-02 -1.179527751638587141e-01 2.829907400000000184e+00
-1.178094641960796135e-01 8.225378416425400963e-02 9.896237896981323612e-01 2.958082000000000100e+00 3.014991080510731961e-02 9.964004870367706435e-01 -7.922785060400291957e-02 -1.556581999999999966e-01 -9.925784165617732580e-01 2.050327836094636286e-02 -1.198653517584495898e-01 2.822384599999999910e+00
-1.203762578661153743e-01 8.465100594445404414e-02 9.891126142835013901e-01 3.022222499999999812e+00 2.789204143430085853e-02 9.962528452830207160e-01 -8.186758998598200887e-02 -1.611213999999999980e-01 -9.923364301318267078e-01 1.773345589775509462e-02 -1.222862787688979713e-01 2.814962099999999801e+00
-1.231943739285501216e-01 8.293294602853551467e-02 9.889111551071615436e-01 3.087765000000000093e+00 2.580595279910047335e-02 9.964326885120515787e-01 -8.034892696716855465e-02 -1.667101000000000000e-01 -9.920469742066063690e-01 1.562125883764822060e-02 -1.248950649138869107e-01 2.807071000000000094e+00
-1.258981661212094927e-01 7.914790750959635468e-02 9.888808120821077630e-01 3.153737099999999849e+00 2.246584430518635406e-02 9.967841088452200626e-01 -7.692025866633317444e-02 -1.719669000000000059e-01 -9.917887565439384989e-01 1.253192285696245328e-02 -1.272714158895691394e-01 2.798791200000000146e+00
-1.299584669284816474e-01 7.785470676619139774e-02 9.884581131782714802e-01 3.284971999999999781e+00 2.199757111409451904e-02 9.968935098229567693e-01 -7.562695906848762584e-02 -1.829312999999999911e-01 -9.912753924811603667e-01 1.191531397893901001e-02 -1.312673666762009805e-01 2.781787599999999916e+00
-1.313180153860461774e-01 8.068508870364957120e-02 9.880513626810876193e-01 3.351096399999999864e+00 2.370176310134677194e-02 9.966529669246645406e-01 -7.823739480677571745e-02 -1.882744000000000084e-01 -9.910569132299908990e-01 1.314457991522966634e-02 -1.327908685034266956e-01 2.773283499999999790e+00
-1.322207824940479781e-01 8.338971917891230268e-02 9.877063427010698282e-01 3.416750899999999813e+00 2.410060195634241079e-02 9.964308025303206806e-01 -8.090004174364193168e-02 -1.940068000000000070e-01 -9.909272554844795744e-01 1.310765059204770794e-02 -1.337586028409133432e-01 2.765038500000000177e+00
-1.326669961576473489e-01 8.291816571409341141e-02 9.876862082286643751e-01 3.549635599999999780e+00 1.976574730590983237e-02 9.965177191736842577e-01 -8.100463323981627051e-02 -2.053351999999999955e-01 -9.909635630859217059e-01 8.775714642601677162e-03 -1.338439519312170090e-01 2.748134100000000135e+00
-1.328930433635496511e-01 8.291090986351309922e-02 9.876564281424882186e-01 3.683813600000000132e+00 1.228267665511427464e-02 9.965562003353135578e-01 -8.200533779839169757e-02 -2.175391999999999881e-01 -9.910542744369550405e-01 1.233125641135084105e-03 -1.334537542424099055e-01 2.731271299999999957e+00
-1.331933027169490136e-01 8.312932479690010590e-02 9.875976202230150047e-01 3.750712399999999835e+00 7.964022089135477933e-03 9.965337443048287724e-01 -8.280743211790761449e-02 -2.232244999999999924e-01 -9.910580802675061918e-01 -3.164146110659966926e-03 -1.333936644517851322e-01 2.722930700000000037e+00
-1.341558543642908941e-01 8.277557221729367476e-02 9.874970437342518448e-01 3.817587399999999853e+00 4.580922109890139815e-03 9.965463621203796141e-01 -8.291178020800418769e-02 -2.288420999999999927e-01 -9.909496565882700558e-01 -6.599453669575712500e-03 -1.340717170728145113e-01 2.715069100000000013e+00
-1.345072183008921285e-01 7.783000152408151018e-02 9.878513547531921901e-01 3.885387199999999819e+00 4.600214509167574461e-03 9.969489698517421949e-01 -7.792040514537575124e-02 -2.344912000000000107e-01 -9.909019357390647098e-01 -5.936528809946550744e-03 -1.344548674249574916e-01 2.706213500000000050e+00
-1.349395984914002478e-01 6.945658989947292583e-02 9.884164541722867403e-01 3.953287399999999785e+00 7.935934102703410403e-03 9.975838930456488729e-01 -6.901736945005118584e-02 -2.399739999999999929e-01 -9.908220454293986679e-01 -1.469168276183492605e-03 -1.351647729095085682e-01 2.697179799999999794e+00
-1.348730927369523602e-01 6.394939232728152900e-02 9.887971096623110467e-01 4.021552599999999700e+00 1.332039701520738167e-02 9.979420213175087540e-01 -6.272391180468739336e-02 -2.453731000000000106e-01 -9.907733423336168022e-01 4.711402094533492096e-03 -1.354473580819386402e-01 2.687489699999999981e+00
-1.339351011585648288e-01 6.656664310478314917e-02 9.887518751958982444e-01 4.089524299999999890e+00 2.192397093114885689e-02 9.976962590453435364e-01 -6.419902012910096156e-02 -2.501208999999999794e-01 -9.907475602676268922e-01 1.307886511464191603e-02 -1.350859545291732688e-01 2.677703399999999956e+00
-1.324468424187169313e-01 7.240725146364157538e-02 9.885418675345989392e-01 4.158013300000000356e+00 2.751933040363090804e-02 9.972123831025201390e-01 -6.935524090599382019e-02 -2.548449999999999882e-01 -9.908080138893948785e-01 1.801812760731864860e-02 -1.340702304394193467e-01 2.667646599999999868e+00
-1.312644176887197700e-01 7.836536188311223061e-02 9.882451733784336501e-01 4.226838599999999779e+00 3.128140583619723469e-02 9.967017178013887202e-01 -7.488096808049374276e-02 -2.597576999999999803e-01 -9.908537360770017788e-01 2.108449166306026676e-02 -1.332828492851121371e-01 2.658008800000000171e+00
-1.309303116669774392e-01 8.274437545091391233e-02 9.879324986141646558e-01 4.296187399999999990e+00 3.199532352234910060e-02 9.963444675888762925e-01 -7.920859282766590237e-02 -2.653267999999999738e-01 -9.908751448893491354e-01 2.123841416577390909e-02 -1.330991247312869330e-01 2.648996799999999929e+00
-1.305134877726604470e-01 7.993350918936692473e-02 9.882190362556717567e-01 4.365553900000000098e+00 2.898160566922933917e-02 9.966263005371100991e-01 -7.678595972277223181e-02 -2.707512000000000252e-01 -9.910228534409530887e-01 1.861857100819769642e-02 -1.323897759321458478e-01 2.639579499999999967e+00
-1.299739670339525588e-01 7.511492485369275496e-02 9.886680514498692451e-01 4.435186400000000084e+00 2.769929085733102703e-02 9.970121706968472219e-01 -7.210742519575689957e-02 -2.764877000000000029e-01 -9.911304238996289095e-01 1.801331581316415256e-02 -1.316662571578505192e-01 2.630324400000000118e+00
-1.298693610178061064e-01 7.346593342186266695e-02 9.888056966337123166e-01 4.504897099999999988e+00 2.564793045794674931e-02 9.971665220287289078e-01 -7.071853369770136899e-02 -2.816038000000000152e-01 -9.911993405627602671e-01 1.617664896024636687e-02 -1.313856281956511385e-01 2.621442800000000073e+00
-1.301841248604045098e-01 7.419156462009875164e-02 9.887101220143100777e-01 4.574588300000000274e+00 2.364587968433792819e-02 9.971451238457060828e-01 -7.171104771710723469e-02 -2.867074000000000011e-01 -9.912078318941411892e-01 1.404328059796313560e-02 -1.315667901172725696e-01 2.613058800000000126e+00
-1.297405414174960803e-01 7.910431352549236739e-02 9.883875249588875977e-01 4.643768299999999627e+00 2.501177847609226124e-02 9.967565128597727364e-01 -7.649094723618447833e-02 -2.925780000000000047e-01 -9.912324666041554266e-01 1.479735291484511606e-02 -1.312982692062452106e-01 2.603852499999999903e+00
-1.289482546158061682e-01 8.208034065194806661e-02 9.882485341805455903e-01 4.714077500000000143e+00 2.443500717243258027e-02 9.965289717085612509e-01 -7.957976482725198641e-02 -2.978395999999999821e-01 -9.913502297654548379e-01 1.388618824363714588e-02 -1.305063052884490871e-01 2.594475999999999782e+00
-1.289865792831483837e-01 8.047292476659539950e-02 9.883757234697451155e-01 4.784328499999999984e+00 2.465133271068285781e-02 9.966540272444449622e-01 -7.792985161680018869e-02 -3.042043999999999859e-01 -9.913398883129939110e-01 1.431287381832017230e-02 -1.305387585456577737e-01 2.585723400000000005e+00
-1.285742549355590181e-01 7.409104580586872713e-02 9.889282976531507119e-01 4.855352400000000124e+00 2.645014287028954469e-02 9.971066668677602829e-01 -7.126489198761701283e-02 -3.097828000000000248e-01 -9.913470890207461972e-01 1.699446437102711954e-02 -1.301619655307753032e-01 2.576778899999999872e+00
-1.287920120583631034e-01 7.269554990151960716e-02 9.890035261082108509e-01 4.926664800000000177e+00 2.574150797086238035e-02 9.972185122330565754e-01 -6.994722029555687504e-02 -3.152033000000000196e-01 -9.913374765423452750e-01 1.644979891077118228e-02 -1.303050717295789473e-01 2.567596399999999779e+00
-1.286486284233548383e-01 7.579569084548400115e-02 9.887894334255626916e-01 4.997608200000000167e+00 2.313863255788045983e-02 9.970328654450278938e-01 -7.341708864990621752e-02 -3.205485000000000140e-01 -9.914202610841382768e-01 1.343422761950261238e-02 -1.300207192724545102e-01 2.558711999999999875e+00
-1.282350371800399236e-01 7.900113913551040645e-02 9.885922290078582586e-01 5.068779499999999771e+00 2.301240347006346804e-02 9.967908240017190336e-01 -7.667126236410229390e-02 -3.258582999999999896e-01 -9.914767796201607863e-01 1.291794106139696613e-02 -1.296415144649640805e-01 2.549644499999999869e+00
-1.287734641597187146e-01 7.839317249404019472e-02 9.885706375543554802e-01 5.139577400000000296e+00 2.193996886071387931e-02 9.968517595149463117e-01 -7.619191110837611469e-02 -3.315033000000000007e-01 -9.914313050810410477e-01 1.187771267018367799e-02 -1.300879980898622668e-01 2.541060400000000108e+00
-1.287761544671421343e-01 7.490622712112399162e-02 9.888406136375740285e-01 5.211207400000000156e+00 2.096165721336686744e-02 9.971259609921402367e-01 -7.280403039921716501e-02 -3.371964000000000072e-01 -9.914521223778405279e-01 1.135231491720608069e-02 -1.299762054319809623e-01 2.532303999999999888e+00
-1.274647463483719600e-01 7.392597164685774103e-02 9.890842679743790944e-01 5.283288500000000276e+00 2.160341478746853269e-02 9.971888317071422314e-01 -7.174765771832121442e-02 -3.428946999999999967e-01 -9.916078009514980307e-01 1.222230070865456750e-02 -1.287034749240340004e-01 2.522455900000000195e+00
-1.269555834946096418e-01 7.435170831861678820e-02 9.891178409520504644e-01 5.354981399999999780e+00 2.338560960851375839e-02 9.971338557141411485e-01 -7.195267230540186576e-02 -3.486987999999999754e-01 -9.916326906081609494e-01 1.399633018879189658e-02 -1.283304704988839084e-01 2.513701699999999928e+00
-1.260369814941770250e-01 7.482392976397010675e-02 9.891997062426338694e-01 5.427062499999999901e+00 2.548957754981026960e-02 9.970664915372922099e-01 -7.217127468631034937e-02 -3.539223000000000230e-01 -9.916980189211677121e-01 1.611803301247150336e-02 -1.275744813026500335e-01 2.504454400000000192e+00
-1.247323091999172212e-01 7.435839844553954192e-02 9.894001615232690394e-01 5.499618100000000176e+00 2.561074447415276692e-02 9.970968027507923770e-01 -7.170812863007430815e-02 -3.595731999999999817e-01 -9.918598392964281807e-01 1.639495424702406071e-02 -1.262745606450565994e-01 2.495305500000000176e+00
-1.216963013249480891e-01 7.287306899376042035e-02 9.898886432620881415e-01 5.646830099999999852e+00 2.677710914737225362e-02 9.971792602895565016e-01 -7.011782422524583114e-02 -3.712926999999999755e-01 -9.922061260995804766e-01 1.797327637920789756e-02 -1.233043578575366839e-01 2.476584400000000130e+00
-1.205744225272269710e-01 7.178665090848201924e-02 9.901052900492803843e-01 5.720525699999999603e+00 2.512717480352688951e-02 9.972830415364135614e-01 -6.924709488688342296e-02 -3.771951000000000054e-01 -9.923862321287104660e-01 1.652912021929089925e-02 -1.220506225553867896e-01 2.467670200000000147e+00
-1.182216177204631624e-01 7.237119743782867431e-02 9.903464337720269128e-01 5.869152099999999983e+00 2.347273001896831371e-02 9.972655388276133737e-01 -7.007478870697167461e-02 -3.879383000000000137e-01 -9.927097662705921532e-01 1.496177958282104287e-02 -1.195970948756773788e-01 2.451060099999999853e+00
-1.167861663926685611e-01 7.524483408030935294e-02 9.903025831954246350e-01 5.943454700000000201e+00 2.433142126747702902e-02 9.970433183480589268e-01 -7.288760715372491483e-02 -3.934821000000000013e-01 -9.928589896246136082e-01 1.558320511698022687e-02 -1.182716806335042392e-01 2.442350600000000149e+00
-1.155095464396665855e-01 7.365056758460158948e-02 9.905721268922160760e-01 6.018105499999999886e+00 2.223736135751573639e-02 9.971891355213314823e-01 -7.154947769253611201e-02 -3.995207000000000064e-01 -9.930574225296127100e-01 1.376306262012525622e-02 -1.168226590441971968e-01 2.433851699999999951e+00
-1.148248136273020137e-01 7.197262838178332400e-02 9.907750516334535851e-01 6.093499699999999741e+00 1.887405070602257359e-02 9.973499390570359502e-01 -7.026285841661422671e-02 -4.055174999999999752e-01 -9.932064399637173802e-01 1.063201894018269561e-02 -1.158789359109486661e-01 2.425337999999999994e+00
-1.148946337183331806e-01 7.314745116239323997e-02 9.906809140844368144e-01 6.169132199999999955e+00 1.610651852128745093e-02 9.972913292110268113e-01 -7.176757444435950817e-02 -4.109963999999999840e-01 -9.932471007779752892e-01 7.710711312749071733e-03 -1.157615727571026376e-01 2.417074700000000131e+00
-1.154071622238554973e-01 7.245781458997997693e-02 9.906720204044727751e-01 6.244878299999999882e+00 1.351329139203063037e-02 9.973581800094502015e-01 -7.137262587288777105e-02 -4.168831000000000064e-01 -9.932263477491876102e-01 5.150327473202431783e-03 -1.160814208378240231e-01 2.409013999999999989e+00
-1.164094700658163950e-01 6.966554839241449748e-02 9.907550386680756827e-01 6.320572399999999647e+00 1.161112381992441753e-02 9.975642743588142292e-01 -6.878008670109991840e-02 -4.227361000000000035e-01 -9.931334336747676961e-01 3.497125985233086320e-03 -1.169348238430675258e-01 2.400535300000000039e+00
-1.175975431522836012e-01 6.794544505181951410e-02 9.907341895489711892e-01 6.396783799999999687e+00 9.453501669144430408e-03 9.976879820145392319e-01 -6.730023662624029512e-02 -4.286097999999999852e-01 -9.930163388135857527e-01 1.451564833766454121e-03 -1.179679778956777003e-01 2.391962100000000202e+00
-1.190094530120698185e-01 6.744441976398535266e-02 9.905998184617577085e-01 6.473145500000000219e+00 7.953928673312800346e-03 9.977230286489519040e-01 -6.697382415707352210e-02 -4.341213999999999906e-01 -9.928612617644159144e-01 -9.135787921843441239e-05 -1.192749200012731547e-01 2.383399499999999893e+00
-1.205344178840401237e-01 6.732034996746372180e-02 9.904238610744460214e-01 6.549199100000000051e+00 8.216573872650172194e-03 9.977314084473106748e-01 -6.681709744923851335e-02 -4.399371999999999727e-01 -9.926751442537233849e-01 8.413087400843677344e-05 -1.208141171504604205e-01 2.374171000000000031e+00
-1.231259269620957469e-01 6.583689128430658677e-02 9.902047817778616423e-01 6.624267599999999589e+00 7.674247150146147611e-03 9.978302958744672546e-01 -6.538965182466908999e-02 -4.454029999999999934e-01 -9.923613817760155165e-01 -4.520852700212463215e-04 -1.233640287057191642e-01 2.365371899999999972e+00
-1.257259263556564921e-01 6.133155474433922560e-02 9.901673756666867776e-01 6.700936300000000401e+00 6.077009981553114365e-03 9.981160701283863235e-01 -6.105227678924257662e-02 -4.507603000000000026e-01 -9.920464008259369804e-01 -1.658597030114779963e-03 -1.258617799977242990e-01 2.355817099999999886e+00
-1.298388276209012648e-01 6.114203751022589950e-02 9.896481850087575083e-01 6.776155000000000150e+00 4.930765890278927116e-03 9.981244371742801214e-01 -6.101881237177394363e-02 -4.561948000000000114e-01 -9.915228521772783132e-01 -3.042887547153254324e-03 -1.298967838154980736e-01 2.346277000000000168e+00
-1.356518166795429581e-01 6.678316015842761244e-02 9.885032089734427929e-01 6.850995499999999794e+00 4.307444783955421963e-05 9.977260106111482951e-01 -6.740034046319565153e-02 -4.617845999999999895e-01 -9.907565708972775331e-01 -9.100399398738023837e-03 -1.353462225355840376e-01 2.337123399999999851e+00
-1.427287998390289747e-01 7.017134517090170553e-02 9.872712251521444937e-01 6.926158400000000270e+00 5.245911210338613517e-04 9.974888504573105052e-01 -7.082173407584058111e-02 -4.672488000000000197e-01 -9.897616958140307286e-01 -9.590387388396556800e-03 -1.424071977432121994e-01 2.326660200000000067e+00
-1.525029912027483503e-01 6.622281282294537053e-02 9.860818306489738116e-01 7.001352800000000265e+00 2.464731209752539509e-03 9.977749146722688645e-01 -6.662690710824151208e-02 -4.730142999999999986e-01 -9.882999356340553820e-01 -7.730375965224044188e-03 -1.523268804681503497e-01 2.316340700000000030e+00
-1.625538572171975615e-01 6.418816132571544819e-02 9.846096299800416451e-01 7.076314899999999852e+00 5.480338491323392958e-03 9.979251265561447370e-01 -6.415144330350563973e-02 -4.788086999999999760e-01 -9.866844527982748803e-01 -5.032070500927902923e-03 -1.625683513868619867e-01 2.303580000000000183e+00
-1.756821148704459379e-01 6.504774483133074492e-02 9.822955692697618035e-01 7.150248999999999633e+00 5.759301189583919400e-03 9.978654676234038901e-01 -6.504874306651185767e-02 -4.844951000000000119e-01 -9.844301016143578442e-01 -5.770564710970708250e-03 -1.756817452624529485e-01 2.291196600000000139e+00
-1.895194560001078055e-01 6.481723679199277721e-02 9.797352201549530681e-01 7.223840199999999712e+00 6.860746504780041582e-03 9.978817824407810733e-01 -6.469063634102627247e-02 -4.903577000000000075e-01 -9.818529961021765784e-01 -5.538419220364094314e-03 -1.895627071913649209e-01 2.277103199999999994e+00
-2.039937425980161145e-01 6.300838844184579457e-02 9.769424220325452213e-01 7.297465299999999822e+00 8.326188882717227430e-03 9.980022040092704216e-01 -6.262807175163553897e-02 -4.957101999999999897e-01 -9.789367842509256734e-01 -4.641527614931008350e-03 -2.041108244602822808e-01 2.262254700000000174e+00
-2.192225591596038414e-01 6.582441249547063555e-02 9.734519075306905522e-01 7.369922200000000423e+00 1.294283934160981100e-02 9.978300124706060981e-01 -6.455810656058030839e-02 -5.010742999999999725e-01 -9.755890284670544199e-01 -1.553361688755479364e-03 -2.195988037357504696e-01 2.246039600000000025e+00
-2.342585924536476905e-01 6.878068714560418850e-02 9.697381754563519918e-01 7.441749100000000006e+00 1.336337392438699187e-02 9.976277029608582314e-01 -6.753063395525511770e-02 -5.068044999999999911e-01 -9.720824718607948833e-01 -2.860657410484523933e-03 -2.346220035294793727e-01 2.229340800000000122e+00
-2.498767158086806772e-01 7.267137171883886193e-02 9.655467356007011448e-01 7.513123000000000218e+00 1.310887647119692370e-02 9.973421123597506766e-01 -7.167194898601111919e-02 -5.126728999999999870e-01 -9.681889197126410940e-01 -5.251918344074728295e-03 -2.501652116090014033e-01 2.212077900000000152e+00
-2.654661104058833043e-01 7.051687821900054498e-02 9.615378901074148610e-01 7.584034899999999801e+00 9.911169089716294345e-03 9.974685004526209209e-01 -7.041561852369740415e-02 -5.183752999999999833e-01 -9.640692469699713163e-01 -9.162995746286740906e-03 -2.654929877712537412e-01 2.193085700000000138e+00
-2.814846727509987545e-01 6.476463097650218825e-02 9.573776274703419409e-01 7.655020699999999678e+00 4.435465079828865287e-03 9.977968599872997224e-01 -6.619480983438710830e-02 -5.239973999999999466e-01 -9.595554729434817576e-01 -1.438640934919293082e-02 -2.811517838646033773e-01 2.173344600000000071e+00
-2.967528522144592396e-01 6.041226897571829596e-02 9.530415009115761338e-01 7.725191599999999603e+00 6.922314028642156947e-04 9.980103031303545480e-01 -6.304724943518662250e-02 -5.297901000000000415e-01 -9.549540646116277953e-01 -1.804972583900421590e-02 -2.962042232630530680e-01 2.152382400000000029e+00
-3.118077289439482036e-01 6.184542949658256017e-02 9.481303090932179378e-01 7.794565699999999708e+00 -1.094483610119909717e-03 9.978553237920823049e-01 -6.544887230064241890e-02 -5.351428999999999769e-01 -9.501445901948003536e-01 -2.144517731756621914e-02 -3.110713135172924471e-01 2.130401599999999895e+00
-3.262050563398321557e-01 6.378153110674859849e-02 9.431448337917169855e-01 7.863347499999999712e+00 -1.311138555067429406e-03 9.976896580261166436e-01 -6.792368646812368960e-02 -5.404371999999999510e-01 -9.452981234161084156e-01 -2.339364352574037700e-02 -3.253677846815419272e-01 2.107252799999999926e+00
-3.400916061339574470e-01 6.614442440239154397e-02 9.380632252453466879e-01 7.931508100000000283e+00 3.869414242966204287e-04 9.975330406831736108e-01 -7.019745737358421001e-02 -5.459195000000000020e-01 -9.403922318445425699e-01 -2.351059050424553210e-02 -3.392782079954183017e-01 2.083233599999999797e+00
-3.540758123281719238e-01 6.609274007746299140e-02 9.328783783715851596e-01 8.000006700000000137e+00 2.539713547279089101e-03 9.975639512262027830e-01 -6.971164227777063016e-02 -5.515425000000000466e-01 -9.352132745952889126e-01 -2.231396251271849235e-02 -3.533811230070701415e-01 2.057691800000000182e+00
-3.680619371106116366e-01 6.383168326522843661e-02 9.276076361597678233e-01 8.067870100000000377e+00 1.993077677891922500e-03 9.976926155540686292e-01 -6.786363172017419176e-02 -5.573759999999999826e-01 -9.297991385733557212e-01 -2.312922567681631805e-02 -3.673398982248413658e-01 2.031241200000000191e+00
