1.000000000000000000e+00 0.000000000000000000e+00 0.000000000000000000e+00 0.000000000000000000e+00 0.000000000000000000e+00 1.000000000000000000e+00 0.000000000000000000e+00 0.000000000000000000e+00 0.000000000000000000e+00 0.000000000000000000e+00 1.000000000000000000e+00 0.000000000000000000e+00
9.999996053238178195e-01 2.897726517984154150e-04 8.398714300846867866e-04 -5.211000000000000354e-04 -2.890272357940978118e-04 9.999995643844374893e-01 -8.875213756606836063e-04 -1.545499999999999999e-03 -8.401282436461741899e-04 8.872782796592755799e-04 9.999992534606156891e-01 8.274890000000000023e-02
9.999981522878338414e-01 6.078335387944571898e-04 1.823721280091276714e-03 -5.075000000000000301e-04 -6.085658965806925403e-04 9.999997344050904902e-01 4.010452568066682631e-04 -3.100299999999999844e-03 -1.823477026962526610e-03 -4.021543703664000910e-04 9.999982566001776041e-01 1.646288999999999947e-01
9.999942054967703164e-01 7.696260004861891395e-04 3.316119524756230841e-03 -7.533999999999999898e-04 -7.775705447100441032e-04 9.999968294054614182e-01 2.395112329794605276e-03 -4.472499999999999913e-03 -3.314265669962681952e-03 -2.397676968173663263e-03 9.999916333591122308e-01 2.445330000000000004e-01
9.999871770261463677e-01 2.068553555932558879e-04 5.059940132118807832e-03 -7.288999999999999906e-04 -2.239426356388341888e-04 9.999942740618600334e-01 3.376639333642152390e-03 -5.604800000000000060e-03 -5.059212683284549164e-03 -3.377729171413625369e-03 9.999814974851634064e-01 3.240554999999999963e-01
9.999739006536993990e-01 6.480500642948055405e-04 7.195696112219818197e-03 -4.854999999999999832e-04 -6.775384695466333358e-04 9.999913802677891095e-01 4.096380322208925499e-03 -7.021600000000000237e-03 -7.192979427715077284e-03 -4.101148770291512639e-03 9.999657202253067201e-01 4.015197999999999823e-01
9.999435754833000400e-01 4.185455245732540145e-04 1.061464409755156005e-02 -1.061000000000000040e-04 -4.578406816967159972e-04 9.999930508468417578e-01 3.699816203002451957e-03 -8.211599999999999455e-03 -1.061302179325049680e-02 -3.704467258550909765e-03 9.999368183494127260e-01 4.786062999999999845e-01
9.998956982930250481e-01 1.295206903999703409e-04 1.444215217668801295e-02 4.632999999999999857e-04 -1.568717062022569064e-04 9.999981965077469059e-01 1.892715647273010473e-03 -9.340899999999999204e-03 -1.444188098454107956e-02 -1.894783798853371184e-03 9.998939153070108832e-01 5.541557999999999762e-01
9.998381485443375016e-01 1.839589667755202242e-04 1.799007711294990652e-02 1.198300000000000016e-03 -1.848261233980048900e-04 9.999999818366986926e-01 4.653929949347949843e-05 -1.049250000000000009e-02 -1.799006822486926699e-02 -4.985680325252867185e-05 9.998381643843985422e-01 6.279517000000000015e-01
9.997590240886790047e-01 -1.256428042152621006e-05 2.195207496778042028e-02 2.820000000000000024e-03 -7.764569890168583269e-06 9.999995712590796781e-01 9.259705007568860705e-04 -1.198319999999999941e-02 -2.195207719018062859e-02 -9.259178125919314108e-04 9.997585953535187420e-01 7.026331000000000104e-01
9.996254993806726885e-01 2.957860932771291611e-04 2.736372596208034441e-02 4.259299999999999718e-03 -3.117570084878885776e-04 9.999997835582878913e-01 5.793884232147229404e-04 -1.305489999999999949e-02 -2.736354866439045380e-02 -5.877022752384184878e-04 9.996253752334057774e-01 7.763845000000000329e-01
9.994233669993284330e-01 2.146290346563125336e-03 3.388697291694973274e-02 5.971599999999999651e-03 -2.135492291239922489e-03 9.999976568782125153e-01 -3.548390604497969917e-04 -1.425940000000000020e-02 -3.388765510329520142e-02 2.822690791000121617e-04 9.994256086151520613e-01 8.488445999999999492e-01
9.991440361696856121e-01 3.586179964135642519e-03 4.121085172396740659e-02 8.364500000000000407e-03 -3.578686168405339780e-03 9.999935638134915816e-01 -2.556108376007270319e-04 -1.547650000000000067e-02 -4.121150314970396800e-02 1.079113389163388994e-04 9.991504393049551735e-01 9.202717999999999732e-01
9.987513009145601028e-01 4.487679987405142519e-03 4.975640310356398838e-02 1.128709999999999956e-02 -4.535100649332351151e-03 9.999893634049479285e-01 8.402018016001864577e-04 -1.666159999999999863e-02 -4.975210330804250708e-02 -1.064802938402358533e-03 9.987610296818394406e-01 9.915500000000000425e-01
9.972756093074339745e-01 9.120681278948454887e-03 7.319953724917918625e-02 1.923539999999999972e-02 -9.261977045791276383e-03 9.999558411703864946e-01 1.591065815055669455e-03 -1.921509999999999885e-02 -7.318179323909307366e-02 -2.264703563922313215e-03 9.973160463243725404e-01 1.132120500000000085e+00
9.960438095505633749e-01 1.142716586399710084e-02 8.812575864250851709e-02 2.425479999999999997e-02 -1.165475251279223141e-02 9.999299417908795728e-01 2.068394051830649890e-03 -2.037409999999999916e-02 -8.809594882777826985e-02 -3.087294998017623814e-03 9.961072092951283041e-01 1.200316200000000055e+00
9.944577773825633571e-01 1.365247814970383528e-02 1.042465291686205386e-01 3.061929999999999860e-02 -1.408015770744129938e-02 9.998951982583050846e-01 3.367737952741595674e-03 -2.141590000000000160e-02 -1.041896259819842796e-01 -4.816880770437867963e-03 9.945457855208967857e-01 1.268193499999999974e+00
9.924380034704105569e-01 1.353647699184431195e-02 1.219982502264463364e-01 3.828320000000000334e-02 -1.412619681077567461e-02 9.998923383244834318e-01 3.970179298198791944e-03 -2.224349999999999938e-02 -1.219313734496933199e-01 -5.663528109393003475e-03 9.925223748702219906e-01 1.335259299999999927e+00
9.899185206978243778e-01 1.330745388285905183e-02 1.410114677981426923e-01 4.720649999999999846e-02 -1.390164632011352784e-02 9.998981520455458849e-01 3.229514745715199829e-03 -2.328809999999999908e-02 -1.409541294500502862e-01 -5.157248012060058374e-03 9.900026950387158520e-01 1.401504800000000106e+00
9.832274951327869550e-01 9.477128218125498160e-03 1.821369727859852850e-01 6.866039999999999643e-02 -1.000305131108802925e-02 9.999480295248092121e-01 1.969064224201595194e-03 -2.506819999999999882e-02 -1.821088459668372961e-01 -3.757963569341773828e-03 9.832711965324918424e-01 1.530391700000000021e+00
9.789847765196629803e-01 4.355817172470511506e-03 2.038868171302535004e-01 8.168569999999999998e-02 -5.267995292693169324e-03 9.999783958591017541e-01 3.931417130462081660e-03 -2.594600000000000031e-02 -2.038652877964799159e-01 -4.922872313755363716e-03 9.789865728189742766e-01 1.594441999999999915e+00
9.680613211653728012e-01 -6.365728941716922509e-03 2.506327112700842963e-01 1.124063000000000007e-01 5.308299993717409404e-03 9.999739309832716971e-01 4.894824311422075504e-03 -2.760550000000000156e-02 -2.506573366465253971e-01 -3.408056470127274803e-03 9.680698759574987156e-01 1.718160600000000038e+00
9.532685168997901970e-01 -1.555857476686117388e-02 3.017234916921422982e-01 1.485512999999999972e-01 1.508342989907309611e-02 9.998786145232657629e-01 3.904658949779457860e-03 -2.924380000000000035e-02 -3.017476177704705442e-01 8.288366897862367057e-04 9.533874806182360828e-01 1.837194900000000075e+00
9.339750461539158000e-01 -2.243261115091041771e-02 3.566334127907015428e-01 1.900420999999999916e-01 2.043482585318081787e-02 9.997472872434077784e-01 9.369073689396718863e-03 -3.089110000000000120e-02 -3.567534597647807337e-01 -1.462739347670204484e-03 9.341974252477148744e-01 1.951367599999999980e+00
9.100822526048258920e-01 -2.525385593379282298e-02 4.136575108156518299e-01 2.372269999999999934e-01 2.548597984249147477e-02 9.996628836245315952e-01 4.958218929649837493e-03 -3.193150000000000155e-02 -4.136432742414579700e-01 6.030079929939292059e-03 9.104190682377234500e-01 2.059671400000000041e+00
8.821208904573040188e-01 -2.804647933982198915e-02 4.701873345970242202e-01 2.908557999999999977e-01 3.321448406165751488e-02 9.994446067846830539e-01 -2.697409410555749558e-03 -3.334619999999999945e-02 -4.698505429041568426e-01 1.799647092213343610e-02 8.825625158406729120e-01 2.162328700000000214e+00
8.478752997544538594e-01 -2.814961527207492098e-02 5.294478966114882779e-01 3.502112000000000003e-01 2.902084830400455950e-02 9.995565567621746972e-01 6.669347603886796420e-03 -3.501769999999999883e-02 -5.294008560911201977e-01 9.710251993624125291e-03 8.483162409008855320e-01 2.261642900000000012e+00
8.059361798759975271e-01 -2.164709635865784410e-02 5.916065222646913480e-01 4.146901000000000059e-01 2.279970352457512395e-02 9.997248102859330743e-01 5.520617533080337050e-03 -3.620500000000000107e-02 -5.915632235746870471e-01 9.039187905672697171e-03 8.062079419082465170e-01 2.355469499999999883e+00
7.608513599612857226e-01 -1.199656241170304199e-02 6.488152977044884251e-01 4.860138999999999987e-01 1.856830578314481311e-02 9.998221877968204163e-01 -3.287979550297745641e-03 -3.743869999999999837e-02 -6.486604859750634278e-01 1.454906455692801456e-02 7.609388271438859430e-01 2.442566400000000026e+00
7.123116250341290367e-01 -1.456442921947380224e-02 7.017122104130363303e-01 5.633976000000000539e-01 1.993445472834389290e-02 9.998011559291002381e-01 5.158657951077772613e-04 -3.898080000000000295e-02 -7.015801923913772553e-01 1.362079308799205198e-02 7.124603200457777508e-01 2.523751299999999809e+00
6.866153951385526311e-01 -1.259131060284232606e-02 7.269117952379311465e-01 6.030853000000000463e-01 2.034864899535923644e-02 9.997911345056849086e-01 -1.902589787392874529e-03 -3.999740000000000240e-02 -7.267360123475323785e-01 1.609802041054043953e-02 6.867282010344915033e-01 2.561448299999999900e+00
6.324857117811202301e-01 -7.890543876726002423e-03 7.745318351817821467e-01 6.863512000000000501e-01 1.867564224630324787e-02 9.998127655090502941e-01 -5.065008571845233676e-03 -4.159380000000000022e-02 -7.743468504355254245e-01 1.766842501396868187e-02 6.325146496154123721e-01 2.632923599999999809e+00
6.042833858385308066e-01 -6.494546839535006964e-03 7.967430015135811283e-01 7.307211999999999597e-01 1.889274909490172225e-02 9.998024206482863940e-01 -6.179295871230000917e-03 -4.254809999999999842e-02 -7.965454498213885293e-01 1.878671145187991304e-02 6.042866917628298973e-01 2.666482199999999914e+00
5.752535152634037363e-01 1.294450492307398781e-04 8.179751685846435860e-01 7.757340999999999820e-01 1.765407514853185866e-02 9.997650901190089368e-01 -1.257371106634344420e-02 -4.355320000000000025e-02 -8.177846457397858204e-01 2.167366658664673928e-02 5.751160972959667994e-01 2.698436500000000127e+00
5.451641514265125332e-01 9.628717479874669694e-03 8.382740219039973573e-01 8.220975000000000366e-01 1.645640580222998764e-02 9.996184499395588396e-01 -2.218425677155369188e-02 -4.481979999999999992e-02 -8.381677843412277396e-01 2.588903899581154397e-02 5.447976899293816011e-01 2.728552300000000042e+00
4.822332163472776712e-01 2.302224012594289090e-02 8.757403162530219554e-01 9.194993999999999668e-01 1.298372995289606355e-02 9.993570037380150595e-01 -3.342157740573011016e-02 -4.805720000000000131e-02 -8.759466580836243743e-01 2.748737054285776971e-02 4.816242276430554581e-01 2.784889000000000170e+00
4.494977307893620044e-01 2.272838606924161217e-02 8.929922790718303194e-01 9.701642999999999795e-01 1.104557144219367112e-02 9.994584108880686379e-01 -3.099806859486404706e-02 -5.017850000000000088e-02 -8.932131802468712412e-01 2.379717150805962453e-02 4.490032397004350972e-01 2.810899299999999990e+00
4.160707762237327856e-01 2.128626171803690501e-02 9.090830568406012002e-01 1.022150600000000020e+00 6.272171663497943216e-03 9.996350176290398348e-01 -2.627720290313894508e-02 -5.246909999999999769e-02 -9.093106009693299185e-01 1.663510119777925067e-02 4.157854066377697499e-01 2.834961400000000076e+00
3.816787870863336263e-01 2.274797249237994756e-02 9.240150611520308033e-01 1.075094900000000075e+00 2.256583423384559556e-03 9.996711866656372569e-01 -2.554263850446915340e-02 -5.434019999999999823e-02 -9.242922759168543667e-01 1.183420035332381076e-02 3.815019533140543428e-01 2.857376599999999822e+00
3.464037070200245427e-01 2.549367498975253082e-02 9.377390598126442711e-01 1.129031399999999907e+00 -5.038179836022046998e-03 9.996667993077542613e-01 -2.531614318434129152e-02 -5.650329999999999936e-02 -9.380720060351044332e-01 4.045107823907217667e-03 3.464167267843284437e-01 2.878266299999999944e+00
3.102860450854376118e-01 2.738520436008780659e-02 9.502487152358555234e-01 1.184140699999999935e+00 -9.868693667364977079e-03 9.996239194642045911e-01 -2.558570929876846645e-02 -5.831759999999999722e-02 -9.505920150677352742e-01 -1.438824929449217249e-03 3.104396087361999124e-01 2.897107600000000005e+00
2.741403019310145184e-01 2.670207585142130025e-02 9.613189345905952532e-01 1.240617999999999999e+00 -1.274005034192214614e-02 9.996275738521498422e-01 -2.413306262681872566e-02 -6.041470000000000173e-02 -9.616053171517187081e-01 -5.631406546290981460e-03 2.743783907049768267e-01 2.913770700000000158e+00
2.375860024491184552e-01 2.621413383791966825e-02 9.710127242355658383e-01 1.297568800000000078e+00 -1.337817674054782649e-02 9.996292823922000581e-01 -2.371333319366692241e-02 -6.222640000000000116e-02 -9.712743772113757723e-01 -7.356423803916916498e-03 2.378486224502278645e-01 2.928301799999999844e+00
1.664214938166616586e-01 2.451169242492929126e-02 9.857500004211495748e-01 1.414358599999999910e+00 -1.044696528293336327e-02 9.996787052357084535e-01 -2.309431130461730292e-02 -6.590669999999999862e-02 -9.859993647625783231e-01 -6.454706246069868633e-03 1.666240962618219523e-01 2.949966400000000100e+00
1.319241639793992116e-01 2.328155524024891690e-02 9.909863693027931575e-01 1.473687600000000097e+00 -2.301082130105748524e-03 9.997286453350631152e-01 -2.318061081054730715e-02 -6.832290000000000585e-02 -9.912571411996824455e-01 7.777416761322441391e-04 1.319419385128098865e-01 2.957399600000000017e+00
9.806085189398991431e-02 2.682065339009418251e-02 9.948189392434952927e-01 1.533450200000000097e+00 -2.627940543243230398e-04 9.996374311498865683e-01 -2.692465753432896070e-02 -7.040169999999999761e-02 -9.951803857919979679e-01 2.378822352407808718e-03 9.803234639192159872e-02 2.963315699999999886e+00
6.514050373566616925e-02 3.207254576531766432e-02 9.973605499422941723e-01 1.593170399999999987e+00 6.865656518958498933e-04 9.994816736482200481e-01 -3.218559722855313804e-02 -7.218570000000000542e-02 -9.978758657271300514e-01 2.781339512647544934e-03 6.508471978772045752e-02 2.967581299999999978e+00
3.571333795075811585e-02 3.598882386344805923e-02 9.987138539388251690e-01 1.653105300000000000e+00 7.394018948550247494e-03 9.993144960688383760e-01 -3.627487326610649709e-02 -7.458760000000000390e-02 -9.993347216904873154e-01 8.680005968276702927e-03 3.542275427161556411e-02 2.969877199999999995e+00
1.062431751255714721e-02 3.409764764881604432e-02 9.993620336505733004e-01 1.715007900000000030e+00 9.549778104058581282e-03 9.993694017517046335e-01 -3.419942368817253942e-02 -7.726280000000000647e-02 -9.998979576014521697e-01 9.907031202993309832e-03 1.029199286762783050e-02 2.969793600000000033e+00
-1.158572638638713515e-02 3.122013854508155772e-02 9.994453831467356997e-01 1.776893300000000009e+00 1.145294348159564719e-02 9.994510464495677260e-01 -3.108755114947993337e-02 -7.970170000000000032e-02 -9.998672917091081525e-01 1.108641962448058023e-02 -1.193692884299735191e-02 2.969001299999999954e+00
-3.048853523789207820e-02 2.818217232145792117e-02 9.991377354410609923e-01 1.838766499999999970e+00 1.153548018467910607e-02 9.995457836608947488e-01 -2.784167851686791123e-02 -8.258490000000000275e-02 -9.994685497382881367e-01 1.067668155240192318e-02 -3.079978173740705039e-02 2.967303999999999942e+00
-4.705001909979594082e-02 3.131242849303397802e-02 9.984016363791564652e-01 1.900642900000000024e+00 1.303384640341344672e-02 9.994427114205514107e-01 -3.073085479235311557e-02 -8.489349999999999674e-02 -9.988074962427148096e-01 1.156712627254929439e-02 -4.743192004498486547e-02 2.964353099999999852e+00
-6.106270801757903571e-02 3.595938701297431844e-02 9.974859739240503620e-01 1.962736999999999954e+00 1.583015991296219532e-02 9.992600282114927346e-01 -3.505427300482349962e-02 -8.721320000000000461e-02 -9.980083926133537231e-01 1.364985364089251266e-02 -6.158676618310365836e-02 2.960137099999999855e+00
-7.314114350810015097e-02 4.155537993675618991e-02 9.964554799511311511e-01 2.025050199999999911e+00 2.013596271952095354e-02 9.989894222249637856e-01 -4.018304727109371643e-02 -8.963720000000000021e-02 -9.971183059856465469e-01 1.712555636891049948e-02 -7.390398627523220298e-02 2.955484400000000011e+00
-8.184813072246779897e-02 4.469547878129973006e-02 9.956421032046343100e-01 2.087424500000000016e+00 2.554947688930142569e-02 9.987596985063694754e-01 -4.273510114822600542e-02 -9.304210000000000258e-02 -9.963172726234954535e-01 2.194034676062437544e-02 -8.288856046586090542e-02 2.949861299999999797e+00
-9.100155591761988072e-02 5.465487103512470246e-02 9.943498186718328080e-01 2.213289500000000132e+00 3.134807777280892993e-02 9.981552020676516257e-01 -5.199510174271704255e-02 -1.000411999999999968e-01 -9.953572297625224996e-01 2.643932029042088405e-02 -9.254700158329454140e-02 2.938391699999999940e+00
-9.393967499868929871e-02 5.867946770303954923e-02 9.938470996744058761e-01 2.276090099999999783e+00 3.362092753370660853e-02 9.978791139894462869e-01 -5.573963666378765891e-02 -1.039193000000000061e-01 -9.950100354734688901e-01 2.817789796499644769e-02 -9.571329778750892192e-02 2.932544899999999899e+00
-9.876245626358173824e-02 6.517275620873484721e-02 9.929745661802930057e-01 2.402257899999999946e+00 3.514348444572572283e-02 9.974589952727225262e-01 -6.197167296873629105e-02 -1.124148999999999982e-01 -9.944902778478014183e-01 2.877611158040256981e-02 -1.008018981394451785e-01 2.920078800000000196e+00
-1.031200632235205750e-01 7.060694164365435843e-02 9.921597211903467883e-01 2.531445699999999910e+00 3.882824326649712832e-02 9.970028174283337430e-01 -6.691598885768984539e-02 -1.212609000000000048e-01 -9.939107706859879876e-01 3.162343801192936399e-02 -1.055525370736810631e-01 2.906629800000000152e+00
-1.069787926805200046e-01 6.854285167930353195e-02 9.918958692323944781e-01 2.659258599999999806e+00 3.825184069115293573e-02 9.971660634886263530e-01 -6.478146733700521076e-02 -1.311903000000000097e-01 -9.935252058203440928e-01 3.101159960830485868e-02 -1.092975118169540183e-01 2.892403799999999858e+00
-1.113392227789994082e-01 7.214359015624514926e-02 9.911603704095194312e-01 2.789038899999999988e+00 3.700043020982271558e-02 9.969709198515256388e-01 -6.841018297513007385e-02 -1.401806999999999914e-01 -9.930934224106290342e-01 2.905662350945932906e-02 -1.136713112221952038e-01 2.877401799999999898e+00
-1.164523036698525554e-01 7.776134877295189096e-02 9.901474807355697960e-01 2.918394999999999850e+00 3.345904022193615934e-02 9.966715958726222180e-01 -7.433856743405295453e-02 -1.504066000000000014e-01 -9.926325370434977424e-01 2.447248695436804455e-02 -1.186665234379813416e-01 2.862832299999999996e+00
-1.212840603680236384e-01 8.391525392604830269e-02 9.890644098637726422e-01 3.048388699999999840e+00 2.777533042297429533e-02 9.963168804499474840e-01 -8.112462480886886707e-02 -1.615690999999999933e-01 -9.922291608900337678e-01 1.763246690091825608e-02 -1.231681305794961601e-01 2.847720100000000087e+00
-1.241792804860583910e-01 8.247346684467952993e-02 9.888263920246995742e-01 3.114931799999999917e+00 2.558711981591458781e-02 9.964745843204820819e-01 -7.989807321111311311e-02 -1.669084000000000123e-01 -9.919298390498652029e-01 1.537953412629608496e-02 -1.258517553813502943e-01 2.839847799999999811e+00
-1.270812662083763422e-01 7.840335064661699271e-02 9.887887875508397650e-01 3.181342799999999915e+00 2.239638726792855805e-02 9.968437717518677799e-01 -7.616361701531156048e-02 -1.723822000000000132e-01 -9.916394272195016013e-01 1.246632772285853619e-02 -1.284361205303459208e-01 2.831737500000000018e+00
-1.313391106329684088e-01 7.721916535600317766e-02 9.883254719574231517e-01 3.312964899999999879e+00 2.176691924549943938e-02 9.969459312913558913e-01 -7.500007538776812255e-02 -1.831126999999999894e-01 -9.910985012826428742e-01 1.166235753753230159e-02 -1.326188153014721260e-01 2.814638599999999879e+00
-1.328376542017212780e-01 8.010712044780080032e-02 9.878952408427448262e-01 3.379690200000000200e+00 2.307534074249987383e-02 9.967082311123072191e-01 -7.771892100764826727e-02 -1.884945000000000093e-01 -9.908691569908716357e-01 1.247202014659542363e-02 -1.342488824447394258e-01 2.806002599999999791e+00
-1.338670680243802813e-01 8.263065859830173721e-02 9.875483696296433189e-01 3.445783599999999947e+00 2.386779221396262765e-02 9.964974955296481696e-01 -8.014405715940438324e-02 -1.943525999999999865e-01 -9.907118332761483126e-01 1.284194933605006805e-02 -1.353704094101191302e-01 2.797722600000000170e+00
-1.339755095233491899e-01 8.341372635872777719e-02 9.874678288951544980e-01 3.513382899999999864e+00 2.281768926815197149e-02 9.964466736286984316e-01 -8.107638170740158468e-02 -1.997701000000000060e-01 -9.907219165358264190e-01 1.166948453246761247e-02 -1.354027593010034280e-01 2.788515799999999878e+00
-1.343020045465668222e-01 8.156298933118565075e-02 9.875780730383473260e-01 3.647980000000000000e+00 1.606828274192279027e-02 9.966551024527017244e-01 -8.012750492009715342e-02 -2.113804999999999990e-01 -9.908101643930081748e-01 5.107399177219522357e-03 -1.351633552748117140e-01 2.771607599999999838e+00
-1.341673696920908376e-01 8.225808427145950286e-02 9.875387204975281108e-01 3.716216800000000209e+00 1.277511244270352481e-02 9.966095924914004645e-01 -8.127802074485362960e-02 -2.175646999999999998e-01 -9.908763360843682033e-01 1.711059938763269395e-03 -1.347633439103670394e-01 2.762605000000000199e+00
-1.343660182011634507e-01 8.247065211243030658e-02 9.874939821046583299e-01 3.784446200000000093e+00 8.394734389862282264e-03 9.965897267352643585e-01 -8.208803201596889809e-02 -2.233894999999999909e-01 -9.908962113093825463e-01 -2.740092312599348712e-03 -1.346001125810456500e-01 2.753735799999999845e+00
-1.349018296413908857e-01 8.187833723015647269e-02 9.874702194252894527e-01 3.852400999999999964e+00 5.038610733049030121e-03 9.966237888393311151e-01 -8.194898365091035641e-02 -2.293128000000000111e-01 -9.908461579686754783e-01 -6.079589785597729057e-03 -1.348589256473330389e-01 2.745322700000000005e+00
-1.354700583229873911e-01 7.694019456883979813e-02 9.877894865595986396e-01 3.921323300000000067e+00 5.183265622229753233e-03 9.970216003475291799e-01 -7.694843856727148768e-02 -2.350001999999999924e-01 -9.907678825312495885e-01 -5.304234172886730658e-03 -1.354653758138343322e-01 2.736507899999999882e+00
-1.358266008392599589e-01 6.865755439909722313e-02 9.883507852621897793e-01 3.990506200000000003e+00 8.426579857192390000e-03 9.976398548796768795e-01 -6.814479222631364408e-02 -2.404363999999999946e-01 -9.906967887584789967e-01 -9.274586740671691976e-04 -1.360845787150226638e-01 2.727305700000000055e+00
-1.359407967352999069e-01 6.327799817983922881e-02 9.886940855134738193e-01 4.060117700000000163e+00 1.380082614138528757e-02 9.979822883368558717e-01 -6.197490914674947532e-02 -2.457533000000000079e-01 -9.906208341140354534e-01 5.219876654180423403e-03 -1.365397960556848922e-01 2.717550999999999828e+00
-1.351785350912635131e-01 6.581763421534343739e-02 9.886327946598145733e-01 4.128945400000000099e+00 2.233187481912744798e-02 9.977401831251054842e-01 -6.337045324552939563e-02 -2.506297000000000108e-01 -9.905695588991429990e-01 1.351169877462704561e-02 -1.363428875247288952e-01 2.707557899999999851e+00
-1.337266780713254055e-01 7.160358644723507915e-02 9.884280965148156683e-01 4.198385199999999706e+00 2.821734292817987960e-02 9.972570985038169411e-01 -6.842558762496510349e-02 -2.554208000000000034e-01 -9.906164530887228148e-01 1.874048803104165148e-02 -1.353803419196332181e-01 2.697427300000000194e+00
-1.328100694302071505e-01 7.755960973351799792e-02 9.881022175847637978e-01 4.268070200000000369e+00 3.176794840704146028e-02 9.967544367287883844e-01 -7.396884692546809581e-02 -2.602804000000000229e-01 -9.906322642191456307e-01 2.156617257327225409e-02 -1.348429356273020963e-01 2.687860699999999881e+00
-1.321276414231228880e-01 8.188773720427948433e-02 9.878444639048827858e-01 4.338322200000000350e+00 3.259168740800452713e-02 9.964018368232145928e-01 -7.823785201053995442e-02 -2.659176999999999791e-01 -9.906967589953351583e-01 2.185813511915176560e-02 -1.343210841426293323e-01 2.678221499999999811e+00
-1.317458519858224764e-01 7.920196925621460216e-02 9.881144055980904950e-01 4.408857300000000201e+00 2.946164073379768308e-02 9.966755155561933810e-01 -7.596004486615910711e-02 -2.712396999999999725e-01 -9.908456197661684728e-01 1.910405079384756497e-02 -1.336412849139954062e-01 2.668456599999999845e+00
-1.311212884219386254e-01 7.454958963193231147e-02 9.885593388402544868e-01 4.479650000000000354e+00 2.842635292441032455e-02 9.970412719903247734e-01 -7.141879589668406747e-02 -2.768864999999999799e-01 -9.909587025613062483e-01 1.873661211707812468e-02 -1.328525091384671342e-01 2.658815900000000010e+00
-1.311056824124616771e-01 7.265392870154689653e-02 9.887025370066535590e-01 4.550486600000000159e+00 2.610817149228005993e-02 9.972180604976856877e-01 -6.981764245922253420e-02 -2.821915999999999869e-01 -9.910245523802587719e-01 1.665972573197645190e-02 -1.326378155657084168e-01 2.649798399999999887e+00
-1.311625488426020336e-01 7.354527314357171830e-02 9.886290904982257821e-01 4.621349799999999952e+00 2.396822228833364252e-02 9.971881597696692356e-01 -7.100210092326633693e-02 -2.870929999999999871e-01 -9.910710923548566864e-01 1.438286527149930383e-02 -1.325564901660150063e-01 2.641005799999999848e+00
-1.306291447065724698e-01 7.855658843301117911e-02 9.883141651150182394e-01 4.692352800000000101e+00 2.518748607657882513e-02 9.967971292241694092e-01 -7.590173723701293396e-02 -2.928548999999999736e-01 -9.911113040917105543e-01 1.497817025610613528e-02 -1.321893994139000661e-01 2.631322599999999845e+00
-1.298996026740779630e-01 8.137943152900757593e-02 9.881819070136491634e-01 4.764127300000000176e+00 2.460361502332341146e-02 9.965838493405109189e-01 -7.883713186965804476e-02 -2.984333000000000125e-01 -9.912218497152395225e-01 1.407193510734491837e-02 -1.314580742648921996e-01 2.621815400000000018e+00
-1.295371066012967476e-01 7.983828531695393027e-02 9.883551923327020816e-01 4.836225999999999914e+00 2.472129020463298063e-02 9.967034682989963645e-01 -7.727259599217535524e-02 -3.047926000000000246e-01 -9.912663596753308326e-01 1.442374703051521601e-02 -1.310837888436899856e-01 2.612126799999999971e+00
-1.291024853397650107e-01 7.329605266914489270e-02 9.889187211000796118e-01 4.908618899999999563e+00 2.681396024242677090e-02 9.971579518185501589e-01 -7.040618340139997988e-02 -3.104540000000000077e-01 -9.912686617739978612e-01 1.742721401016100388e-02 -1.307009272982817549e-01 2.602988499999999927e+00
-1.295323775890794837e-01 7.212459081861019583e-02 9.889486369652208397e-01 4.981511600000000151e+00 2.589901979682055627e-02 9.972569603409234817e-01 -6.933827099910630509e-02 -3.157799000000000023e-01 -9.912369060571161183e-01 1.663124922637080477e-02 -1.310450213456669788e-01 2.593797200000000025e+00
-1.292594646898264643e-01 7.487380082841300910e-02 9.887800082614969233e-01 5.053860199999999914e+00 2.358159369691474605e-02 9.970953543190724799e-01 -7.242073483497059316e-02 -3.215527000000000246e-01 -9.913303683569935076e-01 1.395594299324244211e-02 -1.306496552936754485e-01 2.584614499999999815e+00
-1.290650057946031715e-01 7.813436186092524716e-02 9.885531072106471528e-01 5.126770500000000119e+00 2.322396073526843130e-02 9.968557066516960941e-01 -7.575848311386937373e-02 -3.268063999999999969e-01 -9.913641469848534227e-01 1.318034948450579058e-02 -1.304737769073177622e-01 2.575531999999999933e+00
-1.288949231717979871e-01 7.734364304301778736e-02 9.886374763589381720e-01 5.199667500000000331e+00 2.213812324902611137e-02 9.969297767061896520e-01 -7.510608374531159426e-02 -3.326542000000000110e-01 -9.914111166814435494e-01 1.220578540615373242e-02 -1.302114300784370515e-01 2.566025999999999918e+00
-1.288694903504581379e-01 7.375006270782211160e-02 9.889153566951045526e-01 5.272713699999999726e+00 2.154425061665549840e-02 9.972035491076911562e-01 -7.156065198411372397e-02 -3.386141999999999763e-01 -9.914275060346975366e-01 1.208345553295937791e-02 -1.300980029831475537e-01 2.556974900000000162e+00
-1.278255048915453440e-01 7.272555815382973632e-02 9.891267024453616052e-01 5.346468400000000010e+00 2.210207032944625297e-02 9.972691533180950696e-01 -7.046796667537744141e-02 -3.443412000000000139e-01 -9.915503712804374370e-01 1.285414452321991668e-02 -1.290838184367135710e-01 2.547211200000000009e+00
-1.271566505118777168e-01 7.302313045422939575e-02 9.891909869429990065e-01 5.419671499999999753e+00 2.397600741776683558e-02 9.972211986611030365e-01 -7.053390680528112688e-02 -3.502701999999999760e-01 -9.915928283821454636e-01 1.474799510365695093e-02 -1.285541105586247568e-01 2.538014200000000109e+00
-1.261210494607049315e-01 7.376500043515828164e-02 9.892685204704186885e-01 5.493979500000000016e+00 2.601651036997378388e-02 9.971345004110021559e-01 -7.103470474542790403e-02 -3.553239000000000258e-01 -9.916736469580601510e-01 1.677834321088257988e-02 -1.276787575440737621e-01 2.528391599999999961e+00
-1.252834908943103454e-01 7.309291425082956040e-02 9.894248191730667941e-01 5.568429899999999932e+00 2.602059843261762817e-02 9.971814438611956710e-01 -7.037113382708515275e-02 -3.612795999999999785e-01 -9.917797010256579338e-01 1.692908459491975631e-02 -1.268322937119499283e-01 2.519288799999999995e+00
-1.234260675630846349e-01 7.373710523711625442e-02 9.896104512166208345e-01 5.642961500000000186e+00 2.730368416360099207e-02 9.971103432594420335e-01 -7.089056493026515970e-02 -3.670057999999999931e-01 -9.919780817523176086e-01 1.827026754834915750e-02 -1.250827032275227957e-01 2.509140499999999996e+00
-1.221574754812319030e-01 7.191418061122610561e-02 9.899019657577554643e-01 5.718678500000000220e+00 2.755657320858541370e-02 9.972328022170298123e-01 -6.904616901298903098e-02 -3.727937000000000056e-01 -9.921281099016661109e-01 1.884380029044900248e-02 -1.238011499686556549e-01 2.499790400000000190e+00
-1.215272841912537483e-01 7.071111888158383707e-02 9.900661881225986116e-01 5.793945299999999854e+00 2.590070026439105291e-02 9.973455306772355256e-01 -6.805179030677908913e-02 -3.788623999999999881e-01 -9.922501060332079570e-01 1.737325832013608684e-02 -1.230361612390007409e-01 2.491079599999999949e+00
-1.202231829705409372e-01 6.988156318612079310e-02 9.902842790851001942e-01 5.869587899999999969e+00 2.693827834775654531e-02 9.973817245982145030e-01 -6.711203019690403782e-02 -3.844383000000000106e-01 -9.923813356951506348e-01 1.860813166751500852e-02 -1.217908945683289224e-01 2.482077100000000147e+00
-1.185201047977110511e-01 7.071699520729630983e-02 9.904302556705298910e-01 5.945642499999999941e+00 2.477140646612326427e-02 9.973608411440083588e-01 -6.824756387012048675e-02 -3.900198999999999749e-01 -9.926426155371478321e-01 1.644564201748593274e-02 -1.199590708458639909e-01 2.473120000000000207e+00
-1.168727717777899994e-01 7.358526381236037139e-02 9.904170657690842816e-01 6.021847700000000359e+00 2.559957912171596794e-02 9.971431930904448571e-01 -7.106415427050996603e-02 -3.955368000000000217e-01 -9.928169099918515705e-01 1.704879535501448162e-02 -1.184226406189932135e-01 2.464043600000000112e+00
-1.155280328055994649e-01 7.201306901551192408e-02 9.906903610750612543e-01 6.098703900000000289e+00 2.348376491747753911e-02 9.972877607100770758e-01 -6.975410470488968562e-02 -4.015131000000000117e-01 -9.930265789098340345e-01 1.520658504882595533e-02 -1.169058311196830013e-01 2.455265499999999879e+00
-1.150708788168828128e-01 7.022202667968489853e-02 9.908721208194870567e-01 6.175576200000000071e+00 2.012708116952270296e-02 9.974582629295745129e-01 -6.835140318319174457e-02 -4.076497000000000037e-01 -9.931533584758729383e-01 1.207810757169396412e-02 -1.161917633293378938e-01 2.446879599999999932e+00
-1.151916909280294582e-01 7.179511727506249219e-02 9.907453434039450446e-01 6.253352600000000372e+00 1.750645503051038304e-02 9.973764768877805276e-01 -7.024021200981174495e-02 -4.128509000000000206e-01 -9.931890043558706527e-01 9.253350008435221735e-03 -1.161463608565301842e-01 2.438574299999999972e+00
-1.156766169606163464e-01 7.117590855924611770e-02 9.907335213513838168e-01 6.330886800000000036e+00 1.466500412037116674e-02 9.974430017632927026e-01 -6.994566382258129988e-02 -4.185858000000000079e-01 -9.931786636565932413e-01 6.438033410747105723e-03 -1.164246270473122680e-01 2.430193899999999907e+00
-1.171631417305861317e-01 6.835777408416306156e-02 9.907572926514734979e-01 6.408498299999999759e+00 1.283573335193316858e-02 9.976491786914079007e-01 -6.731537867142475817e-02 -4.245004000000000000e-01 -9.930297287438766274e-01 4.830215173029336201e-03 -1.177651342811002477e-01 2.421877600000000186e+00
-1.182892048651032757e-01 6.671836114508497562e-02 9.907352443001586906e-01 6.486627600000000271e+00 1.098687832078169141e-02 9.977670563328830955e-01 -6.588011689104322777e-02 -4.303641000000000272e-01 -9.929184017416261554e-01 3.092180933774182905e-03 -1.187580982498744886e-01 2.412951200000000185e+00
-1.195124685003594173e-01 6.570315604386747776e-02 9.906562800279549164e-01 6.564842200000000183e+00 9.031427699247838309e-03 9.978385295777977282e-01 -6.508995470678699546e-02 -4.362581999999999849e-01 -9.927916212310939903e-01 1.167979406293602473e-03 -1.198475391380341426e-01 2.403997200000000056e+00
-1.207756521076734230e-01 6.577340783840142369e-02 9.904984102356193532e-01 6.642869899999999994e+00 9.307044475804077122e-03 9.978336675817472967e-01 -6.512565365111178117e-02 -4.419115000000000126e-01 -9.926361975976352170e-01 1.353019468624643007e-03 -1.211261679292541249e-01 2.394269500000000050e+00
-1.234112723852618110e-01 6.408017730767305575e-02 9.902844988812393723e-01 6.720389800000000413e+00 8.186205656892143329e-03 9.979447187142855835e-01 -6.355567973996001374e-02 -4.476699000000000095e-01 -9.923218449098021310e-01 2.631852626555145069e-04 -1.236822010166529484e-01 2.385343300000000166e+00
-1.265020448118252538e-01 5.973680012657950344e-02 9.901660201042365994e-01 6.798166799999999732e+00 5.631459009559882517e-03 9.982122558633099718e-01 -5.950276391652271207e-02 -4.527677999999999980e-01 -9.919503613225058025e-01 -1.951141952519386269e-03 -1.266122968642087177e-01 2.376002999999999865e+00
-1.304688166531174087e-01 5.942991953517674786e-02 9.896696279795484941e-01 6.874916599999999711e+00 4.449041687477769957e-03 9.982268885923264445e-01 -5.935726509321567756e-02 -4.584104999999999985e-01 -9.914424309606677532e-01 -3.341190704765614750e-03 -1.305018870954595123e-01 2.366066899999999862e+00
-1.362393646495958788e-01 6.482989583864162686e-02 9.885524367100742005e-01 6.951344999999999885e+00 -3.247403120338818172e-04 9.978535257430624084e-01 -6.548462190369100377e-02 -4.642372000000000165e-01 -9.906758955700920577e-01 -9.242606109236970596e-03 -1.359258774799901870e-01 2.356765999999999917e+00
-1.432150343842149287e-01 6.831167568981810767e-02 9.873312356503148868e-01 7.028502500000000097e+00 -5.115906781243129142e-05 9.976145429996179370e-01 -6.903058002373461954e-02 -4.695454000000000017e-01 -9.896915940377982723e-01 -9.936727837299420135e-03 -1.428699063162341965e-01 2.345904399999999779e+00
-1.524662216379996660e-01 6.453354226026526697e-02 9.861995098268779847e-01 7.105208900000000050e+00 2.299370507811260289e-03 9.978863386117531320e-01 -6.494280643225439076e-02 -4.750996000000000108e-01 -9.883060073452450967e-01 -7.633946251579978165e-03 -1.522923461961493974e-01 2.334741399999999967e+00
-1.627611447839786285e-01 6.239507250865887478e-02 9.846906441493429307e-01 7.181864299999999979e+00 5.248721651174206165e-03 9.980390868019253237e-01 -6.237332872797076572e-02 -4.809657999999999989e-01 -9.866515396377980585e-01 -4.983587284096611947e-03 -1.627694786750407685e-01 2.321856700000000107e+00
-1.759746098073685650e-01 6.323539145768866665e-02 9.823615535892764594e-01 7.257720899999999808e+00 5.477362887547000680e-03 9.979820675796575724e-01 -6.325971297144832028e-02 -4.867467999999999795e-01 -9.843794670750412035e-01 -5.751352590893845512e-03 -1.759658681234309574e-01 2.309185700000000008e+00
-1.897973432155042606e-01 6.310733229271725531e-02 9.797930562722070302e-01 7.333321599999999663e+00 6.946146444180636981e-03 9.979935150135540445e-01 -6.293405310693980792e-02 -4.923519000000000090e-01 -9.817987164169199588e-01 -5.138930023622562127e-03 -1.898548704676817911e-01 2.294620999999999800e+00
-2.041113151448348539e-01 6.103010520569876474e-02 9.770434469809556877e-01 7.408492599999999761e+00 8.052869597792031847e-03 9.981257170021508029e-01 -6.066468783553993077e-02 -4.979478999999999989e-01 -9.789145633409930269e-01 -4.514345747048044422e-03 -2.042202202559512125e-01 2.279241299999999804e+00
-2.191666566966857521e-01 6.402063362909531097e-02 9.735847857593740162e-01 7.482498200000000210e+00 1.284632006489612108e-02 9.979478027910956284e-01 -6.273081352266038357e-02 -5.032412000000000551e-01 -9.756028642091962855e-01 -1.241520903446487190e-03 -2.195393130458846986e-01 2.262538000000000160e+00
-2.340434452811172295e-01 6.708975915393539102e-02 9.699085678235920271e-01 7.555804300000000140e+00 1.325059775055324046e-02 9.977436794050615898e-01 -6.581771696513559478e-02 -5.088215999999999850e-01 -9.721358379260572891e-01 -2.552336952012179694e-03 -2.344043476471494580e-01 2.245139399999999785e+00
-2.496293277651104869e-01 7.078359251272918484e-02 9.657509418843610582e-01 7.628512399999999971e+00 1.304888569474569812e-02 9.974801166495035343e-01 -6.973624216301216316e-02 -5.146802999999999795e-01 -9.682535439138160172e-01 -4.806237601775668888e-03 -2.499239379860416221e-01 2.227302599999999799e+00
-2.651946795311183047e-01 6.879213122333814601e-02 9.617377109327357454e-01 7.701258700000000346e+00 9.800286551638528326e-03 9.975923658360958957e-01 -6.865439540951945308e-02 -5.201641999999999655e-01 -9.641450805412498104e-01 -8.781475234372487088e-03 -2.652303703590802586e-01 2.207934400000000075e+00
-2.813726845491044126e-01 6.279590134495910414e-02 9.575416895174350129e-01 7.773304500000000061e+00 4.169012672116719637e-03 9.979271000575955508e-01 -6.421932967555196714e-02 -5.259846000000000243e-01 -9.595895120951299928e-01 -1.407756175307579849e-02 -2.810512240359726022e-01 2.188037599999999916e+00
-2.968133282361255509e-01 5.853922631941030352e-02 9.531395528270342199e-01 7.844885800000000131e+00 3.152087462843858323e-04 9.981252302262780818e-01 -6.120396579622584127e-02 -5.315309999999999757e-01 -9.549354684086460709e-01 -1.786571486574711071e-02 -2.962753236560472514e-01 2.166655299999999951e+00
-3.117640144845937322e-01 6.009023505638479840e-02 9.482575403988720009e-01 7.915717599999999798e+00 -1.329284946372043252e-03 9.979696443871644007e-01 -6.367748333035894159e-02 -5.368408999999999542e-01 -9.501586353204296564e-01 -2.111285230908450244e-02 -3.110511456230202754e-01 2.144125499999999906e+00
-3.259851086977120227e-01 6.204423137404824207e-02 9.433367491307357300e-01 7.986009600000000042e+00 -1.389602540935893499e-03 9.978115526382604905e-01 -6.610729480475013853e-02 -5.419483000000000494e-01 -9.453738826052470179e-01 -2.286085682618843942e-02 -3.251854906250483124e-01 2.120383700000000093e+00
-3.402412330117175476e-01 6.451315016903182153e-02 9.381225702507821618e-01 8.055192899999999767e+00 -2.222084190893480748e-05 9.976432581681634604e-01 -6.861434935817320446e-02 -5.472437999999999469e-01 -9.403381853699762649e-01 -2.336627670124636832e-02 -3.394379387284521821e-01 2.096311800000000058e+00
-3.541102380725009713e-01 6.445460408724493218e-02 9.329799265280003251e-01 8.124879800000000429e+00 2.185226247420419404e-03 9.976764658073479231e-01 -6.809474546840785236e-02 -5.529526000000000163e-01 -9.352011356272424969e-01 -2.207427430553890804e-02 -3.534282987189899528e-01 2.070144400000000218e+00
