1.000000000000000000e+00 0.000000000000000000e+00 0.000000000000000000e+00 0.000000000000000000e+00 0.000000000000000000e+00 1.000000000000000000e+00 0.000000000000000000e+00 0.000000000000000000e+00 0.000000000000000000e+00 0.000000000000000000e+00 1.000000000000000000e+00 0.000000000000000000e+00
9.999993234520636598e-01 4.696199806665444479e-04 1.064214493777718108e-03 -6.855999999999999681e-04 -4.687797433855789568e-04 9.999995783495396751e-01 -7.896494760838884729e-04 -1.529900000000000053e-03 -1.064584880222878673e-03 7.891500596508646157e-04 9.999991219502226691e-01 7.897279999999999578e-02
9.999980428043045988e-01 4.479099130432237334e-04 1.927112936498311330e-03 -5.412999999999999843e-04 -4.488895998008857755e-04 9.999997702334499916e-01 5.079676904477800148e-04 -3.054400000000000084e-03 -1.926884969948163039e-03 -5.088317572104387272e-04 9.999980141003058653e-01 1.570061000000000095e-01
9.999938699330805925e-01 6.117839175011846944e-04 3.447581282479284664e-03 -6.484999999999999879e-04 -6.206132412156656081e-04 9.999965292511719950e-01 2.560532135082114243e-03 -4.352499999999999598e-03 -3.446002824410101043e-03 -2.562656053442851235e-03 9.999907788867284930e-01 2.332240999999999898e-01
9.999867310712654556e-01 -1.049923193602008689e-04 5.150403675214244338e-03 -5.984000000000000170e-04 8.660673796790423705e-05 9.999936243892275645e-01 3.569829151305024123e-03 -5.481200000000000308e-03 -5.150745642887405613e-03 -3.569335723834892067e-03 9.999803646381327793e-01 3.085192999999999963e-01
9.999728332816226750e-01 3.506903086320848056e-04 7.362724701585266623e-03 -4.751000000000000015e-04 -3.825029813894354879e-04 9.999905964179854889e-01 4.319810999426298981e-03 -6.744499999999999627e-03 -7.361140549747064235e-03 -4.322509908486940611e-03 9.999635640951612947e-01 3.827782000000000129e-01
9.999432347322207981e-01 1.994354891452742294e-04 1.065305302476369717e-02 -3.899999999999999929e-06 -2.405574232567457538e-04 9.999925252287886757e-01 3.858966011341031111e-03 -7.851300000000000293e-03 -1.065220378085556668e-02 -3.861309627087501552e-03 9.999358083610041525e-01 4.562916000000000194e-01
9.998937690813037849e-01 -2.938704353766759042e-04 1.457272083557190241e-02 3.711000000000000214e-04 2.641144660196715005e-04 9.999978766057917579e-01 2.043777741483192214e-03 -8.891200000000000145e-03 -1.457329049779558343e-02 -2.039711762714162702e-03 9.998917235280987414e-01 5.284856999999999472e-01
9.998363946379662526e-01 -2.829457310036076305e-04 1.808601390761078315e-02 1.007700000000000045e-03 2.770313475874776376e-04 9.999999073355028134e-01 3.295187674557162175e-04 -1.021080000000000078e-02 -1.808610546760793664e-02 -3.244544636131583963e-04 9.998363803734666710e-01 5.986272000000000260e-01
9.997571845550540237e-01 2.692575153827478251e-05 2.203568028347104718e-02 2.453100000000000159e-03 -4.946960540025942070e-05 9.999994760058134036e-01 1.022516922410446208e-03 -1.134680000000000064e-02 -2.203564120486608408e-02 -1.023358735917315838e-03 9.997566620201077114e-01 6.696425999999999767e-01
9.996234438039539594e-01 3.116100011306984874e-04 2.743854035349489046e-02 3.811900000000000011e-03 -3.331292324543979493e-04 9.999996405443145608e-01 7.797026074091529873e-04 -1.239529999999999972e-02 -2.743828752742518556e-02 -7.885495854488886293e-04 9.996231882900243892e-01 7.393771999999999567e-01
9.994203961481279430e-01 1.963580517972477336e-03 3.398552801809072432e-02 5.566999999999999900e-03 -1.965449989928199064e-03 9.999980682680257305e-01 2.159986102840599830e-05 -1.365150000000000044e-02 -3.398541995409327943e-02 -8.838419736661498052e-05 9.994223248551021843e-01 8.082958000000000087e-01
9.991411972670551922e-01 3.467169569232731244e-03 4.128978879739624713e-02 7.947499999999999704e-03 -3.468540682687248737e-03 9.999939838561873184e-01 -3.843128818457431999e-05 -1.466169999999999973e-02 -4.128967363988175071e-02 -1.048170289340822991e-04 9.991472123086280188e-01 8.762636999999999787e-01
9.981647244401793406e-01 6.728510150440189866e-03 6.018230665582811195e-02 1.425139999999999914e-02 -6.852046693889186219e-03 9.999748195087782010e-01 1.846565593493552579e-03 -1.706939999999999846e-02 -6.016836660044438262e-02 -2.255548612141900118e-03 9.981856942278288791e-01 1.011224600000000029e+00
9.960487591119698836e-01 1.132117739801332887e-02 8.808348547728790667e-02 2.324630000000000099e-02 -1.155656995146787588e-02 9.999308814746754592e-01 2.162860197814702075e-03 -1.914350000000000079e-02 -8.805291115267969981e-02 -3.172257177653386301e-03 9.961107476691218876e-01 1.143354200000000098e+00
9.944356740469110223e-01 1.356659001143341314e-02 1.044683579766017972e-01 2.911319999999999880e-02 -1.401170290441771174e-02 9.998956072804293660e-01 3.527991357683798665e-03 -2.018390000000000115e-02 -1.044095894282899423e-01 -4.972140058690465575e-03 9.945219532311253552e-01 1.207957399999999959e+00
9.924313679371162822e-01 1.341347311764441545e-02 1.220657964926554900e-01 3.643679999999999836e-02 -1.402796794222305361e-02 9.998928824101260826e-01 4.176101169969393366e-03 -2.105960000000000124e-02 -1.219967050779491996e-01 -5.856828876797411272e-03 9.925132248517557487e-01 1.271320000000000006e+00
9.899005708112285085e-01 1.324981240077939722e-02 1.411428438814670006e-01 4.485610000000000291e-02 -1.387058719141806389e-02 9.998979661464116875e-01 3.415275572282335838e-03 -2.194370000000000001e-02 -1.410831907725696721e-01 -5.338517360982525210e-03 9.899833501194942320e-01 1.334556700000000040e+00
9.868596732387872050e-01 1.241430022691960948e-02 1.611020499090875524e-01 5.478729999999999711e-02 -1.295431324160972210e-02 9.999134394390354341e-01 2.302042057994696522e-03 -2.254329999999999876e-02 -1.610595265840319423e-01 -4.358758891522354975e-03 9.869350688456931531e-01 1.396695699999999984e+00
9.832198604558107791e-01 9.579118846877426874e-03 1.821728478324181610e-01 6.572569999999999801e-02 -1.014359429098410370e-02 9.999462042218595359e-01 2.167061871589947425e-03 -2.336670000000000066e-02 -1.821422891590964155e-01 -3.978585730229008965e-03 9.832641340735821522e-01 1.458062200000000086e+00
9.789936837410222470e-01 4.517217392555413109e-03 2.038405306660375504e-01 7.797619999999999552e-02 -5.482621826146761267e-03 9.999762690080121752e-01 4.171603855495472496e-03 -2.427179999999999963e-02 -2.038168492865466142e-01 -5.201554368082719412e-03 9.789952174444270794e-01 1.518228799999999934e+00
9.738993450629969129e-01 -9.731409124715169074e-04 2.269782339402393323e-01 9.181590000000000584e-02 -3.067349758630400825e-04 9.999842536699311557e-01 5.603420905589118033e-03 -2.505589999999999901e-02 -2.269801127841823141e-01 -5.526790113174642576e-03 9.738837112261015116e-01 1.577484099999999945e+00
9.680344546805406125e-01 -5.953034937266410594e-03 2.507465970384923915e-01 1.070437000000000055e-01 4.825753870870226094e-03 9.999752981303786648e-01 5.110306119793376831e-03 -2.579899999999999902e-02 -2.507708249596156125e-01 -3.736911036658770082e-03 9.680392703010440858e-01 1.636111599999999999e+00
9.611991394624294083e-01 -1.192128570654750995e-02 2.755977090684684216e-01 1.238009999999999944e-01 1.147836697952372802e-02 9.999289366168183646e-01 3.220063328903372858e-03 -2.655209999999999862e-02 -2.756165114578019160e-01 6.828954264744674894e-05 9.612676702918754312e-01 1.692762700000000065e+00
9.441740955138467895e-01 -1.793051220031037507e-02 3.289586206391982848e-01 1.604742000000000113e-01 1.674274334628341604e-02 9.998390695988547128e-01 6.443248321850049594e-03 -2.792450000000000140e-02 -3.290212119390631407e-01 -5.758783995443734344e-04 9.443223551617418998e-01 1.803642600000000096e+00
9.227003647360999539e-01 -2.523948904730054579e-02 3.846907915566726843e-01 2.026512000000000036e-01 2.365992369334629988e-02 9.996809860541090442e-01 8.839351373783596588e-03 -2.916180000000000161e-02 -3.847911705414940875e-01 9.456820371431902059e-04 9.230031748367886202e-01 1.908952800000000005e+00
8.967214605144346873e-01 -2.592103528968849740e-02 4.418356280138233672e-01 2.498566000000000120e-01 2.885238345857054493e-02 9.995836796842940686e-01 8.530865193195815571e-05 -3.076299999999999868e-02 -4.416538941542558216e-01 1.267151286615822436e-02 8.970960208027143334e-01 2.008167999999999953e+00
8.660223174857812900e-01 -2.828890861260338271e-02 4.992044503668455202e-01 3.035258000000000123e-01 3.200255166135972107e-02 9.994871588147348218e-01 1.120737083854749655e-03 -3.216490000000000321e-02 -4.989801421937736792e-01 1.500523288579351175e-02 8.664835028333341960e-01 2.104626899999999967e+00
8.278196459959900055e-01 -2.732109289933789056e-02 5.603286460514574907e-01 3.632130000000000081e-01 2.606038426202858874e-02 9.996079349942073033e-01 1.023878258055935936e-02 -3.319529999999999703e-02 -5.603886955276570214e-01 6.126514457854628781e-03 8.282070850611026325e-01 2.196585400000000021e+00
8.062525405734991546e-01 -2.114898615704233556e-02 5.911933365687634945e-01 3.947242000000000250e-01 2.219742795847099923e-02 9.997385229035929965e-01 5.491813413661400176e-03 -3.365119999999999917e-02 -5.911548993375649319e-01 8.695182980893100336e-03 8.065111770968349525e-01 2.240329500000000085e+00
7.840874702256019901e-01 -1.424000238226880155e-02 6.204869550340027518e-01 4.278753000000000140e-01 1.949881043228202798e-02 9.998084439567254122e-01 -1.694634048257693398e-03 -3.397490000000000232e-02 -6.203439654151087224e-01 1.342749883576846957e-02 7.842149366392314747e-01 2.282429500000000111e+00
7.611576688708115990e-01 -1.170639275417300132e-02 6.484612274360257445e-01 4.620722999999999914e-01 1.842833600205817657e-02 9.998237686983260097e-01 -3.581616684065752967e-03 -3.464710000000000012e-02 -6.483050204582310183e-01 1.467623638953044311e-02 7.612392584030931442e-01 2.323163000000000089e+00
7.375696028608700328e-01 -1.446534767099031359e-02 6.751161638210242399e-01 4.982459000000000193e-01 1.982471797063226071e-02 9.998034430162645592e-01 -2.364110994487866185e-04 -3.554129999999999789e-02 -6.749800452554456376e-01 1.355835718589930988e-02 7.377113998423612262e-01 2.362357100000000099e+00
6.870173271641704105e-01 -1.256839118910622194e-02 7.265323308147524362e-01 5.735312999999999661e-01 2.050772104016963110e-02 9.997874956909325039e-01 -2.096863799188187008e-03 -3.730289999999999995e-02 -7.263515853592790172e-01 1.634010412975876042e-02 6.871290820821738254e-01 2.436043000000000180e+00
6.330816590447808645e-01 -8.088551492256568221e-03 7.740427561290557090e-01 6.536323000000000549e-01 1.903510705539032330e-02 9.998057016540878861e-01 -5.120902202435748812e-03 -3.910229999999999956e-02 -7.738509402207234267e-01 1.797593599049005994e-02 6.331126187691793472e-01 2.504428400000000110e+00
5.756467900890467337e-01 -7.932196713089992302e-05 8.176984571149701342e-01 7.386867999999999768e-01 1.789729746432970614e-02 9.997616595745907331e-01 -1.250243128888931833e-02 -4.109489999999999671e-02 -8.175025747994011383e-01 2.183157696286806837e-02 5.755110098370526117e-01 2.567575900000000022e+00
5.143317964112464891e-01 1.810388814291613579e-02 8.574001705356075753e-01 8.286906000000000549e-01 1.521482996514570037e-02 9.994271716658821303e-01 -3.022974503807707852e-02 -4.375219999999999804e-02 -8.574563033470055107e-01 2.859331687727434401e-02 5.137617250053219120e-01 2.624331699999999934e+00
4.497708218038696804e-01 2.253152677825662545e-02 8.928597527915078658e-01 9.245875000000000066e-01 1.083836836531155631e-02 9.994704439991187739e-01 -3.068161246385388979e-02 -4.776380000000000209e-02 -8.930782371243013440e-01 2.347683695145078714e-02 4.492884379791065586e-01 2.675389500000000087e+00
4.164939099352666929e-01 2.130762184679514670e-02 9.088887766047438754e-01 9.745247000000000215e-01 6.191986657965903133e-03 9.996356410693523209e-01 -2.627250283266727854e-02 -4.962350000000000094e-02 -9.091174194173498035e-01 1.657016460687449344e-02 4.162102201494330966e-01 2.698585299999999965e+00
3.820144530878606393e-01 2.255626974524927580e-02 9.238810379735922229e-01 1.025190100000000104e+00 2.069980268607293436e-03 9.996787024555526813e-01 -2.526275991395554935e-02 -5.167809999999999765e-02 -9.241540308918585467e-01 1.156315493116541818e-02 3.818450217488340570e-01 2.720126599999999950e+00
3.467483759996375925e-01 2.564968816993520515e-02 9.376074110406760198e-01 1.077111399999999941e+00 -5.153235875783770958e-03 9.996630295340004357e-01 -2.544153185074802051e-02 -5.351510000000000294e-02 -9.379440323929901790e-01 3.990097704214382729e-03 3.467637109310723886e-01 2.740140400000000032e+00
3.108264493104158643e-01 2.718109434006320962e-02 9.500779476019619585e-01 1.129985599999999923e+00 -9.742757106309870088e-03 9.996296035487319820e-01 -2.541130443272283240e-02 -5.544260000000000160e-02 -9.504167491648319865e-01 -1.357873146378035453e-03 3.109761390966699901e-01 2.758185399999999898e+00
2.746211913685329131e-01 2.656699612837768593e-02 9.611854118576927952e-01 1.184150500000000106e+00 -1.269386647597439688e-02 9.996312963323316092e-01 -2.400285705561335664e-02 -5.740060000000000301e-02 -9.614687030814981217e-01 -5.609466075914870328e-03 2.748571754295772163e-01 2.774297999999999931e+00
2.382641239066785044e-01 2.619588678007462451e-02 9.708470439645929817e-01 1.238850100000000065e+00 -1.356088611152648192e-02 9.996284536929355147e-01 -2.364438485858673042e-02 -5.913569999999999938e-02 -9.711057149594234383e-01 -7.531937551272491899e-03 2.385308371885500600e-01 2.787994400000000095e+00
2.020681016600986979e-01 2.583186385517448336e-02 9.790307436956467990e-01 1.294001500000000027e+00 -1.291715197006956112e-02 9.996354376048071089e-01 -2.370947214992080027e-02 -6.095210000000000211e-02 -9.792862857594125670e-01 -7.855360870989426883e-03 2.023281093400528530e-01 2.799745600000000056e+00
1.668086206155924844e-01 2.459261469939679617e-02 9.856825489936250628e-01 1.350535400000000053e+00 -1.062359986121186317e-02 9.996756970908854401e-01 -2.314389275469849044e-02 -6.262840000000000074e-02 -9.859320581126834737e-01 -6.610896164601174491e-03 1.670157861927688003e-01 2.809184600000000032e+00
9.833523496762802685e-02 2.691997600545219596e-02 9.947891718629265911e-01 1.464757199999999981e+00 -6.307650420032812066e-04 9.996355377412322607e-01 -2.698877211469684345e-02 -6.690669999999999951e-02 -9.951531458520960216e-01 2.026469013611953071e-03 9.831637566557105412e-02 2.822233699999999956e+00
6.530163167363202403e-02 3.214791801573826241e-02 9.973475864852808792e-01 1.522380000000000067e+00 2.708467186123553194e-04 9.994803001205062598e-01 -3.223439642800279836e-02 -6.869210000000000593e-02 -9.978655337984253526e-01 2.375087003878770253e-03 6.525898726541567996e-02 2.826365000000000016e+00
3.618613299113491999e-02 3.599068304420421915e-02 9.986967680498217703e-01 1.579549700000000056e+00 7.238761298895387414e-03 9.993156183878034726e-01 -3.627526955185258334e-02 -7.097349999999999492e-02 -9.993188500743921399e-01 8.541989242183559497e-03 3.590083990355807941e-02 2.828280200000000022e+00
1.061563200845008943e-02 3.425268979393741864e-02 9.993568239617625082e-01 1.637874800000000075e+00 9.049014253278411454e-03 9.993689238324252599e-01 -3.434922734304417247e-02 -7.344390000000000640e-02 -9.999027071160997426e-01 9.407832901389377722e-03 1.029897965792736514e-02 2.828767500000000101e+00
-3.085855453688048436e-02 2.824218888152910806e-02 9.991246810979470538e-01 1.756080000000000085e+00 1.111839122921136173e-02 9.995485831685841926e-01 -2.791077322737980579e-02 -7.861390000000000045e-02 -9.994619207295336594e-01 1.024737297340440681e-02 -3.115863217112346817e-02 2.826744099999999982e+00
-4.710761234145349058e-02 3.138487766313853566e-02 9.983966457844085651e-01 1.815155599999999980e+00 1.269163932024417948e-02 9.994444019998184325e-01 -3.081898120623459414e-02 -8.090500000000000469e-02 -9.988091885594828634e-01 1.121948150741545851e-02 -4.747976499365380576e-02 2.823705200000000026e+00
-6.091156693143456174e-02 3.601322641544436182e-02 9.974932724269908180e-01 1.874744299999999919e+00 1.564176996653245111e-02 9.992606211150117934e-01 -3.512187525111769293e-02 -8.315350000000000519e-02 -9.980205990089939805e-01 1.346323185535072339e-02 -6.142984080833691074e-02 2.819363599999999970e+00
-7.311992803184387546e-02 4.148472864131459020e-02 9.964599808392579083e-01 1.934425000000000061e+00 1.977668773980724437e-02 9.989983620029529998e-01 -4.013919951193641728e-02 -8.544830000000000481e-02 -9.971270524595449158e-01 1.677170250670369928e-02 -7.386711885789576382e-02 2.815005799999999780e+00
-8.152190602865322377e-02 4.473323351909392481e-02 9.956671716273373107e-01 1.994463000000000097e+00 2.540635514316263305e-02 9.987609114958083678e-01 -4.279204115722376467e-02 -8.866899999999999782e-02 -9.963476782508176033e-01 2.180778500875893422e-02 -8.255740158954150143e-02 2.809295899999999957e+00
-8.761154258080978974e-02 5.042972177082857138e-02 9.948774099197990051e-01 2.054364000000000079e+00 2.896082057436236840e-02 9.984245531037312382e-01 -4.805915762135304359e-02 -9.153000000000000025e-02 -9.957336433395582720e-01 2.460192922783264666e-02 -8.893400137179352516e-02 2.804120800000000191e+00
-9.105750745196027063e-02 5.467362376592330153e-02 9.943436655407115188e-01 2.114126699999999914e+00 3.105516335056623944e-02 9.981620350199214009e-01 -5.203968364775880123e-02 -9.536360000000000670e-02 -9.953612947899400654e-01 2.614090107841413740e-02 -9.258804525910846461e-02 2.798551600000000139e+00
-9.368609635570229743e-02 5.870021694016454988e-02 9.938698103276943918e-01 2.174350700000000192e+00 3.342934186859152640e-02 9.978829563351557796e-01 -5.578606060694914215e-02 -9.924360000000000126e-02 -9.950403984019253745e-01 2.799803541298902243e-02 -9.545006841878178605e-02 2.792567700000000208e+00
-9.631542135220616530e-02 6.164895416390263339e-02 9.934398552807532923e-01 2.234861400000000220e+00 3.401833085231148468e-02 9.977008598393909411e-01 -5.861524922545944399e-02 -1.032330999999999943e-01 -9.947693666251335998e-01 2.814961325199839132e-02 -9.819117321833592538e-02 2.786593199999999992e+00
-9.871931500889741251e-02 6.529949885688703104e-02 9.929705294182770148e-01 2.295299299999999931e+00 3.486417209871610356e-02 9.974590388362657434e-01 -6.212853891493073238e-02 -1.071865000000000040e-01 -9.945043923221480453e-01 2.848580862240645412e-02 -1.007450860294557549e-01 2.780616999999999894e+00
-1.029830323931181790e-01 7.067717325845311593e-02 9.921689534647374353e-01 2.417311199999999882e+00 3.858133671540801835e-02 9.970056092245279666e-01 -6.701712939301529559e-02 -1.155584999999999946e-01 -9.939345931681672353e-01 3.137757726502233419e-02 -1.054014807704677370e-01 2.767950499999999980e+00
-1.072785923124542906e-01 6.900765595447459766e-02 9.918312593637726993e-01 2.539550100000000032e+00 3.798271042014386700e-02 9.971445561111099698e-01 -6.526904263980759513e-02 -1.244931999999999983e-01 -9.935032044943780116e-01 3.067046849408066808e-02 -1.095933621245186451e-01 2.755236099999999855e+00
-1.093413700026898000e-01 7.037157397469293030e-02 9.915101141099165183e-01 2.600984299999999916e+00 3.781709371688664334e-02 9.970631530372778828e-01 -6.659531723905237621e-02 -1.291078999999999977e-01 -9.932846179362406769e-01 3.021440768385395825e-02 -1.116814995403032640e-01 2.748407400000000056e+00
-1.140053121731636754e-01 7.464643447901705975e-02 9.906718420424946991e-01 2.725856299999999788e+00 3.486564047868939004e-02 9.968596302604014747e-01 -7.110038446525118738e-02 -1.381941999999999893e-01 -9.928681563582903991e-01 2.643458675042167222e-02 -1.162498890882229796e-01 2.733691900000000174e+00
-1.189857876868122971e-01 8.167368943561248429e-02 9.895310964201801118e-01 2.849507099999999848e+00 2.939479709383797934e-02 9.964639830671022658e-01 -7.871134831685838718e-02 -1.488414999999999877e-01 -9.924607439250988650e-01 1.972153401794176503e-02 -1.209658334556424908e-01 2.719864100000000118e+00
-1.216625415877026634e-01 8.409044604293924863e-02 9.890030449188311756e-01 2.912010200000000104e+00 2.685036987804170772e-02 9.963190021103969229e-01 -8.140948145735471542e-02 -1.540683999999999942e-01 -9.922082864055472573e-01 1.665061314314137536e-02 -1.234725616083369726e-01 2.712819599999999998e+00
-1.273548263831406624e-01 7.843524449984679014e-02 9.887510609942067319e-01 3.038827899999999804e+00 2.185446992172825065e-02 9.968482294091126628e-01 -7.626263612252918989e-02 -1.647985999999999895e-01 -9.916164229889299353e-01 1.189621553966944967e-02 -1.286675938784640483e-01 2.697498299999999904e+00
-1.295731637740491493e-01 7.646985647091150695e-02 9.886167893986537170e-01 3.102348800000000129e+00 2.241565234128971990e-02 9.969929234160359588e-01 -7.417984354567400129e-02 -1.703251000000000071e-01 -9.913164649897117098e-01 1.254877323344530046e-02 -1.308976490645943347e-01 2.688942700000000130e+00
-1.313501675343309583e-01 7.704525703753453691e-02 9.883375748481504353e-01 3.166090300000000024e+00 2.165931954004692711e-02 9.969603855481411481e-01 -7.483891718059544618e-02 -1.753231000000000095e-01 -9.910993932829166297e-01 1.157661503731201302e-02 -1.326196615080604824e-01 2.680412500000000087e+00
-1.325498729944668275e-01 7.979209912781268232e-02 9.879593878727649381e-01 3.230082299999999851e+00 2.329290179056611038e-02 9.967299014707754479e-01 -7.737534646276758576e-02 -1.805846999999999869e-01 -9.909026046465546633e-01 1.275634864824542331e-02 -1.339750113783859664e-01 2.671914600000000029e+00
-1.333301850920143583e-01 8.236545360635906532e-02 9.876431510396598279e-01 3.293613899999999983e+00 2.389424971575783083e-02 9.965180711209227216e-01 -7.987990210282336356e-02 -1.862067000000000028e-01 -9.907835922005624463e-01 1.294858994849815842e-02 -1.348339995865117658e-01 2.663500800000000002e+00
-1.336783941285484278e-01 8.293286865225674154e-02 9.875485943690671675e-01 3.358169999999999877e+00 2.289121900206235460e-02 9.964848726445093563e-01 -8.058468020198115978e-02 -1.916277000000000119e-01 -9.907603539886991051e-01 1.183376050811769942e-02 -1.351069320072971758e-01 2.655161099999999941e+00
-1.338604733828489268e-01 8.176667881543504823e-02 9.876211742875976585e-01 3.422251699999999897e+00 1.957670529884622188e-02 9.966140084086614337e-01 -7.985781648193715498e-02 -1.970167999999999919e-01 -9.908068057272124696e-01 8.644563558335982556e-03 -1.350079451199971414e-01 2.647197999999999940e+00
-1.338280842430509265e-01 8.115357056919128564e-02 9.876761320654188214e-01 3.487446499999999894e+00 1.583601920782872624e-02 9.966892264612376984e-01 -7.974839403868254351e-02 -2.025064000000000031e-01 -9.908780269859074341e-01 4.968283402845136143e-03 -1.346701592653133384e-01 2.638574800000000220e+00
-1.334734635433347805e-01 8.185732133820750045e-02 9.876660434950059742e-01 3.552572300000000016e+00 1.255426251866670340e-02 9.966427727273805548e-01 -8.090472212974547661e-02 -2.084455000000000058e-01 -9.909728679546974117e-01 1.600785311140974498e-03 -1.340530210925108268e-01 2.629690200000000200e+00
-1.338612901108001685e-01 8.215030546383256249e-02 9.875892275243136620e-01 3.617656000000000205e+00 8.086942183469926493e-03 9.966155438945770717e-01 -8.180500616611209586e-02 -2.139483000000000079e-01 -9.909670813785858012e-01 -2.963946678910908683e-03 -1.340725872208452518e-01 2.621596300000000213e+00
-1.344302204308475412e-01 8.167866111602285761e-02 9.875510681241796984e-01 3.682777600000000096e+00 4.701928396614263317e-03 9.966384763040656569e-01 -8.179021591647508971e-02 -2.195473000000000008e-01 -9.909119071361829345e-01 -6.351682344418511927e-03 -1.343623772755183632e-01 2.613517499999999938e+00
-1.347907727462375749e-01 7.662059308565008497e-02 9.879072488334499358e-01 3.748270999999999908e+00 4.782337866829432238e-03 9.970445343538539840e-01 -7.667676153590519128e-02 -2.250611999999999890e-01 -9.908625418427119413e-01 -5.610813694092130210e-03 -1.347588288116610133e-01 2.604917299999999880e+00
-1.350471117928091214e-01 6.827399276680307105e-02 9.884841624973558227e-01 3.814369699999999863e+00 8.177545747680488308e-03 9.976660330930897658e-01 -6.779095926332978639e-02 -2.301992999999999956e-01 -9.908054326364813535e-01 -1.071598794496912699e-03 -1.352902300022382764e-01 2.595940800000000159e+00
-1.353163687381758185e-01 6.290095037700417502e-02 9.888037979261525834e-01 3.880717800000000217e+00 1.322283937380532015e-02 9.980085711244341962e-01 -6.167696880570239237e-02 -2.352940000000000031e-01 -9.907142054449449287e-01 4.728890338620780204e-03 -1.358786249774287525e-01 2.586890900000000215e+00
-1.344124330447526994e-01 6.556081473261129999e-02 9.887543058892770409e-01 3.946155300000000032e+00 2.192632712262628653e-02 9.977614234444590613e-01 -6.317735405189381370e-02 -2.397568999999999950e-01 -9.906828624852160869e-01 1.318792848338877499e-02 -1.355490483936186985e-01 2.577398500000000148e+00
-1.328683827644353832e-01 7.123385220336675427e-02 9.885705494105274660e-01 4.012405900000000081e+00 2.762354749147166375e-02 9.972926200756588866e-01 -6.814961163949480316e-02 -2.443889999999999951e-01 -9.907486727145031757e-01 1.825289683574791988e-02 -1.344763892716994702e-01 2.567624799999999929e+00
-1.320862528413513370e-01 7.733413515252882120e-02 9.882169060234401448e-01 4.078813600000000150e+00 3.112337420141003327e-02 9.967839857744955623e-01 -7.384457516858836112e-02 -2.489370999999999945e-01 -9.907494927521535155e-01 2.100279133164683482e-02 -1.340683608001145277e-01 2.558677700000000055e+00
-1.315578101292081692e-01 8.156039709143987626e-02 9.879475918389061251e-01 4.145737200000000122e+00 3.182844448304868179e-02 9.964433244091885911e-01 -7.802340265685672738e-02 -2.544431999999999805e-01 -9.907974024571303273e-01 2.118024708664075287e-02 -1.336858422479813013e-01 2.549901699999999938e+00
-1.310936437014363631e-01 7.873606953994918833e-02 9.882383760684873009e-01 4.213204900000000031e+00 2.894621152955160343e-02 9.967201152854259227e-01 -7.557200952398786253e-02 -2.596579999999999999e-01 -9.909473111216192676e-01 1.869874698495978260e-02 -1.329427825871910551e-01 2.540565700000000149e+00
-1.303422880502569936e-01 7.414450706452258011e-02 9.886928137788715265e-01 4.280754100000000228e+00 2.778015639144174043e-02 9.970814673920874727e-01 -7.111125293586625928e-02 -2.650361999999999996e-01 -9.910797903583195012e-01 1.819723757609025688e-02 -1.320216258342111759e-01 2.531287700000000029e+00
-1.303974929919050063e-01 7.236223132789981749e-02 9.888175773613016029e-01 4.348323800000000183e+00 2.570923149440461353e-02 9.972444357577617824e-01 -6.958858215361471422e-02 -2.700154000000000165e-01 -9.911284120826086008e-01 1.634756334842547149e-02 -1.318985516795996293e-01 2.522778000000000187e+00
-1.304151368491076601e-01 7.319137963046423723e-02 9.887542232670450959e-01 4.416019399999999706e+00 2.363667280667202178e-02 9.972175218321693846e-01 -7.070022524389177332e-02 -2.747467000000000104e-01 -9.911776832532391834e-01 1.415048051113338909e-02 -1.317822602706646418e-01 2.514303200000000071e+00
-1.300353709150866566e-01 7.814002830216928985e-02 9.884254844387170280e-01 4.483173800000000320e+00 2.500186052855765326e-02 9.968311492762998993e-01 -7.551534150489982999e-02 -2.803589000000000220e-01 -9.911940825494707230e-01 1.489281066243975521e-02 -1.315769543251641416e-01 2.505395399999999828e+00
-1.292762360360440177e-01 8.124328076655915054e-02 9.882748525216247248e-01 4.551262900000000222e+00 2.460107905908998430e-02 9.965940311678075370e-01 -7.870910970038755283e-02 -2.853424999999999989e-01 -9.913034054745708534e-01 1.413741033518079587e-02 -1.308345975785200066e-01 2.496371700000000082e+00
-1.290034277198028601e-01 7.959835374783910678e-02 9.884443422455182482e-01 4.619694700000000154e+00 2.469920684880790723e-02 9.967219126080386626e-01 -7.704140515341803552e-02 -2.914140000000000064e-01 -9.913365043301800572e-01 1.447518592651490799e-02 -1.305465594139172403e-01 2.487572000000000116e+00
-1.286378667966872613e-01 7.316690648968277033e-02 9.889888285621472042e-01 4.688992999999999967e+00 2.659315489141805475e-02 9.971704243967396408e-01 -7.031321939256655884e-02 -2.967907000000000184e-01 -9.913350106492352376e-01 1.725539055356806531e-02 -1.302196151043499839e-01 2.478829100000000007e+00
-1.288609277461405800e-01 7.190134693069306915e-02 9.890526060882486314e-01 4.758645999999999709e+00 2.597179582459510985e-02 9.972705680395936856e-01 -6.911497626152982021e-02 -3.019567000000000223e-01 -9.913225141809550722e-01 1.678125238289447652e-02 -1.303766177134999538e-01 2.469772100000000137e+00
-1.287764504778333152e-01 7.479267017211750634e-02 9.888491706478068632e-01 4.827895599999999732e+00 2.333234303636318521e-02 9.971042835104622082e-01 -7.237851596655758835e-02 -3.072521999999999753e-01 -9.913991262709302976e-01 1.375151968375140643e-02 -1.301486386237818982e-01 2.461029299999999864e+00
-1.283260294247609012e-01 7.810763347425057901e-02 9.886514187341907123e-01 4.897452799999999939e+00 2.304731755047202332e-02 9.968593433863370823e-01 -7.576457389234514395e-02 -3.123619000000000256e-01 -9.914641956852520144e-01 1.306319625562803871e-02 -1.297231728635398484e-01 2.452225900000000181e+00
-1.284456534882498779e-01 7.745069352709021970e-02 9.886875665103455058e-01 4.966963299999999748e+00 2.180523064403720040e-02 9.969252661462143505e-01 -7.526317582895311609e-02 -3.178044999999999898e-01 -9.914768005437829546e-01 1.189133261969899796e-02 -1.297395475249968344e-01 2.443538399999999999e+00
-1.282926205071102110e-01 7.387652782018830355e-02 9.889809210296480746e-01 5.036762699999999704e+00 2.110860586458643967e-02 9.971991037890420850e-01 -7.175217181928945920e-02 -3.235299999999999843e-01 -9.915116894327931085e-01 1.167073431983745024e-02 -1.294927167008385060e-01 2.434795400000000054e+00
-1.272520350091566887e-01 7.271446416880225638e-02 9.892014588983742973e-01 5.107016100000000058e+00 2.171304142261898731e-02 9.972743959629589705e-01 -7.051470051623953683e-02 -3.290867000000000098e-01 -9.916327260726159887e-01 1.250543311362281584e-02 -1.284840485213347705e-01 2.425511600000000101e+00
-1.267491508420819091e-01 7.335249660545245520e-02 9.892189161164267608e-01 5.176822200000000151e+00 2.338096499940851489e-02 9.972058863467467837e-01 -7.094893030268653589e-02 -3.345507999999999815e-01 -9.916592072060378404e-01 1.413617618545141841e-02 -1.281100514649271549e-01 2.417103299999999955e+00
-1.257004092000235385e-01 7.369877870597434100e-02 9.893269920224526670e-01 5.247345000000000148e+00 2.533433135038305403e-02 9.971500740255548889e-01 -7.106265915274613543e-02 -3.396460000000000035e-01 -9.917447145218246662e-01 1.613133249543257861e-02 -1.272092816187017084e-01 2.407899599999999918e+00
-1.246711346923201069e-01 7.298287149303062105e-02 9.895102872851608833e-01 5.318043199999999970e+00 2.547252850084719134e-02 9.971977545936011600e-01 -7.034051837492627524e-02 -3.453814000000000051e-01 -9.918710896413420741e-01 1.643589675410472156e-02 -1.261808338519979644e-01 2.399332300000000195e+00
-1.228360611158401117e-01 7.364792945626252862e-02 9.896904993867279288e-01 5.389010899999999715e+00 2.669484369306572222e-02 9.971270063387120963e-01 -7.088807057750090568e-02 -3.508576999999999946e-01 -9.920678844765353777e-01 1.771202181579897145e-02 -1.244491738560296046e-01 2.389782400000000084e+00
-1.212640948411290720e-01 7.195074543322811655e-02 9.900091461870264009e-01 5.461196900000000021e+00 2.666792408787758625e-02 9.972455936595227000e-01 -6.921017086750454184e-02 -3.561945999999999724e-01 -9.922619821031164467e-01 1.800878003277231465e-02 -1.228488612667060220e-01 2.380609499999999823e+00
-1.203435464326118309e-01 7.077834652012952865e-02 9.902059667038460855e-01 5.532971899999999721e+00 2.509882551377729323e-02 9.973532504198471260e-01 -6.823886601339919367e-02 -3.619131999999999905e-01 -9.924149735820448903e-01 1.664089964040870936e-02 -1.218014805710796455e-01 2.372250100000000028e+00
-1.191447982642437203e-01 6.998394336185871645e-02 9.904073731137592596e-01 5.605088699999999591e+00 2.620895477596662040e-02 9.973868557353934294e-01 -6.732422072194141349e-02 -3.672934999999999950e-01 -9.925309102169685982e-01 1.793621135550928919e-02 -1.206676617246166261e-01 2.363803400000000110e+00
-1.176798552363799988e-01 7.065849587575606661e-02 9.905346175839188083e-01 5.677718200000000159e+00 2.423867553332321317e-02 9.973726263690098071e-01 -6.826661540001630057e-02 -3.727607000000000004e-01 -9.927557294117898001e-01 1.597564178238944713e-02 -1.190833346430383299e-01 2.355678800000000184e+00
-1.158047680527928558e-01 7.375765708425453815e-02 9.905296884584934292e-01 5.750186399999999587e+00 2.490051897283704005e-02 9.971412832734514176e-01 -7.133880673699180552e-02 -3.778543999999999792e-01 -9.929598279140611217e-01 1.640332933327871487e-02 -1.173103189649647993e-01 2.346875199999999939e+00
-1.148428278584844309e-01 7.219951852843864426e-02 9.907564556507961750e-01 5.823260799999999904e+00 2.269062159125658298e-02 9.972857220190582961e-01 -7.004515935257821235e-02 -3.835793000000000119e-01 -9.931244939992511789e-01 1.443669564641854308e-02 -1.161693644535587433e-01 2.338832599999999928e+00
-1.142652034402986405e-01 7.035536095924049826e-02 9.909558953187787012e-01 5.896841499999999847e+00 1.928186295588057986e-02 9.974583295279020323e-01 -6.859366309184604382e-02 -3.895110999999999990e-01 -9.932631439068388968e-01 1.126960690095353546e-02 -1.153313613749538113e-01 2.330817699999999881e+00
-1.145405752299479135e-01 7.183397566357707653e-02 9.908180138483339006e-01 5.970821899999999793e+00 1.669215956494165751e-02 9.973805751558114663e-01 -7.038011161486901202e-02 -3.946007000000000264e-01 -9.932783237517323061e-01 8.477513917859922504e-03 -1.154396089854834440e-01 2.323152100000000164e+00
-1.151558773754384618e-01 7.090072728917615197e-02 9.908139132933887483e-01 6.044982899999999937e+00 1.380400547524501115e-02 9.974674176100186695e-01 -6.977248912888352195e-02 -4.004228000000000232e-01 -9.932515156488473940e-01 5.642488481746046891e-03 -1.158429496559931771e-01 2.315322600000000008e+00
-1.164414864446332160e-01 6.818134001705106195e-02 9.908545226762822677e-01 6.119503500000000429e+00 1.168113768588809748e-02 9.976659330657094982e-01 -6.727731432281230939e-02 -4.060373999999999928e-01 -9.931288593414892008e-01 3.740437622315496979e-03 -1.169661398416906861e-01 2.307287200000000205e+00
-1.173470150661738709e-01 6.655098863572124490e-02 9.908585388271462513e-01 6.194342100000000073e+00 9.539157757508024554e-03 9.977815422890541353e-01 -6.588625301649747579e-02 -4.117295000000000260e-01 -9.930451563369797618e-01 1.720400791865368817e-03 -1.177215260552580967e-01 2.298783799999999822e+00
-1.189155425432250474e-01 6.539019875192075837e-02 9.907488156181839534e-01 6.269190799999999619e+00 7.548270660751525696e-03 9.978597404519768954e-01 -6.495353720272198372e-02 -4.174494000000000260e-01 -9.928756807131907669e-01 -2.455448994581957423e-04 -1.191546153366284111e-01 2.290549799999999969e+00
-1.205233186437891929e-01 6.562249191017770211e-02 9.905391553182472109e-01 6.343328999999999773e+00 7.837379740866155103e-03 9.978445172458412227e-01 -6.515285781308149948e-02 -4.227160999999999835e-01 -9.926795581364036281e-01 -8.920713433359372946e-05 -1.207778410976204642e-01 2.281599799999999956e+00
-1.228009452941672547e-01 6.391940541803449449e-02 9.903707575680250619e-01 6.416924500000000364e+00 6.985342427979327612e-03 9.979546714833611443e-01 -6.354273094304743741e-02 -4.281576999999999744e-01 -9.924067375960438087e-01 -8.850285541092059449e-04 -1.229962759535246919e-01 2.272760900000000195e+00
-1.254445150042157731e-01 5.955825565966882396e-02 9.903113085480417244e-01 6.491658199999999823e+00 4.379116788139351263e-03 9.982199410748150425e-01 -5.947917767377583487e-02 -4.331012000000000195e-01 -9.920909721348707411e-01 -3.124647719389413852e-03 -1.254820289328986149e-01 2.263480400000000170e+00
-1.297691335644381994e-01 5.927906258851461940e-02 9.897706626853325362e-01 6.565366299999999988e+00 3.625389276906084562e-03 9.982329958404578818e-01 -5.931056034110011865e-02 -4.384591999999999934e-01 -9.915376082259946822e-01 -4.108376079590251445e-03 -1.297547406435031192e-01 2.254275999999999947e+00
-1.354786872854951418e-01 6.457685012876593356e-02 9.886735334370218009e-01 6.638380999999999865e+00 -1.494065096831052875e-03 9.978592181371854775e-01 -6.538156122433304296e-02 -4.440484000000000098e-01 -9.907791343487635238e-01 -1.033495070581777128e-02 -1.350921749511158065e-01 2.245243100000000158e+00
-1.422806476847631729e-01 6.796404989836643540e-02 9.874903063908103684e-01 6.711641300000000143e+00 -8.633857362955882353e-04 9.976310378886912300e-01 -6.878638532589867460e-02 -4.492320000000000202e-01 -9.898259805943036005e-01 -1.063955650133053751e-02 -1.418849110299623684e-01 2.234935999999999812e+00
-1.520865063668086492e-01 6.401610466178875303e-02 9.862918599101734296e-01 6.785080400000000012e+00 1.052373217165884778e-03 9.979101705986990201e-01 -6.460792463999501245e-02 -4.546990000000000198e-01 -9.883666258488040812e-01 -8.788046404428720426e-03 -1.518360403482754695e-01 2.224859700000000107e+00
-1.623275615825378049e-01 6.205047842080318315e-02 9.847839869120622591e-01 6.858299699999999888e+00 4.207778162608567796e-03 9.980552655013441576e-01 -6.219309935978149795e-02 -4.601791000000000076e-01 -9.867279550887375628e-01 -5.951901611318647506e-03 -1.622729722215240367e-01 2.212575699999999923e+00
-1.756290157322245582e-01 6.285346638811668829e-02 9.824479073192268208e-01 6.930469000000000435e+00 4.337474456923558902e-03 9.979994902047732985e-01 -6.307300425973177971e-02 -4.656089999999999951e-01 -9.844468676105714300e-01 -6.816106954155944087e-03 -1.755502934709137763e-01 2.200451099999999993e+00
-1.891425026288140743e-01 6.289420552635377470e-02 9.799333817206747899e-01 7.002660800000000130e+00 6.334296988924820182e-03 9.980040539620966822e-01 -6.283140104180812147e-02 -4.708901999999999810e-01 -9.819292186206525219e-01 -5.676899367542075775e-03 -1.891633749767793748e-01 2.186396100000000065e+00
-2.036417205065630676e-01 6.057864067681820175e-02 9.771695236563999742e-01 7.074368999999999907e+00 7.106932165199555257e-03 9.981490636410974560e-01 -6.039816443899320708e-02 -4.763471000000000233e-01 -9.790196837573419408e-01 -5.354908603268492689e-03 -2.036953209318381752e-01 2.171896499999999897e+00
-2.187975028558726276e-01 6.358452714670285999e-02 9.736963903864310765e-01 7.144732999999999556e+00 1.167152560089024585e-02 9.979737584176774368e-01 -6.254720617136369509e-02 -4.813304999999999945e-01 -9.757004808004261509e-01 -2.320650173016126222e-03 -2.190962946938909139e-01 2.156028500000000125e+00
-2.337578496026596619e-01 6.664727999470679287e-02 9.700079421419428582e-01 7.214241499999999974e+00 1.214074867572363312e-02 9.977702306364915064e-01 -6.562902617893651147e-02 -4.866440000000000210e-01 -9.722190442337222960e-01 -3.564677392103678122e-03 -2.340457713874722900e-01 2.139612200000000186e+00
-2.491724815368095425e-01 7.056975652851874004e-02 9.658845603426393644e-01 7.283418199999999842e+00 1.188620324626851049e-02 9.974893113168626924e-01 -6.981254887911936269e-02 -4.920684000000000169e-01 -9.683861794848047655e-01 -5.914665849954668653e-03 -2.493856934764034916e-01 2.122648700000000055e+00
-2.650697180304386058e-01 6.841767156544928397e-02 9.617988702430601000e-01 7.352270100000000141e+00 8.369490922712396336e-03 9.976051379919242956e-01 -6.865814062300412690e-02 -4.973006999999999844e-01 -9.641929247847439433e-01 -1.014942706145956913e-02 -2.650075337143563692e-01 2.104658099999999976e+00
-2.809046500137739599e-01 6.241847131201892773e-02 9.577037705051130168e-01 7.421285600000000038e+00 2.910440804442814694e-03 9.979336573598843740e-01 -6.418679648221148337e-02 -5.028209000000000151e-01 -9.597312680823539832e-01 -1.524302946909412981e-02 -2.805058700235011360e-01 2.085220099999999910e+00
-2.968686241926568048e-01 5.814577303226756144e-02 9.531464153258083494e-01 7.489576800000000034e+00 -1.214467212279263936e-03 9.981206345661364221e-01 -6.126764172614587028e-02 -5.080681000000000225e-01 -9.549175592894648679e-01 -1.934600557668426229e-02 -2.962400834270701999e-01 2.065471599999999963e+00
