1.000000000000000000e+00 0.000000000000000000e+00 0.000000000000000000e+00 0.000000000000000000e+00 0.000000000000000000e+00 1.000000000000000000e+00 0.000000000000000000e+00 0.000000000000000000e+00 0.000000000000000000e+00 0.000000000000000000e+00 1.000000000000000000e+00 0.000000000000000000e+00
9.999949307661663012e-01 -1.278253721990383577e-04 3.181525207271494390e-03 5.515000000000000154e-04 1.341741744820271946e-04 9.999980002096804377e-01 -1.995388165448568757e-03 -1.141599999999999993e-03 -3.181263783653253546e-03 1.995804928877648737e-03 9.999929481368480255e-01 7.966959999999999320e-02
9.999733233178316194e-01 4.978832460328715289e-05 7.304120331293730180e-03 4.826000000000000211e-04 -4.021105725872651290e-05 9.999991393647525983e-01 -1.311355338921584967e-03 -2.667699999999999846e-03 -7.304179335295607305e-03 1.311026649911132581e-03 9.999724647075843853e-01 1.584392000000000023e-01
9.999190483794224704e-01 5.686639234955000828e-04 1.271114901699823586e-02 9.829000000000000931e-04 -5.509131653313659909e-04 9.999988683454589244e-01 -1.399929457420205940e-03 -4.036699999999999837e-03 -1.271193072174660148e-02 1.392813391521980542e-03 9.999182301009327256e-01 2.371408999999999878e-01
9.998138302269701239e-01 2.092238427745226996e-03 1.918143438944971274e-02 1.870099999999999974e-03 -2.050366123053271213e-03 9.999954727799933440e-01 -2.202366517869962063e-03 -5.629300000000000276e-03 -1.918595542673685872e-02 2.162627540531505271e-03 9.998135937045886656e-01 3.145466000000000095e-01
9.996400282852494490e-01 3.832514699603260279e-03 2.655420269831237912e-02 2.918899999999999880e-03 -3.776795878175082458e-03 9.999905606059698027e-01 -2.148141488125204866e-03 -7.194200000000000421e-03 -2.656218482656001745e-02 2.047078414650985775e-03 9.996450669148545520e-01 3.902147999999999728e-01
9.989499891022168843e-01 6.763811487095981387e-03 4.531192036150794022e-02 7.884600000000000289e-03 -6.750640098839109232e-03 9.999771157329278015e-01 -4.436988964221263271e-04 -1.013490000000000051e-02 -4.531388452711326842e-02 1.373485411977490235e-04 9.989727889209203404e-01 5.409197000000000033e-01
9.982528760714588500e-01 9.333280185699217510e-03 5.834453955629296390e-02 1.135450000000000001e-02 -9.323765744913432504e-03 9.999564380023536758e-01 -4.353044669904164617e-04 -1.157590000000000008e-02 -5.834606077015464659e-02 -1.094468831777745338e-04 9.982964115001041749e-01 6.150594999999999812e-01
9.972614849153981220e-01 1.118766511956140880e-02 7.310517665328369885e-02 1.608259999999999898e-02 -1.121737986911715626e-02 9.999370832067363546e-01 -4.108086812132957615e-06 -1.285430000000000079e-02 -7.310062306989723035e-02 -8.159517001643686301e-04 9.973242367102164163e-01 6.888016000000000139e-01
9.959067695040040302e-01 1.358106461893020776e-02 8.936028838312325140e-02 2.165649999999999867e-02 -1.376010203165073560e-02 9.999043622470007442e-01 1.387786545947098955e-03 -1.411309999999999995e-02 -8.933289454717714684e-02 -2.611712701464805487e-03 9.959984000532269288e-01 7.611656999999999451e-01
9.941825736766956023e-01 1.328453545098812888e-02 1.068855991957430029e-01 2.891849999999999976e-02 -1.358148092411894103e-02 9.999056645701480672e-01 2.050691697523541850e-03 -1.524159999999999925e-02 -1.068482736102430997e-01 -3.490426676201393089e-03 9.942692107010699942e-01 8.319457999999999576e-01
9.919610816407922194e-01 1.321911462849933300e-02 1.258509734506186861e-01 3.735569999999999863e-02 -1.348503969842556466e-02 9.999082772408880437e-01 1.261272964638108889e-03 -1.640799999999999897e-02 -1.258227571401994704e-01 -2.948239067313801302e-03 9.920483565189956998e-01 9.026579000000000130e-01
9.892346920721740711e-01 1.233142244396145254e-02 1.458172144205875931e-01 4.735899999999999832e-02 -1.250186705734206496e-02 9.999218167196641804e-01 2.525235174720115786e-04 -1.729409999999999975e-02 -1.458026999782637834e-01 -2.072792453405535723e-03 9.893115162629481096e-01 9.725578999999999752e-01
9.858992262376430338e-01 9.734231235550122249e-03 1.670567581580268135e-01 5.841389999999999777e-02 -9.884239435826261758e-03 9.999511475013601602e-01 6.649427307977347906e-05 -1.830920000000000117e-02 -1.670479497473461306e-01 -1.716785649385442524e-03 9.859472780692901672e-01 1.041619800000000096e+00
9.772570370844947396e-01 -9.310743592695236871e-04 2.120561637146438361e-01 8.552049999999999930e-02 1.503223359714774064e-04 9.999931514122106790e-01 3.697909121477604977e-03 -2.063620000000000038e-02 -2.120581544577563038e-01 -3.581930933576196047e-03 9.772504842151562565e-01 1.175472999999999990e+00
9.717974880840848373e-01 -6.062619295355516948e-03 2.357390226516233867e-01 1.016857000000000039e-01 5.486670820868442579e-03 9.999801459824108063e-01 3.099045707934531234e-03 -2.159590000000000121e-02 -2.357531306192273135e-01 -1.718222417505834744e-03 9.718114575960490331e-01 1.241023100000000046e+00
9.653393462827488669e-01 -1.205163942333030078e-02 2.607195898002391821e-01 1.193429000000000018e-01 1.212649116690864629e-02 9.999255980416514866e-01 1.321587312456164827e-03 -2.258829999999999866e-02 -2.607161190459344469e-01 1.885833570490637540e-03 9.654136672439284084e-01 1.304919099999999998e+00
9.578157953363329868e-01 -1.540908773739294892e-02 2.869694447486165201e-01 1.382064000000000070e-01 1.548861736916862415e-02 9.998780576547667831e-01 1.993126318681768053e-03 -2.337409999999999835e-02 -2.869651632798299046e-01 2.535712056220142119e-03 9.579376624959207165e-01 1.367666999999999966e+00
9.492508247682839295e-01 -1.792900842044511944e-02 3.140086341707695183e-01 1.587388999999999883e-01 1.746282537722063100e-02 9.998382767765729984e-01 4.297676383527079293e-03 -2.421449999999999991e-02 -3.140349047583361752e-01 1.403905093813446374e-03 9.494104000082947969e-01 1.429468299999999914e+00
9.394385209711781926e-01 -2.212799701251123505e-02 3.420023641200445885e-01 1.807560000000000000e-01 2.091348658463267410e-02 9.997550838683767482e-01 7.238671025079526471e-03 -2.505249999999999838e-02 -3.420787795148357846e-01 3.521754523395786984e-04 9.396712108913899408e-01 1.490270999999999901e+00
9.286111995520280882e-01 -2.546791158793697621e-02 3.701791803247347912e-01 2.047766000000000031e-01 2.471807008195406677e-02 9.996715389059021017e-01 6.769882785464968744e-03 -2.589139999999999844e-02 -3.702300056423940000e-01 2.863525947909856956e-03 9.289357045249033717e-01 1.549215599999999915e+00
9.165239934471980376e-01 -2.484102072882907186e-02 3.992075814970832970e-01 2.298409999999999898e-01 2.572231612160110620e-02 9.996641631540229556e-01 3.150136331528446618e-03 -2.666400000000000020e-02 -3.991517654839333296e-01 7.381368078932254093e-03 9.168551595079467154e-01 1.607126400000000066e+00
8.893873903401953163e-01 -2.796036544230584217e-02 4.562984635829817059e-01 2.856407999999999725e-01 3.384332227626786482e-02 9.994159837203990815e-01 -4.724512831141904588e-03 -2.800510000000000152e-02 -4.558998787465968205e-01 1.964457809472279146e-02 8.898142452839911121e-01 1.718716600000000039e+00
8.559268107098767508e-01 -2.780752513919382274e-02 5.163487544805854812e-01 3.472171000000000007e-01 2.975199045547430310e-02 9.995471310595666070e-01 4.511302974413848241e-03 -2.993120000000000155e-02 -5.162403643381213714e-01 1.150105804796639798e-02 8.563665172645537060e-01 1.826120100000000024e+00
8.150884058275768007e-01 -2.118754406106484675e-02 5.789490294163380790e-01 4.145764000000000116e-01 2.362201533780647691e-02 9.997154176482592192e-01 3.329280364739982574e-03 -3.135020000000000168e-02 -5.788548100144282893e-01 1.096228502763194404e-02 8.153569385429507710e-01 1.927025299999999941e+00
7.708575431862432215e-01 -1.170218021868303475e-02 6.369000762215362155e-01 4.892805000000000071e-01 1.966997119219127121e-02 9.997917424372040340e-01 -5.437277598002511134e-03 -3.274989999999999846e-02 -6.367038089615668639e-01 1.671917260239985659e-02 7.709271878208237005e-01 2.021624999999999783e+00
7.231328044310206815e-01 -1.437004192907233996e-02 6.905595188328692569e-01 5.707535000000000247e-01 2.126928374303171249e-02 9.997727054416930548e-01 -1.467999610390955008e-03 -3.478500000000000342e-02 -6.903814631960982773e-01 1.574926502267340669e-02 7.232740807788289317e-01 2.109562899999999797e+00
6.715719107137160249e-01 -1.014563073260809148e-02 7.408699176760831229e-01 6.556644000000000361e-01 2.212796849221524212e-02 9.997348680382156516e-01 -6.367624283759975266e-03 -3.687560000000000143e-02 -7.406088858167556577e-01 2.067026380211821335e-02 6.716183577327340393e-01 2.189784500000000023e+00
6.446499822835685123e-01 -7.889776124136278768e-03 7.644371470399027313e-01 7.006679999999999575e-01 2.065052428488571915e-02 9.997615727139911312e-01 -7.096025028578378108e-03 -3.779060000000000058e-02 -7.641988983167629090e-01 2.036048027817307510e-02 6.446592081513208283e-01 2.227998499999999993e+00
6.166721429053011461e-01 -6.565215181539882199e-03 7.871927121831121532e-01 7.474085000000000312e-01 2.087593995580755771e-02 9.997499391868186480e-01 -8.015873434241812395e-03 -3.907349999999999712e-02 -7.869432401994094217e-01 2.137655364113552267e-02 6.166549924057067589e-01 2.264754100000000214e+00
5.580631921406422613e-01 9.267551129957668499e-03 8.297466999475504590e-01 8.441456000000000515e-01 1.841912650938820964e-02 9.995529124980001567e-01 -2.355230127601609658e-02 -4.205060000000000048e-02 -8.295940027244819159e-01 2.842688186943297807e-02 5.576429888654153011e-01 2.333214799999999922e+00
4.958560949176507027e-01 2.278746706183715220e-02 8.681056758701232168e-01 9.481157999999999531e-01 1.469248348398776056e-02 9.992924279850301517e-01 -3.462332018822229102e-02 -4.580420000000000325e-02 -8.682804063562016283e-01 2.992281264669318167e-02 4.951704365379867578e-01 2.395203400000000205e+00
4.303171690626834134e-01 2.116946318251692119e-02 9.024294918931019538e-01 1.057436000000000043e+00 8.435716739592310359e-03 9.995870026848371337e-01 -2.747112568922089812e-02 -5.065519999999999745e-02 -9.026383399196864499e-01 1.943393660861511898e-02 4.299608696322551049e-01 2.450966600000000106e+00
3.960044949817433935e-01 2.269030308445743604e-02 9.179681857778022591e-01 1.113703399999999899e+00 4.309380544106287611e-03 9.996377185806014642e-01 -2.656804152165435917e-02 -5.272349999999999953e-02 -9.182384598749827598e-01 1.447693810533613040e-02 3.957632487605612370e-01 2.476020099999999946e+00
3.609678919758094739e-01 2.575482558499487054e-02 9.322225431309989485e-01 1.171293300000000093e+00 -3.002524021866358889e-03 9.996454979691934417e-01 -2.645492845239694191e-02 -5.485260000000000136e-02 -9.325734104144502989e-01 6.750359176356419966e-03 3.609172576075460048e-01 2.499195100000000114e+00
3.251728818124642872e-01 2.746049774422308631e-02 9.452557950086400984e-01 1.230037000000000047e+00 -7.544842613364634645e-03 9.996218126815581417e-01 -2.644441266459558737e-02 -5.709569999999999923e-02 -9.456244879886076538e-01 1.467199671273513098e-03 3.252570906858264221e-01 2.520220300000000080e+00
2.526649582556828033e-01 2.652449956648829030e-02 9.671901931845677813e-01 1.351748100000000008e+00 -1.132185387977194604e-02 9.996367780456235641e-01 -2.445664742538747674e-02 -6.152950000000000086e-02 -9.674875888063779739e-01 -4.771048240374595184e-03 2.528734913040685539e-01 2.556000899999999909e+00
2.165998118388156313e-01 2.609882593061495226e-02 9.759115599256078522e-01 1.413490700000000100e+00 -1.080254887068604619e-02 9.996454701890880035e-01 -2.433595834015219936e-02 -6.363660000000000150e-02 -9.762007101253749042e-01 -5.271168322169606651e-03 2.168049545910638587e-01 2.570067199999999996e+00
1.817459879801447964e-01 2.481613465929317225e-02 9.830323266880358624e-01 1.476812500000000083e+00 -8.294777494727708159e-03 9.996846336890394813e-01 -2.370294986544535867e-02 -6.547210000000000529e-02 -9.833105270052966418e-01 -3.846118378662524012e-03 1.818945157336616658e-01 2.581155799999999889e+00
1.471265251949553099e-01 2.378600344854958290e-02 9.888316396758366489e-01 1.540420099999999959e+00 -9.089647446854434709e-05 9.997111332048046473e-01 -2.403418157949806580e-02 -6.787590000000000290e-02 -9.891176761750287705e-01 3.446184311806668732e-03 1.470861872909892121e-01 2.590317499999999828e+00
1.134212682138029393e-01 2.727764782664562904e-02 9.931724653079233578e-01 1.604794400000000065e+00 2.054325669111730507e-03 9.996144700853347720e-01 -2.768918456835735287e-02 -7.012190000000000090e-02 -9.935448634373879040e-01 5.180842118886199235e-03 1.133215037498239708e-01 2.597572800000000015e+00
8.051638741129488186e-02 3.217530119871966909e-02 9.962338386899965981e-01 1.668871599999999900e+00 2.785387064819653397e-03 9.994676961083154287e-01 -3.250486201839759837e-02 -7.247629999999999351e-02 -9.967493932664989176e-01 5.392070910846733650e-03 8.038390755716584568e-02 2.603259800000000013e+00
5.118820820921888420e-02 3.599748020592050124e-02 9.980400536847976456e-01 1.733391600000000032e+00 9.507837970544368716e-03 9.992873220180108484e-01 -3.653011184212529017e-02 -7.499500000000000610e-02 -9.986437644913502831e-01 1.135911408942922099e-02 5.080946929114493749e-02 2.606634600000000024e+00
2.588937700491295013e-02 3.432355277214550054e-02 9.990753894893994458e-01 1.799598500000000101e+00 1.169901369317951495e-02 9.993315337294361722e-01 -3.463551317043719879e-02 -7.770140000000000380e-02 -9.995963551538712411e-01 1.258488852038321983e-02 2.547051911573938732e-02 2.607736099999999890e+00
4.005690501833690173e-03 3.120955749481140254e-02 9.995048363887900633e-01 1.865532900000000049e+00 1.370470488903310566e-02 9.994172723238118339e-01 -3.126174730779168742e-02 -8.053949999999999998e-02 -9.998980625581331827e-01 1.382314370213123464e-02 3.575638499932365377e-03 2.607660500000000159e+00
-1.525065957105032483e-02 2.839241379106629756e-02 9.994805091755241122e-01 1.931930499999999995e+00 1.357140655552790606e-02 9.995105581188625798e-01 -2.818618691885299565e-02 -8.340079999999999716e-02 -9.997915954371454639e-01 1.313449839304166138e-02 -1.562852025019256796e-02 2.607277199999999961e+00
-3.198384335120751237e-02 3.143574061280882126e-02 9.989939078776254311e-01 1.997685699999999898e+00 1.503262381945046598e-02 9.994073425441162284e-01 -3.096746502396499970e-02 -8.603420000000000512e-02 -9.993753318876689162e-01 1.402704106473660547e-02 -3.243744955109573169e-02 2.605232700000000179e+00
-4.591875440275124814e-02 3.611668869324347747e-02 9.982920678799039882e-01 2.064115800000000167e+00 1.766671575675009959e-02 9.992192653998849261e-01 -3.533761180505097521e-02 -8.843280000000000585e-02 -9.987889442462155598e-01 1.601388308779664454e-02 -4.652096731561339293e-02 2.601673799999999925e+00
-5.817914686030985216e-02 4.156398813641479228e-02 9.974405354510123001e-01 2.130958099999999966e+00 2.226721213120613774e-02 9.989383647598417681e-01 -4.032759197915321975e-02 -9.113119999999999554e-02 -9.980577929832070705e-01 1.986399509487371540e-02 -5.904289596861311828e-02 2.597776699999999828e+00
-6.691791282230316606e-02 4.460495600495337915e-02 9.967609496982229311e-01 2.197808000000000206e+00 2.754808767698228161e-02 9.987019748487173665e-01 -4.284236569814105916e-02 -9.482799999999999563e-02 -9.973781107528120193e-01 2.459193634238934084e-02 -6.805983292724082645e-02 2.592810200000000176e+00
-7.273933287215759991e-02 5.026907127527738273e-02 9.960833348301912915e-01 2.264344200000000029e+00 3.112248427478874271e-02 9.983570074838187258e-01 -4.811108583808809680e-02 -9.810270000000000101e-02 -9.968652769686981996e-01 2.750101963701412355e-02 -7.418432107288963628e-02 2.587887799999999849e+00
-7.881617344374565459e-02 5.869543658396067509e-02 9.951597140800588770e-01 2.398092699999999855e+00 3.572222926367142615e-02 9.977903207099138028e-01 -5.602140871167820418e-02 -1.062936000000000020e-01 -9.962489313119086143e-01 3.113393039475498975e-02 -8.073874681994674951e-02 2.576825899999999780e+00
-8.377493540845068476e-02 6.497841620797534246e-02 9.943639000006050388e-01 2.532682700000000064e+00 3.670091164528029026e-02 9.973958880798481363e-01 -6.208450310517447251e-02 -1.153310000000000030e-01 -9.958086177984781795e-01 3.129293639967679203e-02 -8.594154321264269036e-02 2.565541000000000071e+00
-8.799144537600797622e-02 7.017574817345542670e-02 9.936462498842014712e-01 2.669619799999999987e+00 4.046961288562030135e-02 9.969436525914722180e-01 -6.682487553644868294e-02 -1.250664999999999971e-01 -9.952988073807428338e-01 3.433246169253800772e-02 -9.056249831249896243e-02 2.553312800000000049e+00
-8.986509526016063509e-02 6.899075144546568117e-02 9.935615435738603951e-01 2.738781499999999980e+00 4.015562298229347765e-02 9.970376852165114823e-01 -6.560015397088951594e-02 -1.297713000000000061e-01 -9.951441054424158272e-01 3.400191866778230765e-02 -9.236925316426114474e-02 2.546757500000000007e+00
-9.246578681195403993e-02 6.862570074222541783e-02 9.933481723277518549e-01 2.808042499999999997e+00 3.975157252843729977e-02 9.970812136680922144e-01 -6.518332479768540466e-02 -1.350165999999999866e-01 -9.949220526004852738e-01 3.345992450384013134e-02 -9.492387845760763554e-02 2.540809599999999779e+00
-9.402755044628360870e-02 6.975375115945321725e-02 9.931229702087532862e-01 2.876234100000000016e+00 3.957786172175741662e-02 9.970158249874097045e-01 -6.627999386095556611e-02 -1.401332000000000133e-01 -9.947825956552539539e-01 3.307353812128267095e-02 -9.650766009770939124e-02 2.533752400000000016e+00
-9.648066169370124456e-02 7.188949597302801697e-02 9.927353032343965156e-01 2.945159400000000094e+00 3.813327977949933223e-02 9.969229783150436175e-01 -6.848670148810878655e-02 -1.449342999999999881e-01 -9.946041096297580930e-01 3.124861078843161472e-02 -9.892517086863750198e-02 2.527268400000000081e+00
-1.011594968283143631e-01 7.779212187261673461e-02 9.918241487158888647e-01 3.084464800000000118e+00 3.502996573838434990e-02 9.965985505772274600e-01 -7.459376976488774069e-02 -1.560143999999999975e-01 -9.942533166662353983e-01 2.719769773207662486e-02 -1.035404632801336655e-01 2.512633099999999953e+00
-1.032190676382922639e-01 8.186035398699001431e-02 9.912843721763224814e-01 3.154024099999999997e+00 3.141449729727426032e-02 9.963787208728294154e-01 -7.900996108962421438e-02 -1.617345000000000033e-01 -9.941624381535649757e-01 2.298536571275452967e-02 -1.054168844522058723e-01 2.505472399999999933e+00
-1.058123573382053761e-01 8.423350461544382162e-02 9.908120213919148211e-01 3.224092499999999806e+00 2.946932748044253300e-02 9.962337064464934500e-01 -8.154729227713383710e-02 -1.678323999999999927e-01 -9.939493466834125046e-01 2.056985269956642173e-02 -1.078961416712190813e-01 2.498367800000000027e+00
-1.087244316828080981e-01 8.263531825336802028e-02 9.906313149362961923e-01 3.294959099999999808e+00 2.715586004015408880e-02 9.964138598815620584e-01 -8.013725164620014163e-02 -1.737362000000000073e-01 -9.937009395289562175e-01 1.818856819794859372e-02 -1.105785637733580629e-01 2.491014499999999909e+00
-1.139304677586034237e-01 7.684081121957399285e-02 9.905126643548904930e-01 3.437439900000000215e+00 2.426687572480387689e-02 9.969222083770663545e-01 -7.454682546661535458e-02 -1.855729999999999880e-01 -9.931923113168279471e-01 1.554349303441406038e-02 -1.154444999357976398e-01 2.475412799999999969e+00
-1.156752886486841075e-01 7.739587225268906856e-02 9.902671894768044769e-01 3.508130599999999877e+00 2.356316415804292352e-02 9.968929547155349624e-01 -7.516125420315641903e-02 -1.912441000000000002e-01 -9.930075553040393910e-01 1.463952857081849551e-02 -1.171395719316040696e-01 2.467322600000000143e+00
-1.178676637698933688e-01 8.283775099823012522e-02 9.895681486623257861e-01 3.650250400000000006e+00 2.582107948826750654e-02 9.964332677504242897e-01 -8.033688302561900474e-02 -2.030529000000000084e-01 -9.926935507453891194e-01 1.608259710888271937e-02 -1.195862215254976935e-01 2.450921999999999823e+00
-1.183348971655872328e-01 8.365413424719847502e-02 9.894437012463929149e-01 3.722136499999999959e+00 2.470379176371440000e-02 9.963845819912190427e-01 -8.128645300835012077e-02 -2.089085999999999999e-01 -9.926663965226708575e-01 1.482398709981126717e-02 -1.199736413599241658e-01 2.442907599999999846e+00
-1.184647244745332673e-01 8.242950954506284011e-02 9.895309419170951193e-01 3.793883600000000023e+00 2.150765406700901744e-02 9.965275869530173525e-01 -8.043748664727359832e-02 -2.152551000000000048e-01 -9.927253043373615027e-01 1.175348449426125846e-02 -1.198262313958691205e-01 2.435103199999999912e+00
-1.182074467040777621e-01 8.265967160173340322e-02 9.895425095640894009e-01 3.939228299999999905e+00 1.448092664082047815e-02 9.965667807918260346e-01 -8.151658840898352854e-02 -2.279400000000000037e-01 -9.928833276409295694e-01 4.693624709117813487e-03 -1.189986032681231709e-01 2.418112300000000214e+00
-1.187534138655654686e-01 8.299133318523990721e-02 9.894493748097523689e-01 4.011935199999999924e+00 1.006591427065423039e-02 9.965502532768234500e-01 -8.237882048072053820e-02 -2.340096999999999872e-01 -9.928727532091758956e-01 1.769464196832576386e-04 -1.191791283102666688e-01 2.410620699999999950e+00
-1.195289599541082270e-01 8.231728723474544818e-02 9.894122962418655520e-01 4.084163700000000397e+00 6.796220127803231925e-03 9.966013877499438900e-01 -8.209436842354216057e-02 -2.405571999999999988e-01 -9.928074531973775096e-01 -3.088390713340410931e-03 -1.196821737709427014e-01 2.402978699999999801e+00
-1.199432403383522833e-01 7.754970238685750250e-02 9.897472721643877369e-01 4.158019499999999979e+00 6.850602961026533433e-03 9.969853786959028685e-01 -7.728663471556776465e-02 -2.464958999999999900e-01 -9.927571144727228569e-01 -2.489643809274487418e-03 -1.201129191115439809e-01 2.394549599999999945e+00
-1.199039091681103342e-01 6.889399199068453605e-02 9.903921801154290661e-01 4.232119599999999870e+00 1.023878045355827715e-02 9.976220449356348885e-01 -6.815733880710056480e-02 -2.524531999999999887e-01 -9.927327031688987224e-01 1.968076733656107247e-03 -1.203241735186286743e-01 2.385181699999999960e+00
-1.202780905637559072e-01 6.342523445710633589e-02 9.907120775302974414e-01 4.305944900000000075e+00 1.560097416967439268e-02 9.979545322351184300e-01 -6.199484814355972484e-02 -2.581248999999999905e-01 -9.926176456900684952e-01 7.999451571637256064e-03 -1.210215610511571338e-01 2.376379000000000019e+00
-1.192123659800773255e-01 6.593209936082267131e-02 9.906772279967410721e-01 4.379682999999999993e+00 2.403296375367577897e-02 9.976919777918598076e-01 -6.350696105925474066e-02 -2.631039000000000017e-01 -9.925778702200884762e-01 1.623809482795928252e-02 -1.205217649460527118e-01 2.366521099999999933e+00
-1.179234047410045588e-01 7.151187760232689816e-02 9.904444063025843459e-01 4.453604699999999639e+00 2.979420560052426295e-02 9.972093530199186429e-01 -6.845298797151859460e-02 -2.683806000000000247e-01 -9.925756273085304393e-01 2.143729487097188746e-02 -1.197249617318464354e-01 2.356969799999999893e+00
-1.167683437755642345e-01 7.754658812521057765e-02 9.901271032357665813e-01 4.528027999999999942e+00 3.350519001099329375e-02 9.966871407527295723e-01 -7.410901227567345817e-02 -2.735393999999999881e-01 -9.925938525571467164e-01 2.452081010667538086e-02 -1.189797198579383153e-01 2.347814800000000091e+00
-1.162364444416694315e-01 8.171896704218348240e-02 9.898540798567825316e-01 4.602983499999999673e+00 3.427903698855414016e-02 9.963458628771252323e-01 -7.822959255150165048e-02 -2.797727999999999882e-01 -9.926298588127884237e-01 2.483811492837481247e-02 -1.186129480289096483e-01 2.338996199999999970e+00
-1.156785854950574399e-01 7.878140140447216500e-02 9.901575408239894349e-01 4.678173499999999763e+00 3.137348511261998929e-02 9.966421127508908739e-01 -7.563202710048648469e-02 -2.858794000000000057e-01 -9.927911005290847024e-01 2.231568695308173977e-02 -1.177617969719431112e-01 2.329708099999999948e+00
-1.150972983203616407e-01 7.413742995196700991e-02 9.905837942342236024e-01 4.753747500000000237e+00 3.007294389181674674e-02 9.970140062507689693e-01 -7.112446404347234907e-02 -2.918717000000000117e-01 -9.928989021874449206e-01 2.160353720826136900e-02 -1.169831492782527071e-01 2.320723500000000161e+00
-1.149898916200059323e-01 7.250555381917284103e-02 9.907170481477517443e-01 4.829437699999999722e+00 2.797916869913957827e-02 9.971734103470196731e-01 -6.973059454643525112e-02 -2.973226999999999953e-01 -9.929725529661556083e-01 1.970112591374637012e-02 -1.166935075040866909e-01 2.312100399999999834e+00
-1.152114533211376635e-01 7.319862743747235223e-02 9.906403393587912554e-01 4.905111299999999730e+00 2.592582883870456906e-02 9.971631007493484411e-01 -7.066542225849124781e-02 -3.027658999999999767e-01 -9.930026044390101170e-01 1.754170588097958908e-02 -1.167823451217164799e-01 2.303957200000000149e+00
-1.149164422765169141e-01 7.824319406604834937e-02 9.902889547383888491e-01 4.980032900000000318e+00 2.740566350734747678e-02 9.967634744238897948e-01 -7.557450404824157808e-02 -3.089163999999999799e-01 -9.929970497953304331e-01 1.845477273656699266e-02 -1.166888189202875958e-01 2.295250400000000024e+00
-1.140658359720980730e-01 8.128832424118673239e-02 9.901420066869430769e-01 5.056358799999999931e+00 2.682486821203570321e-02 9.965355602225912657e-01 -7.872295508460760982e-02 -3.145581000000000071e-01 -9.931109764318355460e-01 1.758082915865814139e-02 -1.158512103376599933e-01 2.286215499999999956e+00
-1.136429902489519833e-01 7.963270542213946035e-02 9.903251501372803967e-01 5.132810100000000375e+00 2.699434564869210990e-02 9.966621483825801597e-01 -7.704457985101030582e-02 -3.214139999999999775e-01 -9.931548600647711611e-01 1.797760297065568655e-02 -1.154132995852468202e-01 2.277414799999999850e+00
-1.132210985136594267e-01 7.302723707069674886e-02 9.908824377781555448e-01 5.209681999999999924e+00 2.877733445633221671e-02 9.971178573571559678e-01 -7.019860084832633962e-02 -3.274133000000000182e-01 -9.931529831163719013e-01 2.056699261667835690e-02 -1.149963083831688770e-01 2.268804799999999844e+00
-1.134517380729817559e-01 7.181644376076161407e-02 9.909445501811776635e-01 5.287014000000000102e+00 2.833217398641834847e-02 9.972123963323805684e-01 -6.902698398622535148e-02 -3.331084000000000267e-01 -9.931394620321069011e-01 2.024438209945305170e-02 -1.151701955715473957e-01 2.260065800000000014e+00
-1.131801156475547021e-01 7.469199201594001192e-02 9.907630230033297458e-01 5.363500100000000437e+00 2.553259385392293510e-02 9.970596919794449953e-01 -7.224996388196319730e-02 -3.390638999999999736e-01 -9.932463682657473036e-01 1.711949060413666887e-02 -1.147544115420322530e-01 2.251656099999999938e+00
-1.126391849306924986e-01 7.792534874093949571e-02 9.905756175283906284e-01 5.441323800000000155e+00 2.521183089399642308e-02 9.968232368885706629e-01 -7.554997009903577365e-02 -3.447766999999999915e-01 -9.933160512148799803e-01 1.646433790334829450e-02 -1.142459976379154307e-01 2.242932600000000054e+00
-1.127592649541228204e-01 7.719617317271536272e-02 9.906190483806045499e-01 5.517866599999999622e+00 2.413119865919668983e-02 9.968961328553859191e-01 -7.493854515032480346e-02 -3.508514999999999828e-01 -9.933292673722429189e-01 1.545480978417478751e-02 -1.142721113669413757e-01 2.234607700000000197e+00
-1.115849542804131789e-01 7.298922978694281916e-02 9.910708200291981074e-01 5.671946499999999780e+00 2.449771172327631918e-02 9.971980135916027610e-01 -7.068227365673031282e-02 -3.625215999999999994e-01 -9.934528977755118229e-01 1.639188897200445638e-02 -1.130603638653623344e-01 2.216957299999999798e+00
-1.109518624904033829e-01 7.288604253192323967e-02 9.911494887321211644e-01 5.748404500000000361e+00 2.637680859952714479e-02 9.971717269315157894e-01 -7.037621030236304587e-02 -3.691246999999999723e-01 -9.934756907836318485e-01 1.833498874974286152e-02 -1.125605615192651898e-01 2.208736899999999892e+00
-1.100864443897019568e-01 7.358932635376587428e-02 9.911940202646661868e-01 5.826119399999999615e+00 2.821054788443059028e-02 9.970848898773896352e-01 -7.089349311646411800e-02 -3.743421000000000110e-01 -9.935215849440276470e-01 2.015771378388028431e-02 -1.118415254961852012e-01 2.200109700000000057e+00
-1.088609951062225051e-01 7.279033448901849057e-02 9.913883451753202625e-01 5.903893899999999917e+00 2.863287695136335423e-02 9.971312080943608436e-01 -7.006791135583086139e-02 -3.806924999999999892e-01 -9.936445250198742141e-01 2.075863794321035002e-02 -1.106328922552946015e-01 2.191412899999999997e+00
-1.073411213260542507e-01 7.347380569840394893e-02 9.915036477737528831e-01 5.982061400000000084e+00 2.970556628615262859e-02 9.970573778648721408e-01 -7.066940339952378081e-02 -3.866956999999999756e-01 -9.937783772069526123e-01 2.186744432755719295e-02 -1.092078379719005898e-01 2.182544500000000109e+00
-1.059397785009073695e-01 7.178052411905813668e-02 9.917783621799641791e-01 6.061614500000000127e+00 2.979392520237218039e-02 9.971724640090323666e-01 -6.898839788827096364e-02 -3.925317999999999863e-01 -9.939260965243915669e-01 2.224035474870514340e-02 -1.077788535309112117e-01 2.173956200000000116e+00
-1.049228607165237775e-01 7.070196250162145979e-02 9.919639236370848545e-01 6.140529599999999810e+00 2.810803399216020224e-02 9.972819298659290066e-01 -6.810793483863457343e-02 -3.987398999999999805e-01 -9.940830607771949934e-01 2.073607632382365104e-02 -1.066249661877369803e-01 2.165726900000000121e+00
-1.038329629981048219e-01 7.007026994021117727e-02 9.921234162469607654e-01 6.220130400000000392e+00 2.920706867657613115e-02 9.972998545361221323e-01 -6.737913090528384330e-02 -4.044055999999999762e-01 -9.941658125958445780e-01 2.198084194783151910e-02 -1.055991460803944459e-01 2.157781400000000183e+00
-1.025747615808714625e-01 7.099599179517966652e-02 9.921884838253498540e-01 6.300278200000000162e+00 2.703377620408075124e-02 9.972802737741701673e-01 -6.856551965138135696e-02 -4.103168999999999844e-01 -9.943578798555252618e-01 1.978950959309169408e-02 -1.042150760652693631e-01 2.150206799999999863e+00
-1.005662808110331652e-01 7.398462969837346637e-02 9.921757393386670953e-01 6.380142700000000389e+00 2.780347092554575489e-02 9.970508631513230746e-01 -7.153001673209585798e-02 -4.159995000000000220e-01 -9.945417991056627605e-01 2.039242157263664035e-02 -1.023267265873150089e-01 2.141573699999999914e+00
-9.941926903044967512e-02 7.219606836877262568e-02 9.924230633442284732e-01 6.460275700000000398e+00 2.577805208874534709e-02 9.972165050391615937e-01 -6.996237637466193315e-02 -4.225075999999999832e-01 -9.947116672563768303e-01 1.862712510215765518e-02 -1.010036100071060039e-01 2.133899500000000060e+00
-9.887300167825061048e-02 7.042725750135309104e-02 9.926047203897283566e-01 6.540667499999999634e+00 2.218977484819508947e-02 9.974003828559939722e-01 -6.855720363975598142e-02 -4.288964000000000110e-01 -9.948526239756918521e-01 1.524721874817395323e-02 -1.001787347151393837e-01 2.126397400000000104e+00
-9.889051268092580171e-02 7.196176975672471943e-02 9.924929068739906102e-01 6.621964900000000043e+00 1.925291368546720727e-02 9.973334212171620639e-01 -7.039440487631501431e-02 -4.344075000000000020e-01 -9.949120523022744189e-01 1.214704148139594125e-02 -1.000122870797666152e-01 2.119002099999999889e+00
-9.946012655897829013e-02 7.153100599832158679e-02 9.924671271159263286e-01 6.703343900000000133e+00 1.646375930296681625e-02 9.973945143181180972e-01 -7.023622596452053224e-02 -4.403132000000000157e-01 -9.949053361272549578e-01 9.354035973487374173e-03 -1.003786538887662116e-01 2.111511000000000138e+00
-1.008548459793460750e-01 6.878411537320158753e-02 9.925205516838471187e-01 6.784577399999999869e+00 1.440872147525096639e-02 9.976035568839435319e-01 -6.767223978820992303e-02 -4.465528000000000275e-01 -9.947968077893749594e-01 7.475878866757688229e-03 -1.016042442383119360e-01 2.104024599999999801e+00
-1.018945823893742386e-01 6.720277935575266759e-02 9.925226851445547727e-01 6.866177999999999670e+00 1.270007664072495338e-02 9.977221613939717404e-01 -6.625101294818980247e-02 -4.526108999999999827e-01 -9.947141308602258647e-01 5.854494871765134056e-03 -1.025159634241503692e-01 2.095946599999999993e+00
-1.031710842128178152e-01 6.635219086065269334e-02 9.924480410330525082e-01 6.948211699999999880e+00 1.072705375538515749e-02 9.977887266414472434e-01 -6.559411029176551167e-02 -4.587890000000000024e-01 -9.946057800455820885e-01 3.878628008811665223e-03 -1.036547082610748127e-01 2.088047700000000173e+00
-1.047942236669892752e-01 6.654494367347953132e-02 9.922650558986376712e-01 7.029669300000000121e+00 1.135400298797450622e-02 9.977738168443637257e-01 -6.571527247131482563e-02 -4.645711000000000146e-01 -9.944291112503607089e-01 4.379599447839721549e-03 -1.053164840207571062e-01 2.079484200000000005e+00
-1.070118891159654861e-01 6.509781393891371504e-02 9.921243521898889250e-01 7.110311499999999896e+00 1.082437142321955245e-02 9.978714318761117141e-01 -6.430737460673244255e-02 -4.703971000000000124e-01 -9.941988174259334121e-01 3.857468845369940030e-03 -1.074887499368306631e-01 2.070868700000000118e+00
-1.096365054957584850e-01 6.089811436805087075e-02 9.921044583757774316e-01 7.192248799999999775e+00 8.607315481428966936e-03 9.981421285739370264e-01 -6.031753713550594420e-02 -4.757993999999999835e-01 -9.939344801257685713e-01 1.926352072125023934e-03 -1.099569842475345283e-01 2.061971900000000080e+00
-1.135382426680153212e-01 6.064121181835657737e-02 9.916812546786697435e-01 7.272721800000000236e+00 8.126197891834548853e-03 9.981588652488257996e-01 -6.010694330107839434e-02 -4.816595000000000182e-01 -9.935003937390674000e-01 1.234161406591181842e-03 -1.138219859514886245e-01 2.052780400000000061e+00
-1.193073102991217688e-01 6.624078148805692678e-02 9.906452062050472573e-01 7.352879500000000235e+00 3.052590980891563277e-03 9.977916746390832481e-01 -6.635100382991332424e-02 -4.876918000000000086e-01 -9.928526816187246418e-01 -4.892125180868688722e-03 -1.192460469521831046e-01 2.044237600000000210e+00
-1.265076842259293954e-01 6.956459824010310933e-02 9.895234067486657903e-01 7.433321499999999915e+00 3.484119224215327659e-03 9.975630062132687659e-01 -6.968435655136256957e-02 -4.935054999999999858e-01 -9.919595086217096735e-01 -5.367989049822795289e-03 -1.264417571395501927e-01 2.034385900000000191e+00
-1.357272645035677572e-01 6.548524117742712813e-02 9.885796846275531902e-01 7.513502599999999809e+00 5.705256008228846987e-03 9.978483262725391656e-01 -6.531590777883167220e-02 -4.996826999999999797e-01 -9.907298116662579535e-01 -3.225049306053794085e-03 -1.358088337801131029e-01 2.023962299999999992e+00
-1.461738262410202938e-01 6.369112292616282978e-02 9.872064897388311833e-01 7.593734699999999727e+00 8.750297254931215657e-03 9.979694885668202176e-01 -6.308987389137477031e-02 -5.055241999999999791e-01 -9.892202205879189192e-01 -5.837380265537109314e-04 -1.464343348737106032e-01 2.011888299999999852e+00
-1.593182320291657572e-01 6.463895432793684281e-02 9.851088805439183194e-01 7.672797199999999762e+00 8.834839116998428887e-03 9.979075871313294321e-01 -6.404992711553207652e-02 -5.114678000000000280e-01 -9.871877463587550583e-01 -1.501042677311548168e-03 -1.595559472724323857e-01 1.999814200000000097e+00
-1.731812062197132795e-01 6.467805673072009320e-02 9.827639690128158190e-01 7.752170600000000356e+00 1.094672859167858045e-02 9.979061427523379102e-01 -6.374558330026251773e-02 -5.172731999999999886e-01 -9.848291420065844459e-01 -2.814865686545653389e-04 -1.735266026287796137e-01 1.986006900000000019e+00
-1.876538642046536309e-01 6.247888142044144555e-02 9.802461000307584049e-01 7.830973099999999576e+00 1.167099900337746979e-02 9.980462831733938334e-01 -6.137918560910613636e-02 -5.232333999999999596e-01 -9.821658795902677985e-01 -7.759010475980737676e-05 -1.880164326553693810e-01 1.971378199999999969e+00
-2.030347071061881781e-01 6.515730943075076498e-02 9.770012450033261908e-01 7.908139199999999924e+00 1.605895151587282202e-02 9.978709193229782226e-01 -6.321185368050072362e-02 -5.289627000000000079e-01 -9.790398448411151699e-01 2.855415426796108908e-03 -2.036487879075767893e-01 1.955551999999999957e+00
-2.179886492338656001e-01 6.835452796338609138e-02 9.735546247191768643e-01 7.984720699999999560e+00 1.661619236105900052e-02 9.976596141695711628e-01 -6.632643821616440727e-02 -5.348420999999999870e-01 -9.758098436460942438e-01 1.718360243097329099e-03 -2.186142636733933164e-01 1.938641199999999953e+00
-2.335724307916111908e-01 7.233120468221621024e-02 9.696453559953333023e-01 8.060493499999999756e+00 1.630724647854142270e-02 9.973804574216025287e-01 -7.047195800999880855e-02 -5.409416999999999698e-01 -9.722026503185359214e-01 -6.480607180508468623e-04 -2.341401006468555313e-01 1.921202999999999994e+00
-2.493737384469880969e-01 7.011776690785700983e-02 9.658655379175863365e-01 8.137096400000000784e+00 1.297723602234251636e-02 9.975277002609646004e-01 -6.906575531543651669e-02 -5.469300999999999746e-01 -9.683203653327722149e-01 -4.688920550272014653e-03 -2.496671466290261154e-01 1.902338000000000084e+00
-2.654595332927541240e-01 6.424291213811364476e-02 9.619792536349249801e-01 8.212737100000000012e+00 7.374944317289383600e-03 9.978836268927933073e-01 -6.460555220413731481e-02 -5.530893000000000059e-01 -9.640937954267259080e-01 -1.005561630628579520e-02 -2.653715097752407104e-01 1.882589800000000091e+00
-2.809428931939123575e-01 5.999777284632450136e-02 9.578472519234552118e-01 8.288190800000000635e+00 3.405651622227074543e-03 9.981000263536117245e-01 -6.152023187495089807e-02 -5.590205999999999786e-01 -9.597184442850216213e-01 -1.402157788555017867e-02 -2.806134406131278736e-01 1.861526100000000072e+00
-2.961182588982116948e-01 6.159941754134267561e-02 9.531628866598084171e-01 8.362750099999999520e+00 1.994903549087691241e-03 9.979559469108382208e-01 -6.387447365827889079e-02 -5.646508999999999556e-01 -9.551492014899668481e-01 -1.701292990227291219e-02 -2.956358623530285223e-01 1.839404599999999945e+00
-3.104846248963339939e-01 6.361187450770550145e-02 9.484475879692025879e-01 8.436348900000000484e+00 1.593759580848098933e-03 9.977918363774693766e-01 -6.639963244533758635e-02 -5.699684999999999890e-01 -9.505770655940425362e-01 -1.910446754278691608e-02 -3.099004060767351909e-01 1.815849800000000069e+00
-3.246005100804217336e-01 6.606436822820811738e-02 9.435412063636320346e-01 8.509180100000000024e+00 3.484165443883580071e-03 9.976345009854848955e-01 -6.865320848002905152e-02 -5.756809999999999983e-01 -9.458447914148969682e-01 -1.899741282518255595e-02 -3.240628470825680507e-01 1.791689599999999993e+00
-3.385938076646671790e-01 6.581474470588070946e-02 9.386280694665177782e-01 8.582207699999999662e+00 5.520423185715345876e-03 9.976725400693881030e-01 -6.796342927888351926e-02 -5.817288000000000459e-01 -9.409164459924127533e-01 -1.783037214403929149e-02 -3.381690693872105857e-01 1.765614299999999970e+00
-3.524968815773464881e-01 6.393456083681833824e-02 9.336264351489030888e-01 8.654958699999999894e+00 5.148911893500141002e-03 9.977808750754254552e-01 -6.638383869610928190e-02 -5.874352000000000462e-01 -9.357988230301205190e-01 -1.859293587148779306e-02 -3.520438403823018536e-01 1.738542599999999938e+00
-3.672078451646125230e-01 6.241101775856833928e-02 9.280427055431780259e-01 8.726684600000000458e+00 4.647722228657329147e-03 9.978570105039777927e-01 -6.526703046829632204e-02 -5.934842999999999646e-01 -9.301273015709449199e-01 -1.965328090685988446e-02 -3.667109916841174710e-01 1.711119800000000080e+00
-3.820563375976496756e-01 6.385763890619181038e-02 9.219301257984779951e-01 8.797760000000000247e+00 3.380536737361692495e-03 9.976996632946858456e-01 -6.770490257756747732e-02 -5.991659999999999764e-01 -9.241328513113460374e-01 -2.275046845664884659e-02 -3.813933524750594550e-01 1.682560800000000079e+00
-3.971711736715698993e-01 6.578894281555819346e-02 9.153834572503257716e-01 8.869133899999999571e+00 3.627996796590877981e-03 9.975320462715056014e-01 -7.011885838080157696e-02 -6.049155999999999977e-01 -9.177373787983095221e-01 -2.452818102905708619e-02 -3.964296556664425042e-01 1.652620100000000036e+00
