1.000000000000000000e+00 0.000000000000000000e+00 0.000000000000000000e+00 0.000000000000000000e+00 0.000000000000000000e+00 1.000000000000000000e+00 0.000000000000000000e+00 0.000000000000000000e+00 0.000000000000000000e+00 0.000000000000000000e+00 1.000000000000000000e+00 0.000000000000000000e+00
9.999993824845113677e-01 6.995606975163453593e-04 8.635076295371641635e-04 -5.163999999999999754e-04 -6.988389062964812416e-04 9.999994064460494547e-01 -8.359017477171387525e-04 -1.517799999999999922e-03 -8.640918810084874000e-04 8.352977788074581215e-04 9.999992778111601588e-01 8.006850000000000078e-02
9.999984223471813927e-01 6.772322230068352714e-04 1.642150926178915235e-03 -2.895999999999999920e-04 -6.779671821782358443e-04 9.999996702562528039e-01 4.470434939641785839e-04 -2.993700000000000180e-03 -1.641847632430717486e-03 -4.481561131208831677e-04 9.999985517451763783e-01 1.588036999999999921e-01
9.999944836990314334e-01 1.025829437013095653e-03 3.159152651220355993e-03 -5.067999999999999589e-04 -1.034166029842123989e-03 9.999959847496007193e-01 2.638367923371178966e-03 -4.411599999999999897e-03 -3.156433450949946377e-03 -2.641620457694626029e-03 9.999915293487376955e-01 2.355843999999999994e-01
9.999875371668915935e-01 4.837662166685968040e-04 4.969052338449016053e-03 -6.055000000000000269e-04 -5.014291614622582360e-04 9.999935589490439591e-01 3.553959653818205069e-03 -5.435500000000000227e-03 -4.967301046913779640e-03 -3.556406989159496303e-03 9.999813387706976142e-01 3.120658000000000043e-01
9.999729129632713986e-01 6.471480279516408441e-04 7.331748712257123851e-03 -5.065999999999999540e-04 -6.784400426238992995e-04 9.999906690204201087e-01 4.266332289136791182e-03 -6.858399999999999740e-03 -7.328919351332103746e-03 -4.271190878746230525e-03 9.999640212875756662e-01 3.870609999999999884e-01
9.999453002077579589e-01 5.975724763947605446e-04 1.044219802304007134e-02 3.830000000000000261e-05 -6.368084146001639799e-04 9.999927490022429977e-01 3.754519673694027213e-03 -7.904599999999999474e-03 -1.043987870906654646e-02 -3.760963981815900262e-03 9.999384301458102975e-01 4.613259000000000110e-01
9.998964609182943164e-01 1.568336690188775091e-04 1.438898350370995671e-02 4.627000000000000253e-04 -1.843573284410756708e-04 9.999981560460565744e-01 1.911522132239324226e-03 -8.823299999999999199e-03 -1.438865718005767277e-02 -1.913976929550819089e-03 9.998946460687084814e-01 5.340656000000000292e-01
9.998393813414203635e-01 2.448506664599950627e-04 1.792070218928632636e-02 9.728000000000000102e-04 -2.479295632314867633e-04 9.999999548858963250e-01 1.695851910121288402e-04 -1.021350000000000036e-02 -1.792065985776286619e-02 -1.740010243328247801e-04 9.998393969402815662e-01 6.048107000000000344e-01
9.997608820534122920e-01 1.793980750042172662e-04 2.186656196373061925e-02 2.605500000000000177e-03 -1.961794228818241421e-04 9.999996879142343253e-01 7.653006390390587653e-04 -1.125379999999999957e-02 -2.186641784602643898e-02 -7.694074114281838949e-04 9.997606052364826912e-01 6.769730999999999943e-01
9.996288647747813005e-01 6.476752482537247689e-04 2.723441253001261317e-02 4.013899999999999933e-03 -6.594034140688707999e-04 9.999996936953469140e-01 4.216590445577876448e-04 -1.229219999999999965e-02 -2.723413108985896572e-02 -4.394610166357705463e-04 9.996289856630785620e-01 7.477160000000000473e-01
9.994305261111388061e-01 2.356749386619367160e-03 3.366109340976466274e-02 5.826200000000000129e-03 -2.347780710714767686e-03 9.999971971520698055e-01 -3.059636233621552135e-04 -1.363409999999999969e-02 -3.366172014242035243e-02 2.267605192586956159e-04 9.994332579901071822e-01 8.174223999999999934e-01
9.991566630491192091e-01 3.941914164762800980e-03 4.087082085383828001e-02 8.261299999999999200e-03 -3.934424984813489172e-03 9.999922253577683273e-01 -2.636741499680890911e-04 -1.476530000000000030e-02 -4.087154247869506651e-02 1.026486050972514225e-04 9.991644041291083411e-01 8.863528000000000517e-01
9.987630252336060499e-01 4.893649289514128732e-03 4.948203333379207897e-02 1.099989999999999996e-02 -4.932909035280957054e-03 9.999876077891002302e-01 6.713245730071656404e-04 -1.578200000000000089e-02 -4.947813491497952271e-02 -9.145845307666320041e-04 9.987747882783541975e-01 9.551758000000000193e-01
9.972944010119150215e-01 9.500082973911279718e-03 7.289462349017626630e-02 1.843500000000000000e-02 -9.628157883829648392e-03 9.999526600411808852e-01 1.405792420909189339e-03 -1.833519999999999942e-02 -7.287781751705936506e-02 -2.103829854203454267e-03 9.973386574348228617e-01 1.090004399999999984e+00
9.960767120111235773e-01 1.191153145915871230e-02 8.768864925066713334e-02 2.362830000000000139e-02 -1.212803535099244746e-02 9.999245772660321219e-01 1.936630546052325267e-03 -1.938669999999999977e-02 -8.765896729732863824e-02 -2.992523624684975594e-03 9.961460486568831652e-01 1.156818200000000019e+00
9.944825320880374964e-01 1.396108403009821072e-02 1.039691372690475513e-01 2.957730000000000081e-02 -1.436331243168042018e-02 9.998919714782983359e-01 3.120998114665000413e-03 -2.038569999999999965e-02 -1.039143331199091635e-01 -4.597119309561639548e-03 9.945756270220471595e-01 1.222160499999999983e+00
9.924670820951394523e-01 1.423342408188697263e-02 1.216819649597457170e-01 3.682880000000000181e-02 -1.482720690236306003e-02 9.998821670325640509e-01 3.975674249496102819e-03 -2.135029999999999914e-02 -1.216110393551265573e-01 -5.749929492502423370e-03 9.925611786775649925e-01 1.286488300000000029e+00
9.899531113262417525e-01 1.363245810794152732e-02 1.407373207838946427e-01 4.523579999999999962e-02 -1.421008617274292785e-02 9.998942257529673805e-01 3.100122068124809040e-03 -2.230499999999999844e-02 -1.406801721155361007e-01 -5.068864942891404025e-03 9.900421181857537167e-01 1.350176599999999949e+00
9.832540753668941313e-01 1.050042633766333500e-02 1.819372538022971109e-01 6.600219999999999698e-02 -1.103044130315434385e-02 9.999373548257290967e-01 1.901522753400838352e-03 -2.396440000000000028e-02 -1.819058895117247887e-01 -3.876528195607584562e-03 9.833083035803658056e-01 1.475136400000000014e+00
9.740017306560613264e-01 -3.900700836305858658e-04 2.265402315800158217e-01 9.271899999999999586e-02 -8.359418744439618860e-04 9.999855209104385745e-01 5.315935539607858328e-03 -2.563419999999999935e-02 -2.265390250711340203e-01 -5.367104881458085487e-03 9.739873019218533434e-01 1.596052100000000085e+00
9.613379310926937205e-01 -1.122276741669908651e-02 2.751425661978347259e-01 1.248258000000000006e-01 1.082894399159576443e-02 9.999370125155743194e-01 2.950419199871059939e-03 -2.730899999999999994e-02 -2.751583475281934588e-01 1.431535496000772845e-04 9.613989095545173447e-01 1.712174099999999921e+00
9.534411498533680307e-01 -1.464860683676815802e-02 3.012231599396522075e-01 1.428017000000000036e-01 1.412964688716523108e-02 9.998925596050609599e-01 3.901579844587255239e-03 -2.816760000000000097e-02 -3.012479491135691134e-01 5.362501109153834829e-04 9.535456914016690044e-01 1.768653299999999984e+00
9.444387069987848493e-01 -1.727914658832638284e-02 3.282330876307910650e-01 1.622387999999999886e-01 1.620695167921801932e-02 9.998506435015896976e-01 6.002116853618405176e-03 -2.869510000000000116e-02 -3.282877753431140411e-01 -3.489736897342161741e-04 9.445776912343594178e-01 1.824502099999999905e+00
9.229920103098259165e-01 -2.480165617136303319e-02 3.840190447821352770e-01 2.052719000000000071e-01 2.342647666452361832e-02 9.996914482542037517e-01 8.258842443054222396e-03 -2.986010000000000053e-02 -3.841053880060947834e-01 1.373367601974610688e-03 9.232882349332288685e-01 1.931929800000000030e+00
8.969259892755916397e-01 -2.539567688742430315e-02 4.414508232605650062e-01 2.532924999999999760e-01 2.865644369489981844e-02 9.995890610953627187e-01 -7.191475871351233479e-04 -3.123199999999999935e-02 -4.412511507030458247e-01 1.329543282185987989e-02 8.972851572768365536e-01 2.033589800000000114e+00
8.663147296868755065e-01 -2.758671030650402395e-02 4.987361652637803955e-01 3.082036000000000220e-01 3.174762764540586119e-02 9.994959073424591889e-01 1.390847333615063269e-04 -3.258930000000000160e-02 -4.984885929150680850e-01 1.571319891490646076e-02 8.667538393992934020e-01 2.131692399999999932e+00
8.280528254042348602e-01 -2.662939897411748316e-02 5.600173153129650583e-01 3.685413000000000161e-01 2.582851655467554089e-02 9.996227313027988837e-01 9.342526174277757459e-03 -3.379549999999999915e-02 -5.600548241669278671e-01 6.728311304442154486e-03 8.284282248658250136e-01 2.225229000000000124e+00
8.065503842102069720e-01 -2.039004776232502744e-02 5.908136116260502835e-01 4.004390999999999923e-01 2.192207716401463682e-02 9.997492090684747534e-01 4.576188345576438256e-03 -3.429829999999999685e-02 -5.907587496289685713e-01 9.260935115273507406e-03 8.067951008884526320e-01 2.269623000000000168e+00
7.843120803926435514e-01 -1.361753800030967784e-02 6.202169968720411264e-01 4.342927999999999789e-01 1.942060193010205701e-02 9.998080035238241514e-01 -2.606973413226036998e-03 -3.469529999999999836e-02 -6.200624168346570153e-01 1.408966814779088854e-02 7.844259560217581306e-01 2.312552900000000022e+00
7.614241266717691747e-01 -1.114676427707222278e-02 6.481581974859879081e-01 4.689901000000000209e-01 1.836142042146543182e-02 9.998218405204061243e-01 -4.375552364404598077e-03 -3.548060000000000103e-02 -6.479939487080413896e-01 1.523275630143280934e-02 7.614931421708414083e-01 2.353848199999999835e+00
7.131120559156803873e-01 -1.359424928817574811e-02 7.009182492231190720e-01 5.437581000000000220e-01 1.974279345841924854e-02 9.998048504103218548e-01 -6.951276517437642369e-04 -3.708729999999999666e-02 -7.007720155758002667e-01 1.433378813450770714e-02 7.132412808464925202e-01 2.431886200000000109e+00
6.608369078171826283e-01 -9.396475376073812336e-03 7.504707106324212118e-01 6.214920000000000444e-01 2.055806114232443249e-02 9.997730626592924441e-01 -5.584738393772099678e-03 -3.904660000000000075e-02 -7.502479239482725548e-01 1.911882400581323485e-02 6.608801125619848671e-01 2.503155200000000136e+00
6.055446339368295572e-01 -5.867851685470649309e-03 7.957897113100346198e-01 7.050891999999999715e-01 1.895700165384819544e-02 9.997954231167518468e-01 -7.052942867429514047e-03 -4.122830000000000245e-02 -7.955855255084817168e-01 1.935665858025468686e-02 6.055319903770570722e-01 2.568881499999999818e+00
5.466319751711040675e-01 1.036353732980710082e-02 8.373088323997013305e-01 7.933046999999999738e-01 1.653707090173791097e-02 9.995947952780234180e-01 -2.316830893866155330e-02 -4.335019999999999846e-02 -8.372096565416147218e-01 2.651117400456015974e-02 5.462390947619655268e-01 2.628631100000000220e+00
5.154444966784696991e-01 1.868556337641364556e-02 8.567192192108130655e-01 8.394470000000000542e-01 1.538190315465790686e-02 9.993994043453597875e-01 -3.105201522414860818e-02 -4.495570000000000122e-02 -8.567849017689443958e-01 2.918356241869831877e-02 5.148475034273101159e-01 2.657084499999999849e+00
4.837091758903114824e-01 2.378962656005850773e-02 8.749054159322873225e-01 8.876294000000000128e-01 1.297292772317678450e-02 9.993258314326595171e-01 -3.434509830693625865e-02 -4.669109999999999927e-02 -8.751326392643603569e-01 2.796312392342535647e-02 4.830744532622670562e-01 2.683582299999999865e+00
4.508332211713757531e-01 2.361761509135550455e-02 8.922956992755471939e-01 9.361724999999999630e-01 1.092195959496873245e-02 9.994291010888072258e-01 -3.197159200641687404e-02 -4.869230000000000086e-02 -8.925413813862340673e-01 2.415947338448182560e-02 4.503178903385222087e-01 2.708880199999999849e+00
3.830159826157735758e-01 2.329449838587885346e-02 9.234479538153863576e-01 1.037635800000000108e+00 2.575810405974043871e-03 9.996511677415746977e-01 -2.628512951573089285e-02 -5.314270000000000105e-02 -9.237381242871953724e-01 1.244625155846365051e-02 3.828223720742004454e-01 2.754275799999999830e+00
3.476806666121042277e-01 2.622121114490473179e-02 9.372462868159345817e-01 1.089905499999999972e+00 -4.764568777455614051e-03 9.996453802222872165e-01 -2.619947870862528172e-02 -5.515189999999999676e-02 -9.376009028091469855e-01 4.643477827355057749e-03 3.476823049353232609e-01 2.774539700000000053e+00
2.754406744442390864e-01 2.747417363913333063e-02 9.609253897387403098e-01 1.197944799999999921e+00 -1.261176059311558753e-02 9.996087662095097803e-01 -2.496513592680203383e-02 -5.900659999999999933e-02 -9.612353397355118956e-01 -5.242547085960815034e-03 2.756794104455515537e-01 2.809172400000000014e+00
2.391839425436805000e-01 2.700371885933955385e-02 9.705987022436342038e-01 1.253243200000000002e+00 -1.331802656400728896e-02 9.996104051750819286e-01 -2.452892240088900763e-02 -6.091699999999999893e-02 -9.708829341366040921e-01 -7.059534933279088681e-03 2.394503939625576283e-01 2.823104400000000069e+00
2.028721990521827889e-01 2.659372875915169687e-02 9.788440347892080062e-01 1.309310699999999938e+00 -1.262316521271139580e-02 9.996191024402131253e-01 -2.454191794940362159e-02 -6.283750000000000446e-02 -9.791238565941207117e-01 -7.377237105267442363e-03 2.031306225583640046e-01 2.835088700000000017e+00
1.677236092243332144e-01 2.536442271529904674e-02 9.855077051799658872e-01 1.366479900000000081e+00 -1.035569558241588965e-02 9.996591321379776351e-01 -2.396620750451897847e-02 -6.458170000000000577e-02 -9.857796662935218723e-01 -6.185918966891777032e-03 1.679291038765096111e-01 2.844695800000000219e+00
1.332682857637503548e-01 2.416552531958098687e-02 9.907853407250331035e-01 1.424412800000000034e+00 -2.157159500568410146e-03 9.997073946309764647e-01 -2.409298202867964089e-02 -6.705200000000000049e-02 -9.910776511820253987e-01 1.073548403130066345e-03 1.332814196403446783e-01 2.851938699999999827e+00
9.943547957052638331e-02 2.764979682414981516e-02 9.946597780840253922e-01 1.482687700000000053e+00 -2.451782268313943552e-04 9.996145030228651418e-01 -2.776301917996897711e-02 -6.906389999999999751e-02 -9.950439815858476145e-01 2.516760205794787292e-03 9.940392662188957118e-02 2.857851000000000141e+00
6.631853218164381059e-02 3.298279029137624746e-02 9.972532215209269912e-01 1.540772599999999937e+00 7.003991816770388512e-04 9.994517305586240186e-01 -3.310208036299182310e-02 -7.082710000000000394e-02 -9.977982570290740982e-01 2.893756722110478116e-03 6.625907063772218386e-02 2.862276599999999949e+00
3.697406908795604352e-02 3.688344720375240360e-02 9.986353336115474377e-01 1.598873100000000047e+00 7.500708847061901552e-03 9.992802494006273184e-01 -3.718497713609347777e-02 -7.324659999999999505e-02 -9.992880753725976728e-01 8.865352795472731043e-03 3.667080498081742856e-02 2.864520800000000200e+00
1.181283631717070827e-02 3.480599568079790346e-02 9.993242714768872936e-01 1.658480500000000024e+00 9.652853423635587848e-03 9.993434656419201145e-01 -3.492076888583850458e-02 -7.603890000000000648e-02 -9.998836328888103253e-01 1.005884404216596077e-02 1.146910360969166653e-02 2.864586099999999913e+00
-1.041490660084752953e-02 3.194389759471832207e-02 9.994353991764320932e-01 1.718118100000000092e+00 1.174833102105726085e-02 9.994245308317786236e-01 -3.182112332867782778e-02 -7.841539999999999622e-02 -9.998767456235372331e-01 1.141028387628499272e-02 -1.078420062625429221e-02 2.863919999999999799e+00
-2.930033756578899473e-02 2.896978510470148843e-02 9.991507602807088162e-01 1.777882900000000044e+00 1.159199074570280326e-02 9.995225561364700084e-01 -2.864062717484916823e-02 -8.122999999999999665e-02 -9.995034346959907889e-01 1.074296632241690877e-02 -2.962216578025755886e-02 2.862322100000000091e+00
-4.597105351540754087e-02 3.213297318370080674e-02 9.984258281279880798e-01 1.837441600000000008e+00 1.329906191985600651e-02 9.994136176964916185e-01 -3.155242803434970406e-02 -8.344600000000000628e-02 -9.988542422149164768e-01 1.182762855294949150e-02 -4.637143530319154383e-02 2.859680200000000116e+00
-5.977623329360325782e-02 3.677576287083635098e-02 9.975341323476089039e-01 1.897326800000000091e+00 1.583816700072591260e-02 9.992302623864237621e-01 -3.588920725254227118e-02 -8.574099999999999777e-02 -9.980861457806565751e-01 1.365379055159521640e-02 -6.031268195236660912e-02 2.855468800000000140e+00
-8.050975818259478722e-02 4.526265840319757677e-02 9.957256000483545311e-01 2.017423899999999826e+00 2.604452207320869656e-02 9.987228811232333747e-01 -4.329306631420294649e-02 -9.166330000000000311e-02 -9.964134993602598023e-01 2.244768306937883207e-02 -8.158578195653010123e-02 2.845569400000000027e+00
-8.957311556174935019e-02 5.529184154048909228e-02 9.944443017221342718e-01 2.139407400000000070e+00 3.141733749888327154e-02 9.981178387055207324e-01 -5.266622221406754012e-02 -9.835470000000000323e-02 -9.954846095611136203e-01 2.652531464246415949e-02 -9.114164695722537513e-02 2.834551100000000101e+00
-9.248223405602486180e-02 5.912136970045418077e-02 9.939575946833694164e-01 2.200138799999999950e+00 3.352071438356115513e-02 9.978547338694121471e-01 -5.623425825615999130e-02 -1.024718000000000018e-01 -9.951499374924477337e-01 2.811749880673954441e-02 -9.426562559931717100e-02 2.828812099999999941e+00
-9.731853730308848149e-02 6.545703286017333367e-02 9.930984236954207844e-01 2.322465900000000083e+00 3.526418711354425278e-02 9.974350839091996601e-01 -6.228716155251200204e-02 -1.107969000000000037e-01 -9.946283423492456865e-01 2.895911318030952933e-02 -9.937721247550523884e-02 2.816473699999999969e+00
-9.933564470881542374e-02 6.941313069895105325e-02 9.926299647788466851e-01 2.383691999999999922e+00 3.626734479373014408e-02 9.971536788920543071e-01 -6.610007846935206377e-02 -1.148340999999999945e-01 -9.943928345437212934e-01 2.943395927516626737e-02 -1.015703335107804861e-01 2.810405499999999890e+00
-1.035525697641715148e-01 6.964650213246470489e-02 9.921825588247099592e-01 2.507772000000000112e+00 3.904762734963193593e-02 9.970610208655192874e-01 -6.591360609898977430e-02 -1.236174000000000023e-01 -9.938572070944602377e-01 3.191685152581778123e-02 -1.059677615837866238e-01 2.797659400000000129e+00
-1.078346168394128946e-01 7.050546573322735711e-02 9.916656062972224461e-01 2.632551199999999980e+00 3.837061151019596772e-02 9.970340243440175554e-01 -6.671469457853099194e-02 -1.329371000000000025e-01 -9.934281008625791554e-01 3.085666219981931732e-02 -1.102201198259901149e-01 2.783922000000000008e+00
-1.102151440932027104e-01 7.263961971991625410e-02 9.912497705722106422e-01 2.694953400000000165e+00 3.731731767375140452e-02 9.969249445216488148e-01 -6.890626090671167492e-02 -1.373753000000000057e-01 -9.932069471233829772e-01 2.939626910771932569e-02 -1.125869421753502575e-01 2.776894799999999996e+00
-1.122823956075435503e-01 7.494090440711209666e-02 9.908463677499528277e-01 2.758097400000000032e+00 3.540173165015374906e-02 9.968206776647285938e-01 -7.138104773818888804e-02 -1.420887999999999873e-01 -9.930455080371700660e-01 2.706284217659310487e-02 -1.145784514667711473e-01 2.769279699999999789e+00
-1.150954158247966541e-01 7.863278448892507821e-02 9.902373101734933680e-01 2.820707099999999912e+00 3.316977777080541701e-02 9.966103333646432194e-01 -7.528352591005646466e-02 -1.469913999999999943e-01 -9.928004890705646179e-01 2.418116279944008615e-02 -1.173135127208900785e-01 2.762488600000000183e+00
-1.170975822396794347e-01 8.242537665624508070e-02 9.896939999397278420e-01 2.883848400000000201e+00 2.967859002186103157e-02 9.963951942251989546e-01 -7.947199644681271491e-02 -1.524005999999999972e-01 -9.926768545342115058e-01 2.006674383162478786e-02 -1.191217371601848152e-01 2.754964399999999980e+00
-1.229533390984583197e-01 8.320488268802714305e-02 9.889183100243474911e-01 3.010986599999999846e+00 2.542213235241308489e-02 9.964162101959856965e-01 -8.067497285605847168e-02 -1.633177000000000101e-01 -9.920867863202271764e-01 1.522115486883375557e-02 -1.246279457154897408e-01 2.740624400000000183e+00
-1.282017768860902462e-01 7.747341480668305802e-02 9.887174391106088311e-01 3.139792400000000150e+00 2.207905974736161861e-02 9.969199869525828817e-01 -7.525327059427026899e-02 -1.742622000000000060e-01 -9.915023043462487529e-01 1.218234840470627800e-02 -1.295174538949278586e-01 2.724868299999999799e+00
-1.299383767766049691e-01 7.788619577593144938e-02 9.884582736505446166e-01 3.205166600000000088e+00 2.167677063148724242e-02 9.968948846118826923e-01 -7.570143096171376429e-02 -1.795155999999999974e-01 -9.912850931269224786e-01 1.159006221788740076e-02 -1.312232243245629038e-01 2.716326000000000018e+00
-1.313196371780654126e-01 8.076119428690096969e-02 9.880449293371098562e-01 3.269838099999999859e+00 2.339058388276760506e-02 9.966510141791349309e-01 -7.835583272051317716e-02 -1.847646000000000011e-01 -9.910640915082356006e-01 1.282128827595988008e-02 -1.327689010645951573e-01 2.708030700000000124e+00
-1.323227623232673955e-01 8.326504839319627538e-02 9.877032035420449940e-01 3.334212500000000023e+00 2.396083567407579148e-02 9.964429564589123434e-01 -8.079178718918308966e-02 -1.904608999999999885e-01 -9.909170323114542267e-01 1.297560170092289245e-02 -1.338471846381498187e-01 2.699868700000000121e+00
-1.324974184208583816e-01 8.405417196821059200e-02 9.876129455847298955e-01 3.399649900000000002e+00 2.279556496332030627e-02 9.963927021277215745e-01 -8.174316708215176308e-02 -1.958739999999999926e-01 -9.909211857306369220e-01 1.168243644776285201e-02 -1.339355231028458437e-01 2.691326899999999966e+00
-1.326837575476488285e-01 8.200868700249216992e-02 9.877598876949620355e-01 3.531145800000000001e+00 1.604618799662411305e-02 9.966182724225812750e-01 -8.058870221195141292e-02 -2.074451999999999963e-01 -9.910285264985130294e-01 5.156969028107444286e-03 -1.335509840346726929e-01 2.674672099999999997e+00
-1.326891089542325819e-01 8.317626977849720826e-02 9.876615354010028769e-01 3.597367499999999829e+00 1.250926608378458149e-02 9.965338068730459353e-01 -8.224287216020506608e-02 -2.130308999999999953e-01 -9.910787650973947871e-01 1.442187522275907574e-03 -1.332696569672696674e-01 2.666269799999999801e+00
-1.325211885217226493e-01 8.322125670166119482e-02 9.876802908966983985e-01 3.663506499999999999e+00 7.972770547394619767e-03 9.965262384111001071e-01 -8.289687019436806081e-02 -2.188977000000000006e-01 -9.911481067542777801e-01 -3.111043429385250414e-03 -1.327243454916686716e-01 2.657290199999999825e+00
-1.335691972237473824e-01 8.270454750274816580e-02 9.875825167424590045e-01 3.729733899999999824e+00 4.721812452152772399e-03 9.965535686178110808e-01 -8.281720450650570386e-02 -2.246379000000000015e-01 -9.910282407884098976e-01 -6.398648097165969550e-03 -1.334993755129898485e-01 2.649781700000000129e+00
-1.340046923651045940e-01 7.753743429148415856e-02 9.879426545643361646e-01 3.796568900000000024e+00 4.835919936694930976e-03 9.969736022490193195e-01 -7.759027192232303971e-02 -2.303768999999999956e-01 -9.909688977473003479e-01 -5.619848939956727241e-03 -1.339741056898403615e-01 2.641197700000000204e+00
-1.343551789350078685e-01 6.925418668656878329e-02 9.885102647518253516e-01 3.863885600000000142e+00 8.053166761418494718e-03 9.975982221365801150e-01 -6.879632035979463267e-02 -2.357032000000000016e-01 -9.909005158937271851e-01 -1.282503924589943611e-03 -1.345902031547192568e-01 2.632343800000000122e+00
-1.345248054271564742e-01 6.387323194106379887e-02 9.888494763947586197e-01 3.931767900000000093e+00 1.336916340438822071e-02 9.979465094358312971e-01 -6.264207671132158983e-02 -2.409797999999999940e-01 -9.908200352206508743e-01 4.793177051121696314e-03 -1.351024916835515954e-01 2.623031399999999902e+00
-1.336382044204981745e-01 6.650719738741960041e-02 9.887960472286164704e-01 3.998439999999999994e+00 2.180619139710798793e-02 9.977014133863834067e-01 -6.415901919111202667e-02 -2.455701999999999885e-01 -9.907902504243862873e-01 1.298777973649055395e-02 -1.347812941082647820e-01 2.613384200000000046e+00
-1.320362589179498169e-01 7.226102648326154787e-02 9.886074905555478631e-01 4.065976599999999941e+00 2.755077625867156585e-02 9.972215335617740095e-01 -6.921103761863622861e-02 -2.503595000000000126e-01 -9.908619384447546752e-01 1.809853729694843594e-02 -1.336602479767796670e-01 2.603310099999999849e+00
-1.311795220571945475e-01 7.822563267889480476e-02 9.882675161032222766e-01 4.133669900000000119e+00 3.119725517867541834e-02 9.967139477094456579e-01 -7.475317859977002877e-02 -2.551995000000000235e-01 -9.908676320589763220e-01 2.102514764369400879e-02 -1.331888843124614530e-01 2.594303599999999932e+00
-1.304411988949960022e-01 8.247649348711805217e-02 9.880195957838616705e-01 4.201796100000000145e+00 3.207175836705020155e-02 9.963634216239322106e-01 -7.893880139130554641e-02 -2.607518999999999809e-01 -9.909371806255337090e-01 2.139065384507475229e-02 -1.326120054218264954e-01 2.585087999999999830e+00
-1.302468549976898149e-01 7.966692844158598796e-02 9.882757394957610853e-01 4.270269899999999730e+00 2.905697223694270886e-02 9.966451658620775200e-01 -7.651212798095206880e-02 -2.661182000000000270e-01 -9.910557245319919772e-01 1.875083668627258726e-02 -1.321247781301161384e-01 2.575992299999999791e+00
-1.296171459547399984e-01 7.503934612666811332e-02 9.887206339545209222e-01 4.338772800000000096e+00 2.798026836098310710e-02 9.970120501994134132e-01 -7.200053013422694215e-02 -2.717352000000000101e-01 -9.911692590355065668e-01 1.833216544886209776e-02 -1.313294774715888513e-01 2.566824700000000181e+00
-1.296746501463428014e-01 7.324947565825887241e-02 9.888473084481816944e-01 4.407513100000000072e+00 2.572216336565420411e-02 9.971805343523779674e-01 -7.049363248192393183e-02 -2.768103000000000091e-01 -9.912229090478155147e-01 1.629405488195322452e-02 -1.311931719042179756e-01 2.558216600000000174e+00
-1.296286533926870876e-01 7.401813097588255674e-02 9.887961005720217189e-01 4.475666999999999618e+00 2.367803192613246455e-02 9.971566583243127724e-01 -7.153984598526066940e-02 -2.816507999999999790e-01 -9.912798611006398142e-01 1.413913173879004573e-02 -1.310126785084920753e-01 2.549662099999999931e+00
-1.289658857645433476e-01 7.908163917142253807e-02 9.884907155127596878e-01 4.544588599999999978e+00 2.507790291264500385e-02 9.967563772322495241e-01 -7.647106140459530854e-02 -2.872474999999999890e-01 -9.913318814072663576e-01 1.492711602428154621e-02 -1.305307707505281023e-01 2.540300400000000014e+00
-1.278793538258776730e-01 8.191963764928794633e-02 9.884007506231899942e-01 4.613584999999999603e+00 2.459472909593079376e-02 9.965384232667715558e-01 -7.941202839415867354e-02 -2.925912999999999986e-01 -9.914847301727716111e-01 1.415428982274474085e-02 -1.294514809256347432e-01 2.531021400000000199e+00
-1.276237815411077337e-01 8.040364524667995005e-02 9.885582553477531009e-01 4.683331500000000425e+00 2.474206352357732897e-02 9.966566058694216190e-01 -7.786809532433369707e-02 -2.988381999999999983e-01 -9.915139941915810384e-01 1.452115036387596064e-02 -1.291864370372015625e-01 2.522118100000000140e+00
-1.274527447335928876e-01 7.373158219781977829e-02 9.891003243586971028e-01 4.753557699999999997e+00 2.669763672266304427e-02 9.971268139012920972e-01 -7.088972557770747973e-02 -3.044730999999999965e-01 -9.914852666849358620e-01 1.737155104370667613e-02 -1.290550082756867223e-01 2.513482999999999912e+00
-1.280198044051755191e-01 7.239418723051624371e-02 9.891258824514163051e-01 4.823670400000000136e+00 2.596687254885366586e-02 9.972350871458660615e-01 -6.962688055060813064e-02 -3.098805000000000032e-01 -9.914316170115272664e-01 1.677088609495695770e-02 -1.295456914354845557e-01 2.504855200000000170e+00
-1.278449920331846956e-01 7.514958073885363854e-02 9.889429703106293879e-01 4.893690099999999710e+00 2.335038857925331862e-02 9.970768938880705257e-01 -7.274906891304622203e-02 -3.154216000000000242e-01 -9.915192470977221006e-01 1.379159850386419209e-02 -1.292260594674131680e-01 2.496243000000000212e+00
-1.277787640920419465e-01 7.868725133768894597e-02 9.886763393163758851e-01 4.963838100000000253e+00 2.319439151710274774e-02 9.968122542788463436e-01 -7.633708090879509633e-02 -3.203107000000000038e-01 -9.915314456179701308e-01 1.317748824487990217e-02 -1.291965407984843051e-01 2.487746700000000200e+00
-1.278621503903823731e-01 7.792892009797892927e-02 9.887256211456798560e-01 5.033921199999999985e+00 2.195124520763093098e-02 9.968864505235915940e-01 -7.573339815635637962e-02 -3.259890999999999761e-01 -9.915489969393251890e-01 1.202032340819328415e-02 -1.291746820928185713e-01 2.478864900000000038e+00
-1.279498132815383160e-01 7.440657764421140796e-02 9.889855946799706032e-01 5.104309599999999669e+00 2.132795450568929566e-02 9.971576139275977191e-01 -7.226210170499629271e-02 -3.316191000000000000e-01 -9.915512914810924450e-01 1.184711734963067586e-02 -1.291730706172201648e-01 2.470357200000000031e+00
-1.267009008522115565e-01 7.330906159858027737e-02 9.892283170283658889e-01 5.175544300000000320e+00 2.189197811426262658e-02 9.972290660191981404e-01 -7.109803921854911113e-02 -3.372770999999999963e-01 -9.916993612065515551e-01 1.264797904857778432e-02 -1.279547013927352372e-01 2.460624199999999817e+00
-1.262712681971783213e-01 7.354474875911812259e-02 9.892657563859339476e-01 5.245813799999999638e+00 2.387885240640412118e-02 9.971843614610833573e-01 -7.108550953045703058e-02 -3.431497000000000019e-01 -9.917083075358545941e-01 1.464647354859602985e-02 -1.276718981489695093e-01 2.452308899999999792e+00
-1.253053329698813889e-01 7.409626473144841075e-02 9.893474198087108817e-01 5.317263099999999909e+00 2.597710342835879080e-02 9.971103293127812073e-01 -7.138754285748642736e-02 -3.480753999999999793e-01 -9.917780818443100443e-01 1.675514042329175404e-02 -1.268680481548299932e-01 2.443031099999999789e+00
-1.243432730769876426e-01 7.342550086708261869e-02 9.895187953055363250e-01 5.388752000000000209e+00 2.582737677990409528e-02 9.971598699778704278e-01 -7.074701629316548779e-02 -3.539629000000000247e-01 -9.919030683737050103e-01 1.675975919082971569e-02 -1.258865100902191170e-01 2.434372699999999945e+00
-1.226754037373516265e-01 7.397730152049350472e-02 9.896858613608784383e-01 5.460688600000000115e+00 2.715209659391467148e-02 9.970948973673156024e-01 -7.116550635397152214e-02 -3.595499999999999807e-01 -9.920753544809147728e-01 1.814178888115569599e-02 -1.243276579356301648e-01 2.424937200000000015e+00
-1.212559183408757763e-01 7.241973689582503759e-02 9.899759512105584802e-01 5.534091499999999719e+00 2.723798654041067330e-02 9.972022065105581312e-01 -6.961214994308428938e-02 -3.648790000000000089e-01 -9.922474965231885546e-01 1.852406646537201745e-02 -1.228892371408140116e-01 2.415821600000000124e+00
-1.201834785189193761e-01 7.097871654072132608e-02 9.902110650206472631e-01 5.606522100000000286e+00 2.581544313390036344e-02 9.973269699121383169e-01 -6.835552634332492383e-02 -3.709954999999999781e-01 -9.924159885788281787e-01 1.734753250766702531e-02 -1.216945714853486793e-01 2.407145499999999938e+00
-1.191738044615711506e-01 7.043736608194292592e-02 9.903717391917004065e-01 5.679914499999999755e+00 2.673627145866271787e-02 9.973463247884718497e-01 -6.771617398684530442e-02 -3.762160999999999977e-01 -9.925133631939893064e-01 1.840885358642317324e-02 -1.207407884312080570e-01 2.398897400000000069e+00
-1.176669286948074100e-01 7.136227481836043829e-02 9.904856988489435521e-01 5.753593000000000401e+00 2.443148399434318802e-02 9.973207499902144724e-01 -6.895233301919689861e-02 -3.815741999999999745e-01 -9.927525353688931853e-01 1.608562624534333810e-02 -1.190951558499750984e-01 2.390425700000000209e+00
-1.159775588271273056e-01 7.435915525873723619e-02 9.904644980400392207e-01 5.827173700000000345e+00 2.528463913357186649e-02 9.970915965127923331e-01 -7.189600258328665561e-02 -3.868629000000000095e-01 -9.929299536585574071e-01 1.670521453851835092e-02 -1.175203936975910413e-01 2.381676699999999869e+00
-1.149851531875806382e-01 7.271581932847795415e-02 9.907021874235550918e-01 5.901266599999999585e+00 2.285052686100304264e-02 9.972469047530797548e-01 -7.054405986740812373e-02 -3.928391999999999995e-01 -9.931043590522616871e-01 1.452654741464863911e-02 -1.163301828916587510e-01 2.373498399999999897e+00
-1.144809926871554195e-01 7.100294909962986956e-02 9.908847983153835637e-01 5.975706599999999646e+00 1.958608868071306380e-02 9.974099885550362643e-01 -6.920765753031765666e-02 -3.988051000000000235e-01 -9.932323431320358997e-01 1.148459619655212843e-02 -1.155751556635223887e-01 2.365434899999999896e+00
-1.146336133124457313e-01 7.234347596313382700e-02 9.907701833344118025e-01 6.050280100000000161e+00 1.676819128245038773e-02 9.973436612197464912e-01 -7.088334914425743760e-02 -4.039927999999999852e-01 -9.932663099391056960e-01 8.487809515005963895e-03 -1.155421768428704921e-01 2.357552999999999788e+00
-1.152243209988506045e-01 7.166216329424617004e-02 9.907511747166095617e-01 6.125091099999999678e+00 1.410540997690812315e-02 9.974117993006356153e-01 -7.050347527074127263e-02 -4.096866000000000119e-01 -9.932393433909756375e-01 5.851236438350670976e-03 -1.159369215237550099e-01 2.349779400000000074e+00
-1.167325732804438271e-01 6.886094436282066966e-02 9.907732720843788199e-01 6.200124699999999933e+00 1.167920486840947833e-02 9.976196338067243596e-01 -6.796074173358303272e-02 -4.154701000000000088e-01 -9.930947097376804367e-01 3.638211758209067281e-03 -1.172589480859985711e-01 2.341768000000000072e+00
-1.176999431389445794e-01 6.735256065215550203e-02 9.907625123906771414e-01 6.275113600000000069e+00 9.591958721571158114e-03 9.977278665585823658e-01 -6.668657001483285773e-02 -4.211034000000000166e-01 -9.930028790053795351e-01 1.654347622854421274e-03 -1.180785561436532571e-01 2.333210900000000088e+00
-1.191269716533030348e-01 6.601512349213206621e-02 9.906819712173188242e-01 6.350000399999999878e+00 7.755264086128692280e-03 9.978186144820996306e-01 -6.555813047957929907e-02 -4.269761999999999724e-01 -9.928487399919830869e-01 -1.267412391275091199e-04 -1.193790745189070579e-01 2.324888200000000182e+00
-1.207169908088024657e-01 6.638094884574230470e-02 9.904650310638968280e-01 6.425274400000000163e+00 8.320770263158701330e-03 9.977943098677284350e-01 -6.585802895479953012e-02 -4.321591000000000182e-01 -9.926520905696490926e-01 2.912489011526395166e-04 -1.210030671585738959e-01 2.316006199999999904e+00
-1.229758322379633784e-01 6.466235439726869538e-02 9.903008253097553837e-01 6.499256599999999828e+00 7.449339041904444458e-03 9.979070634569060516e-01 -6.423394780529483039e-02 -4.377885000000000248e-01 -9.923817068211300274e-01 -5.221365880758721545e-04 -1.232001434259081263e-01 2.306977499999999903e+00
-1.258156060261499676e-01 6.032112548785834027e-02 9.902180543194263329e-01 6.574788999999999994e+00 4.582343509229046957e-03 9.981743950718472425e-01 -6.022357637101346389e-02 -4.428273999999999821e-01 -9.920430612671184978e-01 -3.039546484249151803e-03 -1.258623285535988012e-01 2.297870899999999939e+00
-1.296081613445349001e-01 5.999350944294919163e-02 9.897487071664238245e-01 6.649187999999999654e+00 4.034243254323988809e-03 9.981916077266830278e-01 -5.997698846544919499e-02 -4.482321000000000222e-01 -9.915570832757202302e-01 -3.780620152627221786e-03 -1.296158073577741154e-01 2.288068299999999944e+00
-1.356470001655153690e-01 6.559968640051987154e-02 9.885831135975620132e-01 6.722663400000000067e+00 -1.032205179997261468e-03 9.977957013126930175e-01 -6.635264120121742160e-02 -4.537815000000000043e-01 -9.907566935926110929e-01 -1.002095734271714333e-02 -1.352802813250045810e-01 2.279343799999999920e+00
-1.427258005433683918e-01 6.897014499741198346e-02 9.873563009158803361e-01 6.796561200000000191e+00 -7.473167172501044009e-04 9.975613533722624826e-01 -6.979102933632792827e-02 -4.590531999999999946e-01 -9.897619852151215980e-01 -1.069884840232978793e-02 -1.423262002088344635e-01 2.268937600000000110e+00
-1.520099390159624086e-01 6.484196344351805807e-02 9.862497139250042677e-01 6.870460999999999707e+00 1.297851444295318457e-03 9.978579486435540380e-01 -6.540512143943216783e-02 -4.647993999999999737e-01 -9.883781128808911687e-01 -8.662222905686290525e-03 -1.517684811558061009e-01 2.258275699999999997e+00
-1.622582175266146232e-01 6.282390186935114806e-02 9.847463776013575254e-01 6.944731199999999660e+00 4.493187668008446350e-03 9.980078543362389532e-01 -6.292959516599952452e-02 -4.703660000000000063e-01 -9.867381020867013186e-01 -5.786193661352141693e-03 -1.622172551032948773e-01 2.245845599999999997e+00
-1.753436398361643556e-01 6.374693713601230216e-02 9.824413142650213482e-01 7.017425099999999638e+00 4.671711165300278940e-03 9.979441509951334499e-01 -6.391906295769950175e-02 -4.758986000000000050e-01 -9.844962077549069823e-01 -6.618119096815800600e-03 -1.752809670666695130e-01 2.233512600000000070e+00
-1.891411721186659067e-01 6.374941074106750538e-02 9.798783749219818207e-01 7.090611499999999623e+00 6.297909813429994341e-03 9.979486216178869995e-01 -6.370937876750421003e-02 -4.812638000000000194e-01 -9.819297089616746410e-01 -5.878880941648810532e-03 -1.891546600465207062e-01 2.219512899999999789e+00
-2.036359220066418507e-01 6.154202096560429380e-02 9.771105315797052882e-01 7.163174599999999614e+00 7.491230770572301911e-03 9.980911366834265275e-01 -6.130223760620590046e-02 -4.867502000000000217e-01 -9.790180247217346032e-01 -5.163577195589814234e-03 -2.037082343463274547e-01 2.204831099999999822e+00
-2.187565204324149748e-01 6.454938860239600729e-02 9.736421114554152378e-01 7.234271999999999814e+00 1.216290547532571098e-02 9.979124438102771055e-01 -6.342569052835533849e-02 -4.919455999999999829e-01 -9.757036683843618441e-01 -2.032466397577436384e-03 -2.190849620162050870e-01 2.188870899999999953e+00
-2.335935979655171801e-01 6.764414691384974809e-02 9.699785051112328471e-01 7.304978400000000427e+00 1.267806663450422519e-02 9.977042433662853815e-01 -6.652450221774780514e-02 -4.974617000000000067e-01 -9.722516637249511984e-01 -3.242245704071729240e-03 -2.339149209154025577e-01 2.172153199999999895e+00
-2.494537483658128552e-01 7.160198723208893723e-02 9.657359798882210189e-01 7.374930400000000219e+00 1.229996679538755688e-02 9.974165580879835735e-01 -7.077372724925964920e-02 -5.030537000000000480e-01 -9.683085965967042075e-01 -5.776251062411280612e-03 -2.496900011626134175e-01 2.155471799999999938e+00
-2.651600855551354829e-01 6.955746891022994427e-02 9.616922000033046869e-01 7.445181800000000294e+00 9.015693647418440010e-03 9.975297915082532718e-01 -6.966370878410464706e-02 -5.084800000000000431e-01 -9.641622510223316622e-01 -9.801712722939556061e-03 -2.651321936907093946e-01 2.136944999999999872e+00
-2.811983029624358643e-01 6.345624042309377932e-02 9.575493825189450581e-01 7.514950800000000264e+00 3.510373756702107884e-03 9.978727290033752029e-01 -6.509757282299236114e-02 -5.142632999999999788e-01 -9.596432627216920919e-01 -1.494397078165821124e-02 -2.808228730893239655e-01 2.117613799999999991e+00
-2.967249139000348590e-01 5.924118471442285649e-02 9.531237104933695248e-01 7.584191299999999636e+00 -1.854708578562583310e-04 9.980703771484551456e-01 -6.209257491279814023e-02 -5.197652999999999857e-01 -9.549629789010555259e-01 -1.860119061705983734e-02 -2.961413592122011940e-01 2.097000400000000209e+00
-3.116252229867783607e-01 6.059713735218580366e-02 9.482709039842782683e-01 7.652384800000000098e+00 -2.030882292661993077e-03 9.979196955751372666e-01 -6.443723070041783296e-02 -5.249821000000000071e-01 -9.502029235460989209e-01 -2.200609297321646021e-02 -3.108538820032654693e-01 2.075307399999999802e+00
-3.258278577637832019e-01 6.282230777292303892e-02 9.433395808250325532e-01 7.720099000000000267e+00 -1.814870127622884161e-03 9.977464590090245888e-01 -6.707242191372379814e-02 -5.299045000000000005e-01 -9.454273707437731433e-01 -2.356610237262089791e-02 -3.249795770005854401e-01 2.052367700000000017e+00
-3.398199872049758596e-01 6.526336593485962401e-02 9.382233579286235470e-01 7.787304400000000015e+00 -3.277047955228887255e-04 9.975811298602921262e-01 -6.951102039410746170e-02 -5.351833999999999758e-01 -9.404904406242396986e-01 -2.392869435459522853e-02 -3.389766196670609411e-01 2.028629099999999852e+00
