1.000000000000000000e+00 0.000000000000000000e+00 0.000000000000000000e+00 0.000000000000000000e+00 0.000000000000000000e+00 1.000000000000000000e+00 0.000000000000000000e+00 0.000000000000000000e+00 0.000000000000000000e+00 0.000000000000000000e+00 1.000000000000000000e+00 0.000000000000000000e+00
9.999985614000644896e-01 -1.696009165970199014e-03 -2.739909477173557755e-05 -9.529999999999999897e-05 1.695989325171088583e-03 9.999983107350957079e-01 -7.086234287933684556e-04 -1.218799999999999918e-03 2.860088031786115268e-05 7.085759407954971955e-04 9.999997485510312423e-01 6.347880000000000189e-02
9.999975777412308808e-01 -2.200997558512977296e-03 -1.101899278827036230e-05 -2.168999999999999867e-04 2.200999707712932452e-03 9.999975579990513230e-01 1.989879910152786262e-04 -1.744000000000000107e-03 1.058099379748149106e-05 -1.990117618147787366e-04 9.999999801411804112e-01 9.536730000000000207e-02
9.999932404717539747e-01 -3.671913125966814843e-03 1.899073358687326568e-04 -3.220000000000000206e-04 3.671673145039499805e-03 9.999924794411707563e-01 1.248950525710359983e-03 -2.232599999999999949e-03 -1.944919454884801570e-04 -1.248244805728848357e-03 9.999992020285757288e-01 1.276079999999999992e-01
9.999951115422898162e-01 -3.126789777120123938e-03 -8.787103888026118927e-06 -4.074999999999999846e-04 3.126800036878801987e-03 9.999937423801661396e-01 1.654787611546652088e-03 -2.752899999999999965e-03 3.612875914581448140e-06 -1.654806997704154738e-03 9.999986307994364054e-01 1.596721999999999864e-01
9.999971231063369270e-01 -2.353420064938459288e-03 -4.638890465399507024e-04 -4.611999999999999889e-04 2.353376448940232984e-03 9.999972263363327007e-01 -9.454591915610517454e-05 -3.280899999999999789e-03 4.641102661309566817e-04 9.345394160050103519e-05 9.999998879340045166e-01 1.918469999999999898e-01
9.999999092794920053e-01 3.206607756889846795e-04 -2.803884356110039329e-04 -7.929000000000000284e-04 -3.213387677492206490e-04 9.999970168902549972e-01 -2.421353338004216850e-03 -3.780599999999999846e-03 2.796111661419477235e-04 2.421443218012202594e-03 9.999970292107560610e-01 2.238974999999999993e-01
9.999924029126637803e-01 3.851581875724424155e-03 -5.995281571858765077e-04 -7.942999999999999540e-04 -3.853592145580529704e-03 9.999868326875624991e-01 -3.388846274526960238e-03 -4.350699999999999880e-03 5.864678441207314512e-04 3.391130866163429187e-03 9.999940781259238909e-01 2.565145999999999815e-01
9.999795387661690738e-01 6.382210603445250506e-03 -4.352433952113860579e-04 -1.019900000000000017e-03 -6.383704694742436785e-03 9.999734200705510112e-01 -3.522423423663958303e-03 -4.891500000000000015e-03 4.127509783483162371e-04 3.525129815840001568e-03 9.999937015283703046e-01 2.890435000000000088e-01
9.999739674598847605e-01 7.213752025554519796e-03 -1.618154845580749475e-04 -1.253699999999999953e-03 -7.214141949055574883e-03 9.999707145799028307e-01 -2.554630794721372486e-03 -5.522299999999999952e-03 1.433822726536661686e-04 2.555731651067886558e-03 9.999967238332591046e-01 3.215651999999999955e-01
9.999893667625788796e-01 4.598753778157918005e-03 3.432571401336889107e-04 -1.431500000000000047e-03 -4.598822063922934460e-03 9.999894056781817309e-01 1.984112424141450267e-04 -6.173500000000000168e-03 -3.423410591063988872e-04 -1.999877111699433505e-04 9.999999214037541551e-01 3.542040000000000188e-01
9.999995514594375301e-01 7.999007709605142694e-04 5.071880130116563105e-04 -1.471700000000000048e-03 -8.008982776862014815e-04 9.999977396238871608e-01 1.969596168069356716e-03 -6.705499999999999655e-03 -5.056113850826674623e-04 -1.970001490631667976e-03 9.999979317234882759e-01 3.867848999999999871e-01
9.999983353341566072e-01 -1.773315733936049873e-03 4.297443697410950787e-04 -1.609100000000000027e-03 1.773482598764354991e-03 9.999983520213554522e-01 -3.882190683714220538e-04 -7.253800000000000352e-03 -4.290552265493940629e-04 3.889805662780519897e-04 9.999998323028517211e-01 4.195447999999999955e-01
9.999962934697592676e-01 -2.717800665150057245e-03 1.631143390537606640e-04 -1.621199999999999941e-03 2.718190417373267994e-03 9.999933318771029311e-01 -2.438778830733791172e-03 -7.797799999999999697e-03 -1.564851366589793701e-04 2.439213167159656314e-03 9.999970128713021600e-01 4.525529999999999831e-01
9.999995943326401848e-01 -4.225908763995648220e-04 7.954567909623643397e-04 -1.783800000000000099e-03 4.258072579611130257e-04 9.999917176855800394e-01 -4.047622564207643131e-03 -8.467399999999999927e-03 -7.937397143723708397e-04 4.047959633494269474e-03 9.999914919638424049e-01 4.855130999999999752e-01
9.999966695405112516e-01 2.220410685416029407e-03 1.315554739914250992e-03 -1.831299999999999898e-03 -2.217983929525601215e-03 9.999958414616993974e-01 -1.843259774452557075e-03 -9.119499999999999135e-03 -1.319642062828670429e-03 1.840335756279009704e-03 9.999974358512776496e-01 5.188895999999999509e-01
9.999929137029184290e-01 3.168250034495355416e-03 2.033404944041912292e-03 -2.067999999999999960e-03 -3.171337154740001829e-03 9.999938209834903224e-01 1.516777996300606437e-03 -9.548400000000000290e-03 -2.028586847660091182e-03 -1.523215860610789953e-03 9.999967823192449368e-01 5.523569999999999869e-01
9.999959711624455405e-01 6.399330358178783673e-04 2.765527903856322082e-03 -2.255399999999999853e-03 -6.496637246739322752e-04 9.999935969159167160e-01 3.519099915031548287e-03 -1.002220000000000021e-02 -2.763258207656645992e-03 -3.520882400308361464e-03 9.999899838454388012e-01 5.856369999999999632e-01
9.999910064136763310e-01 -3.498518713181297812e-03 2.397385779621523730e-03 -2.277099999999999784e-03 3.494663511716806364e-03 9.999925969545688798e-01 1.610392187314312268e-03 -1.046039999999999991e-02 -2.403002018868561664e-03 -1.601999647505608594e-03 9.999958295805171371e-01 6.189078999999999553e-01
9.999888869367876687e-01 -4.252832025860878336e-03 2.034557122384444364e-03 -2.041299999999999799e-03 4.253943888946090830e-03 9.999908047993877336e-01 -5.424740202075174463e-04 -1.105609999999999926e-02 -2.032231363337211241e-03 5.511228834969189886e-04 9.999977831471693612e-01 6.525115999999999694e-01
9.999874819749661192e-01 -4.117500249769227502e-03 2.842900817845156816e-03 -2.190600000000000012e-03 4.126463841445887279e-03 9.999865111253831707e-01 -3.154340414307102783e-03 -1.154230000000000013e-02 -2.829874472868709918e-03 3.166032055624485968e-03 9.999909839851011117e-01 6.858488000000000362e-01
9.999932502019882596e-01 -9.168691905825414540e-04 3.557934984091344448e-03 -2.337300000000000055e-03 9.303244295239266855e-04 9.999924156666897268e-01 -3.781944678896483926e-03 -1.228540000000000014e-02 -3.554440450969960884e-03 3.785229185368168062e-03 9.999865189056774684e-01 7.193446000000000007e-01
9.999920882269200950e-01 -4.340746846788385866e-04 3.954119716425740644e-03 -2.421599999999999881e-03 4.579195588946888750e-04 9.999817056144378880e-01 -6.031479596023400086e-03 -1.291690000000000026e-02 -3.951429265631299301e-03 6.033242545081862751e-03 9.999739927573871867e-01 7.529506999999999728e-01
9.999926312141007578e-01 3.706108109449845079e-04 3.821016242589929911e-03 -2.342400000000000124e-03 -3.501852790462394935e-04 9.999856548194520078e-01 -5.344859734553880810e-03 -1.366370000000000084e-02 -3.822942292222663782e-03 5.343482285787684409e-03 9.999784159217096624e-01 7.867018999999999540e-01
9.999920364749679269e-01 6.947108113687002753e-04 3.929931746859379252e-03 -2.568899999999999829e-03 -6.780833491022011461e-04 9.999908205158333230e-01 -4.230731265655478246e-03 -1.427900000000000003e-02 -3.932834806863379565e-03 4.228032752840487490e-03 9.999833281357358716e-01 8.207101999999999453e-01
9.999923944210691307e-01 1.853525404002992483e-03 3.431551193498816495e-03 -2.577600000000000204e-03 -1.844464451089685656e-03 9.999948094942259225e-01 -2.641767494577238265e-03 -1.501300000000000030e-02 -3.436429965175200572e-03 2.635418028217538164e-03 9.999906227164887529e-01 8.549198999999999549e-01
9.999828813300213337e-01 4.651609218260654467e-03 3.549588509829373385e-03 -2.691600000000000156e-03 -4.642744183134902940e-03 9.999860932430987281e-01 -2.501648827189548608e-03 -1.557629999999999952e-02 -3.561175839310273816e-03 2.485126170882340658e-03 9.999905710428255157e-01 8.888707999999999609e-01
9.999704343376375482e-01 6.725952561146937396e-03 3.727199047759609685e-03 -2.725399999999999785e-03 -6.715534174343995404e-03 9.999735283974064970e-01 -2.800732974520439827e-03 -1.623339999999999853e-02 -3.745937979950695208e-03 2.775620036415135574e-03 9.999891318819739139e-01 9.232112999999999570e-01
9.999493813497808414e-01 9.272969795033590007e-03 3.904711176390331540e-03 -2.944399999999999795e-03 -9.263983169191632866e-03 9.999544125567074726e-01 -2.313314550783929658e-03 -1.693220000000000142e-02 -3.925984466546835437e-03 2.277024275305201701e-03 9.999897008501728024e-01 9.572587999999999653e-01
9.999401623414239104e-01 1.039716245089149227e-02 3.401580452760111922e-03 -2.950400000000000158e-03 -1.038851071295273862e-02 9.999427832066635213e-01 -2.551305171579208112e-03 -1.751329999999999901e-02 -3.427912159565037371e-03 2.515815152476958815e-03 9.999909600053117353e-01 9.917456999999999523e-01
9.999511436568465639e-01 9.393374865040743371e-03 3.078117608098943168e-03 -3.029599999999999915e-03 -9.385580649188571961e-03 9.999527364559364084e-01 -2.536874092684428435e-03 -1.825989999999999905e-02 -3.101801934689735283e-03 2.507860229234719525e-03 9.999920446992708323e-01 1.026130200000000103e+00
9.999613302260917935e-01 8.507601442169885828e-03 2.226829622204135051e-03 -2.957200000000000106e-03 -8.501417533794021833e-03 9.999600204642477008e-01 -2.771889798942663800e-03 -1.900229999999999975e-02 -2.250322728240660396e-03 2.752851402195861854e-03 9.999936789084100663e-01 1.060256400000000099e+00
9.999689149670070165e-01 7.870516752323655774e-03 4.733558472585337414e-04 -3.303400000000000173e-03 -7.869756202621806807e-03 9.999677725942341944e-01 -1.587674474590601266e-03 -2.026410000000000017e-02 -4.858364107770745343e-04 1.583899926562166343e-03 9.999986276110606198e-01 1.129498799999999914e+00
9.999672033858076903e-01 8.072324901793685378e-03 -6.555329484736536864e-04 -3.434800000000000006e-03 -8.073535106508529166e-03 9.999656693730356594e-01 -1.864968155412168862e-03 -2.089310000000000125e-02 6.404558147345509357e-04 1.870199459044069807e-03 9.999980460832574858e-01 1.164201899999999901e+00
9.999613375995349829e-01 8.581324671041780719e-03 -1.919419974650842138e-03 -3.600799999999999921e-03 -8.584106081592065771e-03 9.999621109995434631e-01 -1.445575358361500572e-03 -2.159830000000000083e-02 1.906942298259988768e-03 1.461995973625622837e-03 9.999971130652549611e-01 1.198867099999999963e+00
9.999617219348213570e-01 8.271776206719715779e-03 -2.851733425998818645e-03 -4.011999999999999941e-03 -8.273264837748775524e-03 9.999656455939924804e-01 -5.106081807268614964e-04 -2.221029999999999879e-02 2.847411819790584154e-03 5.341817815135876772e-04 9.999958034390707962e-01 1.233644100000000021e+00
9.999703945935428662e-01 6.877758806031979318e-03 -3.450560858806171662e-03 -4.195100000000000218e-03 -6.876540320429600818e-03 9.999762897516419891e-01 3.648667725809885904e-04 -2.279590000000000088e-02 3.452988510809381923e-03 -3.411280496782067564e-04 9.999939802328802196e-01 1.268298900000000007e+00
9.999867039818141068e-01 2.368180524309461844e-03 -4.580783840348556964e-03 -4.550300000000000178e-03 -2.367403586752357767e-03 9.999971823796556247e-01 1.750228765567437130e-04 -2.417040000000000161e-02 4.581185419206385522e-03 -1.641759853556156703e-04 9.999894928380000936e-01 1.338224199999999975e+00
9.999882715391388288e-01 1.697884623034242235e-03 -4.535854051065497071e-03 -4.947599999999999915e-03 -1.696105525221125324e-03 9.999984831849324518e-01 3.960478276378021621e-04 -2.478790000000000160e-02 4.536519614530260154e-03 -3.883498954887477342e-04 9.999896345333514347e-01 1.372843599999999942e+00
9.999944754818521631e-01 -4.061381036268547711e-04 -3.299099515968059726e-03 -5.377200000000000382e-03 4.110605733859343659e-04 9.999988031925030052e-01 1.491523639342370302e-03 -2.601950000000000096e-02 3.298489802998628463e-03 -1.492871529131647784e-03 9.999934456283287032e-01 1.441975599999999913e+00
9.999896144817588262e-01 -3.665636948689032608e-03 -2.708142238486089138e-03 -5.502800000000000399e-03 3.666743733770798548e-03 9.999931959302950091e-01 4.038359882293162621e-04 -2.746960000000000027e-02 2.706643495977864144e-03 -4.137618577664228976e-04 9.999962514340294817e-01 1.511611800000000061e+00
9.999942048222901780e-01 -2.778940181194545622e-03 -1.966675698954865100e-03 -5.822400000000000145e-03 2.779051490743594029e-03 9.999961369781000808e-01 5.386732475988672555e-05 -2.824329999999999896e-02 1.966518407570341190e-03 -5.933250562215671309e-05 9.999980646406304574e-01 1.545910399999999907e+00
9.999965904947711870e-01 2.484995982996831762e-03 -8.023676199196476356e-04 -6.255199999999999823e-03 -2.484199293917373381e-03 9.999964219442628588e-01 9.923973700314370292e-04 -2.956030000000000116e-02 8.048308524816466655e-04 -9.904007453725484095e-04 9.999991856764997022e-01 1.615558599999999956e+00
9.999839232560232549e-01 5.669676828364608907e-03 8.941003086413472020e-05 -6.702900000000000351e-03 -5.669869901405049685e-03 9.999812080383171375e-01 2.331554316143242232e-03 -3.021280000000000146e-02 -7.618919119394981733e-05 -2.332023775584313695e-03 9.999972779264537648e-01 1.650582800000000017e+00
9.999510627969191434e-01 9.864482237844260717e-03 7.510003268865393612e-04 -6.914599999999999913e-03 -9.866458066122360884e-03 9.999477491295436504e-01 2.674325333365733855e-03 -3.082089999999999830e-02 -7.245802517165433930e-04 -2.681604172596661114e-03 9.999961419838180321e-01 1.685143499999999905e+00
9.999026292394239679e-01 1.389513720910680490e-02 1.287323590665705739e-03 -7.167100000000000033e-03 -1.389816501686826251e-02 9.999005983145776710e-01 2.373710031471225161e-03 -3.139229999999999798e-02 -1.254212601949183633e-03 -2.391370337213253282e-03 9.999963541426835079e-01 1.719456600000000002e+00
9.998571622359871958e-01 1.680475189570912117e-02 1.804283548205324293e-03 -7.353099999999999567e-03 -1.680763902384452627e-02 9.998574661239267858e-01 1.597093198525013653e-03 -3.185659999999999881e-02 -1.777187621722125990e-03 -1.627190819878512884e-03 9.999970969228825224e-01 1.754039799999999927e+00
9.998168152237915107e-01 1.890998122688327884e-02 2.957804211506955688e-03 -7.748900000000000406e-03 -1.891586745609897743e-02 9.998191284803776835e-01 1.974913446526086955e-03 -3.315970000000000029e-02 -2.919923652765947682e-03 -2.030501104874311152e-03 9.999936755355630646e-01 1.822922699999999896e+00
9.998469966380976182e-01 1.719681952040455486e-02 3.201985658687872115e-03 -8.163500000000000617e-03 -1.719946050720919800e-02 9.998517590164653912e-01 7.990931991107646203e-04 -3.454100000000000226e-02 -3.187769131659474574e-03 -8.540433610460796115e-04 9.999945543541227666e-01 1.891048400000000074e+00
9.998561626936552926e-01 1.675329560000136594e-02 2.642160112040735365e-03 -8.059600000000000097e-03 -1.675469838205448023e-02 9.998595002824864908e-01 5.096832180248703258e-04 -3.504489999999999689e-02 -2.633250015677437821e-03 -5.538785023180382372e-04 9.999963795999261551e-01 1.925078899999999926e+00
9.998605570305052481e-01 1.660578805397534483e-02 1.764737304581260116e-03 -8.062100000000000863e-03 -1.660625479048324568e-02 9.998620753504560144e-01 2.501553768521995718e-04 -3.631650000000000156e-02 -1.760339876638418628e-03 -2.794261717617632776e-04 9.999984115610051072e-01 1.992432100000000039e+00
9.998697824710930382e-01 1.613747372409726072e-02 6.558434733543379538e-06 -8.415600000000000511e-03 -1.613746572129773349e-02 9.998686843237377664e-01 1.481994875673259314e-03 -3.758109999999999923e-02 1.735807985717288871e-05 -1.481907730478394325e-03 9.999989018234847205e-01 2.060255100000000006e+00
9.999021121326937545e-01 1.394383864031716914e-02 -1.155645512631386191e-03 -8.617400000000000754e-03 -1.394106005729619895e-02 9.998999897609260890e-01 2.378512261673225350e-03 -3.811180000000000123e-02 1.188695527428170395e-03 -2.362168510684028912e-03 9.999965035753226594e-01 2.094035600000000219e+00
9.999491333881004307e-01 9.604992264167746402e-03 -3.078109808365767433e-03 -8.913300000000000736e-03 -9.595943249856544316e-03 9.999496323300531841e-01 2.941203178487800801e-03 -3.930789999999999978e-02 3.106205004923600493e-03 -2.911516202409297933e-03 9.999909372408685160e-01 2.161392000000000202e+00
9.999600687403874533e-01 8.180991832049703746e-03 -3.596150353289779590e-03 -9.159499999999999240e-03 -8.171630743795630161e-03 9.999632051927713761e-01 2.610117159527343498e-03 -4.001890000000000308e-02 3.617371380793551507e-03 -2.580626521475173300e-03 9.999901274467913881e-01 2.194620099999999852e+00
9.999598250704012647e-01 8.110325610986174674e-03 -3.817180065986434077e-03 -9.785000000000000295e-03 -8.104307264026106364e-03 9.999658962914462768e-01 1.589483505637192097e-03 -4.115429999999999783e-02 3.829941114773975815e-03 -1.558484048112385558e-03 9.999914513027243768e-01 2.261135100000000175e+00
9.999530187879410725e-01 9.101447017138643292e-03 -3.335247978452899817e-03 -1.059479999999999970e-02 -9.100337864949931133e-03 9.999585306595286660e-01 3.475801781775807653e-04 -4.251400000000000318e-02 3.338273150494815503e-03 -3.172119649722096374e-04 9.999943776386654992e-01 2.327806499999999890e+00
9.999406835307254049e-01 1.050187320000094474e-02 -2.887919561996024880e-03 -1.122489999999999946e-02 -1.049500215144940143e-02 9.999420836104992993e-01 2.384188443496387377e-03 -4.384529999999999678e-02 2.912790748840332362e-03 -2.353738299839473313e-03 9.999929877584488036e-01 2.393886100000000017e+00
9.999391902557004386e-01 1.070771522780242929e-02 -2.638299712748222187e-03 -1.180930000000000001e-02 -1.070154522547287976e-02 9.999399947651730347e-01 2.341751227794072222e-03 -4.500370000000000065e-02 2.663216206235990025e-03 -2.313374942806369419e-03 9.999937777685483642e-01 2.459598999999999869e+00
9.999417246658843794e-01 1.046118071696030064e-02 -2.666640250162371356e-03 -1.209409999999999999e-02 -1.046091506382445732e-02 9.999452766839361795e-01 1.135496089322667181e-04 -4.563190000000000301e-02 2.667682185744513733e-03 -8.564749462814333651e-05 9.999964380617875070e-01 2.492663600000000201e+00
9.999664652272512999e-01 7.697635390918130746e-03 -2.795501798372825031e-03 -1.237100000000000005e-02 -7.697435770791889384e-03 9.999703709272135255e-01 8.215987784906543631e-05 -4.680109999999999826e-02 2.796051407030011177e-03 -6.063892709612468050e-05 9.999960892020777203e-01 2.558772999999999964e+00
9.999913594969270791e-01 3.812308088974530364e-03 -1.657479569205438539e-03 -1.251659999999999925e-02 -3.807668543795453275e-03 9.999888493404921475e-01 2.793359078091282605e-03 -4.807970000000000299e-02 1.668110232623938984e-03 -2.787023809245937640e-03 9.999947249393561499e-01 2.624115699999999940e+00
9.999871756149346647e-01 5.059054058611399916e-03 -2.336187018345436863e-04 -1.268530000000000005e-02 -5.059311308259813005e-03 9.999865810827477386e-01 -1.114012353353208400e-03 -4.911999999999999700e-02 2.279797182069404060e-04 1.115180016569833951e-03 9.999993521991795697e-01 2.689092599999999944e+00
9.999492175394150140e-01 9.843294723350682132e-03 2.161455829066842582e-03 -1.311479999999999937e-02 -9.836430207479889345e-03 9.999466158689955808e-01 -3.163866766607955922e-03 -5.034050000000000330e-02 -2.192483314674840283e-03 3.142445088259418224e-03 9.999926590009459160e-01 2.754233600000000060e+00
9.999296464748981261e-01 1.080924112668001612e-02 4.884916258289642710e-03 -1.342819999999999951e-02 -1.081357669647105453e-02 9.999411600239330733e-01 8.620029122371186941e-04 -5.148490000000000011e-02 -4.875311232603644906e-03 -9.147656839084482121e-04 9.999876971963849170e-01 2.819507100000000044e+00
9.999223032893911345e-01 1.059356564280027231e-02 6.569912587734449451e-03 -1.322410000000000078e-02 -1.059882090907352144e-02 9.999435378339422975e-01 7.655974638292906446e-04 -5.250719999999999693e-02 -6.561431229249898960e-03 -8.351713063303659165e-04 9.999781248152945778e-01 2.884669300000000103e+00
9.998877339617461280e-01 1.276499508270149096e-02 7.846934011630531461e-03 -1.320170000000000024e-02 -1.276788824503462087e-02 9.999184363995344826e-01 3.187131506592839674e-04 -5.312059999999999699e-02 -7.842225615638969902e-03 -4.188661465231798171e-04 9.999691615487673602e-01 2.917105199999999954e+00
9.998541078814388028e-01 1.458577229074084491e-02 8.889218148679482734e-03 -1.320140000000000029e-02 -1.458716421424554460e-02 9.998935974487742628e-01 9.176674296540725684e-05 -5.378890000000000060e-02 -8.886933824373305368e-03 -2.214218397919019460e-04 9.999604859091033582e-01 2.949631000000000114e+00
9.997996323808024943e-01 1.663542892663240347e-02 1.113362455083744332e-02 -1.298219999999999930e-02 -1.661448960365811273e-02 9.998600279547102954e-01 -1.970592199246968927e-03 -5.485600000000000198e-02 -1.116484780111152639e-02 1.785217867028675168e-03 9.999360775423322689e-01 3.014900900000000217e+00
9.998016859309020177e-01 1.590854015237802566e-02 1.197944739735989916e-02 -1.268290000000000042e-02 -1.588506955946074328e-02 9.998717190046423342e-01 -2.051852770729788861e-03 -5.555870000000000253e-02 -1.201055264411385326e-02 1.861151504266672597e-03 9.999261386423804465e-01 3.047541100000000114e+00
9.998086372218730755e-01 1.388520385897302339e-02 1.378005988143252494e-02 -1.230760000000000014e-02 -1.388146877400711285e-02 9.999035805420541934e-01 -3.666658642206597303e-04 -5.665189999999999809e-02 -1.378382244580112631e-02 1.753082270741844299e-04 9.999049832388116066e-01 3.112327099999999902e+00
9.998424566914345668e-01 1.060362851551926999e-02 1.423463591180205469e-02 -1.184610000000000003e-02 -1.061113468295839940e-02 9.999435982166109405e-01 4.518919747626574729e-04 -5.792839999999999795e-02 -1.422904135832120907e-02 -6.028664210288471733e-04 9.998985803240754144e-01 3.177551699999999979e+00
9.998819348822801656e-01 7.701496546703853578e-03 1.329673820937612126e-02 -1.115239999999999981e-02 -7.708848682366413289e-03 9.999701604982308423e-01 5.017620299178158355e-04 -5.891509999999999803e-02 -1.329247712279211895e-02 -6.042053321498065937e-04 9.999114685750216669e-01 3.242919000000000107e+00
9.999046937032280979e-01 6.370718736838435793e-03 1.224816121014062932e-02 -1.107280000000000070e-02 -6.379376800423017767e-03 9.999794284875413997e-01 6.679471298200781969e-04 -5.958080000000000320e-02 -1.224365394364453942e-02 -7.460191057245080335e-04 9.999247653666760716e-01 3.275373000000000090e+00
9.999433964089626814e-01 3.333338925786644320e-03 1.010409964885084812e-02 -1.065520000000000009e-02 -3.352963147691232111e-03 9.999925242713010309e-01 1.925886715645775630e-03 -6.092920000000000280e-02 -1.009760448018721078e-02 -1.959656377304935717e-03 9.999470976659937671e-01 3.340341800000000028e+00
9.999675492035702273e-01 2.797990204933272374e-03 7.554587389020987927e-03 -1.014080000000000016e-02 -2.807962921441624609e-03 9.999951998677143461e-01 1.309803711146935185e-03 -6.186389999999999945e-02 -7.550886308047983532e-03 -1.330974208248503470e-03 9.999706058798027986e-01 3.405125099999999794e+00
9.999830879242970205e-01 9.900274084402597898e-04 5.730943300916111101e-03 -1.000179999999999993e-02 -9.803635933185296612e-04 9.999980933924165205e-01 -1.688815785304511067e-03 -6.286880000000000246e-02 -5.732604348171411492e-03 1.683168815756510813e-03 9.999821519357857680e-01 3.469664100000000140e+00
9.999791782431652898e-01 -4.802290448937256151e-03 4.310578449347346464e-03 -9.562400000000000413e-03 4.811253846171249099e-03 9.999862803925549937e-01 -2.071439859187770415e-03 -6.347629999999999939e-02 -4.300571654051834822e-03 2.092136015314369647e-03 9.999885639597794196e-01 3.502367299999999961e+00
9.999195131139101411e-01 -1.222768701262950605e-02 3.383927357665749130e-03 -9.398200000000000651e-03 1.222702012826521953e-02 9.999252234986243382e-01 2.176924644022506660e-04 -6.407169999999999532e-02 -3.386336194736752538e-03 -1.762995950988992364e-04 9.999942508062877877e-01 3.534802200000000116e+00
9.997525768568055193e-01 -2.222794047219589161e-02 8.388864891194849904e-04 -9.054500000000000048e-03 2.222929429808144161e-02 9.997515526289613152e-01 -1.640576420166462096e-03 -6.520489999999999620e-02 -8.022114349691151364e-04 1.658818358241255292e-03 9.999983023877930810e-01 3.599437200000000114e+00
9.998324504728470785e-01 -1.813422021222656569e-02 2.494201025626904388e-03 -9.461300000000000612e-03 1.815045609036109939e-02 9.998131610455457396e-01 -6.648604652511586229e-03 -6.673149999999999915e-02 -2.373167750842398050e-03 6.692761568142006727e-03 9.999747871908662988e-01 3.664426100000000019e+00
9.997604991048685275e-01 -2.158118938100734782e-02 3.632725489927883262e-03 -9.263600000000000306e-03 2.159178051109139976e-02 9.997626586852688124e-01 -2.901949848549178861e-03 -6.841250000000000109e-02 -3.569235764828321365e-03 2.979691840398394562e-03 9.999891909378777477e-01 3.729555400000000187e+00
9.996378158462171371e-01 -2.659028274806444006e-02 4.146564069494069506e-03 -9.098699999999999496e-03 2.659169696324139784e-02 9.996463373070142433e-01 -2.862888161659048734e-04 -6.900130000000000152e-02 -4.137485083909154572e-03 3.964493020679356046e-04 9.999913619852579538e-01 3.761935499999999877e+00
9.994636815309343447e-01 -3.246982328984542726e-02 4.249691301388589318e-03 -8.632499999999999549e-03 3.246505548747067454e-02 9.994721673049575816e-01 1.186151308366761685e-03 -7.023369999999999613e-02 -4.285962298753566088e-03 -1.047548689608776475e-03 9.999902665370881127e-01 3.827003200000000049e+00
9.996434939444048817e-01 -2.592107335886454506e-02 6.401794322441044065e-03 -8.588099999999999554e-03 2.591670348484458736e-02 9.996638133983096752e-01 7.646322174909618791e-04 -7.127799999999999414e-02 -6.419462212765197733e-03 -5.984462162494571255e-04 9.999792159675244818e-01 3.892235799999999912e+00
9.997249419451871288e-01 -2.240867460433530398e-02 6.920386923364578100e-03 -8.574399999999999383e-03 2.241783334177813516e-02 9.997479089605760816e-01 -1.248710220907840729e-03 -7.190199999999999370e-02 -6.890660414816420637e-03 1.403506833812060740e-03 9.999752741781243737e-01 3.924855899999999842e+00
9.998110722512766335e-01 -1.763400194832251064e-02 8.176905223798764180e-03 -8.402200000000000293e-03 1.764112747304134518e-02 9.998440630650792249e-01 -8.001093635736987279e-04 -7.296890000000000320e-02 -8.161521012184898630e-03 9.442080281009178431e-04 9.999662484534002083e-01 3.990937900000000038e+00
9.998725622472541819e-01 -1.420090063713388799e-02 7.293400181325733304e-03 -8.302600000000000258e-03 1.422814316582445525e-02 9.998919401403872920e-01 -3.697023714402922472e-03 -7.413210000000000632e-02 -7.240110991104677617e-03 3.800324115954463369e-03 9.999665686058959446e-01 4.056736500000000412e+00
9.999650426331314623e-01 -4.537290238314552367e-03 7.023283349887656998e-03 -8.436600000000000696e-03 4.593756146657240226e-03 9.999570893966998053e-01 -8.044673377180863380e-03 -7.549110000000000542e-02 -6.986480958577253805e-03 8.076655407640543141e-03 9.999429767347944864e-01 4.122275799999999712e+00
9.999721664311187475e-01 -5.873808993038064216e-04 7.437832125969556091e-03 -8.590699999999999725e-03 6.390031989695481611e-04 9.999757135331787117e-01 -6.940030167215092277e-03 -7.618229999999999447e-02 -7.433575046145592113e-03 6.944589799929288751e-03 9.999482559785500824e-01 4.155296800000000346e+00
9.999575816155236163e-01 3.801733186631100613e-03 8.389385818460966607e-03 -8.820800000000000168e-03 -3.778179056260066049e-03 9.999888816929293212e-01 -2.821675662335438716e-03 -7.766510000000000080e-02 -8.400019800700713954e-03 2.789859369618132110e-03 9.999608274087767867e-01 4.221375000000000099e+00
9.999824646431118014e-01 -2.239586970975312747e-03 5.482212736405010084e-03 -8.299300000000000774e-03 2.247591934526502796e-03 9.999964164537020750e-01 -1.454444997204943019e-03 -7.899150000000000615e-02 -5.478935734576114228e-03 1.466741270122544913e-03 9.999839148372652309e-01 4.287806500000000298e+00
9.999975635155975429e-01 -7.114742465162114411e-04 2.089681139550848225e-03 -8.238199999999999343e-03 7.329058103618688123e-04 9.999469616759619761e-01 -1.027310489021669368e-02 -8.032019999999999438e-02 -2.082261256804283315e-03 1.027461139940584467e-02 9.999450467643957730e-01 4.354477900000000012e+00
9.999887096973755218e-01 4.512571091342943569e-03 1.489019786130278342e-03 -8.503800000000000595e-03 -4.496069823464170223e-03 9.999304283854582032e-01 -1.090521641310204445e-02 -8.126579999999999915e-02 -1.538126756950275367e-03 1.089839855298159466e-02 9.999394277030283495e-01 4.388034799999999791e+00
9.999718133823451982e-01 7.442813451062390076e-03 9.884172989006946748e-04 -8.501500000000000376e-03 -7.432907298894161907e-03 9.999255816993271040e-01 -9.673828215780543374e-03 -8.215790000000000592e-02 -1.060344241332633088e-03 9.666208729128015695e-03 9.999527189216972367e-01 4.421742899999999921e+00
9.999496329243359183e-01 9.922896036395678632e-03 1.505904624076051437e-03 -8.970399999999999902e-03 -9.916408424821148565e-03 9.999417734886136833e-01 -4.256110477689283543e-03 -8.359519999999999451e-02 -1.548049882292836139e-03 4.240962944549653800e-03 9.999898088355025916e-01 4.489366099999999804e+00
9.999712729382019827e-01 7.434203874173249751e-03 1.478482705105113766e-03 -8.798099999999999671e-03 -7.429671604963803550e-03 9.999677552000739711e-01 -3.047710610811440405e-03 -8.472159999999999414e-02 -1.501092333756347090e-03 3.036638418067831146e-03 9.999942627580037380e-01 4.557061700000000215e+00
9.999957427541483757e-01 2.379697360952404746e-03 1.688642664807272131e-03 -8.845300000000000384e-03 -2.375493735256883811e-03 9.999940858970483015e-01 -2.487006320939740434e-03 -8.606669999999999598e-02 -1.694551000379316023e-03 2.482984373071060302e-03 9.999954816325472562e-01 4.624821700000000035e+00
9.999806259637055161e-01 -5.696730512773852569e-03 2.508975627731308000e-03 -8.488499999999999518e-03 5.696014717747552476e-03 9.999837348424934769e-01 2.923470419583465039e-04 -8.743159999999999821e-02 -2.510600241161785838e-03 -2.780502159141175949e-04 9.999968097821645419e-01 4.693164799999999914e+00
9.999772510337643361e-01 -5.828026283722896779e-03 3.395809858047610028e-03 -8.757199999999999707e-03 5.842679598619645968e-03 9.999735944083997241e-01 -4.321293909593082634e-03 -8.857919999999999683e-02 -3.370535575194546531e-03 4.341036233602245560e-03 9.999848973331321167e-01 4.761813599999999980e+00
9.999308969038507300e-01 1.046056772092918141e-02 5.364507434657985081e-03 -9.496499999999999733e-03 -1.041125607964419469e-02 9.999040358730204581e-01 -9.139189881459973408e-03 -9.036479999999999513e-02 -5.459593749054786511e-03 9.082707074499488803e-03 9.999438470575705562e-01 4.830571700000000135e+00
9.997857856027257961e-01 1.935347497867705505e-02 7.336614545548566374e-03 -9.752200000000000799e-03 -1.932880075144608259e-02 9.998073344111643168e-01 -3.419286351415912108e-03 -9.181899999999999784e-02 -7.401376105234148961e-03 3.276745930309966828e-03 9.999672407473441105e-01 4.900194199999999611e+00
9.998249638364250513e-01 1.747350162315379832e-02 6.687184049885361997e-03 -9.504600000000000201e-03 -1.745172496895719752e-02 9.998422575947517599e-01 -3.301094278863608931e-03 -9.235010000000000441e-02 -6.743810873628902983e-03 3.183813571130041011e-03 9.999721917863741982e-01 4.935120099999999788e+00
9.998881937481679527e-01 1.403447248774291473e-02 5.160773683948570965e-03 -9.257500000000000104e-03 -1.401830733674170812e-02 9.998967603744227661e-01 -3.155257857439996462e-03 -9.307920000000000083e-02 -5.204523267197727447e-03 3.082559768288432346e-03 9.999817052140684837e-01 4.970098499999999753e+00
9.999058753727122495e-01 1.321997371345194107e-02 3.670516332310135976e-03 -9.138699999999999601e-03 -1.320373986989584365e-02 9.999030916210055464e-01 -4.412325940269671946e-03 -9.450110000000000454e-02 -3.728491461467846584e-03 4.363446088895044962e-03 9.999835292091820982e-01 5.039989000000000274e+00
9.998908175966606526e-01 1.428468067606696382e-02 3.781637722510057444e-03 -9.298499999999999474e-03 -1.426928051838648528e-02 9.998899114759288720e-01 -4.068484010872608185e-03 -9.522949999999999471e-02 -3.839338402525614268e-03 4.014078554528945249e-03 9.999845732080014926e-01 5.075067999999999913e+00
9.998786211826724557e-01 1.518098662002961841e-02 3.504361151513718780e-03 -9.221800000000000483e-03 -1.517126356675211479e-02 9.998810321232717291e-01 -2.784665489616931170e-03 -9.611300000000000399e-02 -3.546218214647366574e-03 2.731161903550446881e-03 9.999899824953401017e-01 5.110451699999999597e+00
9.998975906342669751e-01 1.396619253855173673e-02 3.123092980354255296e-03 -9.223900000000000154e-03 -1.395545308545899366e-02 9.998967195193145807e-01 -3.434475752238661320e-03 -9.681120000000000003e-02 -3.170736975434771537e-03 3.390539852186388869e-03 9.999892252752242694e-01 5.145870200000000061e+00
9.998975110409410449e-01 1.405002401782151633e-02 2.750316205392257501e-03 -9.247299999999999964e-03 -1.403718195198820975e-02 9.998907348391335992e-01 -4.634210364689133645e-03 -9.744120000000000559e-02 -2.815126458577161313e-03 4.595128720292203893e-03 9.999854798221152752e-01 5.181219099999999855e+00
9.999148881797498278e-01 1.284377594782457402e-02 2.292120389602804800e-03 -9.217400000000000593e-03 -1.283240146050450281e-02 9.999056062462201577e-01 -4.909996958791160854e-03 -9.821950000000000125e-02 -2.354966928598328443e-03 4.880165650977383654e-03 9.999853189492254879e-01 5.216778299999999646e+00
9.999061446735776348e-01 1.349591006629510988e-02 2.358443449568449739e-03 -9.442600000000000646e-03 -1.348417639774222680e-02 9.998969691491427225e-01 -4.922202071511077963e-03 -9.902940000000000353e-02 -2.424630053618386741e-03 4.889938429130858376e-03 9.999851047246965940e-01 5.252508599999999639e+00
9.999014874746695591e-01 1.394529346760467990e-02 1.595034810184113323e-03 -9.766699999999999687e-03 -1.393631434123127934e-02 9.998877118686930743e-01 -5.508429592165189730e-03 -1.004088000000000064e-01 -1.671672373914289637e-03 5.485658036355527990e-03 9.999835563984952325e-01 5.324080000000000368e+00
9.998954735256208037e-01 1.442428970727876493e-02 9.909033327579720111e-04 -9.707699999999999663e-03 -1.441844228969561999e-02 9.998799472516662901e-01 -5.674469661893366199e-03 -1.013137000000000065e-01 -1.072634566427855618e-03 5.659589247067598611e-03 9.999834091146919679e-01 5.359778399999999721e+00
9.998946011222021868e-01 1.450893279389901119e-02 5.267977357639434420e-04 -1.008629999999999943e-02 -1.450579172721324500e-02 9.998794171742675374e-01 -5.543745810709151817e-03 -1.028918000000000055e-01 -6.071680483984138012e-04 5.535519887884548032e-03 9.999844945630566029e-01 5.431699300000000008e+00
9.999257513766336425e-01 1.217477156512655236e-02 5.164021801996395052e-04 -1.033099999999999991e-02 -1.217146703747942586e-02 9.999080371251675148e-01 -5.981026889271026138e-03 -1.043860999999999956e-01 -5.891723264723326779e-04 5.974297434143798109e-03 9.999819801607117142e-01 5.503377000000000407e+00
9.999524687283678492e-01 9.695049576205665501e-03 1.032616946084979328e-03 -1.075360000000000031e-02 -9.690269285815235681e-03 9.999427516820230677e-01 -4.537845276378527255e-03 -1.062535000000000007e-01 -1.076552465425341864e-03 4.527623250545411392e-03 9.999891707726090706e-01 5.575972100000000431e+00
9.999461559564352120e-01 1.029731525607057926e-02 1.284712600348251283e-03 -1.129909999999999942e-02 -1.029155798925899395e-02 9.999373147570717046e-01 -4.410259694218837505e-03 -1.071069999999999939e-01 -1.330045902259318442e-03 4.396800533777714924e-03 9.999894495058254673e-01 5.611843099999999751e+00
9.999431016048320187e-01 1.065126961209077010e-02 5.865224285075173582e-04 -1.107370000000000056e-02 -1.064836662131791491e-02 9.999320312428182644e-01 -4.748176798478620682e-03 -1.079507999999999995e-01 -6.370566745534623435e-04 4.741661128988440034e-03 9.999885553387755088e-01 5.648482800000000026e+00
9.999351712260045044e-01 1.134654950609488046e-02 9.534985719640168365e-04 -1.129390000000000081e-02 -1.134140442080793475e-02 9.999219624234282344e-01 -5.238473923183061681e-03 -1.087988000000000011e-01 -1.012862766951979797e-03 5.227320306421708029e-03 9.999858245152425384e-01 5.684809200000000118e+00
9.999204672520818349e-01 1.256591487926802218e-02 1.075617787820538906e-03 -1.107709999999999945e-02 -1.256071469275644135e-02 9.999100085331446008e-01 -4.712035829024027213e-03 -1.094976000000000005e-01 -1.134732032533614099e-03 4.698150539714988742e-03 9.999883198141469309e-01 5.721076499999999676e+00
9.999143709314007866e-01 1.292739634830098946e-02 2.033034312310289578e-03 -1.130659999999999998e-02 -1.292202903791868362e-02 9.999130446956863150e-01 -2.631389926570352165e-03 -1.102718000000000032e-01 -2.066874549720684132e-03 2.604893674683059906e-03 9.999944712639862177e-01 5.757267999999999830e+00
9.999111996669041158e-01 1.306722854143329941e-02 2.615400340045970912e-03 -1.146490000000000009e-02 -1.306137468766297403e-02 9.999121810240455543e-01 -2.242929112759708098e-03 -1.109910000000000063e-01 -2.644479525585062378e-03 2.208569216107803164e-03 9.999940644574129012e-01 5.793841399999999808e+00
9.999129713324002022e-01 1.281512574432058446e-02 3.134057014156996310e-03 -1.143369999999999977e-02 -1.280226309900777196e-02 9.999096815005861227e-01 -4.090342398893678788e-03 -1.116194999999999965e-01 -3.186192203009548859e-03 4.049863399382147913e-03 9.999867233047106119e-01 5.830390500000000031e+00
9.999109881914080011e-01 1.286034689872402395e-02 3.553473192021396748e-03 -1.132670000000000031e-02 -1.284179525166148292e-02 9.999040449320696355e-01 -5.195115321155376747e-03 -1.124225999999999975e-01 -3.619943203468802169e-03 5.149019919380590227e-03 9.999801916063504326e-01 5.866541899999999643e+00
9.998970723586030340e-01 1.383679787853550960e-02 3.793113913796106358e-03 -1.137980000000000068e-02 -1.381921817757615634e-02 9.998938260629258723e-01 -4.622316540846979627e-03 -1.132930999999999938e-01 -3.856669243664419440e-03 4.569422907960491581e-03 9.999821230785244097e-01 5.903289799999999587e+00
9.998959298982018629e-01 1.390648057591351364e-02 3.839162799605424104e-03 -1.149470000000000006e-02 -1.389194744455528319e-02 9.998963325087739662e-01 -3.786559348659229197e-03 -1.140294000000000030e-01 -3.891422517261254512e-03 3.732831833199139714e-03 9.999854612929616193e-01 5.940155500000000366e+00
9.998903823306103389e-01 1.429658014125394748e-02 3.851119189333006808e-03 -1.158980000000000080e-02 -1.428379872507734051e-02 9.998924489872953458e-01 -3.326191842089762981e-03 -1.147945999999999966e-01 -3.898258165799768811e-03 3.270818621325374386e-03 9.999870525805917287e-01 5.976389400000000407e+00
9.998794351651307810e-01 1.511125836313023142e-02 3.572814652593318471e-03 -1.165910000000000037e-02 -1.509777835110583631e-02 9.998789137127236382e-01 -3.770278706494472470e-03 -1.153534999999999977e-01 -3.629355689366755428e-03 3.715882579750375524e-03 9.999865099059753737e-01 6.013171200000000383e+00
9.998617507396012627e-01 1.622937778726998848e-02 3.617555055221442599e-03 -1.165459999999999934e-02 -1.621665178850926342e-02 9.998623059515370226e-01 -3.519849719131934798e-03 -1.161226999999999954e-01 -3.674181910266559499e-03 3.460698471855262227e-03 9.999872618955589765e-01 6.049857099999999654e+00
9.998453773029831737e-01 1.713722501928269942e-02 3.941700710813553221e-03 -1.180860000000000069e-02 -1.712259416437798137e-02 9.998464919584517663e-01 -3.716084964003621861e-03 -1.167369000000000046e-01 -4.004779012275970149e-03 3.648018231335443690e-03 9.999853267463711948e-01 6.086580299999999610e+00
9.998388537053989333e-01 1.750720190758194017e-02 3.970453682027406429e-03 -1.182689999999999957e-02 -1.749414052092490568e-02 9.998415171276081592e-01 -3.300859796622564960e-03 -1.174884999999999957e-01 -4.027613252051270680e-03 3.230868200652130349e-03 9.999866698222341643e-01 6.123180900000000371e+00
