1.000000000000000000e+00 0.000000000000000000e+00 0.000000000000000000e+00 0.000000000000000000e+00 0.000000000000000000e+00 1.000000000000000000e+00 0.000000000000000000e+00 0.000000000000000000e+00 0.000000000000000000e+00 0.000000000000000000e+00 1.000000000000000000e+00 0.000000000000000000e+00
9.999981765618861651e-01 -1.909181930302630750e-03 4.355754614714151880e-05 -2.031000000000000036e-04 1.909215896380281330e-03 9.999978625773477958e-01 -7.935586914298548662e-04 -1.144000000000000052e-03 -4.204240513194323312e-05 7.936404051842026750e-04 9.999996841836218398e-01 6.311619999999999731e-02
9.999969553722066751e-01 -2.461403937519710764e-03 1.753196314734845659e-04 -2.946000000000000051e-04 2.461392501438834212e-03 9.999969686292676796e-01 6.541581763234440797e-05 -1.631599999999999977e-03 -1.754801147657812361e-04 -6.498408803926405703e-05 9.999999824918985869e-01 9.468619999999999814e-02
9.999945407828455535e-01 -3.304216336098036999e-03 2.364127790949775503e-05 -3.750000000000000078e-04 3.304172253379212762e-03 9.999931470153428092e-01 1.669840732246098951e-03 -2.719399999999999856e-03 -2.915863092235243596e-05 -1.669753501368425458e-03 9.999986055355372105e-01 1.587162000000000017e-01
9.999972285253951876e-01 -2.343823294567181064e-03 -2.223373389620222646e-04 -5.450999999999999682e-04 2.343773432167095463e-03 9.999972282127752576e-01 -2.242607085253270566e-04 -3.159900000000000209e-03 2.228623501629243674e-04 2.237389786444305946e-04 9.999999501366199084e-01 1.908135999999999999e-01
9.999999778271009276e-01 2.082349296318769429e-04 3.136896099312526105e-05 -9.181999999999999841e-04 -2.081648029148432490e-04 9.999975159021650128e-01 -2.219201864170047226e-03 -3.809700000000000066e-03 -3.183099841358155832e-05 2.219195285050325119e-03 9.999975370765041838e-01 2.227490000000000026e-01
9.999927465702524998e-01 3.800166644080969335e-03 -2.560085150277937476e-04 -9.663000000000000148e-04 -3.801008494901475087e-03 9.999870898308123035e-01 -3.372314653837411250e-03 -4.325999999999999984e-03 2.431898522536928757e-04 3.373263283530371099e-03 9.999942809604041027e-01 2.551996000000000264e-01
9.999816544052918532e-01 6.047985151077667383e-03 -3.357506036976735594e-04 -1.036599999999999935e-03 -6.049140656155025005e-03 9.999753867827921860e-01 -3.554395296977985296e-03 -4.858600000000000245e-03 3.142454098179539839e-04 3.556361092109590425e-03 9.999936267524933697e-01 2.877470999999999779e-01
9.999736817432028912e-01 7.254294948821090813e-03 1.050035193043929148e-04 -1.378300000000000055e-03 -7.253998607012705074e-03 9.999703332002560785e-01 -2.590795935250807692e-03 -5.484600000000000065e-03 -1.237948020525294680e-04 2.589966054635309701e-03 9.999966383696911043e-01 3.199691000000000063e-01
9.999903454782728129e-01 4.351718856467482952e-03 6.095024520475979691e-04 -1.466300000000000025e-03 -4.351859900861745900e-03 9.999905040994863104e-01 2.302743116932562048e-04 -6.159200000000000091e-03 -6.084945752085947363e-04 -2.329245577854535893e-04 9.999997877402286850e-01 3.524363999999999830e-01
9.999996408227018740e-01 4.794924397304700637e-04 6.988858759005278903e-04 -1.419799999999999925e-03 -4.809069790831847183e-04 9.999978335814111441e-01 2.025231088489452044e-03 -6.684599999999999743e-03 -6.979132788255369702e-04 -2.025566460167725017e-03 9.999977049961518150e-01 3.849676000000000209e-01
9.999978003110071567e-01 -2.016097687569132386e-03 5.785527299066434538e-04 -1.557699999999999970e-03 2.016300173223204394e-03 9.999979061486145016e-01 -3.496169307567020389e-04 -7.221499999999999621e-03 -5.778466566175747892e-04 3.507826976777172513e-04 9.999997715223440942e-01 4.176605999999999930e-01
9.999946599382004697e-01 -3.242926236006003944e-03 4.043816397253312375e-04 -1.640500000000000031e-03 3.243860595417919282e-03 9.999920201335797953e-01 -2.331745612093742530e-03 -7.793200000000000127e-03 -3.968167337927127670e-04 2.333044918094689078e-03 9.999971997150240988e-01 4.504812999999999734e-01
9.999992356217040079e-01 -8.069886550670987832e-04 9.367632135258773885e-04 -1.763599999999999933e-03 8.106080663720197392e-04 9.999921836966878530e-01 -3.869813960948942540e-03 -8.473700000000000676e-03 -9.336329955367627222e-04 3.870570350764305882e-03 9.999920734758798169e-01 4.834786999999999835e-01
9.999972845225572060e-01 1.710015195469596514e-03 1.583286311144932023e-03 -1.904899999999999953e-03 -1.707581566661612064e-03 9.999973606603211884e-01 -1.537152427278754008e-03 -9.126600000000000337e-03 -1.585910686322947964e-03 1.534444662656352792e-03 9.999975651804718924e-01 5.165418000000000509e-01
9.999937920153240123e-01 2.571103825521218588e-03 2.409430623881059826e-03 -2.131699999999999828e-03 -2.575286094555988021e-03 9.999951800417825609e-01 1.734299493727926942e-03 -9.558499999999999289e-03 -2.404959946463201565e-03 -1.740493700404724745e-03 9.999955934149583614e-01 5.500418000000000252e-01
9.999954342340474645e-01 3.130470704550781863e-04 3.005580241886731015e-03 -2.276199999999999925e-03 -3.241511476041623527e-04 9.999931219947881811e-01 3.694710969760107641e-03 -1.000269999999999979e-02 -3.004402951044901453e-03 -3.695668362859181981e-03 9.999886577348061634e-01 5.832467999999999542e-01
9.999905134290363318e-01 -3.500211345999369381e-03 2.592599557498236930e-03 -2.275800000000000132e-03 3.495769236494817786e-03 9.999924175535925830e-01 1.715934954040108104e-03 -1.037899999999999934e-02 -2.598586034246164016e-03 -1.706855545925745109e-03 9.999951669857050085e-01 6.163583999999999730e-01
9.999873641470645724e-01 -4.402538079199390213e-03 2.426768358817262081e-03 -2.160099999999999867e-03 4.403833834733282722e-03 9.999901632299545984e-01 -5.288580952698611164e-04 -1.092699999999999921e-02 -2.424416169352044525e-03 5.395384973043652194e-04 9.999969155474669469e-01 6.497665999999999720e-01
9.999844902648951095e-01 -4.665200349091520871e-03 3.042225396119311361e-03 -2.226500000000000180e-03 4.674352690914778188e-03 9.999845501658334301e-01 -3.008297950131045943e-03 -1.149440000000000010e-02 -3.028144081594321118e-03 3.022471726693442065e-03 9.999908474621567178e-01 6.829855000000000231e-01
9.999922701061796371e-01 -1.545076685773463668e-03 3.615586525680100204e-03 -2.348999999999999960e-03 1.558112391779756809e-03 9.999922867144809269e-01 -3.605384489621247732e-03 -1.219480000000000043e-02 -3.609988042110745619e-03 3.610990110551175539e-03 9.999869642834137151e-01 7.165763000000000549e-01
9.999903928448329316e-01 -1.074257685479175712e-03 4.249728045631544909e-03 -2.446900000000000117e-03 1.098927882510079964e-03 9.999825350867543872e-01 -5.807054242651561900e-03 -1.281359999999999964e-02 -4.243415551849746836e-03 5.811668598022818634e-03 9.999741086310990346e-01 7.498194000000000248e-01
9.999923847469686100e-01 2.495799953070144698e-05 3.902540860646342737e-03 -2.279799999999999795e-03 -4.641844100104536210e-06 9.999864497134262065e-01 -5.205801378336774587e-03 -1.354389999999999934e-02 -3.902617906487671970e-03 5.205743619855778340e-03 9.999788346794347138e-01 7.833198000000000105e-01
9.999924578743429882e-01 8.870900002736380652e-05 3.882824377129452664e-03 -2.445000000000000125e-03 -7.329038228426144116e-05 9.999921130924929180e-01 -3.970942121285313264e-03 -1.420199999999999935e-02 -3.883146011957470251e-03 3.970627598257914573e-03 9.999845775278365378e-01 8.172215000000000451e-01
9.999927392479479593e-01 1.147979624005752378e-03 3.633675022415320307e-03 -2.558599999999999850e-03 -1.139614761623164441e-03 9.999966980999089872e-01 -2.303273208846027924e-03 -1.494370000000000073e-02 -3.636307135095706838e-03 2.299115495655864455e-03 9.999907456263567029e-01 8.509318000000000159e-01
9.999854023626900679e-01 4.188392455148759810e-03 3.413565609502268883e-03 -2.507800000000000133e-03 -4.181172272052693234e-03 9.999890126077581876e-01 -2.119542920609518606e-03 -1.552749999999999964e-02 -3.422405580895019044e-03 2.105239274415417541e-03 9.999919275212362235e-01 8.847112999999999783e-01
9.999725288079210905e-01 6.421697308415234839e-03 3.701814848227744873e-03 -2.667699999999999846e-03 -6.411802414819417831e-03 9.999758564305030184e-01 -2.678683608668192082e-03 -1.609469999999999998e-02 -3.718927168523572611e-03 2.654874716653178850e-03 9.999895605559860901e-01 9.187655000000000127e-01
9.999468100266709625e-01 9.718128396213675940e-03 3.454721111688729886e-03 -2.943299999999999823e-03 -9.710400801628736589e-03 9.999503292141965760e-01 -2.246602032318219602e-03 -1.735240000000000046e-02 -3.476382279981643422e-03 2.212935808963693851e-03 9.999915088046242850e-01 9.867306999999999606e-01
9.999607449774551293e-01 8.375903658641353777e-03 2.890111076419475677e-03 -2.863699999999999839e-03 -8.370324623384845647e-03 9.999630919466830914e-01 -1.937113865683246080e-03 -1.814129999999999909e-02 -2.906229487160556443e-03 1.912846656327505746e-03 9.999939474056017685e-01 1.020936599999999972e+00
9.999651305596468642e-01 8.057817858642185235e-03 2.192997078301672353e-03 -2.977099999999999885e-03 -8.052028119774181161e-03 9.999641068707064706e-01 -2.636249879777259955e-03 -1.877349999999999852e-02 -2.214160786135112909e-03 2.618499881078253586e-03 9.999941204579084753e-01 1.054795099999999985e+00
9.999734368904187320e-01 7.217405292460402771e-03 1.017140308890809560e-03 -2.891799999999999926e-03 -7.214888104026173990e-03 9.999709536426050205e-01 -2.457083788850787306e-03 -1.941810000000000064e-02 -1.034844534211547219e-03 2.449679967550111824e-03 9.999964640761719314e-01 1.089479400000000098e+00
9.999656501955986876e-01 8.090404043622824795e-03 -1.801052832233496779e-03 -3.493700000000000191e-03 -8.092654072496275816e-03 9.999664782497057480e-01 -1.245522759218795246e-03 -2.132080000000000086e-02 1.790915675422579756e-03 1.260055273293194007e-03 9.999976024380017314e-01 1.192030200000000040e+00
9.999733014092825334e-01 6.306054578309227068e-03 -3.691902527909983033e-03 -3.788199999999999814e-03 -6.303860461191615819e-03 9.999799470702530613e-01 6.056407019583430777e-04 -2.251739999999999992e-02 3.695647697769352969e-03 -5.823512938328544728e-04 9.999930015030428221e-01 1.261092899999999961e+00
9.999773770973902076e-01 4.976179208534041443e-03 -4.525807542139112863e-03 -3.921199999999999686e-03 -4.972963707134880548e-03 9.999873744858744917e-01 7.214574242274641395e-04 -2.313919999999999866e-02 4.529340502926342688e-03 -6.989344261138835581e-04 9.999894982274947219e-01 1.295686399999999905e+00
9.999867145794929524e-01 2.117067396895426067e-03 -4.699860652065982955e-03 -4.257600000000000273e-03 -2.116518436920750406e-03 9.999977527578637337e-01 1.217740889423165549e-04 -2.367139999999999869e-02 4.700107894294577870e-03 -1.118251294012820421e-04 9.999889481793898804e-01 1.330122500000000096e+00
9.999897640657356979e-01 -9.129247577058710443e-05 -4.523652223391712648e-03 -4.559599999999999591e-03 9.750699751393465068e-05 9.999990518810902840e-01 1.373582653441573348e-03 -2.515649999999999831e-02 4.523522536670390726e-03 -1.374009681285926366e-03 9.999888248581860761e-01 1.398641699999999988e+00
9.999902372201580070e-01 -2.700855614615861513e-03 -3.497262260849518314e-03 -5.110400000000000185e-03 2.706729311689271781e-03 9.999949325245367504e-01 1.675870424765380732e-03 -2.654060000000000100e-02 3.492718254512726557e-03 -1.685320205883486175e-03 9.999924802792260481e-01 1.467330900000000105e+00
9.999906228210437842e-01 -3.622354960362289197e-03 -2.373355119247995328e-03 -5.465499999999999872e-03 3.622827661915720490e-03 9.999934185449483870e-01 1.949013077392216479e-04 -2.779989999999999892e-02 2.372633497399085755e-03 -2.034977366923410751e-04 9.999971645954592869e-01 1.536386699999999994e+00
9.999964917796417829e-01 -2.045750969982304372e-03 -1.682656048526912562e-03 -5.646400000000000204e-03 2.045845532106569005e-03 9.999979057718655362e-01 5.447882033696645627e-05 -2.850849999999999912e-02 1.682541074561727306e-03 -5.792108357221073951e-05 9.999985828493360707e-01 1.570833399999999935e+00
9.999875278026308933e-01 4.984623325133206474e-03 -3.126811302225419886e-04 -6.248700000000000261e-03 -4.983736179419833053e-03 9.999837263417478139e-01 2.776585198830498757e-03 -2.987899999999999931e-02 3.265162731029969795e-04 -2.774992248450574781e-03 9.999960963949531267e-01 1.639487300000000092e+00
9.999192594430923453e-01 1.266571711729355849e-02 1.026744701633718797e-03 -7.029999999999999791e-03 -1.266854736246979425e-02 9.999158344708790613e-01 2.798550004961147288e-03 -3.092639999999999972e-02 -9.912126424211954463e-04 -2.811331412357024641e-03 9.999955569467232630e-01 1.707814799999999966e+00
9.998736695611171177e-01 1.583028059055315018e-02 1.430781188812656592e-03 -7.105700000000000384e-03 -1.583349781851152438e-02 9.998720747432171541e-01 2.265942524792928688e-03 -3.162310000000000121e-02 -1.394727649792139269e-03 -2.288310538111120764e-03 9.999964091783850595e-01 1.741980000000000084e+00
9.998398034219114772e-01 1.777009849425638388e-02 2.142683536527258646e-03 -7.305800000000000315e-03 -1.777406300689884922e-02 9.998403254185675992e-01 1.845630277031315870e-03 -3.203870000000000329e-02 -2.109544372623593095e-03 -1.883418805558599411e-03 9.999960012700763734e-01 1.776280400000000093e+00
9.998342216323234943e-01 1.801300219730401705e-02 2.657255111150684003e-03 -7.500299999999999676e-03 -1.801908008750583226e-02 9.998350404885675280e-01 2.281351359279989478e-03 -3.266639999999999822e-02 -2.615722784598263975e-03 -2.328854453236309588e-03 9.999938671968192638e-01 1.810070300000000021e+00
9.998513385395156883e-01 1.700451307637259810e-02 2.854357331226922700e-03 -7.614899999999999967e-03 -1.701020660356128075e-02 9.998533507372389106e-01 1.982395222986106220e-03 -3.323609999999999759e-02 -2.820229076336835776e-03 -2.030653725141559531e-03 9.999939613584701847e-01 1.843822800000000095e+00
9.998717597838822080e-01 1.581191248032758415e-02 2.539175141087206874e-03 -7.663299999999999626e-03 -1.581506563002182605e-02 9.998741817100166296e-01 1.226559759181810629e-03 -3.398930000000000007e-02 -2.519461410848912366e-03 -1.266559686395625668e-03 9.999960240624760077e-01 1.877488599999999952e+00
9.998813418208201131e-01 1.528851197248159814e-02 1.887771242347267581e-03 -7.828699999999999201e-03 -1.529097489505998157e-02 9.998822447399962066e-01 1.297204866197017260e-03 -3.518170000000000325e-02 -1.867716615226183100e-03 -1.325916804903919241e-03 9.999973767861951579e-01 1.944751099999999955e+00
9.998870592018154202e-01 1.502724430757981268e-02 2.253203620226202871e-04 -7.850400000000000433e-03 -1.502750139077363260e-02 9.998863769443118166e-01 1.186340224316810056e-03 -3.642150000000000248e-02 -2.074673360518607612e-04 -1.189592240158621889e-03 9.999992709135374636e-01 2.011832699999999807e+00
9.999199533765322778e-01 1.255481820997363107e-02 -1.569515590231744398e-03 -8.356999999999999845e-03 -1.255025227279187375e-02 9.999170779256757458e-01 2.885903752290062269e-03 -3.762700000000000072e-02 1.605617439724800347e-03 -2.865974928835550439e-03 9.999946040756142462e-01 2.078561800000000126e+00
9.999417745487196862e-01 1.043830789504956481e-02 -2.736647702112253357e-03 -8.578799999999999273e-03 -1.042895835962850438e-02 9.999398069327068983e-01 3.408715141221330732e-03 -3.815779999999999866e-02 2.772064193063548520e-03 -3.379976282313645799e-03 9.999904456645776207e-01 2.111514099999999949e+00
9.999671496726665332e-01 6.847170501567145101e-03 -4.337721941938306978e-03 -8.973999999999999339e-03 -6.833901533827709332e-03 9.999719469632304403e-01 3.066443606571093560e-03 -3.934850000000000153e-02 4.358596717872806510e-03 -3.036699308262537800e-03 9.999858904464413722e-01 2.177849300000000099e+00
9.999668048884707838e-01 6.709509677125209855e-03 -4.622942897703944710e-03 -9.473300000000000470e-03 -6.700372698303956771e-03 9.999755739383215936e-01 1.989103423194493216e-03 -4.043320000000000247e-02 4.636175886082315352e-03 -1.958061954306923938e-03 9.999873358530778633e-01 2.243441100000000077e+00
9.999687309735315610e-01 6.500843908748732587e-03 -4.502899472425517420e-03 -9.810700000000000323e-03 -6.494650741808600906e-03 9.999779453619298542e-01 1.388632951904074765e-03 -4.095059999999999673e-02 4.511827448674259576e-03 -1.359344771304668966e-03 9.999888977358029063e-01 2.276378400000000024e+00
9.999647069739637795e-01 7.227469836589762997e-03 -4.283513305229777295e-03 -1.015740000000000046e-02 -7.224802354518881919e-03 9.999736973244122140e-01 6.378795207005897921e-04 -4.158250000000000141e-02 4.288010892364176561e-03 -6.069094709888206299e-04 9.999906222677695800e-01 2.309054399999999951e+00
9.999538010610805605e-01 8.674076131199233083e-03 -4.141997919739106616e-03 -1.040079999999999998e-02 -8.669721371771825155e-03 9.999618467470389183e-01 1.068167396605504806e-03 -4.223779999999999896e-02 4.151105254363731019e-03 -1.032208080518596518e-03 9.999908513939743671e-01 2.341472099999999834e+00
9.999378979637164599e-01 1.057955377423073703e-02 -3.503320973358229826e-03 -1.118899999999999929e-02 -1.056607811984381154e-02 9.999367928246356563e-01 3.842960934894982042e-03 -4.347120000000000151e-02 3.543756350198098287e-03 -3.805705916112176943e-03 9.999864791052980317e-01 2.406413600000000041e+00
9.999474899204456868e-01 9.654973062299454512e-03 -3.434952250965071004e-03 -1.170569999999999944e-02 -9.653974444335949173e-03 9.999533521194706731e-01 3.071847357917296332e-04 -4.485249999999999654e-02 3.437757878072063029e-03 -2.740076642484843357e-04 9.999940533526044950e-01 2.470854999999999801e+00
9.999684745479072712e-01 7.099041566114758749e-03 -3.557178541208820197e-03 -1.200350000000000028e-02 -7.098446701936779978e-03 9.999747895405981524e-01 1.798267398749143283e-04 -4.604699999999999765e-02 3.558365460604692374e-03 -1.545706284715973877e-04 9.999936570514683654e-01 2.536148999999999987e+00
9.999923409524511531e-01 3.102794564475034721e-03 -2.385519299306399551e-03 -1.228439999999999914e-02 -3.095586200059627282e-03 9.999906499558257611e-01 3.019494494619563360e-03 -4.733799999999999814e-02 2.394865865700940549e-03 -3.012086787544747055e-03 9.999925959479247783e-01 2.601049399999999956e+00
9.999900997535784430e-01 4.401307920437314176e-03 -6.548919129558890577e-04 -1.267579999999999922e-02 -4.401869761673720717e-03 9.999899428139882307e-01 -8.589606962192011894e-04 -4.834739999999999871e-02 6.511047760704890197e-04 8.618349412054474717e-04 9.999994166513821447e-01 2.665284399999999998e+00
9.999774019412988046e-01 6.716808242880860716e-03 2.830084069518841493e-04 -1.279420000000000036e-02 -6.715900521862805048e-03 9.999726591833465461e-01 -3.094764282970828909e-03 -4.890039999999999665e-02 -3.037876075165500027e-04 3.092793690997956702e-03 9.999951711584783576e-01 2.697549599999999881e+00
9.999489475697056484e-01 9.932086309000687577e-03 1.859009356826579577e-03 -1.317759999999999938e-02 -9.926437698188026251e-03 9.999461608068793694e-01 -3.023461957196455635e-03 -4.955509999999999776e-02 -1.888938554373659554e-03 3.004854261554750459e-03 9.999937013611659431e-01 2.729678600000000177e+00
9.999352189474332020e-01 1.085465429730350650e-02 3.425549391673865171e-03 -1.345509999999999935e-02 -1.085099024866140183e-02 9.999405361015899496e-01 -1.086403004563241603e-03 -5.018299999999999844e-02 -3.437138224194925817e-03 1.049162023187733385e-03 9.999935426490897949e-01 2.762042300000000061e+00
9.999251576373212602e-01 1.130739036327061894e-02 4.671407405780979814e-03 -1.369240000000000040e-02 -1.131258366426719439e-02 9.999354200764258849e-01 1.086796862619972097e-03 -5.084949999999999887e-02 -4.658816890276509283e-03 -1.139561211282796686e-03 9.999884983465702204e-01 2.794293899999999997e+00
9.999192566657291170e-01 1.099895069689480961e-02 6.364215004473760227e-03 -1.361779999999999935e-02 -1.100420389199610258e-02 9.999391390568893589e-01 7.909986537470079220e-04 -5.177860000000000101e-02 -6.355127517152556367e-03 -8.609679054000307988e-04 9.999794353328005370e-01 2.859211000000000169e+00
9.998852939556620578e-01 1.299556208287322261e-02 7.779093607203008305e-03 -1.364590000000000074e-02 -1.299929154835089036e-02 9.999154135904601004e-01 4.290494844300523649e-04 -5.239690000000000319e-02 -7.772859862393764925e-03 -5.301229756428126917e-04 9.999696503490445032e-01 2.891414900000000010e+00
9.998549236097906689e-01 1.467565127393806630e-02 8.646212635919454589e-03 -1.343659999999999993e-02 -1.467768453099293872e-02 9.998922622355328471e-01 1.717507409740321052e-04 -5.306620000000000087e-02 -8.642760558318378708e-03 -2.986322054544264851e-04 9.999626060552151419e-01 2.924007899999999882e+00
9.998301444759891687e-01 1.556972827639519809e-02 9.862340418069466888e-03 -1.335809999999999949e-02 -1.556054720189841041e-02 9.998784202925813380e-01 -1.006977650967379656e-03 -5.351890000000000119e-02 -9.876819726012940961e-03 8.533431966542469283e-04 9.999508589113209611e-01 2.956267400000000212e+00
9.997961543616915581e-01 1.693500242224807092e-02 1.099342605974332719e-02 -1.336719999999999922e-02 -1.691365546011997997e-02 9.998548893392218417e-01 -2.031876824233259937e-03 -5.403840000000000032e-02 -1.102624063536368319e-02 1.845523614304256941e-03 9.999375060772748292e-01 2.988629299999999933e+00
9.998008907178348448e-01 1.558840765120485597e-02 1.245714520762799746e-02 -1.277129999999999932e-02 -1.557523607608213637e-02 9.998780330912595549e-01 -1.153673579655957373e-03 -5.522529999999999800e-02 -1.247360978219139507e-02 9.594208950948180346e-04 9.999217412230556601e-01 3.053761999999999865e+00
9.998190326595698396e-01 1.332138857259351425e-02 1.358096234366340874e-02 -1.219650000000000074e-02 -1.332460431627277217e-02 9.999112128132556787e-01 1.463220380457170211e-04 -5.645939999999999986e-02 -1.357780731549809369e-02 -3.272565079991610190e-04 9.999077637720797940e-01 3.118593900000000030e+00
9.998713571958699475e-01 9.007944701227189530e-03 1.327124679706234538e-02 -1.152320000000000080e-02 -9.023471694779355498e-03 9.999586709566026244e-01 1.110557192795320587e-03 -5.756069999999999937e-02 -1.326069447134728234e-02 -1.230167047431616036e-03 9.999113164031963041e-01 3.182973099999999889e+00
9.999106867815197308e-01 6.454420072684839693e-03 1.170294499836850403e-02 -1.113309999999999994e-02 -6.461691198701904199e-03 9.999789527564243441e-01 5.836017627737818524e-04 -5.856270000000000225e-02 -1.169893187270247027e-02 -6.591704561168879040e-04 9.999313478871175720e-01 3.247663499999999814e+00
9.999335519570690112e-01 5.008074444247390990e-03 1.038320089762650132e-02 -1.080210000000000024e-02 -5.025355813675454718e-03 9.999860297452255464e-01 1.638936645155218003e-03 -5.920910000000000062e-02 -1.037484792493624346e-02 -1.691007020018106977e-03 9.999447499866143119e-01 3.279654499999999917e+00
9.999502441674745778e-01 3.107326819390898547e-03 9.479119655615134490e-03 -1.072239999999999999e-02 -3.123393447084315232e-03 9.999937099508191540e-01 1.680616604647529105e-03 -5.968690000000000107e-02 -9.473837806437573547e-03 -1.710140004385685359e-03 9.999536598354858974e-01 3.311922299999999986e+00
9.999639756464252516e-01 3.195483260240579351e-03 7.863605796898154310e-03 -1.043370000000000061e-02 -3.207657114416879226e-03 9.999936757978146185e-01 1.536001370929070175e-03 -6.013120000000000270e-02 -7.858647799196677441e-03 -1.561169788551982881e-03 9.999679016866789283e-01 3.344165299999999785e+00
9.999784052155809011e-01 2.613988151674349544e-03 6.029607652771335445e-03 -1.039349999999999996e-02 -2.618783300327315496e-03 9.999962608947738918e-01 7.875090457554266132e-04 -6.126800000000000301e-02 -6.027526568118908752e-03 -8.032822754959587259e-04 9.999815116596189046e-01 3.408666100000000032e+00
9.999778914085074577e-01 -5.465019525427857253e-03 3.788173145706496929e-03 -9.980799999999999741e-03 5.473313133119878451e-03 9.999826397407395318e-01 -2.182443696652253736e-03 -6.239990000000000120e-02 -3.776180284623212660e-03 2.203129303725036726e-03 9.999904432961992384e-01 3.473001500000000075e+00
9.998131678590167493e-01 -1.930221880950528518e-02 1.026510958344672292e-03 -9.391599999999999948e-03 1.930077050536495309e-02 9.998127389915951735e-01 1.402571931703427326e-03 -6.346029999999999727e-02 -1.053391483189284033e-03 -1.382497433758291547e-03 9.999984895324736112e-01 3.537474899999999867e+00
9.997503498795263788e-01 -2.233748434101812813e-02 5.241269686041639736e-04 -9.491799999999999890e-03 2.233961279046869919e-02 9.997403803721462978e-01 -4.484813678187916236e-03 -6.499860000000000360e-02 -4.238114396467204084e-04 4.495402837444513813e-03 9.999898058166356574e-01 3.602144500000000082e+00
9.998207374039980166e-01 -1.878464504158442253e-02 2.372797418132550993e-03 -9.764000000000000110e-03 1.880025473719731596e-02 9.998005606769787557e-01 -6.737157547175007255e-03 -6.645220000000000293e-02 -2.245769075908897548e-03 6.780559022724081536e-03 9.999744899449171109e-01 3.666795299999999980e+00
9.996242438390328111e-01 -2.721546108546993997e-02 3.269527052546235095e-03 -9.626600000000000781e-03 2.721662081333255795e-02 9.996295108673888263e-01 -3.107322454101268234e-04 -6.790029999999999677e-02 -3.259859006971527889e-03 3.996009638825864948e-04 9.999946068046189351e-01 3.731314699999999984e+00
9.994525142115979754e-01 -3.293255892588347472e-02 3.180943053370468079e-03 -9.097799999999999637e-03 3.292921446984050510e-02 9.994570830927380634e-01 1.098130299593543663e-03 -6.915820000000000300e-02 -3.215380306405418720e-03 -9.927831328399171380e-04 9.999943378395381721e-01 3.795935899999999918e+00
9.996300438590273174e-01 -2.669884423253461592e-02 5.191062612419064005e-03 -9.245099999999999152e-03 2.669461364065137815e-02 9.996432456954215118e-01 8.825746991189592407e-04 -7.029390000000000638e-02 -5.212774402902099584e-03 -7.436747743661956730e-04 9.999861368693340191e-01 3.860618800000000128e+00
9.997724102645546562e-01 -2.011269687025200523e-02 7.113866628519317260e-03 -9.500500000000000264e-03 2.012699269886012929e-02 9.997955421667241716e-01 -1.943715114431902695e-03 -7.137979999999999325e-02 -7.073318789863540339e-03 2.086453486516101109e-03 9.999728070668449931e-01 3.925277200000000022e+00
9.998371581142895259e-01 -1.658900121876318370e-02 7.103681616246346198e-03 -9.249999999999999542e-03 1.659684381124717015e-02 9.998617152549955645e-01 -1.046490727756183188e-03 -7.267089999999999661e-02 -7.085339049487278384e-03 1.164219009502365232e-03 9.999742209500461776e-01 3.990379599999999805e+00
9.999231154203838123e-01 -1.046550420427172848e-02 6.651050273762797518e-03 -9.350400000000000031e-03 1.050917906036711452e-02 9.999232198378504854e-01 -6.565941256416464068e-03 -7.379910000000000636e-02 -6.581823719220286292e-03 6.635333515049656773e-03 9.999563250190846020e-01 4.055110499999999618e+00
9.999768836729671095e-01 -6.664807306365149418e-04 6.766677407480929662e-03 -9.492199999999999249e-03 7.127032272626326187e-04 9.999764159155417609e-01 -6.830788154904389627e-03 -7.526560000000000195e-02 -6.761965232909146820e-03 6.835452884997665103e-03 9.999537751366539551e-01 4.120529699999999629e+00
9.999686737532562653e-01 2.917980300932522097e-03 7.357778409075798123e-03 -9.276400000000000617e-03 -2.899969898965975516e-03 9.999927759334285016e-01 -2.457286214667933968e-03 -7.669589999999999741e-02 -7.364895568762908074e-03 2.435871901204071481e-03 9.999699119680262038e-01 4.185475799999999857e+00
9.999880966650720460e-01 -2.225833872817818866e-03 4.341911069713577306e-03 -8.737899999999999834e-03 2.232551634709680800e-03 9.999963174910780905e-01 -1.542957381563221523e-03 -7.782100000000000128e-02 -4.338460713783126935e-03 1.552632555881181984e-03 9.999893834890355437e-01 4.251667000000000307e+00
9.999987202070222958e-01 -1.112019412202723892e-03 1.150216129375073284e-03 -8.880300000000000693e-03 1.123551485921151817e-03 9.999486204349580243e-01 -1.007442912936643530e-02 -7.920639999999999625e-02 -1.138954071011925905e-03 1.007570856322407248e-02 9.999485901187985526e-01 4.317425300000000021e+00
9.999919803355004078e-01 3.968135855221372257e-03 5.414448437725353233e-04 -9.188500000000000487e-03 -3.962135276440905199e-03 9.999352589528917035e-01 -1.066674209234503429e-02 -8.017860000000000265e-02 -5.837368718214314091e-04 1.066451127093638943e-02 9.999429620986471923e-01 4.350654600000000372e+00
9.999573014293331452e-01 9.234252896056883292e-03 3.519824108231964037e-04 -9.476800000000000501e-03 -9.231858615910328719e-03 9.999376284254523073e-01 -6.285860750769654663e-03 -8.177439999999999709e-02 -4.100056849680252407e-04 6.282342901648178650e-03 9.999801818351223837e-01 4.418048399999999987e+00
9.999576127885323462e-01 9.176639505613268591e-03 7.496089937343529668e-04 -9.695099999999999899e-03 -9.173938375594060599e-03 9.999516854428636137e-01 -3.530670567631974052e-03 -8.294100000000000084e-02 -7.819724677200327618e-04 3.523644045637691798e-03 9.999934862046349071e-01 4.485129399999999933e+00
9.999864068276873574e-01 5.129484907454981077e-03 9.351708054356429106e-04 -9.841600000000000695e-03 -5.127273275644097725e-03 9.999840889763339513e-01 -2.352203844977576817e-03 -8.443059999999999454e-02 -9.472215200328958041e-04 2.347376994786524399e-03 9.999967962911863184e-01 4.553096799999999611e+00
9.999965747837531449e-01 2.354712571237376970e-03 1.142693952203974921e-03 -9.850400000000000475e-03 -2.352080213044353309e-03 9.999945898927786736e-01 -2.299544268900206075e-03 -8.510059999999999847e-02 -1.148102535905268532e-03 2.296848684629271883e-03 9.999967031679088958e-01 4.586942200000000192e+00
9.999827764248303552e-01 -5.575459952450768919e-03 1.833330304803903891e-03 -9.639599999999999905e-03 5.574892817717592985e-03 9.999844107675988081e-01 3.143117070793106363e-04 -8.632670000000000621e-02 -1.835054156927121280e-03 -3.040856735592417474e-04 9.999982700525757995e-01 4.655401200000000017e+00
9.999634942062732845e-01 -8.287085500969687199e-03 2.081938683032683122e-03 -9.483500000000000610e-03 8.286762697988727180e-03 9.999656508050260850e-01 1.636278329480850280e-04 -8.701789999999999525e-02 -2.083223167956914802e-03 -1.463693277661124630e-04 9.999978193762485423e-01 4.689708699999999730e+00
9.999957459660879788e-01 1.243729378458302082e-03 2.638406140181117840e-03 -9.787099999999999966e-03 -1.219842952018186351e-03 9.999584329467059440e-01 -9.035726973560932393e-03 -8.854979999999999796e-02 -2.649534468505223596e-03 9.032470094137304631e-03 9.999556962441380481e-01 4.758234999999999992e+00
9.998221184151899754e-01 1.805608880218883758e-02 5.450613261767887734e-03 -1.061630000000000039e-02 -1.802577059323228273e-02 9.998220567457462016e-01 -5.561154486809881045e-03 -9.009580000000000366e-02 -5.550056061162939557e-03 5.461913755587336286e-03 9.999696817283234562e-01 4.827317700000000045e+00
9.997973794257098978e-01 1.916284229403528161e-02 6.163243358580873001e-03 -1.064640000000000031e-02 -1.914276807203784542e-02 9.998113152169689766e-01 -3.299756756946939200e-03 -9.078869999999999996e-02 -6.225313166687043188e-03 3.181106620152987507e-03 9.999755627197336461e-01 4.862104900000000285e+00
9.998362374854770085e-01 1.717531946885978572e-02 5.701457009179062077e-03 -1.058160000000000003e-02 -1.715884003417268017e-02 9.998484924481074732e-01 -2.926834113602196346e-03 -9.143830000000000013e-02 -5.750862506318855580e-03 2.828524419105944623e-03 9.999794633041441116e-01 4.896930700000000414e+00
9.999011806166435701e-01 1.343642253954295193e-02 4.134192881472376069e-03 -1.025970000000000007e-02 -1.342448509404213855e-02 9.999056768747848212e-01 -2.901819005060802831e-03 -9.211320000000000618e-02 -4.172792997764827178e-03 2.846032838382889663e-03 9.999872438664808572e-01 4.931765600000000305e+00
9.999296492390740143e-01 1.142412135099610433e-02 3.191555103724424882e-03 -1.010929999999999988e-02 -1.141344610535180611e-02 9.999292754027314656e-01 -3.343267947480963939e-03 -9.289970000000000172e-02 -3.229523281015971980e-03 3.306606103868259608e-03 9.999893182106753819e-01 4.966657599999999562e+00
9.999192807827336216e-01 1.241778037700048271e-02 2.688986695634928113e-03 -1.026499999999999982e-02 -1.240686846861584203e-02 9.999148810685597466e-01 -4.037354635196939261e-03 -9.358760000000000689e-02 -2.738892795124679355e-03 4.003666838844358901e-03 9.999882344898365361e-01 5.001565000000000261e+00
9.999065179813526605e-01 1.342085733007543184e-02 2.614552912571745623e-03 -1.042030000000000040e-02 -1.341086862528180663e-02 9.999028449665808838e-01 -3.801214339294499422e-03 -9.426790000000000169e-02 -2.665314450924856707e-03 3.765795568480403109e-03 9.999893573846744266e-01 5.036606800000000383e+00
9.998890632280451607e-01 1.464576222028264423e-02 2.713463824906428914e-03 -1.060179999999999977e-02 -1.463819779555617338e-02 9.998889719147636690e-01 -2.786935330254799569e-03 -9.502879999999999661e-02 -2.753979346383808070e-03 2.746905936465547909e-03 9.999924350241534698e-01 5.071641900000000369e+00
9.999075325724611218e-01 1.342964424896952481e-02 2.137980401876547060e-03 -1.062259999999999940e-02 -1.342290126066110305e-02 9.999049860240267762e-01 -3.137617892200784270e-03 -9.580210000000000115e-02 -2.179914355939469549e-03 3.108629864914075162e-03 9.999927921709055312e-01 5.107079500000000216e+00
9.999266634662746789e-01 1.202795885604821501e-02 1.412761466327850475e-03 -1.074199999999999981e-02 -1.202153996781807170e-02 9.999177592419813410e-01 -4.467362678066612303e-03 -9.722069999999999323e-02 -1.466378534240790664e-03 4.450051488740456099e-03 9.999890233276272911e-01 5.177465399999999995e+00
9.999124785163384654e-01 1.319290491198975290e-02 9.912453258550666443e-04 -1.107449999999999928e-02 -1.318763087299155631e-02 9.998997716078937836e-01 -5.151031978121168621e-03 -9.853929999999999634e-02 -1.059103050015844589e-03 5.137508974698101576e-03 9.999862420564916698e-01 5.248338200000000064e+00
9.999074739529285605e-01 1.360302514797256078e-02 3.521217371237829772e-05 -1.138639999999999965e-02 -1.360265158856670091e-02 9.998936353082314987e-01 -5.261743042901700571e-03 -1.002861000000000030e-01 -1.067840513151363708e-04 5.260777215686549685e-03 9.999861563143028764e-01 5.319939599999999658e+00
9.999134610402884427e-01 1.315331106230673355e-02 -2.466546772207407626e-04 -1.153560000000000002e-02 -1.315442825989242281e-02 9.998995981164460201e-01 -5.268273315341688058e-03 -1.010874999999999968e-01 1.773346749486211563e-04 5.271062005705969521e-03 9.999860921321581664e-01 5.355652300000000032e+00
9.999038247182822081e-01 1.386671696787757958e-02 -2.355297934151017673e-04 -1.192099999999999931e-02 -1.386772767088245532e-02 9.998911521016226045e-01 -5.036871860203615860e-03 -1.018904999999999950e-01 1.656592800031726602e-04 5.039653700666943577e-03 9.999872871429817955e-01 5.391474699999999842e+00
9.999160111508483828e-01 1.294822774000188928e-02 -5.603950120450453985e-04 -1.201250000000000061e-02 -1.295112888280346500e-02 9.999008571980269044e-01 -5.526665840445148421e-03 -1.025014000000000064e-01 4.887789249683668078e-04 5.533459410167839050e-03 9.999845708420298518e-01 5.427359599999999951e+00
9.999341642080945558e-01 1.146277147167786697e-02 -5.216508866377182361e-04 -1.208880000000000024e-02 -1.146555769578160716e-02 9.999180513067311704e-01 -5.694879952550154986e-03 -1.033271000000000051e-01 4.563290305744936758e-04 5.700486043956473278e-03 9.999836479776449405e-01 5.463099999999999845e+00
9.999576307966145938e-01 9.193266720592412414e-03 -4.695302176315632823e-04 -1.234339999999999916e-02 -9.195291077728371884e-03 9.999475587518712461e-01 -4.508477366988760879e-03 -1.049865999999999994e-01 4.280579599424347032e-04 4.512603813415151655e-03 9.999897265338308916e-01 5.535176800000000341e+00
9.999573174840100664e-01 9.209128780851108184e-03 -7.450887735073565606e-04 -1.247840000000000060e-02 -9.212231461374184929e-03 9.999484333676921244e-01 -4.273803575315226512e-03 -1.058494999999999991e-01 7.056923442793966092e-04 4.280485088866606454e-03 9.999905896785825643e-01 5.571256199999999659e+00
9.999522640879306978e-01 9.737447032571129590e-03 -8.072612397251587588e-04 -1.257280000000000030e-02 -9.741068727639148883e-03 9.999419238538507226e-01 -4.610910919031067576e-03 -1.066773000000000027e-01 7.623158562574508567e-04 4.618554400210198724e-03 9.999890438548751925e-01 5.607547300000000234e+00
9.999503650790634302e-01 9.916878004863525012e-03 -9.606814687672032360e-04 -1.246910000000000032e-02 -9.921612140775448382e-03 9.999380009529734714e-01 -5.055280674630092778e-03 -1.075428999999999968e-01 9.104893057009928433e-04 5.064561265097433131e-03 9.999867605265663206e-01 5.643538999999999639e+00
9.999323096972112523e-01 1.161885126518162788e-02 -6.150763187767457679e-04 -1.258210000000000058e-02 -1.162149587495536589e-02 9.999224031085588438e-01 -4.486490302355406433e-03 -1.082922999999999941e-01 5.629007272406624058e-04 4.493334717369827473e-03 9.999897464903771960e-01 5.680088500000000096e+00
9.999254858596466899e-01 1.220322234935102522e-02 3.226339132984272951e-04 -1.291869999999999997e-02 -1.220230176045795402e-02 9.999218604896000784e-01 -2.716016708990456972e-03 -1.089779000000000025e-01 -3.557528586467668930e-04 2.711877450971976033e-03 9.999962595733018489e-01 5.716160300000000305e+00
9.999298509080774000e-01 1.182628293075334985e-02 6.574914386727577975e-04 -1.286570000000000075e-02 -1.182489001461213898e-02 9.999279128559321883e-01 -2.083522911218185086e-03 -1.097132999999999997e-01 -6.820843734334679697e-04 2.075601990030108944e-03 9.999976133157950642e-01 5.752316500000000055e+00
9.999286030839413808e-01 1.183134831613728323e-02 1.675688401766884999e-03 -1.298419999999999956e-02 -1.182214401027196528e-02 9.999155339043110935e-01 -5.400182205898904596e-03 -1.109948000000000046e-01 -1.739438299558593260e-03 5.379986419941217880e-03 9.999840149225003305e-01 5.825346500000000205e+00
9.999179290528914521e-01 1.266066473785467175e-02 1.960287471859078947e-03 -1.314799999999999996e-02 -1.265114409574446402e-02 9.999084727087241831e-01 -4.795285015023490090e-03 -1.118298999999999960e-01 -2.020819547954328266e-03 4.770091582165079773e-03 9.999865811672936644e-01 5.862042399999999986e+00
9.999192088514022858e-01 1.257891643164668616e-02 1.829380056589224868e-03 -1.322399999999999964e-02 -1.257172887795771771e-02 9.999134107984369857e-01 -3.888770815505850076e-03 -1.125822999999999963e-01 -1.878138175140843785e-03 3.865458167158849698e-03 9.999907653724373624e-01 5.898717399999999778e+00
9.999146309417116241e-01 1.295151302593384318e-02 1.728912675531708030e-03 -1.340530000000000020e-02 -1.294549555271599581e-02 9.999102605573729763e-01 -3.447459496646104390e-03 -1.133626999999999968e-01 -1.773407340449046623e-03 3.424783558923258191e-03 9.999925629143344707e-01 5.934994699999999845e+00
9.999064091683302902e-01 1.359623872827503931e-02 1.521576990914838209e-03 -1.358209999999999973e-02 -1.359027598299631691e-02 9.999001865172872927e-01 -3.862822983274317567e-03 -1.139604000000000034e-01 -1.573944980461824440e-03 3.841782807222810913e-03 9.999913816638924535e-01 5.971763100000000435e+00
9.998884298422425765e-01 1.484239317017817077e-02 1.682626695519782610e-03 -1.364809999999999982e-02 -1.483633032258038949e-02 9.998835974505020374e-01 -3.560175838587999447e-03 -1.147394999999999943e-01 -1.735272363033862680e-03 3.534814623743721008e-03 9.999922469276458781e-01 6.008332300000000181e+00
9.998702040881144448e-01 1.596721332204807664e-02 2.150133837824108520e-03 -1.399859999999999993e-02 -1.595929803178700729e-02 9.998659821060031927e-01 -3.649470308175657447e-03 -1.153605999999999937e-01 -2.208117552338473028e-03 3.614681995123043227e-03 9.999910291052360733e-01 6.044894700000000398e+00
9.998692915552535032e-01 1.603306326658846329e-02 2.083431564769353851e-03 -1.405149999999999975e-02 -1.602624779495139332e-02 9.998662966588293122e-01 -3.247797310910244348e-03 -1.161521999999999971e-01 -2.135225142770923699e-03 3.213983205854066116e-03 9.999925555350610562e-01 6.081429499999999599e+00
9.998917690492461485e-01 1.455708046869375397e-02 2.131102014674221643e-03 -1.421299999999999994e-02 -1.455050010799161311e-02 9.998894186578554111e-01 -3.071384486414577373e-03 -1.169498000000000065e-01 -2.175576745672226035e-03 3.040043467456823769e-03 9.999930124763570793e-01 6.118143599999999793e+00
