1.000000000000000000e+00 0.000000000000000000e+00 0.000000000000000000e+00 0.000000000000000000e+00 0.000000000000000000e+00 1.000000000000000000e+00 0.000000000000000000e+00 0.000000000000000000e+00 0.000000000000000000e+00 0.000000000000000000e+00 1.000000000000000000e+00 0.000000000000000000e+00
9.999986325323997338e-01 -1.553917878466292693e-03 -5.659262827915497417e-04 1.663000000000000036e-04 1.553280568546167159e-03 9.999981610258397158e-01 -1.124839728261717081e-03 -4.881999999999999946e-04 5.676731506318939864e-04 1.123959147781543625e-03 9.999992072311998381e-01 3.469869999999999899e-02
9.999985151596670896e-01 -1.723209973773214476e-03 -1.502821420755604148e-05 -1.344999999999999896e-04 1.723187941773320726e-03 9.999975904908915414e-01 -1.360013135364015980e-03 -9.474000000000000433e-04 1.737176619625887788e-05 1.359985219524150564e-03 9.999990750687843821e-01 6.884310000000000429e-02
9.999970090217440433e-01 -2.434031285096122186e-03 -2.396649101097081652e-04 -1.492999999999999969e-04 2.433965237090469826e-03 9.999969999542233090e-01 -2.754918834156587634e-04 -1.621800000000000064e-03 2.403347469670304994e-04 2.749077233656683789e-04 9.999999333324742778e-01 1.034014000000000044e-01
9.999926557506964020e-01 -3.831243478865394188e-03 1.000903338740867559e-04 -3.368000000000000009e-04 3.831141805257314535e-03 9.999921641475373324e-01 9.969934768301544088e-04 -2.267499999999999984e-03 -1.039092743375744375e-04 -9.966026943990992804e-04 9.999994979928401584e-01 1.378193000000000057e-01
9.999950983503010926e-01 -3.130987564370735048e-03 -1.386518988899155836e-05 -4.947999999999999924e-04 3.131003130929397790e-03 9.999942282756758560e-01 1.319179566903556835e-03 -2.806100000000000174e-03 9.734775043790805789e-06 -1.319216512700383242e-03 9.999991297861348105e-01 1.723079999999999889e-01
9.999972899515138236e-01 -2.293056212397491869e-03 -4.024709116650151681e-04 -6.160000000000000111e-04 2.292940689354671692e-03 9.999973299483148059e-01 -2.872616164525558578e-04 -3.468300000000000115e-03 4.031285440810690912e-04 2.863379960300086401e-04 9.999998777489569335e-01 2.072981000000000129e-01
9.999998268124578038e-01 5.535397319057913179e-04 -1.999220338447295375e-04 -1.044000000000000006e-03 -5.540592853524045494e-04 9.999964452991148001e-01 -2.608142527338028639e-03 -4.031200000000000408e-03 1.984776126663440532e-04 2.608252844299433024e-03 9.999965788060164451e-01 2.417351000000000083e-01
9.999920365314923787e-01 3.950371676925873259e-03 -5.669543302048339010e-04 -9.730999999999999633e-04 -3.952399384360497960e-03 9.999856330534883098e-01 -3.621080739326151994e-03 -4.650299999999999573e-03 5.526415700098014951e-04 3.623292732909382668e-03 9.999932831459752425e-01 2.772145999999999777e-01
9.999805822166899505e-01 6.209803563328475731e-03 -5.230002626719077981e-04 -1.186500000000000055e-03 -6.211714460569469839e-03 9.999737318918864304e-01 -3.734987238821819901e-03 -5.262499999999999817e-03 4.997929873798422637e-04 3.738163441943471044e-03 9.999928881452363472e-01 3.123546999999999851e-01
9.999734024982149805e-01 7.291096464314998291e-03 -1.849553756123994129e-04 -1.451500000000000099e-03 -7.291592468036491026e-03 9.999693826681387288e-01 -2.840141824211411814e-03 -5.925399999999999938e-03 1.642419647596237808e-04 2.841414902757910532e-03 9.999959496847611318e-01 3.474153999999999853e-01
9.999897997063232902e-01 4.504593032248418658e-03 3.303406140876620533e-04 -1.638700000000000096e-03 -4.504584441847562723e-03 9.999898539504086248e-01 -2.674409498579549121e-05 -6.650500000000000161e-03 -3.304577336993362417e-04 2.525577499744286643e-05 9.999999450799145206e-01 3.827392000000000016e-01
9.999998263762203132e-01 4.520620995499344133e-04 3.780044805639081471e-04 -1.609900000000000046e-03 -4.527375505064201115e-04 9.999982977642072335e-01 1.788713895027718541e-03 -7.229099999999999589e-03 -3.771952273522711065e-04 -1.788884721287062329e-03 9.999983288062107567e-01 4.179703000000000168e-01
9.999981891230044218e-01 -1.872305933110025552e-03 3.409123123787838284e-04 -1.855000000000000095e-03 1.872492268073687070e-03 9.999980972357026543e-01 -5.470810545699130844e-04 -7.852599999999999511e-03 -3.398873605986439152e-04 5.477184195424370221e-04 9.999997922405359230e-01 4.534299999999999997e-01
9.999964046062590484e-01 -2.673927310568498424e-03 2.022060653193518103e-04 -2.001000000000000174e-03 2.674462974479701639e-03 9.999927868833784483e-01 -2.696929552690753226e-03 -8.451000000000000179e-03 -1.949932131978019637e-04 2.697460648802031680e-03 9.999963428351601458e-01 4.889812000000000047e-01
9.999996455098748571e-01 -3.641811015102510937e-04 7.591786679862197245e-04 -2.109399999999999990e-03 3.674171945397772276e-04 9.999908294500294836e-01 -4.266851350474709474e-03 -9.158200000000000021e-03 -7.576177992755121294e-04 4.267128773214385988e-03 9.999906087695539236e-01 5.245796000000000348e-01
9.999967979015284003e-01 2.284561364201570435e-03 1.088561464897322287e-03 -2.116900000000000118e-03 -2.282232515462259605e-03 9.999951147833477938e-01 -2.135842734025279570e-03 -9.837699999999999570e-03 -1.093435610828891831e-03 2.133351544476257827e-03 9.999971266007481319e-01 5.604991000000000279e-01
9.999930276600617063e-01 3.160324786802715374e-03 1.989215550155468831e-03 -2.441099999999999867e-03 -3.162863236351508376e-03 9.999941862667244274e-01 1.274256214369346796e-03 -1.036340000000000004e-02 -1.985176921887823846e-03 -1.280538946554617358e-03 9.999972096424044610e-01 5.966078999999999688e-01
9.999958261896065848e-01 9.760674494352192428e-04 2.719355750994468125e-03 -2.685100000000000160e-03 -9.847279906942418316e-04 9.999944421982818188e-01 3.185260323986712980e-03 -1.085400000000000080e-02 -2.716231608434182317e-03 -3.187924855038726420e-03 9.999912295720237987e-01 6.325140999999999680e-01
9.999909495492625977e-01 -3.516342805130505660e-03 2.395026688969899981e-03 -2.737900000000000143e-03 3.512839911036113542e-03 9.999927565318976752e-01 1.465209710677149377e-03 -1.141630000000000075e-02 -2.400161520294621237e-03 -1.456783104527832693e-03 9.999960584960636556e-01 6.684006999999999588e-01
9.999901547995658779e-01 -3.918776686826199764e-03 2.081704402409335648e-03 -2.518499999999999905e-03 3.920803244027322269e-03 9.999918428559734229e-01 -9.703213053813599656e-04 -1.189989999999999971e-02 -2.077884949136445548e-03 9.784737057476954134e-04 9.999973624881943746e-01 7.045287000000000077e-01
9.999885232936419621e-01 -3.924069569927366233e-03 2.748628569228795532e-03 -2.635499999999999822e-03 3.933895464822225602e-03 9.999858589507877316e-01 -3.578598179028438450e-03 -1.249899999999999969e-02 -2.734547032519608900e-03 3.589369925970934717e-03 9.999898192862072266e-01 7.404522000000000048e-01
9.999934398463480312e-01 -1.028653841943590616e-03 3.473058528413310725e-03 -2.846599999999999912e-03 1.042538535026010663e-03 9.999914629669871546e-01 -3.998387993649509843e-03 -1.336099999999999961e-02 -3.468915921626749242e-03 4.001982560960183101e-03 9.999859752806088409e-01 7.766556000000000015e-01
9.999925736553675337e-01 -3.890371841467520552e-04 3.834225369446180812e-03 -2.839400000000000170e-03 4.129574027629529095e-04 9.999804470562876357e-01 -6.239789362676069658e-03 -1.402480000000000046e-02 -3.831722888970027444e-03 6.241326395600003442e-03 9.999731815126472467e-01 8.126763000000000181e-01
9.999926736473744304e-01 7.306042076520407854e-04 3.757508358935908888e-03 -2.835299999999999800e-03 -7.089872580212853341e-04 9.999832108427555433e-01 -5.751118993813429496e-03 -1.480240000000000028e-02 -3.761647065272810935e-03 5.748412833539295365e-03 9.999764026022072150e-01 8.489324000000000314e-01
9.999921376905764880e-01 8.981437901214605647e-04 3.862369061008807860e-03 -3.105099999999999961e-03 -8.806481065326962274e-04 9.999893558090309220e-01 -4.529097873956777764e-03 -1.549739999999999972e-02 -3.866395730345275911e-03 4.525660876787575629e-03 9.999822845319235043e-01 8.855233999999999606e-01
9.999930973445509963e-01 1.745968728098909808e-03 3.279764694591085286e-03 -3.046200000000000210e-03 -1.736821893073954137e-03 9.999946006358616524e-01 -2.789650306990562167e-03 -1.630739999999999967e-02 -3.284617628145547821e-03 2.783934683869973298e-03 9.999907304543941278e-01 9.222192000000000167e-01
9.999823908064761069e-01 4.899396005115271360e-03 3.348730468280637640e-03 -3.132400000000000028e-03 -4.890551699168943153e-03 9.999845452416906699e-01 -2.644197769987478332e-03 -1.697409999999999891e-02 -3.361633686451618794e-03 2.627774068315522765e-03 9.999908970697702904e-01 9.587850999999999457e-01
9.999686541116813432e-01 7.130741776489598650e-03 3.441411888967558109e-03 -3.195400000000000150e-03 -7.119929613516041457e-03 9.999697108758608399e-01 -3.143872317019320763e-03 -1.761010000000000006e-02 -3.463725793286558368e-03 3.119271159128216963e-03 9.999891363165225311e-01 9.955180999999999614e-01
9.999512862119447343e-01 9.252596681057892458e-03 3.437245661153726182e-03 -3.319200000000000015e-03 -9.243563391177937044e-03 9.999538063357282791e-01 -2.634716402581642122e-03 -1.836969999999999922e-02 -3.461464850423691137e-03 2.602815657405294775e-03 9.999906217618957927e-01 1.032107700000000072e+00
9.999519158874159430e-01 9.386068303405294827e-03 2.840358232693078640e-03 -3.647000000000000068e-03 -9.378891027506792294e-03 9.999528172753331390e-01 -2.529748251967776571e-03 -2.000340000000000104e-02 -2.863968606736019655e-03 2.502987200924509589e-03 9.999927663432828240e-01 1.106009800000000043e+00
9.999593846207874837e-01 8.760824954840257597e-03 2.115905226309288539e-03 -3.676700000000000194e-03 -8.754176343271522984e-03 9.999567787767229543e-01 -3.131289675343079410e-03 -2.066010000000000069e-02 -2.143246455025648797e-03 3.112639489348729884e-03 9.999928589595239448e-01 1.142571199999999898e+00
9.999702657597917543e-01 7.660193880600610697e-03 8.882713565443565865e-04 -3.525599999999999828e-03 -7.657677040267636334e-03 9.999667509803054077e-01 -2.803019129212517332e-03 -2.139339999999999992e-02 -9.097134923733289939e-04 2.796133688395884258e-03 9.999956770195350675e-01 1.179992300000000105e+00
9.999669230823690080e-01 8.094382670871411167e-03 -7.960592671840096201e-04 -4.103800000000000330e-03 -8.095875900418634391e-03 9.999654402517014207e-01 -1.890792327531665932e-03 -2.282000000000000001e-02 7.807269589259160274e-04 1.897174582986090995e-03 9.999978955947943504e-01 1.253672099999999956e+00
9.999590232682162849e-01 8.814084691266163910e-03 -2.064871795044752496e-03 -4.260299999999999851e-03 -8.816930776482269708e-03 9.999601870820955529e-01 -1.373310752532734894e-03 -2.361970000000000042e-02 2.052685109193243262e-03 1.391460310425592962e-03 9.999969251562961237e-01 1.291090599999999977e+00
9.999614520779540605e-01 8.275264194091115633e-03 -2.935023111941931565e-03 -4.728600000000000338e-03 -8.276576507870725408e-03 9.999656538260129901e-01 -4.352581116581190021e-04 -2.422610000000000041e-02 2.931320429260880593e-03 4.595332767007171142e-04 9.999955980851659154e-01 1.328390600000000088e+00
9.999719754156556339e-01 6.618797679762336746e-03 -3.498556929025513958e-03 -5.038599999999999850e-03 -6.617509053461915168e-03 9.999780319297756348e-01 3.797785932210771278e-04 -2.477470000000000019e-02 3.500993750152848246e-03 -3.566162179319810302e-04 9.999938079146462044e-01 1.365865899999999966e+00
9.999763056078467827e-01 5.124688663458359071e-03 -4.596279907137475369e-03 -4.980300000000000005e-03 -5.121650304925873774e-03 9.999866580819781747e-01 6.725743013271182069e-04 -2.554460000000000064e-02 4.599665317845094172e-03 -6.490178266999550166e-04 9.999892108692095549e-01 1.403729900000000086e+00
9.999849782458406500e-01 2.557616953749103101e-03 -4.847873573376617826e-03 -5.435299999999999680e-03 -2.557964056259587945e-03 9.999967262660124367e-01 -6.539988224390816634e-05 -2.615810000000000010e-02 4.847690434880532612e-03 7.779958617294317020e-05 9.999882468532677038e-01 1.441002200000000011e+00
9.999895891352206245e-01 3.829380845001841244e-04 -4.546974774063344306e-03 -5.872099999999999889e-03 -3.778597721356206072e-04 9.999993040268815303e-01 1.117661731033212308e-03 -2.765070000000000028e-02 4.547399604733532059e-03 -1.115931976356027621e-03 9.999890378662452672e-01 1.515390599999999921e+00
9.999898933230736420e-01 -2.606692199337270078e-03 -3.663114451603914721e-03 -6.304800000000000161e-03 2.612093201591312013e-03 9.999955074082882422e-01 1.470419105623016346e-03 -2.913380000000000136e-02 3.659265064713906630e-03 -1.479972640927855248e-03 9.999922096997396759e-01 1.589725499999999903e+00
9.999851028067988645e-01 -4.613046817369175802e-03 -2.917869691541395780e-03 -6.524600000000000191e-03 4.614918562979791229e-03 9.999891495478547832e-01 6.350694571053064471e-04 -2.979779999999999929e-02 2.914908426198033805e-03 -6.485257273567583214e-04 9.999955413516842251e-01 1.626903100000000046e+00
9.999964295117537150e-01 -2.031471639339654540e-03 -1.736112531710087359e-03 -6.794500000000000192e-03 2.031324756817749679e-03 9.999979331284131190e-01 -8.636338331977032041e-05 -3.126659999999999856e-02 1.736284388152315459e-03 8.283646659404102371e-05 9.999984892261803981e-01 1.701080399999999937e+00
9.999983156416072383e-01 1.161287707204353018e-03 -1.421310947559316232e-03 -6.954400000000000338e-03 -1.159110603505348865e-03 9.999981552937117213e-01 1.531623903748691954e-03 -3.223179999999999795e-02 1.423086981669557114e-03 -1.529973867354920969e-03 9.999978169993212207e-01 1.738340900000000078e+00
9.999884702751821175e-01 4.780559998352178902e-03 -4.533903433045506615e-04 -7.422599999999999684e-03 -4.779405158568285697e-03 9.999854162039731875e-01 2.514888804080271829e-03 -3.274749999999999883e-02 4.654063079693532214e-04 -2.512692871958778149e-03 9.999967348804194023e-01 1.775864700000000074e+00
9.999197370389578676e-01 1.265039683616222231e-02 6.978107401286424982e-04 -7.971900000000000514e-03 -1.265227106594809907e-02 9.999161746005607032e-01 2.750237999658709971e-03 -3.410230000000000206e-02 -6.629606437750425879e-04 -2.758846148050123938e-03 9.999959746174562625e-01 1.849844299999999997e+00
9.998702118886579893e-01 1.604823842927567690e-02 1.418950685349479844e-03 -8.297699999999999868e-03 -1.605110422177104257e-02 9.998691081988504425e-01 2.031876693476100931e-03 -3.466840000000000199e-02 -1.386156914702739266e-03 -2.054388705373672974e-03 9.999969290233121644e-01 1.887019000000000002e+00
9.998440794625629291e-01 1.755775898253906023e-02 1.881983839204379432e-03 -8.411500000000000574e-03 -1.756125586303860023e-02 9.998440630065635881e-01 1.857945919449935845e-03 -3.522430000000000005e-02 -1.849069001646504173e-03 -1.890706227254018148e-03 9.999965030807803634e-01 1.924314400000000091e+00
9.998560868048997907e-01 1.676592855264736129e-02 2.590235309829618752e-03 -8.861400000000000179e-03 -1.677124642890990766e-02 9.998572611382494646e-01 2.045150933138534244e-03 -3.665729999999999683e-02 -2.555576728165447151e-03 -2.088298083623300709e-03 9.999945540045207526e-01 1.997329099999999968e+00
9.998752815076720202e-01 1.568505194052337640e-02 1.844064960015730616e-03 -8.716200000000000336e-03 -1.568676677704088432e-02 9.998765326203393755e-01 9.191644086651312327e-04 -3.789759999999999657e-02 -1.829420136655400325e-03 -9.479771888153610453e-04 9.999978772783536529e-01 2.070517800000000186e+00
9.998799360213019849e-01 1.542483806905505656e-02 1.479159416883340638e-03 -8.815999999999999184e-03 -1.542663004920696856e-02 9.998802729530004152e-01 1.207826460328088750e-03 -3.860879999999999868e-02 -1.460351793928234710e-03 -1.230499888985744960e-03 9.999981766196682775e-01 2.107036599999999815e+00
9.998803569098497768e-01 1.546374473667772032e-02 3.800849250312216400e-04 -9.134599999999999664e-03 -1.546412482728611038e-02 9.998799047515873895e-01 1.018291354476437080e-03 -3.989159999999999928e-02 -3.642926810645427086e-04 -1.024047203677766645e-03 9.999994093089090708e-01 2.178930300000000209e+00
9.998884772438433322e-01 1.491019250891784109e-02 -8.480768450781039740e-04 -9.278800000000000242e-03 -1.490856191636971001e-02 9.998870606196231803e-01 1.897573986907892703e-03 -4.058710000000000095e-02 8.762742572494203533e-04 -1.884718758072174982e-03 9.999978399869817736e-01 2.215498199999999862e+00
9.999418615356246987e-01 1.037820210582790156e-02 -2.926853211251595737e-03 -9.664400000000000074e-03 -1.036826769938799589e-02 9.999405043431899287e-01 3.389218022022353390e-03 -4.180199999999999888e-02 2.961853065810667648e-03 -3.358674580480049739e-03 9.999899733154723469e-01 2.287088600000000138e+00
9.999614689103276666e-01 7.984608109341938958e-03 -3.647838817726270846e-03 -9.807899999999999605e-03 -7.972014402592056403e-03 9.999622578314094623e-01 3.453968597812377261e-03 -4.239110000000000100e-02 3.675279726054126589e-03 -3.424754889045361541e-03 9.999873816068307608e-01 2.322873099999999802e+00
9.999736195320192422e-01 5.738193006802340748e-03 -4.453468429107190242e-03 -1.034490000000000062e-02 -5.726522137451763028e-03 9.999801475419428654e-01 2.628966755877871087e-03 -4.367220000000000130e-02 4.468465535465686138e-03 -2.603394516956819994e-03 9.999866274869616545e-01 2.394117599999999957e+00
9.999613770503845700e-01 7.757012153482915374e-03 -4.131969258042945611e-03 -1.148249999999999965e-02 -7.754036751524982611e-03 9.999696664234845045e-01 7.356269171403689335e-04 -4.575599999999999806e-02 4.137550187573984378e-03 -7.035590635759759494e-04 9.999911928027613861e-01 2.500981100000000179e+00
9.999502089446459241e-01 9.208997777559738834e-03 -3.843695031071031869e-03 -1.200509999999999945e-02 -9.204770255628352826e-03 9.999570123341042782e-01 1.116104113965657365e-03 -4.641259999999999830e-02 3.853807999898266074e-03 -1.080668212270228645e-03 9.999919901279784584e-01 2.536545499999999898e+00
9.999434061273736463e-01 1.008597668865473911e-02 -3.384910135008817583e-03 -1.250889999999999988e-02 -1.007732249135341422e-02 9.999459350454985573e-01 2.564089972810594097e-03 -4.711189999999999822e-02 3.410588481689757947e-03 -2.529834029994535837e-03 9.999909838723493039e-01 2.572108699999999804e+00
9.999410998005919815e-01 1.045219865388537922e-02 -2.923777160154278094e-03 -1.339860000000000009e-02 -1.044467765873436857e-02 9.999421350364463557e-01 2.575905153217169716e-03 -4.843820000000000070e-02 2.950531848270459678e-03 -2.545215521906208332e-03 9.999924080910611579e-01 2.642680900000000221e+00
9.999493266261663127e-01 9.551073325198880179e-03 -3.181379922784751194e-03 -1.384870000000000025e-02 -9.553083345284847996e-03 9.999541777743876647e-01 -6.172115895471219464e-04 -4.982269999999999754e-02 3.175339111727243889e-03 6.475723009088890734e-04 9.999947489220333274e-01 2.712959800000000143e+00
9.999677229190748751e-01 7.412932393830867772e-03 -3.098637339994616668e-03 -1.404979999999999944e-02 -7.412148194995270278e-03 9.999724946748714816e-01 2.644860101856574678e-04 -5.046230000000000160e-02 3.100512727879745339e-03 -2.415099141827170971e-04 9.999951642352004066e-01 2.748088599999999992e+00
9.999945787006669917e-01 2.657036048182289095e-03 -1.944923832523249218e-03 -1.429659999999999959e-02 -2.651351009039284220e-03 9.999922225835569112e-01 2.919779139753519472e-03 -5.166219999999999840e-02 1.952666664467709408e-03 -2.914606634990951455e-03 9.999938460615949154e-01 2.818731500000000167e+00
9.999884957313529554e-01 4.792459590047316344e-03 -2.018316713365005772e-04 -1.461160000000000063e-02 -4.792711151579277622e-03 9.999877148734558352e-01 -1.264919752963202838e-03 -5.261960000000000248e-02 1.957671150081487948e-04 1.265872521888504118e-03 9.999991796206609829e-01 2.888344299999999976e+00
9.999498016817670587e-01 9.777306169800078009e-03 2.190525201089558657e-03 -1.503220000000000077e-02 -9.770425396812268057e-03 9.999473691302417366e-01 -3.130136909691936305e-03 -5.402269999999999989e-02 -2.221014218762447714e-03 3.108577419026147936e-03 9.999927018945038437e-01 2.958412899999999901e+00
9.999211119973911988e-01 1.139424921223136829e-02 5.285912105792031634e-03 -1.558299999999999963e-02 -1.139889860445389598e-02 9.999346689252937015e-01 8.502892852237013775e-04 -5.520409999999999900e-02 -5.275878363455027698e-03 -9.104757837263290597e-04 9.999856679679670624e-01 3.028713199999999883e+00
9.999161142570377470e-01 1.107794142870367413e-02 6.711457577071489218e-03 -1.516349999999999990e-02 -1.108399212354553576e-02 9.999381965175724307e-01 8.650224216342882605e-04 -5.646600000000000230e-02 -6.701460117899681566e-03 -9.393396015075407973e-04 9.999771037745820434e-01 3.099201900000000176e+00
9.998448977187133213e-01 1.507696996615842493e-02 9.103047978289277239e-03 -1.518399999999999958e-02 -1.507866111782391570e-02 9.998863036614968891e-01 1.171709970976237374e-04 -5.789749999999999758e-02 -9.100246411460783183e-03 -2.544145992125894395e-04 9.999585595355751089e-01 3.169632399999999794e+00
9.997842872149660387e-01 1.722783955265250883e-02 1.160088713893816029e-02 -1.510019999999999939e-02 -1.720748959331269007e-02 9.998502255093757451e-01 -1.851715622486800692e-03 -5.906560000000000282e-02 -1.163105068161747815e-02 1.651694039036309767e-03 9.999309929024318144e-01 3.239780399999999894e+00
9.997862409260657168e-01 1.651155095093984060e-02 1.244351799618336439e-02 -1.474609999999999983e-02 -1.648706875818414103e-02 9.998619414870256739e-01 -2.067493544996168095e-03 -5.970170000000000338e-02 -1.247593758760158662e-02 1.861894462693847868e-03 9.999204390001836806e-01 3.274856999999999907e+00
9.997861788639266223e-01 1.591067707024211922e-02 1.320783509265686939e-02 -1.445650000000000060e-02 -1.589761926648680310e-02 9.998730274101000903e-01 -1.093050510684760463e-03 -6.027829999999999994e-02 -1.322354923332515197e-02 8.828436597451781026e-04 9.999121753097849341e-01 3.310231400000000157e+00
9.997916981300125627e-01 1.479769640908875847e-02 1.405661877160657020e-02 -1.409449999999999939e-02 -1.479076152398905303e-02 9.998904323659646431e-01 -5.971905431431495355e-04 -6.075910000000000338e-02 -1.406391566550103944e-02 3.891580511518132708e-04 9.999010225178114331e-01 3.345656599999999870e+00
9.998351585966482880e-01 1.125838811886930441e-02 1.424444912869299480e-02 -1.331099999999999992e-02 -1.126708119050476992e-02 9.999363838761511358e-01 5.301717956956375965e-04 -6.228589999999999821e-02 -1.423757407220744599e-02 -6.905777662798165623e-04 9.998984021323801263e-01 3.415839399999999859e+00
9.998783920656725277e-01 8.118065103687937406e-03 1.331533323419524691e-02 -1.261609999999999988e-02 -8.127040729019190807e-03 9.999667827845537538e-01 6.201100692210681107e-04 -6.334220000000000128e-02 -1.330985684198907927e-02 -7.282489144312620727e-04 9.999111547354416762e-01 3.486532899999999824e+00
9.999273558334869083e-01 5.214658999631933273e-03 1.086694011066474501e-02 -1.198710000000000053e-02 -5.233546887033299622e-03 9.999848421556466471e-01 1.710393500842340847e-03 -6.478219999999999812e-02 -1.085785627241587191e-02 -1.767141891319809477e-03 9.999394902526369533e-01 3.556770600000000115e+00
9.999558115642748213e-01 3.764730974113152107e-03 8.614041996938269150e-03 -1.163959999999999995e-02 -3.779982421873825243e-03 9.999913159250828354e-01 1.754937979357082444e-03 -6.592159999999999687e-02 -8.607360322583695530e-03 -1.787421358722689332e-03 9.999613584899986751e-01 3.627320099999999936e+00
9.999656115887036734e-01 3.279758436159585684e-03 7.617008903133990101e-03 -1.156219999999999991e-02 -3.289383796220158272e-03 9.999938068533810176e-01 1.251482770175606392e-03 -6.649080000000000268e-02 -7.612857168707863435e-03 -1.276494999333008685e-03 9.999702070393124975e-01 3.662362100000000176e+00
9.999833663025263775e-01 1.234277872144104319e-03 5.634152678241510608e-03 -1.127320000000000058e-02 -1.224911042775257046e-03 9.999978625875162175e-01 -1.665657028407236057e-03 -6.764920000000000655e-02 -5.636196519345985055e-03 1.658727986539870877e-03 9.999827408061910949e-01 3.733086800000000149e+00
9.999224720981240155e-01 -1.191681634970625202e-02 3.610994497895863610e-03 -1.084390000000000007e-02 1.191552137882164082e-02 9.999289354799870688e-01 3.799212166325955124e-04 -6.905079999999999552e-02 -3.615265335671068517e-03 -3.368648799993063676e-04 9.999934081675765363e-01 3.803307499999999841e+00
9.997565881321492931e-01 -2.205257838623267408e-02 6.695318386642384358e-04 -1.027199999999999988e-02 2.205352506044035849e-02 9.997557527973778280e-01 -1.441104075645131344e-03 -7.034949999999999537e-02 -6.375882467946946200e-04 1.455518830993055663e-03 9.999987374722830724e-01 3.873702999999999896e+00
9.997722347688545730e-01 -2.131333842803396009e-02 1.104622262302855850e-03 -1.040139999999999988e-02 2.131812413123338953e-02 9.997625314034779276e-01 -4.518670737624788311e-03 -7.110030000000000516e-02 -1.008051990528688628e-03 4.541190016045660097e-03 9.999891806536821415e-01 3.908934599999999815e+00
9.998303030356887611e-01 -1.827849963568604560e-02 2.293813992241789616e-03 -1.077949999999999915e-02 1.829256882886133237e-02 9.998130154367160793e-01 -6.270254299645560379e-03 -7.203170000000000406e-02 -2.178774243502465662e-03 6.311150006859138871e-03 9.999777109157917954e-01 3.944169500000000106e+00
9.997651230297426306e-01 -2.144307284362661700e-02 3.145377615874034478e-03 -1.050839999999999934e-02 2.145275489722961795e-02 9.997651267636623595e-01 -3.077436361223334898e-03 -7.353640000000000176e-02 -3.078649158788552762e-03 3.144190557347229398e-03 9.999903179456769431e-01 4.015361799999999981e+00
9.996388456824480961e-01 -2.660361416841535570e-02 3.798146369056833345e-03 -1.041279999999999983e-02 2.660517916017172968e-02 9.996459539873698841e-01 -3.621029359254428290e-04 -7.425650000000000306e-02 -3.787168403682872331e-03 4.630225255120479395e-04 9.999927214563228972e-01 4.050719299999999912e+00
9.994643332229160571e-01 -3.252094190367946919e-02 3.665372146089767094e-03 -9.806499999999999245e-03 3.251633267939425115e-02 9.994703455078020049e-01 1.310175407294987679e-03 -7.568930000000000102e-02 -3.706038903571282940e-03 -1.190289129761107215e-03 9.999924242150202147e-01 4.121084200000000308e+00
9.996520203372230018e-01 -2.577397076330793443e-02 5.616107798163488818e-03 -9.862499999999999739e-03 2.577074033796604088e-02 9.996676700562925344e-01 6.468281507196403353e-04 -7.677370000000000028e-02 -5.630912727220603251e-03 -5.018718119013807410e-04 9.999840203455967469e-01 4.191788700000000034e+00
9.997216540305392529e-01 -2.272424293763559977e-02 6.342179858218491804e-03 -9.918800000000000186e-03 2.273138421730957343e-02 9.997410507950759140e-01 -1.056184984937589329e-03 -7.749509999999999732e-02 -6.316536551601915385e-03 1.200057527236473697e-03 9.999793304003455896e-01 4.226899099999999798e+00
9.998095720221924498e-01 -1.789549313118859314e-02 7.782738489239906382e-03 -9.861599999999999880e-03 1.790080171174562862e-02 9.998395799173307452e-01 -6.129672197060420571e-04 -7.865529999999999744e-02 -7.770520631018176458e-03 7.521677520681854887e-04 9.999695261620704656e-01 4.298388000000000098e+00
9.998794796869411305e-01 -1.390697068560598632e-02 6.900888879092924311e-03 -9.826899999999999524e-03 1.393413652844538442e-02 9.998952929335362949e-01 -3.904229573714317319e-03 -7.984170000000000156e-02 -6.845870301030881205e-03 3.999916962552751108e-03 9.999685668680361461e-01 4.369981799999999694e+00
9.999680425774521986e-01 -4.604865354489325567e-03 6.535215289931612173e-03 -9.768900000000000500e-03 4.656986722402522462e-03 9.999572929162601209e-01 -7.982782613357662302e-03 -8.149729999999999475e-02 -6.498176550856295947e-03 8.012961915033834162e-03 9.999467816553349042e-01 4.439855099999999943e+00
9.999703735653840964e-01 2.354680699343682411e-03 7.328538074554899473e-03 -9.800100000000000824e-03 -2.320872423637888524e-03 9.999866422165698543e-01 -4.618326495920060948e-03 -8.314970000000000694e-02 -7.339314865793651610e-03 4.601181069449280722e-03 9.999624810911991180e-01 4.511529399999999690e+00
9.999775745467275323e-01 4.549638901217886830e-04 6.681572532158634205e-03 -9.516300000000000106e-03 -4.434307576319899426e-04 9.999984095716124566e-01 -1.727490494564517523e-03 -8.442639999999999867e-02 -6.682347851391560491e-03 1.724488940037045099e-03 9.999761858989886232e-01 4.583070799999999778e+00
9.999877533347878433e-01 -1.540943982563664893e-03 4.703049232803864672e-03 -9.289000000000000382e-03 1.548645531009064380e-03 9.999974652744650916e-01 -1.634362770114356281e-03 -8.508670000000000122e-02 -4.700518850388948379e-03 1.641626110797172848e-03 9.999876050163069019e-01 4.618974699999999878e+00
9.999939756783713385e-01 -1.905869169849955204e-03 2.901080776565542665e-03 -9.324300000000000643e-03 1.923707077832780129e-03 9.999791865757263754e-01 -6.158389921655819596e-03 -8.574700000000000377e-02 -2.889283309652890003e-03 6.163933651157461197e-03 9.999768287134960243e-01 4.654945900000000414e+00
9.999988639381303113e-01 -2.555569567458647069e-04 1.485534614413543640e-03 -9.502999999999999295e-03 2.708359042803872019e-04 9.999469780304810484e-01 -1.029406506787234471e-02 -8.668209999999999804e-02 -1.482825128501209355e-03 1.029445570928817083e-02 9.999459112428470409e-01 4.691099200000000025e+00
9.999684477335333277e-01 7.937014038350500775e-03 3.276362965508780025e-04 -9.812400000000000636e-03 -7.933475842938934527e-03 9.999217873308232640e-01 -9.668463279201799238e-03 -8.868070000000000119e-02 -4.043494000179066305e-04 9.665558922628134791e-03 9.999532056412818726e-01 4.764247899999999980e+00
9.999450926238327986e-01 1.046071359520668945e-02 6.206517489170488774e-04 -1.007809999999999956e-02 -1.045649192932949362e-02 9.999244977498794595e-01 -6.454500459610021217e-03 -8.954610000000000347e-02 -6.881235690215747706e-04 6.447656219921838079e-03 9.999789768866260697e-01 4.801010100000000058e+00
9.999394203727527408e-01 1.097517265632153363e-02 8.373588042914407005e-04 -1.030960000000000036e-02 -1.097123907701380921e-02 9.999293899658221463e-01 -4.565851037194525348e-03 -9.034280000000000088e-02 -8.874106818139050742e-04 4.556387576005501393e-03 9.999892258592284477e-01 4.837960200000000377e+00
9.999663718137412616e-01 8.165647911880066084e-03 7.598919934605042432e-04 -1.033099999999999991e-02 -8.163397960382325069e-03 9.999624204555993545e-01 -2.918323203399425785e-03 -9.174699999999999522e-02 -7.836934368376260963e-04 2.912021764733652585e-03 9.999954529665816549e-01 4.911377899999999741e+00
9.999928645487711210e-01 3.589922925661542374e-03 1.176139843220263236e-03 -1.048430000000000022e-02 -3.586858041340969337e-03 9.999901931235500863e-01 -2.597711707673790171e-03 -9.305990000000000095e-02 -1.185453893775770349e-03 2.593474525174197659e-03 9.999959342862114742e-01 4.985284300000000002e+00
9.999889850883528775e-01 -4.220247514791752516e-03 2.054072267426191971e-03 -1.018819999999999969e-02 4.220128782044611435e-03 9.999910932865245794e-01 6.213440463091109167e-05 -9.450160000000000504e-02 -2.054316194959774494e-03 -5.346527072976892927e-05 9.999978884609886931e-01 5.059682800000000036e+00
9.999736740194909990e-01 -6.881041083096748300e-03 2.302724814944521504e-03 -1.004990000000000050e-02 6.881268560224603099e-03 9.999763196617423855e-01 -9.087771361766936904e-05 -9.525260000000000671e-02 -2.302044952361048148e-03 1.067209890446787248e-04 9.999973445963082908e-01 5.096881899999999632e+00
9.999842633271851522e-01 -4.940739069894621756e-03 2.657479149476677481e-03 -1.023510000000000045e-02 4.952398402464290410e-03 9.999780617978907271e-01 -4.398826320404683465e-03 -9.587429999999999564e-02 -2.635687396099091299e-03 4.411917993008560371e-03 9.999867939785870297e-01 5.134140000000000370e+00
9.999937328056156538e-01 2.149829075725216698e-03 2.812931644402963567e-03 -1.041240000000000047e-02 -2.123317153083909697e-03 9.999536182724678701e-01 -9.394297635633815785e-03 -9.670779999999999654e-02 -2.832997309976968865e-03 9.388266013733416460e-03 9.999519161377196097e-01 5.171729599999999927e+00
9.997912006765311554e-01 1.958050950429126441e-02 5.844544236518971203e-03 -1.143229999999999941e-02 -1.954567943899700178e-02 9.997912112995921419e-01 -5.958206388028191788e-03 -9.851020000000000609e-02 -5.959988678532666950e-03 5.842726730451245840e-03 9.999651699330857069e-01 5.246744600000000425e+00
9.997647352123533171e-01 2.067891805124096039e-02 6.546493259989605816e-03 -1.150020000000000035e-02 -2.065296818031599202e-02 9.997786747993044898e-01 -4.007034051443957197e-03 -9.917960000000000664e-02 -6.627905484833328774e-03 3.870886820437533047e-03 9.999705431181997728e-01 5.284748600000000351e+00
9.998114532352306849e-01 1.845671062233471965e-02 6.033888684701935179e-03 -1.135820000000000059e-02 -1.843750419619021724e-02 9.998248188003425740e-01 -3.223375540863750600e-03 -1.000400000000000039e-01 -6.092324570428384739e-03 3.111517935890347700e-03 9.999766007449689686e-01 5.322445899999999952e+00
9.998837428081321921e-01 1.456568100385786761e-02 4.510189008750716683e-03 -1.107529999999999973e-02 -1.455143678278751455e-02 9.998890810488435532e-01 -3.175104227505798262e-03 -1.008489999999999942e-01 -4.555936298648199934e-03 3.109105368565162359e-03 9.999847883384275216e-01 5.360392100000000326e+00
9.999017349880302552e-01 1.373416172619107770e-02 2.809478529129904624e-03 -1.089670000000000048e-02 -1.372189978918494577e-02 9.998964394996103788e-01 -4.338172677241204471e-03 -1.024691999999999964e-01 -2.868768743272968186e-03 4.299195003814561093e-03 9.999866434549097294e-01 5.436376100000000378e+00
9.998859496995287088e-01 1.483213956323397101e-02 2.845211670197432541e-03 -1.101959999999999919e-02 -1.482015098602908545e-02 9.998813990169902466e-01 -4.189394297229244619e-03 -1.031693999999999944e-01 -2.907011906198396847e-03 4.146750029011314446e-03 9.999871767907696496e-01 5.474601700000000015e+00
9.998670694112826718e-01 1.605545175601934965e-02 2.840066161791713738e-03 -1.114389999999999999e-02 -1.604744964413963582e-02 9.998672595200789326e-01 -2.818279568468112783e-03 -1.041414999999999980e-01 -2.884937921692904469e-03 2.772329114188528884e-03 9.999919956302003587e-01 5.512499299999999991e+00
9.998860595641104743e-01 1.489782279027709010e-02 2.433673245449943703e-03 -1.120419999999999923e-02 -1.488928404278148411e-02 9.998830583768627545e-01 -3.489812548622829580e-03 -1.048946999999999935e-01 -2.485379256671103442e-03 3.453179265641044549e-03 9.999909491804962469e-01 5.550792699999999691e+00
9.998844778044368997e-01 1.506034619021495019e-02 2.053538015090840621e-03 -1.128919999999999924e-02 -1.505029801327016983e-02 9.998751020422912417e-01 -4.823779185392034451e-03 -1.055555999999999994e-01 -2.125929316863835877e-03 4.792315572720930693e-03 9.999862569735601392e-01 5.589032200000000117e+00
9.999097348662999707e-01 1.335010014910289165e-02 1.515567753222534474e-03 -1.121079999999999993e-02 -1.334282275218017476e-02 9.998998667226272064e-01 -4.714404424349038711e-03 -1.065114999999999951e-01 -1.578353765664757078e-03 4.693756926103190980e-03 9.999877386474841368e-01 5.627461399999999614e+00
9.998992830519001229e-01 1.413191125104824690e-02 1.308753868655280041e-03 -1.142849999999999942e-02 -1.412529106531755681e-02 9.998880470327814463e-01 -4.936552773995867699e-03 -1.073088999999999987e-01 -1.378370275464550982e-03 4.917569050138719672e-03 9.999869587199730070e-01 5.666092400000000140e+00
9.998938417551175295e-01 1.451924034848701799e-02 1.223470430811812162e-03 -1.170940000000000002e-02 -1.451269093702999176e-02 9.998811534436145010e-01 -5.201998657581098293e-03 -1.081165000000000043e-01 -1.298854094366197259e-03 5.183690574300760939e-03 9.999857210630918036e-01 5.704458200000000367e+00
9.998889619229704984e-01 1.490136412014540605e-02 1.147691738549910166e-04 -1.185980000000000020e-02 -1.490049564801377603e-02 9.998735173198496362e-01 -5.560988390191261461e-03 -1.098472999999999949e-01 -1.976209704124243759e-04 5.558660791158478130e-03 9.999845309984354280e-01 5.782022000000000439e+00
9.998878617510275069e-01 1.497336627840345491e-02 -2.494498965367923995e-04 -1.245989999999999945e-02 -1.497448656837460645e-02 9.998735724255755075e-01 -5.348262982604955196e-03 -1.115768000000000038e-01 1.693368585996622537e-04 5.351398621884214529e-03 9.999856668261890569e-01 5.859282499999999949e+00
9.999212727391240119e-01 1.253392419404595649e-02 -5.908198272638626874e-04 -1.256370000000000056e-02 -1.253708050590707744e-02 9.999052672508481621e-01 -5.681385077438431269e-03 -1.133421000000000012e-01 5.195538073995754381e-04 5.688344953292196610e-03 9.999836862646978020e-01 5.937258199999999597e+00
9.999292632760399258e-01 1.188628271914979502e-02 -4.297992047866230122e-04 -1.267219999999999978e-02 -1.188841257650275450e-02 9.999150237360373561e-01 -5.348920766920125559e-03 -1.142288999999999943e-01 3.661838975780019011e-04 5.353652032059908090e-03 9.999856020559859671e-01 5.976372200000000134e+00
9.999434627801255804e-01 1.062752940145049972e-02 -3.561770805844618483e-04 -1.326100000000000022e-02 -1.062892358421583562e-02 9.999348065855208079e-01 -4.172356914003774904e-03 -1.162453999999999987e-01 3.118120144074989727e-04 4.175906799515515487e-03 9.999912322493978989e-01 6.054841999999999835e+00
9.999366896392763993e-01 1.124130955118708697e-02 -4.996727128302011663e-04 -1.349769999999999963e-02 -1.124347506742781957e-02 9.999263659250556824e-01 -4.565851105751968925e-03 -1.170463000000000059e-01 4.483097742478291863e-04 4.571180097760033784e-03 9.999894516097959096e-01 6.094089499999999937e+00
9.999338882921965377e-01 1.148080160549092531e-02 -6.404992929655389756e-04 -1.348199999999999919e-02 -1.148394226749726611e-02 9.999208641254796470e-01 -5.136589973007639302e-03 -1.179286999999999974e-01 5.814764360850057127e-04 5.143605841175027081e-03 9.999866025123060886e-01 6.133873499999999979e+00
9.999205148321613779e-01 1.260778292053959387e-02 -8.847380328724376128e-05 -1.362610000000000036e-02 -1.260805292958706164e-02 9.999104581343832843e-01 -4.484720148750316951e-03 -1.187610999999999944e-01 3.192350308302516161e-05 4.485479162411312379e-03 9.999899396781817273e-01 6.173140499999999697e+00
9.999127202841904261e-01 1.319395265386493626e-02 6.866055912025422880e-04 -1.377770000000000036e-02 -1.319225081632725838e-02 9.999100335814382623e-01 -2.426780081934099172e-03 -1.195752999999999955e-01 -7.185626412589184251e-04 2.417510400087178983e-03 9.999968196505407692e-01 6.211959799999999809e+00
9.999140353343248799e-01 1.303613795858398795e-02 1.407497265092935192e-03 -1.402340000000000010e-02 -1.303328880319100554e-02 9.999130331708132591e-01 -2.014814660623132341e-03 -1.203173000000000020e-01 -1.433640261395561794e-03 1.996297139408776799e-03 9.999969797321049958e-01 6.251502499999999962e+00
9.999176508223972526e-01 1.270966009413708291e-02 1.776545555274490484e-03 -1.401679999999999940e-02 -1.270256683497517254e-02 9.999115229320666431e-01 -3.948557138784634067e-03 -1.209210000000000007e-01 -1.826573190828940929e-03 3.925665289700285519e-03 9.999906263472732038e-01 6.291001800000000088e+00
9.999160091319299060e-01 1.274743741837648658e-02 2.340410421009248530e-03 -1.411240000000000064e-02 -1.273554647600680031e-02 9.999062621991361421e-01 -5.027193144281871286e-03 -1.218095000000000011e-01 -2.404274866080088370e-03 4.996964500276032846e-03 9.999846247858770187e-01 6.330061899999999575e+00
9.999031818108302661e-01 1.371832412616314986e-02 2.331220227088461484e-03 -1.412620000000000021e-02 -1.370774283884843014e-02 9.998959370290055881e-01 -4.495875793527638435e-03 -1.226866999999999958e-01 -2.392653514752171671e-03 4.463484743600926695e-03 9.999871761743257537e-01 6.369885000000000019e+00
9.998993650213455764e-01 1.398161216024990453e-02 2.402987996269310630e-03 -1.419720000000000010e-02 -1.397364663195641357e-02 9.998969174015982508e-01 -3.300268259771650670e-03 -1.235968000000000067e-01 -2.448883360855637695e-03 3.266357632225074491e-03 9.999916669043313888e-01 6.409417200000000037e+00
9.998879712510073681e-01 1.484153498600195367e-02 1.942623690761318680e-03 -1.450730000000000075e-02 -1.483519506100726068e-02 9.998847085656112910e-01 -3.238296491127587700e-03 -1.250217000000000134e-01 -1.990461013557650889e-03 3.209114507440241192e-03 9.999928697990958515e-01 6.488542100000000090e+00
