9.999985e-01 -1.646347e-03 -5.538205e-04 4.448326e-04 1.647375e-03 9.999969e-01 1.859719e-03 -4.203318e-02 5.507574e-04 -1.860627e-03 9.999981e-01 2.625299e+00
9.999939e-01 -3.413454e-03 -7.312197e-04 2.037581e-03 3.413847e-03 9.999940e-01 5.361920e-04 -6.302801e-02 7.293855e-04 -5.386841e-04 9.999996e-01 3.941730e+00
9.999932e-01 -3.635348e-03 -6.434003e-04 2.777892e-03 3.635872e-03 9.999930e-01 8.141188e-04 -8.483761e-02 6.404366e-04 -8.164517e-04 9.999995e-01 5.261017e+00
9.999922e-01 -3.925219e-03 -5.162240e-04 4.157928e-03 3.926062e-03 9.999909e-01 1.640787e-03 -1.014678e-01 5.097792e-04 -1.642800e-03 9.999985e-01 6.581638e+00
9.999848e-01 -5.504052e-03 -4.169862e-04 7.571022e-03 5.505158e-03 9.999812e-01 2.694454e-03 -1.165874e-01 4.021483e-04 -2.696707e-03 9.999963e-01 7.908775e+00
9.999864e-01 -5.184552e-03 -5.975596e-04 8.323818e-03 5.186662e-03 9.999801e-01 3.583038e-03 -1.328035e-01 5.789716e-04 -3.586087e-03 9.999934e-01 9.238962e+00
9.999889e-01 -4.630870e-03 -8.604706e-04 7.728339e-03 4.632472e-03 9.999875e-01 1.867105e-03 -1.497649e-01 8.518139e-04 -1.871070e-03 9.999979e-01 1.056963e+01
9.999977e-01 -1.900807e-03 -9.601046e-04 6.780918e-03 1.900055e-03 9.999979e-01 -7.842219e-04 -1.634547e-01 9.615936e-04 7.823964e-04 9.999992e-01 1.190426e+01
9.999986e-01 1.543588e-03 -6.218670e-04 3.419395e-03 -1.544659e-03 9.999973e-01 -1.724973e-03 -1.767480e-01 6.192031e-04 1.725931e-03 9.999983e-01 1.324208e+01
9.999920e-01 3.962554e-03 -5.304797e-04 -1.862182e-03 -3.963388e-03 9.999909e-01 -1.579139e-03 -1.959202e-01 5.242178e-04 1.581229e-03 9.999986e-01 1.458048e+01
9.999865e-01 5.189813e-03 -3.869434e-04 -5.851755e-03 -5.190150e-03 9.999861e-01 -8.728856e-04 -2.177602e-01 3.824083e-04 8.748826e-04 9.999996e-01 1.593066e+01
9.999955e-01 2.993090e-03 2.876761e-05 -4.267715e-03 -2.993137e-03 9.999939e-01 1.769063e-03 -2.364140e-01 -2.347214e-05 -1.769141e-03 9.999984e-01 1.728222e+01
9.999996e-01 -8.993856e-04 2.524904e-04 4.827890e-04 8.983692e-04 9.999916e-01 3.998216e-03 -2.537475e-01 -2.560839e-04 -3.997986e-03 9.999920e-01 1.863469e+01
9.999934e-01 -3.638641e-03 -3.959215e-05 5.006086e-03 3.638708e-03 9.999917e-01 1.831392e-03 -2.699101e-01 3.292839e-05 -1.831523e-03 9.999983e-01 1.998670e+01
9.999869e-01 -5.119262e-03 -2.320356e-04 4.134686e-03 5.119134e-03 9.999867e-01 -5.539281e-04 -2.931092e-01 2.348686e-04 5.527336e-04 9.999998e-01 2.134127e+01
9.999959e-01 -2.848774e-03 4.262615e-04 -7.654745e-04 2.849650e-03 9.999938e-01 -2.066802e-03 -3.222297e-01 -4.203707e-04 2.068008e-03 9.999978e-01 2.270575e+01
9.999992e-01 1.424853e-04 1.245425e-03 -7.369324e-03 -1.415313e-04 9.999997e-01 -7.660729e-04 -3.468119e-01 -1.245534e-03 7.658967e-04 9.999989e-01 2.407210e+01
9.999971e-01 1.440634e-03 1.942058e-03 -9.719264e-03 -1.451156e-03 9.999842e-01 5.427244e-03 -3.687424e-01 -1.934208e-03 -5.430044e-03 9.999834e-01 2.544868e+01
9.999966e-01 -1.050891e-03 2.369238e-03 -5.061181e-03 1.037930e-03 9.999845e-01 5.465290e-03 -3.871399e-01 -2.374945e-03 -5.462811e-03 9.999823e-01 2.682030e+01
9.999839e-01 -5.339007e-03 1.951315e-03 1.962273e-03 5.331392e-03 9.999782e-01 3.887907e-03 -4.099385e-01 -1.972030e-03 -3.877439e-03 9.999905e-01 2.819472e+01
9.999804e-01 -5.933229e-03 1.984892e-03 5.281593e-03 5.930623e-03 9.999815e-01 1.317193e-03 -4.328977e-01 -1.992671e-03 -1.305395e-03 9.999972e-01 2.957012e+01
9.999781e-01 -6.177289e-03 2.396696e-03 7.939024e-03 6.179643e-03 9.999804e-01 -9.754601e-04 -4.591179e-01 -2.390623e-03 9.902499e-04 9.999967e-01 3.094984e+01
9.999909e-01 -2.864263e-03 3.173275e-03 6.827076e-03 2.868672e-03 9.999949e-01 -1.385713e-03 -4.850133e-01 -3.169290e-03 1.394804e-03 9.999940e-01 3.233531e+01
9.999918e-01 -1.916604e-03 3.569832e-03 8.305167e-03 1.929098e-03 9.999920e-01 -3.499497e-03 -5.122367e-01 -3.563096e-03 3.506355e-03 9.999875e-01 3.371780e+01
9.999934e-01 -1.021449e-03 3.498427e-03 1.017340e-02 1.035312e-03 9.999916e-01 -3.963092e-03 -5.431160e-01 -3.494350e-03 3.966688e-03 9.999860e-01 3.511083e+01
9.999937e-01 -9.562966e-04 3.408962e-03 1.211940e-02 9.619574e-04 9.999981e-01 -1.659242e-03 -5.746233e-01 -3.407369e-03 1.662511e-03 9.999928e-01 3.650789e+01
9.999955e-01 -1.889567e-04 2.986144e-03 1.511478e-02 1.891381e-04 1.000000e+00 -6.045352e-05 -5.999006e-01 -2.986132e-03 6.101873e-05 9.999955e-01 3.790589e+01
9.999824e-01 5.051551e-03 3.101410e-03 1.942949e-02 -5.049835e-03 9.999871e-01 -5.613031e-04 -6.437120e-01 -3.104205e-03 5.456323e-04 9.999950e-01 4.070437e+01
9.999692e-01 7.203652e-03 3.111047e-03 1.916344e-02 -7.203531e-03 9.999740e-01 -5.033623e-05 -6.707246e-01 -3.111328e-03 2.792485e-05 9.999952e-01 4.211100e+01
9.999615e-01 8.308311e-03 2.843621e-03 2.134431e-02 -8.308996e-03 9.999654e-01 2.285387e-04 -6.941320e-01 -2.841624e-03 -2.521567e-04 9.999959e-01 4.351858e+01
9.999707e-01 7.259716e-03 2.412259e-03 2.622364e-02 -7.259297e-03 9.999736e-01 -1.830541e-04 -7.178581e-01 -2.413524e-03 1.655381e-04 9.999971e-01 4.492821e+01
9.999779e-01 6.426238e-03 1.720933e-03 3.086036e-02 -6.424858e-03 9.999790e-01 -8.074730e-04 -7.390250e-01 -1.726085e-03 7.963989e-04 9.999982e-01 4.634127e+01
9.999829e-01 5.800169e-03 7.616191e-04 3.408031e-02 -5.800122e-03 9.999832e-01 -6.598169e-05 -7.610315e-01 -7.619887e-04 6.156377e-05 9.999997e-01 4.775704e+01
9.999749e-01 6.638251e-03 -2.479480e-03 2.895795e-02 -6.636601e-03 9.999777e-01 6.739965e-04 -8.265408e-01 2.483900e-03 -6.575234e-04 9.999967e-01 5.202831e+01
9.999753e-01 5.497092e-03 -4.387406e-03 2.082938e-02 -5.484306e-03 9.999807e-01 2.921095e-03 -8.668316e-01 4.403379e-03 -2.896960e-03 9.999861e-01 5.488464e+01
9.999794e-01 4.003115e-03 -5.028578e-03 1.680870e-02 -3.988904e-03 9.999880e-01 2.833038e-03 -8.868800e-01 5.039859e-03 -2.812920e-03 9.999834e-01 5.631660e+01
9.999835e-01 3.749396e-04 -5.730769e-03 1.007535e-02 -3.587007e-04 9.999959e-01 2.834406e-03 -9.249469e-01 5.731809e-03 -2.832302e-03 9.999796e-01 5.917365e+01
9.999862e-01 -1.858791e-03 -4.917931e-03 2.764210e-03 1.878972e-03 9.999898e-01 4.102186e-03 -9.647484e-01 4.910257e-03 -4.111369e-03 9.999795e-01 6.202795e+01
9.999780e-01 -5.296196e-03 -4.008198e-03 -2.873604e-03 5.307526e-03 9.999819e-01 2.820928e-03 -1.008175e+00 3.993186e-03 -2.842138e-03 9.999880e-01 6.487187e+01
9.999907e-01 -3.482462e-03 -2.553135e-03 -1.002031e-02 3.488378e-03 9.999912e-01 2.316104e-03 -1.050203e+00 2.545047e-03 -2.324987e-03 9.999941e-01 6.770311e+01
9.999946e-01 3.012865e-03 -1.287971e-03 -2.702275e-02 -3.006442e-03 9.999832e-01 4.960905e-03 -1.097831e+00 1.302897e-03 -4.957004e-03 9.999869e-01 7.053000e+01
9.999378e-01 1.115147e-02 1.358833e-04 -4.214650e-02 -1.115202e-02 9.999247e-01 5.112813e-03 -1.135987e+00 -7.885743e-05 -5.114008e-03 9.999869e-01 7.333986e+01
9.998649e-01 1.636598e-02 1.544958e-03 -5.327678e-02 -1.637256e-02 9.998565e-01 4.344501e-03 -1.177226e+00 -1.473634e-03 -4.369207e-03 9.999894e-01 7.614450e+01
9.998793e-01 1.540192e-02 2.040510e-03 -5.287325e-02 -1.541125e-02 9.998705e-01 4.635585e-03 -1.218035e+00 -1.968848e-03 -4.666470e-03 9.999872e-01 7.893496e+01
9.998967e-01 1.423630e-02 1.959369e-03 -4.954250e-02 -1.424345e-02 9.998917e-01 3.684603e-03 -1.236655e+00 -1.906701e-03 -3.712129e-03 9.999913e-01 8.032545e+01
9.999076e-01 1.348987e-02 1.677215e-03 -4.883212e-02 -1.349578e-02 9.999026e-01 3.560725e-03 -1.258287e+00 -1.629018e-03 -3.583030e-03 9.999923e-01 8.171095e+01
9.999140e-01 1.308010e-02 9.085344e-04 -5.269073e-02 -1.308305e-02 9.999089e-01 3.317811e-03 -1.300031e+00 -8.650540e-04 -3.329411e-03 9.999941e-01 8.448367e+01
9.999097e-01 1.343478e-02 1.870473e-04 -6.072004e-02 -1.343539e-02 9.999029e-01 3.681202e-03 -1.320245e+00 -1.375727e-04 -3.683382e-03 9.999932e-01 8.586562e+01
9.999385e-01 1.093064e-02 -1.877975e-03 -8.437620e-02 -1.092024e-02 9.999254e-01 5.458590e-03 -1.362982e+00 1.937501e-03 -5.437745e-03 9.999833e-01 8.862909e+01
9.999700e-01 6.803260e-03 -3.711637e-03 -1.110475e-01 -6.779632e-03 9.999569e-01 6.342125e-03 -1.399781e+00 3.754624e-03 -6.316769e-03 9.999730e-01 9.137524e+01
9.999761e-01 5.509752e-03 -4.188780e-03 -1.283351e-01 -5.485989e-03 9.999689e-01 5.663659e-03 -1.418059e+00 4.219856e-03 -5.640542e-03 9.999752e-01 9.274128e+01
9.999809e-01 4.282217e-03 -4.468492e-03 -1.454603e-01 -4.259218e-03 9.999777e-01 5.143990e-03 -1.435964e+00 4.490421e-03 -5.124857e-03 9.999768e-01 9.410339e+01
9.999787e-01 4.738575e-03 -4.487410e-03 -1.913409e-01 -4.720319e-03 9.999805e-01 4.070437e-03 -1.476213e+00 4.506611e-03 -4.049167e-03 9.999817e-01 9.681382e+01
9.999761e-01 5.462031e-03 -4.246260e-03 -2.120314e-01 -5.447632e-03 9.999794e-01 3.395396e-03 -1.496478e+00 4.264719e-03 -3.372181e-03 9.999852e-01 9.816545e+01
9.999651e-01 7.529260e-03 -3.627207e-03 -2.485715e-01 -7.511447e-03 9.999598e-01 4.900143e-03 -1.534999e+00 3.663956e-03 -4.872725e-03 9.999814e-01 1.008603e+02
9.999550e-01 8.833811e-03 -3.458298e-03 -2.694021e-01 -8.811343e-03 9.999403e-01 6.459623e-03 -1.556018e+00 3.515155e-03 -6.428858e-03 9.999732e-01 1.022054e+02
9.999597e-01 8.302254e-03 -3.413289e-03 -2.867601e-01 -8.284616e-03 9.999524e-01 5.149958e-03 -1.575247e+00 3.455884e-03 -5.121471e-03 9.999809e-01 1.035459e+02
9.999610e-01 8.173871e-03 -3.338205e-03 -3.053256e-01 -8.165524e-03 9.999635e-01 2.507096e-03 -1.596046e+00 3.358576e-03 -2.479739e-03 9.999913e-01 1.048845e+02
9.999651e-01 7.633274e-03 -3.387356e-03 -3.153955e-01 -7.628806e-03 9.999700e-01 1.330447e-03 -1.613299e+00 3.397411e-03 -1.304558e-03 9.999934e-01 1.062208e+02
9.999916e-01 3.142105e-03 -2.625883e-03 -3.508131e-01 -3.129622e-03 9.999838e-01 4.744784e-03 -1.661275e+00 2.640749e-03 -4.736525e-03 9.999853e-01 1.089064e+02
9.999973e-01 1.561465e-03 -1.709519e-03 -3.737761e-01 -1.552202e-03 9.999842e-01 5.406523e-03 -1.686739e+00 1.717934e-03 -5.403854e-03 9.999839e-01 1.102446e+02
9.999993e-01 6.761649e-04 -1.000188e-03 -3.943149e-01 -6.721988e-04 9.999919e-01 3.960469e-03 -1.710102e+00 1.002858e-03 -3.959792e-03 9.999917e-01 1.115766e+02
9.999966e-01 2.581200e-03 -3.337541e-04 -4.137129e-01 -2.580678e-03 9.999954e-01 1.556832e-03 -1.733997e+00 3.377714e-04 -1.555964e-03 9.999987e-01 1.129050e+02
9.999895e-01 4.532670e-03 7.482827e-04 -4.219683e-01 -4.532188e-03 9.999895e-01 -6.455749e-04 -1.753986e+00 -7.512008e-04 6.421774e-04 9.999995e-01 1.142286e+02
9.999690e-01 7.570197e-03 2.161282e-03 -4.295899e-01 -7.568322e-03 9.999710e-01 -8.754176e-04 -1.775004e+00 -2.167846e-03 8.590337e-04 9.999973e-01 1.155601e+02
9.999531e-01 8.996724e-03 3.596945e-03 -4.334779e-01 -9.001425e-03 9.999586e-01 1.292099e-03 -1.794230e+00 -3.585171e-03 -1.324415e-03 9.999927e-01 1.168930e+02
9.999479e-01 9.079888e-03 4.667313e-03 -4.334151e-01 -9.097321e-03 9.999516e-01 3.727156e-03 -1.811794e+00 -4.633246e-03 -3.769420e-03 9.999822e-01 1.182274e+02
9.999525e-01 8.077879e-03 5.449540e-03 -4.306137e-01 -8.102033e-03 9.999574e-01 4.424713e-03 -1.825847e+00 -5.413565e-03 -4.468654e-03 9.999754e-01 1.195613e+02
9.999422e-01 8.587162e-03 6.468939e-03 -4.334146e-01 -8.611020e-03 9.999562e-01 3.668979e-03 -1.846322e+00 -6.437149e-03 -3.724469e-03 9.999724e-01 1.209045e+02
9.998842e-01 1.238024e-02 8.849720e-03 -4.560744e-01 -1.240543e-02 9.999191e-01 2.797299e-03 -1.910030e+00 -8.814373e-03 -2.906759e-03 9.999569e-01 1.236242e+02
9.998377e-01 1.423201e-02 1.105094e-02 -4.641329e-01 -1.424547e-02 9.998979e-01 1.139845e-03 -1.966295e+00 -1.103359e-02 -1.297085e-03 9.999383e-01 1.263371e+02
9.998362e-01 1.286455e-02 1.272995e-02 -4.718094e-01 -1.288658e-02 9.999156e-01 1.649653e-03 -2.038343e+00 -1.270765e-02 -1.813427e-03 9.999176e-01 1.290496e+02
9.998441e-01 1.089170e-02 1.389623e-02 -4.701254e-01 -1.093766e-02 9.999349e-01 3.235384e-03 -2.099489e+00 -1.386008e-02 -3.386870e-03 9.998982e-01 1.317557e+02
9.998827e-01 7.142773e-03 1.354834e-02 -4.651028e-01 -7.199653e-03 9.999654e-01 4.154062e-03 -2.162932e+00 -1.351820e-02 -4.251117e-03 9.998996e-01 1.344614e+02
9.999228e-01 4.048643e-03 1.174935e-02 -4.644953e-01 -4.092637e-03 9.999847e-01 3.722651e-03 -2.226309e+00 -1.173410e-02 -3.770448e-03 9.999241e-01 1.371606e+02
9.999526e-01 1.228059e-03 9.656581e-03 -4.641807e-01 -1.276893e-03 9.999864e-01 5.052512e-03 -2.281749e+00 -9.650245e-03 -5.064602e-03 9.999406e-01 1.398626e+02
9.999748e-01 2.292746e-04 7.102144e-03 -4.704574e-01 -2.612741e-04 9.999898e-01 4.505001e-03 -2.341886e+00 -7.101039e-03 -4.506741e-03 9.999646e-01 1.425622e+02
9.999856e-01 -1.774247e-03 5.074856e-03 -4.789013e-01 1.762936e-03 9.999959e-01 2.232536e-03 -2.395024e+00 -5.078797e-03 -2.223556e-03 9.999846e-01 1.452578e+02
9.998967e-01 -1.409568e-02 2.802842e-03 -4.844150e-01 1.408553e-02 9.998943e-01 3.608253e-03 -2.462969e+00 -2.853406e-03 -3.568400e-03 9.999896e-01 1.479538e+02
9.997630e-01 -2.173080e-02 1.320181e-03 -4.832843e-01 2.172460e-02 9.997536e-01 4.543876e-03 -2.489366e+00 -1.418598e-03 -4.514118e-03 9.999888e-01 1.493030e+02
9.996841e-01 -2.513252e-02 3.807422e-04 -4.979854e-01 2.513320e-02 9.996823e-01 -1.884703e-03 -2.545628e+00 -3.332535e-04 1.893677e-03 9.999982e-01 1.519917e+02
9.997705e-01 -2.133187e-02 2.001939e-03 -5.203405e-01 2.133904e-02 9.997657e-01 -3.630061e-03 -2.611885e+00 -1.924034e-03 3.671947e-03 9.999914e-01 1.546843e+02
9.995597e-01 -2.951217e-02 3.081805e-03 -5.104870e-01 2.950365e-02 9.995608e-01 2.776577e-03 -2.666163e+00 -3.162394e-03 -2.684429e-03 9.999914e-01 1.573829e+02
9.993665e-01 -3.546242e-02 3.006804e-03 -4.908894e-01 3.545071e-02 9.993639e-01 3.864764e-03 -2.711383e+00 -3.141945e-03 -3.755721e-03 9.999880e-01 1.600786e+02
9.995379e-01 -2.997704e-02 5.043696e-03 -4.836516e-01 2.995749e-02 9.995435e-01 3.909706e-03 -2.760604e+00 -5.158595e-03 -3.756801e-03 9.999796e-01 1.627788e+02
9.996963e-01 -2.370307e-02 6.750227e-03 -4.687840e-01 2.369904e-02 9.997189e-01 6.776078e-04 -2.810667e+00 -6.764391e-03 -5.174273e-04 9.999770e-01 1.654807e+02
9.997748e-01 -2.006189e-02 6.919389e-03 -4.494840e-01 2.004972e-02 9.997973e-01 1.825343e-03 -2.861986e+00 -6.954607e-03 -1.686199e-03 9.999744e-01 1.682000e+02
9.998753e-01 -1.463466e-02 5.933089e-03 -4.389717e-01 1.465566e-02 9.998864e-01 -3.510450e-03 -2.914240e+00 -5.881041e-03 3.596966e-03 9.999762e-01 1.709198e+02
9.999362e-01 -9.733294e-03 5.740251e-03 -4.111543e-01 9.761015e-03 9.999407e-01 -4.820709e-03 -2.932731e+00 -5.692989e-03 4.876432e-03 9.999719e-01 1.722841e+02
9.999768e-01 -1.828108e-03 6.567234e-03 -3.779301e-01 1.838035e-03 9.999972e-01 -1.505773e-03 -2.986448e+00 -6.564463e-03 1.517810e-03 9.999773e-01 1.750291e+02
9.999731e-01 -4.339593e-03 5.909490e-03 -3.405308e-01 4.328926e-03 9.999890e-01 1.816912e-03 -3.013913e+00 -5.917309e-03 -1.791280e-03 9.999809e-01 1.777852e+02
9.999709e-01 -7.309297e-03 2.170147e-03 -3.136545e-01 7.314585e-03 9.999703e-01 -2.437950e-03 -3.041123e+00 -2.152263e-03 2.453753e-03 9.999947e-01 1.805420e+02
9.999989e-01 -1.472010e-03 7.625144e-05 -3.140564e-01 1.472565e-03 9.999679e-01 -7.868715e-03 -3.088158e+00 -6.466581e-05 7.868819e-03 9.999690e-01 1.833098e+02
9.999907e-01 4.303533e-03 2.334260e-04 -3.141305e-01 -4.302714e-03 9.999849e-01 -3.405586e-03 -3.137555e+00 -2.480782e-04 3.404550e-03 9.999942e-01 1.860994e+02
9.999898e-01 4.448722e-03 7.330863e-04 -3.089327e-01 -4.448418e-03 9.999900e-01 -4.171905e-04 -3.193945e+00 -7.349346e-04 4.139258e-04 9.999997e-01 1.889003e+02
9.999997e-01 3.667254e-04 6.633030e-04 -3.030042e-01 -3.672563e-04 9.999996e-01 8.003941e-04 -3.250530e+00 -6.630089e-04 -8.006366e-04 9.999995e-01 1.917128e+02
9.999851e-01 -5.294323e-03 1.369557e-03 -2.979338e-01 5.291893e-03 9.999844e-01 1.772738e-03 -3.314135e+00 -1.378920e-03 -1.765463e-03 9.999975e-01 1.945397e+02
9.999160e-01 -1.280487e-02 1.997357e-03 -2.955048e-01 1.279759e-02 9.999115e-01 3.617325e-03 -3.384557e+00 -2.043500e-03 -3.591458e-03 9.999915e-01 1.973809e+02
9.999376e-01 -1.094347e-02 2.233356e-03 -2.998637e-01 1.094485e-02 9.999399e-01 -6.040287e-04 -3.419365e+00 -2.226612e-03 6.284354e-04 9.999973e-01 1.988011e+02
9.999803e-01 4.937679e-03 3.867005e-03 -3.321987e-01 -4.911558e-03 9.999652e-01 -6.735801e-03 -3.515079e+00 -3.900129e-03 6.716675e-03 9.999698e-01 2.016573e+02
9.998740e-01 1.466149e-02 6.089232e-03 -3.518432e-01 -1.466092e-02 9.998925e-01 -1.386890e-04 -3.580327e+00 -6.090611e-03 4.939844e-05 9.999815e-01 2.045325e+02
9.999449e-01 9.535333e-03 4.390272e-03 -3.438313e-01 -9.534934e-03 9.999545e-01 -1.122394e-04 -3.628674e+00 -4.391142e-03 7.037296e-05 9.999904e-01 2.074183e+02
9.999698e-01 7.056709e-03 3.265357e-03 -3.421980e-01 -7.056163e-03 9.999751e-01 -1.791660e-04 -3.650886e+00 -3.266540e-03 1.561204e-04 9.999947e-01 2.088679e+02
9.999687e-01 7.421207e-03 2.746368e-03 -3.429638e-01 -7.418335e-03 9.999719e-01 -1.054972e-03 -3.674360e+00 -2.754120e-03 1.034566e-03 9.999957e-01 2.103232e+02
9.999457e-01 1.011607e-02 2.524498e-03 -3.533161e-01 -1.011626e-02 9.999488e-01 6.078905e-05 -3.741769e+00 -2.523753e-03 -8.632351e-05 9.999968e-01 2.132453e+02
9.999520e-01 9.528196e-03 2.287637e-03 -3.575809e-01 -9.528055e-03 9.999546e-01 -7.338614e-05 -3.778065e+00 -2.288232e-03 5.158657e-05 9.999974e-01 2.147142e+02
9.999567e-01 9.109499e-03 1.882098e-03 -3.574839e-01 -9.106736e-03 9.999574e-01 -1.472665e-03 -3.809987e+00 -1.895433e-03 1.455462e-03 9.999972e-01 2.161864e+02
9.999613e-01 8.710909e-03 1.240726e-03 -3.604882e-01 -8.709396e-03 9.999613e-01 -1.221145e-03 -3.867619e+00 -1.251315e-03 1.210292e-03 9.999985e-01 2.191419e+02
9.999611e-01 8.794205e-03 6.937191e-04 -3.711882e-01 -8.792778e-03 9.999592e-01 -2.036552e-03 -3.933170e+00 -7.116004e-04 2.030374e-03 9.999977e-01 2.221053e+02
9.999545e-01 9.535271e-03 3.060761e-06 -3.771503e-01 -9.535239e-03 9.999517e-01 -2.380069e-03 -3.990503e+00 -2.575488e-05 2.379932e-03 9.999972e-01 2.250789e+02
9.999496e-01 1.003812e-02 -2.604534e-04 -3.787707e-01 -1.003868e-02 9.999470e-01 -2.264917e-03 -4.017067e+00 2.377044e-04 2.267418e-03 9.999974e-01 2.265691e+02
9.999586e-01 9.094606e-03 -3.650914e-04 -3.785266e-01 -9.095365e-03 9.999563e-01 -2.127619e-03 -4.048136e+00 3.457260e-04 2.130852e-03 9.999977e-01 2.280602e+02
9.999692e-01 7.840322e-03 -2.576861e-04 -3.786614e-01 -7.841006e-03 9.999654e-01 -2.764804e-03 -4.075078e+00 2.360006e-04 2.766740e-03 9.999962e-01 2.295511e+02
9.999775e-01 6.708944e-03 -8.900665e-05 -3.766086e-01 -6.709141e-03 9.999746e-01 -2.414917e-03 -4.099044e+00 7.280319e-05 2.415460e-03 9.999971e-01 2.310454e+02
9.999877e-01 4.961834e-03 1.048822e-04 -3.739626e-01 -4.961702e-03 9.999869e-01 -1.231555e-03 -4.153624e+00 -1.109912e-04 1.231020e-03 9.999992e-01 2.340378e+02
9.999858e-01 5.337975e-03 2.022159e-05 -3.764692e-01 -5.337943e-03 9.999848e-01 -1.389784e-03 -4.186333e+00 -2.763958e-05 1.389656e-03 9.999990e-01 2.355390e+02
9.999818e-01 6.028187e-03 2.363445e-04 -3.784077e-01 -6.027547e-03 9.999784e-01 -2.625311e-03 -4.220226e+00 -2.521649e-04 2.623838e-03 9.999965e-01 2.370446e+02
9.999731e-01 7.300761e-03 7.680277e-04 -3.814943e-01 -7.299344e-03 9.999717e-01 -1.833168e-03 -4.253315e+00 -7.813891e-04 1.827513e-03 9.999980e-01 2.385499e+02
9.999700e-01 7.615056e-03 1.421637e-03 -3.829065e-01 -7.615902e-03 9.999708e-01 5.892762e-04 -4.285388e+00 -1.417108e-03 -6.000848e-04 9.999988e-01 2.400603e+02
9.999683e-01 7.596371e-03 2.404236e-03 -3.818797e-01 -7.594896e-03 9.999709e-01 -6.227482e-04 -4.347138e+00 -2.408896e-03 6.044691e-04 9.999969e-01 2.430873e+02
9.999670e-01 7.564991e-03 2.950398e-03 -3.796393e-01 -7.559141e-03 9.999694e-01 -1.989576e-03 -4.377646e+00 -2.965359e-03 1.967208e-03 9.999937e-01 2.446020e+02
9.999578e-01 8.594224e-03 3.260437e-03 -3.770780e-01 -8.589250e-03 9.999619e-01 -1.537157e-03 -4.404696e+00 -3.273523e-03 1.509088e-03 9.999935e-01 2.461231e+02
9.999620e-01 8.179632e-03 3.022564e-03 -3.683885e-01 -8.180107e-03 9.999665e-01 1.440039e-04 -4.458219e+00 -3.021285e-03 -1.687226e-04 9.999954e-01 2.491682e+02
9.999599e-01 8.505824e-03 2.798118e-03 -3.658944e-01 -8.507187e-03 9.999637e-01 4.745749e-04 -4.487063e+00 -2.793979e-03 -4.983592e-04 9.999960e-01 2.506964e+02
9.999463e-01 9.971468e-03 2.839532e-03 -3.629857e-01 -9.973122e-03 9.999501e-01 5.680798e-04 -4.511301e+00 -2.833726e-03 -5.963674e-04 9.999958e-01 2.522241e+02
9.999354e-01 1.095121e-02 3.044268e-03 -3.598899e-01 -1.095307e-02 9.999398e-01 5.963360e-04 -4.535745e+00 -3.037554e-03 -6.296408e-04 9.999952e-01 2.537570e+02
9.999290e-01 1.155157e-02 2.931934e-03 -3.565283e-01 -1.155344e-02 9.999330e-01 6.206596e-04 -4.558441e+00 -2.924568e-03 -6.544886e-04 9.999955e-01 2.552885e+02
9.999459e-01 9.972903e-03 2.944504e-03 -3.518994e-01 -9.975714e-03 9.999498e-01 9.406382e-04 -4.584940e+00 -2.934975e-03 -9.699600e-04 9.999952e-01 2.568230e+02
9.999600e-01 8.473834e-03 2.849624e-03 -3.474488e-01 -8.479116e-03 9.999623e-01 1.846164e-03 -4.611578e+00 -2.833873e-03 -1.870251e-03 9.999942e-01 2.583612e+02
9.999882e-01 4.111334e-03 2.589962e-03 -3.346776e-01 -4.116750e-03 9.999893e-01 2.088632e-03 -4.662237e+00 -2.581348e-03 -2.099269e-03 9.999945e-01 2.614352e+02
9.999954e-01 9.355651e-04 2.883662e-03 -3.253738e-01 -9.427296e-04 9.999964e-01 2.484078e-03 -4.715745e+00 -2.881328e-03 -2.486784e-03 9.999928e-01 2.645113e+02
9.999945e-01 -1.234139e-04 3.329163e-03 -3.249046e-01 1.067289e-04 9.999874e-01 5.011498e-03 -4.748173e+00 -3.329740e-03 -5.011114e-03 9.999819e-01 2.660572e+02
9.999919e-01 -2.066105e-03 3.459414e-03 -3.208179e-01 2.052234e-03 9.999898e-01 4.008459e-03 -4.788372e+00 -3.467660e-03 -4.001325e-03 9.999860e-01 2.675981e+02
9.999887e-01 -2.908690e-03 3.750876e-03 -3.173943e-01 2.899428e-03 9.999927e-01 2.472455e-03 -4.824679e+00 -3.758040e-03 -2.461551e-03 9.999899e-01 2.691377e+02
9.999885e-01 -1.938031e-03 4.395994e-03 -3.166024e-01 1.927536e-03 9.999953e-01 2.390467e-03 -4.866052e+00 -4.400606e-03 -2.381965e-03 9.999875e-01 2.706771e+02
9.999849e-01 -4.661324e-04 5.479803e-03 -3.155943e-01 4.509532e-04 9.999960e-01 2.770953e-03 -4.906588e+00 -5.481073e-03 -2.768439e-03 9.999812e-01 2.722185e+02
9.999785e-01 1.232933e-03 6.440203e-03 -3.140401e-01 -1.248098e-03 9.999964e-01 2.351180e-03 -4.950219e+00 -6.437281e-03 -2.359167e-03 9.999765e-01 2.737649e+02
9.999697e-01 2.424589e-03 7.402642e-03 -3.112309e-01 -2.441393e-03 9.999944e-01 2.261700e-03 -4.987626e+00 -7.397117e-03 -2.279703e-03 9.999701e-01 2.753072e+02
9.999614e-01 3.182729e-03 8.193149e-03 -3.114206e-01 -3.198390e-03 9.999931e-01 1.899045e-03 -5.039836e+00 -8.187048e-03 -1.925175e-03 9.999646e-01 2.768535e+02
9.999530e-01 3.540242e-03 9.029623e-03 -3.062026e-01 -3.552063e-03 9.999928e-01 1.293327e-03 -5.082755e+00 -9.024980e-03 -1.325339e-03 9.999584e-01 2.783952e+02
9.999391e-01 2.412082e-03 1.077454e-02 -2.897536e-01 -2.422969e-03 9.999965e-01 9.974198e-04 -5.172038e+00 -1.077210e-02 -1.023464e-03 9.999415e-01 2.814958e+02
9.999325e-01 1.490615e-03 1.152157e-02 -2.764899e-01 -1.517343e-03 9.999962e-01 2.311413e-03 -5.210037e+00 -1.151808e-02 -2.328738e-03 9.999310e-01 2.830498e+02
9.999296e-01 6.994984e-05 1.186441e-02 -2.599233e-01 -1.024084e-04 9.999962e-01 2.735204e-03 -5.241690e+00 -1.186417e-02 -2.736226e-03 9.999259e-01 2.846005e+02
9.999319e-01 -1.492295e-03 1.157237e-02 -2.301583e-01 1.517665e-03 9.999964e-01 -2.183831e-03 -5.316244e+00 -1.156907e-02 2.201245e-03 9.999307e-01 2.876999e+02
9.999418e-01 -1.171813e-03 1.072948e-02 -2.170805e-01 1.198557e-03 9.999962e-01 -2.486478e-03 -5.355148e+00 -1.072652e-02 2.499193e-03 9.999394e-01 2.892536e+02
9.999459e-01 -2.783388e-03 1.002137e-02 -2.045251e-01 2.801633e-03 9.999944e-01 -1.806982e-03 -5.390475e+00 -1.001629e-02 1.834961e-03 9.999482e-01 2.908103e+02
9.999558e-01 -2.681787e-03 9.007871e-03 -1.926927e-01 2.703689e-03 9.999934e-01 -2.419995e-03 -5.424878e+00 -9.001322e-03 2.444243e-03 9.999565e-01 2.923692e+02
9.999673e-01 -2.373487e-03 7.737565e-03 -1.753107e-01 2.390449e-03 9.999947e-01 -2.183543e-03 -5.502144e+00 -7.732342e-03 2.201968e-03 9.999677e-01 2.955007e+02
9.999723e-01 -2.819612e-03 6.887209e-03 -1.681708e-01 2.832591e-03 9.999942e-01 -1.875372e-03 -5.542654e+00 -6.881881e-03 1.894829e-03 9.999745e-01 2.970723e+02
9.999769e-01 -3.466837e-03 5.851379e-03 -1.571664e-01 3.473314e-03 9.999933e-01 -1.096977e-03 -5.573209e+00 -5.847537e-03 1.117276e-03 9.999823e-01 2.986502e+02
9.999842e-01 -1.884748e-03 5.291489e-03 -1.498301e-01 1.882308e-03 9.999981e-01 4.661426e-04 -5.605662e+00 -5.292358e-03 -4.561742e-04 9.999859e-01 3.002367e+02
9.999759e-01 -7.817355e-04 6.894868e-03 -1.362308e-01 7.782359e-04 9.999995e-01 5.102687e-04 -5.674045e+00 -6.895264e-03 -5.048898e-04 9.999761e-01 3.034130e+02
9.999714e-01 -2.066171e-03 7.276388e-03 -1.245796e-01 2.065775e-03 9.999978e-01 6.192163e-05 -5.704927e+00 -7.276500e-03 -4.688778e-05 9.999735e-01 3.050095e+02
9.999651e-01 -3.784307e-03 7.453066e-03 -1.113075e-01 3.790433e-03 9.999925e-01 -8.078684e-04 -5.740563e+00 -7.449952e-03 8.360910e-04 9.999719e-01 3.066086e+02
9.999552e-01 -5.428677e-03 7.758261e-03 -1.009905e-01 5.450080e-03 9.999814e-01 -2.740138e-03 -5.775938e+00 -7.743241e-03 2.782299e-03 9.999662e-01 3.082116e+02
9.999537e-01 -5.687325e-03 7.763489e-03 -9.649990e-02 5.716383e-03 9.999767e-01 -3.725647e-03 -5.821106e+00 -7.742119e-03 3.769853e-03 9.999629e-01 3.098189e+02
9.999708e-01 -5.147094e-03 5.644397e-03 -9.324941e-02 5.173322e-03 9.999758e-01 -4.641742e-03 -5.863046e+00 -5.620369e-03 4.670807e-03 9.999733e-01 3.114331e+02
9.999850e-01 -4.221316e-03 3.496670e-03 -9.658434e-02 4.236103e-03 9.999820e-01 -4.231981e-03 -5.907766e+00 -3.478743e-03 4.246730e-03 9.999849e-01 3.130445e+02
9.999922e-01 -2.484768e-03 3.084130e-03 -1.065230e-01 2.488109e-03 9.999963e-01 -1.079636e-03 -5.952029e+00 -3.081436e-03 1.087301e-03 9.999947e-01 3.146682e+02
9.999867e-01 -3.716961e-03 3.583983e-03 -1.079811e-01 3.709068e-03 9.999907e-01 2.206630e-03 -5.990688e+00 -3.592151e-03 -2.193306e-03 9.999912e-01 3.162953e+02
9.999815e-01 -4.767094e-03 3.790247e-03 -1.086696e-01 4.755540e-03 9.999840e-01 3.051853e-03 -6.032426e+00 -3.804734e-03 -3.033771e-03 9.999882e-01 3.179241e+02
9.999725e-01 -6.194818e-03 4.072383e-03 -1.058419e-01 6.187770e-03 9.999793e-01 1.741229e-03 -6.068362e+00 -4.083086e-03 -1.715981e-03 9.999902e-01 3.195525e+02
9.999660e-01 -6.964861e-03 4.412163e-03 -1.039698e-01 6.957070e-03 9.999742e-01 1.779038e-03 -6.106845e+00 -4.424440e-03 -1.748280e-03 9.999887e-01 3.211823e+02
9.999660e-01 -6.841180e-03 4.609291e-03 -1.009179e-01 6.831105e-03 9.999742e-01 2.198320e-03 -6.143404e+00 -4.624211e-03 -2.166758e-03 9.999870e-01 3.228139e+02
9.999627e-01 -6.976154e-03 5.098733e-03 -9.883113e-02 6.966045e-03 9.999737e-01 1.998024e-03 -6.185282e+00 -5.112538e-03 -1.962430e-03 9.999850e-01 3.244397e+02
9.999691e-01 -5.531858e-03 5.582557e-03 -9.648438e-02 5.524152e-03 9.999837e-01 1.395066e-03 -6.224088e+00 -5.590184e-03 -1.364183e-03 9.999835e-01 3.260682e+02
9.999692e-01 -4.739913e-03 6.254823e-03 -9.411052e-02 4.736022e-03 9.999886e-01 6.369864e-04 -6.268819e+00 -6.257771e-03 -6.073430e-04 9.999802e-01 3.276976e+02
9.999510e-01 -6.766778e-03 7.224057e-03 -7.442718e-02 6.741273e-03 9.999710e-01 3.549352e-03 -6.342113e+00 -7.247865e-03 -3.500477e-03 9.999676e-01 3.309508e+02
9.999441e-01 -7.988538e-03 6.922601e-03 -6.421231e-02 7.974252e-03 9.999660e-01 2.089082e-03 -6.372244e+00 -6.939054e-03 -2.033762e-03 9.999739e-01 3.325694e+02
9.999652e-01 -4.787434e-03 6.833316e-03 -5.434961e-02 4.781851e-03 9.999882e-01 8.332573e-04 -6.450780e+00 -6.837225e-03 -8.005516e-04 9.999763e-01 3.358024e+02
9.999750e-01 -3.571959e-03 6.109299e-03 -4.949748e-02 3.593288e-03 9.999875e-01 -3.483711e-03 -6.492551e+00 -6.096779e-03 3.505576e-03 9.999753e-01 3.374097e+02
9.999843e-01 -1.994183e-03 5.234120e-03 -4.548042e-02 2.006544e-03 9.999952e-01 -2.357182e-03 -6.532188e+00 -5.229394e-03 2.367648e-03 9.999835e-01 3.390211e+02
9.999894e-01 -1.462301e-03 4.362284e-03 -4.257007e-02 1.457657e-03 9.999983e-01 1.067779e-03 -6.571397e+00 -4.363838e-03 -1.061409e-03 9.999899e-01 3.406287e+02
9.999945e-01 -2.826640e-04 3.299426e-03 -3.930296e-02 2.684306e-04 9.999906e-01 4.313590e-03 -6.601811e+00 -3.300614e-03 -4.312679e-03 9.999853e-01 3.422462e+02
9.999978e-01 2.062417e-04 2.091700e-03 -3.681003e-02 -2.126335e-04 9.999953e-01 3.056043e-03 -6.628918e+00 -2.091059e-03 -3.056480e-03 9.999932e-01 3.438528e+02
9.999999e-01 -4.441106e-04 2.716568e-04 -3.514659e-02 4.438341e-04 9.999994e-01 1.017490e-03 -6.652782e+00 -2.721082e-04 -1.017369e-03 9.999995e-01 3.454525e+02
9.999977e-01 -1.439658e-03 -1.625805e-03 -3.454790e-02 1.443853e-03 9.999956e-01 2.581640e-03 -6.677644e+00 1.622082e-03 -2.583980e-03 9.999954e-01 3.470554e+02
9.999919e-01 -3.062606e-03 -2.625489e-03 -3.707175e-02 3.071647e-03 9.999893e-01 3.446059e-03 -6.708152e+00 2.614908e-03 -3.454094e-03 9.999906e-01 3.486551e+02
9.999897e-01 -3.341987e-03 -3.057511e-03 -4.156332e-02 3.349607e-03 9.999913e-01 2.490201e-03 -6.737239e+00 3.049163e-03 -2.500416e-03 9.999922e-01 3.502532e+02
9.999863e-01 -4.071348e-03 -3.294287e-03 -6.277075e-02 4.076787e-03 9.999903e-01 1.645910e-03 -6.805862e+00 3.287555e-03 -1.659316e-03 9.999932e-01 3.534464e+02
9.999843e-01 -4.565924e-03 -3.263315e-03 -7.506606e-02 4.570743e-03 9.999884e-01 1.470618e-03 -6.843564e+00 3.256563e-03 -1.485510e-03 9.999936e-01 3.550379e+02
9.999796e-01 -5.401737e-03 -3.418004e-03 -9.729989e-02 5.402475e-03 9.999854e-01 2.062371e-04 -6.921763e+00 3.416841e-03 -2.246978e-04 9.999941e-01 3.582218e+02
9.999770e-01 -5.897304e-03 -3.345777e-03 -1.091014e-01 5.899221e-03 9.999824e-01 5.628509e-04 -6.958715e+00 3.342400e-03 -5.825747e-04 9.999943e-01 3.598125e+02
9.999797e-01 -5.468744e-03 -3.269773e-03 -1.223014e-01 5.467336e-03 9.999849e-01 -4.395206e-04 -6.995935e+00 3.272128e-03 4.216354e-04 9.999946e-01 3.614037e+02
9.999705e-01 -6.990990e-03 -3.199392e-03 -1.322206e-01 6.985695e-03 9.999742e-01 -1.663812e-03 -7.034017e+00 3.210942e-03 1.641413e-03 9.999935e-01 3.629890e+02
9.999448e-01 -1.000719e-02 -3.215683e-03 -1.552999e-01 1.001035e-02 9.999494e-01 9.681153e-04 -7.112398e+00 3.205833e-03 -1.000251e-03 9.999944e-01 3.661838e+02
9.999393e-01 -1.055761e-02 -3.163105e-03 -1.668615e-01 1.055852e-02 9.999442e-01 2.692067e-04 -7.146884e+00 3.160086e-03 -3.025873e-04 9.999950e-01 3.677811e+02
9.999697e-01 -7.434945e-03 -2.307470e-03 -2.029185e-01 7.436476e-03 9.999721e-01 6.546484e-04 -7.225081e+00 2.302539e-03 -6.717872e-04 9.999971e-01 3.709753e+02
9.999827e-01 -5.698435e-03 -1.435322e-03 -2.378134e-01 5.699452e-03 9.999835e-01 7.046586e-04 -7.306808e+00 1.431283e-03 -7.128262e-04 9.999987e-01 3.742253e+02
9.999820e-01 -5.879431e-03 -1.199967e-03 -2.519893e-01 5.879326e-03 9.999827e-01 -9.211550e-05 -7.344936e+00 1.200488e-03 8.505955e-05 9.999993e-01 3.757811e+02
9.999832e-01 -5.717950e-03 -9.178671e-04 -2.625878e-01 5.717644e-03 9.999836e-01 -3.368161e-04 -7.379336e+00 9.197784e-04 3.315630e-04 9.999995e-01 3.773873e+02
9.999855e-01 -5.335829e-03 -6.929259e-04 -2.704012e-01 5.335561e-03 9.999857e-01 -3.900621e-04 -7.414418e+00 6.949976e-04 3.863599e-04 9.999997e-01 3.789929e+02
9.999912e-01 -4.183305e-03 -3.813569e-04 -2.783585e-01 4.183203e-03 9.999912e-01 -2.705875e-04 -7.448411e+00 3.824859e-04 2.689904e-04 9.999999e-01 3.806071e+02
9.999958e-01 -2.891363e-03 -5.685947e-05 -2.877925e-01 2.891389e-03 9.999957e-01 4.518743e-04 -7.485057e+00 5.555304e-05 -4.520360e-04 9.999999e-01 3.822202e+02
9.999985e-01 -1.738505e-03 2.114522e-04 -2.960866e-01 1.738539e-03 9.999985e-01 -1.625976e-04 -7.522079e+00 -2.111689e-04 1.629656e-04 1.000000e+00 3.838408e+02
9.999995e-01 -8.743833e-04 4.812968e-04 -3.039652e-01 8.747432e-04 9.999993e-01 -7.476725e-04 -7.558709e+00 -4.806424e-04 7.480937e-04 9.999996e-01 3.854512e+02
9.999997e-01 -1.279523e-04 8.073792e-04 -3.110174e-01 1.284791e-04 9.999998e-01 -6.525093e-04 -7.596748e+00 -8.072952e-04 6.526134e-04 9.999995e-01 3.870678e+02
9.999988e-01 1.116543e-03 1.060919e-03 -3.164538e-01 -1.116826e-03 9.999993e-01 2.659665e-04 -7.631598e+00 -1.060621e-03 -2.671503e-04 9.999994e-01 3.886857e+02
9.999964e-01 2.241238e-03 1.452395e-03 -3.206582e-01 -2.242667e-03 9.999970e-01 9.825513e-04 -7.664429e+00 -1.450189e-03 -9.858042e-04 9.999985e-01 3.903059e+02
9.999941e-01 2.903367e-03 1.839558e-03 -3.238003e-01 -2.903950e-03 9.999957e-01 3.144580e-04 -7.696195e+00 -1.838637e-03 -3.197974e-04 9.999983e-01 3.919359e+02
9.999935e-01 2.925452e-03 2.091742e-03 -3.237896e-01 -2.926418e-03 9.999956e-01 4.584597e-04 -7.731691e+00 -2.090391e-03 -4.645773e-04 9.999977e-01 3.935579e+02
