1.000000000000000000e+00 0.000000000000000000e+00 0.000000000000000000e+00 0.000000000000000000e+00 0.000000000000000000e+00 1.000000000000000000e+00 0.000000000000000000e+00 0.000000000000000000e+00 0.000000000000000000e+00 0.000000000000000000e+00 1.000000000000000000e+00 0.000000000000000000e+00
9.999985370241781801e-01 -1.709023141049578320e-03 -7.203753619327275359e-05 -6.689999999999999983e-05 1.708975355731480027e-03 9.999983230459467132e-01 -6.582617472245331624e-04 -1.191800000000000021e-03 7.316239994850889700e-05 6.581376738294705646e-04 9.999997807510087044e-01 6.246489999999999682e-02
9.999977267726020136e-01 -2.126221672877076727e-03 1.600969271569339979e-04 -2.764999999999999988e-04 2.126175958875107467e-03 9.999976990241808972e-01 2.851703625250650979e-04 -1.727199999999999916e-03 -1.607028941830388998e-04 -2.848293200303730313e-04 9.999999465234177265e-01 9.366939999999999988e-02
9.999933825301844381e-01 -3.626779144039733813e-03 2.852523103999767711e-04 -3.340999999999999894e-04 3.626406874647237436e-03 9.999925861514860070e-01 1.294919009920033823e-03 -2.207000000000000194e-03 -2.899465808409577611e-04 -1.293875999893128684e-03 9.999991209075521637e-01 1.254435999999999884e-01
9.999956145491274428e-01 -2.957924709239305536e-03 1.468466120677225785e-04 -4.477999999999999884e-04 2.957666785063273792e-03 9.999941354807354577e-01 1.726618465383513270e-03 -2.713999999999999833e-03 -1.519529583051239057e-04 -1.726176570036045766e-03 9.999984986112466778e-01 1.568845000000000101e-01
9.999977145934334510e-01 -2.126188994786716319e-03 -2.238934309148344064e-04 -5.582999999999999638e-04 2.126208689187806308e-03 9.999977357646546716e-01 8.776203027854287452e-05 -3.318499999999999835e-03 2.237063253044761486e-04 -8.823787386488576964e-05 9.999999710847784495e-01 1.884609999999999896e-01
9.999999008989982618e-01 4.144271291214315727e-04 -1.626411643411313510e-04 -8.608999999999999465e-04 -4.147723880475477003e-04 9.999976485843983243e-01 -2.128565136486786514e-03 -3.838499999999999898e-03 1.617586467654978395e-04 2.128632384607977938e-03 9.999977213765596229e-01 2.199316000000000049e-01
9.999920681818039725e-01 3.971748376835183489e-03 -2.979736724065256835e-04 -9.663999999999999630e-04 -3.972626771210381949e-03 9.999875861803105837e-01 -3.007610648458219384e-03 -4.404100000000000202e-03 2.860245007039181170e-04 3.008770530825469539e-03 9.999954327345089711e-01 2.519691000000000014e-01
9.999790937190649043e-01 6.458449345526929772e-03 -3.171069990788383730e-04 -1.045499999999999988e-03 -6.459465367924747264e-03 9.999736427315566445e-01 -3.314988588479239346e-03 -4.897000000000000311e-03 2.956889551248454307e-04 3.316967626074987952e-03 9.999944551315318453e-01 2.840821000000000041e-01
9.999727338365983487e-01 7.384547060650972078e-03 -6.933166537498568690e-06 -1.354600000000000075e-03 -7.384542221850471169e-03 9.999698070901154034e-01 -2.419389247537415567e-03 -5.488200000000000370e-03 -1.093313655144690444e-05 2.419374478335887136e-03 9.999970732495171433e-01 3.159603000000000272e-01
9.999890468970615842e-01 4.666884884040930354e-03 3.553468526264782460e-04 -1.397000000000000021e-03 -4.667089354449116892e-03 9.999889427441773782e-01 5.767723468113521244e-04 -6.212699999999999820e-03 -3.526511933185562538e-04 -5.784244648774953482e-04 9.999997705311108875e-01 3.480503999999999820e-01
9.999995394853580244e-01 8.358406958925018466e-04 4.715924118208584550e-04 -1.417599999999999980e-03 -8.369579002486774062e-04 9.999968322796441988e-01 2.373801202762970512e-03 -6.752700000000000369e-03 -4.696067982987480317e-04 -2.374194812587530727e-03 9.999970713299348724e-01 3.800975999999999799e-01
9.999989484586226940e-01 -1.421792366706808863e-03 2.856363334153789383e-04 -1.528199999999999958e-03 1.421806989427884527e-03 9.999989879315855923e-01 -5.099695535204487373e-05 -7.238299999999999595e-03 -2.855635372500230237e-04 5.140302146192074392e-05 9.999999579055969257e-01 4.122232000000000118e-01
9.999968450589171720e-01 -2.484820328322096938e-03 3.681577759278534690e-04 -1.772799999999999940e-03 2.485573025574144401e-03 9.999947925619534495e-01 -2.058342952560038124e-03 -7.753900000000000202e-03 -3.630412463578642666e-04 2.059251541646296181e-03 9.999978138396812266e-01 4.444450999999999818e-01
9.999995529254729343e-01 -1.509524650769746132e-04 9.334678395817069992e-04 -1.876300000000000016e-03 1.542470345563910219e-04 9.999937564941621115e-01 -3.530323008846286258e-03 -8.463800000000000490e-03 -9.329291005090976658e-04 3.530465415174906165e-03 9.999933327063964539e-01 4.767921999999999993e-01
9.999956405058039177e-01 2.585236066347094356e-03 1.426717865656433994e-03 -1.918900000000000076e-03 -2.583157167438227767e-03 9.999956021512603765e-01 -1.457043989151543322e-03 -9.037999999999999159e-03 -1.430478393838075435e-03 1.453352200696146753e-03 9.999979207473110865e-01 5.094963999999999604e-01
9.999919883173036261e-01 3.371279834576994781e-03 2.158187545730072456e-03 -2.144500000000000139e-03 -3.375104021483874873e-03 9.999927365131489054e-01 1.770760793566818724e-03 -9.400900000000000228e-03 -2.152202139608000702e-03 -1.778030714257919625e-03 9.999961033087725326e-01 5.423613000000000461e-01
9.999954732337521524e-01 1.128330260246004522e-03 2.789333760593197542e-03 -2.278300000000000030e-03 -1.138863088692082049e-03 9.999922170552815182e-01 3.777409129012026991e-03 -9.837999999999999523e-03 -2.785049886337143815e-03 -3.780568698825859369e-03 9.999889753379505031e-01 5.751060999999999535e-01
9.999923450500195488e-01 -3.052492492793726364e-03 2.447882951435232865e-03 -2.289799999999999822e-03 3.047492453133134049e-03 9.999932679504569544e-01 2.043732740269357459e-03 -1.032480000000000030e-02 -2.454104951012877310e-03 -2.036257190776805462e-03 9.999949154998450940e-01 6.078135000000000066e-01
9.999918822968021370e-01 -3.360815964938214037e-03 2.222668789635666442e-03 -2.105500000000000167e-03 3.361970412303237274e-03 9.999942155025139945e-01 -5.158647675725373154e-04 -1.073840000000000038e-02 -2.220922206067033403e-03 5.233331266425688940e-04 9.999973968101082411e-01 6.406967999999999552e-01
9.999890093290471071e-01 -3.842881337382012766e-03 2.685793018371357508e-03 -2.065500000000000062e-03 3.850689295889015134e-03 9.999883576979582411e-01 -2.908033783625803542e-03 -1.129400000000000022e-02 -2.674586520802244276e-03 2.918343976810183846e-03 9.999921648969933852e-01 6.734438999999999842e-01
9.999944534692170039e-01 -5.669647007031849159e-04 3.282008810180531491e-03 -2.204499999999999862e-03 5.786319374667098616e-04 9.999935133816555410e-01 -3.555049886248828461e-03 -1.197370000000000032e-02 -3.279971933247234281e-03 3.556929243171816791e-03 9.999882949507340468e-01 7.065384999999999582e-01
9.999925971727373630e-01 -1.930990703002984218e-04 3.842956215262654726e-03 -2.292100000000000040e-03 2.148985435870011374e-04 9.999838854573871449e-01 -5.672974895346913696e-03 -1.264569999999999930e-02 -3.841798841602835600e-03 5.673758744987426883e-03 9.999765242461267079e-01 7.393125000000000391e-01
9.999928594834364137e-01 1.017982219173699764e-03 3.639326083422997696e-03 -2.176899999999999842e-03 -9.988070910977690786e-04 9.999856314536617052e-01 -5.266808389918282984e-03 -1.329639999999999989e-02 -3.644635308890259960e-03 5.263135797486797468e-03 9.999795078075561783e-01 7.723700999999999484e-01
9.999925977685154566e-01 1.051808349217383740e-03 3.701095428708561872e-03 -2.344399999999999956e-03 -1.036983697606595322e-03 9.999914418084085987e-01 -4.005118568900617806e-03 -1.393319999999999975e-02 -3.705276371175160021e-03 4.001250946462990912e-03 9.999851303483849874e-01 8.056326999999999794e-01
9.999928328037094305e-01 1.999753446436351809e-03 3.214860396022909718e-03 -2.351499999999999858e-03 -1.992236779967705967e-03 9.999952786092758394e-01 -2.339605045568226519e-03 -1.464230000000000045e-02 -3.219523850664031579e-03 2.333183514036203752e-03 9.999920954291913189e-01 8.392838000000000243e-01
9.999663983979195647e-01 7.299726564848145992e-03 3.730424529710034062e-03 -2.597900000000000209e-03 -7.289737986567463267e-03 9.999698268938146395e-01 -2.684217212080063173e-03 -1.576299999999999923e-02 -3.749906022903426450e-03 2.656933200681154631e-03 9.999894393996301423e-01 9.060025000000000439e-01
9.999473011906295783e-01 9.552570773528248210e-03 3.760749020197588690e-03 -2.751099999999999813e-03 -9.543564268580884136e-03 9.999515656202773162e-01 -2.405575733107147111e-03 -1.633230000000000098e-02 -3.783546303093090601e-03 2.369558012157903931e-03 9.999900349364484464e-01 9.393582000000000320e-01
9.999400545730477985e-01 1.044403071257913283e-02 3.287777809508457636e-03 -2.858999999999999996e-03 -1.043684439484517286e-02 9.999431246558734276e-01 -2.195388923643657158e-03 -1.706859999999999974e-02 -3.310519525358720985e-03 2.160943294714638783e-03 9.999921853617402823e-01 9.733024999999999594e-01
9.999506212100498503e-01 9.555551499096207740e-03 2.728841729318271653e-03 -2.849500000000000036e-03 -9.549401096786036547e-03 9.999518539016919449e-01 -2.258056080356071228e-03 -1.775149999999999992e-02 -2.750287317399794512e-03 2.231885776076276452e-03 9.999937272831036505e-01 1.006933999999999996e+00
9.999585724092127093e-01 8.876152540289509313e-03 2.016775002571023854e-03 -2.926600000000000121e-03 -8.870848274414040724e-03 9.999572105000246180e-01 -2.623970255515555104e-03 -1.843950000000000103e-02 -2.039979466026239658e-03 2.605971045698132673e-03 9.999945236843486018e-01 1.040526300000000015e+00
9.999666482944695733e-01 8.126405620086499249e-03 8.147578918481636172e-04 -2.787599999999999887e-03 -8.124245053022505214e-03 9.999635630221352933e-01 -2.620929299766311740e-03 -1.901440000000000075e-02 -8.360269391243636914e-04 2.614222594531831131e-03 9.999962334424981059e-01 1.074527000000000010e+00
9.999621090228223430e-01 8.661781002865331577e-03 -8.683711692081243433e-04 -3.334900000000000017e-03 -8.663247974560707096e-03 9.999610282161793817e-01 -1.700053932212850730e-03 -2.028309999999999835e-02 8.536118323807542719e-04 1.707512430280913769e-03 9.999981778724099657e-01 1.142295800000000083e+00
9.999575820496068301e-01 8.957829940493751072e-03 -2.142751563015464142e-03 -3.483500000000000051e-03 -8.960775029686096280e-03 9.999589145859948403e-01 -1.368813671156102457e-03 -2.096030000000000115e-02 2.130401927093948135e-03 1.387956323586391708e-03 9.999967674772117787e-01 1.176322599999999996e+00
9.999574618054232200e-01 8.653394636313540070e-03 -3.192701195507843467e-03 -3.769600000000000121e-03 -8.654821562188825049e-03 9.999624524142264326e-01 -4.333883392947353655e-04 -2.158739999999999964e-02 3.188831036955161631e-03 4.610021628857384956e-04 9.999948094033407342e-01 1.210342900000000110e+00
9.999685697794331585e-01 7.017661623644197606e-03 -3.689427951718427488e-03 -3.988300000000000178e-03 -7.015827835441791789e-03 9.999752588531878317e-01 5.097462931479392403e-04 -2.216790000000000080e-02 3.692913898039040625e-03 -4.838458803889893038e-04 9.999930641159995304e-01 1.244340800000000025e+00
9.999746214594854576e-01 5.432626480987165322e-03 -4.609013612140861783e-03 -4.019599999999999909e-03 -5.429303794450719527e-03 9.999849924876070828e-01 7.331165446372765954e-04 -2.274349999999999983e-02 4.612927190666003992e-03 -7.080742041162751488e-04 9.999891097075284119e-01 1.278620000000000090e+00
9.999831426768841514e-01 3.241217126510946914e-03 -4.817558884037780043e-03 -4.448200000000000244e-03 -3.241155461232717722e-03 9.999947472295108719e-01 2.060734820814871061e-05 -2.333450000000000107e-02 4.817600371396588838e-03 -4.992543536612151147e-06 9.999883952835332268e-01 1.312778599999999907e+00
9.999882639617437841e-01 6.353651867766829187e-04 -4.802941791974723457e-03 -4.658299999999999767e-03 -6.286308197034706042e-04 9.999988174859519852e-01 1.403513444940357891e-03 -2.476460000000000120e-02 4.803827856010670430e-03 -1.400477696017198102e-03 9.999874808717120755e-01 1.380496600000000074e+00
9.999919086820977521e-01 -1.699907248012042394e-03 -3.645940987340431927e-03 -5.328300000000000224e-03 1.705684667505210673e-03 9.999972938067599459e-01 1.582093224716059907e-03 -2.600970000000000018e-02 3.643241708979852445e-03 -1.588299249137563275e-03 9.999921020164834751e-01 1.448087099999999960e+00
9.999923428799685210e-01 -2.910426474771397789e-03 -2.616027363469181771e-03 -5.626599999999999831e-03 2.911562604672574082e-03 9.999956686872818468e-01 4.305924700056872967e-04 -2.733259999999999856e-02 2.614762824912049768e-03 -4.382059003517368469e-04 9.999964854893033106e-01 1.516051999999999955e+00
9.999970998457832216e-01 -1.453083878360046351e-03 -1.920637202846122707e-03 -5.810300000000000013e-03 1.453714153717566284e-03 9.999988899564634659e-01 3.268042229548344824e-04 -2.806820000000000148e-02 1.920160196907453850e-03 -3.295953326581231796e-04 9.999981021740665943e-01 1.549813600000000013e+00
9.999968610075465891e-01 2.051844427724164397e-03 -1.438022773776695233e-03 -6.007900000000000046e-03 -2.049350981882894131e-03 9.999963979539092662e-01 1.733274288689294401e-03 -2.888020000000000170e-02 1.441574003143349016e-03 -1.730321834570973253e-03 9.999974639221552719e-01 1.583866500000000066e+00
9.999835199808722042e-01 5.721848821991715878e-03 -4.692682844965170093e-04 -6.409500000000000267e-03 -5.720492146751750273e-03 9.999795960228636815e-01 2.843150989534362887e-03 -2.936110000000000109e-02 4.855267896973811223e-04 -2.840419688815489733e-03 9.999958481312449798e-01 1.617651799999999973e+00
9.999055899657670610e-01 1.372104175275171839e-02 7.376777282469561790e-04 -7.106600000000000243e-03 -1.372308244618271680e-02 9.999018110944977167e-01 2.836402319612591188e-03 -3.042539999999999828e-02 -6.986869018231998962e-04 -2.846257747055944056e-03 9.999957053175031474e-01 1.685739199999999993e+00
9.998562943305566719e-01 1.688664419933607469e-02 1.493966282137282721e-03 -7.399000000000000195e-03 -1.688972485575278987e-02 9.998552072591943007e-01 2.074056645912576800e-03 -3.086030000000000023e-02 -1.458726110035826621e-03 -2.098991271662883299e-03 9.999967331715525765e-01 1.719397300000000017e+00
9.998067032203488136e-01 1.946202424961602714e-02 2.790306034223252480e-03 -7.912600000000000536e-03 -1.946767239426909143e-02 9.998084633873909333e-01 2.011534363039902545e-03 -3.193349999999999661e-02 -2.750623057904896373e-03 -2.065466303679379563e-03 9.999940839433709705e-01 1.786146900000000093e+00
9.998516561343301357e-01 1.700289293510671290e-02 2.750882999052206481e-03 -8.221300000000000829e-03 -1.700624030412654919e-02 9.998546656696918333e-01 1.198052280585802003e-03 -3.333780000000000077e-02 -2.730112846656322558e-03 -1.244656734209643621e-03 9.999954986465980911e-01 1.853497600000000078e+00
9.998695206385819212e-01 1.605022978324680341e-02 1.825327882164488880e-03 -8.063799999999999440e-03 -1.605271369657530409e-02 9.998702295816843666e-01 1.354392574359568856e-03 -3.451680000000000026e-02 -1.803352696566463183e-03 -1.383517319976119726e-03 9.999974168961023313e-01 1.919875100000000057e+00
9.998693195920522747e-01 1.615549447112131151e-02 5.862908152318373851e-04 -8.331399999999999223e-03 -1.615624358694795273e-02 9.998686390643480859e-01 1.296305815644010866e-03 -3.575980000000000131e-02 -5.652713380842651217e-04 -1.305608671094873451e-03 9.999989879266439896e-01 1.985850099999999951e+00
9.999033561554576677e-01 1.379232398148906580e-02 -1.746467360574231525e-03 -8.503699999999999454e-03 -1.378738433197094007e-02 9.999010024566126198e-01 2.809505213294136595e-03 -3.682869999999999894e-02 1.785044070725363670e-03 -2.785154475185582044e-03 9.999945282511374378e-01 2.052248000000000072e+00
9.999500086720672920e-01 9.147685776240685462e-03 -4.037326054672368998e-03 -8.767499999999999252e-03 -9.133658461542432105e-03 9.999522343188891327e-01 3.479276328372163992e-03 -3.790040000000000076e-02 4.068960535624162149e-03 -3.442226837446999820e-03 9.999857972164200026e-01 2.118261299999999903e+00
9.999585565429383038e-01 7.913990165346990527e-03 -4.500439559189666969e-03 -9.090100000000000263e-03 -7.900627737794761393e-03 9.999643515717158149e-01 2.979205784557421594e-03 -3.846870000000000150e-02 4.523856530872326712e-03 -2.943526018356808823e-03 9.999854350822652282e-01 2.151047499999999779e+00
9.999585188455039075e-01 7.820407158916624357e-03 -4.669241927205000468e-03 -9.734800000000000050e-03 -7.811423026684919529e-03 9.999676099535488305e-01 1.939256064931484547e-03 -3.952979999999999688e-02 4.684256462255250060e-03 -1.902702198443715926e-03 9.999872186511885586e-01 2.216183200000000131e+00
9.999590830461168034e-01 7.756484028301797659e-03 -4.655017624893541435e-03 -1.005570000000000075e-02 -7.750553712678159846e-03 9.999691310900991059e-01 1.290652571049908737e-03 -4.012550000000000144e-02 4.664884855627326153e-03 -1.254520797342979039e-03 9.999883324453605615e-01 2.248839100000000091e+00
9.999420676245234230e-01 1.002525374795888366e-02 -3.918632680148973618e-03 -1.086080000000000031e-02 -1.002125304158409461e-02 9.999492459354747398e-01 1.039249994970115531e-03 -4.140039999999999693e-02 3.928852538520214571e-03 -9.999201790843990651e-04 9.999917821049161271e-01 2.313579799999999853e+00
9.999232605714517552e-01 1.191820362653482276e-02 -3.380738155080607096e-03 -1.182680000000000016e-02 -1.190609999256437429e-02 9.999227184031047599e-01 3.577988864224124384e-03 -4.248230000000000062e-02 3.423120086094594543e-03 -3.537462884880264447e-03 9.999878842292112546e-01 2.378550800000000187e+00
9.999336940756754499e-01 1.101383794219230189e-02 -3.361967572245988869e-03 -1.215530000000000083e-02 -1.101299709216611855e-02 9.999393190556306044e-01 2.685174294811789914e-04 -4.389210000000000333e-02 3.364720972331725415e-03 -2.314742860877180906e-04 9.999943125200430050e-01 2.442492999999999803e+00
9.999386559537668528e-01 1.044532144995651175e-02 -3.685049413679955879e-03 -1.224210000000000055e-02 -1.044835590134854907e-02 9.999450902801355623e-01 -8.051606114860468790e-04 -4.450479999999999714e-02 3.676436907243148602e-03 8.436139274644547390e-04 9.999928860382999440e-01 2.474600800000000156e+00
9.999811428049696360e-01 5.446691785228123008e-03 -2.836826230798866321e-03 -1.267109999999999938e-02 -5.440049501342186268e-03 9.999824557828786986e-01 2.343925738170075154e-03 -4.563119999999999676e-02 2.849543101966813419e-03 -2.328449063183041495e-03 9.999932291916131533e-01 2.538744900000000193e+00
9.999944163803345942e-01 3.193962631405996341e-03 -9.827567670696575695e-04 -1.312840000000000014e-02 -3.192826993907264387e-03 9.999942359331569497e-01 1.154970237047107592e-03 -4.654189999999999716e-02 9.864400341714765156e-04 -1.151826015798234140e-03 9.999988501157830445e-01 2.602722200000000097e+00
9.999690696442437021e-01 7.854641348426333672e-03 4.054184424244003382e-04 -1.326130000000000017e-02 -7.853214664298528366e-03 9.999633548789921278e-01 -3.408213401079381727e-03 -4.783269999999999883e-02 -4.321738797208976883e-04 3.404924145769168582e-03 9.999941098413026586e-01 2.666666300000000156e+00
9.999205065732041930e-01 1.213728326471105040e-02 3.415682851043607728e-03 -1.387749999999999921e-02 -1.213262867915345170e-02 9.999254444769791750e-01 -1.380148125887043940e-03 -4.928500000000000242e-02 -3.432179441773325866e-03 1.338597201465567066e-03 9.999932141278817799e-01 2.731152100000000083e+00
9.999189911771525496e-01 1.155017634010705938e-02 5.348318406576211409e-03 -1.402729999999999949e-02 -1.155815079852441640e-02 9.999321327892009004e-01 1.462520344655815529e-03 -5.051359999999999878e-02 -5.331063063241723091e-03 -1.524218538266036054e-03 9.999846281440847306e-01 2.795718899999999785e+00
9.999051126716994586e-01 1.222055120755483580e-02 6.357969894512571427e-03 -1.401980000000000066e-02 -1.222566680416251571e-02 9.999249700731740464e-01 7.663519789584564762e-04 -5.097720000000000029e-02 -6.348127612894750860e-03 -8.440096833478423445e-04 9.999794942514895757e-01 2.828020099999999815e+00
9.998648666914361494e-01 1.452491799487419868e-02 7.699033274303214783e-03 -1.411459999999999972e-02 -1.452650066258844366e-02 9.998944736188167814e-01 1.496831627786796243e-04 -5.148590000000000111e-02 -7.696046687518593929e-03 -2.615029475581131277e-04 9.999703508012585118e-01 2.860263799999999801e+00
9.998093288874712048e-01 1.703726632250691583e-02 9.541353459568269538e-03 -1.350849999999999967e-02 -1.702830669976964154e-02 9.998544881197728440e-01 -1.019488933608742216e-03 -5.281240000000000240e-02 -9.557334383761195359e-03 8.568214534791236247e-04 9.999539605484213389e-01 2.924406799999999862e+00
9.997810408969614038e-01 1.735842003016575125e-02 1.168569711419898891e-02 -1.318749999999999957e-02 -1.733486495981807068e-02 9.998475050917643436e-01 -2.114005345127786990e-03 -5.380759999999999710e-02 -1.172061089761663316e-02 1.910972482977623538e-03 9.999294852460127725e-01 2.988239000000000090e+00
9.997799382602020613e-01 1.689586714244599094e-02 1.243401487578904042e-02 -1.307409999999999996e-02 -1.688186990558900383e-02 9.998567347333261468e-01 -1.229827996859014999e-03 -5.441100000000000103e-02 -1.245301252377502450e-02 1.019647937233144870e-03 9.999219383517730098e-01 3.020360900000000015e+00
9.997941727580650362e-01 1.495833876091718674e-02 1.370621102019101839e-02 -1.260469999999999993e-02 -1.495891992068935049e-02 9.998881072900006606e-01 -6.012342836213012328e-05 -5.552920000000000078e-02 -1.370557674170505558e-02 -1.449190597444126500e-04 9.999060636703046567e-01 3.084384700000000201e+00
9.998347855328963973e-01 1.219326898370708123e-02 1.348057231270334555e-02 -1.218829999999999913e-02 -1.219532336615678642e-02 9.999256318146966249e-01 7.019953336477448931e-05 -5.604640000000000316e-02 -1.347871382521075370e-02 -2.345878739005560548e-04 9.999091304924400125e-01 3.116230700000000020e+00
9.998799416430239617e-01 9.014641789908461877e-03 1.260311601718565148e-02 -1.156309999999999977e-02 -9.021615182564765578e-03 9.999591811092932714e-01 4.965629158426673089e-04 -5.716260000000000091e-02 -1.259812523515790698e-02 -6.102037621231233165e-04 9.999204542822034414e-01 3.180290499999999909e+00
9.999074886322077971e-01 7.411934745090460047e-03 1.140514798526386098e-02 -1.134379999999999937e-02 -7.418122230364681408e-03 9.999723601951603369e-01 5.003082009503388152e-04 -5.776660000000000128e-02 -1.140112449746150461e-02 -5.848666985644360812e-04 9.999348340222669052e-01 3.212289600000000078e+00
9.999309684260053732e-01 5.863122979257107820e-03 1.018244428225079448e-02 -1.105199999999999932e-02 -5.877071732898083573e-03 9.999818313776382972e-01 1.340500828454217449e-03 -5.824859999999999760e-02 -1.017439976005488772e-02 -1.400251247035113862e-03 9.999472590521800708e-01 3.244030200000000086e+00
9.999446130445751590e-01 4.858980863470174424e-03 9.336013501655301278e-03 -1.095899999999999999e-02 -4.874880724761502387e-03 9.999867046885381194e-01 1.681066351404618452e-03 -5.896359999999999796e-02 -9.327721107216285085e-03 -1.726485194522879617e-03 9.999550054216534978e-01 3.275929200000000208e+00
9.999693992390445985e-01 4.004346615287816130e-03 6.720550103146996634e-03 -1.056630000000000069e-02 -4.010390847146702575e-03 9.999915657334067509e-01 8.861305224600044602e-04 -5.982239999999999780e-02 -6.716945046477457507e-03 -9.130554388131629628e-04 9.999770242255611175e-01 3.339321400000000217e+00
9.999846607302497192e-01 2.348965510958071594e-03 5.016040792856708494e-03 -1.054740000000000018e-02 -2.339814322362639143e-03 9.999955891362856120e-01 -1.829474490083563779e-03 -6.097609999999999836e-02 -5.020316040264769311e-03 1.817709823192177870e-03 9.999857460773400319e-01 3.403086200000000172e+00
9.999384322369231359e-01 -1.076862362173271886e-02 2.677401885719095549e-03 -9.981300000000000242e-03 1.076864504093305933e-02 9.999420164403600708e-01 6.416315861799918988e-06 -6.219829999999999803e-02 -2.677315735317729005e-03 2.241606971564865267e-05 9.999964157325631486e-01 3.466985900000000065e+00
9.997808603703115526e-01 -2.093376949426143524e-02 9.236861380418092445e-05 -9.689800000000000149e-03 2.093391446205924294e-02 9.997787784172229575e-01 -2.040943865118480683e-03 -6.330790000000000028e-02 -4.962353145011897477e-05 2.042430250096019442e-03 9.999979130059115651e-01 3.530416499999999846e+00
9.998603015013814987e-01 -1.663020132694456935e-02 1.677463976275420663e-03 -1.009810000000000048e-02 1.664163070345603748e-02 9.998366871319730453e-01 -7.046644058757134919e-03 -6.474570000000000325e-02 -1.560002915445994403e-03 7.073575389173354482e-03 9.999737651169241515e-01 3.593985800000000008e+00
9.997931386583857050e-01 -2.012538837805957770e-02 2.940856039657899733e-03 -1.010130000000000056e-02 2.013566710256487619e-02 9.997911013184693774e-01 -3.508366391451008502e-03 -6.638789999999999969e-02 -2.869634462508161357e-03 3.566856744283517823e-03 9.999895213106071434e-01 3.657866999999999980e+00
9.995760916529888851e-01 -2.892601052481739640e-02 3.304982731203606923e-03 -9.654599999999999294e-03 2.892425463487998186e-02 9.995814391872983595e-01 5.778633627037594624e-04 -6.765970000000000317e-02 -3.320314676657144803e-03 -4.820242395196632228e-04 9.999943715657005905e-01 3.722104999999999997e+00
9.995771065820273638e-01 -2.876937877007108152e-02 4.234482528765601099e-03 -9.413299999999999446e-03 2.876332418673328145e-02 9.995851486169766709e-01 1.483861888958459526e-03 -6.885950000000000404e-02 -4.275415632558073921e-03 -1.361436579794495340e-03 9.999899336051378818e-01 3.786161200000000004e+00
9.996914018679881053e-01 -2.423819087168488026e-02 5.441611386761821198e-03 -9.598300000000000581e-03 2.423766614726121163e-02 9.997062114330382832e-01 1.623635898102329385e-04 -6.935249999999999748e-02 -5.443948103230974653e-03 -3.042152461424264419e-05 9.999851811419907532e-01 3.818173600000000167e+00
9.998195385547279379e-01 -1.763044715542189805e-02 7.075143624743080069e-03 -9.724699999999999317e-03 1.765032561666226435e-02 9.998404195263081995e-01 -2.757079447872364149e-03 -7.040589999999999349e-02 -7.025406026462992053e-03 2.881460490091838390e-03 9.999711700122195790e-01 3.882467699999999855e+00
9.998752252356732928e-01 -1.420191109868603439e-02 6.916623530068085127e-03 -9.564700000000000632e-03 1.421439076902069644e-02 9.998974241346770819e-01 -1.758494783433417735e-03 -7.171120000000000272e-02 -6.890940064842551380e-03 1.856590957319836227e-03 9.999745336832533971e-01 3.947001199999999876e+00
9.999464011355968518e-01 -8.120323016346615505e-03 6.423021880567064690e-03 -9.688199999999999243e-03 8.167347553733649360e-03 9.999397866849657479e-01 -7.329218127585396432e-03 -7.289260000000000184e-02 -6.363119510473842430e-03 7.381284341860622385e-03 9.999525125482510157e-01 4.011002999999999652e+00
9.999779633792441613e-01 1.536432010577856418e-03 6.458493057662719264e-03 -9.838500000000000023e-03 -1.488330598867607579e-03 9.999711705904021919e-01 -7.445996245580319833e-03 -7.442160000000000442e-02 -6.469747130103327068e-03 7.436219788144612930e-03 9.999514213237236104e-01 4.075425100000000356e+00
9.999578657382273139e-01 5.300583869305860139e-03 7.494702055049067523e-03 -9.851199999999999193e-03 -5.277291557889917349e-03 9.999811945912604472e-01 -3.124205122723914922e-03 -7.587309999999999888e-02 -7.511121225391453708e-03 3.084521758763431216e-03 9.999670338483450660e-01 4.139467200000000346e+00
9.999895771781732723e-01 5.233582669876041434e-04 4.535596007435940130e-03 -9.409400000000000056e-03 -5.130384110105981176e-04 9.999972779216222962e-01 -2.276168037410381938e-03 -7.711250000000000049e-02 -4.536774912547550040e-03 2.273817378347839629e-03 9.999871236310610145e-01 4.203990899999999975e+00
9.999969766256090464e-01 7.860921362705989527e-05 2.457755120595584136e-03 -9.330099999999999158e-03 -6.258993490888637107e-05 9.999787605584175010e-01 -6.517247467395214863e-03 -7.784879999999999578e-02 -2.458215234947701191e-03 6.517073932583100984e-03 9.999757421683868053e-01 4.236617999999999995e+00
9.999776191398024316e-01 6.687059446707675596e-03 2.108446074641924625e-04 -9.641500000000000764e-03 -6.684252106548671697e-03 9.999138886379653757e-01 -1.129318744548346576e-02 -7.948600000000000110e-02 -2.863446671386267396e-04 1.129152535572246555e-02 9.999362076962073909e-01 4.301638099999999909e+00
9.999215988574914338e-01 1.252049040445949238e-02 1.829161280744131439e-04 -9.960600000000000009e-03 -1.251885730634096777e-02 9.998959275246921408e-01 -7.170239276280633914e-03 -8.110140000000000404e-02 -2.726720035965409872e-04 7.167387220422921992e-03 9.999742767743633465e-01 4.367576099999999961e+00
9.999191209468236696e-01 1.269422822032403170e-02 7.798299953618081709e-04 -1.024319999999999918e-02 -1.269080190190880267e-02 9.999104287543791880e-01 -4.251824939965427944e-03 -8.245750000000000302e-02 -8.337337811585378332e-04 4.241584388401709732e-03 9.999906568812821916e-01 4.432982899999999837e+00
9.999656105258456495e-01 8.272240682245765239e-03 5.897455109451019009e-04 -1.015789999999999922e-02 -8.270398301962850543e-03 9.999611150631457779e-01 -3.060861577566574218e-03 -8.382860000000000311e-02 -6.150427623928179282e-04 3.055878885874152399e-03 9.999951416515158176e-01 4.499224700000000077e+00
9.999844522282281822e-01 5.507700624371956837e-03 8.720869468334853120e-04 -1.017829999999999950e-02 -5.505043753386634590e-03 9.999802862220993349e-01 -3.020208675184142023e-03 -8.451160000000000616e-02 -8.887041599111506537e-04 3.015360840869881452e-03 9.999950588897504877e-01 4.532353399999999866e+00
9.999964323398600197e-01 -2.258338931378519807e-03 1.426608854199461597e-03 -9.969199999999999243e-03 2.258856927209812460e-03 9.999973834059440181e-01 -3.615890593818795644e-04 -8.577020000000000477e-02 -1.425788530693250728e-03 3.648102746477326422e-04 9.999989170196782462e-01 4.599525500000000378e+00
9.999929289801927634e-01 -3.068822604311333743e-03 2.173549502189670371e-03 -1.003609999999999919e-02 3.078351757630646158e-03 9.999856061686780428e-01 -4.394451719807312452e-03 -8.728080000000000560e-02 -2.160032423713466321e-03 4.401111596482523182e-03 9.999879821661077361e-01 4.666205899999999573e+00
9.999890418091650357e-01 4.077063983192153254e-03 2.300828299760282990e-03 -1.020129999999999995e-02 -4.055223503959520109e-03 9.999474213126273714e-01 -9.418586547877492998e-03 -8.801259999999999639e-02 -2.339107505215340908e-03 9.409152964208942344e-03 9.999529971036513754e-01 4.699726100000000351e+00
9.999055334528136330e-01 1.321716975802905876e-02 3.772345958618913715e-03 -1.068339999999999915e-02 -1.317989488828977783e-02 9.998656967622182590e-01 -9.740575390464533551e-03 -8.865810000000000357e-02 -3.900582158819288544e-03 9.689936108722926184e-03 9.999454438103265730e-01 4.733316399999999646e+00
9.997364781890438756e-01 2.214072250494700245e-02 6.063215741357589304e-03 -1.123180000000000012e-02 -2.211667479522934354e-02 9.997473747876296502e-01 -4.004909642510359226e-03 -9.015430000000000665e-02 -6.150355613245489690e-03 3.869756090703728620e-03 9.999735987083003819e-01 4.801380199999999654e+00
9.997788988061664384e-01 2.029410137782970344e-02 5.504811640334504250e-03 -1.104020000000000001e-02 -2.027439354425772042e-02 9.997879265538631710e-01 -3.612600661522095448e-03 -9.075039999999999496e-02 -5.576958700022147802e-03 3.500195193619836526e-03 9.999783228476828434e-01 4.835467300000000357e+00
9.998514133939541138e-01 1.672006836367194438e-02 4.194096806988142564e-03 -1.089810000000000084e-02 -1.670503599338996753e-02 9.998540019530760548e-01 -3.593960333358243563e-03 -9.145060000000000688e-02 -4.253575739515787907e-03 3.523363780869547251e-03 9.999847463842115314e-01 4.869372799999999835e+00
9.998783301758198405e-01 1.539925552949483571e-02 2.487523658470067265e-03 -1.087710000000000066e-02 -1.538732155299300276e-02 9.998703375263995330e-01 -4.747469880746080055e-03 -9.294850000000000334e-02 -2.560308621811559996e-03 4.708615930516832186e-03 9.999856367747388397e-01 4.938069300000000439e+00
9.998416973015300524e-01 1.759309468790551736e-02 2.657697593391657957e-03 -1.118450000000000000e-02 -1.758466951406207832e-02 9.998403813487483083e-01 -3.160889506270168209e-03 -9.451809999999999379e-02 -2.712883203668183581e-03 3.113654395083650245e-03 9.999914726741579996e-01 5.006696200000000374e+00
9.998676205639287495e-01 1.615426417910060045e-02 1.944504219378199962e-03 -1.118629999999999972e-02 -1.614741807355553685e-02 9.998635436071376947e-01 -3.486410035454639775e-03 -9.528709999999999958e-02 -2.000559268095919874e-03 3.454549783884141093e-03 9.999920318924573337e-01 5.041435700000000075e+00
9.998694797161509218e-01 1.605877449045342922e-02 1.771805299227543345e-03 -1.128930000000000038e-02 -1.605008493271524797e-02 9.998595994504175799e-01 -4.814162492370630680e-03 -9.588019999999999876e-02 -1.848866086615157979e-03 4.785096520978793927e-03 9.999868421861752843e-01 5.075753200000000298e+00
9.998841735190123758e-01 1.519750771087417449e-02 8.217697849125882390e-04 -1.123389999999999979e-02 -1.519311262682642577e-02 9.998715031111312657e-01 -5.113374130204591424e-03 -9.738030000000000297e-02 -8.993747328242295610e-04 5.100296625177617831e-03 9.999865889597845392e-01 5.145187899999999814e+00
9.998772998573147719e-01 1.564789765640718644e-02 7.269999862318718680e-04 -1.159010000000000075e-02 -1.564383389593782675e-02 9.998636104308421535e-01 -5.294430775577619631e-03 -9.816510000000000513e-02 -8.097475419421430558e-04 5.282408081139058735e-03 9.999857201349340308e-01 5.180010300000000178e+00
9.998795486129873344e-01 1.551692883545058299e-02 3.364297910767193359e-04 -1.171709999999999939e-02 -1.551481719649252383e-02 9.998641482885779475e-01 -5.565556083260574799e-03 -9.886100000000000443e-02 -4.227444241874916812e-04 5.559666057602840467e-03 9.999844555794253909e-01 5.214994899999999767e+00
9.998704437235288456e-01 1.609231195799481692e-02 -3.650533661308824509e-04 -1.173480000000000009e-02 -1.609411769806689055e-02 9.998545335449737781e-01 -5.647222776165452575e-03 -9.977759999999999407e-02 2.741233925014680451e-04 5.652366354850756232e-03 9.999839876772809166e-01 5.250026700000000268e+00
9.998754472469773003e-01 1.577991841474009685e-02 -2.901163235018039432e-04 -1.206510000000000048e-02 -1.578135973211671275e-02 9.998579441962469616e-01 -5.919468950844604220e-03 -1.004694000000000004e-01 1.966663736913720263e-04 5.923310094755686143e-03 9.999824377057122682e-01 5.284803899999999999e+00
9.998771409626329154e-01 1.565996122446377745e-02 -6.845398742512976168e-04 -1.246000000000000059e-02 -1.566373949613044173e-02 9.998598202281105962e-01 -5.914994370886433352e-03 -1.020211000000000034e-01 5.918153331168728290e-04 5.924990114636981102e-03 9.999822719662349035e-01 5.355007200000000189e+00
9.999035566095151317e-01 1.386559279540967339e-02 -7.891869702522983070e-04 -1.251069999999999960e-02 -1.387001765035854838e-02 9.998863488125562249e-01 -5.908643556177080834e-03 -1.029275000000000051e-01 7.071704326928412131e-04 5.919019743766189452e-03 9.999822323997822338e-01 5.390000299999999633e+00
9.999118057487768052e-01 1.326553351742718219e-02 -6.374517381866508367e-04 -1.265029999999999974e-02 -1.326897311462754865e-02 9.998955207705386705e-01 -5.734273754924753587e-03 -1.037243000000000054e-01 5.613169370261690766e-04 5.742226354920499688e-03 9.999833557413768670e-01 5.425249100000000269e+00
9.999344576061838241e-01 1.143829051411100230e-02 -4.959858283166975693e-04 -1.283549999999999969e-02 -1.144047303640282308e-02 9.999237583840296928e-01 -4.646826428854340663e-03 -1.046004999999999990e-01 4.427962628937634200e-04 4.652196177221840437e-03 9.999890804414807155e-01 5.460660899999999707e+00
9.999320760685128651e-01 1.164409499721834503e-02 -5.082332237302605252e-04 -1.314069999999999995e-02 -1.164625168501731874e-02 9.999221902511907789e-01 -4.469705242029699266e-03 -1.054357999999999962e-01 4.561480057830269138e-04 4.475320654115322316e-03 9.999898816658294720e-01 5.495676500000000075e+00
9.999222720295335431e-01 1.244281782656209839e-02 -7.913177810187698802e-04 -1.323270000000000002e-02 -1.244662156357309937e-02 9.999100429741379914e-01 -4.998756956563603533e-03 -1.061910999999999966e-01 7.290479742548967293e-04 5.008217646287380954e-03 9.999871930405203058e-01 5.531339599999999912e+00
9.999180658906972052e-01 1.279145539073166422e-02 -4.900759065790900914e-04 -1.355370000000000012e-02 -1.279392493355697123e-02 9.999034662070993562e-01 -5.419755697678873066e-03 -1.070778000000000008e-01 4.207020344574957877e-04 5.425581629183662269e-03 9.999851929272669526e-01 5.566715199999999975e+00
9.998989112606625485e-01 1.421652824161902945e-02 -2.399677000509354890e-04 -1.353490000000000075e-02 -1.421747858990445729e-02 9.998884344895626608e-01 -4.580597838408955597e-03 -1.079251999999999989e-01 1.748207293987508540e-04 4.583546527185801064e-03 9.999894802141399142e-01 5.602155699999999960e+00
9.998928642233859687e-01 1.462887540871827749e-02 5.060429128762848226e-04 -1.379119999999999999e-02 -1.462751576378002946e-02 9.998896485040120741e-01 -2.593568411223987243e-03 -1.086823999999999985e-01 -5.439280594355979910e-04 2.585888396572802103e-03 9.999965086556386051e-01 5.637625700000000073e+00
9.998932751603114566e-01 1.458325800127245435e-02 8.757141394303932140e-04 -1.379799999999999950e-02 -1.458114391299701086e-02 9.998908715933456648e-01 -2.373846348852154398e-03 -1.093057999999999946e-01 -9.102369879023620514e-04 2.360824086587447364e-03 9.999967989840058413e-01 5.673232099999999889e+00
9.998971206548413759e-01 1.429184450116216705e-02 1.221182587550830815e-03 -1.378260000000000075e-02 -1.428655808648325413e-02 9.998889808773423482e-01 -4.233223135051616091e-03 -1.098983000000000043e-01 -1.281547579716236021e-03 4.215341127856324539e-03 9.999902942203872103e-01 5.708725000000000271e+00
9.998970220222064276e-01 1.420343710977161646e-02 2.051274089896544701e-03 -1.396129999999999940e-02 -1.419253357451159651e-02 9.998855733101834620e-01 -5.235673490783319950e-03 -1.107096000000000052e-01 -2.125403928546171044e-03 5.206021555323469413e-03 9.999841898738729418e-01 5.743902699999999584e+00
9.998832652098225138e-01 1.507973732558614416e-02 2.461193924698223349e-03 -1.419729999999999950e-02 -1.506850593172354494e-02 9.998762478208583770e-01 -4.519864231042167342e-03 -1.115619999999999945e-01 -2.529047711938180263e-03 4.482250090386088494e-03 9.999867565882050169e-01 5.779725100000000282e+00
9.998869963950941520e-01 1.487351841653408203e-02 2.184694466035369629e-03 -1.421110000000000081e-02 -1.486559496963811740e-02 9.998830225952251016e-01 -3.599334943452084292e-03 -1.123381999999999992e-01 -2.237973680715216272e-03 3.566451422563718821e-03 9.999911359097414243e-01 5.815430199999999772e+00
9.998817581657505338e-01 1.522861305585184594e-02 2.135188929006398822e-03 -1.427999999999999929e-02 -1.522205108838553880e-02 9.998794661030852016e-01 -3.056538249682151827e-03 -1.130942999999999948e-01 -2.181478404658956666e-03 3.023674884032365173e-03 9.999930492469263354e-01 5.850864900000000368e+00
9.998653574994855742e-01 1.627367876201598132e-02 2.105766363260891654e-03 -1.460660000000000083e-02 -1.626597325208918934e-02 9.998611253201939997e-01 -3.626042966888419049e-03 -1.135995999999999950e-01 -2.164482984051856618e-03 3.591302408056433904e-03 9.999912087415697703e-01 5.886695399999999800e+00
9.998443492816522227e-01 1.749898483283608350e-02 2.250053192611313740e-03 -1.471060000000000076e-02 -1.749120364835977590e-02 9.998411248795348039e-01 -3.432607544998386544e-03 -1.143142000000000047e-01 -2.309762862506289840e-03 3.392717118556595052e-03 9.999915771975643741e-01 5.922458599999999684e+00
9.998241977837258876e-01 1.856496515080752890e-02 2.629751904323521065e-03 -1.490050000000000055e-02 -1.855534335163946252e-02 9.998212191940243354e-01 -3.637153073151679766e-03 -1.149463000000000013e-01 -2.696805375209763468e-03 3.587717704066141142e-03 9.999899277104966622e-01 5.958210499999999854e+00
9.998268238055557644e-01 1.847001286410653378e-02 2.276186216882355746e-03 -1.495209999999999942e-02 -1.846355243020001216e-02 9.998255364887026486e-01 -2.827333856339538359e-03 -1.158118999999999954e-01 -2.328009998140306760e-03 2.784817745865567854e-03 9.999934125580882682e-01 5.993767700000000254e+00
