1.000000000000000000e+00 0.000000000000000000e+00 0.000000000000000000e+00 0.000000000000000000e+00 0.000000000000000000e+00 1.000000000000000000e+00 0.000000000000000000e+00 0.000000000000000000e+00 0.000000000000000000e+00 0.000000000000000000e+00 1.000000000000000000e+00 0.000000000000000000e+00
9.999986322331813060e-01 -1.646465361766509062e-03 -1.571100859406522371e-04 -4.819999999999999930e-05 1.646333125374369781e-03 9.999982935616213986e-01 -8.381295159377179617e-04 -1.123499999999999933e-03 1.584897690586375128e-04 8.378697140331616824e-04 9.999996364276015903e-01 6.267920000000000436e-02
9.999974331864807109e-01 -2.263798857874701424e-03 -9.399564393888539253e-05 -1.781999999999999947e-04 2.263798500674660177e-03 9.999974375972612295e-01 -3.906396395443982628e-06 -1.621700000000000008e-03 9.400424637988833690e-05 3.693599170634105216e-06 9.999999955747794766e-01 9.405629999999999546e-02
9.999934110749304494e-01 -3.629038656194063291e-03 8.879840656989144087e-05 -3.150000000000000131e-04 3.628948708508745059e-03 9.999929223531615063e-01 9.929626653654023260e-04 -2.119100000000000063e-03 -9.240127798289847147e-05 -9.926338779459641191e-04 9.999995030698706211e-01 1.258013000000000048e-01
9.999951393801403965e-01 -3.114490507735538649e-03 -1.454818573974219799e-04 -4.099999999999999912e-04 3.114700353022429626e-03 9.999940759346455099e-01 1.465174844654305126e-03 -2.656299999999999894e-03 1.409177224075421585e-04 -1.465620855388951671e-03 9.999989160482644079e-01 1.573431000000000135e-01
9.999974219244132101e-01 -2.202695455628819136e-03 -5.516133217975460268e-04 -4.977999999999999569e-04 2.202501814013289438e-03 9.999975127461004920e-01 -3.514077002217239521e-04 -3.160000000000000048e-03 5.523859939395118221e-04 3.501918649242180439e-04 9.999997861176628255e-01 1.889837000000000045e-01
9.999997114692527056e-01 6.607031034377199843e-04 -3.748770739400860644e-04 -8.203000000000000439e-04 -6.616956995318226719e-04 9.999962595489254591e-01 -2.653873953199565022e-03 -3.689000000000000005e-03 3.731222489737204750e-04 2.654121242023009444e-03 9.999964082036595370e-01 2.205310000000000048e-01
9.999919480783152625e-01 3.950196376112983208e-03 -7.069138040010112612e-04 -8.584000000000000484e-04 -3.952576636195417707e-03 9.999864152576847243e-01 -3.398005005950675231e-03 -4.314400000000000353e-03 6.934814136986246430e-04 3.400771776465980837e-03 9.999939768992878175e-01 2.526495000000000268e-01
9.999799266030265921e-01 6.306069704536490864e-03 -6.163407232237385442e-04 -1.067599999999999929e-03 -6.308246131379648472e-03 9.999736389725997210e-01 -3.595468070054535191e-03 -4.848299999999999832e-03 5.936512035788465416e-04 3.599283925779547637e-03 9.999933463445994652e-01 2.847821999999999854e-01
9.999730667194548506e-01 7.327199835971560590e-03 -4.218746881218769502e-04 -1.353000000000000036e-03 -7.328288621039642098e-03 9.999696631769321442e-01 -2.639869636882217954e-03 -5.456299999999999865e-03 4.025190374137568796e-04 2.642890156009153248e-03 9.999964265486391835e-01 3.167792999999999859e-01
9.999892218864292470e-01 4.641772332063252501e-03 1.003024983977642107e-04 -1.524500000000000030e-03 -4.641802490942890935e-03 9.999891810025897110e-01 3.025680171733894676e-04 -6.186399999999999885e-03 -9.889696137461112763e-05 -3.030303404478480039e-04 9.999999491960006592e-01 3.489797000000000038e-01
9.999997449365615187e-01 6.962444505119412801e-04 1.592811257355229270e-04 -1.459500000000000077e-03 -6.965547355257510360e-04 9.999978437632219830e-01 1.956343632150472304e-03 -6.650999999999999794e-03 -1.579186888905224548e-04 -1.956454081181149742e-03 9.999980736727026587e-01 3.811722000000000166e-01
9.999987059826481728e-01 -1.605978313021042990e-03 9.416308867239571955e-05 -1.675499999999999906e-03 1.606020729385364059e-03 9.999986081394381943e-01 -4.521245437779362907e-04 -7.164499999999999862e-03 -9.343685539841432364e-05 4.522751865932822502e-04 9.999998933583491567e-01 4.132761999999999825e-01
9.999957618292175665e-01 -2.908360705443733835e-03 -1.332726901363985843e-04 -1.791899999999999916e-03 2.908028883360406092e-03 9.999928294186281041e-01 -2.425794579124777427e-03 -7.721699999999999744e-03 1.403268201271342525e-04 2.425396737360788115e-03 9.999970488751703801e-01 4.456030000000000268e-01
9.999997859677554057e-01 -5.308394549539331058e-04 3.824577316222183758e-04 -1.913399999999999997e-03 5.323583422047287747e-04 9.999919289464203054e-01 -3.982290372762998729e-03 -8.403300000000000700e-03 -3.803406879344287225e-04 3.982493124988420799e-03 9.999919975127153915e-01 4.781374999999999931e-01
9.999963457449038140e-01 2.394206265671212745e-03 1.255497190789967759e-03 -2.161000000000000160e-03 -2.391787264594626844e-03 9.999952874261528457e-01 -1.924702357982992999e-03 -8.968900000000000136e-03 -1.260099408611776344e-03 1.921692442437927025e-03 9.999973596203327597e-01 5.107534999999999714e-01
9.999936240792166586e-01 3.067985500361123698e-03 1.827365831975095219e-03 -2.346500000000000061e-03 -3.070802935406784229e-03 9.999940977325043612e-01 1.540996264254063932e-03 -9.454600000000000504e-03 -1.822627292178300492e-03 -1.546597919344846811e-03 9.999971430282337259e-01 5.436857000000000495e-01
9.999968519842404868e-01 9.733523092361535305e-04 2.312705534907838478e-03 -2.468600000000000048e-03 -9.814431199265708731e-04 9.999933938443728021e-01 3.499862428083084891e-03 -9.885299999999999643e-03 -2.309283657638771213e-03 -3.502121199396656705e-03 9.999912011393367051e-01 5.764820999999999973e-01
9.999933167618921814e-01 -2.997034423775923190e-03 2.093852003565541305e-03 -2.499400000000000146e-03 2.993753870624784978e-03 9.999942891766568920e-01 1.568136420985377557e-03 -1.029960000000000077e-02 -2.098539804781512225e-03 -1.561857463216100722e-03 9.999965783601223457e-01 6.092108000000000523e-01
9.999901924938401354e-01 -4.090729006173693914e-03 1.697307376593444692e-03 -2.230300000000000164e-03 4.091650721274359311e-03 9.999914833993089891e-01 -5.399289068851466887e-04 -1.089219999999999945e-02 -1.695084218463601723e-03 5.468684004807293584e-04 9.999984138109644372e-01 6.422301999999999733e-01
9.999884494829757164e-01 -4.254001717410858460e-03 2.237044930796002872e-03 -2.272699999999999894e-03 4.260764451348188209e-03 9.999863413652685384e-01 -3.027039675145689820e-03 -1.146950000000000053e-02 -2.224137343839674343e-03 3.036536232789593427e-03 9.999929163053019598e-01 6.751097999999999821e-01
9.999947887072797581e-01 -1.202662009085978022e-03 2.996024428279208448e-03 -2.514900000000000035e-03 1.213730686191648962e-03 9.999924354826338346e-01 -3.695380268909843891e-03 -1.214939999999999944e-02 -2.991557471341847654e-03 3.698997377986732067e-03 9.999886839371200375e-01 7.080961999999999534e-01
9.999942552148392005e-01 -4.857266765002352430e-04 3.354639610247886049e-03 -2.638300000000000107e-03 5.054676367798293908e-04 9.999825476273040969e-01 -5.886335300900653704e-03 -1.282009999999999920e-02 -3.351721913744675190e-03 5.887997146925006732e-03 9.999770484615188026e-01 7.411497999999999697e-01
9.999951586181975438e-01 2.913897247423415235e-04 3.098036829076720663e-03 -2.484899999999999956e-03 -2.750076087892685270e-04 9.999859858292086123e-01 -5.287013902096745523e-03 -1.351600000000000024e-02 -3.099533994185121183e-03 5.286136321943544179e-03 9.999812246496454504e-01 7.744067000000000034e-01
9.999947480330022564e-01 5.492348929117527902e-04 3.194095716281617880e-03 -2.696299999999999999e-03 -5.363614331957606857e-04 9.999917362642758434e-01 -4.029853542246747411e-03 -1.415310000000000006e-02 -3.196282657297466832e-03 4.028119187832787662e-03 9.999867789290932674e-01 8.077126999999999502e-01
9.999951291104431927e-01 1.594738324850633864e-03 2.683014175013842886e-03 -2.723399999999999953e-03 -1.588055359745236747e-03 9.999956361624512402e-01 -2.491131515787659272e-03 -1.480839999999999934e-02 -2.686975169676311496e-03 2.486858606720271456e-03 9.999932978268942785e-01 8.412849000000000022e-01
9.999878308165000007e-01 4.192686853123321275e-03 2.599922280093014057e-03 -2.801699999999999850e-03 -4.186882762054089380e-03 9.999887399038672742e-01 -2.233848296660609790e-03 -1.541099999999999935e-02 -2.609258831103483493e-03 2.222935542773574451e-03 9.999941251457055147e-01 8.747876999999999459e-01
9.999745595676440280e-01 6.566325988819111253e-03 2.786320244504618491e-03 -2.899899999999999960e-03 -6.558778948387184241e-03 9.999748211391789043e-01 -2.709152334808202257e-03 -1.601280000000000064e-02 -2.804039265518700700e-03 2.690808554238364667e-03 9.999924484280477976e-01 9.083653999999999895e-01
9.999569030693488125e-01 8.800180358811790504e-03 2.957842052805071103e-03 -3.112699999999999929e-03 -8.793619588538272719e-03 9.999588625759665561e-01 -2.223827851074449032e-03 -1.664480000000000126e-02 -2.977290460978724868e-03 2.197721873104421797e-03 9.999931528565980665e-01 9.417237000000000524e-01
9.999482881893954067e-01 9.827713799466227668e-03 2.614763578913267134e-03 -3.249000000000000152e-03 -9.821618914522187854e-03 9.999490435962934409e-01 -2.333669375889309717e-03 -1.726580000000000129e-02 -2.637564974693562200e-03 2.307867486196871296e-03 9.999938584804760611e-01 9.754956000000000182e-01
9.999614674726153840e-01 8.543459384514600491e-03 2.018135713618197415e-03 -3.201799999999999872e-03 -8.539166585740616544e-03 9.999612801276530627e-01 -2.126235990257566242e-03 -1.796649999999999983e-02 -2.036222982485646517e-03 2.108920863959827096e-03 9.999957031151459619e-01 1.009311899999999929e+00
9.999749224454390628e-01 7.063164121410485212e-03 5.159387872537071762e-04 -3.347399999999999941e-03 -7.061938332015081470e-03 9.999723257807345833e-01 -2.340234958984368976e-03 -1.936770000000000158e-02 -5.324539726485500325e-04 2.336532743715819069e-03 9.999971285496297435e-01 1.076590900000000017e+00
9.999713899775546366e-01 7.357168787433034443e-03 -1.758207550477779591e-03 -3.679500000000000045e-03 -7.360320616742428018e-03 9.999713051086474014e-01 -1.792941640766577104e-03 -2.040959999999999996e-02 1.744966124626006268e-03 1.805831315948285259e-03 9.999968470282705191e-01 1.145260200000000061e+00
9.999675514734448489e-01 7.054408651236028505e-03 -3.889899585428948422e-03 -4.240500000000000345e-03 -7.055876208788067552e-03 9.999750408625960318e-01 -3.636794959019420135e-04 -2.155649999999999927e-02 3.887236953108540085e-03 3.911143449775643334e-04 9.999923681800974018e-01 1.213495999999999908e+00
9.999779920160634106e-01 3.616697309358899489e-03 -5.561922697604184014e-03 -4.546200000000000241e-03 -3.612862039750030629e-03 9.999932289751317649e-01 6.994510500582718946e-04 -2.275059999999999930e-02 5.564414740418057760e-03 -6.793411971685996706e-04 9.999842877686301312e-01 1.282446699999999939e+00
9.999837200426092698e-01 1.047915769693203634e-04 -5.705144035849768133e-03 -5.171600000000000155e-03 -1.012075704678588054e-04 9.999997973778878002e-01 6.284912178859045333e-04 -2.414730000000000001e-02 5.705208740447267543e-03 -6.279035823086194772e-04 9.999835280294967488e-01 1.350266500000000036e+00
9.999827080122425382e-01 -3.180468882285175571e-03 -4.946543661059976150e-03 -5.477799999999999683e-03 3.190300315862564049e-03 9.999929489509457037e-01 1.980917031547854614e-03 -2.533880000000000160e-02 4.940208537760746275e-03 -1.996663737359103980e-03 9.999858037359946605e-01 1.418435899999999972e+00
9.999702838028022844e-01 -6.358336185590236778e-03 -4.359251345595117379e-03 -5.768299999999999643e-03 6.360369535247987691e-03 9.999796701562627677e-01 4.527400434174300571e-04 -2.647750000000000103e-02 4.356284049295723083e-03 -4.804530391600325191e-04 9.999903959309603962e-01 1.486923199999999889e+00
9.999881932746679247e-01 -3.812271194754324102e-03 -3.013287175664851499e-03 -6.218099999999999843e-03 3.812106663098547860e-03 9.999927320743031700e-01 -6.034368372597022432e-05 -2.788960000000000050e-02 3.013495321804809078e-03 4.885599914448956191e-05 9.999954582192045471e-01 1.555135699999999899e+00
9.999934236978784696e-01 3.152087243030253939e-03 -1.793573808804893414e-03 -7.021699999999999643e-03 -3.147496892213638969e-03 9.999917789444732197e-01 2.556424608982086830e-03 -2.934439999999999965e-02 1.801617137132760591e-03 -2.550762529172337714e-03 9.999951238812172516e-01 1.623671700000000051e+00
9.999336994408920543e-01 1.151326620487247952e-02 -2.035282475621182053e-04 -7.877699999999999633e-03 -1.151273443401567599e-02 9.999307370366812275e-01 2.445010251768897028e-03 -3.034519999999999926e-02 2.316642044948305707e-04 -2.442504979558177049e-03 9.999969902460312809e-01 1.691140800000000111e+00
9.998948192355511244e-01 1.450095455199798371e-02 2.697832194995040240e-04 -7.901999999999999302e-03 -1.450146806543626925e-02 9.998928273246577847e-01 2.010295662169933953e-03 -3.101829999999999865e-02 -2.406031000769029145e-04 -2.013996470477581041e-03 9.999979429620668991e-01 1.724761500000000058e+00
9.998640747603401158e-01 1.646916917731358274e-02 7.736085947816830630e-04 -8.055899999999999520e-03 -1.647049990316424087e-02 9.998628267986551243e-01 1.746487658818563415e-03 -3.150689999999999741e-02 -7.447392756949757593e-04 -1.758991987350414432e-03 9.999981756536356903e-01 1.758596999999999966e+00
9.998605991330737908e-01 1.663795694946667084e-02 1.400246334897531754e-03 -8.301499999999999851e-03 -1.664086470128594078e-02 9.998593443170826767e-01 2.091220649971520587e-03 -3.212500000000000078e-02 -1.365255743146982651e-03 -2.114230441807482021e-03 9.999968330481825429e-01 1.791843999999999992e+00
9.998863766659283892e-01 1.499974321018984237e-02 1.497151131222875832e-03 -8.390299999999999842e-03 -1.500258870301098175e-02 9.998856347334471595e-01 1.907822292544355701e-03 -3.269890000000000296e-02 -1.468363064655842619e-03 -1.930066662062644755e-03 9.999970593719715861e-01 1.825100699999999909e+00
9.999005691414406538e-01 1.408780403527947096e-02 6.209734992257473626e-04 -8.340800000000000644e-03 -1.408829229360362111e-02 9.999004437582498239e-01 7.890451857252803614e-04 -3.393079999999999707e-02 -6.097957634864594910e-04 -7.977151864486957313e-04 9.999994958996770711e-01 1.892144400000000060e+00
9.999031232402874059e-01 1.391140965072077199e-02 4.656348874573159485e-04 -8.574200000000000571e-03 -1.391191308435045862e-02 9.999026240019379674e-01 1.095987396147615018e-03 -3.465970000000000162e-02 -4.503428161555810580e-04 -1.102359092523337971e-03 9.999992909976381794e-01 1.925368900000000050e+00
9.999052743176587432e-01 1.374405401007095309e-02 -7.371370943508838902e-04 -8.865700000000000663e-03 -1.374329105625091835e-02 9.999050257169651568e-01 1.030289715679780400e-03 -3.586600000000000205e-02 7.512274427821731592e-04 -1.020061431147430316e-03 9.999991975656810084e-01 1.991295000000000037e+00
9.999266892257541173e-01 1.172388682978147724e-02 -3.027647870009087840e-03 -9.198200000000000126e-03 -1.171646678295982548e-02 9.999283412595278975e-01 2.456980279300336866e-03 -3.698089999999999711e-02 3.056236271313652469e-03 -2.421326820474293661e-03 9.999923982692480173e-01 2.057363000000000053e+00
9.999601715049013517e-01 7.483136505761143510e-03 -4.863956406508405071e-03 -9.691899999999999821e-03 -7.467496246386716267e-03 9.999669148447863920e-01 3.225789145294102010e-03 -3.831009999999999971e-02 4.887934502268781282e-03 -3.189339090758748843e-03 9.999829679611876854e-01 2.122624399999999856e+00
9.999638678690108140e-01 6.013405152070431213e-03 -6.008486908074814510e-03 -1.055019999999999916e-02 -6.001279719467399708e-03 9.999799234462707354e-01 2.034046734778175228e-03 -4.021229999999999943e-02 6.020597825479039218e-03 -1.997914629709001029e-03 9.999798801670742865e-01 2.220013400000000026e+00
9.999656283379224631e-01 5.952319321500888598e-03 -5.771658118671135242e-03 -1.095499999999999946e-02 -5.944375286648322272e-03 9.999813624072366736e-01 1.392566198900318771e-03 -4.073419999999999819e-02 5.779839547549734009e-03 -1.358209432201897731e-03 9.999823742056371811e-01 2.252209699999999870e+00
9.999612703345786002e-01 6.726918926243464873e-03 -5.675067630928407394e-03 -1.130940000000000070e-02 -6.723750024979171201e-03 9.999772287047751229e-01 5.772846086381100287e-04 -4.134020000000000056e-02 5.678821749047638714e-03 -5.391045144731511406e-04 9.999837300425767905e-01 2.284708000000000183e+00
9.999442816396586498e-01 9.392513411170559309e-03 -4.818122867684080171e-03 -1.230350000000000020e-02 -9.382013572967489237e-03 9.999535739199719719e-01 2.197231437946894038e-03 -4.257419999999999954e-02 4.838536706874601440e-03 -2.151905317673044084e-03 9.999859788347235101e-01 2.349138500000000018e+00
9.999320625997546452e-01 1.068448808827630013e-02 -4.659602911391511407e-03 -1.281730000000000022e-02 -1.066791461739632733e-02 9.999367329493586976e-01 3.567309389288080348e-03 -4.317839999999999873e-02 4.697422986735193262e-03 -3.517358789552605530e-03 9.999827810539686501e-01 2.381301199999999785e+00
9.999411924499967963e-01 9.993078338915776376e-03 -4.213078089793050908e-03 -1.355510000000000048e-02 -9.993027780515979785e-03 9.999500679050811192e-01 3.305149858689468363e-05 -4.454369999999999857e-02 4.213198008192568615e-03 9.051851483546299802e-06 9.999911244009157540e-01 2.444647600000000143e+00
9.999678660395706631e-01 6.571450300388346523e-03 -4.591615098929282580e-03 -1.374180000000000020e-02 -6.571243669402304470e-03 9.999784073399785589e-01 6.008691320103588850e-05 -4.561389999999999889e-02 4.591910811909307409e-03 -2.991236071937367666e-05 9.999894566745921587e-01 2.508935000000000137e+00
9.999902881738216287e-01 2.731068080856183852e-03 -3.459020840459736245e-03 -1.409660000000000080e-02 -2.722514567739160469e-03 9.999932308426756622e-01 2.475112776317427241e-03 -4.666270000000000140e-02 3.465757127303399025e-03 -2.465671503824107009e-03 9.999909544548738483e-01 2.573171100000000155e+00
9.999886271914684155e-01 4.421380775724102936e-03 -1.787982035226696586e-03 -1.441289999999999932e-02 -4.423792310862251047e-03 9.999893077035074684e-01 -1.347048718567302444e-03 -4.783740000000000214e-02 1.782007102284415261e-03 1.354943060019539198e-03 9.999974942868564698e-01 2.636289600000000011e+00
9.999532197679957823e-01 9.638133825048788086e-03 8.152619141390315743e-04 -1.505510000000000008e-02 -9.635210306669758987e-03 9.999473954623560035e-01 -3.516963235052936870e-03 -4.898190000000000183e-02 -8.491159899801963484e-04 3.508943490699103357e-03 9.999934831375725253e-01 2.699691800000000086e+00
9.999430391204735535e-01 1.044527993634239774e-02 2.194229149961485735e-03 -1.535989999999999925e-02 -1.044201657243942413e-02 9.999443653604340732e-01 -1.493477090396147814e-03 -4.959829999999999794e-02 -2.209706861101304494e-03 1.470479843479898787e-03 9.999964774361047581e-01 2.731747899999999785e+00
9.999355772526177244e-01 1.078827688322985152e-02 3.529082935412918790e-03 -1.555100000000000059e-02 -1.079137342105554280e-02 9.999414019812907783e-01 8.595716247081169967e-04 -5.032360000000000305e-02 -3.519602841456724324e-03 -8.975999005323971429e-04 9.999934033333705008e-01 2.763700500000000115e+00
9.999408860063290216e-01 1.007873288101350517e-02 4.079661308356574700e-03 -1.542400000000000021e-02 -1.008416463380348849e-02 9.999482914263353450e-01 1.313048815178567263e-03 -5.083529999999999993e-02 -4.066216486621369169e-03 -1.354111171902842945e-03 9.999908160910369048e-01 2.795745399999999936e+00
9.999318652152172637e-01 1.046937063633393040e-02 5.163061659089672635e-03 -1.546050000000000028e-02 -1.047267187647290231e-02 9.999449723116102806e-01 6.127744289111061336e-04 -5.127380000000000132e-02 -5.156362185128820531e-03 -6.668037282909158479e-04 9.999864835595547730e-01 2.827793799999999802e+00
9.998992939962805249e-01 1.262443965080304632e-02 6.482699225090566598e-03 -1.554930000000000027e-02 -1.262532509203997087e-02 9.999202928293762227e-01 9.567828846981428037e-05 -5.181129999999999763e-02 -6.480974622698650912e-03 -1.775148382824237906e-04 9.999789825073435168e-01 2.859677099999999861e+00
9.998647920933476652e-01 1.463829095695461796e-02 7.491192827994192990e-03 -1.544549999999999916e-02 -1.463751926036059581e-02 9.998928533190502010e-01 -1.578334276170213735e-04 -5.250579999999999831e-02 -7.492700583182510671e-03 4.815960798683336145e-05 9.999719281652975633e-01 2.891668099999999964e+00
9.998416793738006403e-01 1.550325266632386449e-02 8.733003134214342364e-03 -1.542520000000000002e-02 -1.549191422500338124e-02 9.998790620511216476e-01 -1.364501892426712992e-03 -5.294600000000000001e-02 -8.753101200329708662e-03 1.228994928150719656e-03 9.999609356324092868e-01 2.923549400000000187e+00
9.998265719498325987e-01 1.537161964722879789e-02 1.051376870904125599e-02 -1.503110000000000036e-02 -1.534862837050155956e-02 9.998796397435050221e-01 -2.263986206423347983e-03 -5.407809999999999701e-02 -1.054730440399441818e-02 2.102221639021479432e-03 9.999421658446002725e-01 2.987636300000000134e+00
9.998308667063827704e-01 1.378045699973867375e-02 1.217936722665744972e-02 -1.474340000000000026e-02 -1.377317584175895976e-02 9.999049130672286179e-01 -6.815066029817896248e-04 -5.522889999999999744e-02 -1.218760060042219789e-02 5.136427710712961406e-04 9.999255965134147273e-01 3.051634599999999864e+00
9.998665773484888275e-01 1.056679022281548953e-02 1.245674298543907217e-02 -1.425320000000000059e-02 -1.056810563988700748e-02 9.999441552211656425e-01 3.977704759215888763e-05 -5.646840000000000193e-02 -1.245562702566446571e-02 -1.714159162320414201e-04 9.999224109759622392e-01 3.115524499999999808e+00
9.999056605978350332e-01 7.464100009381242733e-03 1.153070316403079568e-02 -1.371370000000000054e-02 -7.468347514003455430e-03 9.999720585763569591e-01 3.253490016774773894e-04 -5.758719999999999811e-02 -1.152795254228231384e-02 -4.114336067569653661e-04 9.999334663029185721e-01 3.179627200000000098e+00
9.999463822424711212e-01 4.511468323382535409e-03 9.320906273580646315e-03 -1.338740000000000069e-02 -4.524807684242649133e-03 9.999887681964639841e-01 1.410530516969941582e-03 -5.887740000000000334e-02 -9.314438019246128533e-03 -1.452630195817499045e-03 9.999555645676960758e-01 3.243239599999999889e+00
9.999594256325023967e-01 3.154193006748846288e-03 8.437899927827915633e-03 -1.331569999999999976e-02 -3.166940884726608414e-03 9.999938634414572425e-01 1.497853417628308616e-03 -5.942030000000000228e-02 -8.433123629386014494e-03 -1.524514973435954057e-03 9.999632784657380702e-01 3.274965799999999927e+00
9.999745674060789291e-01 2.593583386048385099e-03 6.643633512234787056e-03 -1.292339999999999982e-02 -2.603182115038913183e-03 9.999955798573700871e-01 1.436561379824210106e-03 -5.984779999999999961e-02 -6.639878304699331837e-03 -1.453819432279917015e-03 9.999768989457491486e-01 3.307147699999999801e+00
9.999864613734686936e-01 2.212832300714132928e-03 4.709611765012879266e-03 -1.300319999999999948e-02 -2.216352599914299219e-03 9.999972683202915658e-01 7.423833966787751109e-04 -6.103630000000000166e-02 -4.707956129902300842e-03 -7.528115061071976406e-04 9.999886341473663842e-01 3.370941900000000047e+00
9.999801388699764981e-01 -5.662858630077059752e-03 2.766567858967108971e-03 -1.286220000000000072e-02 5.669077912718154325e-03 9.999814097668767721e-01 -2.245367735875341414e-03 -6.212220000000000242e-02 -2.753801227764861390e-03 2.261007029078094741e-03 9.999936521928588506e-01 3.434465400000000113e+00
9.998041845024776553e-01 -1.978866383333824017e-02 3.788174849423723119e-05 -1.230080000000000062e-02 1.978858696254194235e-02 9.998031098309094755e-01 1.467446240394418202e-03 -6.332859999999999878e-02 -6.691309029503193719e-05 -1.466409265404396492e-03 9.999989225826719785e-01 3.498352500000000198e+00
9.997527743399606814e-01 -2.222082486685543479e-02 -7.906590846351031591e-04 -1.215690000000000000e-02 2.221669602779666186e-02 9.997411938770758288e-01 -4.895271478424629424e-03 -6.462489999999999901e-02 8.992314274206402325e-04 4.876495409157350150e-03 9.999877055121049185e-01 3.562520699999999874e+00
9.998169808539737469e-01 -1.910219882750045090e-02 1.053943072148879646e-03 -1.260900000000000042e-02 1.910902393121129833e-02 9.997936086949639201e-01 -6.898203903752212277e-03 -6.621920000000000583e-02 -9.219546849406705900e-04 6.917081223752459540e-03 9.999756516970316200e-01 3.626285600000000109e+00
9.997555386087999540e-01 -2.203588631052082539e-02 1.811832094371077775e-03 -1.271279999999999979e-02 2.204215173819301307e-02 9.997508665018769447e-01 -3.514039768799762618e-03 -6.692940000000000000e-02 -1.733945725467475130e-03 3.553117399697405115e-03 9.999921843639404395e-01 3.658386500000000208e+00
9.995186445258036345e-01 -3.094233654232085573e-02 2.247455139007445511e-03 -1.257119999999999939e-02 3.094101315477199715e-02 9.995210191664954946e-01 6.212482003467829179e-04 -6.831420000000000547e-02 -2.265601521963140578e-03 -5.514106201039221033e-04 9.999972814943407506e-01 3.722339199999999959e+00
9.995200325969034738e-01 -3.079525432409614683e-02 3.369977536898611636e-03 -1.250530000000000044e-02 3.079013813256414184e-02 9.995246544286588986e-01 1.559674019676225102e-03 -6.945369999999999322e-02 -3.416406191099542310e-03 -1.455163353122577389e-03 9.999931053104081924e-01 3.786136599999999852e+00
9.996375053796606736e-01 -2.654835257357723161e-02 4.476920142020417680e-03 -1.263410000000000054e-02 2.654643653918790230e-02 9.996474626897645654e-01 4.868726596296208461e-04 -7.003479999999999428e-02 -4.488267527661693630e-03 -3.678498944685576607e-04 9.999898600191180487e-01 3.817878200000000000e+00
9.997868763776343037e-01 -1.974427725211447271e-02 6.030368052172259928e-03 -1.271199999999999934e-02 1.976038291878132180e-02 9.998013039520999845e-01 -2.622953027354166158e-03 -7.103030000000000455e-02 -5.977381530081558002e-03 2.741556395955790319e-03 9.999783771555120770e-01 3.882383299999999871e+00
9.998486873909893102e-01 -1.640475202586067632e-02 5.786746364373150306e-03 -1.250030000000000065e-02 1.641359609650968471e-02 9.998641863387041084e-01 -1.484163205866480045e-03 -7.233499999999999652e-02 -5.761613115804269450e-03 1.578919950797369682e-03 9.999821552538288305e-01 3.946982600000000119e+00
9.998843161001266244e-01 -1.412153089527396974e-02 5.651263766255252077e-03 -1.255850000000000022e-02 1.414479218735829186e-02 9.998915616277286311e-01 -4.097540681736603144e-03 -7.289869999999999683e-02 -5.592787405079378132e-03 4.177002613820278432e-03 9.999756363923101299e-01 3.979392499999999888e+00
9.999339651939658236e-01 -1.021843396239832322e-02 5.258218218071210662e-03 -1.265720000000000039e-02 1.025510042760896523e-02 9.999229547059041989e-01 -6.994109481132776071e-03 -7.355130000000000001e-02 -5.186344251243439965e-03 7.047571182366410905e-03 9.999617160540382743e-01 4.011651500000000148e+00
9.999851865984242805e-01 -6.814964753160307519e-04 5.400198724918779669e-03 -1.283100000000000039e-02 7.192897094378112493e-04 9.999752435201847423e-01 -6.999640637996915396e-03 -7.515860000000000596e-02 -5.395294804584773937e-03 7.003421256881012247e-03 9.999609206787384297e-01 4.076414100000000040e+00
9.999749225463189228e-01 3.344876526753284320e-03 6.242281594448010479e-03 -1.294640000000000027e-02 -3.325874432093637277e-03 9.999898118866282770e-01 -3.051996429853940165e-03 -7.645119999999999694e-02 -6.252426548593380956e-03 3.031158848801932329e-03 9.999758593277578989e-01 4.141171899999999795e+00
9.999851589030885890e-01 -1.243776954727419557e-04 5.446696590932029874e-03 -1.281299999999999974e-02 1.344212251631686744e-04 9.999982914599406802e-01 -1.843639914327227427e-03 -7.718619999999999648e-02 -5.446457977348887619e-03 1.844344704317434167e-03 9.999834671073880576e-01 4.173862500000000253e+00
9.999919598283030231e-01 -2.384331031104659163e-03 3.224165672507303074e-03 -1.256730000000000000e-02 2.389657972659461112e-03 9.999957845799726242e-01 -1.649350496015244234e-03 -7.785019999999999440e-02 -3.220219483725938938e-03 1.657041888158549683e-03 9.999934421778262639e-01 4.206692199999999993e+00
9.999996741623197183e-01 -7.931976108136852641e-04 -1.500426758352565711e-04 -1.267889999999999989e-02 7.915804229916023095e-04 9.999446911775887736e-01 -1.048751573016472836e-02 -7.921519999999999950e-02 1.583530495720823262e-04 1.048739354209212750e-02 9.999449932376305306e-01 4.272090900000000246e+00
9.999911359876431094e-01 4.096569140703407684e-03 -9.726599707301625524e-04 -1.303170000000000023e-02 -4.106892006108502600e-03 9.999326004361046571e-01 -1.085946698230579391e-02 -8.021989999999999676e-02 9.281078565481152686e-04 1.086336533331472634e-02 9.999405611882347111e-01 4.305440899999999793e+00
9.999518491951023824e-01 9.772003557584726247e-03 -8.984641148877765609e-04 -1.353610000000000056e-02 -9.777656042112878310e-03 9.999309525398382137e-01 -6.518250922896092620e-03 -8.182180000000000009e-02 8.347057070148266060e-04 6.526721936949184122e-03 9.999783523492598025e-01 4.371851900000000235e+00
9.999500563109710027e-01 9.981031507514323553e-03 -5.137058807351932606e-04 -1.383850000000000011e-02 -9.983077457764579637e-03 9.999415665844325618e-01 -4.147478890009041741e-03 -8.285170000000000035e-02 4.722797456680540864e-04 4.152400115210994058e-03 9.999912672244317680e-01 4.438139900000000360e+00
9.999816075781928770e-01 6.062314955936889613e-03 -1.812255719033485451e-04 -1.409030000000000005e-02 -6.062816950299114091e-03 9.999773831490975651e-01 -2.911261051493647944e-03 -8.430169999999999331e-02 1.635724917385026310e-04 2.912306243821561821e-03 9.999957458491420814e-01 4.504938100000000389e+00
9.999998988346979756e-01 -2.804997273425484123e-04 3.516397257482426972e-04 -1.422430000000000049e-02 2.811000591144106886e-04 9.999985012603703760e-01 -1.708350013836227275e-03 -8.564289999999999403e-02 -3.511600070187637090e-04 1.708448686958176973e-03 9.999984789437099675e-01 4.572274700000000358e+00
9.999711177597345735e-01 -7.562818913655401133e-03 7.532704867029469363e-04 -1.383659999999999925e-02 7.563072638488478779e-03 9.999713435923840432e-01 -3.345538925953795741e-04 -8.682120000000000115e-02 -7.507187301702775845e-04 3.402412693368358446e-04 9.999996603285756791e-01 4.639754299999999887e+00
9.999981340260994944e-01 1.314265719628701038e-03 1.415856609019021904e-03 -1.426660000000000081e-02 -1.300502520607599820e-03 9.999523193146725442e-01 -9.678212148998527331e-03 -8.814529999999999588e-02 -1.428508842460301381e-03 9.676352764618405961e-03 9.999521626356241422e-01 4.706919199999999748e+00
9.998183977911224707e-01 1.858918972265208996e-02 4.196839745336852952e-03 -1.511990000000000035e-02 -1.856375832271524307e-02 9.998095586979900418e-01 -6.019403048996592800e-03 -8.978809999999999569e-02 -4.307936319006332691e-03 5.940400793355171682e-03 9.999730762991000388e-01 4.774920899999999691e+00
9.998320925091591649e-01 1.774988900286404020e-02 4.552826500340600817e-03 -1.517899999999999978e-02 -1.773336374591710091e-02 9.998361084928262255e-01 -3.644717297176594539e-03 -9.109970000000000567e-02 -4.616773658215262040e-03 3.563368393437810894e-03 9.999829937587346729e-01 4.843877299999999941e+00
9.998931770725374424e-01 1.430820290894061625e-02 2.984924338063384055e-03 -1.499140000000000021e-02 -1.429819383464861482e-02 9.998921703774561465e-01 -3.348024929294181329e-03 -9.192190000000000083e-02 -3.032506694831221556e-03 3.304988256702626193e-03 9.999899404272869496e-01 4.878364999999999618e+00
9.999125446364877101e-01 1.310613063868884022e-02 1.769863911634267199e-03 -1.533239999999999950e-02 -1.309803009972694034e-02 9.999040304550036451e-01 -4.513478408705065038e-03 -9.335090000000000054e-02 -1.828848296259352225e-03 4.489901950023121070e-03 9.999882479781392330e-01 4.947531699999999866e+00
9.998779631098084764e-01 1.553044487059440648e-02 1.692385742646535874e-03 -1.558269999999999968e-02 -1.552496871958567934e-02 9.998743526370907908e-01 -3.202231224375413909e-03 -9.484070000000000000e-02 -1.741905174334005537e-03 3.175566198319056815e-03 9.999934407513300094e-01 5.016889100000000212e+00
9.998947336890773308e-01 1.443826741669946602e-02 1.434564342616771043e-03 -1.573280000000000164e-02 -1.443292483177650680e-02 9.998891148563279208e-01 -3.667243192002298761e-03 -9.557930000000000592e-02 -1.487353908631733074e-03 3.646152195516885828e-03 9.999922466462015658e-01 5.051886099999999935e+00
9.998972682052018612e-01 1.430711211591551707e-02 8.715381099683117356e-04 -1.576670000000000155e-02 -1.430246031516875169e-02 9.998845631758748187e-01 -5.128347835609765523e-03 -9.614340000000000386e-02 -9.448093498302744626e-04 5.115355852001285744e-03 9.999864701433713865e-01 5.086762900000000087e+00
9.999144562584647566e-01 1.307669659523432067e-02 2.831457135489868788e-04 -1.569670000000000093e-02 -1.307505554975296573e-02 9.999011068748098197e-01 -5.178744336324501117e-03 -9.695660000000000389e-02 -3.508385808148933773e-04 5.174599181224189513e-03 9.999865501273523805e-01 5.122146599999999772e+00
9.998992565885399531e-01 1.419334844866661227e-02 1.597920524141984062e-04 -1.632779999999999995e-02 -1.419222221615718330e-02 9.998833897932795090e-01 -5.638053216141362262e-03 -9.836709999999999898e-02 -2.397962728987538801e-04 5.635217415110136893e-03 9.999840932847042785e-01 5.192048999999999914e+00
9.998897501235703977e-01 1.482198655491083136e-02 -8.923633732580449904e-04 -1.665379999999999985e-02 -1.482706488826033078e-02 9.998721780086889943e-01 -5.982122613234680357e-03 -1.000332000000000027e-01 8.035823686515097689e-04 5.994694214594988545e-03 9.999817087810407568e-01 5.263192700000000279e+00
9.998953204473254308e-01 1.443709800367531243e-02 -9.583051564171005251e-04 -1.700689999999999841e-02 -1.444280641739198803e-02 9.998761999122147692e-01 -6.244212672429558068e-03 -1.006979000000000068e-01 8.680382078469541787e-04 6.257399646903124245e-03 9.999800455305739577e-01 5.298717500000000413e+00
9.998891592029093278e-01 1.481239128166940942e-02 -1.504118684754793918e-03 -1.710470000000000046e-02 -1.482105669232665519e-02 9.998726167436745582e-01 -5.923391315771998900e-03 -1.016203999999999996e-01 1.416187495335172577e-03 5.945027390655817021e-03 9.999813253567800819e-01 5.334416400000000280e+00
9.998994032054515646e-01 1.408896499659148017e-02 -1.638454975463612571e-03 -1.720649999999999957e-02 -1.409898709451555716e-02 9.998809132721150350e-01 -6.275176254880471260e-03 -1.023347000000000007e-01 1.549849118619344877e-03 6.297645547818010725e-03 9.999789685929717509e-01 5.370213999999999821e+00
9.999331166053003761e-01 1.143762483529071720e-02 -1.715533193478929914e-03 -1.760739999999999875e-02 -1.144749346521555487e-02 9.999173191501410374e-01 -5.857453111969960526e-03 -1.041231999999999991e-01 1.648396000551513151e-03 5.876699900643249201e-03 9.999813734209768157e-01 5.441601300000000307e+00
9.999477500332230040e-01 1.014044552836538757e-02 -1.291730614823393417e-03 -1.794180000000000080e-02 -1.014682439027819738e-02 9.999358619508563750e-01 -5.031295995141649505e-03 -1.049469999999999986e-01 1.240628182765922969e-03 5.044140073801217650e-03 9.999865086553058058e-01 5.477351200000000198e+00
9.999441298307675252e-01 1.044660919198035429e-02 -1.614178855994346335e-03 -1.814349999999999991e-02 -1.045463298114553824e-02 9.999326219584822040e-01 -5.045016597064235983e-03 -1.057273999999999992e-01 1.561366779027785435e-03 5.061610378638524421e-03 9.999859710186720374e-01 5.513234599999999652e+00
9.999359735716850661e-01 1.118489927471857590e-02 -1.716620360076545051e-03 -1.833090000000000067e-02 -1.119425502787943852e-02 9.999219907268979135e-01 -5.540858699530040732e-03 -1.064823000000000019e-01 1.654512501320371627e-03 5.559720224234459759e-03 9.999831759081805327e-01 5.549457099999999699e+00
9.999336371445076699e-01 1.137450265517101454e-02 -1.828112771011639309e-03 -1.836449999999999888e-02 -1.138502233724365993e-02 9.999180709648449739e-01 -5.850865262808123586e-03 -1.074660000000000060e-01 1.761412313029296888e-03 5.871290087415150134e-03 9.999812125132016005e-01 5.585513599999999634e+00
9.999016963887059628e-01 1.401692385104256339e-02 -3.512901111201854063e-04 -1.893490000000000104e-02 -1.401795302840982971e-02 9.998968697031719310e-01 -3.122010680862081274e-03 -1.091527999999999943e-01 3.074928964909674290e-04 3.126628144214681649e-03 9.999950648101051387e-01 5.656688700000000125e+00
9.999090335015189401e-01 1.348711032880118427e-02 -1.502565702001907265e-04 -1.881450000000000136e-02 -1.348745414801509612e-02 9.999056908588037640e-01 -2.588043427686187187e-03 -1.099277000000000032e-01 1.153371723871636772e-04 2.589834581038667326e-03 9.999966397214440361e-01 5.692759999999999820e+00
9.999089878812124077e-01 1.348093838732343334e-02 5.293907502847444062e-04 -1.900659999999999850e-02 -1.347837883333310831e-02 9.998987069119679161e-01 -4.572660035416506626e-03 -1.104441000000000034e-01 -5.909808748644985099e-04 4.565108538854987554e-03 9.999894052066921057e-01 5.728825099999999892e+00
9.999124294646150046e-01 1.319618033110563429e-02 9.971092419212902215e-04 -1.904629999999999865e-02 -1.319033721217044430e-02 9.998970099850071902e-01 -5.655477634278516762e-03 -1.112646000000000052e-01 -1.071637252345989007e-03 5.641830173935912136e-03 9.999835105369927479e-01 5.764617900000000184e+00
9.998961475283146827e-01 1.435856573246663097e-02 1.235211779867975267e-03 -1.923880000000000035e-02 -1.435219880013772521e-02 9.998844124660383192e-01 -5.017578803239243317e-03 -1.121510000000000007e-01 -1.307114239848561864e-03 4.999329710253714622e-03 9.999866489882813791e-01 5.800581000000000209e+00
9.998969648436301094e-01 1.429797451906657420e-02 1.275782563085608350e-03 -1.944109999999999935e-02 -1.429283336868903721e-02 9.998900430042804155e-01 -3.951811634312994009e-03 -1.129322999999999994e-01 -1.332145183919338166e-03 3.933169911194446533e-03 9.999913777446576280e-01 5.836672300000000035e+00
9.998993215951297309e-01 1.417171084332192674e-02 7.136423281638968903e-04 -1.932520000000000071e-02 -1.416913279352939939e-02 9.998934992753562012e-01 -3.496538683095199752e-03 -1.136937999999999976e-01 -7.631182599081257501e-04 3.486074964243180557e-03 9.999936324456596415e-01 5.872460799999999814e+00
9.998912287180974356e-01 1.473677133092409115e-02 5.985844580878130032e-04 -1.960850000000000093e-02 -1.473437256743915201e-02 9.998841021930592321e-01 -3.831507095614827309e-03 -1.142851000000000006e-01 -6.549791273827406182e-04 3.822270571257874346e-03 9.999924805967407293e-01 5.908681900000000375e+00
9.998653656292267877e-01 1.638219827649221860e-02 9.349838300574288405e-04 -1.979900000000000063e-02 -1.637864151489500791e-02 9.998590418229629240e-01 -3.692774971910405685e-03 -1.150435000000000069e-01 -9.953478082214890256e-04 3.676964032500920805e-03 9.999927445828017403e-01 5.944686400000000148e+00
9.998492291050962155e-01 1.731976339887761687e-02 1.242921458456144271e-03 -1.997490000000000029e-02 -1.731486610933270429e-02 9.998426806293841951e-01 -3.848298775189584395e-03 -1.155817999999999984e-01 -1.309377547109049061e-03 3.826197545101806506e-03 9.999918228379595098e-01 5.980574599999999741e+00
9.998517120992084228e-01 1.716285348005293365e-02 1.410770251947676256e-03 -2.026499999999999829e-02 -1.715823103747653872e-02 9.998475829837080164e-01 -3.225819167556409281e-03 -1.164463000000000026e-01 -1.465919488281117785e-03 3.201134495680001829e-03 9.999938018897889247e-01 6.016260599999999847e+00
9.998748626758902081e-01 1.576800893903349335e-02 1.276276995142059051e-03 -2.028980000000000020e-02 -1.576417096012181288e-02 9.998713464606745482e-01 -2.963349601000792206e-03 -1.172551000000000010e-01 -1.322838920587536332e-03 2.942859326617430944e-03 9.999947948245400120e-01 6.052526000000000295e+00
9.999052213715274862e-01 1.373241250716901105e-02 9.844392767930387235e-04 -2.021229999999999902e-02 -1.373012004854715085e-02 9.999030949393415968e-01 -2.298811470836652215e-03 -1.179604000000000069e-01 -1.015912107038947475e-03 2.285077123187455837e-03 9.999968731676773803e-01 6.088816200000000123e+00
9.999330120653254772e-01 1.155481236365037828e-02 6.765302702474320197e-04 -2.009019999999999903e-02 -1.155359288142702653e-02 9.999316715346078244e-01 -1.779537449828043610e-03 -1.185360000000000025e-01 -6.970462652991267364e-04 1.771601886975203172e-03 9.999981877749869463e-01 6.125336199999999565e+00
