1.000000000000000000e+00 0.000000000000000000e+00 0.000000000000000000e+00 0.000000000000000000e+00 0.000000000000000000e+00 1.000000000000000000e+00 0.000000000000000000e+00 0.000000000000000000e+00 0.000000000000000000e+00 0.000000000000000000e+00 1.000000000000000000e+00 0.000000000000000000e+00
9.999990853820514003e-01 -1.248500170315353661e-03 -5.200792107168475138e-04 7.980000000000000168e-05 1.247898854629691775e-03 9.999985544477864030e-01 -1.154924580314284788e-03 -5.180000000000000143e-04 5.215203824504169652e-04 1.154274517748164058e-03 9.999991978330924347e-01 3.399549999999999794e-02
9.999985443729745294e-01 -1.703452637443374391e-03 -9.747329888503058289e-05 -1.687000000000000077e-04 1.703345578245917067e-03 9.999979573422684842e-01 -1.088083237438262083e-03 -1.104900000000000023e-03 9.932659804101513768e-05 1.087915622882243026e-03 9.999994032867340898e-01 6.726029999999999509e-02
9.999973827261542381e-01 -2.277014494431003466e-03 -2.230377406066537079e-04 -1.927999999999999972e-04 2.276982710748260471e-03 9.999973974963954904e-01 -1.426540258300809194e-04 -1.670000000000000043e-03 2.233619854346338685e-04 1.421457993862243854e-04 9.999999649519970557e-01 1.009581999999999979e-01
9.999926053831245110e-01 -3.845577250921931433e-03 -2.673345952845260578e-05 -2.771000000000000134e-04 3.845606862759991165e-03 9.999918692683728016e-01 1.213550576969476841e-03 -2.343099999999999870e-03 2.206643967423070710e-05 -1.213644409603328953e-03 9.999992632898883071e-01 1.346414999999999973e-01
9.999950909535654242e-01 -3.127858533779395104e-03 -1.859294572796821256e-04 -4.398000000000000108e-04 3.128132024336865036e-03 9.999939983539755106e-01 1.489310601420109010e-03 -2.838900000000000104e-03 1.812699885227939914e-04 -1.489884902214795191e-03 9.999988736914504628e-01 1.684620000000000006e-01
9.999973846712909564e-01 -2.253642065252784224e-03 -3.895484818660961560e-04 -6.344000000000000247e-04 2.253555139845838870e-03 9.999974357788150581e-01 -2.234390883934556679e-04 -3.437799999999999970e-03 3.900510347062516358e-04 2.225606350432646208e-04 9.999998991634718726e-01 2.023199999999999998e-01
9.999998382571259059e-01 3.670944230933805810e-04 -4.344276770379778521e-04 -8.555000000000000321e-04 -3.681050354565271730e-04 9.999972212462412413e-01 -2.328518515867265912e-03 -4.022500000000000034e-03 4.335716837091928310e-04 2.328678054261448024e-03 9.999971946331223105e-01 2.361019000000000034e-01
9.999918787040515955e-01 3.995086647447420453e-03 -5.308564974312165660e-04 -9.439000000000000124e-04 -3.996885329836006098e-03 9.999861246207080168e-01 -3.431541012123646896e-03 -4.583300000000000221e-03 5.171398279182617356e-04 3.433634916110359526e-03 9.999939713406582609e-01 2.704614000000000185e-01
9.999797529323961598e-01 6.353741157067989247e-03 -3.517080791498437982e-04 -1.211499999999999903e-03 -6.354973633622136402e-03 9.999732484605270422e-01 -3.621694826601657737e-03 -5.122999999999999950e-03 3.286873589391623341e-04 3.623856593471391774e-03 9.999933797920914635e-01 3.047022999999999815e-01
9.999732762847721723e-01 7.310442360468993525e-03 6.441112454709196325e-05 -1.529299999999999930e-03 -7.310248243646127672e-03 9.999698384332471601e-01 -2.623450857500578617e-03 -5.810799999999999646e-03 -8.358776808594026641e-05 2.622909887836856642e-03 9.999965566724744459e-01 3.389280000000000070e-01
9.999892198152412481e-01 4.614741151958492993e-03 5.142153300779486388e-04 -1.674499999999999990e-03 -4.614833944238654756e-03 9.999893355022814179e-01 1.794139705733016990e-04 -6.521299999999999840e-03 -5.133818971964933513e-04 -1.817850548174422065e-04 9.999998516965997730e-01 3.734043000000000223e-01
9.999995825460978871e-01 6.821796723698851260e-04 6.078968042342477963e-04 -1.641499999999999947e-03 -6.834195749544218516e-04 9.999976820097349339e-01 2.041791576403086551e-03 -7.115400000000000023e-03 -6.065025264267352939e-04 -2.042206172624791167e-03 9.999977307717422548e-01 4.078454000000000246e-01
9.999983086538241084e-01 -1.785911776498648853e-03 4.395550222547341904e-04 -1.755899999999999909e-03 1.786086490243757362e-03 9.999983259797226021e-01 -3.974076014071498955e-04 -7.650299999999999635e-03 -4.388445515152908762e-04 3.981920125402909749e-04 9.999998244292749305e-01 4.422751999999999795e-01
9.999961632729656991e-01 -2.762136739259856994e-03 2.098570511496146071e-04 -1.802199999999999896e-03 2.762653399696008826e-03 9.999930515685897525e-01 -2.502910452460167107e-03 -8.216700000000000392e-03 -2.029422120564709981e-04 2.503480611771777969e-03 9.999968456946677353e-01 4.769980999999999804e-01
9.999996401254217515e-01 -3.480104050752230358e-04 7.737168636721670177e-04 -1.986900000000000211e-03 3.511880534605700088e-04 9.999914895516393010e-01 -4.110655816884573391e-03 -8.908400000000000346e-03 -7.722797279987941247e-04 4.110926057683327722e-03 9.999912518972203790e-01 5.116247000000000433e-01
9.999967028265669411e-01 2.247584759250738189e-03 1.242054243846219506e-03 -1.943599999999999972e-03 -2.245209581354920547e-03 9.999956547028446829e-01 -1.910395080808031552e-03 -9.612199999999999564e-03 -1.246342621619218882e-03 1.907600109815278363e-03 9.999974038425751832e-01 5.467397000000000507e-01
9.999935135894985061e-01 3.088676284762393622e-03 1.852797273689190229e-03 -2.139299999999999796e-03 -3.091312279533039650e-03 9.999942114920331582e-01 1.421538187094929144e-03 -1.009089999999999987e-02 -1.848395877471046200e-03 -1.427256541378344725e-03 9.999972731820048200e-01 5.818893000000000537e-01
9.999967994593824683e-01 7.564054070478638727e-04 2.414316021509881234e-03 -2.247600000000000205e-03 -7.647910644840970069e-04 9.999936722364235475e-01 3.474274275289542750e-03 -1.059650000000000002e-02 -2.411672784441502328e-03 -3.476109603053700089e-03 9.999910502081547081e-01 6.170276000000000094e-01
9.999918678409823736e-01 -3.497945412980471135e-03 2.007144686141393037e-03 -2.294200000000000145e-03 3.494437614076380001e-03 9.999923657804887789e-01 1.748509794812892022e-03 -1.111810000000000055e-02 -2.013245554974585263e-03 -1.741481733765050692e-03 9.999964570355769355e-01 6.519142999999999466e-01
9.999898245102163408e-01 -4.012700496596947712e-03 2.061337127038165035e-03 -2.230799999999999797e-03 4.014078636597441345e-03 9.999917225297170198e-01 -6.648644588380878953e-04 -1.162649999999999968e-02 -2.058652162437203236e-03 6.731320628410485596e-04 9.999976544194990602e-01 6.872074000000000238e-01
9.999886075098498583e-01 -3.980187188786323861e-03 2.634949800972558390e-03 -2.317300000000000002e-03 3.988579782490712759e-03 9.999869652929833652e-01 -3.187550069940878108e-03 -1.219579999999999970e-02 -2.622228409221905379e-03 3.198023463312140314e-03 9.999914482454828057e-01 7.223213000000000550e-01
9.999947382102807314e-01 -1.134942370308837959e-03 3.038989563672338159e-03 -2.333399999999999797e-03 1.146650449650159264e-03 9.999919172326710015e-01 -3.853655676504835759e-03 -1.288399999999999962e-02 -3.034591323118933631e-03 3.857120058128682763e-03 9.999879568676608432e-01 7.579641000000000295e-01
9.999943382605720466e-01 3.412854032847895515e-04 3.347681447526164485e-03 -2.277899999999999803e-03 -3.231112115550708284e-04 9.999852164861270376e-01 -5.427928549515512353e-03 -1.434419999999999966e-02 -3.349484429815065278e-03 5.426816144590020617e-03 9.999796651035396389e-01 8.282085999999999615e-01
9.999940193595135973e-01 6.869568997416384670e-04 3.389592220710710858e-03 -2.512799999999999929e-03 -6.730382011732130056e-04 9.999913449294396406e-01 -4.105738154126133133e-03 -1.508050000000000015e-02 -3.392383348704378857e-03 4.103432274131364049e-03 9.999858266889521952e-01 8.638797000000000281e-01
9.999936990822257954e-01 1.663027919352109713e-03 3.136261147658591514e-03 -2.585899999999999917e-03 -1.654964114399518158e-03 9.999953229513242059e-01 -2.571997133877002711e-03 -1.581279999999999838e-02 -3.140523782254675197e-03 2.566790528281786589e-03 9.999917743145475546e-01 8.995370000000000310e-01
9.999837778827554979e-01 4.815396159033169012e-03 3.042356186171321381e-03 -2.667600000000000006e-03 -4.807756869252649730e-03 9.999852842359133742e-01 -2.513321608111433389e-03 -1.646150000000000044e-02 -3.054414054793533079e-03 2.498653927860854974e-03 9.999922136113513771e-01 9.353008999999999906e-01
9.999712459303092826e-01 6.831016213760170673e-03 3.293103410519888832e-03 -2.803299999999999889e-03 -6.821271112662375367e-03 9.999723496554611124e-01 -2.961449804379820243e-03 -1.704920000000000047e-02 -3.313242066705940781e-03 2.938901499480570459e-03 9.999901925943993630e-01 9.712707000000000424e-01
9.999528350777296959e-01 9.131551631647602182e-03 3.307927570153723282e-03 -2.919999999999999853e-03 -9.123821284337150020e-03 9.999556285786996845e-01 -2.344516783722508380e-03 -1.782049999999999954e-02 -3.329189868767703370e-03 2.314225264799028674e-03 9.999917803943397798e-01 1.006981700000000091e+00
9.999442543826824181e-01 1.018450711918594473e-02 2.786385077577010518e-03 -2.944299999999999955e-03 -1.017759358917384380e-02 9.999451211331839007e-01 -2.484212284748117412e-03 -1.842569999999999972e-02 -2.811532641621026542e-03 2.455715105898239204e-03 9.999930323494877760e-01 1.043249400000000104e+00
9.999588152599618862e-01 8.920556362950282300e-03 1.670765713340404378e-03 -2.996200000000000079e-03 -8.915641687128642370e-03 9.999559731542412289e-01 -2.926275185494808199e-03 -1.998530000000000098e-02 -1.696796157521753435e-03 2.911258719168730979e-03 9.999943227116191435e-01 1.115043299999999959e+00
9.999716103724808347e-01 7.534477263124557227e-03 -1.005059146833259216e-04 -3.236199999999999841e-03 -7.534611361832367106e-03 9.999706228271105779e-01 -1.408230942242189336e-03 -2.134389999999999898e-02 8.989267808814161212e-05 1.408948236096982604e-03 9.999990033915905352e-01 1.187155500000000030e+00
9.999660695594267956e-01 8.125211787797294652e-03 -1.356710461005903928e-03 -3.335600000000000197e-03 -8.127841677732934242e-03 9.999650783302415080e-01 -1.944301842723089504e-03 -2.197440000000000157e-02 1.340865218159697234e-03 1.955262999534538616e-03 9.999971895095852714e-01 1.223956800000000067e+00
9.999605191996933096e-01 8.194367761940239345e-03 -3.436914148169852370e-03 -3.864799999999999833e-03 -8.196670736798953097e-03 9.999661912131675434e-01 -6.565207257988753828e-04 -2.330259999999999970e-02 3.431418178001523558e-03 6.846660594583970890e-04 9.999938782820996241e-01 1.296038900000000105e+00
9.999758473977742312e-01 4.868007588700542024e-03 -4.960556744913418789e-03 -4.161999999999999901e-03 -4.865533635068364227e-03 9.999880328271638641e-01 5.106710340723609031e-04 -2.471189999999999845e-02 4.962983331542682869e-03 -4.865229443469652922e-04 9.999875659686351392e-01 1.369514600000000026e+00
9.999853989780876917e-01 1.043978390171690840e-03 -5.302069384275799949e-03 -4.860999999999999870e-03 -1.040813917818676120e-03 9.999992786159924707e-01 5.995614089751462577e-04 -2.614309999999999898e-02 5.302691488602290573e-03 -5.940341871574813647e-04 9.999857641918514783e-01 1.441895699999999891e+00
9.999869643067582636e-01 -3.408767564583043016e-04 -5.094606912339255146e-03 -5.040499999999999842e-03 3.475208733164017049e-04 9.999990902943082238e-01 1.303318763228078318e-03 -2.683939999999999937e-02 5.094158006673709001e-03 -1.305072255807864477e-03 9.999861730747131583e-01 1.478552199999999983e+00
9.999885665216945441e-01 -1.598433572273745768e-03 -4.506865429706691760e-03 -5.350500000000000221e-03 1.606755947405191049e-03 9.999970097626096344e-01 1.843583782920510741e-03 -2.744649999999999868e-02 4.503905106897251355e-03 -1.850804137178660522e-03 9.999881446111418271e-01 1.514898700000000042e+00
9.999803416255280686e-01 -5.080817369722356522e-03 -3.674460143727525593e-03 -5.525399999999999756e-03 5.083532155735159125e-03 9.999868124128092894e-01 7.298638850896233118e-04 -2.887930000000000011e-02 3.670703381359104872e-03 -7.485287734476628362e-04 9.999929827960601925e-01 1.587790299999999988e+00
9.999919182172740673e-01 -3.354497754130099200e-03 -2.216042633636988897e-03 -5.989000000000000400e-03 3.355088433055447399e-03 9.999943371210321397e-01 2.628830039381025536e-04 -3.025610000000000105e-02 2.215148244009457722e-03 -2.703158983820556265e-04 9.999975100206860423e-01 1.659818800000000039e+00
9.999981267630658754e-01 3.126694441341469513e-04 -1.910159202208069765e-03 -6.178600000000000238e-03 -3.097301024838122123e-04 9.999987679322117629e-01 1.538896137481053118e-03 -3.106719999999999968e-02 1.910638014562332987e-03 -1.538301620958510470e-03 9.999969915407246335e-01 1.696454600000000035e+00
9.999931900589265066e-01 3.495521965794055972e-03 -1.183706871779810965e-03 -6.506399999999999857e-03 -3.492058278554790920e-03 9.999896521496166590e-01 2.915668476997222702e-03 -3.170989999999999920e-02 1.193886406164521409e-03 -2.911515048085723707e-03 9.999950488454300013e-01 1.732568600000000014e+00
9.999684777185182671e-01 7.934592080345232931e-03 -2.929468002163275919e-04 -6.953599999999999885e-03 -7.933665612222915928e-03 9.999639107235352986e-01 3.038782724535562477e-03 -3.221020000000000133e-02 3.170477293182549197e-04 -3.036362793216070433e-03 9.999953399800046716e-01 1.768833399999999889e+00
9.999307838506195090e-01 1.176392408285019051e-02 1.939021883401477594e-04 -7.238999999999999775e-03 -1.176444364006460491e-02 9.999264717622797782e-01 2.940907152280497656e-03 -3.285659999999999969e-02 -1.592913225798101300e-04 -2.942984745378143807e-03 9.999956567240995131e-01 1.804870999999999892e+00
9.998879079268681025e-01 1.494950964925348749e-02 8.268874638145456892e-04 -7.546800000000000209e-03 -1.495123578168908868e-02 9.998859717440482520e-01 2.122276622131933840e-03 -3.333339999999999914e-02 -7.950661804382319359e-04 -2.134401721182013593e-03 9.999974060961664968e-01 1.840899700000000028e+00
9.998564550079109825e-01 1.686976017437826977e-02 1.574982753024677280e-03 -7.731700000000000204e-03 -1.687261455426623466e-02 9.998559963679760632e-01 1.816976913708885340e-03 -3.387640000000000096e-02 -1.544103985011215617e-03 -1.843290172693583641e-03 9.999971090079324831e-01 1.877053099999999919e+00
9.998489502794027928e-01 1.725700961849169907e-02 2.066940783760460795e-03 -7.939500000000000376e-03 -1.726166417756594407e-02 9.998484620290117864e-01 2.255643597883962275e-03 -3.459990000000000288e-02 -2.027701900483363899e-03 -2.290981721232922871e-03 9.999953199029261164e-01 1.912789099999999909e+00
9.998858913159633932e-01 1.495801646591920879e-02 2.112366134633487155e-03 -8.279200000000000448e-03 -1.496072276933176591e-02 9.998872740152875416e-01 1.271234241331888493e-03 -3.604679999999999690e-02 -2.093112873367004422e-03 -1.302691706593084309e-03 9.999969609317904684e-01 1.984306899999999985e+00
9.999019080612668864e-01 1.397219377935385483e-02 9.757337905274811535e-04 -7.851300000000000293e-03 -1.397351554106694878e-02 9.999014391204468222e-01 1.361215737150777523e-03 -3.718819999999999765e-02 -9.566184512919002339e-04 -1.374716644145966169e-03 9.999985975166599816e-01 2.055735799999999891e+00
9.998986501250762826e-01 1.423150761965917381e-02 3.920062778021635706e-04 -7.993999999999999370e-03 -1.423176967662176905e-02 9.998984960578748415e-01 6.740275007551100152e-04 -3.778900000000000314e-02 -3.823740601067726901e-04 -6.795381312096835649e-04 9.999996960089569953e-01 2.091102100000000075e+00
9.998964862280805832e-01 1.438575108064911109e-02 -2.588331185993756885e-04 -8.151099999999999665e-03 -1.438550146976371250e-02 9.998960798877318812e-01 9.416860463716355449e-04 -3.838860000000000189e-02 2.723530816918550757e-04 -9.378651246889768830e-04 9.999995231162897014e-01 2.126185200000000108e+00
9.999480087129891670e-01 9.611673840584993370e-03 -3.405230815942161034e-03 -8.881099999999999411e-03 -9.600047929059647364e-03 9.999480898638425375e-01 3.414184736126917030e-03 -4.029259999999999786e-02 3.437870080062013865e-03 -3.381316849225837751e-03 9.999883738052546267e-01 2.232174899999999962e+00
9.999704274645830893e-01 5.748977504266825078e-03 -5.108175207882147649e-03 -9.345900000000000735e-03 -5.733324600103983579e-03 9.999788405692081605e-01 3.073662781139888025e-03 -4.150000000000000216e-02 5.125737539986839099e-03 -3.044285058557441321e-03 9.999822294136798684e-01 2.302749200000000052e+00
9.999756585515645613e-01 4.541064714604348823e-03 -5.297266806801424407e-03 -9.573500000000000412e-03 -4.527272152896904059e-03 9.999863384357043916e-01 2.612804777695377535e-03 -4.203300000000000092e-02 5.309059353432494729e-03 -2.588759009741712150e-03 9.999825559556382304e-01 2.337170099999999806e+00
9.999675274079353748e-01 5.776827128743632946e-03 -5.618932103570169895e-03 -9.871200000000000113e-03 -5.765873782533434237e-03 9.999814492873516647e-01 1.963614191091756812e-03 -4.269719999999999765e-02 5.630171328104812203e-03 -1.931152374147346567e-03 9.999822857537646881e-01 2.372199800000000192e+00
9.999701094416604263e-01 5.433734533289507132e-03 -5.500432006257552180e-03 -1.028309999999999988e-02 -5.426181670170896615e-03 9.999843160838320921e-01 1.387133314766118364e-03 -4.332860000000000184e-02 5.507883052137800030e-03 -1.357245509246472444e-03 9.999839104250186628e-01 2.406904700000000119e+00
9.999562549048164328e-01 8.065008413784251901e-03 -4.737501031083734410e-03 -1.117360000000000055e-02 -8.060013401414913015e-03 9.999669424131898410e-01 1.072503979136610157e-03 -4.467530000000000112e-02 4.745994174347690706e-03 -1.034272740548206233e-03 9.999882028400111089e-01 2.475736100000000217e+00
9.999559335114019953e-01 8.327561086350729336e-03 -4.333908362398601610e-03 -1.159420000000000069e-02 -8.316242012600106454e-03 9.999619786218242323e-01 2.623247894150900449e-03 -4.529810000000000086e-02 4.355588838312957761e-03 -2.587090466025345273e-03 9.999871678220637605e-01 2.510293499999999955e+00
9.999442046922102367e-01 9.613839061835214791e-03 -4.377396595741896330e-03 -1.193209999999999930e-02 -9.597058533925792792e-03 9.999465799497903040e-01 3.838452059644421356e-03 -4.592279999999999973e-02 4.414065015343954408e-03 -3.796227760674774146e-03 9.999830521988007925e-01 2.544916600000000084e+00
9.999511794092682537e-01 9.099822141863053021e-03 -3.851238112565233060e-03 -1.271830000000000009e-02 -9.099555611146156742e-03 9.999585944261419890e-01 8.672354959039477618e-05 -4.724409999999999721e-02 3.851867818717902639e-03 -5.167476031842052110e-05 9.999925801944863357e-01 2.612931699999999857e+00
9.999553664558399335e-01 8.490376642467769089e-03 -4.144707545270165903e-03 -1.287809999999999996e-02 -8.494232555683487937e-03 9.999635060019798072e-01 -9.136068730689002370e-04 -4.795900000000000163e-02 4.136799421865711666e-03 9.487722053210071197e-04 9.999909933203626755e-01 2.647280199999999972e+00
9.999743882746976453e-01 5.929828090286107418e-03 -4.007484680436375173e-03 -1.318129999999999996e-02 -5.928895782984221728e-03 9.999823940567821312e-01 2.444816171498321667e-04 -4.859770000000000062e-02 4.008863858849578791e-03 -2.207153965315991314e-04 9.999919401151565745e-01 2.681560999999999861e+00
9.999876425375144873e-01 3.398419790536034383e-03 -3.628431505676423582e-03 -1.331390000000000004e-02 -3.389954845037971166e-03 9.999915243205612647e-01 2.336555839040064132e-03 -4.926819999999999811e-02 3.636341349859202338e-03 -2.324226746176381950e-03 9.999906874524480127e-01 2.715963599999999811e+00
9.999966986771265942e-01 1.749245005071462748e-03 -1.882226543327107128e-03 -1.378889999999999977e-02 -1.747151639866840675e-03 9.999978540710132702e-01 1.113245038521806307e-03 -5.027859999999999968e-02 1.884169842525663160e-03 -1.109952828148722112e-03 9.999976089515033584e-01 2.784427599999999892e+00
9.999815820688938706e-01 6.060636043354503469e-03 -3.228215330208922805e-04 -1.426859999999999934e-02 -6.061690568137602722e-03 9.999759410147982530e-01 -3.372432212067132378e-03 -5.157660000000000022e-02 3.023746820441826897e-04 3.374326943084894875e-03 9.999942612271497389e-01 2.852860000000000174e+00
9.999474150708770326e-01 9.947900519633959965e-03 2.491258381344244478e-03 -1.481599999999999931e-02 -9.945034463097020966e-03 9.999498738529029040e-01 -1.160203038831774227e-03 -5.302749999999999825e-02 -2.502675088573040173e-03 1.135366379178261121e-03 9.999962237731631065e-01 2.921380500000000158e+00
9.999390104433748538e-01 1.036804405652618812e-02 3.805135472789188730e-03 -1.504839999999999997e-02 -1.037243593159838280e-02 9.999455592355042111e-01 1.136282552693768750e-03 -5.380830000000000335e-02 -3.793147290738048839e-03 -1.175681775227237257e-03 9.999921148719094210e-01 2.955609100000000211e+00
9.999404335736893357e-01 9.977194476028633172e-03 4.425482442604667874e-03 -1.503290000000000008e-02 -9.983701600170492504e-03 9.999491092482984955e-01 1.450729434859976798e-03 -5.432279999999999748e-02 -4.410783016772824167e-03 -1.494825716235757091e-03 9.999891551858235417e-01 2.989854100000000070e+00
9.999005261720365079e-01 1.231573279470468338e-02 6.874626289039390513e-03 -1.511389999999999956e-02 -1.231885405713867981e-02 9.999240352154725731e-01 4.118654213060958329e-04 -5.551380000000000203e-02 -6.869031635058452274e-03 -4.965119694280778961e-04 9.999762846589216325e-01 3.058273799999999820e+00
9.998468398378542732e-01 1.508052073136791939e-02 8.881146363336426403e-03 -1.474699999999999969e-02 -1.507071883872592062e-02 9.998857462431680609e-01 -1.169569761548954834e-03 -5.656660000000000160e-02 -8.897769380035260023e-03 1.035545370247218646e-03 9.999598778680302003e-01 3.127073300000000167e+00
9.998160515692888772e-01 1.554839145078769878e-02 1.122989526621299104e-02 -1.483149999999999920e-02 -1.552496477973364965e-02 9.998771251390522474e-01 -2.170274695078989839e-03 -5.782400000000000040e-02 -1.126225967490852332e-02 1.995531747966563726e-03 9.999345875406339124e-01 3.195770000000000000e+00
9.998197252930838275e-01 1.493383668904808316e-02 1.172593009561135637e-02 -1.449109999999999981e-02 -1.492041184994199500e-02 9.998879260330426622e-01 -1.231537075696256334e-03 -5.844350000000000239e-02 -1.174300749767423317e-02 1.056359354360727814e-03 9.999304905241284125e-01 3.230201000000000100e+00
9.998291680667793502e-01 1.313603363202920683e-02 1.300304976957520307e-02 -1.412109999999999928e-02 -1.313604403490902135e-02 9.999137148714352108e-01 -8.461157853462632672e-05 -5.967030000000000250e-02 -1.300303926029538863e-02 -8.621151018616102332e-05 9.999154531947042068e-01 3.298653100000000116e+00
9.998865589215091276e-01 8.345129867509513619e-03 1.253906278785805496e-02 -1.321579999999999977e-02 -8.359594798017374109e-03 9.999644511734397945e-01 1.101618906150176333e-03 -6.101329999999999948e-02 -1.252942388605345590e-02 -1.206315421366767988e-03 9.999207760318753468e-01 3.366814600000000102e+00
9.999264059430343909e-01 5.437245193200185289e-03 1.084523224993841697e-02 -1.296910000000000077e-02 -5.443753641391149353e-03 9.999850198171097437e-01 5.706905172843739719e-04 -6.212089999999999973e-02 -1.084196680210391603e-02 -6.296872904062700803e-04 9.999410258859161571e-01 3.434619699999999831e+00
9.999572137112676673e-01 3.185887389124228593e-03 8.684518889494419538e-03 -1.241620000000000050e-02 -3.196843093899567369e-03 9.999941114133488185e-01 1.247931432419748530e-03 -6.303190000000000182e-02 -8.680491980939375116e-03 -1.275641082300883440e-03 9.999615101586650789e-01 3.502728700000000028e+00
9.999796006628788314e-01 1.784426953883496260e-03 6.133031758904410394e-03 -1.203880000000000054e-02 -1.790354338206263636e-03 9.999979354429087142e-01 9.611145945590751508e-04 -6.438439999999999441e-02 -6.131304058121898534e-03 -9.720752884743599385e-04 9.999807309044411729e-01 3.570514399999999977e+00
9.999911243662001903e-01 -2.287413209131286150e-04 4.207002047862598917e-03 -1.193450000000000066e-02 2.364574328643550129e-04 9.999982908039347640e-01 -1.833705835567173972e-03 -6.558200000000000141e-02 -4.206575412976259684e-03 1.834684337169973636e-03 9.999894692728907852e-01 3.638562199999999969e+00
9.999147880939004418e-01 -1.288685600192303327e-02 2.084584734632365360e-03 -1.156010000000000024e-02 1.288699480964199118e-02 9.999169578209241571e-01 -5.316882990038574765e-05 -6.677660000000000540e-02 -2.083726447118816518e-03 8.002833193851107470e-05 9.999978258374163653e-01 3.706599000000000199e+00
9.997368966105927290e-01 -2.293353414184996775e-02 -4.365400159270846478e-04 -1.126560000000000061e-02 2.293262795650622549e-02 9.997350548890031607e-01 -1.978535086914055396e-03 -6.798160000000000314e-02 4.817991587507019146e-04 1.968003517853244514e-03 9.999979474137555835e-01 3.774244799999999955e+00
9.998209795057524385e-01 -1.889100506264515880e-02 1.067177530098488208e-03 -1.175039999999999939e-02 1.889788333176384630e-02 9.997979397563371284e-01 -6.851982527898300979e-03 -6.962369999999999670e-02 -9.375210593230421090e-04 6.870923279057663396e-03 9.999759554447079646e-01 3.842162399999999867e+00
9.997524932283788912e-01 -2.212956622061018966e-02 2.287921005581909552e-03 -1.170990000000000052e-02 2.213762403678546167e-02 9.997485990683155910e-01 -3.558688374440137272e-03 -7.120379999999999765e-02 -2.208593590068797224e-03 3.608456710016810873e-03 9.999910505372164859e-01 3.910462100000000163e+00
9.996214077031514433e-01 -2.738687015084196458e-02 2.645865625951576011e-03 -1.150450000000000084e-02 2.738874041294411116e-02 9.996246313813518247e-01 -6.732267737140933041e-04 -7.197760000000000269e-02 -2.626434876792655380e-03 7.454388220402526685e-04 9.999962730734552885e-01 3.944555999999999951e+00
9.994448291453856825e-01 -3.321138732401696103e-02 2.652780911584547412e-03 -1.111250000000000085e-02 3.320938919014741753e-02 9.994481009071650712e-01 7.937648760739204109e-04 -7.327369999999999717e-02 -2.677678876949445095e-03 -7.052269672203023178e-04 9.999961663380297905e-01 4.012853599999999687e+00
9.996233346074975268e-01 -2.707088240267463419e-02 4.511788351378946856e-03 -1.114919999999999974e-02 2.706881749386179370e-02 9.996334381523404033e-01 5.181189199021971970e-04 -7.445989999999999553e-02 -4.524160438255890072e-03 -3.957949869814609547e-04 9.999896876061559192e-01 4.081124800000000441e+00
9.997725050302657124e-01 -2.027935184680336803e-02 6.609544173445885441e-03 -1.152929999999999927e-02 2.029630644841537088e-02 9.997908624138055478e-01 -2.508262029965607071e-03 -7.552119999999999667e-02 -6.557295941101955357e-03 2.641840746999610072e-03 9.999750109614781168e-01 4.149087899999999607e+00
9.998396434228858931e-01 -1.664103826479359713e-02 6.615382488275862831e-03 -1.141889999999999919e-02 1.665281409228103540e-02 9.998598373756987234e-01 -1.728984051163030659e-03 -7.679640000000000077e-02 -6.585683169150926934e-03 1.838871531925290442e-03 9.999766233911093760e-01 4.217753400000000319e+00
9.999275003900272019e-01 -1.039434019696292358e-02 6.078787347972910461e-03 -1.147070000000000034e-02 1.043834283592096068e-02 9.999192189034761258e-01 -7.252355913901633450e-03 -7.813979999999999537e-02 -6.002912842266856959e-03 7.315282587291291327e-03 9.999552248366304630e-01 4.286129500000000370e+00
9.999815528745126247e-01 -9.633982644481590843e-04 5.997147193649889074e-03 -1.161640000000000068e-02 1.007379297498678340e-03 9.999725913737566030e-01 -7.334963408558085700e-03 -7.977510000000000157e-02 -5.989916329066336323e-03 7.340869501494577502e-03 9.999551152613465055e-01 4.355010499999999674e+00
9.999762813741319700e-01 1.710800966879600206e-03 6.671570221059400750e-03 -1.164130000000000026e-02 -1.676367497871554752e-03 9.999852644107227739e-01 -5.163405216424699594e-03 -8.063599999999999934e-02 -6.680305470177438747e-03 5.152098744069814364e-03 9.999644140654988522e-01 4.389520199999999761e+00
9.999811529769866425e-01 -8.986316158816592525e-04 6.073397075395580748e-03 -1.138929999999999977e-02 9.097590474210701106e-04 9.999979123664314296e-01 -1.829645117104537408e-03 -8.211739999999999318e-02 -6.071740219419897132e-03 1.835135961678830644e-03 9.999798829210065909e-01 4.458806499999999673e+00
9.999879303682382981e-01 -2.611458924855029895e-03 4.161658339065532966e-03 -1.120580000000000014e-02 2.619323140776464928e-03 9.999947922787282284e-01 -1.885354530957609586e-03 -8.265480000000000049e-02 -4.156713140392490416e-03 1.896232503414200382e-03 9.999895629646148310e-01 4.493721500000000368e+00
9.999934034501016811e-01 -3.037824400500504455e-03 1.991150218819228920e-03 -1.115470000000000003e-02 3.050534289129952763e-03 9.999747928762242610e-01 -6.411540587347667325e-03 -8.328549999999999842e-02 -1.971622893208162947e-03 6.417572365317574662e-03 9.999774634801040785e-01 4.528627900000000039e+00
9.999990457849318171e-01 -1.150728542710127656e-03 7.643644725697707658e-04 -1.143210000000000059e-02 1.158837794380205731e-03 9.999421374322520206e-01 -1.069480632763035455e-02 -8.412050000000000083e-02 -7.520134255787313789e-04 1.069568189692450197e-02 9.999425167801234693e-01 4.563588600000000106e+00
9.999926044943907577e-01 3.845545282325741471e-03 5.232596429012645182e-05 -1.181360000000000049e-02 -3.844721039548863913e-03 9.999302383973005526e-01 -1.116854775007403155e-02 -8.513629999999999809e-02 -9.527147005772175351e-05 1.116826397428067816e-02 9.999376284564691630e-01 4.598957099999999798e+00
9.999562776082353555e-01 9.350642055372818465e-03 -9.146055902710880595e-05 -1.214800000000000081e-02 -9.351047009042870103e-03 9.999333507569340140e-01 -6.771407818532901302e-03 -8.692859999999999476e-02 2.813745252802518919e-05 6.771967008374396926e-03 9.999770695726583059e-01 4.670159299999999902e+00
9.999531154836526214e-01 9.682567861399348982e-03 1.213018806219269384e-04 -1.238999999999999997e-02 -9.681960811406245884e-03 9.999439877532563248e-01 -4.275627551825920622e-03 -8.814289999999999625e-02 -1.626941401516823174e-04 4.274252651041541076e-03 9.999908521056039001e-01 4.741029300000000113e+00
9.999848584493675752e-01 5.484673398505573831e-03 4.485863461701488654e-04 -1.255910000000000012e-02 -5.483271505478487691e-03 9.999802577895551270e-01 -3.068837684241273924e-03 -8.963369999999999671e-02 -4.654090624951895947e-04 3.066331496550393516e-03 9.999951904912132150e-01 4.812039900000000259e+00
9.999995028435965105e-01 -3.724461388194552441e-04 9.249845586013640637e-04 -1.259779999999999928e-02 3.743534038665990841e-04 9.999978027141074310e-01 -2.062626113979003015e-03 -9.104669999999999430e-02 -9.242143090138630257e-04 2.062971359649258540e-03 9.999974449852760960e-01 4.883860600000000218e+00
9.999670211932901731e-01 -7.972650199840480498e-03 1.547053524894182212e-03 -1.225749999999999930e-02 7.973218671564087992e-03 9.999681479946366247e-01 -3.616354406009858881e-04 -9.247560000000000502e-02 -1.544121055269232845e-03 3.739585103462861999e-04 9.999987379218031602e-01 4.955897799999999798e+00
9.999960523730263562e-01 1.930851401426891215e-03 2.041335648324523432e-03 -1.261609999999999988e-02 -1.910698598283666703e-03 9.999498722603233913e-01 -9.828641687912665140e-03 -9.399760000000000060e-02 -2.060210967359780640e-03 9.824702510939744768e-03 9.999496141063015653e-01 5.027566900000000061e+00
9.998139495906173124e-01 1.865097352656378341e-02 4.920100661763430680e-03 -1.364499999999999914e-02 -1.862071934095373485e-02 9.998078589507979341e-01 -6.124866647260695206e-03 -9.575440000000000340e-02 -5.033390034151891818e-03 6.032111299761620631e-03 9.999691388328098007e-01 5.100103400000000065e+00
9.998257113652087025e-01 1.787830753110307425e-02 5.377082189971962682e-03 -1.373830000000000016e-02 -1.785767061569704106e-02 9.998330812178394256e-01 -3.861774543215329598e-03 -9.704580000000000151e-02 -5.445226646860624152e-03 3.765079317180270932e-03 9.999780866021513726e-01 5.173258299999999643e+00
9.998904179788049573e-01 1.431355027098610462e-02 3.778136155653093360e-03 -1.348530000000000041e-02 -1.429921304044685752e-02 9.998905595938850643e-01 -3.794909939828923408e-03 -9.786380000000000079e-02 -3.832041309095466676e-03 3.740469712141965362e-03 9.999856620700808829e-01 5.209915200000000191e+00
9.999106371168595686e-01 1.316383505785599130e-02 2.330499329618166294e-03 -1.361399999999999937e-02 -1.315189219549771880e-02 9.999006675198355287e-01 -5.067822517148655101e-03 -9.942850000000000299e-02 -2.396979815057967336e-03 5.036719165972461734e-03 9.999844428528922302e-01 5.283555999999999919e+00
9.998739457694825195e-01 1.570804767461452672e-02 2.312965546212410097e-03 -1.388720000000000059e-02 -1.569971277819220967e-02 9.998703476858928907e-01 -3.578664160541014140e-03 -1.011601000000000028e-01 -2.368879492122106471e-03 3.541900160042587425e-03 9.999909216353956021e-01 5.357457199999999808e+00
9.998941840458526187e-01 1.442120146186078554e-02 1.910408248255158776e-03 -1.389630000000000032e-02 -1.441358042660418996e-02 9.998883379240864899e-01 -3.944665092710182390e-03 -1.020000999999999963e-01 -1.967081738105859717e-03 3.916711861275731961e-03 9.999903949326870434e-01 5.394716700000000031e+00
9.998997867306963494e-01 1.407054822108253812e-02 1.560823073306937805e-03 -1.397319999999999986e-02 -1.406225132591275469e-02 9.998875737567096689e-01 -5.205087373661592721e-03 -1.026510999999999951e-01 -1.633886028718418244e-03 5.182617068506741552e-03 9.999852353393855475e-01 5.431658299999999606e+00
9.999110325238266261e-01 1.331450703119648957e-02 8.068083112168111153e-04 -1.408120000000000031e-02 -1.331000541418207381e-02 9.998971092438132535e-01 -5.349269271616204600e-03 -1.043803999999999982e-01 -8.779481814282695746e-04 5.338054737639235346e-03 9.999853670822431706e-01 5.506250399999999878e+00
9.999076803023434490e-01 1.357912353809550936e-02 4.881355586620678881e-04 -1.428199999999999956e-02 -1.357614108627488818e-02 9.998917807733201935e-01 -5.667021719030490047e-03 -1.051308999999999994e-01 -5.650359210251800325e-04 5.659871544085153146e-03 9.999838231634111674e-01 5.544015899999999775e+00
9.999091526310901479e-01 1.347896934889197817e-02 -6.220825469936593901e-05 -1.440939999999999929e-02 -1.347910315368053280e-02 9.998922306621574885e-01 -5.817287995910907540e-03 -1.059733000000000064e-01 -1.620949603361170421e-05 5.817598022084390953e-03 9.999830775020673856e-01 5.581827200000000211e+00
9.998997937161520078e-01 1.413224543044284617e-02 -8.259331029556499140e-04 -1.444750000000000027e-02 -1.413692064068882218e-02 9.998823114678295765e-01 -5.959084539516486083e-03 -1.069272000000000000e-01 7.416206548478876306e-04 5.970163552530645922e-03 9.999819034092368719e-01 5.619546399999999942e+00
9.999053228397665194e-01 1.374289696396851362e-02 -6.914764926716866550e-04 -1.491010000000000078e-02 -1.374673278609613025e-02 9.998881757301700812e-01 -5.887560844700432880e-03 -1.078043999999999947e-01 6.104870267599756895e-04 5.896508969731579716e-03 9.999824290894114842e-01 5.656879400000000224e+00
9.998963704371507388e-01 1.436115261000548045e-02 -1.002837137457959424e-03 -1.514910000000000041e-02 -1.436678001565159547e-02 9.998796797808339187e-01 -5.849922508778418288e-03 -1.085744000000000015e-01 9.187048459685197418e-04 5.863723824411516856e-03 9.999823862070356117e-01 5.694835199999999986e+00
9.999052051167450772e-01 1.372032833890625587e-02 -1.154716723926476132e-03 -1.534459999999999991e-02 -1.372728687280607394e-02 9.998862368774821263e-01 -6.250991769276402141e-03 -1.093472000000000055e-01 1.068819700228066001e-03 6.266250334967572028e-03 9.999797956614863148e-01 5.732714200000000204e+00
9.999362083881486729e-01 1.121817775106505669e-02 -1.315918796282613320e-03 -1.563439999999999969e-02 -1.122615556292400063e-02 9.999176361220915021e-01 -6.220482560519785369e-03 -1.110546000000000033e-01 1.246027933046227332e-03 6.234858455026001493e-03 9.999797867729306455e-01 5.808492199999999883e+00
9.999528780387919591e-01 9.653984280815141109e-03 -1.020925777232837769e-03 -1.596629999999999924e-02 -9.658927805083044812e-03 9.999410821792815707e-01 -4.953512267409598997e-03 -1.121774999999999994e-01 9.730444969465308581e-04 4.963139896573330427e-03 9.999872101315966377e-01 5.846295399999999809e+00
9.999469389161594890e-01 1.024721929907051847e-02 -1.055390372928832147e-03 -1.628579999999999958e-02 -1.025244309247399892e-02 9.999345929653731258e-01 -5.069240752743764920e-03 -1.130160999999999943e-01 1.003375721301014503e-03 5.079792103073973476e-03 9.999865943848205152e-01 5.884160500000000127e+00
9.999411601691982066e-01 1.078841064312191685e-02 -1.134193666608942878e-03 -1.654009999999999855e-02 -1.079439333442916947e-02 9.999271139001567610e-01 -5.408138297466514796e-03 -1.138431000000000026e-01 1.075765782888254019e-03 5.420063016078934329e-03 9.999847327058959401e-01 5.922271699999999583e+00
9.999392417494810115e-01 1.098765108183433030e-02 -8.856258673513098256e-04 -1.684590000000000046e-02 -1.099271807242924691e-02 9.999219625659783173e-01 -5.935396160524067030e-03 -1.147583999999999965e-01 8.203406933368208136e-04 5.944770971714660387e-03 9.999819932074980322e-01 5.960699100000000250e+00
9.999243371212731546e-01 1.228541816785310922e-02 -6.233241720798096816e-04 -1.690530000000000158e-02 -1.228843784164495093e-02 9.999115032721378471e-01 -5.097050074855795712e-03 -1.156655000000000044e-01 5.606496183380927289e-04 5.104324097717913983e-03 9.999868156868424451e-01 5.998895599999999995e+00
9.999149908979856338e-01 1.303762337122025758e-02 1.770714864588744837e-04 -1.720210000000000142e-02 -1.303698783087158669e-02 9.999098590923801710e-01 -3.211018242563074606e-03 -1.164344999999999963e-01 -2.189195715590264353e-04 3.208436797971564534e-03 9.999948289903975995e-01 6.036817100000000380e+00
9.999166170696440759e-01 1.291130647655592233e-02 2.388997010698697100e-04 -1.700650000000000078e-02 -1.291052616021387371e-02 9.999120908587761924e-01 -3.021401776806654973e-03 -1.170960999999999946e-01 -2.778889439314714046e-04 3.018065522632392122e-03 9.999954070185701482e-01 6.075262099999999776e+00
9.999190057587979963e-01 1.268073739267350057e-02 1.086656116203342601e-03 -1.740819999999999868e-02 -1.267506888011325598e-02 9.999067963967036565e-01 -5.073573549821725967e-03 -1.176808000000000021e-01 -1.150891489765471908e-03 5.059389178460001191e-03 9.999865389243595137e-01 6.113542599999999716e+00
9.999069823142442415e-01 1.353493400994468417e-02 1.682938076106102682e-03 -1.751720000000000013e-02 -1.352635275644314787e-02 9.998959640135943738e-01 -5.009883275387374928e-03 -1.197311999999999960e-01 -1.750571429513188932e-03 4.986653253554531283e-03 9.999860342969790761e-01 6.189978100000000261e+00
9.999079845753295892e-01 1.350914693082026254e-02 1.235043199268317030e-03 -1.743279999999999830e-02 -1.350377148353044433e-02 9.998997374642021319e-01 -4.261827629104578477e-03 -1.204781999999999936e-01 -1.292493026340741681e-03 4.244757734090207069e-03 9.999901556983227247e-01 6.228568100000000385e+00
9.998980693142863752e-01 1.421908470386315168e-02 1.291747555439737597e-03 -1.813069999999999959e-02 -1.421373125598159037e-02 9.998907246597930065e-01 -4.063075571139465776e-03 -1.220002000000000031e-01 -1.349379614990384732e-03 4.044300866456801945e-03 9.999909113612764910e-01 6.304549699999999923e+00
9.998841491997494391e-01 1.513503663604049386e-02 1.618284622341408440e-03 -1.839719999999999897e-02 -1.512923932722211491e-02 9.998792922195816057e-01 -3.536538964605185752e-03 -1.229229000000000016e-01 -1.671614929590644781e-03 3.511645838385052659e-03 9.999924369949169112e-01 6.342902699999999783e+00
9.998715168415449606e-01 1.587178904297865956e-02 2.244130469281792242e-03 -1.889599999999999960e-02 -1.586354032544354947e-02 9.998675152852853909e-01 -3.646911785683372171e-03 -1.241701000000000055e-01 -2.301716170817506065e-03 3.610843364743532551e-03 9.999908319144051871e-01 6.419239000000000139e+00
9.998903781965210458e-01 1.467037193362342833e-02 2.002942172713837767e-03 -1.881149999999999836e-02 -1.466317872249147010e-02 9.998861523953059827e-01 -3.559977227889494795e-03 -1.249532000000000004e-01 -2.054940332553501989e-03 3.530217477716111451e-03 9.999916573575949874e-01 6.457570099999999869e+00
9.999155009101686753e-01 1.280814053942476612e-02 2.223190385192281605e-03 -1.898680000000000159e-02 -1.280128878531032639e-02 9.999133494735528149e-01 -3.069291451764072799e-03 -1.256397999999999959e-01 -2.262309660845661721e-03 3.040572397284400322e-03 9.999928184114600382e-01 6.495956900000000367e+00
