1.000000000000000000e+00 0.000000000000000000e+00 0.000000000000000000e+00 0.000000000000000000e+00 0.000000000000000000e+00 1.000000000000000000e+00 0.000000000000000000e+00 0.000000000000000000e+00 0.000000000000000000e+00 0.000000000000000000e+00 1.000000000000000000e+00 0.000000000000000000e+00
9.999985178485713000e-01 -1.629671421214676057e-03 -5.554023043212971992e-04 9.040000000000000184e-05 1.629127012644108162e-03 9.999981935030649582e-01 -9.792526657489489250e-04 -5.839999999999999922e-04 5.569971610722561665e-04 9.783463934513567280e-04 9.999993662960476870e-01 3.480470000000000091e-02
9.999980874140776965e-01 -1.955796633883758514e-03 5.264344196770042268e-06 -2.101999999999999865e-04 1.955801205164432819e-03 9.999974951155303771e-01 -1.088395291536044685e-03 -1.058399999999999922e-03 -3.135651162674892959e-06 1.088403505897256752e-03 9.999994076838125689e-01 6.933670000000000111e-02
9.999971975196353391e-01 -2.367202193363191452e-03 -3.614763054438622667e-05 -3.294999999999999860e-04 2.367194432883289526e-03 9.999971754549955572e-01 -2.132429311122328234e-04 -1.642699999999999976e-03 3.665231757802502196e-05 2.131567650333188570e-04 9.999999766104002985e-01 1.037853999999999999e-01
9.999945002596737353e-01 -3.315948133252218707e-03 -6.275653715466679569e-05 -4.629999999999999784e-04 3.316040961657387969e-03 9.999933131896275862e-01 1.541897652862266824e-03 -2.927900000000000207e-03 5.764326486992860598e-05 -1.542097276073382990e-03 9.999988093059136718e-01 1.729569999999999996e-01
9.999968345298557715e-01 -2.487035445851437654e-03 -3.815559714828331995e-04 -5.716999999999999643e-04 2.486960613050864279e-03 9.999968882074761201e-01 -1.964746130050544623e-04 -3.521600000000000164e-03 3.820434234865671989e-04 1.955250763977807297e-04 9.999999079063792706e-01 2.078861999999999932e-01
9.999998897291030309e-01 3.778506571959003974e-04 -2.788739191183528900e-04 -9.210000000000000521e-04 -3.785487173371227345e-04 9.999967849550864818e-01 -2.507345281192963245e-03 -4.086799999999999808e-03 2.779256204638619224e-04 2.507450572070131327e-03 9.999968177194256125e-01 2.426828000000000041e-01
9.999928513079520132e-01 3.738438270383598067e-03 -5.669323509913448472e-04 -9.135000000000000325e-04 -3.740337470980691342e-03 9.999872698499556734e-01 -3.386740857376467195e-03 -4.723899999999999627e-03 5.542640122243638326e-04 3.388837164924955649e-03 9.999941042696572913e-01 2.780498000000000136e-01
9.999808666804544943e-01 6.174299179141070314e-03 -3.798718911438506564e-04 -1.214299999999999971e-03 -6.175621991003579607e-03 9.999745021199462069e-01 -3.585638435492755939e-03 -5.300499999999999656e-03 3.577234007669747857e-04 3.587915775531506750e-03 9.999934994260494259e-01 3.131561999999999957e-01
9.999747621208108228e-01 7.102335445342829873e-03 -1.787530407465899140e-04 -1.387999999999999911e-03 -7.102763579059253457e-03 9.999715978078773659e-01 -2.520779066259900246e-03 -5.980599999999999979e-03 1.608445452562082061e-04 2.521985087729824299e-03 9.999968068550266764e-01 3.485738999999999921e-01
9.999905719889832234e-01 4.311708928982295637e-03 5.148779059216565491e-04 -1.632200000000000100e-03 -4.311870901992206385e-03 9.999906545773082911e-01 3.138906994247024997e-04 -6.709800000000000139e-03 -5.135196888385570911e-04 -3.161078271203525566e-04 9.999998181866689428e-01 3.837191999999999825e-01
9.999997748523745678e-01 6.057319739707378060e-04 2.887628369414644539e-04 -1.441400000000000016e-03 -6.062674495837952829e-04 9.999980902999534571e-01 1.857911791705067458e-03 -7.176000000000000087e-03 -2.876368889140082873e-04 -1.858086440909326306e-03 9.999982323883369606e-01 4.192171000000000092e-01
9.999977227182421657e-01 -2.120352936359504083e-03 2.422018889145026010e-04 -1.588400000000000012e-03 2.120444626921834299e-03 9.999976800555411272e-01 -3.789434257491911852e-04 -7.813399999999999859e-03 -2.413978332140710552e-04 3.794561384822195274e-04 9.999998988700574687e-01 4.546142000000000238e-01
9.999950882729614632e-01 -3.134175391134370447e-03 1.935380226209525652e-05 -1.710600000000000055e-03 3.134212759378467595e-03 9.999922194237469419e-01 -2.395371025086348235e-03 -8.438499999999999820e-03 -1.184613875889902399e-05 2.395419918611709463e-03 9.999971309074254799e-01 4.901954000000000033e-01
9.999996650701047374e-01 -6.710518052189708019e-04 4.685607251159948361e-04 -1.781100000000000088e-03 6.729452732392966286e-04 9.999915616147024844e-01 -4.052634210972046527e-03 -9.107000000000000511e-03 -4.658372437168960354e-04 4.052948169348886270e-03 9.999916782687738870e-01 5.261413000000000340e-01
9.999972213847927449e-01 2.009787083241653879e-03 1.232062731278866369e-03 -2.003200000000000119e-03 -2.007408424647126079e-03 9.999961249418231057e-01 -1.928837150821517471e-03 -9.784700000000000342e-03 -1.235934508955502907e-03 1.926358538218814762e-03 9.999973808009058329e-01 5.619849999999999568e-01
9.999946556308419998e-01 2.696686305030202273e-03 1.848402749951867825e-03 -2.172700000000000065e-03 -2.699704842209824703e-03 9.999950232455838695e-01 1.632506609224656981e-03 -1.033300000000000017e-02 -1.843991192689351574e-03 -1.637488026361083333e-03 9.999969591600991192e-01 5.982501999999999542e-01
9.999968346326889579e-01 5.229666692489720299e-04 2.461144137482252758e-03 -2.303100000000000199e-03 -5.318307695999642233e-04 9.999933701203062020e-01 3.602342496864039626e-03 -1.081990000000000035e-02 -2.459243915335633090e-03 -3.603640006307590269e-03 9.999904829037473686e-01 6.344071999999999489e-01
9.999887854454994063e-01 -4.217811971171030877e-03 2.153844333012274685e-03 -2.417599999999999784e-03 4.213359604888399640e-03 9.999889863746050933e-01 2.067542098683966285e-03 -1.143959999999999942e-02 -2.162541115192360888e-03 -2.058443991412486473e-03 9.999955431021977370e-01 6.702801999999999927e-01
9.999873915940252767e-01 -4.621982027348832574e-03 1.963144191459133270e-03 -2.245899999999999893e-03 4.622788884032012595e-03 9.999892321658238048e-01 -4.066636692829111348e-04 -1.192960000000000027e-02 -1.961243460477414546e-03 4.157337430483029530e-04 9.999979903427524963e-01 7.066301000000000387e-01
9.999865696812836324e-01 -4.524874687287183672e-03 2.527046917588732233e-03 -2.269399999999999976e-03 4.532285672361203652e-03 9.999854229131421857e-01 -2.934680188423439886e-03 -1.250390000000000008e-02 -2.513731020506440247e-03 2.946094073271150662e-03 9.999925008149151973e-01 7.428297000000000372e-01
9.999939294552463442e-01 -1.397738850910652635e-03 3.191767341190640279e-03 -2.415000000000000046e-03 1.409452144581073950e-03 9.999922702236591077e-01 -3.670550038409101275e-03 -1.323210000000000011e-02 -3.186612199150065054e-03 3.675026399494868250e-03 9.999881697718504547e-01 7.791301999999999950e-01
9.999927872711658061e-01 -6.417716510992155232e-04 3.743465612607203320e-03 -2.588099999999999862e-03 6.634205492220509367e-04 9.999830481582105968e-01 -5.784744539625457684e-03 -1.399509999999999990e-02 -3.739689668916012025e-03 5.787186307844427620e-03 9.999762613161466973e-01 8.153388000000000302e-01
9.999944730178621510e-01 1.389204746660136663e-04 3.321842083833927411e-03 -2.311199999999999800e-03 -1.214782611794795378e-04 9.999862092247138179e-01 -5.250390787251220555e-03 -1.473690000000000069e-02 -3.322525659836560608e-03 5.249958236834865836e-03 9.999806991946150747e-01 8.519670999999999772e-01
9.999939507401660599e-01 3.106911740531359827e-04 3.464383649185801602e-03 -2.552000000000000015e-03 -2.969067107934493196e-04 9.999920408150101414e-01 -3.978712484755283357e-03 -1.545410000000000013e-02 -3.465592226368570134e-03 3.977659817735451978e-03 9.999860838496178461e-01 8.887089999999999712e-01
9.999944377710010546e-01 1.384497428493476102e-03 3.034401741694726842e-03 -2.647599999999999953e-03 -1.377497019065518791e-03 9.999963880623560231e-01 -2.307891722844649871e-03 -1.625889999999999974e-02 -3.037586051780368727e-03 2.303699006468550720e-03 9.999927329945280663e-01 9.256741000000000552e-01
9.999866707869328186e-01 4.236688178107339380e-03 2.951054345147194509e-03 -2.693099999999999921e-03 -4.230077827747488230e-03 9.999885384210580597e-01 -2.242647562009546930e-03 -1.685009999999999980e-02 -2.960521919818482478e-03 2.230134479728473028e-03 9.999931308814898889e-01 9.624017999999999740e-01
9.999737488686287756e-01 6.484101974738048883e-03 3.233882372903027023e-03 -2.850500000000000169e-03 -6.475802590877312477e-03 9.999757285111005034e-01 -2.570285878616930357e-03 -1.753230000000000066e-02 -3.250469877504092147e-03 2.549276421855631650e-03 9.999914677812509201e-01 9.995359000000000327e-01
9.999566136662870752e-01 8.693054257474130964e-03 3.346878057011845944e-03 -3.164900000000000005e-03 -8.686347755930436815e-03 9.999602464906532928e-01 -2.013156977256852151e-03 -1.830980000000000107e-02 -3.364245489695830843e-03 1.983997487056523082e-03 9.999923727740409607e-01 1.036261799999999900e+00
9.999518201605692713e-01 9.449274861735166425e-03 2.658676767114762779e-03 -3.025200000000000024e-03 -9.443687346977376607e-03 9.999531888743482533e-01 -2.106378245825524329e-03 -1.895339999999999872e-02 -2.678456058470135050e-03 2.081169048714555294e-03 9.999942472877199062e-01 1.073824200000000006e+00
9.999658110284596058e-01 8.107368557510026205e-03 1.627067689910698285e-03 -3.190800000000000147e-03 -8.103281450827485091e-03 9.999640352336378601e-01 -2.503011983286917465e-03 -2.051599999999999951e-02 -1.647302013453746591e-03 2.489741820450561832e-03 9.999955437809430192e-01 1.147787300000000066e+00
9.999750270066318780e-01 7.064238862370530482e-03 -2.046762838083418079e-04 -3.471899999999999986e-03 -7.064470435005969391e-03 9.999743808071446249e-01 -1.153684029795043692e-03 -2.180870000000000031e-02 1.965211406089796304e-04 1.155101148407129642e-03 9.999993135601534799e-01 1.222343299999999910e+00
9.999714781580563150e-01 7.420671642820098578e-03 -1.405881489052501938e-03 -3.618300000000000075e-03 -7.422819269904152618e-03 9.999712821668267360e-01 -1.528592724968316774e-03 -2.249610000000000151e-02 1.394497930494844554e-03 1.538984730896359680e-03 9.999978434484345646e-01 1.260338900000000040e+00
9.999632127476956178e-01 7.805510722347923543e-03 -3.556283688070312893e-03 -4.294599999999999980e-03 -7.806345530261668032e-03 9.999695056167084983e-01 -2.209211119844856845e-04 -2.382319999999999924e-02 3.554450839284047439e-03 2.486745641765099237e-04 9.999936519999476081e-01 1.335231999999999974e+00
9.999721974252540058e-01 6.087731760497315167e-03 -4.306262709259781919e-03 -4.407300000000000280e-03 -6.084182171309331782e-03 9.999811409801190321e-01 8.369058523805464464e-04 -2.462160000000000043e-02 4.311276355703819001e-03 -8.106824974423776147e-04 9.999903777987432241e-01 1.372698799999999997e+00
9.999769900912357512e-01 4.355848930171888136e-03 -5.200564216517307957e-03 -4.444599999999999940e-03 -4.350099615230793026e-03 9.999899151831033173e-01 1.116317798562698957e-03 -2.533969999999999972e-02 5.205374281468025562e-03 -1.093669139794747197e-03 9.999858538831448707e-01 1.410647999999999902e+00
9.999832779749729950e-01 1.849699114758427809e-03 -5.479268528994891106e-03 -4.854299999999999761e-03 -1.846685224868903265e-03 9.999981408284481788e-01 5.550615528339634258e-04 -2.597539999999999918e-02 5.480285038957631062e-03 -5.449337868452014573e-04 9.999848346465359805e-01 1.448242699999999994e+00
9.999853638856273097e-01 -4.895152870857080079e-04 -5.388171240158156142e-03 -5.225600000000000384e-03 4.980808119545082147e-04 9.999986143486906398e-01 1.588463472500340097e-03 -2.734870000000000009e-02 5.387386196878856184e-03 -1.591123968273527606e-03 9.999842220727700459e-01 1.523395899999999914e+00
9.999858539711520278e-01 -3.123646623059644564e-03 -4.305193301125245092e-03 -5.832399999999999737e-03 3.131928358064309942e-03 9.999932556210761048e-01 1.918264090500616153e-03 -2.878759999999999999e-02 4.299172286121854050e-03 -1.931720511668196362e-03 9.999888927250737414e-01 1.598581599999999936e+00
9.999808931651730237e-01 -4.945171744814015093e-03 -3.709256124503271159e-03 -6.001900000000000117e-03 4.949179320550907597e-03 9.999871781099458623e-01 1.072026007378895683e-03 -2.945209999999999842e-02 3.703907212107664538e-03 -1.090363298061060868e-03 9.999925460618406259e-01 1.635596800000000073e+00
9.999848527283915489e-01 -4.416024355889146442e-03 -3.285276649740772204e-03 -6.124400000000000330e-03 4.417941554976306980e-03 9.999900746448642241e-01 5.765450336266926068e-04 -3.018610000000000043e-02 3.282698005292541705e-03 -5.910504607729568727e-04 9.999944372611074828e-01 1.672971800000000009e+00
9.999974298006568674e-01 1.239029713489007674e-03 -1.898735750294364101e-03 -6.597000000000000433e-03 -1.235767756961171941e-03 9.999977603761696088e-01 1.718173651248930357e-03 -3.167729999999999851e-02 1.900860366047361352e-03 -1.715822838780937378e-03 9.999967213355525075e-01 1.747617699999999941e+00
9.999635984468333572e-01 8.526272510260621620e-03 -3.232001563027870066e-04 -7.283500000000000044e-03 -8.525148900750784478e-03 9.999581102500476604e-01 3.331603423832860990e-03 -3.303600000000000286e-02 3.515927762167712152e-04 -3.328726818836470584e-03 9.999943979644512204e-01 1.822174900000000042e+00
9.999179474057190431e-01 1.280736434212834639e-02 2.643379306189942604e-04 -7.553299999999999771e-03 -1.280808316423113179e-02 9.999136944861442000e-01 2.925164051441966635e-03 -3.356110000000000343e-02 -2.268514750307471059e-04 -2.928309696341677062e-03 9.999956867610632072e-01 1.859536599999999984e+00
9.998752821272622882e-01 1.576480496465777065e-02 9.439890644742054927e-04 -7.835800000000000404e-03 -1.576699057447726593e-02 9.998729212601148442e-01 2.354429652483173291e-03 -3.416090000000000099e-02 -9.067519792590226320e-04 -2.369019879707379844e-03 9.999967827676535803e-01 1.896891799999999906e+00
9.998403239559220390e-01 1.780352663535443580e-02 1.536564694681419839e-03 -8.038999999999999271e-03 -1.780663510418441925e-02 9.998393812111758816e-01 2.033599154002400326e-03 -3.470519999999999855e-02 -1.500112656817294190e-03 -2.060635483766413544e-03 9.999967517164342068e-01 1.934050800000000070e+00
9.998292910039707770e-01 1.834641441897950573e-02 2.190417417809242123e-03 -8.385200000000000639e-03 -1.835159346959141027e-02 9.998287906673218872e-01 2.368199706004011848e-03 -3.534389999999999754e-02 -2.146594424671597300e-03 -2.407993082990150108e-03 9.999947968373076312e-01 1.970719899999999969e+00
9.998558875552733261e-01 1.683899142572602495e-02 2.156962869630617632e-03 -8.401000000000000481e-03 -1.684377543484111631e-02 9.998556705254935117e-01 2.219312307061149705e-03 -3.600980000000000153e-02 -2.119280575403502918e-03 -2.255323874736315983e-03 9.999952110705644381e-01 2.007754999999999956e+00
9.998678900481449139e-01 1.611062067986263752e-02 2.156467477221980702e-03 -8.548599999999999949e-03 -1.611310971412251852e-02 9.998695234097579876e-01 1.141863251039148359e-03 -3.669179999999999664e-02 -2.137789982992818836e-03 -1.176459796595443396e-03 9.999970228937362648e-01 2.044563500000000200e+00
9.998818920591049375e-01 1.532436852634495687e-02 1.168615237423604666e-03 -8.361099999999999782e-03 -1.532591800202667311e-02 9.998816684175277913e-01 1.328683550032304849e-03 -3.802679999999999949e-02 -1.148115716957671950e-03 -1.346436723258782409e-03 9.999984344679998527e-01 2.117727799999999938e+00
9.998866751413010290e-01 1.504274441500587887e-02 -5.938984248646259415e-04 -8.135999999999999135e-03 -1.504199982480985097e-02 9.998860951946506592e-01 1.238901797692715202e-03 -3.919330000000000036e-02 6.124672600781272229e-04 -1.229827979318781411e-03 9.999990562030528496e-01 2.190598200000000162e+00
9.999186426791976112e-01 1.249720344945561001e-02 -2.554981122040741667e-03 -8.746800000000000755e-03 -1.248905729706518281e-02 9.999169526614664072e-01 3.179815723799050108e-03 -4.061159999999999770e-02 2.594507741690647504e-03 -3.147647716885029583e-03 9.999916803871063964e-01 2.263536000000000215e+00
9.999532934769540526e-01 8.361625782921742328e-03 -4.847069099875592896e-03 -9.024499999999999536e-03 -8.344553086660974617e-03 9.999589463590889959e-01 3.531859312658580489e-03 -4.166399999999999965e-02 4.876402195931673830e-03 -3.491247726371572539e-03 9.999820157837523427e-01 2.336178299999999819e+00
9.999632985227711046e-01 6.721309556254396675e-03 -5.312777551192090532e-03 -9.412000000000000227e-03 -6.704550428854346225e-03 9.999725122346672102e-01 3.166035160150736192e-03 -4.239450000000000163e-02 5.333911417186857316e-03 -3.130299176974147158e-03 9.999808751251477723e-01 2.371919399999999900e+00
9.999681899723616985e-01 5.668072333643883916e-03 -5.611773286521779848e-03 -9.653600000000000028e-03 -5.653028074413442468e-03 9.999803951018795267e-01 2.693081038285296321e-03 -4.287860000000000282e-02 5.626927846403589027e-03 -2.661271859367085515e-03 9.999806274699035713e-01 2.407975200000000093e+00
9.999599640753891183e-01 7.276249221111028183e-03 -5.208305253992864814e-03 -1.086520000000000021e-02 -7.271603600948671649e-03 9.999731471654688120e-01 9.103455708452670107e-04 -4.498420000000000196e-02 5.214789297484496294e-03 -8.724363930788484219e-04 9.999860223159736661e-01 2.515482899999999855e+00
9.999509486531977798e-01 8.556406700383599115e-03 -4.988806665668872597e-03 -1.141099999999999927e-02 -8.550180930130239429e-03 9.999626426652395983e-01 1.267943221264138196e-03 -4.565179999999999932e-02 4.999469335022339173e-03 -1.225225827324557745e-03 9.999867519762650758e-01 2.551316499999999987e+00
9.999449953032157890e-01 9.431880007411262701e-03 -4.587592786792406112e-03 -1.184819999999999970e-02 -9.419444205253108687e-03 9.999519234986650185e-01 2.724841680534422633e-03 -4.634959999999999775e-02 4.613072611151660708e-03 -2.681479227152387679e-03 9.999857645137947282e-01 2.586990800000000146e+00
9.999302786520948283e-01 1.099641805807340458e-02 -4.303094774254354569e-03 -1.235280000000000059e-02 -1.097955644371206158e-02 9.999320286340670494e-01 3.922684292527198711e-03 -4.697729999999999961e-02 4.345937763415275677e-03 -3.875164725734348871e-03 9.999830478179643212e-01 2.622604599999999841e+00
9.999406581009626649e-01 1.005231203008177809e-02 -4.198964094088039785e-03 -1.277179999999999982e-02 -1.004177376494584661e-02 9.999463963856135562e-01 2.523318267477236629e-03 -4.756119999999999792e-02 4.224104197011804666e-03 -2.481003481499406173e-03 9.999880007107372348e-01 2.657931800000000067e+00
9.999437353378410887e-01 9.680709468535039774e-03 -4.337052315977684216e-03 -1.296280000000000002e-02 -9.679018126285170859e-03 9.999530728265964008e-01 4.107952759322698578e-04 -4.833300000000000096e-02 4.340825580088938235e-03 -3.687937546938579894e-04 9.999905105672002303e-01 2.693507900000000177e+00
9.999685801595954437e-01 6.520809120643985060e-03 -4.507520606144361369e-03 -1.336389999999999974e-02 -6.519088562471740331e-03 9.999786719895764620e-01 3.962956946068348454e-04 -4.959759999999999863e-02 4.510008638277752946e-03 -3.668983170307358612e-04 9.999897625514511112e-01 2.764579100000000178e+00
9.999843683154326923e-01 4.129991294659872414e-03 -3.769124127864112526e-03 -1.365949999999999977e-02 -4.120369594569260607e-03 9.999882421526359311e-01 2.556972992719687074e-03 -5.029089999999999949e-02 3.779640087278532835e-03 -2.541402838469809106e-03 9.999896277424198399e-01 2.799727199999999971e+00
9.999905604027454764e-01 2.794261163891550211e-03 -3.327342776301051713e-03 -1.374459999999999918e-02 -2.784119107542744071e-03 9.999914766051719583e-01 3.048835483074267827e-03 -5.081879999999999731e-02 3.335833658630289918e-03 -3.039542984694367823e-03 9.999898166442727776e-01 2.835372399999999793e+00
9.999946552635501362e-01 2.385578883775901163e-03 -2.235723087212264978e-03 -1.398940000000000079e-02 -2.382813704726035892e-03 9.999963939473757168e-01 1.238665044867152433e-03 -5.124669999999999920e-02 2.238669958252265720e-03 -1.233331112916756078e-03 9.999967336202573165e-01 2.870638800000000046e+00
9.999892126316058949e-01 4.395572839462440033e-03 -1.501186142338753905e-03 -1.429309999999999956e-02 -4.397202634762855354e-03 9.999897446130048273e-01 -1.084102304388282140e-03 -5.192209999999999881e-02 1.496405496449544365e-03 1.090691629437709172e-03 9.999982855797102665e-01 2.905731700000000028e+00
9.999786840910180885e-01 6.505274076753849929e-03 -5.592609248617302865e-04 -1.449250000000000017e-02 -6.507039456514497264e-03 9.999736607808439315e-01 -3.214993323328976197e-03 -5.259029999999999955e-02 5.383317816424762958e-04 3.218563925728481091e-03 9.999946755083993777e-01 2.940759400000000134e+00
9.999416446481573795e-01 1.049333980547128425e-02 2.568485558647254884e-03 -1.523090000000000034e-02 -1.049075107751102146e-02 9.999444510544709397e-01 -1.019287595524596881e-03 -5.402640000000000220e-02 -2.579038613082207040e-03 9.922827719963810307e-04 9.999961819600775570e-01 3.011522499999999880e+00
9.999375495092658328e-01 1.055191554118110192e-02 3.681597454403323991e-03 -1.538409999999999951e-02 -1.055655045107379425e-02 9.999435070089078836e-01 1.241786334290051084e-03 -5.477390000000000037e-02 -3.668286245431506484e-03 -1.280573753392041372e-03 9.999924518749547797e-01 3.047228300000000001e+00
9.999412056532905879e-01 9.936763463181659192e-03 4.341194365669378066e-03 -1.532640000000000044e-02 -9.944137889359815421e-03 9.999491438298329093e-01 1.680439115706325965e-03 -5.527970000000000106e-02 -4.324275463142937884e-03 -1.723509750763061116e-03 9.999891650192305192e-01 3.082693799999999928e+00
9.999312609364037208e-01 1.043122604029646065e-02 5.353776744491217134e-03 -1.530390000000000049e-02 -1.043601357443967211e-02 9.999451673946397889e-01 8.670783009575112671e-04 -5.576539999999999969e-02 -5.344438493211874953e-03 -9.228907855870685907e-04 9.999852925167400652e-01 3.118242500000000028e+00
9.998638596488331753e-01 1.460329270914866723e-02 7.681536967901141273e-03 -1.522349999999999919e-02 -1.460371211355843482e-02 9.998933601091067880e-01 -1.491439092494409487e-06 -5.708189999999999792e-02 -7.680739589558616999e-03 -1.106877184214322135e-04 9.999704965585666239e-01 3.189172999999999814e+00
9.998402524526469604e-01 1.551836410753755502e-02 8.868480752258328312e-03 -1.518049999999999955e-02 -1.550718950237548605e-02 9.998788751818890042e-01 -1.327418071974544294e-03 -5.747739999999999794e-02 -8.888005916104115348e-03 1.189680808569794704e-03 9.999597931969109732e-01 3.224375199999999886e+00
9.998245229184878902e-01 1.535398957447648219e-02 1.073211884788367182e-02 -1.478849999999999956e-02 -1.533184787050775183e-02 9.998801651696892501e-01 -2.142368108094462164e-03 -5.885540000000000216e-02 -1.076372666383903359e-02 1.977448958087367394e-03 9.999401141488045708e-01 3.295360099999999903e+00
9.998267637276839759e-01 1.473718715720832503e-02 1.136916217315262628e-02 -1.444849999999999954e-02 -1.472553462759641080e-02 9.998909595823420871e-01 -1.107960032946095352e-03 -5.949020000000000002e-02 -1.138425068932907847e-02 9.403511028125942361e-04 9.999347551595783035e-01 3.330600700000000192e+00
9.998289243482051392e-01 1.380356514498057643e-02 1.231193023044038423e-02 -1.424500000000000072e-02 -1.380045457792248437e-02 9.999047122090097828e-01 -3.375731921663491599e-04 -6.006140000000000090e-02 -1.231541676735516816e-02 1.676052077007275805e-04 9.999241483324325941e-01 3.366085299999999947e+00
9.998321422731252239e-01 1.323028242077179707e-02 1.267465599531876312e-02 -1.406559999999999928e-02 -1.323140792532766404e-02 9.999124610783992617e-01 4.944919513321494563e-06 -6.071769999999999945e-02 -1.267348104691956405e-02 -1.726476332576348631e-04 9.999196733092854394e-01 3.401177199999999790e+00
9.998633069558374720e-01 1.071332185759410818e-02 1.259333705228350003e-02 -1.372089999999999942e-02 -1.071794556664011286e-02 9.999425162530107825e-01 2.997205829349796485e-04 -6.139039999999999775e-02 -1.258940213701030889e-02 -4.346543142448266962e-04 9.999206558669841982e-01 3.436412300000000197e+00
9.998887067941740758e-01 8.629633984792248885e-03 1.216977578933248899e-02 -1.321370000000000010e-02 -8.643482848868688090e-03 9.999620548645137275e-01 1.085833956203126251e-03 -6.201199999999999768e-02 -1.215994365593103463e-02 -1.190902358570818630e-03 9.999253559750631570e-01 3.471848000000000045e+00
9.999282151763448923e-01 5.998142851756249443e-03 1.037240457074920831e-02 -1.277670000000000021e-02 -6.003641556159631902e-03 9.999818534428088768e-01 4.990722893594311997e-04 -6.312969999999999693e-02 -1.036922284043152558e-02 -5.613086626613984645e-04 9.999460806214857111e-01 3.542504099999999934e+00
9.999477610832988583e-01 4.391141488730689046e-03 9.230004383738284190e-03 -1.250979999999999974e-02 -4.405940955680623730e-03 9.999890397506128181e-01 1.583686503868301631e-03 -6.385509999999999797e-02 -9.222949029076114164e-03 -1.624270628136369448e-03 9.999561485165905372e-01 3.577624999999999833e+00
9.999603436486934616e-01 3.204633960025418237e-03 8.309118555485236687e-03 -1.234850000000000010e-02 -3.218100621489346311e-03 9.999935293095580935e-01 1.607845578356552861e-03 -6.437420000000000642e-02 -8.303912233208339891e-03 -1.634521396654886778e-03 9.999641860493939660e-01 3.613037100000000112e+00
9.999809076998174007e-01 2.411550957751868417e-03 5.689345992943703120e-03 -1.205990000000000013e-02 -2.418025038898361824e-03 9.999964366211095967e-01 1.131326652371043243e-03 -6.554619999999999891e-02 -5.686597467776235981e-03 -1.145062033808885455e-03 9.999831755795585142e-01 3.683163200000000082e+00
9.999927999168033432e-01 4.995523109883313363e-04 3.761723280729315465e-03 -1.190120000000000067e-02 -4.924455144216981564e-04 9.999980928312943718e-01 -1.889928884772771028e-03 -6.672809999999999853e-02 -3.762660224830387083e-03 1.888062833371474073e-03 9.999911387641241545e-01 3.753562500000000135e+00
9.999218110508061308e-01 -1.241169189957265148e-02 1.523708983420810200e-03 -1.150499999999999960e-02 1.241182411334630295e-02 9.999229673529255180e-01 -7.734532750681153215e-05 -6.800670000000000326e-02 -1.522631621709559903e-03 9.625128785907351614e-05 9.999988361636398260e-01 3.824006799999999817e+00
9.997445748932376475e-01 -2.257889675251133557e-02 -9.891374925055742597e-04 -1.124329999999999948e-02 2.257699962546760517e-02 9.997433226564351738e-01 -1.888886386915326378e-03 -6.931710000000000649e-02 1.031532574028962753e-03 1.866072161110452106e-03 9.999977268550355181e-01 3.894349300000000014e+00
9.998352720770287139e-01 -1.813090578970355873e-02 8.360418045214566569e-04 -1.204760000000000032e-02 1.813618924013453079e-02 9.998122855523819963e-01 -6.817059363697074506e-03 -7.099329999999999530e-02 -7.122854063099271112e-04 6.831099016046785627e-03 9.999764140897188236e-01 3.964448899999999831e+00
9.997574573041281276e-01 -2.193567451009852814e-02 1.962841962885008163e-03 -1.212489999999999922e-02 2.194161181576276265e-02 9.997545823996920600e-01 -3.056246348663509398e-03 -7.293270000000000308e-02 -1.895319421793733531e-03 3.098572994840168970e-03 9.999934032830841701e-01 4.035124800000000178e+00
9.995256111559449597e-01 -3.069232659924929496e-02 2.556116440945863360e-03 -1.193499999999999943e-02 3.068998547896652912e-02 9.995284998556590583e-01 9.501408298883428673e-04 -7.429710000000000480e-02 -2.584073264341219586e-03 -8.712429172231864454e-04 9.999962817436591767e-01 4.106183999999999834e+00
9.995280595565415593e-01 -3.055579476125381069e-02 3.162525200344739294e-03 -1.151869999999999977e-02 3.055097816623991366e-02 9.995319920850961326e-01 1.560298524351374930e-03 -7.547900000000000442e-02 -3.208721274996263056e-03 -1.462943918027949418e-03 9.999937819321038646e-01 4.177566500000000183e+00
9.997348090189435155e-01 -2.249491866923888916e-02 4.928515995806550566e-03 -1.165139999999999926e-02 2.250288169774236624e-02 9.997455512212276574e-01 -1.566246679526560976e-03 -7.677380000000000315e-02 -4.892029349258342728e-03 1.676737137432106469e-03 9.999866282113065719e-01 4.247982999999999620e+00
9.998304845448088285e-01 -1.727263628130492820e-02 6.376379128194776570e-03 -1.163870000000000009e-02 1.727989570750305612e-02 9.998501025901738171e-01 -1.085151950964503885e-03 -7.802789999999999726e-02 -6.356679890520433064e-03 1.195151167264289641e-03 9.999790818984449770e-01 4.319163800000000109e+00
9.998956026051705193e-01 -1.326135522571920099e-02 5.737625677949944984e-03 -1.169590000000000039e-02 1.328628898138485386e-02 9.999023598392233758e-01 -4.329585783343256090e-03 -7.914949999999999763e-02 -5.679649280203136023e-03 4.405365538691041923e-03 9.999741668355860424e-01 4.390252099999999658e+00
9.999786366964419360e-01 -4.103206873356809482e-03 5.088206371588772405e-03 -1.195369999999999940e-02 4.146673068394147142e-03 9.999547508834563114e-01 -8.561617140979829038e-03 -8.073510000000000408e-02 -5.052846048445748008e-03 8.582533364881395760e-03 9.999504032040046342e-01 4.461346599999999718e+00
9.999764463077835952e-01 3.202744019774404760e-03 6.070359165672917223e-03 -1.216749999999999950e-02 -3.169995232036044996e-03 9.999804124662350358e-01 -5.396833709447062914e-03 -8.239390000000000602e-02 -6.087524939196441512e-03 5.377463584474997775e-03 9.999670119186494510e-01 4.533120199999999933e+00
9.999858384028659231e-01 8.322254833742782345e-04 5.256462162157277129e-03 -1.193649999999999919e-02 -8.205677235654443421e-04 9.999972000998881283e-01 -2.219563244291308454e-03 -8.376079999999999637e-02 -5.258294621682141692e-03 2.215218528540419465e-03 9.999837214397754304e-01 4.605137799999999615e+00
9.999983919442697600e-01 -1.209895251500253460e-03 1.323730469150850289e-03 -1.182040000000000000e-02 1.218889644933584529e-03 9.999760336887640877e-01 -6.815156353392970434e-03 -8.514049999999999396e-02 -1.315453118904232445e-03 6.816758875603274800e-03 9.999759004003665464e-01 4.677370500000000320e+00
9.999996765187685321e-01 8.015828576496445649e-04 6.653781315490829313e-05 -1.218529999999999960e-02 -8.007922016216616808e-04 9.999376737890741662e-01 -1.113585511512051908e-02 -8.599590000000000012e-02 -7.545997667068177206e-05 1.113579822991850495e-02 9.999379922293053502e-01 4.713695000000000412e+00
9.999600012601274068e-01 8.895253338775617469e-03 -9.329243725479749059e-04 -1.265830000000000080e-02 -8.904335700407457060e-03 9.999080194333472837e-01 -1.023061477209917872e-02 -8.826159999999999561e-02 8.418346514263015364e-04 1.023851263219643232e-02 9.999472306944501288e-01 4.786073199999999694e+00
9.999284347213261981e-01 1.196348235417949400e-02 2.292857710401922691e-05 -1.352060000000000067e-02 -1.196321314089545361e-02 9.999156323121740630e-01 -5.060611533249163158e-03 -8.987399999999999556e-02 -8.346917945236740472e-05 5.059975069719613305e-03 9.999871947606078226e-01 4.859211400000000403e+00
9.999560775242924970e-01 9.372231201052846211e-03 6.560903195428729442e-05 -1.359750000000000021e-02 -9.371931726507114896e-03 9.999495084483054352e-01 -3.625941216554721350e-03 -9.127300000000000690e-02 -9.958887865543643682e-05 3.625167072871602735e-03 9.999934241012532476e-01 4.932815599999999634e+00
9.999771304793069193e-01 6.762493183395315056e-03 8.487823940738785833e-05 -1.358499999999999985e-02 -6.762215021231751839e-03 9.999728302079519127e-01 -2.934500622794327870e-03 -9.207909999999999706e-02 -1.047204737415896993e-04 2.933859547266114837e-03 9.999956907416047702e-01 4.969894400000000267e+00
9.999996038891206807e-01 7.314825279955715137e-04 5.071044399472911376e-04 -1.356390000000000026e-02 -7.305165909347219018e-04 9.999979236372932290e-01 -1.902384454526095166e-03 -9.348430000000000628e-02 -5.084949480045596873e-04 1.902013252764197734e-03 9.999980618873589577e-01 5.043385999999999925e+00
9.999778927061402367e-01 -6.521971410952279689e-03 1.295371723420795079e-03 -1.328400000000000067e-02 6.522756246114873487e-03 9.999785450448356316e-01 -6.025785985423923966e-04 -9.478469999999999951e-02 -1.291413930886002766e-03 6.110146711602244037e-04 9.999989794550446787e-01 5.117544699999999835e+00
9.999889350710606806e-01 -4.446652839005283374e-03 1.535256973708041747e-03 -1.344889999999999974e-02 4.454096484998628334e-03 9.999781751230939486e-01 -4.879580103786770526e-03 -9.549430000000000418e-02 -1.513525668191914066e-03 4.886364294269831404e-03 9.999869162564255509e-01 5.154549099999999662e+00
9.999947917719891333e-01 2.737187184998726274e-03 1.710039534787664243e-03 -1.371269999999999954e-02 -2.720340262220648318e-03 9.999484976075361242e-01 -9.777621453563499487e-03 -9.636369999999999658e-02 -1.736714643802877208e-03 9.772918640085091063e-03 9.999507357282659825e-01 5.192085299999999570e+00
9.999272180628384632e-01 1.165393236070502714e-02 3.121608182482234727e-03 -1.418510000000000083e-02 -1.162296648462542159e-02 9.998848100538882955e-01 -9.760802917640401880e-03 -9.727130000000000498e-02 -3.235000341592266654e-03 9.723810160212681061e-03 9.999474897657166794e-01 5.229276699999999778e+00
9.997955699319704959e-01 1.972254340623678937e-02 4.454169506803044853e-03 -1.461490000000000011e-02 -1.969404636935072339e-02 9.997858655052823673e-01 -6.353555969315297612e-03 -9.800169999999999715e-02 -4.578523998855095131e-03 6.264536490632333608e-03 9.999698958971462437e-01 5.266922000000000104e+00
9.998142851190250369e-01 1.864704226090202477e-02 4.866527186086903531e-03 -1.473230000000000026e-02 -1.862956690159318224e-02 9.998199305143218307e-01 -3.611894709948119432e-03 -9.964330000000000409e-02 -4.933002026337797094e-03 3.520562633560339258e-03 9.999816353962462934e-01 5.342225100000000282e+00
9.999129283545628022e-01 1.300193248107390197e-02 2.255096707562788145e-03 -1.434150000000000008e-02 -1.299264682611085166e-02 9.999072495682612693e-01 -4.084530485471236406e-03 -1.012601999999999947e-01 -2.307994335958533840e-03 4.054875163600938671e-03 9.999891155155403721e-01 5.417927299999999669e+00
9.999066242900552792e-01 1.358539905030280159e-02 1.476358191746041234e-03 -1.444359999999999915e-02 -1.357829086642866820e-02 9.998966585688560116e-01 -4.722520511676755670e-03 -1.020290999999999976e-01 -1.540362948451993791e-03 4.702033122020686517e-03 9.999877590083322554e-01 5.455852000000000146e+00
9.998848232923762680e-01 1.507683602063032181e-02 1.740449706414635153e-03 -1.479190000000000019e-02 -1.506861591820754694e-02 9.998756808644860827e-01 -4.643234873450390564e-03 -1.027396000000000004e-01 -1.810238626004011904e-03 4.616473912794022937e-03 9.999877055267877290e-01 5.493778200000000389e+00
9.998652154095153399e-01 1.632887289549887766e-02 1.708485892876533815e-03 -1.490209999999999972e-02 -1.632277532394744296e-02 9.998605642917774983e-01 -3.524057299795403924e-03 -1.036269999999999969e-01 -1.765791552660886518e-03 3.495695079801848775e-03 9.999923310186442649e-01 5.531763999999999903e+00
9.998872406879305563e-01 1.495546985930467504e-02 1.356403613940646100e-03 -1.503700000000000002e-02 -1.495002893153143941e-02 9.998804933857621258e-01 -3.936442758539280065e-03 -1.045134000000000063e-01 -1.415112865765416443e-03 3.915720614690580692e-03 9.999913322562575813e-01 5.569930600000000176e+00
9.998867341651856977e-01 1.502774709934454750e-02 8.280444417807058784e-04 -1.508819999999999953e-02 -1.502330300126243287e-02 9.998739604454545127e-01 -5.134548670906637600e-03 -1.052270000000000011e-01 -9.051007743237805955e-04 5.121527139417649151e-03 9.999864752847152927e-01 5.608196300000000356e+00
9.999081036020375235e-01 1.355152321120566862e-02 3.749261704257635434e-04 -1.501700000000000083e-02 -1.354936197677609165e-02 9.998943351540201530e-01 -5.266243150715677231e-03 -1.061430000000000012e-01 -4.462521702024880720e-04 5.260679191541666085e-03 9.999860629596016848e-01 5.646541599999999939e+00
9.999026014507740312e-01 1.395455086641220199e-02 2.410852364759369360e-04 -1.531590000000000035e-02 -1.395307128748988004e-02 9.998884974587105567e-01 -5.320192798037357181e-03 -1.069847000000000020e-01 -3.152992558787347092e-04 5.316310739486316238e-03 9.999858186126943105e-01 5.685105799999999654e+00
9.998987689902266718e-01 1.422637011174303009e-02 2.493296472416785584e-04 -1.562590000000000159e-02 -1.422480471654653453e-02 9.998840386756796539e-01 -5.437290905224328660e-03 -1.078585999999999989e-01 -3.266536474685277310e-04 5.433193817233502448e-03 9.999851867414530915e-01 5.723501200000000289e+00
9.999006678214340527e-01 1.408274083025746158e-02 -5.752399135406446743e-04 -1.560459999999999972e-02 -1.408565792211224042e-02 9.998860576052363003e-01 -5.428263770253324676e-03 -1.087805000000000022e-01 4.987295374925783875e-04 5.435827201632472717e-03 9.999851014147573824e-01 5.762450699999999593e+00
9.998900890487200099e-01 1.477163676641322920e-02 -1.268293887092641079e-03 -1.562370000000000078e-02 -1.477862978440116701e-02 9.998745787287974807e-01 -5.693760936793858599e-03 -1.097820000000000046e-01 1.184028647667951769e-03 5.711878775928096175e-03 9.999829861137691234e-01 5.801326300000000380e+00
9.998807632007356005e-01 1.534263904801225382e-02 -1.750088042630717220e-03 -1.614700000000000163e-02 -1.535271271172967446e-02 9.998647582309334592e-01 -5.895715409344814278e-03 -1.112922999999999968e-01 1.659395524172428476e-03 5.921881022048772897e-03 9.999810886870086346e-01 5.879136599999999824e+00
9.999172417306609884e-01 1.266839148233895977e-02 -2.240880852910542322e-03 -1.627050000000000024e-02 -1.268137332992780482e-02 9.999023165392616486e-01 -5.877086853634474854e-03 -1.132308000000000064e-01 2.166208718876178399e-03 5.905017922781359389e-03 9.999802189559140464e-01 5.956737500000000018e+00
9.999482337153795530e-01 1.004253069432428820e-02 -1.636296655935644750e-03 -1.704169999999999990e-02 -1.004995625407066433e-02 9.999389411178164488e-01 -4.594824857535897283e-03 -1.151134000000000046e-01 1.590053075824063951e-03 4.611031710335377135e-03 9.999881049881454986e-01 6.034989799999999960e+00
9.999391071292278443e-01 1.085244009885598208e-02 -2.001643700382400078e-03 -1.764879999999999921e-02 -1.086157159569675797e-02 9.999303893268343124e-01 -4.608987215969194071e-03 -1.169880999999999976e-01 1.951485606939279849e-03 4.630447557867040098e-03 9.999873752499777169e-01 6.113991699999999696e+00
9.999187169733865233e-01 1.265987449701688229e-02 -1.512290982701110491e-03 -1.777470000000000092e-02 -1.266674286318591157e-02 9.999090916849499022e-01 -4.621903397559931279e-03 -1.187981000000000037e-01 1.453640785925562878e-03 4.640683516275251330e-03 9.999881754225733443e-01 6.192954099999999684e+00
9.999113729301174480e-01 1.330214445377551728e-02 -5.470264513655072975e-04 -1.838369999999999935e-02 -1.330364042193608008e-02 9.999075017490054451e-01 -2.828621145801915593e-03 -1.194367000000000067e-01 5.093491252890471272e-04 2.835647896608209720e-03 9.999958498236255489e-01 6.232566799999999851e+00
9.999095864621445617e-01 1.344400322007089331e-02 -2.787086682891420854e-04 -1.825339999999999949e-02 -1.344457368072638458e-02 9.999072902905821181e-01 -2.157373933489744895e-03 -1.203705999999999943e-01 2.496790871807596742e-04 2.160925996906211833e-03 9.999976340267957564e-01 6.271772399999999692e+00
9.999107319832898355e-01 1.334326091724679329e-02 6.967443833221475787e-04 -1.864990000000000051e-02 -1.334007900456406041e-02 9.999013910537141170e-01 -4.387534729141575468e-03 -1.208385000000000015e-01 -7.552196987670954089e-04 4.377848437498554901e-03 9.999901319944436429e-01 6.311029399999999789e+00
9.999025258592888488e-01 1.387989595894845336e-02 1.512371774080781012e-03 -1.896739999999999884e-02 -1.387295778558936092e-02 9.998936155961473116e-01 -4.505389255480671609e-03 -1.228662999999999977e-01 -1.574745215431827550e-03 4.483969026756485024e-03 9.999887070358712826e-01 6.389628899999999945e+00
9.999126461014694600e-01 1.317269396663421285e-02 1.086416135253089532e-03 -1.895180000000000128e-02 -1.316868880883862933e-02 9.999067549842041158e-01 -3.614826692225560530e-03 -1.236652000000000029e-01 -1.133931838122504690e-03 3.600204247019433632e-03 9.999928763386098929e-01 6.429106199999999660e+00
9.999094651828003277e-01 1.342711765892083166e-02 8.797438375466200538e-04 -1.905410000000000090e-02 -1.342424012736915216e-02 9.999047736390991314e-01 -3.198973389180215319e-03 -1.244379999999999931e-01 -9.226130548267250531e-04 3.186873878183400354e-03 9.999944962948724703e-01 6.468351400000000417e+00
