1.000000000000000000e+00 0.000000000000000000e+00 0.000000000000000000e+00 0.000000000000000000e+00 0.000000000000000000e+00 1.000000000000000000e+00 0.000000000000000000e+00 0.000000000000000000e+00 0.000000000000000000e+00 0.000000000000000000e+00 1.000000000000000000e+00 0.000000000000000000e+00
9.999994016675604058e-01 -1.084065720769490258e-03 1.465129145968068814e-04 -1.300999999999999910e-04 1.083933626582836646e-03 9.999990087311201314e-01 8.986794034803270497e-04 -4.996000000000000007e-04 -1.474869968983887666e-04 -8.985200554964270980e-04 9.999995854545618013e-01 3.661530000000000340e-02
9.999998964817466973e-01 -4.344868525988195484e-04 1.351209491105798360e-04 -3.430999999999999914e-04 4.343129177700050247e-04 9.999990805497991353e-01 1.284629069347482857e-03 -1.089099999999999964e-03 -1.356789793146937894e-04 -1.284570251591265252e-03 9.999991657348936691e-01 7.277419999999999722e-02
9.999998274782910812e-01 4.082946835230098575e-04 -4.223018345049213635e-04 -3.337999999999999821e-04 -4.085052768938635570e-04 9.999997922039892684e-01 -4.987137625830987938e-04 -1.690000000000000096e-03 4.220981245744223750e-04 4.988861890719854244e-04 9.999997864728490393e-01 1.092974000000000029e-01
9.999953339748479664e-01 3.034538460508534336e-03 -3.515748341239169155e-04 -6.511000000000000511e-04 -3.035449102944045175e-03 9.999919627118726284e-01 -2.619267149436489434e-03 -2.356500000000000088e-03 3.436237415123651680e-04 2.620322115384949007e-03 9.999965079112705935e-01 1.455551999999999957e-01
9.999786599962536826e-01 6.517389656760154241e-03 -4.507595354916361799e-04 -7.523999999999999655e-04 -6.518921581059873398e-03 9.999726790394082299e-01 -3.484944213145208750e-03 -3.018799999999999869e-03 4.280344809389918532e-04 3.487808310486429763e-03 9.999938259707769062e-01 1.824261000000000077e-01
9.999597110626193830e-01 8.963674255412798150e-03 -4.783256271268089641e-04 -9.747000000000000022e-04 -8.965317717652727600e-03 9.999535018000752506e-01 -3.552086146000499756e-03 -3.711900000000000182e-03 4.464636427062565124e-04 3.556231377443880379e-03 9.999935769236749650e-01 2.190201999999999982e-01
9.999501289696930417e-01 9.985448250495795181e-03 -1.743465827996455665e-04 -1.292100000000000019e-03 -9.985884597386005673e-03 9.999464600854471863e-01 -2.712760842917600560e-03 -4.373799999999999737e-03 1.472491152855748546e-04 2.714366559595173759e-03 9.999963052591135382e-01 2.559841999999999951e-01
9.999745010321423599e-01 7.139952048514872432e-03 1.355369422308426496e-04 -1.361800000000000033e-03 -7.139957274955133909e-03 9.999745094537427770e-01 3.811637686975473567e-05 -5.099000000000000234e-03 -1.352613382170340147e-04 -3.908313291819236754e-05 9.999999900884394277e-01 2.928888000000000047e-01
9.999946433643484012e-01 3.258108168930412205e-03 3.130076185967441073e-04 -1.371400000000000050e-03 -3.258680552970124461e-03 9.999929868177533931e-01 1.845891752549594584e-03 -5.757400000000000191e-03 -3.069913084193271889e-04 -1.846901856619676636e-03 9.999982473533983729e-01 3.296957999999999833e-01
9.999997247114907895e-01 7.072379330170103229e-04 2.244803975986670356e-04 -1.489199999999999986e-03 -7.071619732944458940e-04 9.999996927444496642e-01 -3.382793961606269588e-04 -6.426900000000000147e-03 -2.247195726467417806e-04 3.381205590352644457e-04 9.999999175877972712e-01 3.666714999999999836e-01
9.999999727675973338e-01 -2.328198287402700887e-04 -1.611620529842414784e-05 -1.626700000000000021e-03 2.327798455362549055e-04 9.999970009797788384e-01 -2.438000203389246480e-03 -6.993899999999999943e-03 1.668377175542039639e-05 2.437996385468862992e-03 9.999970279432215392e-01 4.037946000000000035e-01
9.999975602228257099e-01 2.111395915453748683e-03 6.492731967884218369e-04 -1.879100000000000084e-03 -2.108591767306403249e-03 9.999885761897144842e-01 -4.289677240351573266e-03 -7.648199999999999964e-03 -6.583229866184915798e-04 4.288297722377476355e-03 9.999905885124567018e-01 4.409806000000000004e-01
9.999877146458086008e-01 4.796965888736562031e-03 1.248869775103540920e-03 -1.977599999999999931e-03 -4.794600221655242328e-03 9.999867190122416760e-01 -1.890398859086771070e-03 -8.460399999999999865e-03 -1.257921367722491732e-03 1.884387803566694043e-03 9.999974333549253025e-01 4.785517000000000243e-01
9.999825818256826704e-01 5.552806762991942605e-03 2.000595485066642212e-03 -2.184699999999999923e-03 -5.555542379051214147e-03 9.999836369808254855e-01 1.364448414283326270e-03 -8.933899999999999827e-03 -1.992986230901773806e-03 -1.375539041083625492e-03 9.999970679448164645e-01 5.161866999999999983e-01
9.999910959439560765e-01 3.442940835063806968e-03 2.440121146969238819e-03 -2.276799999999999831e-03 -3.451034241180120973e-03 9.999885326130952823e-01 3.320392292296635815e-03 -9.425599999999999257e-03 -2.428661250944372414e-03 -3.328783668968395525e-03 9.999915103658697513e-01 5.538591999999999960e-01
9.999976828494084868e-01 -8.254012001432409771e-04 1.988217461093439494e-03 -2.230900000000000070e-03 8.225973900587404053e-04 9.999986667440539101e-01 1.410618179527101503e-03 -9.914600000000000843e-03 -1.989379136229013200e-03 -1.408979408417987888e-03 9.999970285694247396e-01 5.913988999999999496e-01
9.999972947072240936e-01 -1.572998544633218880e-03 1.713550061091819636e-03 -2.012400000000000126e-03 1.574199014942670666e-03 9.999985163313119818e-01 -6.994516682823611123e-04 -1.059090000000000031e-02 -1.712447282294998980e-03 7.021472448790414943e-04 9.999982872553092594e-01 6.290099999999999580e-01
9.999955352770105721e-01 -1.746813238007115373e-03 2.424473047218619979e-03 -2.125099999999999992e-03 1.754777879317967948e-03 9.999930585901292135e-01 -3.286871788287480233e-03 -1.118809999999999943e-02 -2.418714666806066286e-03 3.291111524987705862e-03 9.999916591673605470e-01 6.665539999999999798e-01
9.999942513218746942e-01 1.433898952286238654e-03 3.072662851320257654e-03 -2.325100000000000083e-03 -1.421290838599684669e-03 9.999905784396524444e-01 -4.101580705211823469e-03 -1.188610000000000014e-02 -3.078515154317697060e-03 4.097189978983856867e-03 9.999868678031330615e-01 7.045023000000000257e-01
9.999923557529387663e-01 1.846123349931415953e-03 3.446775923207166109e-03 -2.351900000000000084e-03 -1.825052660869798090e-03 9.999796907598682560e-01 -6.106328731995638859e-03 -1.269810000000000036e-02 -3.457978957861755631e-03 6.099991506140102840e-03 9.999754159403879683e-01 7.421113000000000293e-01
9.999908117104906458e-01 2.983217127261078658e-03 3.078459057004899035e-03 -2.268300000000000004e-03 -2.965945864259440703e-03 9.999799227463165296e-01 -5.599756191210379132e-03 -1.353799999999999969e-02 -3.095102538579562208e-03 5.590574196120897364e-03 9.999795827017836647e-01 7.801706999999999947e-01
9.999871554560709752e-01 4.136845019172255902e-03 2.928384565463929608e-03 -2.661699999999999917e-03 -4.128319999715425112e-03 9.999872407142367248e-01 -2.911251055344620930e-03 -1.500109999999999985e-02 -2.940390595796296604e-03 2.899124353084089629e-03 9.999914745542232142e-01 8.566013999999999573e-01
9.999526179091895450e-01 9.177321888407334247e-03 3.246336321926246785e-03 -2.972699999999999995e-03 -9.167639689341077272e-03 9.999535212591024180e-01 -2.984912737137701728e-03 -1.647869999999999890e-02 -3.273578941298992823e-03 2.955010064021488733e-03 9.999902757509377960e-01 9.333063000000000331e-01
9.999124375841750290e-01 1.288212327228656535e-02 3.027881185068204747e-03 -3.343200000000000165e-03 -1.287529612696374816e-02 9.999145479149693649e-01 -2.263540952900372407e-03 -1.837389999999999857e-02 -3.056781659894847267e-03 2.224357884891203004e-03 9.999928541334102139e-01 1.010435699999999937e+00
9.999336530855030825e-01 1.135463996178882017e-02 1.939478903929824994e-03 -3.463299999999999886e-03 -1.134895856466006277e-02 9.999313477031143149e-01 -2.915650893201190627e-03 -1.986869999999999956e-02 -1.972451920394876698e-03 2.893446383042944624e-03 9.999938686819285216e-01 1.087070299999999934e+00
9.999432051193174464e-01 1.063970683146892027e-02 6.190107002015278600e-04 -3.340099999999999927e-03 -1.063797026072032040e-02 9.999396498517464371e-01 -2.744128841480935905e-03 -2.058029999999999929e-02 -6.481700691951358369e-04 2.737387971590994704e-03 9.999960432834993362e-01 1.126324899999999962e+00
9.999370878922771988e-01 1.115916791059559134e-02 -1.137202293073779789e-03 -3.989999999999999623e-03 -1.116127209706686309e-02 9.999359791399374808e-01 -1.861082112553695544e-03 -2.211919999999999858e-02 1.116361360615519610e-03 1.873657652177754436e-03 9.999976215693289205e-01 1.203127700000000022e+00
9.999310189944895511e-01 1.123879044790406997e-02 -3.412746974212494885e-03 -4.479699999999999654e-03 -1.124122024050076135e-02 9.999365749111904789e-01 -6.936298593170048916e-04 -2.351870000000000002e-02 3.404734959795298332e-03 7.319454523940822780e-04 9.999939359994680643e-01 1.280200100000000063e+00
9.999545721733119619e-01 8.370355765348932997e-03 -4.559685740290240520e-03 -5.129200000000000426e-03 -8.367453166513143942e-03 9.999647775448164966e-01 6.552841001391973997e-04 -2.504690000000000041e-02 4.565010098009144625e-03 -6.171013751207683230e-04 9.999893898780616297e-01 1.358676699999999959e+00
9.999765895634391555e-01 4.662828038085882476e-03 -5.007829845409044953e-03 -5.678800000000000341e-03 -4.659516824733840948e-03 9.999889181469405752e-01 6.726709979973629142e-04 -2.657270000000000118e-02 5.010910898564421151e-03 -6.493211830555501145e-04 9.999872344955049730e-01 1.436157899999999987e+00
9.999832656769958028e-01 3.337967360291077632e-03 -4.725075647276122913e-03 -5.810899999999999919e-03 -3.332003524562875390e-03 9.999936430699980505e-01 1.269477099278448502e-03 -2.733850000000000169e-02 4.729283083423008009e-03 -1.253711886728072281e-03 9.999880309723820915e-01 1.474951899999999982e+00
9.999926842764953472e-01 6.860028146943725202e-04 -3.763082995048570942e-03 -6.288300000000000139e-03 -6.803942980475087294e-04 9.999986562708774729e-01 1.491482496890740280e-03 -2.875209999999999919e-02 3.764101099675294226e-03 -1.488911205404270513e-03 9.999918073096067950e-01 1.552444099999999993e+00
9.999935648278028832e-01 -1.583667931292452634e-03 -3.219052479565154973e-03 -6.513200000000000239e-03 1.585526994836510993e-03 9.999985777103991280e-01 5.750489782332358305e-04 -2.935909999999999909e-02 3.218137214514538332e-03 -5.801491722981851236e-04 9.999946534956106747e-01 1.591221599999999903e+00
9.999978709906661711e-01 7.071246376451167763e-04 -1.938553296088771968e-03 -6.992899999999999811e-03 -7.068745582622885243e-04 9.999997417550177126e-01 1.296852216951330792e-04 -3.104579999999999840e-02 1.938644499082509479e-03 -1.283146315892449930e-04 9.999981125946496574e-01 1.668700499999999920e+00
9.999703522130656275e-01 7.660397078857965510e-03 -7.829504911632217783e-04 -7.584099999999999869e-03 -7.658275586164131100e-03 9.999670900536458129e-01 2.677615485834746074e-03 -3.249439999999999967e-02 8.034363221505530159e-04 -2.671540049829679471e-03 9.999961086743479610e-01 1.746001099999999973e+00
9.999273041861621580e-01 1.205362604200648467e-02 -3.105514995604207558e-04 -7.801299999999999728e-03 -1.205271109005864004e-02 9.999234528873500727e-01 2.796519483047063635e-03 -3.309009999999999729e-02 3.442359278076348927e-04 -2.792573200284544175e-03 9.999960415104387490e-01 1.784594199999999908e+00
9.998735684360969822e-01 1.589365777224913470e-02 4.886568164866526669e-04 -8.240300000000000749e-03 -1.589490881507927070e-02 9.998700955737244156e-01 2.672798374663408472e-03 -3.378640000000000115e-02 -4.461127951421373821e-04 -2.680227604124824255e-03 9.999963086748691055e-01 1.823211600000000043e+00
9.997659570452046562e-01 2.155262765376358969e-02 1.874933253276304295e-03 -8.834899999999999698e-03 -2.155563399336384023e-02 9.997663727747715390e-01 1.598284055098748426e-03 -3.501449999999999702e-02 -1.840047996698362118e-03 -1.638325362945501932e-03 9.999969650520820208e-01 1.899711699999999892e+00
9.997861464173909418e-01 2.053823222843011165e-02 2.417115800785889050e-03 -9.189900000000000846e-03 -2.054235474095153502e-02 9.997875496953761987e-01 1.693261885459571925e-03 -3.647550000000000098e-02 -2.381825677970583061e-03 -1.742553025568773862e-03 9.999956451982142669e-01 1.975800000000000001e+00
9.998221063813618192e-01 1.879344741655580853e-02 1.600601555047348251e-03 -9.028800000000000020e-03 -1.879447784702099888e-02 9.998231689686652990e-01 6.311861164885294861e-04 -3.774620000000000059e-02 -1.588456355933325808e-03 -6.611563029744779545e-04 9.999985198382788099e-01 2.051048499999999830e+00
9.998211258359306353e-01 1.889394259465587006e-02 8.574761816667462360e-04 -8.992399999999999352e-03 -1.889436814189785624e-02 9.998213649693742378e-01 4.909208652389162632e-04 -3.925689999999999735e-02 -8.480475757364304206e-04 -5.070345228288428933e-04 9.999995118655319315e-01 2.125865199999999788e+00
9.998310278354707314e-01 1.836349944511819765e-02 -8.352637877616167234e-04 -9.808199999999999558e-03 -1.836213859502115742e-02 9.998301074849050840e-01 1.608736442116985316e-03 -4.060280000000000139e-02 8.646639134581028847e-04 -1.593127381003922594e-03 9.999983571493827883e-01 2.201379800000000220e+00
9.998948961570925942e-01 1.416688785683513190e-02 -3.081546275626480952e-03 -1.025889999999999962e-02 -1.415672957248823548e-02 9.998943637110079274e-01 3.293695002565239817e-03 -4.207140000000000185e-02 3.127882160249526554e-03 -3.249724205273953059e-03 9.999898277711535277e-01 2.275334599999999874e+00
9.999399486527213998e-01 9.873487786312274209e-03 -4.755347235120507311e-03 -1.053830000000000044e-02 -9.859394344429931248e-03 9.999469602720828521e-01 2.978084247077791152e-03 -4.330490000000000034e-02 4.784499091237136119e-03 -2.931020565470697503e-03 9.999842587195514332e-01 2.349848000000000159e+00
9.999404963055296136e-01 9.639197536521985216e-03 -5.107809618915448019e-03 -1.119640000000000045e-02 -9.629305989774697427e-03 9.999517209279820129e-01 1.957620832181064269e-03 -4.454820000000000307e-02 5.126432912510005269e-03 -1.908319684751125928e-03 9.999850388888698038e-01 2.423666700000000063e+00
9.999287890251369326e-01 1.107263747734284209e-02 -4.451244547148207852e-03 -1.213859999999999939e-02 -1.107096745241124836e-02 9.999386350980136173e-01 3.996473310296538742e-04 -4.591370000000000173e-02 4.455396546978134149e-03 -3.503392882494089553e-04 9.999900133021289994e-01 2.497228900000000085e+00
9.999156910586897151e-01 1.230424591313953979e-02 -4.149253804221520424e-03 -1.257950000000000040e-02 -1.230123523855707231e-02 9.999240554193411512e-01 7.503368202915187317e-04 -4.662220000000000253e-02 4.158171019635861949e-03 -6.992326130783671967e-04 9.999911103042486982e-01 2.533604899999999827e+00
9.998919767401907022e-01 1.420791641191452605e-02 -3.764300974403727781e-03 -1.322060000000000075e-02 -1.419447242640079453e-02 9.998928645414272287e-01 3.574407877542425810e-03 -4.800089999999999912e-02 3.814682572638840655e-03 -3.520589491965758246e-03 9.999865267324850038e-01 2.607093100000000163e+00
9.999018825564388591e-01 1.349514765921402785e-02 -3.755828769460430386e-03 -1.376080000000000012e-02 -1.349499215251221719e-02 9.999089362196681430e-01 6.674470166104118254e-05 -4.961249999999999688e-02 3.756387479098790075e-03 -1.605327307149481922e-05 9.999929446228104091e-01 2.680010999999999921e+00
9.999375920663794437e-01 1.048521687136821576e-02 -3.856449098756374247e-03 -1.416560000000000041e-02 -1.048485585617052809e-02 9.999450259103518368e-01 1.138192473114873994e-04 -5.095750000000000279e-02 3.857430513470092200e-03 -7.337783117033713190e-05 9.999925573950676494e-01 2.753371700000000200e+00
9.999634220570111642e-01 7.965532304866808008e-03 -3.115259721389537079e-03 -1.449289999999999953e-02 -7.957910429685783812e-03 9.999653305090565603e-01 2.451416224622802661e-03 -5.175930000000000114e-02 3.134678552050747247e-03 -2.426535599031870612e-03 9.999921428268133683e-01 2.789489500000000177e+00
9.999840680005912530e-01 5.482745406252663260e-03 -1.342850624318962446e-03 -1.489689999999999938e-02 -5.480807630574573326e-03 9.999839398630019360e-01 1.442485280634051448e-03 -5.283079999999999721e-02 1.350737837499951192e-03 -1.435102393010923884e-03 9.999980579923223312e-01 2.862296600000000080e+00
9.999501899890153034e-01 9.974286429611945587e-03 3.621479702844803664e-04 -1.529269999999999935e-02 -9.973037806842409425e-03 9.999448232561262140e-01 -3.299842447431961586e-03 -5.406470000000000026e-02 -3.950415618819576292e-04 3.296066366844088800e-03 9.999944899291545175e-01 2.935010000000000119e+00
9.998947513971662149e-01 1.410042453922984683e-02 3.415282742715710501e-03 -1.602800000000000058e-02 -1.409642919789190312e-02 9.998999309713250128e-01 -1.191103441463918153e-03 -5.568300000000000333e-02 -3.431736042883775858e-03 1.142834788117399591e-03 9.999934585367941109e-01 3.007377400000000200e+00
9.998999594364150756e-01 1.316207542352099830e-02 5.179854206536598817e-03 -1.604320000000000052e-02 -1.317085721522529701e-02 9.999118743833192990e-01 1.664928663089643938e-03 -5.699130000000000168e-02 -5.157483812051963899e-03 -1.732985222837837413e-03 9.999851984519299020e-01 3.080840799999999824e+00
9.998834319224354505e-01 1.394892204505175301e-02 6.208875968609379320e-03 -1.606820000000000123e-02 -1.395466317219117361e-02 9.999022396800336665e-01 8.823030111062285389e-04 -5.747200000000000225e-02 -6.195961810986021223e-03 -9.688429355602506130e-04 9.999803355069554200e-01 3.117365799999999965e+00
9.998495054707257079e-01 1.564272466366996989e-02 7.501438198229697443e-03 -1.612320000000000073e-02 -1.564609885400974204e-02 9.998775157251662549e-01 3.913284049054594534e-04 -5.811809999999999893e-02 -7.494397947520768308e-03 -5.086377557181181184e-04 9.999717872455391454e-01 3.153787900000000199e+00
9.998061048026035680e-01 1.773388535209418845e-02 8.559328815040524382e-03 -1.593129999999999893e-02 -1.773479600845719387e-02 9.998427256725729295e-01 3.049882616025798097e-05 -5.878760000000000235e-02 -8.557441789671412294e-03 -1.822908630883925758e-04 9.999633678090700251e-01 3.190298799999999879e+00
9.997825058429998801e-01 1.853044470835886470e-02 9.568888608535431467e-03 -1.579670000000000032e-02 -1.852073563674581924e-02 9.998278688549270266e-01 -1.102276049238990830e-03 -5.932359999999999717e-02 -9.587667170165938002e-03 9.248134543827266725e-04 9.999536096031199639e-01 3.226657900000000190e+00
9.997513360563392570e-01 1.958099578909801644e-02 1.067008235545159611e-02 -1.568670000000000134e-02 -1.956215711865094339e-02 9.998068993538171689e-01 -1.867086867680506444e-03 -5.998099999999999959e-02 -1.070458137574786459e-02 1.657892762990542494e-03 9.999413299434904978e-01 3.263201700000000205e+00
9.997440226359329829e-01 1.932729229309536334e-02 1.176201412771214587e-02 -1.543650000000000057e-02 -1.930261633176273001e-02 9.998112493510576959e-01 -2.207866351480378391e-03 -6.066470000000000196e-02 -1.180246611823182294e-02 1.980263541675513373e-03 9.999283876107496472e-01 3.299486200000000036e+00
9.997608441817311675e-01 1.733555690489240256e-02 1.333165060408444090e-02 -1.490840000000000047e-02 -1.732916867374058659e-02 9.998496619075606384e-01 -5.945556439214716741e-04 -6.183600000000000207e-02 -1.333995330236188194e-02 3.633870304623885343e-04 9.999109528331794339e-01 3.372767200000000187e+00
9.998073626653239954e-01 1.402348156192391795e-02 1.373242604537058126e-02 -1.435849999999999974e-02 -1.402756790775632270e-02 9.999015885683030236e-01 2.012887910279899514e-04 -6.325450000000000517e-02 -1.372825184801318085e-02 -3.938825541814636524e-04 9.999056855312560277e-01 3.445446299999999962e+00
9.998616759470492221e-01 1.101850853190153301e-02 1.245878975223079985e-02 -1.340339999999999934e-02 -1.102352870288232645e-02 9.999391831667526764e-01 3.343392650207678216e-04 -6.446340000000000403e-02 -1.245434812804779509e-02 -4.716328442954619265e-04 9.999223303712971855e-01 3.518797199999999847e+00
9.999157103298150773e-01 8.027202341096772997e-03 1.020471744814338555e-02 -1.304819999999999938e-02 -8.041255074137505787e-03 9.999667750425602630e-01 1.336797596614048558e-03 -6.585820000000000563e-02 -1.019364765204337428e-02 -1.418743654345548536e-03 9.999470369544525283e-01 3.591142200000000173e+00
9.999460609597136118e-01 6.748524265968871595e-03 7.895099200417648663e-03 -1.254949999999999989e-02 -6.759290200230927588e-03 9.999762609491534837e-01 1.337734704557993906e-03 -6.703599999999999837e-02 -7.885884043141151364e-03 -1.391027815087106075e-03 9.999679384232655899e-01 3.664302800000000193e+00
9.999648654642507850e-01 6.029767490427953569e-03 5.823207112425419184e-03 -1.244800000000000073e-02 -6.034126255631048347e-03 9.999815271355716462e-01 7.312372673042228429e-04 -6.852500000000000258e-02 -5.818690350407712021e-03 -7.663495425513772424e-04 9.999827776271872359e-01 3.736832399999999943e+00
9.999811841566323967e-01 3.752119766411892657e-03 4.853136095114245555e-03 -1.237549999999999935e-02 -3.744243008953787328e-03 9.999916600552596346e-01 -1.631092951328908663e-03 -6.917990000000000250e-02 -4.859215676330930558e-03 1.612890940043785505e-03 9.999868932170192792e-01 3.772845300000000179e+00
9.999908651223499145e-01 -1.935352089565799214e-03 3.811047643836338976e-03 -1.223489999999999994e-02 1.943437073824388558e-03 9.999958666480009972e-01 -2.118900482177823660e-03 -6.981600000000000306e-02 -3.806931072959177272e-03 2.126287657562308565e-03 9.999904930431103844e-01 3.809402700000000142e+00
9.998718924149834208e-01 -1.597419341913649052e-02 1.011880965304466293e-03 -1.146810000000000017e-02 1.597277349533027593e-02 9.998714524075434928e-01 1.396125816864999918e-03 -7.101250000000000617e-02 -1.034052874278575031e-03 -1.379784417095177625e-03 9.999985134637029427e-01 3.882142800000000005e+00
9.998143955964111651e-01 -1.926397897406143325e-02 2.710576874487896290e-04 -1.141200000000000027e-02 1.926494777076488349e-02 9.998055971440215073e-01 -4.198774449321000281e-03 -7.289070000000000271e-02 -1.901198903516685725e-04 4.203217050485094815e-03 9.999911483712512483e-01 3.954963699999999971e+00
9.998688714727779203e-01 -1.604399692702546468e-02 2.197731184436990497e-03 -1.179030000000000009e-02 1.605759001360604690e-02 9.998511342303223470e-01 -6.313729586618276220e-03 -7.460609999999999464e-02 -2.096106559406901368e-03 6.348191942876110945e-03 9.999776531484830810e-01 4.027644600000000352e+00
9.996922374365804220e-01 -2.462270936439338309e-02 3.025325205696457413e-03 -1.136189999999999943e-02 2.462269907735428059e-02 9.996968145580812370e-01 4.065182987468766019e-05 -7.618659999999999322e-02 -3.025408929329155994e-03 3.385235338768108402e-05 9.999954228669390988e-01 4.100625499999999590e+00
9.995457841641040009e-01 -2.998735253572475806e-02 2.997340098262899800e-03 -1.085610000000000047e-02 2.998342534798639075e-02 9.995494888309499615e-01 1.346693056480981936e-03 -7.754610000000000669e-02 -3.036373522513298451e-03 -1.256210844089845338e-03 9.999946011704998750e-01 4.173624499999999848e+00
9.997174655216037875e-01 -2.321537669012417593e-02 5.102491175557937776e-03 -1.109279999999999988e-02 2.321214193343491827e-02 9.997303222494785535e-01 6.922729345425515960e-04 -7.862729999999999719e-02 -5.117186524163440213e-03 -5.736375941889328622e-04 9.999867425831141521e-01 4.246916800000000158e+00
9.998330327353861513e-01 -1.688417069657731709e-02 6.987948987288417589e-03 -1.131940000000000029e-02 1.689840269120987740e-02 9.998552460922177643e-01 -1.982636718163902773e-03 -7.989209999999999368e-02 -6.953462277586344199e-03 2.100390858707179738e-03 9.999736185123059284e-01 4.320272400000000346e+00
9.998887805251455152e-01 -1.337523466644509502e-02 6.597702445171902373e-03 -1.098310000000000085e-02 1.338201944269027006e-02 9.999099713361052633e-01 -9.852808050358488005e-04 -8.141589999999999938e-02 -6.583930100856289457e-03 1.073461805020503980e-03 9.999777495245483205e-01 4.394437800000000394e+00
9.999578456594222509e-01 -6.837625068402269045e-03 6.128114521711111422e-03 -1.110309999999999943e-02 6.878952258145209879e-03 9.999535687834583131e-01 -6.748354840677286276e-03 -8.263139999999999374e-02 -6.081687265669673444e-03 6.790225375456289750e-03 9.999584520965624224e-01 4.468034699999999582e+00
9.999771262037455699e-01 2.539946749347063524e-03 6.268631414336951237e-03 -1.139390000000000021e-02 -2.497595737100925025e-03 9.999740681685970189e-01 -6.754628478305061724e-03 -8.432660000000000156e-02 -6.285625253890506255e-03 6.738817467211570024e-03 9.999575387256757208e-01 4.542192899999999867e+00
9.999586330293971370e-01 6.064073834193165619e-03 6.779324340450302265e-03 -1.123279999999999938e-02 -6.046590009485579981e-03 9.999783481805065710e-01 -2.596520641691805759e-03 -8.583949999999999914e-02 -6.794923048626620547e-03 2.555421436670722145e-03 9.999736490738364569e-01 4.616262899999999725e+00
9.999913195332010840e-01 1.186892891235788450e-03 3.994013459165947702e-03 -1.096010000000000040e-02 -1.180301141373323558e-03 9.999979382955629381e-01 -1.652360081523936760e-03 -8.718829999999999636e-02 -3.995966399125200005e-03 1.647631599622595162e-03 9.999906587376948819e-01 4.691235100000000102e+00
9.999965731708045924e-01 2.496521734589029172e-03 7.880519502865855402e-04 -1.118820000000000058e-02 -2.488206714236970533e-03 9.999430134698699124e-01 -1.038164920148664828e-02 -8.851109999999999534e-02 -8.139250548127666953e-04 1.037965278919419747e-02 9.999457986980998525e-01 4.766266800000000359e+00
9.999412956633124683e-01 1.083389255761501094e-02 -1.788832744270170145e-04 -1.156669999999999920e-02 -1.083512798440840544e-02 9.998929281328990948e-01 -9.835256548688492764e-03 -9.050660000000000649e-02 7.231000833576040347e-05 9.836617399649338553e-03 9.999516166942256090e-01 4.841359599999999652e+00
9.999076358297755984e-01 1.358412176628527243e-02 4.375444520826666552e-04 -1.231960000000000000e-02 -1.358197988941769324e-02 9.998972995164955302e-01 -4.573865094536019513e-03 -9.226109999999999867e-02 -4.996314564426222521e-04 4.567499913332931025e-03 9.999894441007611823e-01 4.917484299999999919e+00
9.999442126302300338e-01 1.055985909492973898e-02 2.469882681462034438e-04 -1.208790000000000038e-02 -1.055901931403277136e-02 9.999391804078080481e-01 -3.184744336216539188e-03 -9.364519999999999789e-02 -2.806036978642808318e-04 3.181958713812936632e-03 9.999948981871399356e-01 4.993580800000000153e+00
9.999852735390580838e-01 5.407771392356398692e-03 4.568518176362659647e-04 -1.208560000000000016e-02 -5.406579797412423317e-03 9.999820807000009415e-01 -2.570442333712743676e-03 -9.521100000000000396e-02 -4.707439956894442267e-04 2.567934474386468924e-03 9.999965920505058392e-01 5.069978700000000060e+00
9.999971495411728029e-01 -1.888823751946300126e-03 1.460566452937902193e-03 -1.200490000000000064e-02 1.888773507307582719e-03 9.999982156256455035e-01 3.577936564670378285e-05 -9.667549999999999755e-02 -1.460631427656243530e-03 -3.302058443712383074e-05 9.999989327321672228e-01 5.146714700000000420e+00
9.999882063852569836e-01 -4.586660408933021342e-03 1.596758181449602727e-03 -1.176179999999999934e-02 4.586912959437501082e-03 9.999894681182391887e-01 -1.545383566189995658e-04 -9.741210000000000147e-02 -1.596032549619268983e-03 1.618607248487375901e-04 9.999987132397752942e-01 5.185118199999999788e+00
9.999873059420144594e-01 4.563909830858092938e-03 2.135106996773655699e-03 -1.200200000000000052e-02 -4.543964117175304344e-03 9.999468455887146057e-01 -9.255181644956513021e-03 -9.911369999999999902e-02 -2.177233320914005645e-03 9.245362309564377629e-03 9.999548904479796940e-01 5.261702999999999797e+00
9.999002933919944880e-01 1.361163576655420246e-02 3.758543116961443175e-03 -1.258319999999999925e-02 -1.357660254141264400e-02 9.998655617950120700e-01 -9.194248189902984314e-03 -1.000777999999999945e-01 -3.883186582679688196e-03 9.142303216569058755e-03 9.999506683601249168e-01 5.300595300000000343e+00
9.997347178964628434e-01 2.233268568240272950e-02 5.634268602995174194e-03 -1.309669999999999931e-02 -2.231268483144392689e-02 9.997446022224367734e-01 -3.588094579905826923e-03 -1.016548000000000035e-01 -5.712961411767544448e-03 3.461427063033648607e-03 9.999776900484305120e-01 5.379193299999999844e+00
9.998434234258078979e-01 1.729489171720676940e-02 3.743708408876140082e-03 -1.270669999999999959e-02 -1.728331658742572954e-02 9.998458189342565028e-01 -3.102471180330384180e-03 -1.032504999999999951e-01 -3.796788103043395157e-03 3.037281708379824599e-03 9.999881795901012227e-01 5.457684000000000424e+00
9.998663390444684218e-01 1.620273492636586585e-02 2.185274975395848363e-03 -1.273110000000000040e-02 -1.619290433870483256e-02 9.998590120558459304e-01 -4.443631373703261882e-03 -1.047320999999999946e-01 -2.256965859228252450e-03 4.407651485057472764e-03 9.999877392815856858e-01 5.536634399999999623e+00
9.998535538753535734e-01 1.699432551900616553e-02 2.015862837486541697e-03 -1.279639999999999944e-02 -1.698595989112354834e-02 9.998473347873624295e-01 -4.096862846767799701e-03 -1.055640000000000051e-01 -2.085178506182502629e-03 4.062021511777130084e-03 9.999895759515872173e-01 5.575943500000000164e+00
9.998309004602418115e-01 1.827820015926827357e-02 2.019377082095550561e-03 -1.297599999999999969e-02 -1.827221379709564192e-02 9.998287143599817739e-01 -2.944171227915758082e-03 -1.064926999999999957e-01 -2.072845342806608430e-03 2.906774880135143575e-03 9.999936269656827248e-01 5.615689299999999662e+00
9.998511036200139479e-01 1.719437641245459558e-02 1.457398239010597061e-03 -1.300429999999999989e-02 -1.718908925088633716e-02 9.998458980769251436e-01 -3.565853260032613836e-03 -1.072937999999999947e-01 -1.518486274323858866e-03 3.540270968986195411e-03 9.999925803129245949e-01 5.655447500000000183e+00
9.998525834618486874e-01 1.714005268039581198e-02 1.014858995123004825e-03 -1.303570000000000076e-02 -1.713498789249041920e-02 9.998416392611044756e-01 -4.805058750057541322e-03 -1.079994999999999983e-01 -1.097057241411045474e-03 4.786960808336977041e-03 9.999879406631003720e-01 5.695046399999999842e+00
9.998666896366591450e-01 1.632486756074068637e-02 3.188324843364583766e-04 -1.319290000000000046e-02 -1.632315023475664970e-02 9.998552481142655157e-01 -4.799748407386433997e-03 -1.099289999999999989e-01 -3.971415898085768679e-04 4.793904200640756487e-03 9.999884303136076236e-01 5.774323899999999732e+00
9.998631511972118080e-01 1.654294082859308554e-02 9.993359419472699792e-05 -1.341089999999999990e-02 -1.654221875865815108e-02 9.998502326678759822e-01 -5.085983929888916386e-03 -1.107339999999999991e-01 -1.840557586142625528e-04 5.083634795700602699e-03 9.999870613066659253e-01 5.814104600000000289e+00
9.998619381452840127e-01 1.661343252354504155e-02 -3.138600673443874521e-04 -1.361850000000000040e-02 -1.661489623230251803e-02 9.998471262389191372e-01 -5.446960158177227215e-03 -1.114827000000000040e-01 2.233193813291238028e-04 5.451422893205616280e-03 9.999851159476792484e-01 5.854305300000000045e+00
9.998507286139844963e-01 1.725302197946552638e-02 -9.239711362340258987e-04 -1.377270000000000057e-02 -1.725795363304480010e-02 9.998352430516470601e-01 -5.625814452459582636e-03 -1.124382000000000020e-01 8.267566051685738869e-04 5.640920530366195194e-03 9.999837481124810301e-01 5.894339600000000345e+00
9.998542014550256818e-01 1.705256098570073070e-02 -8.865644714573107498e-04 -1.412440000000000050e-02 -1.705726245991272955e-02 9.998388452345532418e-01 -5.597620691770094532e-03 -1.133952000000000016e-01 7.909678291466296692e-04 5.611926929695196416e-03 9.999839401940558981e-01 5.934088700000000216e+00
9.998573002607105131e-01 1.683775595379560092e-02 -1.367146591944869930e-03 -1.462959999999999955e-02 -1.684530538263838417e-02 9.998417903418208574e-01 -5.712265104851545205e-03 -1.151274000000000047e-01 1.270748570371004697e-03 5.734479967954474178e-03 9.999827503200082734e-01 6.014658500000000352e+00
9.998853543231694951e-01 1.508712458434099610e-02 -1.287199210103696315e-03 -1.501770000000000015e-02 -1.509428514087170214e-02 9.998695563180423074e-01 -5.747425897501816372e-03 -1.168855000000000033e-01 1.200319172544439712e-03 5.766196331880173859e-03 9.999826549564478917e-01 6.095022700000000349e+00
9.999101654741984202e-01 1.337408366116177132e-02 -8.915534674913637696e-04 -1.579399999999999901e-02 -1.337804454623774987e-02 9.998999495216519540e-01 -4.595527251225769647e-03 -1.188495999999999997e-01 8.300033012154262469e-04 4.607041656217799805e-03 9.999890430708217037e-01 6.175281499999999646e+00
9.998976981104836792e-01 1.425681970159651570e-02 -1.156029996237115196e-03 -1.597120000000000137e-02 -1.426236272970787290e-02 9.998860967278951906e-01 -4.937466923469022335e-03 -1.197571000000000052e-01 1.085505744927398042e-03 4.953449530406083164e-03 9.999871424248550911e-01 6.215643899999999888e+00
9.998912415365318607e-01 1.471510364734894202e-02 -9.853035982345479272e-04 -1.613670000000000035e-02 -1.472038115887883136e-02 9.998760665970284345e-01 -5.582277760211951621e-03 -1.207116000000000022e-01 9.030376903768487680e-04 5.596174684783325297e-03 9.999839335468481138e-01 6.256291899999999906e+00
9.998745969735943762e-01 1.581375607756686438e-02 -8.458401807361761804e-04 -1.625400000000000109e-02 -1.581756668648007583e-02 9.998638195896297765e-01 -4.706045022627474393e-03 -1.216775999999999969e-01 7.713047457953773863e-04 4.718834003804134834e-03 9.999885687819805025e-01 6.297064299999999726e+00
9.998656096697612350e-01 1.639392232037535993e-02 4.371121373634095859e-05 -1.656279999999999905e-02 -1.639374716837160503e-02 9.998620473713649703e-01 -2.670445678523804007e-03 -1.225392000000000009e-01 -8.748426267400651979e-05 2.669370205860766270e-03 9.999964333982436226e-01 6.337262199999999623e+00
9.998679984584859515e-01 1.623946102553059517e-02 5.153292358205065942e-04 -1.652990000000000015e-02 -1.623824791152088387e-02 9.998655585740651164e-01 -2.276857952688300830e-03 -1.233421999999999991e-01 -5.522349002065680057e-04 2.268189360041429278e-03 9.999972751731086573e-01 6.377973599999999799e+00
9.998689269420556469e-01 1.614717143929207677e-02 1.182281799027480118e-03 -1.671229999999999938e-02 -1.614209877414006511e-02 9.998609651474786864e-01 -4.181270323493577364e-03 -1.239872999999999947e-01 -1.249633109399389064e-03 4.161637762027415276e-03 9.999905595495537369e-01 6.418263900000000355e+00
9.998725303089002203e-01 1.587785725174108500e-02 1.678327372945974741e-03 -1.676800000000000165e-02 -1.586861754640615449e-02 9.998595992219315720e-01 -5.382269124103940955e-03 -1.247874999999999956e-01 -1.763550635319935563e-03 5.354950312722331351e-03 9.999841070718599179e-01 6.458765999999999785e+00
9.998580840380379975e-01 1.676665482391304085e-02 1.640448048376870081e-03 -1.677659999999999915e-02 -1.675886308077101372e-02 9.998487312874559940e-01 -4.653498802473936963e-03 -1.258239999999999914e-01 -1.718223508057169962e-03 4.625346352481029405e-03 9.999878268654553981e-01 6.499547500000000255e+00
9.998580042824666281e-01 1.675746183089774771e-02 1.777285927739733319e-03 -1.699960000000000013e-02 -1.675089156324435780e-02 9.998530339217108764e-01 -3.649409457217412094e-03 -1.267193000000000069e-01 -1.838179566681573092e-03 3.619120132850513118e-03 9.999917614987358094e-01 6.540333300000000349e+00
9.998575116652811401e-01 1.683134647013913993e-02 1.289241061387774853e-03 -1.693849999999999870e-02 -1.682700958895046867e-02 9.998529569850830301e-01 -3.303960726037125702e-03 -1.275081999999999882e-01 -1.344661595198816699e-03 3.281795878472855334e-03 9.999937108307264122e-01 6.580791500000000127e+00
9.998471919455768075e-01 1.743664036027152420e-02 1.247530156483333836e-03 -1.730479999999999866e-02 -1.743197054997377288e-02 9.998413491273843157e-01 -3.661007767928235734e-03 -1.281750999999999863e-01 -1.311167910540918507e-03 3.638701427505969255e-03 9.999925203173430921e-01 6.621553399999999812e+00
9.998202627503183226e-01 1.889961119301590206e-02 1.498963187437491167e-03 -1.746800000000000089e-02 -1.889423317075134348e-02 9.998152765184930013e-01 -3.524314562949243824e-03 -1.289959999999999996e-01 -1.565294468700481265e-03 3.495359352364869453e-03 9.999926661312191767e-01 6.662353000000000414e+00
9.997984665200427834e-01 1.998017877736258871e-02 1.954175067795800927e-03 -1.781419999999999879e-02 -1.997294055818501710e-02 9.997938367893497436e-01 -3.655894348910422066e-03 -1.296721999999999875e-01 -2.026817611472031197e-03 3.616126941330557662e-03 9.999914077812439572e-01 6.702898000000000245e+00
9.997997027850398233e-01 1.994291585626576865e-02 1.683573014728831059e-03 -1.783099999999999963e-02 -1.993784033068416936e-02 9.997967818132048601e-01 -2.979529980909189236e-03 -1.306474999999999997e-01 -1.742651397773933809e-03 2.945366379399410369e-03 9.999941439743519345e-01 6.743557499999999649e+00
9.998255925690971990e-01 1.860604896609088788e-02 1.612261059839059738e-03 -1.791660000000000127e-02 -1.860149378689135435e-02 9.998230685503822768e-01 -2.795715184663674809e-03 -1.315114000000000005e-01 -1.663993013773676539e-03 2.765237127073338214e-03 9.999947922818803736e-01 6.784612700000000274e+00
9.998592646211047485e-01 1.669210706921020124e-02 1.680628731632560508e-03 -1.798220000000000027e-02 -1.668829701450779204e-02 9.998581953193120819e-01 -2.256101851372455114e-03 -1.322429999999999994e-01 -1.718049504274068821e-03 2.227737506578976283e-03 9.999960427379213090e-01 6.825651200000000252e+00
9.998969256384656612e-01 1.431689529504810536e-02 1.079169984474274068e-03 -1.765819999999999890e-02 -1.431515818731966296e-02 9.998962518367068286e-01 -1.600565205474161748e-03 -1.329322000000000004e-01 -1.101973147030174292e-03 1.584951739198756917e-03 9.999981367898480578e-01 6.867073500000000053e+00
9.999196373281487027e-01 1.266099114107055099e-02 6.466752425277479772e-04 -1.755610000000000157e-02 -1.265968829813621938e-02 9.999179015219162858e-01 -1.980532302512454882e-03 -1.338523000000000074e-01 -6.716976534112362130e-04 1.972186434644414548e-03 9.999978296491095486e-01 6.907833100000000393e+00
9.999322918750825906e-01 1.163636128886530799e-02 8.222772986109550832e-05 -1.746999999999999942e-02 -1.163601049758521827e-02 9.999264064126210938e-01 -3.432931464760717935e-03 -1.343806999999999918e-01 -1.221685092313423151e-04 3.431742224680412942e-03 9.999941040926983993e-01 6.948714299999999788e+00
9.999462285256014438e-01 1.033969521843433430e-02 7.942041397571624004e-04 -1.763779999999999862e-02 -1.033801582739065326e-02 9.999443764228331810e-01 -2.090332295069312601e-03 -1.350313999999999959e-01 -8.157733621181753950e-04 2.082009399852835421e-03 9.999974998722149788e-01 6.989754699999999765e+00
9.999679830853391849e-01 7.945763454642618476e-03 9.474425373701366154e-04 -1.772960000000000161e-02 -7.946108744628177165e-03 9.999683639308233341e-01 3.612386068900212016e-04 -1.360760000000000025e-01 -9.445422474914507652e-04 -3.687555225756017851e-04 9.999994859295214811e-01 7.030517599999999589e+00
9.999746391470026863e-01 6.951188756889446589e-03 1.549850859896490353e-03 -1.802710000000000076e-02 -6.950322852453344989e-03 9.999756875066663220e-01 -5.633895780088776003e-04 -1.366914999999999936e-01 -1.553729406458194797e-03 5.526033261191764037e-04 9.999986402763233473e-01 7.071258099999999658e+00
9.999757202607666429e-01 6.576561809829338870e-03 2.303849761249869739e-03 -1.814069999999999919e-02 -6.572954689849081281e-03 9.999771657669188629e-01 -1.569780686966367909e-03 -1.374135999999999969e-01 -2.314120914323147815e-03 1.554599473007719839e-03 9.999961140248857516e-01 7.111796400000000240e+00
9.999489357622215469e-01 9.361798927609597809e-03 3.805599668834554368e-03 -1.830740000000000145e-02 -9.355156050043909877e-03 9.999546913644503654e-01 -1.759623114806244028e-03 -1.389757000000000076e-01 -3.821900480095301658e-03 1.723931282227166711e-03 9.999912105301997922e-01 7.193639799999999696e+00
9.999192525628721739e-01 1.173494567359339644e-02 4.876413040853060099e-03 -1.848450000000000093e-02 -1.172135934521947170e-02 9.999273670004688030e-01 -2.805433765041414305e-03 -1.395177999999999974e-01 -4.908980465170575958e-03 2.748049043887302451e-03 9.999841749434063010e-01 7.234620600000000401e+00
