1.000000000000000000e+00 0.000000000000000000e+00 0.000000000000000000e+00 0.000000000000000000e+00 0.000000000000000000e+00 1.000000000000000000e+00 0.000000000000000000e+00 0.000000000000000000e+00 0.000000000000000000e+00 0.000000000000000000e+00 1.000000000000000000e+00 0.000000000000000000e+00
9.999987845051719892e-01 -1.458085539365068040e-03 -5.522451797385765975e-04 1.537999999999999979e-04 1.457513073808379455e-03 9.999984015901809409e-01 -1.035602589269021215e-03 -5.798999999999999468e-04 5.537542941844009583e-04 1.034796425930013634e-03 9.999993112760321434e-01 3.557439999999999908e-02
9.999985483573208267e-01 -1.703422829537942253e-03 -4.042171443085009630e-05 -1.866000000000000091e-04 1.703375277500588075e-03 9.999978895733574458e-01 -1.148634622167534012e-03 -1.141899999999999946e-03 4.237823956198488680e-05 1.148564101411458146e-03 9.999993395020767561e-01 7.038759999999999462e-02
9.999973532769196316e-01 -2.291217858957215591e-03 -2.091886190335309954e-04 -2.032000000000000061e-04 2.291179245594584992e-03 9.999973581994199279e-01 -1.846397721408408001e-04 -1.734599999999999987e-03 2.096111163423187637e-04 1.841599948281501253e-04 9.999999610741373557e-01 1.056486999999999982e-01
9.999929605960573564e-01 -3.751435628159559971e-03 7.408818945117871617e-05 -3.260000000000000094e-04 3.751349842202696648e-03 9.999923297864804494e-01 1.125940748153219035e-03 -2.392200000000000142e-03 -7.831151541676497556e-05 -1.125654891483670759e-03 9.999993633839833196e-01 1.409482999999999986e-01
9.999954095019560896e-01 -3.029631815362105601e-03 4.802164673355916233e-05 -5.594999999999999930e-04 3.029559627762986804e-03 9.999943768399887079e-01 1.438074012198225626e-03 -2.963700000000000102e-03 -5.237821148035674438e-05 -1.437921926280083008e-03 9.999989648179926638e-01 1.760278000000000120e-01
9.999976351500711180e-01 -2.163232164938586402e-03 -2.238768986642368259e-04 -7.667999999999999903e-04 2.163165218818902114e-03 9.999976157019112577e-01 -2.988423141507134278e-04 -3.581700000000000161e-03 2.245228301811907489e-04 2.983573247130005368e-04 9.999999302862002670e-01 2.118218000000000045e-01
9.999998667977417766e-01 4.992374021502970355e-04 -1.310210476128454067e-04 -1.126700000000000011e-03 -4.995617851858724125e-04 9.999967812229838549e-01 -2.487565415109085302e-03 -4.164799999999999752e-03 1.297787401897907431e-04 2.487630536868197257e-03 9.999968974210822203e-01 2.471031999999999951e-01
9.999917500636742451e-01 4.036610117908420378e-03 -4.534129973198566246e-04 -1.097300000000000055e-03 -4.038161268715999286e-03 9.999858125822990162e-01 -3.473886539176850551e-03 -4.796899999999999775e-03 4.393838390077653942e-04 3.475688834638608442e-03 9.999938632456535359e-01 2.832608999999999821e-01
9.999803087948727631e-01 6.263882822276364316e-03 -3.818304594204969204e-04 -1.304599999999999944e-03 -6.265234782308444321e-03 9.999737161427963983e-01 -3.648815792663150526e-03 -5.375699999999999749e-03 3.589646688779120159e-04 3.651136200558212103e-03 9.999932701517603162e-01 3.191527000000000114e-01
9.999739535933392931e-01 7.217290354649759550e-03 -5.343072878232994337e-05 -1.556899999999999951e-03 -7.217403418243077164e-03 9.999706828883525578e-01 -2.557821670896856785e-03 -6.160200000000000224e-03 3.496862067341081437e-05 2.558140679958003944e-03 9.999967273413733482e-01 3.548916999999999766e-01
9.999891961652395134e-01 4.615729879681174097e-03 5.500822448196593601e-04 -1.781999999999999947e-03 -4.615845075839687325e-03 9.999893252292377799e-01 2.083310095509091576e-04 -6.884099999999999768e-03 -5.491147731521472996e-04 -2.108678531981641633e-04 9.999998270038422676e-01 3.907571000000000239e-01
9.999995452539532925e-01 7.748758013337074622e-04 5.559310920714417934e-04 -1.681699999999999948e-03 -7.759232415309599232e-04 9.999979197478837678e-01 1.886383584598122455e-03 -7.396999999999999929e-03 -5.544682226028727848e-04 -1.886814086627672813e-03 9.999980662469265535e-01 4.268641000000000241e-01
9.999982697915112961e-01 -1.811917930077624203e-03 4.211500902750630508e-04 -1.796599999999999977e-03 1.812080611373490446e-03 9.999982835980526508e-01 -3.862185995681703611e-04 -8.047600000000000239e-03 -4.204495710067409535e-04 3.869810892425364838e-04 9.999998367338841510e-01 4.629038999999999793e-01
9.999957133740252635e-01 -2.919126485635512025e-03 2.278906206952058873e-04 -1.889700000000000017e-03 2.919663160689866220e-03 9.999928786763494504e-01 -2.391268202397314399e-03 -8.663499999999999326e-03 -2.209085834684629908e-04 2.391923315774835759e-03 9.999971149469627507e-01 4.991758000000000028e-01
9.999996290592437775e-01 -5.288125433421186168e-04 6.798813636989752517e-04 -1.959499999999999870e-03 5.315851699428261962e-04 9.999915174650306771e-01 -4.084411241816886425e-03 -9.330299999999999705e-03 -6.777157086846924850e-04 4.084771141592555450e-03 9.999914276363267573e-01 5.356923999999999575e-01
9.999960358363626511e-01 2.378146515506464158e-03 1.507557863180429558e-03 -2.201499999999999898e-03 -2.375046183618050033e-03 9.999950680712774709e-01 -2.054991179237374010e-03 -9.982400000000000648e-03 -1.512437498124803281e-03 2.051402513366535826e-03 9.999967521349968358e-01 5.721703999999999679e-01
9.999929120635694391e-01 3.114973767743636941e-03 2.114890315953887098e-03 -2.444200000000000105e-03 -3.117813793515875932e-03 9.999942405886751429e-01 1.340905152418483091e-03 -1.050869999999999929e-02 -2.110701251055834959e-03 -1.347489482366857720e-03 9.999968646012464824e-01 6.091484999999999816e-01
9.999959816214119002e-01 9.395466973183709937e-04 2.674694941946291829e-03 -2.560600000000000116e-03 -9.480490777634052691e-04 9.999944965122601337e-01 3.179331397868323875e-03 -1.094750000000000063e-02 -2.671693091480922821e-03 -3.181854364184120813e-03 9.999913688921669985e-01 6.457992999999999650e-01
9.999916660297781812e-01 -3.307877692281775174e-03 2.392867769301072842e-03 -2.574499999999999966e-03 3.304506688011399178e-03 9.999935441338014819e-01 1.411356180335733004e-03 -1.146239999999999933e-02 -2.397520914891720315e-03 -1.403437170588171410e-03 9.999961411213399431e-01 6.824639999999999596e-01
9.999898979066013105e-01 -4.061908649625582853e-03 1.924833205045079149e-03 -2.271099999999999855e-03 4.063270416857761753e-03 9.999914970084190502e-01 -7.040911734181391204e-04 -1.215429999999999983e-02 -1.921956884177109621e-03 7.119051784427891721e-04 9.999978996341704063e-01 7.193270999999999971e-01
9.999877597267894380e-01 -3.972199614663942183e-03 2.949919798580701198e-03 -2.580400000000000055e-03 3.982164701362783665e-03 9.999863591190698564e-01 -3.379931963471983266e-03 -1.270540000000000037e-02 -2.936453794633081885e-03 3.391637658675077018e-03 9.999899369659197568e-01 7.558232999999999757e-01
9.999940431461096235e-01 -1.133244799645239395e-03 3.260280435909664650e-03 -2.513500000000000109e-03 1.146347172160185448e-03 9.999912637948901173e-01 -4.019729102747175015e-03 -1.345900000000000048e-02 -3.255696616329389632e-03 4.023442571066385490e-03 9.999866060850114424e-01 7.929007000000000138e-01
9.999924053882174313e-01 -2.066735879680775372e-04 3.891844281973264388e-03 -2.740400000000000041e-03 2.305235312675036241e-04 9.999811925604954466e-01 -6.128734305784879453e-03 -1.425809999999999925e-02 -3.890504438838690571e-03 6.129584922114131133e-03 9.999736457346733998e-01 8.297501000000000460e-01
9.999929439487360572e-01 6.483499325846838433e-04 3.700229061148847028e-03 -2.582999999999999793e-03 -6.280429828093593830e-04 9.999847515445694501e-01 -5.486550861652209413e-03 -1.508840000000000008e-02 -3.703729843252199627e-03 5.484188245371425519e-03 9.999781027925249699e-01 8.668327000000000115e-01
9.999921274861623965e-01 8.479450269576289598e-04 3.876332665049221551e-03 -2.897700000000000015e-03 -8.308475943558134898e-04 9.999899298267918013e-01 -4.410208303803949542e-03 -1.577469999999999914e-02 -3.880033243906929556e-03 4.406952942708371873e-03 9.999827619053175409e-01 9.040616999999999681e-01
9.999926643736511966e-01 1.836181635570902429e-03 3.361493103847760372e-03 -2.854399999999999993e-03 -1.827008008735523346e-03 9.999946043569049037e-01 -2.730073041708545433e-03 -1.666139999999999982e-02 -3.366487876413658265e-03 2.723911540090767549e-03 9.999906234886902778e-01 9.417105999999999533e-01
9.999848550457256513e-01 4.602410340230987836e-03 3.017863190938364047e-03 -2.856399999999999825e-03 -4.595148133539184339e-03 9.999865407174806098e-01 -2.408941161070389178e-03 -1.728920000000000110e-02 -3.028909508373790749e-03 2.395037149357538524e-03 9.999925447243310783e-01 9.795059999999999878e-01
9.999507536005571851e-01 9.260100127708382339e-03 3.569442435816841310e-03 -3.083600000000000143e-03 -9.251658976777599186e-03 9.999543840937101802e-01 -2.374139411682245956e-03 -1.877130000000000118e-02 -3.591264381134498789e-03 2.340999229711029136e-03 9.999908112291588935e-01 1.054133999999999904e+00
9.999439804095615614e-01 1.012929015021290201e-02 3.071404196003821047e-03 -3.117400000000000206e-03 -1.012201209287388708e-02 9.999459483432558971e-01 -2.375976241129038741e-03 -1.949920000000000125e-02 -3.095305134254904087e-03 2.344754349499065214e-03 9.999924605781617126e-01 1.092127899999999929e+00
9.999530310745577966e-01 9.262657859949518374e-03 2.852860700058533309e-03 -3.246100000000000027e-03 -9.255913037321848030e-03 9.999543582664285335e-01 -2.368429399540181775e-03 -2.025010000000000004e-02 -2.874668441743930859e-03 2.341912326408964341e-03 9.999931258403756962e-01 1.129543200000000081e+00
9.999589472662754330e-01 8.784868374343491465e-03 2.220331004085075461e-03 -3.329799999999999947e-03 -8.778131390029302039e-03 9.999568930195372740e-01 -3.025972903590249535e-03 -2.097500000000000059e-02 -2.246818065982231650e-03 3.006358321847165879e-03 9.999929567843061085e-01 1.166867499999999946e+00
9.999697965405320854e-01 7.755531912083580941e-03 5.076725790905340166e-04 -3.667199999999999800e-03 -7.754747336633497322e-03 9.999687616520133160e-01 -1.529579642945034330e-03 -2.241579999999999961e-02 -5.195194239707785940e-04 1.525596571767701267e-03 9.999987013264909352e-01 1.242878099999999986e+00
9.999635912230389057e-01 8.516783190207015061e-03 -5.297475004706128773e-04 -3.899800000000000141e-03 -8.517853949556447937e-03 9.999616150197431219e-01 -2.052961568367641862e-03 -2.305389999999999870e-02 5.122425375476516744e-04 2.057399134386940498e-03 9.999977523556663472e-01 1.280807599999999935e+00
9.999611609612791829e-01 8.416353686751977883e-03 -2.615637511248361004e-03 -4.525000000000000376e-03 -8.417882931536906435e-03 9.999644041391865246e-01 -5.741964059375581067e-04 -2.448820000000000163e-02 2.610711765341540078e-03 5.961922350621397292e-04 9.999964143630202251e-01 1.357018400000000069e+00
9.999698736123870946e-01 6.873965742251521641e-03 -3.605615426087345476e-03 -4.560400000000000044e-03 -6.872330959071908107e-03 9.999762768637340260e-01 4.655930989626563062e-04 -2.529690000000000064e-02 3.608730360593367763e-03 -4.408000898052797842e-04 9.999933913583956002e-01 1.395311799999999991e+00
9.999862718281510299e-01 2.571137865684980546e-03 -4.565676873250202467e-03 -4.878099999999999797e-03 -2.570044765152087150e-03 9.999966673512348247e-01 2.452678717183360462e-04 -2.675649999999999903e-02 4.566292274965019077e-03 -2.335305106913714024e-04 9.999895471645491307e-01 1.471860100000000005e+00
9.999895359481159041e-01 1.411337024789219210e-03 -4.351565473958545101e-03 -5.367499999999999875e-03 -1.406255162411277487e-03 9.999983259963545201e-01 1.170662593056371855e-03 -2.844779999999999878e-02 4.353210388883195330e-03 -1.164530931769934422e-03 9.999898466619643322e-01 1.548236500000000015e+00
9.999947567300540019e-01 -1.245254380030061349e-03 -2.989289870407648309e-03 -6.040000000000000230e-03 1.249541538086335534e-03 9.999981929582860696e-01 1.432733787943452292e-03 -2.986899999999999972e-02 2.987500350611304017e-03 -1.436461517595896470e-03 9.999945056948881250e-01 1.624357800000000074e+00
9.999919776932172377e-01 -3.148847970237761418e-03 -2.475743457693137597e-03 -6.144300000000000109e-03 3.150338789605878001e-03 9.999948585675637602e-01 5.985014191851302729e-04 -3.053950000000000067e-02 2.473846138846435248e-03 -6.062960484710192824e-04 9.999967562399304510e-01 1.662241899999999939e+00
9.999944422261324295e-01 -2.601443776740309383e-03 -2.085187550967771471e-03 -6.235799999999999677e-03 2.601749020745117852e-03 9.999966051221865770e-01 1.436876293034982906e-04 -3.133930000000000049e-02 2.084806676721771748e-03 -1.491119653889473877e-04 9.999978156709855570e-01 1.699929999999999941e+00
9.999960832116735476e-01 2.721004028020044575e-03 -6.555138375646027806e-04 -6.706900000000000014e-03 -2.720189757172960208e-03 9.999955316070616718e-01 1.239892574055870798e-03 -3.289319999999999744e-02 6.588846611595180732e-04 -1.238104595632482426e-03 9.999990164835231843e-01 1.776124100000000094e+00
9.999808607434256258e-01 6.184351510606297085e-03 1.787266938028813669e-04 -7.027699999999999572e-03 -6.184778839550355602e-03 9.999777528638323920e-01 2.498457145126875296e-03 -3.357260000000000105e-02 -1.632713804261370601e-04 -2.499514711588428795e-03 9.999968628794106973e-01 1.814219500000000096e+00
9.999471910044764877e-01 1.024722636390366926e-02 7.807394597890493027e-04 -7.364400000000000113e-03 -1.024928453169367606e-02 9.999438848312125483e-01 2.679431889649777371e-03 -3.414500000000000174e-02 -7.532389033625806361e-04 -2.687292412411609616e-03 9.999961055377389885e-01 1.852397300000000024e+00
9.998982794389127404e-01 1.420155228735679037e-02 1.321623142709160963e-03 -7.534500000000000398e-03 -1.420490306836756644e-02 9.998958243581597127e-01 2.561476124122387746e-03 -3.488179999999999753e-02 -1.285108524660458391e-03 -2.579989097968925053e-03 9.999958460675394400e-01 1.890149000000000079e+00
9.998467252345566436e-01 1.740394069450873840e-02 1.904963525925269666e-03 -7.755800000000000194e-03 -1.740750750400293576e-02 9.998467252345566436e-01 1.872089803178344754e-03 -3.548119999999999746e-02 -1.872089803178344754e-03 -1.904963525925269666e-03 9.999964331905057957e-01 1.928045599999999915e+00
9.998111989405760180e-01 1.923665661799375121e-02 2.741808740485465138e-03 -8.004400000000000057e-03 -1.924111668176504975e-02 9.998135767761006099e-01 1.609696561210250234e-03 -3.606109999999999871e-02 -2.710332423653581593e-03 -1.662148110688906619e-03 9.999949456681326287e-01 1.965921999999999947e+00
9.998298472848697882e-01 1.816762750769074924e-02 3.195901915862781571e-03 -8.131499999999999839e-03 -1.817400662286452334e-02 9.998328816636499194e-01 1.978440657150993924e-03 -3.750810000000000255e-02 -3.159424249146274011e-03 -2.036186362686371112e-03 9.999929359668048301e-01 2.040719300000000125e+00
9.998426436991914024e-01 1.747810626176529020e-02 3.033750502961767709e-03 -8.266300000000000731e-03 -1.748131415265063299e-02 9.998466553657482381e-01 1.034122537787645095e-03 -3.822890000000000316e-02 -3.015210789997340921e-03 -1.086993757693552722e-03 9.999948634610392739e-01 2.078485699999999881e+00
9.998484701678314046e-01 1.721005296378160312e-02 2.617399478676031826e-03 -8.179499999999999271e-03 -1.721184295462961297e-02 9.998516455089003774e-01 6.628991245524778119e-04 -3.878680000000000322e-02 -2.605602646665176100e-03 -7.078489443358909139e-04 9.999963548857164763e-01 2.115634399999999804e+00
9.998522217011314162e-01 1.711551129355281045e-02 1.610600034661360380e-03 -7.908699999999999411e-03 -1.711642306681914957e-02 9.998533497995640840e-01 5.540360892630499063e-04 -4.030589999999999867e-02 -1.600881228900637773e-03 -5.815219263369642662e-04 9.999985495047181150e-01 2.189523700000000073e+00
9.998648555534019877e-01 1.643825499276858199e-02 -2.332422932207515944e-04 -8.255800000000000638e-03 -1.643782273266063132e-02 9.998633622973654989e-01 1.747775505325955799e-03 -4.163979999999999765e-02 2.619408029563117407e-04 -1.743705307702789154e-03 9.999984454381994903e-01 2.264237899999999915e+00
9.999228123698081783e-01 1.212406722556222741e-02 -2.715933792161991187e-03 -8.413399999999999698e-03 -1.211503295283986037e-02 9.999211036156715471e-01 3.318511800343224537e-03 -4.291890000000000288e-02 2.755953374961897257e-03 -3.285352024891818705e-03 9.999908055492647829e-01 2.338215799999999955e+00
9.999459542871019790e-01 9.850943674963594590e-03 -3.323764969073729567e-03 -8.635999999999999580e-03 -9.839962424341588618e-03 9.999461272726603012e-01 3.304193077929729917e-03 -4.352170000000000344e-02 3.356135328691699834e-03 -3.271308778056251920e-03 9.999890173869581123e-01 2.374907299999999832e+00
9.999582289071987651e-01 8.240051877839424388e-03 -3.954995047886835334e-03 -8.914099999999999455e-03 -8.227755666704680837e-03 9.999612987248528428e-01 3.115299214312222242e-03 -4.430039999999999673e-02 3.980512211676207231e-03 -3.082628351942597478e-03 9.999873263821779101e-01 2.411629399999999812e+00
9.999645221762969438e-01 7.365828727167206269e-03 -4.086435597469397114e-03 -9.223300000000000248e-03 -7.355228279309698747e-03 9.999695619122291879e-01 2.603049370209342857e-03 -4.488319999999999810e-02 4.105484830013334495e-03 -2.572900353014610959e-03 9.999882625201578223e-01 2.448447900000000121e+00
9.999495083636273929e-01 9.294931977824842997e-03 -3.819026429271862953e-03 -1.026679999999999954e-02 -9.292032153435403688e-03 9.999565267620986742e-01 7.763532313417629378e-04 -4.696000000000000174e-02 3.826076554303438088e-03 -7.408275156210955168e-04 9.999924061275629050e-01 2.557956499999999966e+00
9.999383791244879083e-01 1.051658797833425300e-02 -3.555183706343641083e-03 -1.075839999999999956e-02 -1.051268583418646548e-02 9.999441190966794624e-01 1.114504606252697452e-03 -4.760380000000000167e-02 3.566705825210575529e-03 -1.077061400115488735e-03 9.999930592500614335e-01 2.594770200000000138e+00
9.999169705219067561e-01 1.258562287338745381e-02 -2.766615112577014163e-03 -1.181409999999999925e-02 -1.257501022085464118e-02 9.999136328413562591e-01 3.820468027186411149e-03 -4.901160000000000239e-02 2.814459137680682451e-03 -3.785360602402215117e-03 9.999888748705517694e-01 2.667597100000000054e+00
9.999267841913971333e-01 1.176854886174822160e-02 -2.815584191540397140e-03 -1.203010000000000017e-02 -1.176260610321519171e-02 9.999285750422161057e-01 2.117997097172229400e-03 -4.951350000000000195e-02 2.840308840885491602e-03 -2.084723418506612309e-03 9.999937932677165353e-01 2.703949900000000017e+00
9.999372983691364736e-01 1.079786715297436847e-02 -2.967388612762330517e-03 -1.238140000000000074e-02 -1.080019148681057861e-02 9.999413810041483108e-01 -7.683875096068693315e-04 -5.112250000000000127e-02 2.958917721170808545e-03 8.003876956904962649e-04 9.999953020816927385e-01 2.776139999999999830e+00
9.999805024965134903e-01 5.884901235492984162e-03 -2.088675242573496786e-03 -1.278980000000000047e-02 -5.879832752828472939e-03 9.999797743560614460e-01 2.424550597376383745e-03 -5.241210000000000313e-02 2.102901238577752942e-03 -2.412222263591352195e-03 9.999948794819560893e-01 2.848736999999999853e+00
9.999925859199410016e-01 3.811895530972364207e-03 -5.454884144462092367e-04 -1.302580000000000057e-02 -3.811289118740628264e-03 9.999921226854473488e-01 1.108441386174415519e-03 -5.330680000000000140e-02 5.497093802286869739e-04 -1.106354154042859779e-03 9.999992368997503434e-01 2.920710600000000046e+00
9.999822124781729826e-01 5.964137333129288475e-03 -6.158838890179986340e-05 -1.308229999999999983e-02 -5.964207130325392854e-03 9.999814900744332657e-01 -1.203221435389609977e-03 -5.405669999999999920e-02 5.441107102247693289e-05 1.203567358970298587e-03 9.999992742322605377e-01 2.956745600000000085e+00
9.999664065726194817e-01 8.140889788460149712e-03 9.547982481550189695e-04 -1.322219999999999993e-02 -8.137751919734832057e-03 9.999616210994534127e-01 -3.245507948834249791e-03 -5.475900000000000212e-02 -9.811829265670419901e-04 3.237629009821775018e-03 9.999942775028561881e-01 2.992780000000000218e+00
9.999092816853620835e-01 1.281708484601058913e-02 4.141344650398772961e-03 -1.392790000000000000e-02 -1.281192963116998575e-02 9.999171186670886557e-01 -1.268958483671059952e-03 -5.631619999999999682e-02 -4.157265758785380280e-03 1.215784749656744369e-03 9.999906194604294418e-01 3.064803599999999850e+00
9.999148172258528477e-01 1.171504596039173868e-02 5.754649453724025067e-03 -1.388789999999999990e-02 -1.172364887200249770e-02 9.999302046806675115e-01 1.463497319556787083e-03 -5.760950000000000099e-02 -5.737102867766237339e-03 -1.530838144372071667e-03 9.999823709372382963e-01 3.137180600000000208e+00
9.999007875075879292e-01 1.232575888472611444e-02 6.818416943925375250e-03 -1.385379999999999945e-02 -1.233082850100368846e-02 9.999237260388438298e-01 7.019779726350491118e-04 -5.810409999999999880e-02 -6.809244465023158756e-03 -7.859850576346470588e-04 9.999765079327137540e-01 3.173447599999999813e+00
9.998610837411786578e-01 1.446754708120337983e-02 8.276672119213859813e-03 -1.395129999999999981e-02 -1.447024625549141012e-02 9.998952650376010665e-01 2.663244093517927176e-04 -5.874490000000000267e-02 -8.271952201339496241e-03 -3.860528963021972394e-04 9.999657122971468137e-01 3.209425899999999832e+00
9.998185041310467813e-01 1.662305329073494875e-02 9.307679434169831290e-03 -1.377339999999999988e-02 -1.662383883533283258e-02 9.998618144188355927e-01 7.032129039144830742e-06 -5.948790000000000328e-02 -9.306276351622164156e-03 -1.617602155813554978e-04 9.999566825888508426e-01 3.245396099999999784e+00
9.997962044861754549e-01 1.731240697143703738e-02 1.038412537929807658e-02 -1.366589999999999992e-02 -1.730142488213154417e-02 9.998496618247131318e-01 -1.146492937101031145e-03 -6.003399999999999709e-02 -1.040241280115357381e-02 9.665991217672571453e-04 9.999454262578794106e-01 3.281421700000000108e+00
9.997676321345769779e-01 1.830768689428178067e-02 1.138026083189731981e-02 -1.347600000000000013e-02 -1.828616937400684775e-02 9.998308097168294717e-01 -1.991971539506178380e-03 -6.062680000000000152e-02 -1.141480379359221566e-02 1.783407292239109522e-03 9.999332586291865832e-01 3.317472200000000093e+00
9.997711185212363461e-01 1.755817435371169119e-02 1.222379172599939376e-02 -1.305669999999999921e-02 -1.753179717286882169e-02 9.998437482230139173e-01 -2.261686813836820582e-03 -6.132089999999999763e-02 -1.226159282823153368e-02 2.046864118390756201e-03 9.999227288588831142e-01 3.353558500000000109e+00
9.997742106147627927e-01 1.688038253746189030e-02 1.290660586742348528e-02 -1.277260000000000027e-02 -1.686650774039278808e-02 9.998570503575517909e-01 -1.183117466484648675e-03 -6.199539999999999912e-02 -1.292473234815053051e-02 9.651609633541304717e-04 9.999160063515553087e-01 3.389602200000000121e+00
9.997779717983856784e-01 1.589710632576857297e-02 1.383073089802571397e-02 -1.254030000000000075e-02 -1.588752835376487649e-02 9.998734635184844954e-01 -8.021186684372350268e-04 -6.239290000000000114e-02 -1.384173217175912150e-02 5.822044461761250291e-04 9.999040291390310919e-01 3.426152899999999946e+00
9.997889792681458054e-01 1.493628118933485252e-02 1.410334847446174933e-02 -1.222960000000000019e-02 -1.493494405418172022e-02 9.998884474745617368e-01 -2.001324788528888198e-04 -6.317549999999999555e-02 -1.410476444530155138e-02 -1.054247369198182027e-05 9.999005228065434014e-01 3.461912900000000182e+00
9.998181846422220520e-01 1.267053249301314244e-02 1.424974614072237016e-02 -1.188750000000000050e-02 -1.267231654308717884e-02 9.999197023635471027e-01 3.490884081402758645e-05 -6.384230000000000460e-02 -1.424815960618538817e-02 -2.154797876045141068e-04 9.998984666036336844e-01 3.497884500000000063e+00
9.998682438266885963e-01 9.447455107896067517e-03 1.320002192869000265e-02 -1.104579999999999972e-02 -9.451523040090999833e-03 9.999553031420206350e-01 2.458258981657442241e-04 -6.498710000000000597e-02 -1.319710950004725214e-02 -3.705538204748211415e-04 9.999128456974187840e-01 3.570187300000000175e+00
9.999200777243251181e-01 6.528215065447977306e-03 1.082684496235702953e-02 -1.048040000000000083e-02 -6.544320664853227332e-03 9.999775303659953485e-01 1.452800798651962240e-03 -6.662250000000000116e-02 -1.081711749105244633e-02 -1.523539032728346695e-03 9.999403326189021390e-01 3.642135099999999959e+00
9.999520743530793121e-01 4.873772507134603582e-03 8.490897392059897422e-03 -1.004749999999999914e-02 -4.884908500809123644e-03 9.999872350557346135e-01 1.291276316581040518e-03 -6.760729999999999518e-02 -8.484495619217055987e-03 -1.332691688178186309e-03 9.999631179533331471e-01 3.714641600000000210e+00
9.999715202391318281e-01 4.157475741209174652e-03 6.298738453125344444e-03 -9.753400000000000611e-03 -4.161664771896304502e-03 9.999911276179613839e-01 6.520979102834182240e-04 -6.905079999999999552e-02 -6.295971487068530506e-03 -6.782925766186311423e-04 9.999799501301086524e-01 3.786795099999999969e+00
9.999845890777359081e-01 -3.573122725859926609e-03 4.249047071701159486e-03 -9.493299999999999655e-03 3.583244876678225860e-03 9.999907550831256264e-01 -2.376994832535578132e-03 -7.029370000000000063e-02 -4.240514495358801636e-03 2.392183577003429394e-03 9.999881476770354771e-01 3.858550500000000216e+00
9.998428853167299346e-01 -1.765198407827856669e-02 1.616211501177321859e-03 -8.850600000000000134e-03 1.764982144307870177e-02 9.998433281854498533e-01 1.342715930514696947e-03 -7.153959999999999486e-02 -1.639659886615832092e-03 -1.313979125716522537e-03 9.999977924847200939e-01 3.930281200000000030e+00
9.997852612641827674e-01 -2.070470562978484266e-02 8.640160263992098608e-04 -8.779800000000000798e-03 2.070855272108518622e-02 9.997744581168981348e-01 -4.710492677070503981e-03 -7.318209999999999993e-02 -7.662917903475837105e-04 4.727373673262503032e-03 9.999885323017686511e-01 4.002052800000000410e+00
9.998451776842198768e-01 -1.735027993486249615e-02 2.930605362842301966e-03 -9.297500000000000209e-03 1.736977716066169519e-02 9.998262546823171171e-01 -6.763969937781830373e-03 -7.491050000000000486e-02 -2.812739411991022325e-03 6.813826686390606936e-03 9.999728297623331486e-01 4.073615600000000114e+00
9.996620114197513063e-01 -2.571208557444671500e-02 3.840778518655354763e-03 -8.814300000000000607e-03 2.571396539329107861e-02 9.996692441168063548e-01 -4.408522265010722790e-04 -7.653509999999999480e-02 -3.828172928390785167e-03 5.394648693949372509e-04 9.999925270069196515e-01 4.146067600000000297e+00
9.995035876297495570e-01 -3.128175306044907872e-02 3.745696293705794676e-03 -8.311100000000000085e-03 3.127847526684717633e-02 9.995102756600717786e-01 9.305025032252720431e-04 -7.792469999999999952e-02 -3.772969684588811136e-03 -8.128809213923240745e-04 9.999925519344465830e-01 4.218048999999999715e+00
9.996720736605725355e-01 -2.492728240618915722e-02 5.863082381567566101e-03 -8.413800000000000792e-03 2.492462835400494417e-02 9.996891951721126324e-01 5.253166173587010086e-04 -7.918279999999999763e-02 -5.874354822930638598e-03 -3.790092028338443685e-04 9.999826740036241723e-01 4.290741399999999928e+00
9.997436708109002090e-01 -2.172865323108883959e-02 6.360684107032091653e-03 -8.366800000000000626e-03 2.173735006323633187e-02 9.997628689393062151e-01 -1.301346408885648747e-03 -7.990099999999999980e-02 -6.330899286410854310e-03 1.439277252892141564e-03 9.999789238755057985e-01 4.326932000000000222e+00
9.998244021102513646e-01 -1.704927410249709729e-02 7.777351570825951667e-03 -8.259000000000000716e-03 1.705482768825396928e-02 9.998543456690912601e-01 -6.483048336892313027e-04 -8.113520000000000454e-02 -7.765165639075119301e-03 7.808323836399296870e-04 9.999695457879637095e-01 4.400016299999999880e+00
9.998864511711527125e-01 -1.346131821873995139e-02 6.773306147804848860e-03 -8.086499999999999938e-03 1.348746709453011415e-02 9.999017055130203779e-01 -3.829822910669957066e-03 -8.233060000000000378e-02 -6.721085904229945167e-03 3.920742782553453959e-03 9.999697269319212101e-01 4.473463999999999885e+00
9.999721836507258210e-01 -3.757693125162866934e-03 6.442954848210420173e-03 -8.225800000000000126e-03 3.810191191666713415e-03 9.999594858265459241e-01 -8.155314132072891131e-03 -8.396420000000000272e-02 -6.412048649372509811e-03 8.179636170817509988e-03 9.999459881334746836e-01 4.546260799999999769e+00
9.999681719714071937e-01 2.982720448968559281e-03 7.399893437439121653e-03 -8.538399999999999809e-03 -2.945613818950640946e-03 9.999830597147909561e-01 -5.020322965153796099e-03 -8.553239999999999454e-02 -7.414742301102366338e-03 4.998365949802833011e-03 9.999600181679465516e-01 4.620021300000000330e+00
9.999777634064657139e-01 6.633474516565872423e-04 6.635711172198092457e-03 -8.162400000000000211e-03 -6.502445447138162794e-04 9.999978351794011067e-01 -1.976567363741556227e-03 -8.685809999999999365e-02 -6.637007957997623393e-03 1.972208576626477070e-03 9.999760299720666934e-01 4.693584900000000282e+00
9.999958859701609803e-01 -1.286583409787614212e-03 2.563736703027359905e-03 -7.725100000000000369e-03 1.303000685141421150e-03 9.999785920472362699e-01 -6.412303520700471729e-03 -8.833499999999999686e-02 -2.555431855344866485e-03 6.415617690973016846e-03 9.999761545245345884e-01 4.767640600000000006e+00
9.999845536776914567e-01 5.503021517701578089e-03 7.804871581956677844e-04 -8.416899999999999729e-03 -5.493964146037443042e-03 9.999225496274165570e-01 -1.116741261746738781e-02 -9.031309999999999338e-02 -8.418812211054441195e-04 1.116295215354917367e-02 9.999373379043444698e-01 4.842010499999999773e+00
9.999594732640088024e-01 8.997198756392540270e-03 3.197563199259901385e-04 -8.521499999999999561e-03 -8.993600678425011513e-03 9.999107383060452658e-01 -9.880818139020227167e-03 -9.154070000000000262e-02 -4.086274626077544608e-04 9.877541941056311101e-03 9.999511324003785839e-01 4.879236699999999871e+00
9.999301535114907269e-01 1.176184998519724106e-02 1.160596145235272226e-03 -9.214800000000000421e-03 -1.175606952201357913e-02 9.999190469218295352e-01 -4.867692711507919275e-03 -9.302509999999999946e-02 -1.217755262851596661e-03 4.853708671294512146e-03 9.999874792137418700e-01 4.954398199999999974e+00
9.999596788774479661e-01 8.917743184107184903e-03 1.055687365386301325e-03 -9.181800000000000378e-03 -8.914456703770270649e-03 9.999555284061835136e-01 -3.077933005591411159e-03 -9.461709999999999565e-02 -1.083088633368342211e-03 3.068398020566031909e-03 9.999947059122862303e-01 5.029400299999999824e+00
9.999917052602097511e-01 3.873158680620037136e-03 1.260179595317390813e-03 -9.155099999999999349e-03 -3.869617279071389370e-03 9.999885911705963526e-01 -2.800641133644377664e-03 -9.600319999999999687e-02 -1.271012545661446115e-03 2.795741490318154592e-03 9.999952841671945203e-01 5.104393499999999584e+00
9.999894991614436401e-01 -4.033313329190615915e-03 2.175764333215153123e-03 -8.959399999999999309e-03 4.033065265203930605e-03 9.999918601513169136e-01 1.183878188454959290e-04 -9.755079999999999307e-02 -2.176224117990473769e-03 -1.096115761165635720e-04 9.999976260141273388e-01 5.179652700000000110e+00
9.999868175749465626e-01 -3.993011397675273223e-03 3.228085548534900991e-03 -9.307899999999999160e-03 4.007342633010928072e-03 9.999820899373906835e-01 -4.445335698236591720e-03 -9.892399999999999805e-02 -3.210277457211066846e-03 4.458213142773562870e-03 9.999849091132433365e-01 5.255356800000000383e+00
9.999891633867259433e-01 3.304935529819169170e-03 3.278797075096927336e-03 -9.405300000000000119e-03 -3.273371283969640517e-03 9.999486966317291392e-01 -9.585882585523768790e-03 -9.973089999999999733e-02 -3.310309585704670089e-03 9.575045986829712474e-03 9.999486788554684535e-01 5.293619600000000425e+00
9.999147194262161253e-01 1.210226227542240962e-02 4.908067094930091898e-03 -9.913200000000000484e-03 -1.205575798564606504e-02 9.998831755738453175e-01 -9.396483584525895313e-03 -1.007095999999999963e-01 -5.021212421614832180e-03 9.336511777940465981e-03 9.999438069079868985e-01 5.331757999999999775e+00
9.997754907222481391e-01 2.030355771279453506e-02 6.060832887570009181e-03 -1.023680000000000076e-02 -2.026637640039421692e-02 9.997757968267644291e-01 -6.134335090757280472e-03 -1.014246000000000036e-01 -6.184022856148977190e-03 6.010126755017184373e-03 9.999628174275797532e-01 5.370433300000000187e+00
9.997492144860699037e-01 2.133000003044588366e-02 6.821966958846008289e-03 -1.030060000000000003e-02 -2.130244037227686793e-02 9.997647222675097867e-01 -4.087314956634916993e-03 -1.021559999999999968e-01 -6.907544330078271844e-03 3.940965372890462698e-03 9.999683768116158777e-01 5.408869300000000102e+00
9.998627932808080709e-01 1.580704973360864962e-02 4.952957845505664633e-03 -9.938300000000000606e-03 -1.579062136320101561e-02 9.998697464760709641e-01 -3.338616306447909129e-03 -1.038305999999999951e-01 -5.005086379289874418e-03 3.259947943891585136e-03 9.999821607657504163e-01 5.486119300000000365e+00
9.998938937530179594e-01 1.400192546712877156e-02 4.018372635956059605e-03 -9.743699999999999237e-03 -1.398648251002497511e-02 9.998947885397496682e-01 -3.845797452537102600e-03 -1.046739000000000003e-01 -4.071798426395299014e-03 3.789186490811198484e-03 9.999845311420135774e-01 5.524856999999999907e+00
9.998925866916885674e-01 1.426902497564220759e-02 3.348134592345780071e-03 -9.853799999999999365e-03 -1.425454208878226478e-02 9.998891082242792328e-01 -4.310369391900368587e-03 -1.055264999999999953e-01 -3.409268080262753062e-03 4.262180275398440125e-03 9.999851052443015087e-01 5.563690199999999919e+00
9.998690780119909860e-01 1.578614116920114621e-02 3.553108841151162312e-03 -1.008429999999999917e-02 -1.577115659152528507e-02 9.998667789139930040e-01 -4.206547743907640934e-03 -1.062979000000000007e-01 -3.619040648652953416e-03 4.149960378393825235e-03 9.999848400719089092e-01 5.602495700000000411e+00
9.998739182621075861e-01 1.556304483072214195e-02 3.152652022866993167e-03 -1.031400000000000025e-02 -1.555273222148997533e-02 9.998737030916236002e-01 -3.269615618158383443e-03 -1.081798999999999955e-01 -3.203139027107946343e-03 3.220171026639816626e-03 9.999896851462680702e-01 5.680365600000000015e+00
9.998711947082673523e-01 1.584558944015141205e-02 2.551722546895400252e-03 -1.018009999999999922e-02 -1.583330066605571559e-02 9.998632858959003444e-01 -4.766141780437039427e-03 -1.087676000000000059e-01 -2.626896016299848282e-03 4.725125685853223331e-03 9.999853861955045886e-01 5.719579200000000085e+00
9.998932334901581287e-01 1.443824806036429938e-02 2.249136177152561821e-03 -1.019609999999999961e-02 -1.442729952239501547e-02 9.998843501427540081e-01 -4.810339706672121275e-03 -1.096622000000000013e-01 -2.318328942814299864e-03 4.777377162196051914e-03 9.999859009097893381e-01 5.758903000000000105e+00
9.998790713075444980e-01 1.542225694567181914e-02 1.999187801107854458e-03 -1.044789999999999955e-02 -1.541109661117452852e-02 9.998662109192210101e-01 -5.482550800585935316e-03 -1.112096999999999947e-01 -2.083473638773974870e-03 5.451078126539544294e-03 9.999829722974561408e-01 5.837545399999999773e+00
9.998812205842402268e-01 1.536318929349002153e-02 1.231721438580044101e-03 -1.044390000000000075e-02 -1.535618305755146080e-02 9.998669104213687708e-01 -5.509000483709502148e-03 -1.121029000000000053e-01 -1.316193326541949520e-03 5.489431587963881053e-03 9.999840667610501166e-01 5.877276400000000400e+00
9.998769389523719520e-01 1.566973379532807589e-02 7.525915348444494821e-04 -1.096279999999999998e-02 -1.566517569699441351e-02 9.998609194029375313e-01 -5.722247905747836726e-03 -1.139672000000000046e-01 -8.421529653583812152e-04 5.709754241304358484e-03 9.999833446037423856e-01 5.955792899999999612e+00
9.998797327792442458e-01 1.550565456112116235e-02 3.076588018309665200e-04 -1.128170000000000041e-02 -1.550369282201129011e-02 9.998641759183729549e-01 -5.591531449763447251e-03 -1.158012000000000069e-01 -3.943173694844303418e-04 5.586089124258640515e-03 9.999843199381217573e-01 6.035301200000000144e+00
9.999146519820473200e-01 1.306049611099190620e-02 3.349521697190645545e-04 -1.163239999999999934e-02 -1.305844856176561174e-02 9.998994911203717972e-01 -5.521284124314804545e-03 -1.175979000000000052e-01 -4.070292138850518633e-04 5.516438937979312521e-03 9.999847014973092252e-01 6.115030299999999919e+00
9.999352702553007122e-01 1.137502048599333890e-02 2.533937685621103072e-04 -1.203489999999999942e-02 -1.137375386715985814e-02 9.999250188609223322e-01 -4.538103012658723824e-03 -1.195004999999999956e-01 -3.049957835452493703e-04 4.534927224054197299e-03 9.999896706529746160e-01 6.195051199999999980e+00
9.999247875679673214e-01 1.226222099819124917e-02 2.390467462304049712e-04 -1.223270000000000086e-02 -1.226083844291160629e-02 9.999117527407964667e-01 -5.114545092685877058e-03 -1.203105000000000008e-01 -3.017413332419573678e-04 5.111229501774881313e-03 9.999868920566649111e-01 6.235117400000000032e+00
9.999162398252777750e-01 1.294254889353067643e-02 6.133364734598918135e-05 -1.210920000000000052e-02 -1.294201021110866733e-02 9.999008876665704815e-01 -5.542491795216849051e-03 -1.213496000000000019e-01 -1.330615394766696544e-04 5.541233774445448318e-03 9.999846383934524185e-01 6.275272400000000417e+00
9.999001711951052140e-01 1.412291478733515397e-02 4.369461168289758696e-04 -1.231439999999999965e-02 -1.412070127393810944e-02 9.998892009908545431e-01 -4.710789467030012702e-03 -1.222469000000000056e-01 -5.034277818561221389e-04 4.704149208958859248e-03 9.999888087077216658e-01 6.315648099999999765e+00
9.998881406273142369e-01 1.489022284942604323e-02 1.409785922324302207e-03 -1.254770000000000017e-02 -1.488611387418983280e-02 9.998850434735069292e-01 -2.881571048554996701e-03 -1.230910000000000060e-01 -1.452531093301010975e-03 2.860262484047206098e-03 9.999948545127347321e-01 6.355667099999999792e+00
9.998888633902011103e-01 1.481280731434927826e-02 1.685706890242222094e-03 -1.247269999999999976e-02 -1.480874879346184315e-02 9.998874757845849226e-01 -2.395146822934021182e-03 -1.239631000000000066e-01 -1.720996055774675270e-03 2.369917424559144815e-03 9.999957108227899294e-01 6.395785799999999632e+00
9.998922270147553304e-01 1.450879722913799193e-02 2.242578524095911914e-03 -1.260329999999999957e-02 -1.449915619425834294e-02 9.998858189961092879e-01 -4.257163390616369551e-03 -1.245625000000000066e-01 -2.304088784634489469e-03 4.224189087110333425e-03 9.999884236337083232e-01 6.436120999999999981e+00
9.998911709774498391e-01 1.446663034489361482e-02 2.891851968602120789e-03 -1.267040000000000007e-02 -1.445087788164560461e-02 9.998810215346313202e-01 -5.395822765061095844e-03 -1.254293999999999965e-01 -2.969567273841523889e-03 5.353445743293654135e-03 9.999812609688641940e-01 6.476211100000000442e+00
9.998726310853693899e-01 1.562140389665432269e-02 3.270068304848866309e-03 -1.282520000000000014e-02 -1.560632217422112250e-02 9.998676884072210669e-01 -4.587852154846824501e-03 -1.264830999999999872e-01 -3.341304328431953744e-03 4.536234065600195514e-03 9.999841290069992894e-01 6.516344100000000417e+00
9.998792772742812751e-01 1.526019417783285731e-02 2.925295047658462311e-03 -1.268359999999999974e-02 -1.525044185562418608e-02 9.998781681210449079e-01 -3.327602456983836873e-03 -1.274953000000000058e-01 -2.975718513106514768e-03 3.282588697710260572e-03 9.999901848072172417e-01 6.556631999999999572e+00
9.998755417262953360e-01 1.552081625540203264e-02 2.829367475866101465e-03 -1.292779999999999971e-02 -1.551097207648166262e-02 9.998736811397352930e-01 -3.468646611810074533e-03 -1.280014999999999903e-01 -2.882846300108106875e-03 3.424328670128412751e-03 9.999899815349996279e-01 6.596833700000000356e+00
9.998598331620396351e-01 1.648911848120989537e-02 2.902240667272263427e-03 -1.324170000000000035e-02 -1.647806719041571000e-02 9.998570389285321713e-01 -3.791438610318718146e-03 -1.286859999999999948e-01 -2.964343240296591579e-03 3.743083859639319711e-03 9.999886009312173307e-01 6.637257599999999869e+00
9.998401039480894203e-01 1.762878626016637501e-02 2.998738412592613211e-03 -1.331090000000000051e-02 -1.761814984461428091e-02 9.998385316359779118e-01 -3.537153101633955504e-03 -1.294949999999999990e-01 -3.060609927205191257e-03 3.483755302120143411e-03 9.999892480001314476e-01 6.677819699999999692e+00
