1.000000000000000000e+00 0.000000000000000000e+00 0.000000000000000000e+00 0.000000000000000000e+00 0.000000000000000000e+00 1.000000000000000000e+00 0.000000000000000000e+00 0.000000000000000000e+00 0.000000000000000000e+00 0.000000000000000000e+00 1.000000000000000000e+00 0.000000000000000000e+00
9.999985903280860233e-01 8.735251101215947816e-04 1.433978982702317556e-03 -3.604999999999999806e-04 -8.668695378220123322e-04 9.999888806912961003e-01 -4.635410550673815973e-03 -2.309000000000000017e-04 -1.438012185359070121e-03 4.634160943567771675e-03 9.999882282673651090e-01 7.583739999999999926e-02
9.999964983354366899e-01 -1.519106338169516580e-03 2.166940884859241447e-03 -1.468999999999999928e-04 1.530879756731654299e-03 9.999840207963656136e-01 -5.441926047294436304e-03 -7.640000000000000035e-05 -2.158639394519283952e-03 5.445224317429505669e-03 9.999828447568974710e-01 1.512301000000000062e-01
9.999926759855344294e-01 -3.222440471420892801e-03 2.064909852292342359e-03 1.632000000000000096e-04 3.225146039651749681e-03 9.999939434100577618e-01 -1.308272229007477125e-03 -2.597000000000000241e-04 -2.060681516601709732e-03 1.314922283035105388e-03 9.999970122810750706e-01 2.271392999999999884e-01
9.999830732715014880e-01 -5.636619885591165335e-03 1.442805166436981080e-03 1.805999999999999988e-04 5.629700023943978379e-03 9.999728427798344477e-01 4.756067751506581898e-03 -4.032999999999999910e-04 -1.469574129924780970e-03 -4.747864686558994629e-03 9.999876489901237120e-01 3.025740000000000096e-01
9.999590454087263769e-01 -9.047815771821260400e-03 2.110332384953182044e-04 2.538999999999999916e-04 9.046751809762196977e-03 9.999485382237630615e-01 4.590989637524612275e-03 1.329999999999999972e-05 -2.525608068006833713e-04 -4.588892450088188739e-03 9.999894390837936742e-01 3.773029999999999995e-01
9.999298508068874547e-01 -1.182313811840384095e-02 -7.119482768125569338e-04 1.964000000000000034e-04 1.182443777248929663e-02 9.999283778492905617e-01 1.849822437630911859e-03 1.234999999999999932e-04 6.900265793711449691e-04 -1.858111062175911736e-03 9.999980356413707971e-01 4.510365000000000069e-01
9.999223766855114270e-01 -1.237459775545331209e-02 -1.452561182497515580e-03 -2.010000000000000068e-05 1.237251672168471900e-02 9.999224306424957520e-01 -1.433013598953891167e-03 1.012999999999999957e-04 1.470181475125002801e-03 1.414930526168912701e-03 9.999979182668513600e-01 5.247112000000000442e-01
9.999242162038433079e-01 -1.209160078565970492e-02 -2.314095842817821564e-03 -2.707000000000000205e-04 1.208672800104462416e-02 9.999247303661491504e-01 -2.108223994890710395e-03 1.366000000000000135e-04 2.339413464584003902e-03 2.080094378652741754e-03 9.999951001640046133e-01 5.985272000000000370e-01
9.999252994136580419e-01 -1.175105979864684604e-02 -3.362764653519094600e-03 -6.520000000000000188e-04 1.174970093087516869e-02 9.999308801720059314e-01 -4.235640121400455595e-04 1.938999999999999968e-04 3.367509545839871866e-03 3.840208926802179392e-04 9.999942561872106062e-01 6.717233999999999705e-01
9.999279820930331297e-01 -1.129534725026555900e-02 -4.055336958962967725e-03 -1.380200000000000047e-03 1.130622508451096728e-02 9.999325191920752642e-01 2.669519905969373712e-03 1.007999999999999971e-04 4.024910147219149664e-03 -2.715178205184710751e-03 9.999882138833541267e-01 7.450143000000000182e-01
9.999170875636973488e-01 -1.182560833678296744e-02 -5.096369845116036947e-03 -1.781500000000000097e-03 1.184625199035342288e-02 9.999216705485685086e-01 4.039688247993402336e-03 4.471999999999999738e-04 5.048198878238302663e-03 -4.099726189020140403e-03 9.999788537430482904e-01 8.176691000000000376e-01
9.998978260732906964e-01 -1.310440517696768482e-02 -5.710689876465688784e-03 -2.117700000000000138e-03 1.313284287333924515e-02 9.999014038801581350e-01 4.971011622712852643e-03 5.617999999999999947e-04 5.644984674158804762e-03 -5.045501307781636094e-03 9.999713381215391550e-01 8.904279000000000499e-01
9.998885853573717952e-01 -1.329954901102544350e-02 -6.777821784115655931e-03 -2.417599999999999784e-03 1.333442016686589397e-02 9.998979538074164175e-01 5.125935090825269047e-03 6.597999999999999915e-04 6.708957508240810316e-03 -5.215742310084524672e-03 9.999638923087710296e-01 9.628737000000000545e-01
9.998813871580771728e-01 -1.343640382025581594e-02 -7.528257913910111655e-03 -3.166799999999999997e-03 1.346395477570912040e-02 9.999028003446389645e-01 3.621019848972962737e-03 9.301000000000000023e-04 7.478872684903448316e-03 -3.721950473610777244e-03 9.999651061652276018e-01 1.034889799999999971e+00
9.998647890925980164e-01 -1.383257034741726225e-02 -8.891767563215770970e-03 -4.082999999999999824e-03 1.385087814529934076e-02 9.999020704219957478e-01 2.000684985307946313e-03 8.890000000000000333e-04 8.863222180368300618e-03 -2.123573259890084407e-03 9.999584660020591764e-01 1.107107000000000063e+00
9.998310506198773151e-01 -1.509461175928183269e-02 -1.048918072057121280e-02 -4.859500000000000104e-03 1.510131154662549061e-02 9.998858119760715146e-01 5.598200816637796239e-04 1.124400000000000009e-03 1.047953271496433920e-02 -7.181258863382059682e-04 9.999448303227970181e-01 1.178920699999999933e+00
9.998156049456040639e-01 -1.480962258740576611e-02 -1.222420492606465445e-02 -5.805699999999999576e-03 1.481221146113762856e-02 9.998902858242924019e-01 1.212676601420363748e-04 9.623999999999999742e-04 1.222106782921874787e-02 -3.023128072943978908e-04 9.999252742620722278e-01 1.250570500000000029e+00
9.998050385741759083e-01 -1.196860405119006682e-02 -1.570469225284744363e-02 -8.283600000000000338e-03 1.195982911516871305e-02 9.999282657607094782e-01 -6.525490908247796526e-04 9.552000000000000161e-04 1.571137579038744264e-02 4.645964332732427046e-04 9.998764607794942139e-01 1.392526099999999989e+00
9.997725121129883430e-01 -1.250775719529540093e-02 -1.727657469604686538e-02 -9.876899999999999222e-03 1.251481921537337012e-02 9.999216413684148819e-01 3.007043426000106977e-04 7.948000000000000204e-04 1.727145979039039145e-02 -5.168491449864179429e-04 9.998507036271315762e-01 1.463231799999999971e+00
9.997384362245292921e-01 -1.188446662378599486e-02 -1.954017882213470239e-02 -1.397439999999999967e-02 1.192995811423973318e-02 9.999263862604483855e-01 2.213178599467921157e-03 8.425000000000000414e-04 1.951243794930224498e-02 -2.445713227010474188e-03 9.998066229286971529e-01 1.604568400000000006e+00
9.996534351519472672e-01 -1.301506156275952786e-02 -2.288269567662717593e-02 -1.706459999999999921e-02 1.305466914063068903e-02 9.999135321361448669e-01 1.582360466923445541e-03 1.105300000000000032e-03 2.286012253992128831e-02 -1.880538097512769518e-03 9.997369045773610852e-01 1.743306400000000034e+00
9.996009030892732961e-01 -1.282358600010337010e-02 -2.517121739620866924e-02 -2.108240000000000114e-02 1.292818745247251155e-02 9.999084377317299932e-01 3.997264325095516851e-03 1.409099999999999936e-03 2.511765339961074747e-02 -4.321087246157135839e-03 9.996751630868440097e-01 1.880339999999999900e+00
9.995513324439351255e-01 -1.372498384805155222e-02 -2.662252106628440473e-02 -2.480800000000000019e-02 1.394208077265073065e-02 9.998709110050941762e-01 7.986219980186568326e-03 2.382099999999999843e-03 2.650947365156305219e-02 -8.353810161463593939e-03 9.996136562004859227e-01 2.014859400000000189e+00
9.995324909608456210e-01 -1.163965845922290340e-02 -2.827221011098251385e-02 -2.881809999999999927e-02 1.176315051588851940e-02 9.999219676628881004e-01 4.205576668980459502e-03 3.009599999999999862e-03 2.822105248830122926e-02 -4.536180786825167420e-03 9.995914141589661295e-01 2.144488099999999786e+00
9.994978157389838858e-01 -1.039783522947818409e-02 -2.993328173690439076e-02 -3.315919999999999979e-02 1.047272902610897616e-02 9.999424066790477683e-01 2.346331532335205108e-03 3.195400000000000150e-03 2.990716101113521236e-02 -2.658636390061316825e-03 9.995491450513074305e-01 2.270736199999999982e+00
9.994040362200454775e-01 -1.019223618217929631e-02 -3.298015628660259241e-02 -3.799280000000000018e-02 1.022631750507540377e-02 9.999473358276455004e-01 8.648707876296372974e-04 3.292400000000000014e-03 3.296960444663304263e-02 -1.201620905519675984e-03 9.994556324769159339e-01 2.393462400000000212e+00
9.992544573164707788e-01 -1.014011934547773622e-02 -3.725194643001766837e-02 -4.272940000000000071e-02 1.021847466584901651e-02 9.999459590120747254e-01 1.913591107201708308e-03 3.649900000000000193e-03 3.723052925582498451e-02 -2.292822514201167672e-03 9.993040731710491897e-01 2.515310500000000005e+00
9.991104764642995129e-01 -9.131134083618954594e-03 -4.116889857195010077e-02 -4.817620000000000235e-02 9.375067796369172812e-03 9.999396012299337499e-01 5.736026144877644575e-03 3.971200000000000251e-03 4.111403559727535434e-02 -6.116885029834260787e-03 9.991357364214523695e-01 2.634658599999999851e+00
9.989756430289958855e-01 -5.615324021271935265e-03 -4.490136713887889902e-02 -5.435659999999999797e-02 5.850499767615983254e-03 9.999698400034545687e-01 5.107909154902449261e-03 4.393400000000000430e-03 4.487133034882510169e-02 -5.365372270564019302e-03 9.989783663789346679e-01 2.749252100000000087e+00
9.988305817321457836e-01 -3.328856841518332711e-03 -4.823264152782713587e-02 -6.055989999999999984e-02 3.605486383851286888e-03 9.999775418292875528e-01 5.649451742534043579e-03 4.856599999999999979e-03 4.821275209484583713e-02 -5.816747302748725111e-03 9.988201519724443367e-01 2.859831600000000140e+00
9.987760952542874548e-01 4.994525171858826091e-04 -4.945767984632680470e-02 -6.653860000000000330e-02 -1.103561173955864552e-04 9.999690275182494537e-01 7.869677613092236970e-03 5.760099999999999769e-03 4.946007854953363148e-02 -7.854587919791109277e-03 9.987452157975448275e-01 2.969365100000000091e+00
9.989128255244335008e-01 5.231373877517193557e-03 -4.632277766009193498e-02 -7.309440000000000381e-02 -5.102606328102285774e-03 9.999827835115988606e-01 2.897600568578129199e-03 5.591699999999999796e-03 4.633713857644958245e-02 -2.658083472775923765e-03 9.989223213948112967e-01 3.072153300000000087e+00
9.991341079445645867e-01 7.075815570580592379e-03 -4.099959970329377507e-02 -7.829790000000000361e-02 -7.004729076103296745e-03 9.999737045390488799e-01 1.877232276893543413e-03 6.143000000000000023e-03 4.101180454929519853e-02 -1.588415708228516120e-03 9.991573994237086254e-01 3.174565600000000209e+00
9.992973539285235907e-01 1.608186017311646204e-02 -3.385516511292287201e-02 -8.330930000000000279e-02 -1.580787542938134199e-02 9.998402229595315660e-01 8.345036048057275294e-03 6.028799999999999958e-03 3.398395953770103062e-02 -7.803994208515557980e-03 9.993919091970543400e-01 3.274396900000000166e+00
9.994054898546277377e-01 2.442415905124806219e-02 -2.433366604256458066e-02 -8.689639999999999864e-02 -2.420934166133359433e-02 9.996656397315949460e-01 9.083860211705291343e-03 7.377299999999999830e-03 2.454739547806530225e-02 -8.489357729553049375e-03 9.996626211780568205e-01 3.368489999999999984e+00
9.993664137250993784e-01 3.354883924282711649e-02 -1.188471723233383744e-02 -8.920690000000000563e-02 -3.339845728066911934e-02 9.993622635201185878e-01 1.263365755497788435e-02 7.540800000000000280e-03 1.230098246096258431e-02 -1.222872182217232297e-02 9.998495607805661933e-01 3.458277900000000127e+00
9.991944676044334228e-01 4.005119931276969469e-02 2.513432374570336025e-03 -8.988540000000000418e-02 -4.007913736782288405e-02 9.991210992245233014e-01 1.227566015460323720e-02 8.025100000000000289e-03 -2.019568405359378239e-03 -1.236650791407687550e-02 9.999214923310064673e-01 3.540438899999999833e+00
9.986482921396571122e-01 4.886946537596870838e-02 1.770208915391187354e-02 -8.997539999999999705e-02 -4.903237549784724564e-02 9.987576380156372169e-01 8.888568977254044517e-03 8.929700000000000484e-03 -1.724571713742742429e-02 -9.744529711191267374e-03 9.998037954424475737e-01 3.617062600000000128e+00
9.983834494231520473e-01 5.058943620636519034e-02 2.590746730675566600e-02 -8.937280000000000224e-02 -5.075386378195209658e-02 9.986947626045019621e-01 5.728565050738479957e-03 9.198599999999999485e-03 -2.558384703541589922e-02 -7.034208602223652150e-03 9.996479313639421438e-01 3.652245800000000209e+00
9.978409147853291028e-01 5.064117150854686999e-02 4.182081453797219933e-02 -8.680469999999999853e-02 -5.097671365562407575e-02 9.986753408151188838e-01 6.995592375111178360e-03 9.265000000000000666e-03 -4.141115121860337173e-02 -9.112375982593378873e-03 9.991006361516850953e-01 3.718418100000000059e+00
9.967521718962613075e-01 5.514893426415309191e-02 5.868307140576396047e-02 -8.383019999999999361e-02 -5.570171191845903896e-02 9.984167930318517126e-01 7.824748005242991231e-03 9.359299999999999217e-03 -5.815863744482730607e-02 -1.106808210670111488e-02 9.982459969611900963e-01 3.776508999999999894e+00
9.950297372955647646e-01 6.368918604417282692e-02 7.654743286714571493e-02 -8.109900000000000442e-02 -6.443140208689647486e-02 9.978957045710206142e-01 7.263416814641259801e-03 9.306200000000000583e-03 -7.592375334923920360e-02 -1.215937415072346206e-02 9.970394843222742942e-01 3.826039999999999885e+00
9.884991569664065558e-01 6.380611787728683593e-02 1.371065133322750540e-01 -6.662590000000000179e-02 -6.381137042358737965e-02 9.979524470663542202e-01 -4.361467521285708991e-03 8.561400000000000260e-03 -1.371040687994607155e-01 -4.437647541805036892e-03 9.905467084408122735e-01 3.931403200000000098e+00
9.832541907601074493e-01 6.558142585064496988e-02 1.700302118333165691e-01 -5.846839999999999676e-02 -6.530910359056843473e-02 9.978391039000603646e-01 -7.200258059335985956e-03 8.719599999999999226e-03 -1.701349974017178912e-01 -4.024836806752022343e-03 9.854125447485415634e-01 3.972218999999999944e+00
9.663643799787248190e-01 6.626106222829669656e-02 2.484941784845524637e-01 -3.677480000000000332e-02 -6.527127935928933589e-02 9.977926134578480877e-01 -1.222949793568869209e-02 7.872699999999999837e-03 -2.487559953029000459e-01 -4.401381752949432187e-03 9.685561845548912308e-01 4.048933500000000407e+00
9.529044376320247034e-01 6.868775297898638277e-02 2.953897854224017960e-01 -2.287439999999999959e-02 -6.711680631584840406e-02 9.976252365315704251e-01 -1.546679492619938701e-02 7.071899999999999888e-03 -2.957506839403007959e-01 -5.087241494755478065e-03 9.552516175975931390e-01 4.086541200000000096e+00
8.787894186210322145e-01 6.880074071074052111e-02 4.722241160692256523e-01 3.718479999999999702e-02 -6.299336717521641926e-02 9.976177135388816231e-01 -2.811998089228068265e-02 3.301899999999999974e-03 -4.730338184650610955e-01 -5.035445472578880047e-03 8.810298808083958377e-01 4.196491199999999644e+00
8.376131243286069061e-01 7.259664762568548979e-02 5.414184894386060432e-01 6.424559999999999993e-02 -6.197416380393294677e-02 9.973596713526037272e-01 -3.785352005070988929e-02 1.960400000000000163e-03 -5.427370053472244660e-01 -1.847352954435436956e-03 8.399006669325774777e-01 4.232047999999999810e+00
7.859209994494876783e-01 7.941480385484869786e-02 6.132058965412957585e-01 9.739829999999999322e-02 -6.593336084106132811e-02 9.968271144363062275e-01 -4.459255378187959584e-02 1.602999999999999933e-04 -6.148015733165627106e-01 -5.384501210263941545e-03 7.886634469748143861e-01 4.268791199999999897e+00
7.231316221915361497e-01 8.473588564992289018e-02 6.854928786426307541e-01 1.364136999999999988e-01 -6.908007758171623436e-02 9.963428470515752755e-01 -5.028791117619856033e-02 -2.257100000000000165e-03 -6.872471170313786404e-01 -1.098912245287858580e-02 7.263405808019913756e-01 4.306222400000000228e+00
5.592762154217290060e-01 8.051380538241981188e-02 8.250622049314763062e-01 2.405422000000000116e-01 -5.739456127797995522e-02 9.966448097617575108e-01 -5.835227082692065470e-02 -8.514199999999999546e-03 -8.269921276525283860e-01 -1.471904608974092601e-02 5.620207918600095276e-01 4.377873400000000359e+00
4.631599047425710158e-01 7.765338408079032473e-02 8.828662721950895076e-01 3.060718000000000050e-01 -5.241486618327272085e-02 9.968105504785285120e-01 -6.017813770533742695e-02 -1.207830000000000015e-02 -8.847234508262127317e-01 -1.840321698764104535e-02 4.657528713412979471e-01 4.408295200000000413e+00
3.634012675600626352e-01 7.544986421593766202e-02 9.285724725219549613e-01 3.781020999999999965e-01 -5.514655931552114865e-02 9.967095748346032069e-01 -5.940438055130370376e-02 -1.568759999999999946e-02 -9.299991267369017711e-01 -2.961994974372800238e-02 3.663663232964781136e-01 4.435152099999999820e+00
2.670243777193470613e-01 7.240173635321610346e-02 9.609661650009508893e-01 4.557366999999999946e-01 -4.186195633973072150e-02 9.971039624538162727e-01 -6.349224102446610063e-02 -1.989710000000000090e-02 -9.627801194016243347e-01 -2.327394749366342580e-02 2.692819434218645114e-01 4.453712499999999963e+00
1.811495159407368605e-01 6.536717101831435173e-02 9.812807884736659547e-01 5.407663999999999804e-01 -1.951664008085250701e-02 9.978310821585535395e-01 -6.286678167557682717e-02 -2.500049999999999842e-02 -9.832618947332351089e-01 -7.763016897612960709e-03 1.820323650735116150e-01 4.464681099999999958e+00
1.100827267656511871e-01 6.786785478010157191e-02 9.916026157465430702e-01 6.302655000000000340e-01 -7.494809723442935612e-03 9.976943190403684270e-01 -6.745275073549636402e-02 -2.962160000000000140e-02 -9.938941699673303765e-01 -6.490197481397175228e-06 1.103375677764784069e-01 4.472162199999999643e+00
8.096260847816952322e-02 6.624914630675399208e-02 9.945129997350645734e-01 6.768049999999999899e-01 -1.499285339355491131e-04 9.977893987815944499e-01 -6.645519694124013554e-02 -3.267810000000000159e-02 -9.967171281511344461e-01 5.231280215263141992e-03 8.079356507460266901e-02 4.474381400000000397e+00
5.597989024765311072e-02 6.451921190521739402e-02 9.963450823800910072e-01 7.246023000000000325e-01 6.845186680112219646e-03 9.978616543190911292e-01 -6.500201734470439918e-02 -3.545539999999999803e-02 -9.984084311078182949e-01 1.045897388353610874e-02 5.541853984117939280e-02 4.475394200000000211e+00
2.028446796506848393e-02 6.545912510226697956e-02 9.976490581864044804e-01 8.237801999999999625e-01 1.375319376888706202e-02 9.977416830923565572e-01 -6.574483615605861142e-02 -4.051450000000000190e-02 -9.996996499051750140e-01 1.505445983346154898e-02 1.933838717662716977e-02 4.476126700000000014e+00
6.710352921997619902e-03 6.511609787467816102e-02 9.978551322517899003e-01 8.743328000000000211e-01 1.448271413711682554e-02 9.977666084824701187e-01 -6.520771418023835198e-02 -4.359339999999999743e-02 -9.998726029624396272e-01 1.488921740604371574e-02 5.752308245458470637e-03 4.476082299999999847e+00
-1.386461412739544222e-02 6.900066239792335132e-02 9.975202659914965686e-01 9.791117000000000292e-01 2.027619576167163234e-02 9.974304240029084889e-01 -6.871262736071509503e-02 -4.944529999999999759e-02 -9.996982786623835882e-01 1.927324212544251000e-02 -1.522805888619005454e-02 4.473605199999999726e+00
-2.026115226720602916e-02 7.075295930619258933e-02 9.972880749604005057e-01 1.032766899999999932e+00 2.452436146897655003e-02 9.972278729752827031e-01 -7.025044523511836392e-02 -5.269050000000000122e-02 -9.994938926293368553e-01 2.303449827128089752e-02 -2.194015692847905985e-02 4.471531399999999934e+00
-2.832183774826718334e-02 6.754956452659435784e-02 9.973138572379450784e-01 1.144783399999999896e+00 2.250307746236467413e-02 9.975043194865294005e-01 -6.692341974554759376e-02 -5.856480000000000019e-02 -9.993455283390643151e-01 2.054723674812260203e-02 -2.977122857278413637e-02 4.468452000000000091e+00
-3.213834668384246002e-02 5.498410329850980660e-02 9.979698768283978838e-01 1.261256099999999991e+00 2.173394973423444995e-02 9.982880140184591244e-01 -5.430171724752911461e-02 -6.487650000000000361e-02 -9.992470976196922150e-01 1.994465972483946276e-02 -3.327834802212159548e-02 4.464960600000000390e+00
-3.247056051148199812e-02 5.461877939511210894e-02 9.979791839700156153e-01 1.381196899999999950e+00 2.724921467338600051e-02 9.981829159225539261e-01 -5.374334061101281035e-02 -7.107769999999999366e-02 -9.991011675499903433e-01 2.544907263017046062e-02 -3.389987761792656595e-02 4.460540800000000417e+00
-2.919987014629794875e-02 7.054339255823205423e-02 9.970812390922890733e-01 1.503252699999999997e+00 2.895843983655188927e-02 9.971475892457881685e-01 -6.970002886330621539e-02 -7.625540000000000096e-02 -9.991540303405036516e-01 2.683868528240690790e-02 -3.115940671193484501e-02 4.456700800000000129e+00
-2.531546310088618121e-02 6.680000276957631655e-02 9.974451799261810914e-01 1.628953799999999896e+00 2.899897652348372434e-02 9.973941342107496277e-01 -6.606058130670401651e-02 -8.310289999999999344e-02 -9.992588186694063568e-01 2.725253514764835669e-02 -2.718662611373612314e-02 4.454278000000000404e+00
-1.984656633513412829e-02 5.849614909500099047e-02 9.980903337603068692e-01 1.756480100000000100e+00 2.651355160999225094e-02 9.979666697262610242e-01 -5.796169162904075967e-02 -9.118260000000000254e-02 -9.994514222240766799e-01 2.531257901777593869e-02 -2.135715237899127317e-02 4.452006299999999861e+00
-1.298370083055596855e-02 6.953348234357345503e-02 9.974951219659765611e-01 1.883094000000000046e+00 3.602290777674690275e-02 9.969641631553810557e-01 -6.902758505987834081e-02 -9.833880000000000399e-02 -9.992666178893651052e-01 3.503644127286205390e-02 -1.544908265505362532e-02 4.448930299999999782e+00
-7.431189138052544593e-03 6.650107095146658154e-02 9.977586807391368717e-01 2.011089300000000080e+00 2.569992679905262409e-02 9.974693477561508148e-01 -6.629037674838306193e-02 -1.060738999999999987e-01 -9.996420815424479356e-01 2.514970873046514649e-02 -9.121456038097108809e-03 4.449536300000000111e+00
5.303698187220128642e-04 6.379967524068413942e-02 9.979625845426465247e-01 2.139090100000000216e+00 3.414422439299600459e-02 9.973796732649736763e-01 -6.378055580233697730e-02 -1.148809999999999970e-01 -9.994167752486728951e-01 3.410848570425724369e-02 -1.649410351111657569e-03 4.449072799999999717e+00
7.261812485245754470e-03 6.918466830511810217e-02 9.975774394757230823e-01 2.266560099999999967e+00 3.030523665820810189e-02 9.971302845481135879e-01 -6.937426228860338329e-02 -1.222803999999999974e-01 -9.995143114085556224e-01 3.073560327224315186e-02 5.144315403641908091e-03 4.450360800000000339e+00
1.483853158637002227e-02 6.567924058507741691e-02 9.977304522447573154e-01 2.394484499999999905e+00 3.365384723085580732e-02 9.972421535250605151e-01 -6.614760614914155790e-02 -1.299726999999999966e-01 -9.993233893724907668e-01 3.455900156062453876e-02 1.258725006545247105e-02 4.451402700000000046e+00
2.172018233974802592e-02 6.712378787076500597e-02 9.975082108840048756e-01 2.522444000000000131e+00 4.096813118814178478e-02 9.968457847802456584e-01 -6.797127034863570394e-02 -1.382434999999999914e-01 -9.989243444355929702e-01 4.234239563058118244e-02 1.890173606270162399e-02 4.454006699999999874e+00
2.796280465909021032e-02 6.545353136185085019e-02 9.974637420918419650e-01 2.651813300000000151e+00 4.276119106656341845e-02 9.968621834079611777e-01 -6.661282031021693861e-02 -1.466052999999999940e-01 -9.986939281352251729e-01 4.451541893968426200e-02 2.507619154612561463e-02 4.457113699999999845e+00
3.441694129372272620e-02 6.459493956134070014e-02 9.973178871027286174e-01 2.781264800000000204e+00 4.321233455328444412e-02 9.968796628502080148e-01 -6.605779241021267345e-02 -1.549019000000000090e-01 -9.984729181577431945e-01 4.536994135683308782e-02 3.151825069444791350e-02 4.461776300000000361e+00
4.029243648706092723e-02 6.675949960050130139e-02 9.969552090114313092e-01 2.911470200000000119e+00 4.219239739739334694e-02 9.967618350455735854e-01 -6.845177717518571847e-02 -1.623555999999999888e-01 -9.982967099834580971e-01 4.482201925026927519e-02 3.734521959410463943e-02 4.467303300000000199e+00
4.491871440860063791e-02 6.670275978674526651e-02 9.967612808153765158e-01 3.042021300000000039e+00 3.829502761380398912e-02 9.969200446432999740e-01 -6.843913681848040609e-02 -1.705928999999999918e-01 -9.982563798723933512e-01 4.124519881431594481e-02 4.222598274559141718e-02 4.474350900000000131e+00
5.142140130600151432e-02 6.885377226926026051e-02 9.963006561937115535e-01 3.173304799999999926e+00 3.368178406675646774e-02 9.969333518581590114e-01 -7.063589296481180557e-02 -1.790297999999999889e-01 -9.981089003259151493e-01 3.718938016623572762e-02 4.894459207148071922e-02 4.480727700000000091e+00
5.803994683156966927e-02 7.447770052458976831e-02 9.955322378990840715e-01 3.306277800000000155e+00 3.249509112977597841e-02 9.965439243272969927e-01 -7.644786418741963963e-02 -1.880014999999999881e-01 -9.977852642849847076e-01 3.678694076598545970e-02 5.541919671759742982e-02 4.489072300000000126e+00
6.359251114559141826e-02 7.579874652909218691e-02 9.950932330946764548e-01 3.439893699999999832e+00 2.255205037832976045e-02 9.967476660846086300e-01 -7.736598205037396869e-02 -1.971834000000000087e-01 -9.977211020871168401e-01 2.736128979971421196e-02 6.167626991448937890e-02 4.498978600000000050e+00
7.117771343027552711e-02 7.745302724187325127e-02 9.944519906370077322e-01 3.574695600000000084e+00 2.406586614576953706e-02 9.965571125910200889e-01 -7.933949477342784606e-02 -2.071675000000000044e-01 -9.971732884496513627e-01 2.957955231775018234e-02 6.906868239071883853e-02 4.508497700000000386e+00
7.889823241290228051e-02 7.654995956232232834e-02 9.939392197781143912e-01 3.711478000000000055e+00 1.921786887139831021e-02 9.967452548849755622e-01 -7.829157285638613240e-02 -2.163903000000000076e-01 -9.966974176941373331e-01 2.527846030303058239e-02 7.717031169139276781e-02 4.520591300000000423e+00
8.866435361955916916e-02 7.953145577787607001e-02 9.928813523976960376e-01 3.848558199999999818e+00 1.609648053511735649e-02 9.965626454214598917e-01 -8.126375000554726669e-02 -2.273254000000000108e-01 -9.959314914749952674e-01 2.318709322949381521e-02 8.707940626783350346e-02 4.533588400000000185e+00
1.022134194679526903e-01 9.330904996676026020e-02 9.903766142609430334e-01 3.985555900000000040e+00 1.276920628688681808e-02 9.953859310508135216e-01 -9.509887295288005360e-02 -2.378349999999999909e-01 -9.946805337652241397e-01 2.236670428126878718e-02 1.005503171955364206e-01 4.547976000000000241e+00
1.160693927470494019e-01 9.433636236027137523e-02 9.887510034401797432e-01 4.124172699999999914e+00 4.914813697989579844e-03 9.954126047491290707e-01 -9.554889278724426616e-02 -2.503015000000000101e-01 -9.932289467558045315e-01 1.594982893907708615e-02 1.150732909200433696e-01 4.566300400000000259e+00
1.311463592543210266e-01 8.868946595610222028e-02 9.873878726634018888e-01 4.263625600000000126e+00 4.284501324155566560e-03 9.959302146544974921e-01 -9.002583288506672832e-02 -2.631757000000000124e-01 -9.913537590097393215e-01 1.603702486959593387e-02 1.302326315889842379e-01 4.584655800000000170e+00
1.456920311059362594e-01 7.620691422604566889e-02 9.863905607295574418e-01 4.404960199999999659e+00 -6.344734874060634078e-04 9.970358593522510304e-01 -7.693563939496408932e-02 -2.742152999999999952e-01 -9.893297880462411653e-01 1.058307090887569690e-02 1.453085307011154903e-01 4.606577899999999559e+00
1.605900003435751788e-01 7.527340783675980085e-02 9.841467196827365926e-01 4.543807499999999777e+00 -7.030853813485143933e-04 9.970961915284678456e-01 -7.614913335272743833e-02 -2.851422000000000123e-01 -9.870209508721669023e-01 1.153685017956641162e-02 1.601766013727884408e-01 4.629359700000000188e+00
1.715910671574457091e-01 8.551012485304203270e-02 9.814502148450455765e-01 4.677992299999999659e+00 -1.244571227911592248e-03 9.962439972439893765e-01 -8.658145874133062192e-02 -2.951363000000000181e-01 -9.851674764801300332e-01 1.363512020244948830e-02 1.710529940773827251e-01 4.653312200000000232e+00
1.814390836205726498e-01 8.792638103066083288e-02 9.794635319672591045e-01 4.810451500000000102e+00 -5.463210543634598737e-03 9.960696231615834284e-01 -8.840508551716377839e-02 -3.068211000000000133e-01 -9.833870104213715546e-01 1.068912220868344781e-02 1.812063199806371872e-01 4.679407099999999708e+00
1.912320093462431536e-01 7.840860823390352619e-02 9.784080992899744089e-01 4.941711899999999602e+00 -1.026200404939732469e-03 9.968196845398376027e-01 -7.968352042064677510e-02 -3.174731000000000081e-01 -9.815443268208150496e-01 1.423399693413498340e-02 1.907042941759617971e-01 4.704999899999999791e+00
1.977381997524766122e-01 6.884979608022341602e-02 9.778339889461611367e-01 5.070318199999999997e+00 -6.520965242760006636e-03 9.976006767056533331e-01 -6.892290510944390491e-02 -3.275813000000000197e-01 -9.802331770405203759e-01 7.252269722944921365e-03 1.977127290108385838e-01 4.732163899999999757e+00
2.029657460722074092e-01 7.098893191891346433e-02 9.766091733474369097e-01 5.194897700000000285e+00 -9.786037459391730420e-03 9.974658119761362629e-01 -7.047118141219566034e-02 -3.364983999999999753e-01 -9.791369359758601565e-01 4.746101958352559602e-03 2.031460930562173361e-01 4.759316400000000336e+00
2.063418066105527360e-01 7.946756243896256622e-02 9.752476430962051523e-01 5.315157899999999991e+00 -1.533437470046060402e-02 9.968368048843875284e-01 -7.798231453625520393e-02 -3.456505000000000272e-01 -9.783598089645952900e-01 1.136198880104993814e-03 2.069076925947068712e-01 4.786347400000000363e+00
2.082929009705657974e-01 8.484011087353365843e-02 9.743799171741136522e-01 5.374188900000000046e+00 -1.594775701035145571e-02 9.963929132327447036e-01 -8.334765447151300244e-02 -3.503683000000000214e-01 -9.779364685150078174e-01 1.821550584104658643e-03 2.088945798767040118e-01 4.799695999999999962e+00
2.112745433408423912e-01 8.662923710845170377e-02 9.735802188901160337e-01 5.491208999999999563e+00 -1.752341801453360937e-02 9.962402459343909777e-01 -8.484280877995548087e-02 -3.598668999999999896e-01 -9.772696645026931472e-01 8.646725344468725316e-04 2.119982433516884868e-01 4.826045999999999836e+00
2.128282601281813180e-01 8.147505206673977263e-02 9.736867810448763816e-01 5.605451099999999798e+00 -1.740782308045394494e-02 9.966753813509255933e-01 -7.959366749049073819e-02 -3.692019000000000273e-01 -9.769345420172277361e-01 -9.985450983775179257e-06 2.135389906173577046e-01 4.851415199999999928e+00
2.113173097334453410e-01 7.940372664552319826e-02 9.741868623635929758e-01 5.715857500000000258e+00 -1.673914181609396229e-02 9.968425347669940262e-01 -7.761934044150906042e-02 -3.781735999999999986e-01 -9.772741661060522222e-01 9.525816090431155070e-05 2.119792329158753930e-01 4.875963699999999790e+00
2.074324738692375492e-01 8.311790221784426391e-02 9.747118461962965830e-01 5.822487399999999980e+00 -1.888106077908210945e-02 9.965384204045434346e-01 -8.096099185085417482e-02 -3.870776000000000217e-01 -9.780671113621727253e-01 -1.609654783593740535e-03 2.082837840138616059e-01 4.899512800000000112e+00
2.030267230129736422e-01 8.780717020713080245e-02 9.752282043720992277e-01 5.926138899999999765e+00 -1.506803784980741134e-02 9.961333343168069510e-01 -8.655249562108092987e-02 -3.953608000000000122e-01 -9.790572526558238842e-01 2.877694058864288529e-03 2.035647683144937714e-01 4.921759100000000053e+00
1.981192599928257025e-01 8.383876719817159873e-02 9.765857975286074133e-01 6.028112400000000370e+00 -1.601927638028385198e-02 9.964791141902310523e-01 -8.229676644258013263e-02 -4.035308000000000228e-01 -9.800470098950087028e-01 6.603766677357111869e-04 1.987647410848047969e-01 4.943582499999999769e+00
1.942117048852120553e-01 7.847156896426188410e-02 9.778159471750635934e-01 6.125375299999999967e+00 -1.224224898860149652e-02 9.969115482072320455e-01 -7.757249764420871829e-02 -4.127577000000000051e-01 -9.808832453586311395e-01 3.094820729343542021e-03 1.945725598828694780e-01 4.962539200000000150e+00
1.901588958242580452e-01 8.192502116060926265e-02 9.783291293050271342e-01 6.220382700000000042e+00 -4.198295148947449318e-03 9.965709076577544678e-01 -8.263655563999314224e-02 -4.200271999999999895e-01 -9.817443499489779679e-01 1.160676173758568019e-02 1.898507688296932061e-01 4.980147399999999891e+00
1.860881753851209297e-01 8.488770887829108491e-02 9.788591665113172136e-01 6.361374399999999874e+00 -3.664614497606778765e-03 9.963138412805072619e-01 -8.570472725272491876e-02 -4.314196000000000142e-01 -9.825262141960487972e-01 1.236149482362634833e-02 1.857133055634545560e-01 5.007278000000000340e+00
1.890614234551055983e-01 8.166812836479361848e-02 9.785632810250549651e-01 6.457118999999999609e+00 7.123383093306435987e-03 9.963952519001951780e-01 -8.453259373787455622e-02 -4.385275000000000145e-01 -9.819394256136347865e-01 2.295253363221905901e-02 1.877981512833036826e-01 5.024210499999999691e+00
1.995460256371163477e-01 8.133062539671134794e-02 9.765074055146798493e-01 6.600647000000000375e+00 6.089810230902333033e-03 9.964273803082368541e-01 -8.423413787423644772e-02 -4.505086999999999842e-01 -9.798695310416500881e-01 2.275533222442798625e-02 1.983378355018855510e-01 5.054066699999999912e+00
2.138607868731037254e-01 8.046308766481893859e-02 9.735446858575421691e-01 6.698107199999999928e+00 5.631151331898225088e-03 9.964838172046457387e-01 -8.359600578936446369e-02 -4.575833999999999735e-01 -9.768479175248795388e-01 2.336008503199115197e-02 2.126557134304272179e-01 5.075418499999999611e+00
2.403546212253415693e-01 7.750867835440716780e-02 9.675856865597879386e-01 6.847906100000000329e+00 1.423608814922865118e-03 9.967777152469569080e-01 -8.020074641172987573e-02 -4.697312000000000154e-01 -9.706841038121337695e-01 2.065408353836074504e-02 2.394697881563053743e-01 5.114382299999999937e+00
2.593153057455672705e-01 8.375740268593845350e-02 9.621539740090400139e-01 6.950373599999999819e+00 -7.538209735320190730e-03 9.963775607000888712e-01 -8.470496990925063807e-02 -4.770606000000000013e-01 -9.657632979152134256e-01 1.471237671643445960e-02 2.590073326592983172e-01 5.143831300000000439e+00
2.802988262354191851e-01 8.815933716738130754e-02 9.558558988054913774e-01 7.055184800000000145e+00 -1.297750374419529007e-02 9.960307103654729710e-01 -8.805911880901683142e-02 -4.853319999999999856e-01 -9.598250634400079528e-01 1.227824413583331054e-02 2.803303271380482853e-01 5.175904799999999639e+00
3.006510204726115520e-01 8.904725474305198729e-02 9.495680861905075876e-01 7.163876100000000413e+00 -1.680271454981947798e-02 9.959717852577858466e-01 -8.807878152072755318e-02 -4.945072999999999830e-01 -9.535861957225129082e-01 1.052565404831345974e-02 3.009361692025745993e-01 5.211554999999999715e+00
3.210465622916368056e-01 8.539652784593601553e-02 9.432054589921435861e-01 7.274835600000000291e+00 -2.079040785285882903e-02 9.963218985967188246e-01 -8.312901610112737039e-02 -5.028219999999999912e-01 -9.468351830081273013e-01 7.078658664463471917e-03 3.216411491234884013e-01 5.251042799999999566e+00
3.429290220068474948e-01 7.400432559781444652e-02 9.364416936778496847e-01 7.390412800000000004e+00 -1.550036982145155603e-02 9.972019757168216758e-01 -7.312973514149771759e-02 -5.111940999999999846e-01 -9.392334238094517396e-01 1.056311598346047764e-02 3.431165926910190178e-01 5.292553899999999700e+00
3.624002124773123557e-01 6.866811590069457627e-02 9.294895243385195016e-01 7.508676499999999976e+00 -1.074049824845217313e-02 9.975236668749285496e-01 -6.950665954979906580e-02 -5.189793999999999796e-01 -9.319606899938288613e-01 1.520604758132287557e-02 3.622403186051778023e-01 5.339177600000000190e+00
3.780346477590509346e-01 5.352074323548553642e-02 9.242431147361669375e-01 7.631714800000000132e+00 5.800602108603544749e-03 9.981710306518298825e-01 -6.017430167971428434e-02 -5.262151000000000467e-01 -9.257732757586318861e-01 2.810913749983857610e-02 3.770327814396875477e-01 5.387609499999999940e+00
3.924836297451314571e-01 4.912709127875485721e-02 9.184460404860894656e-01 7.756377200000000194e+00 1.295063068044321336e-02 9.981783345193093737e-01 -5.892617127589905301e-02 -5.340112000000000192e-01 -9.196678104332376424e-01 3.502201305959889988e-02 3.911324290495330480e-01 5.439564700000000030e+00
4.073736356450522456e-01 5.984525724007055958e-02 9.112986701225904707e-01 7.879762200000000050e+00 1.885370848822027698e-02 9.970868973619412268e-01 -7.390708210570215431e-02 -5.411850000000000271e-01 -9.130669519030756298e-01 4.728915620951139320e-02 4.050586093979722246e-01 5.493305199999999999e+00
4.166566897612685727e-01 6.338087574829451287e-02 9.068517340042755448e-01 8.001279800000000719e+00 9.947400669205984369e-03 9.971889272446657904e-01 -7.426501599379654872e-02 -5.506170000000000231e-01 -9.090094895528365582e-01 3.996383327474767322e-02 4.148549625265194329e-01 5.551264800000000221e+00
4.246983142154386881e-01 6.992715738092192268e-02 9.026303421463230947e-01 8.120340300000000511e+00 2.801123755777894242e-03 9.969063406856886189e-01 -7.854872122685779834e-02 -5.607210999999999723e-01 -9.053306001722627450e-01 3.588788878289694839e-02 4.231885676981800293e-01 5.609049299999999683e+00
4.323106861617906915e-01 7.673065570395823376e-02 8.984541597129829249e-01 8.235930400000000873e+00 -3.112529966034310869e-03 9.964940376501337793e-01 -8.360589144877517143e-02 -5.707242999999999622e-01 -9.017193481275269651e-01 3.334725480417334575e-02 4.310338476378546835e-01 5.665630799999999745e+00
4.402279905885068123e-01 7.198513430425758364e-02 8.949957858792428889e-01 8.350070999999999799e+00 -3.187518081665619007e-03 9.969000739184499249e-01 -7.861349979404359811e-02 -5.807552000000000270e-01 -8.978803684405204377e-01 3.175504779695718927e-02 4.390927702758590234e-01 5.722330099999999753e+00
4.471546117263411335e-01 6.850787162242680250e-02 8.918292576147242023e-01 8.459839799999999244e+00 -4.681899410679986329e-03 9.972281572799744920e-01 -7.425686598486849754e-02 -5.904819000000000040e-01 -8.944444270214741977e-01 2.902884520182526587e-02 4.462359164348775886e-01 5.778146300000000402e+00
4.532726022536826549e-01 7.063799072809423540e-02 8.885686368041989525e-01 8.566530200000000761e+00 -5.768082581096574402e-03 9.970666299957038348e-01 -7.632080039116279080e-02 -5.994526999999999495e-01 -8.913532842086309138e-01 2.946879052332720267e-02 4.523504317623447957e-01 5.833491300000000379e+00
4.570470193065974129e-01 6.767010414995058842e-02 8.868645776821226789e-01 8.670696299999999468e+00 -1.715180562830299904e-03 9.971668050352622270e-01 -7.520253380973421220e-02 -6.081073000000000173e-01 -8.894408807214742030e-01 3.284996103653954613e-02 4.558681824401722427e-01 5.887331999999999788e+00
4.608349640935738845e-01 6.718601508345831141e-02 8.849390799631802196e-01 8.771285100000000057e+00 -1.747101860091686276e-03 9.971970991819656405e-01 -7.479901749464079597e-02 -6.165211999999999914e-01 -8.874841314096635347e-01 3.292392382870591716e-02 4.596606702076616591e-01 5.940275200000000311e+00
4.663179969610288800e-01 6.845576889842786006e-02 8.819644740094573221e-01 8.868477800000000855e+00 9.653820413509581200e-04 9.969613395849103998e-01 -7.789194702005644566e-02 -6.249928999999999624e-01 -8.846166365990230096e-01 3.717384937810557649e-02 4.648349289528981299e-01 5.991613899999999937e+00
4.727570725405488838e-01 6.622813961414307504e-02 8.787005086411068255e-01 8.962844799999999168e+00 5.448795432388912202e-03 9.969329164865287085e-01 -7.807093347719032406e-02 -6.330843000000000442e-01 -8.811759534799086246e-01 4.169644527910591064e-02 4.709462235328576440e-01 6.041357500000000158e+00
4.792778749681346206e-01 6.480116739873356679e-02 8.752676889213898415e-01 9.053606000000000265e+00 7.927951310726082806e-03 9.969102259602868887e-01 -7.814824990890388567e-02 -6.410365999999999564e-01 -8.776274073626256778e-01 4.439380677043870682e-02 4.772832741322338146e-01 6.091280900000000109e+00
4.860236603866933680e-01 6.354571634895957166e-02 8.716323442128667276e-01 9.142312000000000438e+00 9.969354795145133480e-03 9.968850108044459146e-01 -7.823609907445679135e-02 -6.488108999999999682e-01 -8.738887878381828012e-01 4.671420733692562000e-02 4.838761921438107239e-01 6.140708899999999915e+00
