1.000000000000000000e+00 0.000000000000000000e+00 0.000000000000000000e+00 0.000000000000000000e+00 0.000000000000000000e+00 1.000000000000000000e+00 0.000000000000000000e+00 0.000000000000000000e+00 0.000000000000000000e+00 0.000000000000000000e+00 1.000000000000000000e+00 0.000000000000000000e+00
9.999987511717409738e-01 7.276546722431009168e-04 1.402916118807740050e-03 -2.993000000000000109e-04 -7.211409802082651387e-04 9.999889848829487393e-01 -4.637894830242983782e-03 -2.410000000000000033e-04 -1.406275451365076841e-03 4.636877338003790941e-03 9.999882608100493231e-01 7.600909999999999611e-02
9.999965308089396876e-01 -1.617898948074799215e-03 2.078646934700421629e-03 1.390000000000000075e-05 1.629285890448043273e-03 9.999836130106322107e-01 -5.488090532172348879e-03 -5.209999999999999923e-05 -2.069733696036262730e-03 5.491458203059667448e-03 9.999827798963498715e-01 1.516937999999999898e-01
9.999923275433502123e-01 -3.343592095516146039e-03 2.040893513110933304e-03 2.322000000000000062e-04 3.346393131613067690e-03 9.999934615502075186e-01 -1.370587407799495495e-03 -1.845000000000000123e-04 -2.036297483608233601e-03 1.377406524061652437e-03 9.999969781173470018e-01 2.277365000000000084e-01
9.999818821499588672e-01 -5.877427325178788582e-03 1.300469093438967562e-03 4.258999999999999982e-04 5.871287907936564680e-03 9.999718337866441153e-01 4.675426363255599967e-03 -3.136999999999999815e-04 -1.327911942813278815e-03 -4.667706226118918493e-03 9.999882245148983273e-01 3.033297999999999828e-01
9.999570065362133331e-01 -9.272650335102246635e-03 5.508991166598580012e-05 6.011999999999999766e-04 9.272303396460393130e-03 9.999466445336832043e-01 4.553292825164192634e-03 7.239999999999999799e-05 -9.730806455913691016e-05 -4.552586252958953222e-03 9.999896321910292096e-01 3.782237999999999989e-01
9.999280461737810599e-01 -1.196441728296229225e-02 -8.690190814499824555e-04 5.387000000000000295e-04 1.196594317485231811e-02 9.999268346681413622e-01 1.772431800587528439e-03 2.135999999999999878e-04 8.477493857126753045e-04 -1.782702900284256807e-03 9.999980516437761979e-01 4.521362999999999910e-01
9.999203361087755093e-01 -1.252325299399861293e-02 -1.577837305177509685e-03 2.537999999999999892e-04 1.252104063922064754e-02 9.999206225828416450e-01 -1.404305826150956463e-03 3.979999999999999841e-05 1.595298537669363444e-03 1.384437788664170076e-03 9.999977691748042075e-01 5.258829999999999893e-01
9.999223166540743835e-01 -1.221014899714566518e-02 -2.504579528909034892e-03 5.670000000000000262e-05 1.220496507495946042e-02 9.999233642379166120e-01 -2.074723751674160087e-03 7.399999999999999623e-05 2.529720274683997395e-03 2.043994274513465277e-03 9.999947112873835975e-01 5.995487000000000455e-01
9.999225746673112702e-01 -1.189892473171586494e-02 -3.641464118243323625e-03 -3.350000000000000113e-04 1.189741465804937913e-02 9.999291281719197011e-01 -4.360708646389617102e-04 1.930000000000000021e-04 3.646394815420408130e-03 3.927130931300421902e-04 9.999932747680239098e-01 6.728887999999999536e-01
9.999252554671015369e-01 -1.144699562373107694e-02 -4.295319573903603159e-03 -1.014700000000000107e-03 1.145895483586683271e-02 9.999305072050949095e-01 2.770038741818588602e-03 -1.180000000000000052e-05 4.263312458786239038e-03 -2.819051569569696897e-03 9.999869384722617216e-01 7.461560999999999888e-01
9.999141166866583053e-01 -1.199942847927340170e-02 -5.270006348266676605e-03 -1.508599999999999915e-03 1.202120340144840344e-02 9.999192556869375137e-01 4.119802818335250791e-03 3.280000000000000038e-04 5.220145545956927924e-03 -4.182800814258334776e-03 9.999776268786354505e-01 8.189399000000000539e-01
9.998948161606866503e-01 -1.325598882680924066e-02 -5.885182682824677096e-03 -1.874000000000000015e-03 1.328522992832660045e-02 9.998994572771675582e-01 4.957620656869583288e-03 5.106999999999999994e-04 5.818872806498357787e-03 -5.035285200406565929e-03 9.999703928728151947e-01 8.917129999999999779e-01
9.998862440620129854e-01 -1.337919365700375451e-02 -6.963915037449563625e-03 -2.222500000000000083e-03 1.341594849008566001e-02 9.998961763583386064e-01 5.258215484892621826e-03 3.900999999999999954e-04 6.892841335167520719e-03 -5.351044857089756919e-03 9.999619268038486553e-01 9.641300000000000425e-01
9.998763580869901579e-01 -1.368947452162694832e-02 -7.737365573547787777e-03 -3.067400000000000074e-03 1.371763322550910609e-02 9.998994352869209346e-01 3.598034406030379845e-03 8.984000000000000449e-04 7.687332267269606466e-03 -3.703727881242952717e-03 9.999635929984622695e-01 1.036174200000000045e+00
9.998578673201202749e-01 -1.414217857883067267e-02 -9.178449929330654081e-03 -3.851100000000000096e-03 1.416080247437128889e-02 9.998977955193693035e-01 1.967279539720550967e-03 8.231000000000000035e-04 9.149690232057425612e-03 -2.096974141477656560e-03 9.999559419634983515e-01 1.108823300000000067e+00
9.998235182965273804e-01 -1.534346478193976057e-02 -1.084021907707388016e-02 -4.591300000000000416e-03 1.535038018988270012e-02 9.998820219309669799e-01 5.550200602540694564e-04 1.043499999999999940e-03 1.083042423821149389e-02 -7.213235935430777025e-04 9.999410890662978613e-01 1.180674199999999896e+00
9.998119859250377273e-01 -1.386695145505387541e-02 -1.355361420342288473e-02 -7.941500000000000642e-03 1.385414192378795969e-02 9.999034874358198044e-01 -1.038539956247928929e-03 1.190400000000000095e-03 1.356670749251962654e-02 8.505710013642546821e-04 9.999076062200866755e-01 1.323930400000000063e+00
9.997720768105002875e-01 -1.301392964158896819e-02 -1.692430398281992432e-02 -1.066270000000000065e-02 1.301618735661830457e-02 9.999152855747983626e-01 2.325009415403040693e-05 1.057999999999999913e-03 1.692256767504660142e-02 -2.435347064391601838e-04 9.998567734401413443e-01 1.465147100000000036e+00
9.997368288806982584e-01 -1.214171091280838097e-02 -1.946411661687153655e-02 -1.437890000000000001e-02 1.217947813440881447e-02 9.999241656528987665e-01 1.822979903249086382e-03 1.392900000000000084e-03 1.944050647331088677e-02 -2.059562930328254129e-03 9.998088941935838747e-01 1.606305499999999942e+00
9.996377128581241944e-01 -1.387348803917985186e-02 -2.306446100400237620e-02 -1.706629999999999953e-02 1.390918764164161651e-02 9.999022990565731295e-01 1.388106814624968238e-03 1.343000000000000010e-03 2.304294970111284840e-02 -1.708411837332474148e-03 9.997330162588740077e-01 1.744757300000000066e+00
9.995902864987891157e-01 -1.342511362374598088e-02 -2.527895293436832266e-02 -2.095270000000000118e-02 1.351728146844535100e-02 9.999025861939835336e-01 3.478681400479071307e-03 1.879599999999999934e-03 2.522978872228863120e-02 -3.818958859784323066e-03 9.996743836441223108e-01 1.881333099999999980e+00
9.995583743171859714e-01 -1.452142216408176117e-02 -2.592652369132696435e-02 -2.298460000000000086e-02 1.468839987420664586e-02 9.998725133412370569e-01 6.261627089924341923e-03 2.177899999999999975e-03 2.583229067504137430e-02 -6.639680941911529043e-03 9.996442404152938721e-01 1.948647500000000088e+00
9.995309304650863425e-01 -1.336730290775416108e-02 -2.755420578734036133e-02 -2.688880000000000089e-02 1.356017281277730607e-02 9.998847658474596667e-01 6.824715339000204939e-03 2.433100000000000106e-03 2.745980256459192373e-02 -7.195153865145385158e-03 9.995970133028462268e-01 2.080700900000000075e+00
9.995092693041284226e-01 -1.181474980789293770e-02 -2.901089902268377471e-02 -3.123669999999999919e-02 1.188952134198413384e-02 9.999264220133780023e-01 2.406209006421705914e-03 3.106300000000000207e-03 2.898033570174721532e-02 -2.749953908881917503e-03 9.995761991444740424e-01 2.208313500000000040e+00
9.994992166548422041e-01 -1.068246610601082495e-02 -2.978591654206160996e-02 -3.364249999999999879e-02 1.074283964301355442e-02 9.999405499287048471e-01 1.867620058723423434e-03 3.415200000000000180e-03 2.976419497922337329e-02 -2.186670110734484883e-03 9.995545563755214857e-01 2.271081000000000127e+00
9.993960639735369744e-01 -1.064621837249433295e-02 -3.307817027235645385e-02 -3.830290000000000084e-02 1.067456011770092153e-02 9.999427938234133340e-01 6.803285383614059200e-04 3.306700000000000091e-03 3.306903507052225827e-02 -1.033012580603074985e-03 9.994525360438647477e-01 2.393924199999999836e+00
9.992497817096047674e-01 -1.055419802737585580e-02 -3.726234905781074941e-02 -4.315750000000000142e-02 1.061862090725885360e-02 9.999424481775058826e-01 1.531412029405456593e-03 3.911699999999999726e-03 3.724404171589220519e-02 -1.925937894849711653e-03 9.993043440913734754e-01 2.516216000000000008e+00
9.991057196719533851e-01 -9.325274823982501737e-03 -4.124075857989484284e-02 -4.870139999999999886e-02 9.555229431814377811e-03 9.999398623817551401e-01 5.382305311101617112e-03 3.882000000000000034e-03 4.118808698268663915e-02 -5.771556931515320343e-03 9.991347409740554131e-01 2.634894800000000092e+00
9.989801924191179516e-01 -5.676944958284230354e-03 -4.479226998269581622e-02 -5.519369999999999832e-02 5.903264796377258490e-03 9.999704622788505581e-01 4.921994978241948232e-03 4.040799999999999774e-03 4.476300502653898089e-02 -5.181396120988748105e-03 9.989841973300837008e-01 2.749254899999999946e+00
9.988367252810574914e-01 -3.629790832296833809e-03 -4.808347791421756917e-02 -6.143579999999999874e-02 3.896790193163061737e-03 9.999775000741489839e-01 5.460253807814679713e-03 4.491099999999999606e-03 4.806257646031621839e-02 -5.641273257790334686e-03 9.988283960621199276e-01 2.859958900000000082e+00
9.987861071585888428e-01 3.132496506401350128e-04 -4.925661398886763825e-02 -6.766569999999999530e-02 5.932855253599526803e-05 9.999714030364288408e-01 7.562379881943464589e-03 5.550000000000000246e-03 4.925757431212778731e-02 -7.556122286751524621e-03 9.987575263240187073e-01 2.968975299999999873e+00
9.989172335699051386e-01 5.121014627626710274e-03 -4.623997930612924745e-02 -7.401589999999999558e-02 -5.006635117071857148e-03 9.999841149988674127e-01 2.589083763891798610e-03 5.368699999999999688e-03 4.625250351983263564e-02 -2.354773686700810040e-03 9.989270048201881469e-01 3.072672400000000081e+00
9.991399294988565494e-01 6.867734660782281661e-03 -4.089297618967079745e-02 -7.912959999999999439e-02 -6.802921287216547389e-03 9.999753739189637392e-01 1.723896049267827600e-03 5.652100000000000180e-03 4.090380841657447614e-02 -1.444221678910463744e-03 9.991620452563049204e-01 3.174755799999999795e+00
9.993056395429866789e-01 1.583212660606030456e-02 -3.372806761010889443e-02 -8.420080000000000620e-02 -1.556177088718309690e-02 9.998447629414782822e-01 8.263250289926745568e-03 5.380000000000000233e-03 3.385365658887116991e-02 -7.732644155063080754e-03 9.993968862018401955e-01 3.273875700000000055e+00
9.994155017229534588e-01 2.428674981278912404e-02 -2.405844341157849925e-02 -8.770740000000000480e-02 -2.407129846259982442e-02 9.996678664400352465e-01 9.204857280379495979e-03 6.406000000000000236e-03 2.427400886095201077e-02 -8.620359085252981071e-03 9.996681758979124588e-01 3.368193900000000074e+00
9.993824246710523163e-01 3.312406762929682308e-02 -1.172882783138411676e-02 -8.988630000000000231e-02 -3.297727220188067382e-02 9.993779873159817084e-01 1.249551865192897147e-02 7.092099999999999620e-03 1.213543475659396333e-02 -1.210101697988258569e-02 9.998531375213667305e-01 3.457808299999999946e+00
9.991925913110600854e-01 4.008254455276268058e-02 2.748652627162811134e-03 -9.063749999999999585e-02 -4.011334258987193924e-02 9.991199862680941735e-01 1.225450063899060846e-02 7.425499999999999809e-03 -2.255042207272468791e-03 -1.235486389319000178e-02 9.999211329514064994e-01 3.539369799999999788e+00
9.989647690748248987e-01 4.433079443055178148e-02 1.020641036006111890e-02 -9.056480000000000086e-02 -4.444982288079619981e-02 9.989425570469993021e-01 1.174652996711885410e-02 7.802899999999999767e-03 -9.674884658105776386e-03 -1.218804272878683780e-02 9.998789167800737898e-01 3.578695999999999877e+00
9.983868320351878545e-01 5.048242735123987385e-02 2.598572968897558746e-02 -8.994019999999999793e-02 -5.065102242726528953e-02 9.986991579225384941e-01 5.870765868713368613e-03 8.260999999999999246e-03 -2.565555584691916677e-02 -7.177499114550203035e-03 9.996450749944433278e-01 3.651092999999999922e+00
9.978569247770711081e-01 5.031318224362749808e-02 4.183469095100414425e-02 -8.718120000000000036e-02 -5.065383582130870282e-02 9.986908729985140010e-01 7.122436805880482356e-03 8.255500000000000685e-03 -4.142157156644837857e-02 -9.226260455102275326e-03 9.990991590062420213e-01 3.716400900000000007e+00
9.967670796619705342e-01 5.504092985749854672e-02 5.853105963989339161e-02 -8.402239999999999709e-02 -5.559429225573075950e-02 9.984224486221880968e-01 7.866940692445815314e-03 8.578699999999999867e-03 -5.800572015526767738e-02 -1.109550033554097467e-02 9.982545899226172859e-01 3.774205699999999997e+00
9.943333343179625583e-01 6.288601622810043035e-02 8.571212998801222560e-02 -7.831480000000000385e-02 -6.379434273028521118e-02 9.979318194319899415e-01 7.897189422128917530e-03 8.524399999999999686e-03 -8.503823904417190382e-02 -1.332038768644400184e-02 9.962886455099992933e-01 3.846561200000000014e+00
9.922639253465126430e-01 6.079182839327209459e-02 1.082435035303896814e-01 -7.301860000000000295e-02 -6.135642999528966718e-02 9.981141297895166353e-01 1.890082736030346006e-03 8.122300000000000700e-03 -1.079244687462655311e-01 -8.516895861690392672e-03 9.941226139318617427e-01 3.888868099999999828e+00
9.885377795264552736e-01 6.346582780410921221e-02 1.369859377821113777e-01 -6.679999999999999827e-02 -6.345450746078705462e-02 9.979747935014741111e-01 -4.453876805553064200e-03 8.126299999999999496e-03 -1.369911819491103078e-01 -4.289549723372088064e-03 9.905629792352208529e-01 3.929694399999999810e+00
9.832615091438213772e-01 6.561275628874872756e-02 1.699757948897672732e-01 -5.854999999999999788e-02 -6.535329705204435957e-02 9.978367355406745354e-01 -7.127115121649841081e-03 8.011199999999999571e-03 -1.700757219612553106e-01 -4.100660644733151311e-03 9.854224644190097138e-01 3.969905600000000145e+00
9.529359961161746329e-01 6.877005350305212539e-02 2.952688047309795505e-01 -2.350259999999999849e-02 -6.723721711770008769e-02 9.976188717359062430e-01 -1.535393730105774623e-02 6.327900000000000018e-03 -2.956216229242056293e-01 -5.221733195491903151e-03 9.552908403005306859e-01 4.082900000000000418e+00
9.108740247794943068e-01 7.240227530019474611e-02 4.062836712364404912e-01 1.236199999999999972e-02 -6.994172225628136896e-02 9.973316158366737350e-01 -2.092375540945421233e-02 3.826899999999999833e-03 -4.067144778217643974e-01 -9.357274387570176100e-03 9.135074027867564617e-01 4.156900399999999607e+00
8.788197228747777201e-01 6.905159179617588461e-02 4.721310965788138581e-01 3.647480000000000167e-02 -6.328754870155496592e-02 9.975996207561332874e-01 -2.810129617237165298e-02 2.798699999999999886e-03 -4.729382421264401448e-01 -5.184046453624521072e-03 8.810803282316087559e-01 4.192448599999999637e+00
8.376100747888152176e-01 7.275165222165154433e-02 5.414024009101688906e-01 6.330080000000000429e-02 -6.218527342935294133e-02 9.973480917674119040e-01 -3.781237385325901534e-02 1.444299999999999924e-03 -5.427175640982996319e-01 -1.995231044736079512e-03 8.399128911216247051e-01 4.227678300000000000e+00
7.859360269654861453e-01 7.973773240680816221e-02 6.131447264295166732e-01 9.593490000000000351e-02 -6.634478902941302880e-02 9.967999532155279452e-01 -4.458948573558550732e-02 -4.450999999999999770e-04 -6.147380991010311657e-01 -5.634474256003160070e-03 7.887111779438080728e-01 4.263760099999999831e+00
7.230802271416210125e-01 8.534785699250216351e-02 6.854711725693570790e-01 1.352456999999999965e-01 -6.977123170172366828e-02 9.962865868495924815e-01 -5.044811285284964142e-02 -2.667800000000000119e-03 -6.872313732242193440e-01 -1.134813510568415118e-02 7.263499566228230897e-01 4.301294300000000348e+00
5.592694981317712921e-01 8.109190903557274288e-02 8.250101397852046547e-01 2.380893000000000037e-01 -5.792888711830444792e-02 9.965942049660441171e-01 -5.868760231371828590e-02 -8.773500000000000049e-03 -8.269594140565009743e-01 -1.496973336652348413e-02 5.620623048971206126e-01 4.371850499999999862e+00
4.628990811754515322e-01 7.821935409432903552e-02 8.829530980136990337e-01 3.022825000000000095e-01 -5.306403049063246335e-02 9.967578333324490503e-01 -6.048165307339867930e-02 -1.242709999999999995e-02 -8.848212527482666179e-01 -1.885614847914864750e-02 4.655489193946436011e-01 4.402247000000000021e+00
3.632423744098050578e-01 7.597382166346243471e-02 9.285919210584244743e-01 3.739831000000000127e-01 -5.551241582009174003e-02 9.966639193979410782e-01 -5.982811596692395872e-02 -1.578639999999999904e-02 -9.300394341762848738e-01 -2.981627394868243894e-02 3.662480589503143147e-01 4.428651300000000290e+00
2.669816441321012923e-01 7.288626502382106187e-02 9.609414103197952972e-01 4.507361999999999758e-01 -4.233078498160489783e-02 9.970603664491475282e-01 -6.386493794824146808e-02 -2.025100000000000164e-02 -9.627714715026411962e-01 -2.362663808435129173e-02 2.692821487463844532e-01 4.446907500000000013e+00
2.232375362033397759e-01 6.701904169329819805e-02 9.724574286211066232e-01 4.918415999999999899e-01 -2.888416787112227380e-02 9.976503583040002843e-01 -6.212461204943428572e-02 -2.265949999999999909e-02 -9.743360340643548723e-01 -1.422007828430791807e-02 2.246487972309951786e-01 4.452492200000000011e+00
1.809726554520905417e-01 6.593346969111692213e-02 9.812755349814390460e-01 5.349658000000000468e-01 -1.986717005753654494e-02 9.977917481521675347e-01 -6.337919905888944605e-02 -2.498850000000000030e-02 -9.832874419682799960e-01 -8.025265972662540964e-03 1.818829337061181883e-01 4.457991100000000095e+00
1.425652968474250548e-01 6.769327989753218255e-02 9.874678506116137955e-01 5.781977999999999840e-01 -1.677412277029371318e-02 9.976804967970012150e-01 -6.597162356783276005e-02 -2.698650000000000007e-02 -9.896432513487337657e-01 -7.158642860422583659e-03 1.433701115724760333e-01 4.462297000000000402e+00
1.098434929195237636e-01 6.842647238129992426e-02 9.915907547676559020e-01 6.230244999999999811e-01 -7.589014652201336170e-03 9.976561606147688055e-01 -6.800435312542356392e-02 -2.958900000000000072e-02 -9.939199232935453932e-01 -5.536108588986843326e-05 1.101053269161077486e-01 4.465220500000000037e+00
8.088118991162029925e-02 6.688984037304848695e-02 9.944767379749755998e-01 6.694484000000000545e-01 -3.585490398300486548e-04 9.977474903668548389e-01 -6.708067463307941514e-02 -3.257630000000000248e-02 -9.967236851610711268e-01 5.068996104863457419e-03 8.072298754024431755e-02 4.467383899999999741e+00
3.599203642914320517e-02 6.422442683010926023e-02 9.972862158437904023e-01 7.653275999999999968e-01 1.125867427426411466e-02 9.978434088492321719e-01 -6.466663490340372744e-02 -3.785469999999999807e-02 -9.992886547776219652e-01 1.355560454159210337e-02 3.519133441975053067e-02 4.468975099999999756e+00
2.005833382617387348e-02 6.599360170521746671e-02 9.976184179224490967e-01 8.146611000000000269e-01 1.357531559537741850e-02 9.977092057156724536e-01 -6.627255568248358042e-02 -4.060699999999999726e-02 -9.997066439964291673e-01 1.487230191245130992e-02 1.911650033926781678e-02 4.469275500000000179e+00
6.627517226021875998e-03 6.588143468143470294e-02 9.978054482612002118e-01 8.649603999999999626e-01 1.452876006404342502e-02 9.977156954889185858e-01 -6.597201001989384805e-02 -4.333390000000000158e-02 -9.998724874434841148e-01 1.493410658122440449e-02 5.655202401363745857e-03 4.469129999999999825e+00
-1.408356529374941643e-02 6.948815258143747897e-02 9.974833581766842094e-01 9.687324000000000490e-01 2.025365399400433364e-02 9.973974507499256958e-01 -6.919620464621341338e-02 -4.950279999999999958e-02 -9.996956750374124123e-01 1.922815353507345559e-02 -1.545430112052281757e-02 4.467096299999999687e+00
-2.512576313617331802e-02 7.078084834105924372e-02 9.971753945695533972e-01 1.076191899999999979e+00 2.500526180284660949e-02 9.972227093277998833e-01 -7.015415086146653545e-02 -5.562380000000000102e-02 -9.993715189602891957e-01 2.317195522700396526e-02 -2.682587523197910162e-02 4.463704599999999800e+00
-3.137858589173713603e-02 6.135417653212228706e-02 9.976226989045008375e-01 1.189388200000000007e+00 2.080940970184655056e-02 9.979379573637586764e-01 -6.071903919290680407e-02 -6.166859999999999703e-02 -9.992909250139799804e-01 1.885466188278728597e-02 -3.259062610613971955e-02 4.461194500000000396e+00
-3.274510264894219674e-02 5.299069596281523464e-02 9.980579864887042518e-01 1.306032999999999999e+00 2.459976952135329090e-02 9.983337089765339512e-01 -5.219824576222430873e-02 -6.789770000000000527e-02 -9.991609527958977832e-01 2.284275952098930446e-02 -3.399409868579716942e-02 4.456434699999999971e+00
-3.150842226048679307e-02 6.278440412510828683e-02 9.975296175679748689e-01 1.424818600000000046e+00 2.878643220111071210e-02 9.976681457135198050e-01 -6.188386178704417817e-02 -7.362599999999999700e-02 -9.990888652406180181e-01 2.676545585642462269e-02 -3.324228820361296854e-02 4.451795100000000005e+00
-2.729890960371271144e-02 7.154943659970354475e-02 9.970634120539740852e-01 1.546754100000000021e+00 3.024797425480914639e-02 9.970375244069170639e-01 -7.071941019272261209e-02 -7.967520000000000158e-02 -9.991695699869609371e-01 2.822858563214175262e-02 -2.938226276650790503e-02 4.448732399999999920e+00
-2.230831563986361565e-02 6.086002838401942394e-02 9.978969866666644872e-01 1.672420999999999935e+00 2.902356914942613372e-02 9.977641104096381941e-01 -6.020309304588922911e-02 -8.703489999999999838e-02 -9.993297611335014707e-01 2.761950259436012772e-02 -2.402481195138550518e-02 4.445454100000000075e+00
-1.618364198602353227e-02 6.452443052730195971e-02 9.977848904434237776e-01 1.797830599999999945e+00 3.471014234062490267e-02 9.973503562980406967e-01 -6.393334662650444755e-02 -9.489050000000000262e-02 -9.992663787753300886e-01 3.359858117984436399e-02 -1.838041326901096451e-02 4.443140500000000159e+00
-1.049611534386273547e-02 7.066113975313384477e-02 9.974451538262523176e-01 1.922277100000000072e+00 3.063310503038885191e-02 9.970546418697990854e-01 -7.031112289022103945e-02 -1.020488999999999979e-01 -9.994755847137464233e-01 2.981684850339968648e-02 -1.262977064082393408e-02 4.442482899999999901e+00
-2.670847379537668719e-03 6.322729735919747907e-02 9.979955788694290231e-01 2.048988099999999868e+00 2.968867293181301492e-02 9.975642250752054796e-01 -6.312051607562005340e-02 -1.107115999999999933e-01 -9.995556259027422730e-01 2.946057906349424174e-02 -4.541476348122297502e-03 4.442563999999999957e+00
3.823279647049992319e-03 6.912038098523751173e-02 9.976010001324155940e-01 2.175375900000000140e+00 3.402258455249258795e-02 9.970217407375205898e-01 -6.921063673376143255e-02 -1.180683000000000010e-01 -9.994137512927809830e-01 3.420557599543983668e-02 1.460238922657342009e-03 4.442444300000000013e+00
1.119014510216848925e-02 6.935651821691662944e-02 9.975291745274514899e-01 2.301976900000000104e+00 2.973794254844116386e-02 9.971272920461844436e-01 -6.966217215698146392e-02 -1.260950000000000126e-01 -9.994950902458590303e-01 3.044399509706014958e-02 9.095478929234568355e-03 4.444371699999999592e+00
1.838387113140723880e-02 6.657839838260866394e-02 9.976118233817353742e-01 2.428683799999999948e+00 3.800170809194999832e-02 9.970129509993423955e-01 -6.723872189205488958e-02 -1.347775999999999974e-01 -9.991085543945253944e-01 3.914706129953476887e-02 1.579886474695046950e-02 4.445830800000000416e+00
2.442292612650581729e-02 6.720816883025097777e-02 9.974400145983233212e-01 2.555827900000000152e+00 4.147572998914278442e-02 9.968104499941033980e-01 -6.818130685474525776e-02 -1.429525000000000101e-01 -9.988409705760405988e-01 4.303473974636876087e-02 2.155752011886680197e-02 4.449096700000000126e+00
3.203073245583726997e-02 6.474090297732504329e-02 9.973879123290109172e-01 2.683427299999999960e+00 4.451996527932175485e-02 9.968170948639163420e-01 -6.613359266356362565e-02 -1.511583999999999983e-01 -9.984948697263648087e-01 4.652198263985270893e-02 2.904651892028864424e-02 4.452231399999999617e+00
3.770932958981873528e-02 6.709663819281623531e-02 9.970336241095927310e-01 2.811634800000000212e+00 4.004884841433674347e-02 9.968401872888577042e-01 -6.859832903650467384e-02 -1.586557000000000106e-01 -9.984859018546889953e-01 4.251684547491026145e-02 3.490303207875644631e-02 4.458245800000000258e+00
4.298500960874996474e-02 6.663113624393988965e-02 9.968513332647840341e-01 2.940017000000000102e+00 3.959248147840119247e-02 9.968761569976203329e-01 -6.834005428764536316e-02 -1.670801000000000092e-01 -9.982909016711102312e-01 4.240541583922242952e-02 4.021263915965345159e-02 4.464239100000000349e+00
4.792700437299990401e-02 6.721377264791525419e-02 9.965868306466150184e-01 3.069717199999999924e+00 3.481475759017785276e-02 9.970147399070831140e-01 -6.891691419345941094e-02 -1.750531999999999921e-01 -9.982439255541541989e-01 3.799891017444911867e-02 4.544389859801367670e-02 4.471471300000000149e+00
5.449047110039156178e-02 7.271957223530257919e-02 9.958627678416196449e-01 3.199768300000000121e+00 3.211226308312865874e-02 9.967010130295896886e-01 -7.453786410589979816e-02 -1.836235999999999979e-01 -9.979977911393076440e-01 3.604101052557021762e-02 5.197551771130726195e-02 4.479329100000000174e+00
6.089922633358572923e-02 7.711025193287072976e-02 9.951609383807323850e-01 3.331061800000000073e+00 2.617612643240537981e-02 9.965451909350144799e-01 -7.881936836393819978e-02 -1.924398999999999971e-01 -9.978006287014281606e-01 3.084949709711096513e-02 5.867038343056840688e-02 4.487975099999999884e+00
6.676558623535497339e-02 7.686795665645659859e-02 9.948033341993333112e-01 3.463878900000000094e+00 2.474628366294758658e-02 9.965937506140525315e-01 -7.866713215751908184e-02 -2.018819000000000030e-01 -9.974617676580502801e-01 2.986994269289366261e-02 6.463596973822649527e-02 4.498163199999999584e+00
7.428593648119602433e-02 7.881517062290285813e-02 9.941175828446021656e-01 3.597667500000000018e+00 1.988230316490717520e-02 9.965567555270075095e-01 -8.049426708991666568e-02 -2.117919000000000052e-01 -9.970387623668252042e-01 2.574493917582308319e-02 7.246312472466764909e-02 4.509150499999999617e+00
8.348894057651851108e-02 7.673420181590194511e-02 9.935499278209861673e-01 3.733676399999999784e+00 1.929685724450626305e-02 9.967194135098546015e-01 -7.860052183704988038e-02 -2.218362000000000112e-01 -9.963218496559710369e-01 2.573466541938786850e-02 8.173431894777405393e-02 4.520365700000000153e+00
9.420250038456141894e-02 8.911736821576148049e-02 9.915563441396525457e-01 3.868759400000000070e+00 1.379311993251969293e-02 9.957730076149012843e-01 -9.080675717203570696e-02 -2.319251999999999980e-01 -9.954575022389574590e-01 2.223087915198846548e-02 9.257510058490814320e-02 4.534704200000000185e+00
1.088894347982592020e-01 9.652050880099329044e-02 9.893568023570227243e-01 4.005151699999999870e+00 7.919345728470555956e-03 9.951590222791627527e-01 -9.795817648166901814e-02 -2.437604999999999911e-01 -9.940223211540817339e-01 1.850166903763643400e-02 1.075979241912833340e-01 4.550458400000000125e+00
1.237466365638691529e-01 9.285691025661195475e-02 9.879596976378770545e-01 4.143339600000000011e+00 4.444828357655319917e-03 9.955502687662074468e-01 -9.412707294080205345e-02 -2.562448999999999977e-01 -9.923038916783510910e-01 1.603921996630764540e-02 1.227832642621612402e-01 4.567971199999999676e+00
1.380443231503855339e-01 8.416845364823291598e-02 9.868431670009258916e-01 4.282211799999999791e+00 1.350129926374760148e-03 9.963655632328421996e-01 -8.516948721744718731e-02 -2.681690999999999936e-01 -9.904251319484647098e-01 1.308953070840430943e-02 1.374289714387031403e-01 4.588550099999999965e+00
1.529459899851607629e-01 7.427418033329383218e-02 9.854394300429001330e-01 4.420970900000000370e+00 -1.595358972425957311e-03 9.971888614237175430e-01 -7.491214509155980084e-02 -2.791174000000000155e-01 -9.882332614202011811e-01 9.885382556439330226e-03 1.526345315926400659e-01 4.610461700000000107e+00
1.657347461094700880e-01 8.279941657887354700e-02 9.826882774034846335e-01 4.555447100000000304e+00 -1.009682598886132987e-03 9.964828031282980669e-01 -8.379142921933677157e-02 -2.893918999999999797e-01 -9.861698507220140186e-01 1.289494799399273223e-02 1.652354255090391355e-01 4.633898699999999593e+00
1.756390352935422450e-01 8.932637560578290947e-02 9.803936596603880504e-01 4.687942500000000123e+00 -4.255701378469513296e-03 9.959344865968827731e-01 -8.997992783271591133e-02 -3.004807999999999923e-01 -9.844454369272740424e-01 1.163172507146129769e-02 1.753051188212449985e-01 4.658687099999999859e+00
1.861405949715827235e-01 8.556818017944194110e-02 9.787899496032862467e-01 4.818883900000000331e+00 -2.510212803161271378e-03 9.962385918449795374e-01 -8.661620489501434261e-02 -3.120536999999999894e-01 -9.825199121317124140e-01 1.366582085023872878e-02 1.856552385611058842e-01 4.683876500000000220e+00
1.939637211005146022e-01 7.269916428822463528e-02 9.783112523162734719e-01 4.947711499999999596e+00 -3.438652127624397536e-03 9.972945873122091021e-01 -7.342807221571226450e-02 -3.221951000000000120e-01 -9.810026761270259632e-01 1.087831005094061498e-02 1.936889563244343915e-01 4.710078199999999882e+00
2.002190538525928654e-01 6.959885341016400218e-02 9.772759743687362555e-01 5.072136900000000281e+00 -9.086786021965765486e-03 9.975626728591032721e-01 -6.918196324182145085e-02 -3.314177999999999846e-01 -9.797090184305559113e-01 4.971249560445534232e-03 2.003634844068256093e-01 4.737132500000000412e+00
2.059706973769103999e-01 8.022095855747676807e-02 9.752644101115290898e-01 5.253105200000000252e+00 -1.603003466275976924e-02 9.967769498593445077e-01 -7.860502667013466449e-02 -3.448060000000000014e-01 -9.784268546042569348e-01 5.568098611344954318e-04 2.065927882381149994e-01 4.777156399999999969e+00
2.107039848901079426e-01 8.717518519591588300e-02 9.736551329076875705e-01 5.426583800000000402e+00 -1.803305962942594598e-02 9.961929112567420308e-01 -8.529063443437676084e-02 -3.591076999999999741e-01 -9.773835682636732303e-01 4.130954789076657363e-04 2.114738514339173925e-01 4.816783899999999896e+00
2.121502849310294148e-01 8.165773125312641989e-02 9.738194244983384706e-01 5.539774399999999765e+00 -1.774679639230775791e-02 9.966603615472620081e-01 -7.970680609766529756e-02 -3.685888999999999971e-01 -9.770758966536288170e-01 -3.723534248843279881e-04 2.128909428121213976e-01 4.842162100000000358e+00
2.104589358175175395e-01 7.991184592251091012e-02 9.743311209315931309e-01 5.648610599999999593e+00 -1.730773169223925184e-02 9.968018356408989700e-01 -7.801629885225089267e-02 -3.772729000000000221e-01 -9.774494763199924607e-01 -4.442343876165932848e-04 2.111689463381900556e-01 4.866585299999999670e+00
2.066706034641787870e-01 8.356879531879923828e-02 9.748351235530636760e-01 5.753661199999999809e+00 -1.952432678898184670e-02 9.964995074132056985e-01 -8.128672947459138209e-02 -3.862155999999999922e-01 -9.782157544873162358e-01 -2.233422083484259968e-03 2.075787790180099179e-01 4.889533499999999755e+00
2.024242921210196167e-01 8.797398599668374009e-02 9.753383944801721217e-01 5.855845900000000270e+00 -1.550642777331606020e-02 9.961198521475992385e-01 -8.663019597782281589e-02 -3.945898999999999934e-01 -9.791751409513087534e-01 2.412041728567168586e-03 2.030030181984607829e-01 4.911045099999999941e+00
1.977482329931052885e-01 8.423018825544925647e-02 9.766273146572115316e-01 5.956019399999999742e+00 -1.635352766217234438e-02 9.964462553267123823e-01 -8.262821780950493911e-02 -4.024365999999999777e-01 -9.801164208812680467e-01 3.682822613192207606e-04 1.984229469770795173e-01 4.932012099999999677e+00
1.956828937343654817e-01 7.998412477191754744e-02 9.773999922673495266e-01 6.004677299999999995e+00 -1.630748777580736525e-02 9.967959473727378006e-01 -7.830648213097163302e-02 -4.070895999999999959e-01 -9.805316266914527734e-01 -6.156994044271210664e-04 1.963602555815623374e-01 4.941837300000000432e+00
1.922653482248535550e-01 8.035199933875558642e-02 9.780478475382685666e-01 6.099325200000000002e+00 -9.101393534142854236e-03 9.967453655321851791e-01 -8.009894459883382112e-02 -4.150711999999999735e-01 -9.813007696459390417e-01 6.498653120070897737e-03 1.923709099627917141e-01 4.959486499999999687e+00
1.878756983410232173e-01 8.419055537344849460e-02 9.785778826229329930e-01 6.192017100000000163e+00 -5.539266065952813678e-03 9.963945084659752149e-01 -8.465990804565270977e-02 -4.221775999999999862e-01 -9.821771930279805662e-01 1.048493608745863087e-02 1.876646679876595725e-01 4.977580099999999952e+00
1.854985701516653762e-01 8.541571408399656340e-02 9.789251433379412282e-01 6.284759000000000206e+00 -4.308698329347201983e-03 9.962760424132013348e-01 -8.611319545920752272e-02 -4.296326999999999785e-01 -9.826350877057029587e-01 1.175598149921772140e-02 1.851758118885824533e-01 4.995229700000000328e+00
1.883885744608820301e-01 8.209831000064293782e-02 9.786570453982514906e-01 6.378288699999999700e+00 6.843658088796868155e-03 9.963658663432247709e-01 -8.490126459646477053e-02 -4.367328999999999795e-01 -9.820707252314166968e-01 2.269202241215195065e-02 1.871420924385693851e-01 5.011754999999999960e+00
1.938671823164508923e-01 8.114017112984878155e-02 9.776665015483034793e-01 6.472199899999999673e+00 6.933810518184833904e-03 9.964354883417730901e-01 -8.407282465095440582e-02 -4.444076000000000137e-01 -9.810032812852247375e-01 2.307791589617817427e-02 1.926135299129088096e-01 5.030179500000000026e+00
2.054597358756529157e-01 8.094874378527655567e-02 9.753120515063333773e-01 6.567112400000000072e+00 6.778909804029967234e-03 9.964317553835919661e-01 -8.412968111815420647e-02 -4.515046999999999811e-01 -9.786420915307985080e-01 2.389681448978372633e-02 2.041778610463560462e-01 5.051061200000000362e+00
2.215356011958779514e-01 7.877726169935128642e-02 9.719650819046602441e-01 6.664173100000000183e+00 5.509316540078766644e-03 9.966145668046250128e-01 -8.203080314181399046e-02 -4.591826999999999992e-01 -9.751367210981453093e-01 2.352760659271883881e-02 2.203515983467697614e-01 5.073834399999999967e+00
2.399099160055480906e-01 7.827336062388338955e-02 9.676344936074023906e-01 6.762583700000000420e+00 7.948579904702712806e-04 9.967280835266818517e-01 -8.082385606986994264e-02 -4.669177999999999940e-01 -9.707948292007870794e-01 2.015957653006549347e-02 2.390627345931243264e-01 5.099712799999999824e+00
2.589933715195285036e-01 8.427505278945532363e-02 9.621954837694272067e-01 6.863496300000000439e+00 -7.999780591009794661e-03 9.963392509865967028e-01 -8.511228145199263573e-02 -4.744881000000000237e-01 -9.658459696139148898e-01 1.434616397515467434e-02 2.587194437218718335e-01 5.128633500000000289e+00
2.798059387578999968e-01 8.867474506210207275e-02 9.559526276045174908e-01 6.966520799999999625e+00 -1.328020823802432415e-02 9.959875272143272618e-01 -8.850130904480743577e-02 -4.825779000000000041e-01 -9.599647247190726818e-01 1.206794189831084801e-02 2.798608441232427468e-01 5.160390399999999822e+00
2.898579098660518660e-01 8.941153465024267999e-02 9.528840273399341587e-01 7.019545100000000204e+00 -1.648245183478993375e-02 9.959452791047240794e-01 -8.843828249421833987e-02 -4.871042999999999901e-01 -9.569277511231439881e-01 9.928670631146462033e-03 2.901563382556042736e-01 5.177148800000000328e+00
3.101917574476243944e-01 9.099998649494420166e-02 9.463086579279903487e-01 7.127619700000000336e+00 -2.171354359661776395e-02 9.958266484231591553e-01 -8.864427965061036363e-02 -4.953342000000000023e-01 -9.504260074493079413e-01 6.949010592725256286e-03 3.108731503616068981e-01 5.214428400000000074e+00
3.206182671324925293e-01 8.600842312553078073e-02 9.432955411388403988e-01 7.183052100000000273e+00 -2.121865289944478011e-02 9.962712256876801176e-01 -8.362663233623895964e-02 -4.996090000000000253e-01 -9.469707997346543671e-01 6.796765276752027296e-03 3.212477368506776454e-01 5.233933399999999736e+00
3.421747146679862683e-01 7.462448791098176548e-02 9.366683780537835569e-01 7.297369500000000286e+00 -1.595333978694081500e-02 9.971590620625001566e-01 -7.361586715021109506e-02 -5.082465000000000455e-01 -9.395009077119215180e-01 1.024649943438511041e-02 3.423931273519031926e-01 5.275707200000000263e+00
3.618242776533668881e-01 6.915050362851540844e-02 9.296781163115230839e-01 7.414601799999999798e+00 -1.074744798574153032e-02 9.974882889900101857e-01 -7.001146827181749244e-02 -5.156403000000000514e-01 -9.321843618418048649e-01 1.534018173636171600e-02 3.616586710724386533e-01 5.321361099999999844e+00
3.775063957974443274e-01 5.409072607082503897e-02 9.244258296289402654e-01 7.535985499999999782e+00 5.787604141385398193e-03 9.981351903483581811e-01 -6.076714101016505998e-02 -5.227903000000000411e-01 -9.259888901981092602e-01 2.829019514562657392e-02 3.764893625167866631e-01 5.369257499999999794e+00
3.922151849548666247e-01 4.956797322200444389e-02 9.185370241430024230e-01 7.659699899999999673e+00 1.306315908161155559e-02 9.981462844277473323e-01 -5.944197807855221283e-02 -5.307323000000000457e-01 -9.197807361353185218e-01 3.531304169489260514e-02 3.908406152392897015e-01 5.420301399999999603e+00
4.068675467765952569e-01 6.041588213348363101e-02 9.114870929234423214e-01 7.781325299999999778e+00 1.892117710896794661e-02 9.970390645272148022e-01 -7.453249535274798776e-02 -5.376948000000000283e-01 -9.132911849113655167e-01 4.757126225705333999e-02 4.045196986185771726e-01 5.473590399999999967e+00
4.162262468127285175e-01 6.438814796881953129e-02 9.069784329659305033e-01 7.901674299999999818e+00 9.599112985826295519e-03 9.971228070207180938e-01 -7.519285038492007356e-02 -5.467668999999999446e-01 -9.092104093630224426e-01 4.000342635661395529e-02 4.144106144703052497e-01 5.530590499999999743e+00
4.247151042445623803e-01 7.064931181746497701e-02 9.025662053092002868e-01 8.020183599999999302e+00 2.566957779167815257e-03 9.968524544724867154e-01 -7.923758413744552698e-02 -5.571608999999999590e-01 -9.053234178757836315e-01 3.597024814895490030e-02 4.231969403171673694e-01 5.587121500000000296e+00
4.320126297693706596e-01 7.791637746642907092e-02 8.984954790327337459e-01 8.133791000000000437e+00 -3.605453287644201643e-03 9.964022563199407267e-01 -8.467316166957435108e-02 -5.666851000000000527e-01 -9.018603486274043846e-01 3.334039176494787982e-02 4.307392829202097984e-01 5.643449300000000335e+00
4.399855036501182926e-01 7.290102321343486236e-02 8.950408914637286717e-01 8.246626900000000759e+00 -3.451978182911735749e-03 9.968293072650525888e-01 -7.949475469551497975e-02 -5.768550000000000066e-01 -8.979982407690878521e-01 3.188687805210210779e-02 4.388420975518574352e-01 5.699398500000000034e+00
4.469611714526767199e-01 6.928414172250527137e-02 8.918662561838668346e-01 8.355142600000000641e+00 -4.800806838457280512e-03 9.971675771128369892e-01 -7.505847992474934394e-02 -5.866325999999999485e-01 -8.945404761481454692e-01 2.926654849294638497e-02 4.460278081823589869e-01 5.754592399999999941e+00
4.530611927833553820e-01 7.147359501012467975e-02 8.886096335343499630e-01 8.460599900000000062e+00 -5.795852878926747997e-03 9.969959611396597143e-01 -7.723640048974279859e-02 -5.954551999999999623e-01 -8.914605788721837731e-01 2.984256502941368475e-02 4.521144297955287383e-01 5.809306600000000209e+00
4.569986216756861674e-01 6.856100188620881108e-02 8.868210917692940232e-01 8.563898099999999403e+00 -1.677419262024817947e-03 9.970894954179326808e-01 -7.622154808078815402e-02 -6.039849000000000467e-01 -8.894658206199621553e-01 3.334557163360354903e-02 4.557835306384883101e-01 5.862440600000000224e+00
4.606183897033986896e-01 6.795338554418374477e-02 8.849932409121166188e-01 8.663168900000000505e+00 -1.583709327452331728e-03 9.971264082773306781e-01 -7.573914298905194686e-02 -6.125498000000000332e-01 -8.875968628447343800e-01 3.348527003076777475e-02 4.594023789219560117e-01 5.914920300000000353e+00
