1.000000000000000000e+00 0.000000000000000000e+00 0.000000000000000000e+00 0.000000000000000000e+00 0.000000000000000000e+00 1.000000000000000000e+00 0.000000000000000000e+00 0.000000000000000000e+00 0.000000000000000000e+00 0.000000000000000000e+00 1.000000000000000000e+00 0.000000000000000000e+00
9.999984760634837988e-01 8.720943643700159462e-04 1.512389542937695288e-03 -4.821000000000000090e-04 -8.651002600701332293e-04 9.999889579587821764e-01 -4.619043412765582758e-03 -2.093999999999999941e-04 -1.516401084799078253e-03 4.617728005049733832e-03 9.999881884881548499e-01 7.537099999999999356e-02
9.999965359037696899e-01 -1.414355370737026534e-03 2.219860208652521191e-03 -2.170999999999999916e-04 1.426431684861087252e-03 9.999841421611518344e-01 -5.448001365060160112e-03 -8.079999999999999888e-05 -2.212119596476611397e-03 5.451148971596752116e-03 9.999826956011691470e-01 1.506018000000000079e-01
9.999932145444379028e-01 -2.991990197672722302e-03 2.149153260916362301e-03 1.509999999999999942e-05 2.994798305775670747e-03 9.999946646079084234e-01 -1.304583774435201949e-03 -2.024999999999999890e-04 -2.145238492475897568e-03 1.311011202784618038e-03 9.999968395957242739e-01 2.261759000000000130e-01
9.999837211597042419e-01 -5.477963124259080212e-03 1.596663897037531830e-03 -1.099999999999999971e-05 5.470362270487384541e-03 9.999738669785194212e-01 4.726573458235132537e-03 -3.350000000000000113e-04 -1.622514166493926966e-03 -4.717762185159656181e-03 9.999875550064329932e-01 3.013438999999999979e-01
9.999597785520540905e-01 -8.963827707540962184e-03 3.017796487940157570e-04 1.399999999999999877e-04 8.962344603062956036e-03 9.999492496029283028e-01 4.601586439109485276e-03 3.699999999999999811e-05 -3.430121613785456873e-04 -4.598696703433372522e-03 9.999893671091143466e-01 3.758573000000000053e-01
9.999318865125940148e-01 -1.165770110705461292e-02 -5.659860983084697480e-04 -3.979999999999999841e-05 1.165869196404291201e-02 9.999304506005689541e-01 1.780130172437916804e-03 1.845999999999999876e-04 5.451945088333152566e-04 -1.786607579139944287e-03 9.999982553966311194e-01 4.491457999999999839e-01
9.999250788736965267e-01 -1.216797849795706564e-02 -1.333018643966660428e-03 -1.289999999999999914e-04 1.216595848701197170e-02 9.999248471116227721e-01 -1.513136771790794029e-03 1.889000000000000108e-04 1.351330279468924110e-03 1.496805956394688629e-03 9.999979667371352576e-01 5.225442000000000142e-01
9.999272882183812827e-01 -1.185826873261362248e-02 -2.190830641406191995e-03 -4.408999999999999833e-04 1.185368695806509991e-02 9.999275528954113534e-01 -2.092621823081744926e-03 1.043000000000000009e-04 2.215486794003412949e-03 2.066500244219368881e-03 9.999954105869717225e-01 5.957909000000000121e-01
9.999264402040611843e-01 -1.167226835750622901e-02 -3.297321977640229381e-03 -7.900999999999999603e-04 1.167090158037784042e-02 9.999317987631373139e-01 -4.334496715152670338e-04 1.868999999999999893e-04 3.302156437088419379e-03 3.949350667660246877e-04 9.999944698792878617e-01 6.688560999999999535e-01
9.999291204465493577e-01 -1.123732993944936975e-02 -3.934018152230368132e-03 -1.468399999999999914e-03 1.124785088640860992e-02 9.999331961882986786e-01 2.662519688297837906e-03 6.009999999999999717e-05 3.903835732614813897e-03 -2.706580219651989836e-03 9.999887171813927056e-01 7.417456999999999523e-01
9.999184975855575086e-01 -1.178990555733190788e-02 -4.898603187694783832e-03 -1.905299999999999962e-03 1.180916924061095087e-02 9.999225763580101844e-01 3.922347690583317600e-03 5.111999999999999574e-04 4.851979811160333535e-03 -3.979876443862336022e-03 9.999803092438388497e-01 8.141083000000000069e-01
9.999023313756734144e-01 -1.283390963311338215e-02 -5.533396156258991311e-03 -2.241100000000000210e-03 1.286058857209341350e-02 9.999057151178701863e-01 4.813121253403052080e-03 5.967999999999999781e-04 5.471103277435229034e-03 -4.883813893843565873e-03 9.999731073337813081e-01 8.864269999999999650e-01
9.998911766279516833e-01 -1.314593504807739718e-02 -6.694721299807609993e-03 -2.500000000000000052e-03 1.317966406046851627e-02 9.999005470879090973e-01 5.019201983695448059e-03 6.800000000000000488e-04 6.628073387007866676e-03 -5.106889954920518400e-03 9.999649935463564843e-01 9.585892000000000301e-01
9.998841922831407381e-01 -1.335388906821492923e-02 -7.299018361744889251e-03 -3.418099999999999871e-03 1.338049155558215624e-02 9.999039675465946075e-01 3.608064621055323724e-03 8.515999999999999915e-04 7.250135724403636468e-03 -3.705311232882644787e-03 9.999668525509459727e-01 1.030169799999999913e+00
9.998655444894952726e-01 -1.392184253213471154e-02 -8.664597119049082669e-03 -4.269300000000000178e-03 1.393760857004422427e-02 9.999013145633842692e-01 1.761874502996933246e-03 1.029699999999999930e-03 8.639213510107181943e-03 -1.882401372323626483e-03 9.999609095134670556e-01 1.102117800000000036e+00
9.998327294475414240e-01 -1.515380526657382314e-02 -1.024086477903072764e-02 -5.070299999999999807e-03 1.515852489194829435e-02 9.998850294567459551e-01 3.833945521126641358e-04 1.265199999999999962e-03 1.023387749486071030e-02 -5.385668251621364075e-04 9.999474874698146554e-01 1.173251000000000044e+00
9.998230221122774708e-01 -1.363600989485729865e-02 -1.296085214866812656e-02 -8.203999999999999487e-03 1.362198024678562026e-02 9.999065318547565306e-01 -1.170131765642889185e-03 1.256900000000000031e-03 1.297559665019160959e-02 9.933722062439823575e-04 9.999153199662617064e-01 1.315507800000000005e+00
9.997809947840441414e-01 -1.294117400150992733e-02 -1.644653410569386909e-02 -1.061800000000000070e-02 1.293820996353418906e-02 9.999162567806746393e-01 -2.866158814893386003e-04 1.311499999999999949e-03 1.644886596597506384e-02 7.376439968442332826e-05 9.998647055313266696e-01 1.455674899999999994e+00
9.997446308896150713e-01 -1.216843108088947085e-02 -1.904211890564990600e-02 -1.412260000000000078e-02 1.220760027549634870e-02 9.999235984796673860e-01 1.942086245888202363e-03 1.212600000000000093e-03 1.901703191617892807e-02 -2.174048873049945312e-03 9.998167962224862038e-01 1.595325000000000104e+00
9.996586105517033527e-01 -1.380001983355407663e-02 -2.218607226237472377e-02 -1.739220000000000002e-02 1.382881704935709152e-02 9.999037216696745611e-01 1.145080848359726795e-03 1.546700000000000028e-03 2.216813408596243415e-02 -1.451497064200846406e-03 9.997532030393397884e-01 1.732648799999999989e+00
9.996462819270118816e-01 -1.324800855620523327e-02 -2.306081739218516363e-02 -1.967290000000000011e-02 1.328923296186268477e-02 9.999103570226637316e-01 1.635300001387841569e-03 1.544999999999999932e-03 2.303708568344397384e-02 -1.941182140838316550e-03 9.997327265300010035e-01 1.800555300000000081e+00
9.995790489885489905e-01 -1.445192746384842478e-02 -2.515684033672872105e-02 -2.302919999999999967e-02 1.460887111452140175e-02 9.998748842440313700e-01 6.066031877946505800e-03 2.367199999999999860e-03 2.506602696693873561e-02 -6.430991413819853002e-03 9.996651122458600769e-01 1.935100000000000042e+00
9.995654653386549793e-01 -1.429955114740992343e-02 -2.577602256556984009e-02 -2.508650000000000116e-02 1.450748323470493935e-02 9.998635679643271823e-01 7.897998976957516445e-03 2.219000000000000052e-03 2.565956805000647531e-02 -8.268512237874140955e-03 9.996365430859653900e-01 2.001474599999999882e+00
9.995554058886075843e-01 -1.194570123008697679e-02 -2.731832317296004758e-02 -2.919920000000000154e-02 1.206037803442379028e-02 9.999191221433253451e-01 4.036886645468248241e-03 2.858999999999999996e-03 2.726789028376738061e-02 -4.364561174169771796e-03 9.996186336624729440e-01 2.129956500000000030e+00
9.995413157539136950e-01 -1.178378232218341669e-02 -2.789803891169324521e-02 -3.137790000000000024e-02 1.185388873630545577e-02 9.999269813332701817e-01 2.348898371869816929e-03 3.184100000000000038e-03 2.786832292697649302e-02 -2.678521218411314322e-03 9.996080142242359523e-01 2.192626499999999812e+00
9.995236552695347942e-01 -1.072656980224836847e-02 -2.893792074261330657e-02 -3.360869999999999830e-02 1.078885566504091641e-02 9.999398042517213536e-01 1.997114535577636414e-03 3.393300000000000136e-03 2.891475661435161451e-02 -2.308370270730926953e-03 9.995792156085610003e-01 2.254788399999999804e+00
9.994839785769995544e-01 -1.101063719249922510e-02 -3.017519571613756432e-02 -3.579920000000000324e-02 1.105491011941615517e-02 9.999380465816772867e-01 1.300753885647938646e-03 3.452900000000000066e-03 3.015900413050278880e-02 -1.633666745254585238e-03 9.995437787324884527e-01 2.316177099999999989e+00
9.993683050884478725e-01 -1.072265983555518477e-02 -3.388237522213986136e-02 -4.080090000000000106e-02 1.075754495085722538e-02 9.999417768246581240e-01 8.474593652680153296e-04 3.033300000000000059e-03 3.387131546416808497e-02 -1.211415203993209235e-03 9.994254681875633928e-01 2.437602300000000000e+00
9.992797252698751853e-01 -1.075627300230137633e-02 -3.639138985615566341e-02 -4.269610000000000072e-02 1.082343069365661846e-02 9.999400654079894091e-01 1.648920824526931223e-03 3.629199999999999961e-03 3.637147251050414781e-02 -2.041612834478987153e-03 9.993362536225991466e-01 2.498197100000000059e+00
9.992016057675989771e-01 -1.122668299442255817e-02 -3.834204768129041013e-02 -4.528179999999999705e-02 1.138515500709648583e-02 9.999275140144773255e-01 3.917264644046709356e-03 3.624899999999999910e-03 3.829529053181330439e-02 -4.350667278689089069e-03 9.992569951805762019e-01 2.558046099999999878e+00
9.991402821462580519e-01 -1.005335316807202603e-02 -4.021973001866157443e-02 -4.807079999999999687e-02 1.027419917281671355e-02 9.999332364049710042e-01 5.288058626545431851e-03 3.865599999999999852e-03 4.016388208394829767e-02 -5.696737905021200671e-03 9.991768661018870512e-01 2.616444299999999945e+00
9.990737885985569999e-01 -8.584876446690170929e-03 -4.216473445571324030e-02 -5.079800000000000287e-02 8.831415568385811085e-03 9.999449596329592627e-01 5.664256676555048421e-03 4.082399999999999918e-03 4.211378674952205581e-02 -6.031384669749562978e-03 9.990946158220357365e-01 2.673862499999999809e+00
9.990127533480268607e-01 -6.294239604877229985e-03 -4.397614348474496171e-02 -5.393560000000000021e-02 6.515756701877021065e-03 9.999667880248195306e-01 4.895688095410453446e-03 3.898800000000000009e-03 4.394386831625575474e-02 -5.177392695362587234e-03 9.990205858951464180e-01 2.730713800000000191e+00
9.988784688255816224e-01 -3.994013805426780209e-03 -4.717893990313461183e-02 -6.012060000000000320e-02 4.253641407925244644e-03 9.999763517839718174e-01 5.403925202207227919e-03 4.362399999999999785e-03 4.715624085351069472e-02 -5.598546823982717378e-03 9.988718362342715595e-01 2.841292600000000057e+00
9.988198349039135726e-01 3.905569062377691456e-05 -4.856887766020292346e-02 -6.568789999999999352e-02 3.373654001592672194e-04 9.999699731171388661e-01 7.742031302910088418e-03 4.839200000000000099e-03 4.856772165858209284e-02 -7.749279886640707445e-03 9.987898302816928808e-01 2.949243800000000082e+00
9.989489580222109533e-01 4.901263718627580507e-03 -4.557364238569980991e-02 -7.197169999999999956e-02 -4.778183017045250711e-03 9.999846384396119392e-01 2.809244000483579994e-03 4.623600000000000279e-03 4.558671114913654537e-02 -2.588532163040974977e-03 9.989570317425300328e-01 3.051996899999999791e+00
9.991661659967940867e-01 6.585878918939408813e-03 -4.029390681147868719e-02 -7.694950000000000401e-02 -6.520983683499301589e-03 9.999772212486766065e-01 1.741767945212653558e-03 5.306199999999999632e-03 4.030446003938763927e-02 -1.477559691012147276e-03 9.991863526481399305e-01 3.154013200000000072e+00
9.992454795002730927e-01 1.085213395585073876e-02 -3.729212902039039101e-02 -7.908450000000000202e-02 -1.069455300011035170e-02 9.999330318878805191e-01 4.422473927426309910e-03 5.493399999999999846e-03 3.733762491638967229e-02 -4.020314429893040963e-03 9.992946206387222086e-01 3.203987600000000047e+00
9.993700712106541317e-01 2.054167180363504139e-02 -2.893960068701308119e-02 -8.384590000000000098e-02 -2.028870958865148025e-02 9.997535839378295375e-01 9.007755918790775335e-03 5.281799999999999690e-03 2.911750387034205134e-02 -8.414934520059782347e-03 9.995405743867447068e-01 3.300249099999999824e+00
9.994489243948665447e-01 2.810007398847999202e-02 -1.767012642247783177e-02 -8.677079999999999516e-02 -2.790537346779941100e-02 9.995481545582134419e-01 1.117035589820012179e-02 6.267199999999999681e-03 1.797603008361511878e-02 -1.067110871052149093e-02 9.997814710132015836e-01 3.391001699999999897e+00
9.993333495374832065e-01 3.628774151784462665e-02 -4.007033532237126890e-03 -8.833190000000000486e-02 -3.623601350740376925e-02 9.992675078424564372e-01 1.230443397388083886e-02 6.361399999999999694e-03 4.450598531167322854e-03 -1.215103229608237821e-02 9.999162687879690203e-01 3.476725800000000088e+00
9.989747751838419232e-01 4.391907117739589361e-02 1.097787471723851715e-02 -8.884140000000000092e-02 -4.404797848229552448e-02 9.989598428296848631e-01 1.179016561862318221e-02 7.037599999999999759e-03 -1.044864287913896406e-02 -1.226163123757061449e-02 9.998702307106547282e-01 3.555491700000000144e+00
9.983698440757531323e-01 5.038792401396947895e-02 2.680879620048174858e-02 -8.834430000000000061e-02 -5.057428252572813976e-02 9.987003118877623153e-01 6.318938383479575857e-03 6.857399999999999607e-03 -2.645555493964085389e-02 -7.664473161856626832e-03 9.996206077627586284e-01 3.626963899999999796e+00
9.978306860713230808e-01 5.022140312025614312e-02 4.256445234072095407e-02 -8.539869999999999406e-02 -5.057739541953932411e-02 9.986932620353278223e-01 7.327717094137990023e-03 7.315799999999999907e-03 -4.214082352076595206e-02 -9.464620112233052690e-03 9.990668505956560308e-01 3.692724000000000117e+00
9.967313141526055187e-01 5.480497317809681496e-02 5.935572678830785404e-02 -8.241279999999999439e-02 -5.538276157685961126e-02 9.984320797822154869e-01 8.132144974139996971e-03 7.403899999999999718e-03 -5.881697975704703457e-02 -1.139284761189213700e-02 9.982037697361954010e-01 3.749514299999999967e+00
9.922514495549235036e-01 6.008438785689539791e-02 1.087516767319716832e-01 -7.105789999999999329e-02 -6.068014069223629653e-02 9.981548948067492377e-01 2.174051263811979402e-03 6.812600000000000253e-03 -1.084203919091031448e-01 -8.756272562536792162e-03 9.940665703609025128e-01 3.861677900000000108e+00
9.884885043784973346e-01 6.309780860982544537e-02 1.375105205436996658e-01 -6.457200000000000439e-02 -6.311857683050456358e-02 9.979971387553083773e-01 -4.213821912389450856e-03 7.007799999999999793e-03 -1.375009889799091445e-01 -4.514153836044996169e-03 9.904913429428302551e-01 3.903217600000000065e+00
9.761050260458342676e-01 6.323079757549608659e-02 2.078962346124330063e-01 -4.661749999999999922e-02 -6.284836572779257946e-02 9.979873064322143383e-01 -8.450983701268859408e-03 6.723500000000000310e-03 -2.080121656379904649e-01 -4.816890920513199406e-03 9.781143780297134604e-01 3.982538700000000098e+00
9.662545868165550722e-01 6.549379063142815594e-02 2.491237380192723727e-01 -3.536360000000000198e-02 -6.457300773308335962e-02 9.978423197863439675e-01 -1.187566906371576025e-02 6.255300000000000096e-03 -2.493639912422632998e-01 -4.611749357282296687e-03 9.683988494621387222e-01 4.020820600000000411e+00
9.343403741100508864e-01 7.308000140295774216e-02 3.488085129449021160e-01 -5.509199999999999688e-03 -7.160850058275862462e-02 9.972857171347901950e-01 -1.712953715768255822e-02 4.488800000000000255e-03 -3.491135745744918806e-01 -8.972836446245052722e-03 9.370374593653818529e-01 4.096038300000000021e+00
9.105651309278470773e-01 7.197030712717905621e-02 4.070521062841613302e-01 1.436240000000000086e-02 -6.951500043242003768e-02 9.973632218918642156e-01 -2.083910584359616874e-02 3.397499999999999912e-03 -4.074785970492601495e-01 -9.320864203467546516e-03 9.131671886556520512e-01 4.132846400000000031e+00
8.372404505711605882e-01 7.234688449413687050e-02 5.420280031800868148e-01 6.562659999999999327e-02 -6.178829982718290342e-02 9.973776423120499501e-01 -3.768347941104725068e-02 9.525000000000000046e-04 -5.433328942111514959e-01 -1.940855494026193229e-03 8.395150976296288370e-01 4.203793499999999739e+00
7.855092902718338044e-01 7.943184725929014478e-02 6.137309968851308861e-01 9.848389999999999922e-02 -6.613412692057568654e-02 9.968237937569995877e-01 -4.436892444443367445e-02 -9.294999999999999877e-04 -6.153059662908307859e-01 -5.736361292620985319e-03 7.882675066283193477e-01 4.239974499999999757e+00
7.225998158341243593e-01 8.499249127857239072e-02 6.860217070783921622e-01 1.376680000000000126e-01 -6.941566640571350533e-02 9.963179624589698635e-01 -5.031881297345421056e-02 -2.824600000000000027e-03 -6.877724706717623926e-01 -1.126028897802202125e-02 7.258389866066654594e-01 4.277380499999999586e+00
6.471408833257077386e-01 8.110774119192344644e-02 7.580436738388934836e-01 1.847213000000000049e-01 -6.297535384900089517e-02 9.966136036486737959e-01 -5.287182453819061489e-02 -6.113300000000000331e-03 -7.597649517686478893e-01 -1.352254935831444585e-02 6.500571965010740749e-01 4.313081300000000340e+00
5.588155836317285630e-01 8.039986811736288264e-02 8.253853673872837415e-01 2.411795999999999940e-01 -5.754917333266235113e-02 9.966494862344210670e-01 -5.811965448444993826e-02 -9.562400000000000413e-03 -8.272927149075215425e-01 -1.502207693281167739e-02 5.615702102725597111e-01 4.348023399999999761e+00
4.622945353534633761e-01 7.772967423589020874e-02 8.833130024660045265e-01 3.061475000000000168e-01 -5.267753749858471168e-02 9.967986059952226308e-01 -6.014662192564065868e-02 -1.285659999999999928e-02 -8.851603468442372780e-01 -1.872529917419593279e-02 4.649091562288553137e-01 4.378886699999999799e+00
3.626506346152255089e-01 7.548211052166295398e-02 9.288632666891125655e-01 3.777109000000000161e-01 -5.539316888601975020e-02 9.966980831931782081e-01 -5.936773365902771327e-02 -1.640209999999999932e-02 -9.302774392910637680e-01 -2.992293351661594325e-02 3.656343856857845465e-01 4.405050300000000085e+00
2.663823437327033639e-01 7.232689035611578054e-02 9.611499715855408299e-01 4.545840999999999910e-01 -4.214560910829534546e-02 9.971009604948191107e-01 -6.335157624874077076e-02 -2.094379999999999853e-02 -9.629455823567406592e-01 -2.363250963659277101e-02 2.686583516437069941e-01 4.423246400000000023e+00
2.225940450680959914e-01 6.642152872746155678e-02 9.726459127666805538e-01 4.951086000000000098e-01 -2.871173992605069794e-02 9.976902724844946002e-01 -6.156099560788304281e-02 -2.340420000000000000e-02 -9.744883411773795912e-01 -1.422324545671516116e-02 2.239869911357281751e-01 4.428747699999999732e+00
1.802768586455306132e-01 6.537617184240222812e-02 9.814408848178947098e-01 5.380300000000000082e-01 -1.959800350062173083e-02 9.978294122885921213e-01 -6.286797460227533385e-02 -2.563019999999999882e-02 -9.834206488048179429e-01 -7.900640925609193899e-03 1.811667943561280358e-01 4.434134000000000242e+00
1.418282111839903603e-01 6.711925466479364000e-02 9.876131652451742848e-01 5.815072999999999492e-01 -1.651001324176914684e-02 9.977202291818023649e-01 -6.543518735488153271e-02 -2.767100000000000115e-02 -9.897535945754911690e-01 -7.024950864911255755e-03 1.426130151502293941e-01 4.438558099999999840e+00
1.092460852030074647e-01 6.778760442315243107e-02 9.917006269809389707e-01 6.259449999999999736e-01 -7.476761467850912696e-03 9.976997733444632477e-01 -6.737403287884391467e-02 -3.036550000000000013e-02 -9.939866150536285083e-01 -5.435969910226601254e-05 1.095016261945593872e-01 4.441298500000000260e+00
8.032372941541476852e-02 6.635791244752903273e-02 9.945575528587600189e-01 6.720315000000000039e-01 -2.983606928301588135e-04 9.977831115970535736e-01 -6.654902848726408637e-02 -3.318979999999999847e-02 -9.967687843595907093e-01 5.048729276539317551e-03 8.016545926392493193e-02 4.443250199999999595e+00
5.546418417921793187e-02 6.463629615903174197e-02 9.963663349853684181e-01 7.191817000000000348e-01 6.795507096030471011e-03 9.978548793091863711e-01 -6.511114284173553923e-02 -3.596799999999999997e-02 -9.984375520565325068e-01 1.038215091833230921e-02 5.490597040092615178e-02 4.444233399999999889e+00
1.965303557853194730e-02 6.539857892857661725e-02 9.976656674791770651e-01 8.167181999999999498e-01 1.372339486852076559e-02 9.977467433247779738e-01 -6.567423100487979060e-02 -4.113300000000000289e-02 -9.997126720342359718e-01 1.498205790011472235e-02 1.871126172244930164e-02 4.445003999999999955e+00
-5.641186070297491209e-03 6.582765236385407226e-02 9.978150616241386883e-01 9.172903999999999503e-01 1.536203976647109587e-02 9.977188926549863668e-01 -6.573445803778310559e-02 -4.711470000000000241e-02 -9.998660834101401607e-01 1.495765434723252130e-02 -6.639564932664931973e-03 4.444217199999999757e+00
-1.451170775730859473e-02 6.895270870014412468e-02 9.975143779920564446e-01 9.700328999999999757e-01 2.056061576393807336e-02 9.974290724257575125e-01 -6.864769886384225472e-02 -4.977489999999999692e-02 -9.996832855546670116e-01 1.951331450077454371e-02 -1.589210935715235085e-02 4.442534900000000064e+00
-2.562240833481755839e-02 7.025281225818827413e-02 9.972000975536148282e-01 1.078330400000000022e+00 2.522254851482007634e-02 9.972554641922296570e-01 -6.960863585186878588e-02 -5.577689999999999731e-02 -9.993534486044168830e-01 2.336838694810314254e-02 -2.732404168314606085e-02 4.439408300000000196e+00
-3.186938114139787476e-02 6.091267253447875396e-02 9.976341959207150056e-01 1.191137600000000019e+00 2.075343330988087265e-02 9.979663440777158945e-01 -6.026998501750453763e-02 -6.164689999999999753e-02 -9.992765570909368789e-01 1.878356762878799144e-02 -3.306871687287105122e-02 4.436914400000000036e+00
-3.325675273634089157e-02 5.257263913501148550e-02 9.980631773649470961e-01 1.307310799999999995e+00 2.454105125193744436e-02 9.983574322591781680e-01 -5.177039942196910716e-02 -6.763399999999999967e-02 -9.991454975131919269e-01 2.277180421574666672e-02 -3.449231409859365716e-02 4.432129899999999623e+00
-3.226617067235997699e-02 6.227667165136155369e-02 9.975372225627325840e-01 1.425460299999999902e+00 2.858441802031021217e-02 9.977061484039404515e-01 -6.136263100140501581e-02 -7.363550000000000650e-02 -9.990704806351664580e-01 2.653408383575599216e-02 -3.397229928066058946e-02 4.428055800000000097e+00
-2.790590678919310438e-02 7.109264330056551395e-02 9.970792829232845156e-01 1.547473899999999958e+00 3.004846725392096643e-02 9.970766373587715004e-01 -7.025146866091067088e-02 -7.956649999999999834e-02 -9.991588212000946934e-01 2.800027324622802669e-02 -2.996055266802766237e-02 4.424916699999999814e+00
-2.310015363230474503e-02 6.034489117671390512e-02 9.979102549884101281e-01 1.672805000000000097e+00 2.893618681113409655e-02 9.977987716670728702e-01 -5.966831950467284956e-02 -8.693359999999999976e-02 -9.993143049086180563e-01 2.749737021155169298e-02 -2.479545596382126682e-02 4.421790599999999571e+00
-1.715227852994296448e-02 6.383242704860551953e-02 9.978132192942303913e-01 1.797554300000000049e+00 3.464840798897924484e-02 9.973985891915762014e-01 -6.321030060427461350e-02 -9.498420000000000474e-02 -9.992523641028130399e-01 3.348843883697737861e-02 -1.931935038249288361e-02 4.419640099999999627e+00
-7.926885243937942596e-03 6.654713913129553515e-02 9.977517941671514290e-01 1.985805299999999995e+00 2.600979904716151786e-02 9.974592808199329586e-01 -6.632098807849970412e-02 -1.057427999999999979e-01 -9.996302590677494937e-01 2.542560480346963900e-02 -9.637622970528947342e-03 4.418974399999999747e+00
8.385403964234337706e-05 6.374995983019464407e-02 9.979658990116588857e-01 2.112580799999999925e+00 3.444004067945161118e-02 9.973736909419846919e-01 -6.371502346197710498e-02 -1.144258999999999971e-01 -9.994067623177751436e-01 3.437532892077022756e-02 -2.111917396846796358e-03 4.418372599999999650e+00
6.726014254412573251e-03 6.946154242248978039e-02 9.975619553975271225e-01 2.238203500000000012e+00 3.038674020582248295e-02 9.971096343130938511e-01 -6.963492787152247843e-02 -1.214280999999999971e-01 -9.995155860475178899e-01 3.078102149534577697e-02 4.595863769714103597e-03 4.419942400000000049e+00
1.413505857487441265e-02 6.551820103072064638e-02 9.977512542977747811e-01 2.364707699999999857e+00 3.375818701520061360e-02 9.972508158796270505e-01 -6.596358872033120102e-02 -1.297786999999999968e-01 -9.993300680598634633e-01 3.461467262760606345e-02 1.188442301300529635e-02 4.421193599999999613e+00
2.116192281169642156e-02 6.718610793981523444e-02 9.975160148703434704e-01 2.491049999999999986e+00 4.115135802162177281e-02 9.968353726608512044e-01 -6.801327477101840047e-02 -1.376402999999999932e-01 -9.989287956385519696e-01 4.248843033110587947e-02 1.833015363030687794e-02 4.423201599999999623e+00
2.750067735359727761e-02 6.533583999400273401e-02 9.974843060205867973e-01 2.618425600000000131e+00 4.305351285783912130e-02 9.968583459205632158e-01 -6.648182608140794370e-02 -1.460065000000000113e-01 -9.986942013327669843e-01 4.477349864369283006e-02 2.460134231114252668e-02 4.426052999999999571e+00
3.385590659460378793e-02 6.454910860980625498e-02 9.973400574359465587e-01 2.745196099999999806e+00 4.344866820677708436e-02 9.968736261926389730e-01 -6.599383783805932990e-02 -1.539576000000000000e-01 -9.984818430095336872e-01 4.556737845452720620e-02 3.094548757197124189e-02 4.430507200000000090e+00
3.966321495256782542e-02 6.670364838555253861e-02 9.969841787469263528e-01 2.872957700000000170e+00 4.244964109706522021e-02 9.967560338737734282e-01 -6.837716656132693249e-02 -1.612833999999999934e-01 -9.983110023185944870e-01 4.503367882242877845e-02 3.670300289297290242e-02 4.436105699999999707e+00
4.438032438354494458e-02 6.678879426309815293e-02 9.967796365137546744e-01 3.001992700000000180e+00 3.841277958219116440e-02 9.969107940244424926e-01 -6.850786175561006386e-02 -1.693100999999999912e-01 -9.982759363885225223e-01 4.132947759695650841e-02 4.167768118767345431e-02 4.442915000000000170e+00
5.072267643370940993e-02 6.879042556614797799e-02 9.963408490300041942e-01 3.131499799999999833e+00 3.387432437266398727e-02 9.969325011363023847e-01 -7.055578166537537776e-02 -1.777604000000000128e-01 -9.981381368546625721e-01 3.732915118971807944e-02 4.823685549202405554e-02 4.449537799999999876e+00
5.723927203797723323e-02 7.437892949933475051e-02 9.955859784986405003e-01 3.262133099999999786e+00 3.270418631880418758e-02 9.965460486546053875e-01 -7.633091842836556284e-02 -1.866985999999999923e-01 -9.978246849691518872e-01 3.692895554203838582e-02 5.460906800877285416e-02 4.457806099999999994e+00
6.276229522319831666e-02 7.577800626437730669e-02 9.951475207550449786e-01 3.393705600000000100e+00 2.279410080220833565e-02 9.967443945094336399e-01 -7.733719016515396005e-02 -1.956066999999999945e-01 -9.977681711033558054e-01 2.753735246203624712e-02 6.083067443688849885e-02 4.467587499999999601e+00
7.030148404281261199e-02 7.735922044917765972e-02 9.945216198519133410e-01 3.526674700000000051e+00 2.417129311854533669e-02 9.965635354512910604e-01 -7.922668993338552457e-02 -2.056275999999999937e-01 -9.972328965343830731e-01 2.960862746428788092e-02 6.819002309227861769e-02 4.476953499999999586e+00
7.815594347757733040e-02 7.639507095541009374e-02 9.940097794452769087e-01 3.661401000000000128e+00 1.911960594703436545e-02 9.967614006378150426e-01 -7.810986408240284951e-02 -2.148201999999999889e-01 -9.967577886164522560e-01 2.510982541275776081e-02 7.644218403591673816e-02 4.488587899999999742e+00
8.786286047791101728e-02 7.961469539755675062e-02 9.929459290542427263e-01 3.796538099999999805e+00 1.602481089039951151e-02 9.965590176139136336e-01 -8.132238221005591572e-02 -2.253178000000000125e-01 -9.960036762906882002e-01 2.305698785933977396e-02 8.628471548477278930e-02 4.501486800000000343e+00
1.013608784065284513e-01 9.336072112198265383e-02 9.904593621548741789e-01 3.931993999999999989e+00 1.270200180275730256e-02 9.953843101952181138e-01 -9.512483465106488789e-02 -2.357100000000000029e-01 -9.947686321345580174e-01 2.222275340215677103e-02 9.970715998546553216e-02 4.515677000000000163e+00
1.154157602985247805e-01 9.435920845200776452e-02 9.888253344524626787e-01 4.068827599999999656e+00 4.942766034193850355e-03 9.954109617971654833e-01 -9.556456559820213081e-02 -2.479333999999999982e-01 -9.933049739826360636e-01 1.591718927299677622e-02 1.144197174747556556e-01 4.533280399999999766e+00
1.304971374718108257e-01 8.877243416119660890e-02 9.874664308444915939e-01 4.207025999999999932e+00 4.198518276939747218e-03 9.959249864791109852e-01 -9.008770033062582505e-02 -2.606891000000000069e-01 -9.914397962337104797e-01 1.590208287233001866e-02 1.295926471848616313e-01 4.551529399999999725e+00
1.451308602999639430e-01 7.634544166595552683e-02 9.864625724909297233e-01 4.345997800000000133e+00 -7.014450492246124269e-04 9.970262261120981240e-01 -7.705979768666877672e-02 -2.713683000000000067e-01 -9.894122201405415318e-01 1.049180544508829249e-02 1.447528260693626834e-01 4.572752499999999998e+00
1.598335521478034815e-01 7.536663313130648190e-02 9.842627221521023095e-01 4.483039400000000008e+00 -9.012150916244549004e-04 9.970919443035620722e-01 -7.620264048115957256e-02 -2.822527000000000230e-01 -9.871435677849367263e-01 1.129270629181889501e-02 1.594366688231809714e-01 4.595348399999999778e+00
1.708004641806771529e-01 8.560980592601183381e-02 9.815794224437345283e-01 4.616095099999999896e+00 -1.524482593480140646e-03 9.962399816136672248e-01 -8.662317811776636123e-02 -2.921710000000000140e-01 -9.853044592350564956e-01 1.329887828768619440e-02 1.702887619539290576e-01 4.618884999999999685e+00
1.806288012460620374e-01 8.813497470023706759e-02 9.795945397943983668e-01 4.747361200000000281e+00 -5.465684822461930326e-03 9.960515966276366484e-01 -8.860780521465064230e-02 -3.035610999999999726e-01 -9.835361520807621716e-01 1.065096662864609134e-02 1.803973238716233274e-01 4.644615700000000125e+00
1.905861504673518614e-01 7.853145086141133380e-02 9.785242615672017363e-01 4.877267400000000031e+00 -8.900509468561870752e-04 9.968084561548127276e-01 -7.982549434592164928e-02 -3.142532000000000103e-01 -9.816700703695452335e-01 1.434269723101291860e-02 1.900477834040470437e-01 4.669549899999999809e+00
1.971044614810774920e-01 6.892885102320442381e-02 9.779563613786022014e-01 5.004692600000000269e+00 -6.421139506314670065e-03 9.975946910991105865e-01 -6.901884712388768606e-02 -3.243831999999999827e-01 -9.803614640690925253e-01 7.324328466898798878e-03 1.970729661339020167e-01 4.696374399999999838e+00
2.023061571025309979e-01 7.101691182054332974e-02 9.767439874572452219e-01 5.127492400000000394e+00 -9.688642204055755713e-03 9.974635497077539714e-01 -7.051664496165913065e-02 -3.332716000000000012e-01 -9.792743992419326027e-01 4.802628434520846146e-03 2.024810750402913362e-01 4.723179799999999595e+00
2.057324891580574466e-01 7.980151002269739169e-02 9.753490974532794677e-01 5.246384599999999843e+00 -1.548962816222227562e-02 9.968102732839136948e-01 -7.829016857208397073e-02 -3.419543999999999917e-01 -9.784856740516059137e-01 9.990364090283476717e-04 2.063123544580585111e-01 4.749742000000000353e+00
2.094225599659619297e-01 8.679348296049879674e-02 9.739656475938400781e-01 5.362872600000000212e+00 -1.495668440086739964e-02 9.962206893052503176e-01 -8.556071406845995597e-02 -3.514367999999999936e-01 -9.777108411841588520e-01 3.351046964385054339e-03 2.099292297780529504e-01 4.775643299999999591e+00
2.113980367806851945e-01 8.357992913862619111e-02 9.738199348393183907e-01 5.476341200000000242e+00 -1.690536659672851189e-02 9.965007211302064905e-01 -8.185671241388095543e-02 -3.609534999999999827e-01 -9.772538455414243597e-01 8.415653039546278080e-04 2.120712454396798119e-01 4.801481199999999561e+00
2.118880137401231434e-01 7.984506226544127450e-02 9.740268146540388416e-01 5.587070899999999618e+00 -1.619282260392296974e-02 9.968069690757723755e-01 -7.818988999921946959e-02 -3.699488000000000221e-01 -9.771597935493373521e-01 7.952570653363341679e-04 2.125043656888412347e-01 4.826346899999999884e+00
2.085962205737593722e-01 8.007299944046128437e-02 9.747183857519829964e-01 5.693895300000000326e+00 -1.818400295406227829e-02 9.967879403185381237e-01 -7.799451308966010021e-02 -3.787908999999999859e-01 -9.778327867273168827e-01 -1.454921349899170047e-03 2.093822447223150363e-01 4.850232600000000005e+00
2.041071446882888052e-01 8.652779335379473524e-02 9.751170260356022412e-01 5.797460599999999964e+00 -1.724322917902017943e-02 9.962493152272028363e-01 -8.479370823834278537e-02 -3.876218000000000163e-01 -9.787966819185044409e-01 4.928353197635113037e-04 2.048336216998416504e-01 4.872519500000000114e+00
2.003262281905077158e-01 8.601426939149453554e-02 9.759461807702369818e-01 5.898391700000000348e+00 -1.508075852671828671e-02 9.962913599826401789e-01 -8.471184537123530034e-02 -3.953379000000000199e-01 -9.796131751978551794e-01 2.251995779008197918e-03 2.008804507506588566e-01 4.893173700000000181e+00
1.957594937576598026e-01 7.913497363547572494e-02 9.774537720789956419e-01 5.997070299999999854e+00 -1.544497640536381805e-02 9.968639057483625887e-01 -7.761318264288195878e-02 -4.040021999999999780e-01 -9.805303020853471940e-01 9.676689599739940473e-05 1.963678113352219645e-01 4.913373899999999850e+00
1.923704047168634523e-01 7.952561143485091522e-02 9.780947318716032290e-01 6.092122100000000096e+00 -8.150006820700939070e-03 9.968060109462254514e-01 -7.944403017405292367e-02 -4.120556000000000219e-01 -9.812885430788912400e-01 7.311201500876052251e-03 1.924041100255420300e-01 4.930899100000000423e+00
1.883246613619997123e-01 8.361178972116189989e-02 9.785412053370631247e-01 6.185082399999999758e+00 -4.771068332429788394e-03 9.964355456262364852e-01 -8.422256419459001053e-02 -4.186918000000000029e-01 -9.820952391850067409e-01 1.119249892422411602e-02 1.880523042612768370e-01 4.948445300000000380e+00
1.859289722465385097e-01 8.442199128246309636e-02 9.789296934240220294e-01 6.278113399999999622e+00 -3.375651577902344380e-03 9.963510285706658198e-01 -8.528325065686012674e-02 -4.266832999999999876e-01 -9.825573887848845223e-01 1.255210158021169420e-02 1.855355019670077432e-01 4.966141200000000033e+00
1.909370640257672669e-01 8.033008077281028614e-02 9.783098260286735570e-01 6.419512300000000060e+00 1.060202930275645078e-02 9.964189357535038205e-01 -8.388624110376129150e-02 -4.375213000000000019e-01 -9.815450242122789604e-01 2.638906203124037272e-02 1.894016442622075136e-01 4.991566200000000286e+00
1.994394409011288616e-01 8.070358643896452522e-02 9.765812001820092236e-01 6.514142500000000169e+00 6.768392248850903237e-03 9.964655702711170404e-01 -8.372906383462845603e-02 -4.453840000000000021e-01 -9.798867782960493100e-01 2.330876230403865559e-02 1.981883026831882111e-01 5.012200799999999568e+00
2.220178579895462356e-01 7.743213516546340602e-02 9.719631346802464211e-01 6.658525899999999886e+00 6.914984041238497747e-03 9.966916023964254023e-01 -8.098168131222811816e-02 -4.562401999999999846e-01 -9.750180786680022749e-01 2.470048898631900178e-02 2.207478926612747028e-01 5.045371499999999898e+00
2.403305082209300780e-01 7.703389012090783305e-02 9.676295916264184838e-01 6.757421500000000414e+00 1.961861870447993705e-03 9.968054507341934656e-01 -7.984387568625753162e-02 -4.641507999999999745e-01 -9.706891355713583858e-01 2.108727482253608398e-02 2.394116307205814698e-01 5.071517899999999912e+00
2.701686937151793200e-01 8.581804367832089608e-02 9.589807820365636726e-01 6.909882500000000149e+00 -1.067665282071553201e-02 9.962255596670384072e-01 -8.614315614511725006e-02 -4.753749999999999920e-01 -9.627538034309599535e-01 1.303447909668637578e-02 2.700652075590236345e-01 5.115801799999999844e+00
2.903774254501628738e-01 8.824329909420405849e-02 9.528347553242934032e-01 7.014501100000000378e+00 -1.475078990916563193e-02 9.960334260124805716e-01 -8.774866644511516989e-02 -4.836751000000000245e-01 -9.567984975876534515e-01 1.142516655507775508e-02 2.905272802736397209e-01 5.148628699999999725e+00
3.104555462006727828e-01 8.973482678877608976e-02 9.463429688513727012e-01 7.122620600000000302e+00 -2.025580883439136171e-02 9.959328633335648995e-01 -8.779199246327169803e-02 -4.920969000000000038e-01 -9.503720619008675374e-01 8.086568703406571412e-03 3.110105325626425499e-01 5.186361299999999730e+00
3.319577165531542029e-01 7.769436294080910022e-02 9.400891768274101112e-01 7.234859499999999777e+00 -1.595382030426590117e-02 9.969221164621162590e-01 -7.675786165855559562e-02 -5.006671000000000316e-01 -9.431593449881704450e-01 1.048235068658726066e-02 3.321755112671138654e-01 5.225261200000000272e+00
3.529338607808126804e-01 7.025688079889599869e-02 9.330067848706993239e-01 7.350952600000000281e+00 -1.541053584933515380e-02 9.974780634066158225e-01 -6.928223731537330732e-02 -5.090624000000000260e-01 -9.355213548066052542e-01 1.007391299332433682e-02 3.531264801424790489e-01 5.270042400000000349e+00
3.710507957804166090e-01 6.230822007467030910e-02 9.265198285313951398e-01 7.470490899999999712e+00 -2.363792015946483693e-03 9.978065198490413401e-01 -6.615558505561075497e-02 -5.160458999999999463e-01 -9.286095624308554619e-01 2.235698230690479071e-02 3.703841868980152219e-01 5.316795800000000405e+00
3.850888843033465347e-01 4.830536674421971599e-02 9.216144219410360439e-01 7.592563199999999846e+00 1.262443461829120331e-02 9.982600520698555746e-01 -5.759767436327371121e-02 -5.232881000000000338e-01 -9.227931376189206780e-01 3.381508517208938608e-02 3.838090217520062630e-01 5.365928600000000159e+00
3.999289016006998820e-01 5.439912498530682927e-02 9.149303847098373410e-01 7.714127999999999652e+00 1.692972080536291404e-02 9.976283458343405686e-01 -6.671632589771417376e-02 -5.308437999999999768e-01 -9.163897960027220790e-01 4.217130290458799557e-02 3.980594465571937191e-01 5.418363600000000169e+00
4.123057201395702309e-01 6.075778931662330351e-02 9.090173178644876950e-01 7.835874999999999702e+00 1.883351366306769761e-02 9.969920863685568513e-01 -7.518030647433593394e-02 -5.389325999999999839e-01 -9.108508615043920953e-01 4.811726047718065113e-02 4.099212574884080196e-01 5.473096400000000195e+00
4.206967119892183748e-01 6.592647377915270002e-02 9.048027279890944463e-01 7.955160600000000137e+00 5.296873380800835862e-03 9.971605265787643058e-01 -7.511875508519282041e-02 -5.485940000000000261e-01 -9.071858793289544476e-01 3.639483875782539846e-02 4.191529506730728993e-01 5.530649699999999669e+00
4.290880270791314066e-01 7.301438620644437605e-02 9.003068168264831694e-01 8.071314799999999678e+00 1.049806631656650946e-03 9.966865879332142963e-01 -8.133107241444273439e-02 -5.588212999999999653e-01 -9.032620676876532695e-01 3.584333746937332088e-02 4.275896306456482554e-01 5.586421500000000151e+00
4.363059497948783005e-01 7.478484913647642784e-02 8.966851981120373960e-01 8.185085300000000785e+00 -3.243797387037165858e-03 9.966643900988262361e-01 -8.154490350381533859e-02 -5.683956000000000008e-01 -8.997925293933601854e-01 3.266986147153312647e-02 4.350931902470203116e-01 5.643043999999999727e+00
4.437779920549828616e-01 6.871960654862632745e-02 8.934980187126603246e-01 8.296113000000000071e+00 -2.474333656149969862e-03 9.971455871544921967e-01 -7.546227992368798043e-02 -5.782382000000000355e-01 -8.961333446762292931e-01 3.127768684102123775e-02 4.426813016892281460e-01 5.698578399999999711e+00
4.507010397043593186e-01 6.962498231124993053e-02 8.899555801541825240e-01 8.402442900000000492e+00 -5.606428142320735164e-03 9.971547944731895541e-01 -7.517236076255837118e-02 -5.872157999999999545e-01 -8.926573479073001138e-01 2.889078914272444690e-02 4.498090500754916565e-01 5.753439900000000051e+00
4.555269101147882971e-01 6.814480110646745081e-02 8.876100045872813427e-01 8.506526900000000779e+00 -2.472618477186765140e-03 9.971588955860428705e-01 -7.528627438975529773e-02 -5.960484000000000337e-01 -8.902185800797127735e-01 3.210020304894101173e-02 4.544012066941249817e-01 5.807599999999999874e+00
