1.000000000000000000e+00 0.000000000000000000e+00 0.000000000000000000e+00 0.000000000000000000e+00 0.000000000000000000e+00 1.000000000000000000e+00 0.000000000000000000e+00 0.000000000000000000e+00 0.000000000000000000e+00 0.000000000000000000e+00 1.000000000000000000e+00 0.000000000000000000e+00
9.999986172301243981e-01 8.427016682349247048e-04 1.433663746279412567e-03 -3.074999999999999934e-04 -8.360933142406236406e-04 9.999890529785768756e-01 -4.603788763482745058e-03 -2.426999999999999904e-04 -1.437527672402856777e-03 4.602583720829195313e-03 9.999883748010692797e-01 7.595359999999999612e-02
9.999964699615850883e-01 -1.489019086848036421e-03 2.200655931186592824e-03 -1.442000000000000085e-04 1.500967273344356884e-03 9.999840889507123354e-01 -5.437733227935785847e-03 -9.770000000000000310e-05 -2.192524027876022619e-03 5.441017145061204617e-03 9.999827939373828745e-01 1.515330000000000010e-01
9.999925586378921594e-01 -3.233276755719323263e-03 2.104421598157615002e-03 1.374000000000000059e-04 3.235910222188601547e-03 9.999939841775162819e-01 -1.249197266779073943e-03 -3.115999999999999846e-04 -2.100369937844864636e-03 1.255997690411140384e-03 9.999970054534792485e-01 2.275536999999999976e-01
9.999828086452585696e-01 -5.686817238505966973e-03 1.429168861978692175e-03 2.139999999999999975e-04 5.679901609127019010e-03 9.999723620974256821e-01 4.797265784337161401e-03 -4.457999999999999940e-04 -1.456410536508986105e-03 -4.789065774320406740e-03 9.999874717802009760e-01 3.031015000000000237e-01
9.999587014447440803e-01 -9.085806917572906635e-03 2.086087193000925170e-04 3.106000000000000145e-04 9.084757137381977918e-03 9.999482569545902200e-01 4.577182674037950406e-03 1.520000000000000016e-05 -2.501853232524257941e-04 -4.575098483454788888e-03 9.999895028854905998e-01 3.779101999999999739e-01
9.999289447429055011e-01 -1.189831287834493961e-02 -7.318579018011678490e-04 2.487999999999999760e-04 1.189965414299351890e-02 9.999274732308961466e-01 1.856477673634550742e-03 1.212000000000000051e-04 7.097158702995412863e-04 -1.865054617049411454e-03 9.999980089353472934e-01 4.518408999999999898e-01
9.999214535881756349e-01 -1.244940458016475723e-02 -1.448785598127861219e-03 -2.799999999999999873e-06 1.244730010007338503e-02 9.999214741881157220e-01 -1.452645064748714007e-03 1.299000000000000133e-04 1.466756397184958149e-03 1.434497495570661620e-03 9.999978954190885672e-01 5.256526000000000254e-01
9.999233114747247964e-01 -1.216715267822517099e-02 -2.309018216783820417e-03 -2.873999999999999927e-04 1.216236786065666084e-02 9.999238825275009734e-01 -2.075080516643418131e-03 1.088000000000000019e-04 2.334090281618815543e-03 2.046838252829286629e-03 9.999951812262517503e-01 5.993783000000000305e-01
9.999244854201277954e-01 -1.180782205151058827e-02 -3.405700470180433436e-03 -6.342000000000000198e-04 1.180653178270217769e-02 9.999302209831851806e-01 -3.987126566590523430e-04 1.625999999999999950e-04 3.410170751849573179e-03 3.584730371967459494e-04 9.999941210989817808e-01 6.728041000000000160e-01
9.999246623486583996e-01 -1.154031036392005188e-02 -4.182207984542585764e-03 -1.173100000000000054e-03 1.155163435035326189e-02 9.999296494084382037e-01 2.693692215844909789e-03 9.780000000000000553e-05 4.150827719541112619e-03 -2.741800616814494412e-03 9.999876265027585198e-01 7.461617999999999862e-01
9.999151260668331931e-01 -1.193255215958282170e-02 -5.230187540422944967e-03 -1.523100000000000105e-03 1.195409085192096835e-02 9.999201153360450789e-01 4.106416717089010453e-03 3.302000000000000031e-04 5.180769696983208994e-03 -4.168590326381809395e-03 9.999778909956148487e-01 8.189022999999999719e-01
9.998981566468976290e-01 -1.304824062118522393e-02 -5.780981822133674647e-03 -2.072300000000000010e-03 1.307741057272585744e-02 9.999017996015200360e-01 5.037110913406097311e-03 4.538000000000000258e-04 5.714688692181415369e-03 -5.112198189942234773e-03 9.999706034493305307e-01 8.918424000000000351e-01
9.998802860793222225e-01 -1.358199369712091882e-02 -7.412351660849481223e-03 -3.400600000000000150e-03 1.360914608120780862e-02 9.999008201129014894e-01 3.625062825311993302e-03 1.088900000000000068e-03 7.362380924203568676e-03 -3.725504631386255920e-03 9.999659574017349950e-01 1.036362599999999912e+00
9.998610626593191775e-01 -1.401109006031647092e-02 -9.030212239956201745e-03 -3.946400000000000081e-03 1.402592450934697296e-02 9.999003811505490225e-01 1.581523520206518964e-03 1.394599999999999963e-03 9.007153792128437877e-03 -1.707960862715404010e-03 9.999579761421258928e-01 1.108853199999999983e+00
9.998102541101342444e-01 -1.503645574519365397e-02 -1.238389174902112568e-02 -5.567800000000000353e-03 1.503691643739885064e-02 9.998869376172412338e-01 -5.591484359592319245e-05 1.252999999999999991e-03 1.238333235778338488e-02 -1.303113114156554222e-04 9.999233151090530791e-01 1.252294999999999936e+00
9.998066159230754035e-01 -1.192889912740931375e-02 -1.563432512313692874e-02 -8.427499999999999228e-03 1.191914677164738860e-02 9.999287075183410645e-01 -7.168130410216237702e-04 1.018299999999999978e-03 1.564176130375939666e-02 5.303266049750351464e-04 9.998775195277710415e-01 1.394388600000000089e+00
9.997647903417442583e-01 -1.170757989974031445e-02 -1.825641163590157462e-02 -1.165219999999999971e-02 1.173463557176090792e-02 9.999302006480574878e-01 1.375558044409854732e-03 1.038899999999999936e-03 1.823903289448893655e-02 -1.589466837267678465e-03 9.998323915908341464e-01 1.536134499999999958e+00
9.996994037064242944e-01 -1.257412437385830271e-02 -2.104741374256002828e-02 -1.518440000000000067e-02 1.262156626293607121e-02 9.999180917027010729e-01 2.122722473362812987e-03 9.520000000000000467e-04 2.101899840834658278e-02 -2.387735718070182513e-03 9.997762251744389816e-01 1.675802500000000084e+00
9.996406835770763610e-01 -1.234387887757554259e-02 -2.379353676549990013e-02 -1.878490000000000021e-02 1.239188765061417785e-02 9.999214665374924760e-01 1.871330533270455830e-03 1.448199999999999965e-03 2.376856869922980633e-02 -2.165504967885966206e-03 9.997151422931553899e-01 1.813139999999999974e+00
9.995758698413410581e-01 -1.340391744867729627e-02 -2.585373141261416291e-02 -2.232330000000000078e-02 1.358225938418758903e-02 9.998850752190043822e-01 6.734878195379081535e-03 1.869800000000000021e-03 2.576048642683589213e-02 -7.083173816516769895e-03 9.996430492869631257e-01 1.948764399999999952e+00
9.995632344898850441e-01 -1.320082143591452990e-02 -2.644009397744346429e-02 -2.448490000000000041e-02 1.342363325901456926e-02 9.998757207995130347e-01 8.267346961488885107e-03 2.106900000000000092e-03 2.632767225271578221e-02 -8.618658194363035610e-03 9.996162125559400202e-01 2.015515999999999863e+00
9.995464183295695859e-01 -1.112013858557443606e-02 -2.798749939467243264e-02 -2.872519999999999935e-02 1.124287104853776385e-02 9.999278425884855492e-01 4.231721508183753679e-03 2.926100000000000055e-03 2.793842255953479098e-02 -4.544461923538605473e-03 9.995993159314937593e-01 2.145559099999999830e+00
9.995305523994171271e-01 -1.078985034841305896e-02 -2.867497078594684681e-02 -3.093479999999999841e-02 1.086798732235974216e-02 9.999376378457033310e-01 2.570461265244777978e-03 3.255800000000000100e-03 2.864544766061585465e-02 -2.880893787342123612e-03 9.995854834776808362e-01 2.208730200000000199e+00
9.994637041198135563e-01 -1.033585012902017708e-02 -3.107208311671954062e-02 -3.528450000000000336e-02 1.040095699016234387e-02 9.999440374387511543e-01 1.934446788728735357e-03 3.108999999999999785e-03 3.105035009127412107e-02 -2.256588752977249472e-03 9.995152743037043486e-01 2.333827299999999827e+00
9.994020892357432517e-01 -9.883291459278301799e-03 -3.313283237458664043e-02 -3.743660000000000043e-02 9.919346141508428999e-03 9.999503751801973594e-01 9.239854477076106737e-04 3.242399999999999883e-03 3.312205614626667627e-02 -1.252089019834511270e-03 9.994505298761564571e-01 2.396051599999999837e+00
9.993450163351005333e-01 -9.937569765441448336e-03 -3.479630775462588810e-02 -4.035969999999999835e-02 9.985162640646654333e-03 9.999494338763944556e-01 1.194243408190095220e-03 3.115600000000000053e-03 3.478268036304114907e-02 -1.540907990489750762e-03 9.993937115818406491e-01 2.456604000000000010e+00
9.992633387031956138e-01 -9.685489976966157530e-03 -3.713450158072042345e-02 -4.253590000000000149e-02 9.766115800639652358e-03 9.999503294073347481e-01 1.990402052651678213e-03 3.727199999999999958e-03 3.711337906888748789e-02 -2.351595643130761481e-03 9.993082943176345712e-01 2.517347599999999908e+00
9.991770909368821174e-01 -1.026173969556887222e-02 -3.924076509613360492e-02 -4.492129999999999734e-02 1.043555010047010276e-02 9.999366135895806362e-01 4.227067198677959652e-03 3.899500000000000188e-03 3.919490070162354872e-02 -4.633087676911240745e-03 9.992208435864254890e-01 2.577709200000000145e+00
9.991157254767865092e-01 -9.019981795186524098e-03 -4.106588649242938482e-02 -4.786819999999999964e-02 9.261895239857015349e-03 9.999408366979288809e-01 5.704419375532683578e-03 4.096500000000000315e-03 4.101200314006259173e-02 -6.079723041433914010e-03 9.991401566177684490e-01 2.636756699999999842e+00
9.990403192159402757e-01 -7.763105671144805708e-03 -4.310655137274081727e-02 -5.065650000000000014e-02 8.028229823605750881e-03 9.999498879423988074e-01 5.980729878818414474e-03 4.318800000000000243e-03 4.305796217671559178e-02 -6.321059588602491799e-03 9.990525792463907928e-01 2.694878600000000013e+00
9.989783544705329588e-01 -5.182941658214324128e-03 -4.489303303535616824e-02 -5.374570000000000042e-02 5.417514064249596105e-03 9.999722941138113885e-01 5.105051040367797853e-03 4.380600000000000119e-03 4.486533005238779043e-02 -5.343044125650568861e-03 9.989787555492667392e-01 2.752677900000000122e+00
9.988960963727395725e-01 -3.622835163103410583e-03 -4.683442875367879732e-02 -5.695019999999999943e-02 3.830688806912450547e-03 9.999832056059009266e-01 4.349060750435001545e-03 4.909600000000000075e-03 4.681788626761175520e-02 -4.523667928502276246e-03 9.988931984721417523e-01 2.809291400000000216e+00
9.987690683221029930e-01 -1.521245832240025438e-03 -4.957856365523471975e-02 -6.270630000000000648e-02 1.891279955593159123e-03 9.999707011991192385e-01 7.417533516704110513e-03 5.378100000000000241e-03 4.956582717082244627e-02 -7.502169983394781777e-03 9.987426826877944253e-01 2.918794399999999900e+00
9.988234687362932407e-01 4.318505104659873910e-03 -4.830143698959760840e-02 -6.972730000000000594e-02 -4.033001395981631633e-03 9.999738264634702167e-01 6.006770159209978352e-03 5.519300000000000421e-03 4.832611303776718908e-02 -5.804903243516800621e-03 9.988147425308631089e-01 3.025419999999999998e+00
9.990055532063863986e-01 6.704212339936958115e-03 -4.407899953155608452e-02 -7.578239999999999976e-02 -6.653663208317740427e-03 9.999770276756584364e-01 1.293401277889086537e-03 5.546099999999999988e-03 4.408665817128991360e-02 -9.988282416928645057e-04 9.990272112977861552e-01 3.128247299999999953e+00
9.992165226124416488e-01 1.211397673334403853e-02 -3.767748009094964295e-02 -8.074290000000000633e-02 -1.195325414314259670e-02 9.999184850234059674e-01 4.488098025458721330e-03 6.531600000000000253e-03 3.772877752709927895e-02 -4.034213207142312019e-03 9.992798729435663496e-01 3.230353599999999936e+00
9.993308445774815585e-01 2.160302287127224483e-02 -2.951563109405976049e-02 -8.503220000000000223e-02 -2.134177183397882246e-02 9.997304778848704609e-01 9.137853307805471684e-03 6.339400000000000243e-03 2.970508123274075846e-02 -8.501822799369061420e-03 9.995225495995797571e-01 3.326563600000000065e+00
9.994049507646606267e-01 2.934307798075818860e-02 -1.813086213343101383e-02 -8.809609999999999663e-02 -2.913769757888467690e-02 9.995093678288956562e-01 1.148991740975566569e-02 7.217000000000000325e-03 1.845911609172542350e-02 -1.095478876549851183e-02 9.997696002760914080e-01 3.418796099999999782e+00
9.992966474022284551e-01 3.721394207573205937e-02 -4.618766702308214032e-03 -8.933729999999999449e-02 -3.715437127615005275e-02 9.992329122856281609e-01 1.237496263655383719e-02 7.430599999999999879e-03 5.075744845861387099e-03 -1.219465130154061272e-02 9.999127598415241680e-01 3.504487000000000130e+00
9.989283019624709548e-01 4.506923085594528866e-02 1.053622173399220048e-02 -9.013100000000000278e-02 -4.519488242065734795e-02 9.989060140727543669e-01 1.200823268700718441e-02 7.936600000000000252e-03 -9.983493444546237897e-03 -1.247154679002807770e-02 9.998723870471205588e-01 3.584573999999999927e+00
9.977957622513816682e-01 5.125052166941573145e-02 4.215448803860838423e-02 -8.674189999999999678e-02 -5.160701709548298072e-02 9.986399651015320789e-01 7.411874831470304653e-03 8.330399999999999958e-03 -4.171729401208755517e-02 -9.571004682038537770e-03 9.990836117411222572e-01 3.722717499999999902e+00
9.967040226897427857e-01 5.581163092343057602e-02 5.887404358247731034e-02 -8.345210000000000128e-02 -5.638924132207227130e-02 9.983752332369881799e-01 8.194334757040292599e-03 8.484800000000000675e-03 -5.832104780613742850e-02 -1.148718906678694932e-02 9.982317866458361166e-01 3.780332599999999932e+00
9.949818428566180595e-01 6.421058845452459751e-02 7.673416915541578232e-02 -8.070420000000000371e-02 -6.498177610275338023e-02 9.978575601975246956e-01 7.593308315547473569e-03 8.557300000000000323e-03 -7.608220002194940323e-02 -1.254152650066994029e-02 9.970226722361197336e-01 3.829331199999999935e+00
9.922018733427562243e-01 6.118892493369983143e-02 1.085880195996918457e-01 -7.274999999999999523e-02 -6.178776204916733295e-02 9.980869832785767004e-01 2.155521010212871867e-03 8.035799999999999194e-03 -1.082483948891644759e-01 -8.848122700778959099e-03 9.940845013018718701e-01 3.893811200000000028e+00
9.884481000429119479e-01 6.416095885868126902e-02 1.373088667198601176e-01 -6.624639999999999695e-02 -6.419992739523593117e-02 9.979284302219141312e-01 -4.149394808021957329e-03 8.061199999999999269e-03 -1.372906509708659295e-01 -4.713757859819917365e-03 9.905195897319926113e-01 3.935045999999999822e+00
9.831987976867535561e-01 6.592444706669635390e-02 1.702177767046454959e-01 -5.808180000000000287e-02 -6.568082821542638172e-02 9.978156489692203701e-01 -7.068201827138525725e-03 8.213200000000000361e-03 -1.703119286258535925e-01 -4.230597012699710210e-03 9.853811186625499596e-01 3.975376100000000079e+00
9.761398155571744395e-01 6.423252734586416823e-02 2.074252706754128039e-01 -4.782929999999999821e-02 -6.386044235341926945e-02 9.979226696205457658e-01 -8.496432182320975968e-03 7.777400000000000285e-03 -2.075401271716654505e-01 -4.952563797264752585e-03 9.782139682735075947e-01 4.013364799999999732e+00
9.443392126692112809e-01 7.193760716167836577e-02 3.210115762572219311e-01 -1.501579999999999929e-02 -7.037928426602153842e-02 9.973843031021434324e-01 -1.647143805665172295e-02 6.387699999999999628e-03 -3.213568231133371866e-01 -7.037940132142494337e-03 9.469320248239573301e-01 4.107744199999999957e+00
9.107673135171214795e-01 7.274360345958830187e-02 4.064618909375385392e-01 1.327000000000000055e-02 -7.028414455261874916e-02 9.973059701244535447e-01 -2.099859468224353834e-02 4.301899999999999995e-03 -4.068943839048554945e-01 -9.442992631402857828e-03 9.134264011056671961e-01 4.163403500000000257e+00
8.786196691497893951e-01 6.947244690086926133e-02 4.724415901513333571e-01 3.722170000000000339e-02 -6.378738813295406485e-02 9.975688296961364721e-01 -2.806419665439442712e-02 2.943700000000000049e-03 -4.732426925989353661e-01 -5.478059901694457348e-03 8.809150610367737499e-01 4.199182500000000040e+00
8.374402922789793147e-01 7.322768434763081424e-02 5.416008337445405996e-01 6.457569999999999977e-02 -6.267566517357249511e-02 9.973128671369477782e-01 -3.793159683075573302e-02 1.660699999999999980e-03 -5.429231233450533267e-01 -2.179744976944036905e-03 8.397795727743605498e-01 4.234924799999999934e+00
7.856919096808400171e-01 8.036940452554744430e-02 6.133750743862058652e-01 9.747790000000000621e-02 -6.695370740426248579e-02 9.967480496583220884e-01 -4.483889569509291739e-02 -9.349999999999999587e-05 -6.149840844500766845e-01 -5.838177672864222623e-03 7.885179082015582042e-01 4.271323699999999945e+00
5.589918525368511304e-01 8.135674559836654496e-02 8.251722176267582975e-01 2.391195000000000126e-01 -5.816508534528251617e-02 9.965706879227336223e-01 -5.885309524558167416e-02 -8.762600000000000597e-03 -8.271305408725974084e-01 -1.509781172396097368e-02 5.618070170769964289e-01 4.379129899999999687e+00
4.625740737337398212e-01 7.850638651615410302e-02 8.830979411059390882e-01 3.040194999999999981e-01 -5.336783020013574630e-02 9.967311570116265118e-01 -6.065373312495959957e-02 -1.249719999999999998e-02 -8.849729380094636388e-01 -1.907217655225959541e-02 4.652517072214322758e-01 4.409761900000000345e+00
3.629129883161018588e-01 7.623818203147328387e-02 9.286990376392199042e-01 3.761823000000000250e-01 -5.586089970890706358e-02 9.966349548117011681e-01 -5.998605447260070556e-02 -1.614869999999999847e-02 -9.301471511514662893e-01 -3.010824551537895355e-02 3.659505031514471707e-01 4.436379399999999862e+00
2.664392973109525053e-01 7.320788538432984605e-02 9.610674827326126657e-01 4.528963999999999768e-01 -4.267388100000264750e-02 9.970295857657881511e-01 -6.411665141052301509e-02 -2.053390000000000076e-02 -9.629065586695542134e-01 -2.392928384335256745e-02 2.687719268188193400e-01 4.454755300000000418e+00
1.808703118178044689e-01 6.630110033237954226e-02 9.812696338915445349e-01 5.369190999999999825e-01 -1.999458876654180636e-02 9.977668389002909421e-01 -6.373030371006882522e-02 -2.525840000000000030e-02 -9.833036899773064388e-01 -8.093162894472948066e-03 1.817920625092758202e-01 4.465021600000000035e+00
1.095710954168900853e-01 6.873483270947723656e-02 9.915995652588512899e-01 6.253050999999999471e-01 -7.800397400287067962e-03 9.976349328316425069e-01 -6.829124830021451875e-02 -3.000349999999999892e-02 -9.939483532103366992e-01 -2.521237873295903431e-04 1.098481114268947678e-01 4.472710099999999578e+00
8.060232241051303037e-02 6.720572434369137538e-02 9.944780823313660312e-01 6.714592999999999812e-01 -4.012906385535627840e-04 9.977264455652440356e-01 -6.739272056808195965e-02 -3.290950000000000125e-02 -9.967462588782839417e-01 5.032935046663869483e-03 8.044603767098135183e-02 4.474717100000000336e+00
5.566893599083982958e-02 6.552349010838798282e-02 9.962969646695023496e-01 7.189440999999999748e-01 6.527679581913036627e-03 9.977991292060137685e-01 -6.598702262563969911e-02 -3.574610000000000287e-02 -9.984279438021170794e-01 1.017693469256788011e-02 5.511869950696912657e-02 4.475796700000000072e+00
3.570022093096185400e-02 6.448412142573821393e-02 9.972799468100375098e-01 7.676465999999999568e-01 1.098043706245927995e-02 9.978305262089247618e-01 -6.491279509879073484e-02 -3.829790000000000277e-02 -9.993022186643027993e-01 1.326797081587343871e-02 3.491470640047322771e-02 4.476377000000000272e+00
6.365065071861387112e-03 6.613949079697707678e-02 9.977900849896975677e-01 8.675863000000000325e-01 1.430562550363674232e-02 9.977021644473905715e-01 -6.622492080736493147e-02 -4.386659999999999865e-02 -9.998774099986363906e-01 1.469553721742224497e-02 5.404272412701804917e-03 4.476515799999999601e+00
-1.431875644060535101e-02 6.987295620926473050e-02 9.974531283246209634e-01 9.717025999999999719e-01 1.999814331776775950e-02 9.973758735775535289e-01 -6.958046470995962740e-02 -4.991450000000000053e-02 -9.996974779791317767e-01 1.895090488578551544e-02 -1.567851160580202574e-02 4.474094899999999875e+00
-2.547334900634939600e-02 7.103418486703277912e-02 9.971485611836768959e-01 1.079112400000000083e+00 2.504368425362116929e-02 9.972045321655964578e-01 -7.039840131280702962e-02 -5.627850000000000213e-02 -9.993617575079635218e-01 2.317899067410647898e-02 -2.718109677559088500e-02 4.471022600000000402e+00
-3.174582864005265348e-02 6.175463940695348486e-02 9.975863706344799686e-01 1.193668799999999974e+00 2.041112462732018809e-02 9.979213484363889108e-01 -6.112584008704650962e-02 -6.220860000000000278e-02 -9.992875403783462174e-01 1.842136929265376921e-02 -3.294032176496242137e-02 4.468278399999999984e+00
-3.299070697655775986e-02 5.333751869544042790e-02 9.980314235296403602e-01 1.310891400000000040e+00 2.438718868905714876e-02 9.983206373172686110e-01 -5.254683752888228421e-02 -6.850760000000000183e-02 -9.991580847298544565e-01 2.260562332376550923e-02 -3.423605574701626963e-02 4.463386500000000368e+00
-3.198056070876251905e-02 6.304164086910910014e-02 9.974983685466779493e-01 1.429650800000000110e+00 2.827087450735907281e-02 9.976666008008020503e-01 -6.214588724253716778e-02 -7.451939999999999953e-02 -9.990885853573460151e-01 2.621269087871868145e-02 -3.368817961176340248e-02 4.459195099999999634e+00
-2.767678800190349550e-02 7.186506693372667065e-02 9.970302942039966920e-01 1.551538300000000037e+00 2.964880269001782601e-02 9.970325741029455457e-01 -7.104220348991692469e-02 -8.050899999999999723e-02 -9.991771333977502723e-01 2.759453446364619825e-02 -2.972537237426231549e-02 4.456025099999999739e+00
-2.267369673193997057e-02 6.110296129898640238e-02 9.978739056599301716e-01 1.677339200000000030e+00 2.852560477222033583e-02 9.977636608524238504e-01 -6.044805170349522999e-02 -8.796329999999999427e-02 -9.993358761441959448e-01 2.709437585300538548e-02 -2.436598958074520649e-02 4.452677200000000113e+00
-1.661702567191626623e-02 6.481051473959309472e-02 9.977592252828372255e-01 1.802569599999999994e+00 3.450673275196636247e-02 9.973397333675287912e-01 -6.420857918667111086e-02 -9.576250000000000040e-02 -9.992663107763629649e-01 3.336245532894168558e-02 -1.880921906462684756e-02 4.450431799999999605e+00
-1.084571720546168017e-02 7.099673323679939196e-02 9.974175827044565734e-01 1.927310700000000043e+00 3.032063151652011554e-02 9.970409310869809971e-01 -7.064022254810252421e-02 -1.029348000000000068e-01 -9.994813803782131023e-01 2.947618711619244547e-02 -1.296628976818925416e-02 4.449639300000000297e+00
-3.035835266746980156e-03 6.357489719895589864e-02 9.979724526009602359e-01 2.053969400000000167e+00 2.971658910245180904e-02 9.975420408664014138e-01 -6.345708026856268502e-02 -1.115763000000000033e-01 -9.995537544506297722e-01 2.946369206730471355e-02 -4.917602405016929801e-03 4.449866799999999678e+00
3.548537405576680358e-03 6.946382673474173208e-02 9.975781596735397994e-01 2.180172699999999963e+00 3.424684395747931709e-02 9.969908131392132278e-01 -6.954474958587826550e-02 -1.189493999999999968e-01 -9.994071050183868099e-01 3.441068571499605877e-02 1.158942358566728004e-03 4.449701300000000082e+00
1.085638675580965183e-02 6.969560568787058763e-02 9.975092287364611954e-01 2.306965100000000213e+00 2.972346754701870458e-02 9.971047077362986677e-01 -6.999083716524495680e-02 -1.270517999999999925e-01 -9.994992017723626221e-01 3.040928078582866637e-02 8.753359269390581510e-03 4.451685900000000196e+00
1.802718307843107978e-02 6.692183140474607106e-02 9.975953534132421252e-01 2.434070600000000084e+00 3.803323700329847012e-02 9.969894556377340011e-01 -6.756847068141834389e-02 -1.357202999999999882e-01 -9.991138541494196668e-01 3.915984970105866603e-02 1.542765756953523582e-02 4.453115900000000238e+00
2.416906698717408500e-02 6.746303069642595185e-02 9.974289928061157440e-01 2.561683200000000049e+00 4.141694715687783274e-02 9.967962764140293475e-01 -6.842382491011855805e-02 -1.442624999999999880e-01 -9.988495846168099490e-01 4.296420389556010466e-02 2.129752319981970121e-02 4.456125700000000300e+00
3.154899962367460620e-02 6.516880184469789339e-02 9.973753996810186262e-01 2.689921899999999866e+00 4.449501607118874075e-02 9.967912892725337981e-01 -6.653810318324718254e-02 -1.522322000000000120e-01 -9.985113189982224302e-01 4.647744503010349526e-02 2.854808112472129178e-02 4.459577099999999739e+00
3.712927740509451568e-02 6.752988441333661329e-02 9.970261438249736763e-01 2.818266200000000055e+00 4.027326248114821566e-02 9.968024187114643553e-01 -6.901450847538621869e-02 -1.595599000000000045e-01 -9.984986134634841193e-01 4.271595442098905654e-02 3.429090476210727712e-02 4.465726400000000318e+00
4.245589126749953895e-02 6.734887255193990063e-02 9.968257754806828519e-01 2.946904400000000201e+00 3.968267440923600731e-02 9.968244150423346550e-01 -6.903890879234590716e-02 -1.676468000000000125e-01 -9.983099632120340239e-01 4.248782109604877510e-02 3.964848559651845683e-02 4.471557599999999688e+00
4.759855492773405056e-02 6.767750909099007339e-02 9.965711877894276594e-01 3.076664000000000065e+00 3.490731918696082098e-02 9.969799057883025339e-01 -6.937251993063912880e-02 -1.761037000000000019e-01 -9.982564082619111989e-01 3.808966024508807224e-02 4.509236239589398121e-02 4.478442700000000443e+00
5.413997168576532154e-02 7.323085156286654462e-02 9.958444184937936816e-01 3.206976200000000166e+00 3.218896937967240940e-02 9.966607941169335350e-01 -7.504086700244030905e-02 -1.846006000000000036e-01 -9.980143955455448301e-01 3.611791590860180534e-02 5.160196153519869267e-02 4.486389599999999866e+00
6.297620974560047546e-02 7.667204403159506854e-02 9.950655228024412047e-01 3.404315200000000097e+00 2.282834576969694149e-02 9.966730969242963978e-01 -7.824068313065304925e-02 -1.982919999999999960e-01 -9.977539093561587080e-01 2.764300148951347874e-02 6.101639806767900076e-02 4.500091600000000192e+00
7.060203940834862413e-02 7.831192496665831393e-02 9.944257611503224403e-01 3.537602199999999808e+00 2.413165853774820041e-02 9.964876380489655627e-01 -8.018759425130184137e-02 -2.083768000000000009e-01 -9.972126228079942756e-01 2.965855059861099985e-02 6.846426285873619122e-02 4.509603000000000250e+00
8.281837135205341593e-02 7.711590888374390829e-02 9.935764962818048884e-01 3.740075299999999991e+00 1.927409226106972795e-02 9.966911065579066031e-01 -7.896421642672989127e-02 -2.233088000000000017e-01 -9.963782548480798473e-01 2.568997285731874913e-02 8.105799504358024432e-02 4.527723800000000409e+00
9.393138895287940493e-02 8.938292223368587974e-02 9.915581613714598008e-01 3.874425599999999914e+00 1.391988033607186037e-02 9.957463697172840300e-01 -9.107910916494177389e-02 -2.335524999999999962e-01 -9.954813564807792892e-01 2.235755818100005482e-02 9.228763997075051240e-02 4.541336099999999654e+00
1.156110023682451193e-01 9.529733627747445646e-02 9.887125536928453862e-01 4.077751199999999798e+00 3.854857388336047075e-03 9.953365134127666325e-01 -9.638654025242923695e-02 -2.513042999999999805e-01 -9.932870864991274473e-01 1.495469042593402381e-02 1.147044943685262552e-01 4.565269500000000313e+00
1.376336315435001401e-01 8.444759700635207089e-02 9.868766826853294649e-01 4.284524900000000081e+00 7.536059240031214856e-04 9.963496067510697607e-01 -8.536330127812558066e-02 -2.698202000000000100e-01 -9.904829203707952168e-01 1.249257726978252742e-02 1.370675744547161790e-01 4.594320299999999690e+00
1.524946273427512655e-01 7.443231457413487795e-02 9.854974475759604724e-01 4.422722300000000217e+00 -1.088871165680342645e-03 9.971719796768322430e-01 -7.514557410101871393e-02 -2.805079999999999796e-01 -9.883036997761266429e-01 1.038621656447492186e-02 1.521444166385866881e-01 4.616993899999999762e+00
1.706282643879381833e-01 8.626688665603121642e-02 9.815518425730938024e-01 4.622902899999999704e+00 -2.020373056379802523e-03 9.961885948365081234e-01 -8.720207342934296890e-02 -2.961271999999999793e-01 -9.853334021967756762e-01 1.289603754410369868e-02 1.701522222334699297e-01 4.651679999999999815e+00
1.806192994661973972e-01 8.867324337265167222e-02 9.795477142896689138e-01 4.753549099999999861e+00 -6.135565752099496339e-03 9.960098564009736144e-01 -8.903213344076116309e-02 -3.077911999999999870e-01 -9.835339462841341529e-01 1.007084216370826568e-02 1.804426630397365505e-01 4.677062499999999901e+00
1.904334396145767050e-01 7.930491841891990079e-02 9.784916121209880080e-01 4.883009399999999722e+00 -1.688484275415486069e-03 9.967566781830945466e-01 -8.045665614636575425e-02 -3.182440000000000269e-01 -9.816986574796836562e-01 1.366947006914748242e-02 1.899497077929198641e-01 4.702117000000000324e+00
1.971100306094173416e-01 6.947171148695645282e-02 9.779168252649239612e-01 5.009971600000000080e+00 -6.770569271202675488e-03 9.975588078835954109e-01 -6.950240431527351936e-02 -3.285633000000000026e-01 -9.803579934008284091e-01 7.078567435080899278e-03 1.970992101916407835e-01 4.728574300000000008e+00
2.023342650877222315e-01 7.175625757375683755e-02 9.766841273771267318e-01 5.132797199999999727e+00 -1.018459775617822777e-02 9.974122576383293026e-01 -7.116925095401704926e-02 -3.372446000000000055e-01 -9.792635595895293754e-01 4.452843116444719918e-03 2.025414847586146649e-01 4.755418299999999654e+00
2.056547738895908028e-01 8.029122326927554121e-02 9.753252962178027285e-01 5.251247399999999566e+00 -1.599542431027670131e-02 9.967712786382459944e-01 -7.868395314808801499e-02 -3.462183999999999817e-01 -9.784938734491674950e-01 5.809886398591354584e-04 2.062750641125700168e-01 4.782030599999999687e+00
2.094456559402957385e-01 8.745703328204018634e-02 9.739013217658365473e-01 5.367333399999999699e+00 -1.544419648637410797e-02 9.961637770438727113e-01 -8.613481352261581625e-02 -3.556059999999999777e-01 -9.776983144112654234e-01 2.999439145848298294e-03 2.099928793130396709e-01 4.807712099999999822e+00
2.113860599029586118e-01 8.420353693922513760e-02 9.737688113949981572e-01 5.480513099999999582e+00 -1.745905755390579628e-02 9.964484907967623428e-01 -8.237467146025007070e-02 -3.652067999999999981e-01 -9.772467011906625922e-01 4.117715134392477272e-04 2.121054347634414583e-01 4.833432199999999845e+00
2.118344441940499534e-01 8.072193736290411703e-02 9.739661888799719947e-01 5.591300500000000007e+00 -1.695457395441465204e-02 9.967366386118520216e-01 -7.892157924655635037e-02 -3.740998999999999852e-01 -9.771584880023413966e-01 2.051270961460557873e-04 2.125117579049502492e-01 4.858360300000000187e+00
2.083589703748317812e-01 8.091664046321370152e-02 9.746994597107803138e-01 5.697772500000000129e+00 -1.873332607196869989e-02 9.967191495538235690e-01 -7.874007497446305903e-02 -3.829002000000000239e-01 -9.778729988902552517e-01 -1.853161852017573552e-03 2.091912135643583248e-01 4.882300899999999722e+00
2.041153026073365961e-01 8.751993436837395002e-02 9.750267710835792689e-01 5.800927599999999629e+00 -1.791460198593840258e-02 9.961627681953643121e-01 -8.566683312130944639e-02 -3.917986999999999997e-01 -9.787829229595296221e-01 1.869503637126623818e-05 2.048999496664037911e-01 4.904050800000000265e+00
2.001382750189156512e-01 8.680812580352936791e-02 9.759144533036341329e-01 5.901610400000000034e+00 -1.595683659941475596e-02 9.962239085625257395e-01 -8.534227190638915550e-02 -3.998401999999999790e-01 -9.796377137688156989e-01 1.507747619166700803e-03 2.007677176712542311e-01 4.924756099999999748e+00
1.959984134007340395e-01 7.997652788201360663e-02 9.773373915554098845e-01 6.000016200000000133e+00 -1.613275303236902380e-02 9.967966611539702537e-01 -7.833358533792258993e-02 -4.084737999999999980e-01 -9.804714968952396026e-01 -4.138843250393320350e-04 1.966608056420341422e-01 4.944434199999999890e+00
1.923958346012054899e-01 8.027613158487272027e-02 9.780284175451516848e-01 6.094520600000000066e+00 -8.885306726698752322e-03 9.967500508979575402e-01 -8.006489467482885702e-02 -4.165795999999999943e-01 -9.812771749880244698e-01 6.714069755904820969e-03 1.924838359832710122e-01 4.962062399999999762e+00
1.882868664784351220e-01 8.432766215166900836e-02 9.784870470822624178e-01 6.187163800000000435e+00 -5.434166960189890094e-03 9.963811206231565354e-01 -8.482412566712113633e-02 -4.234600000000000031e-01 -9.820990406986356280e-01 1.065400684140703491e-02 1.880637296159004546e-01 4.979635700000000220e+00
1.864148896528835531e-01 8.359991240458511386e-02 9.789078320054694915e-01 6.325744199999999928e+00 2.280970660503645053e-03 9.963336314119037862e-01 -8.552246541356593734e-02 -4.347045999999999966e-01 -9.824684656967616059e-01 1.817552099705413426e-02 1.855407350096912600e-01 5.005308199999999985e+00
1.910526734931874415e-01 8.133742745698596677e-02 9.782040169850997335e-01 6.419541399999999953e+00 9.669078102376535422e-03 9.963565839648732547e-01 -8.473527316589346547e-02 -4.418579000000000256e-01 -9.815321619181694990e-01 2.564723151780688021e-02 1.895701311803005273e-01 5.022114300000000142e+00
2.058505877840559051e-01 8.026492890744489628e-02 9.752861511866358635e-01 6.560641799999999968e+00 7.240054603638204633e-03 9.964783613644672133e-01 -8.353715904747088805e-02 -4.534637999999999725e-01 -9.785566499279921837e-01 2.425729828049543596e-02 2.045445339329213796e-01 5.053393400000000035e+00
2.217604120074654350e-01 7.847892655887403479e-02 9.719379495381618161e-01 6.657333399999999735e+00 5.671294888141852064e-03 9.966353290560141520e-01 -8.176709174051649542e-02 -4.608716999999999953e-01 -9.750846917476302389e-01 2.364485067783601499e-02 2.205691840576373686e-01 5.076359300000000019e+00
2.497271701697339752e-01 8.162819966107867642e-02 9.648695131980842277e-01 6.805591599999999630e+00 -4.302277701777885988e-03 9.965241936238637965e-01 -8.319267953903700108e-02 -4.726603999999999806e-01 -9.683066822477235380e-01 1.662433584836386230e-02 2.492103540626017244e-01 5.116563799999999773e+00
2.699854713457883748e-01 8.658066135618415482e-02 9.589638336982880817e-01 6.907070199999999716e+00 -1.158204512021961119e-02 9.961689689824051452e-01 -8.667895631215860597e-02 -4.802956999999999921e-01 -9.627947348698088215e-01 1.229529648514678108e-02 2.699539297571285079e-01 5.146625499999999853e+00
2.900448603915465329e-01 8.895991176814450896e-02 9.528694102859277537e-01 7.010861900000000091e+00 -1.595509303484086983e-02 9.959813478962351585e-01 -8.812825681385219601e-02 -4.888011999999999913e-01 -9.568800415761097300e-01 1.035802785295816125e-02 2.902986346717798538e-01 5.179440999999999740e+00
3.003037709269446021e-01 8.916252436734362075e-02 9.496671466442863085e-01 7.063929100000000183e+00 -1.668766320406983583e-02 9.959601650927730754e-01 -8.823191851684880627e-02 -4.931371999999999978e-01 -9.536976287397620489e-01 1.064865234755877493e-02 3.005785074474489615e-01 5.197134000000000142e+00
3.209521476788345096e-01 8.517308134961995569e-02 9.432577935611000663e-01 7.173241599999999885e+00 -2.036574702620278648e-02 9.963383883064866886e-01 -8.303645184433927628e-02 -5.015173000000000547e-01 -9.468764202621208215e-01 7.440577950911242411e-03 3.215115589700440202e-01 5.235706300000000368e+00
3.425852659918136589e-01 7.379814827126002230e-02 9.365837756640095213e-01 7.286561500000000358e+00 -1.499628534815251532e-02 9.972125946362396798e-01 -7.309003026826371707e-02 -5.099158999999999775e-01 -9.393670459150008645e-01 1.099428990849530413e-02 3.427370400734839340e-01 5.276761999999999730e+00
3.527285113236346970e-01 7.071375574948883524e-02 9.330499247345847014e-01 7.344281699999999802e+00 -1.614149302942468819e-02 9.974518735063250263e-01 -6.949253371048809413e-02 -5.140219999999999789e-01 -9.355864735566636892e-01 9.451179107599433360e-03 3.529711400543712463e-01 5.299572900000000253e+00
3.705898705596575304e-01 6.288028209189708284e-02 9.266656451831047914e-01 7.462164399999999809e+00 -3.161219412737142909e-03 9.977852822288183487e-01 -6.644198416198807133e-02 -5.207169999999999854e-01 -9.287912330176253395e-01 2.169333288364855977e-02 3.699678969559364594e-01 5.346097000000000321e+00
3.778742641734399443e-01 5.343960005148068459e-02 9.243133936180516486e-01 7.523182399999999603e+00 6.487945488081011541e-03 9.981555154087796700e-01 -6.036119301651667046e-02 -5.241721000000000297e-01 -9.258341898194974995e-01 2.880583630744430745e-02 3.768305677037144807e-01 5.369721400000000422e+00
3.920475425074846365e-01 4.921246890822198600e-02 9.186277033258900548e-01 7.644775899999999957e+00 1.339821837570038393e-02 9.981567575640867274e-01 -5.919100500503465812e-02 -5.318699000000000066e-01 -9.198473852537709661e-01 3.551366262590044398e-02 3.906655444349995676e-01 5.420899900000000216e+00
4.067564420815340531e-01 5.991167066360409549e-02 9.115699581181181399e-01 7.765162000000000120e+00 1.928382794124781224e-02 9.970617335563992656e-01 -7.413523762314563892e-02 -5.390688999999999620e-01 -9.133330886402309945e-01 4.773354371722007133e-02 4.044059569282978384e-01 5.473903199999999636e+00
4.163792555184936406e-01 6.342181712400002391e-02 9.069762889329329170e-01 7.885392699999999699e+00 1.054120047857672396e-02 9.971602618023593934e-01 -7.456738814468744092e-02 -5.482460999999999585e-01 -9.091299129752223873e-01 4.060893245260108197e-02 4.145283053528728834e-01 5.530573799999999984e+00
4.246059240513194721e-01 6.986499466304578465e-02 9.026786204299167560e-01 8.002326999999999302e+00 3.417942523957551160e-03 9.968874105142960795e-01 -7.876425856315955043e-02 -5.581428000000000500e-01 -9.053718169511507652e-01 3.652907443166215906e-02 4.230455055803548081e-01 5.586847800000000142e+00
4.321690649198660084e-01 7.667733169239515645e-02 8.985268421871563937e-01 8.115507100000000307e+00 -2.425859211757759593e-03 9.964738337058626216e-01 -8.386902853035504979e-02 -5.679416000000000464e-01 -9.017893404411994052e-01 3.406590001856978078e-02 4.308311733411956945e-01 5.642270100000000177e+00
4.400845718596052003e-01 7.221139753467964439e-02 8.950480901478068407e-01 8.227528599999999415e+00 -2.807981616998349306e-03 9.968670640973221753e-01 -7.904537783592267830e-02 -5.776985000000000037e-01 -8.979519390537484824e-01 3.227337267893824746e-02 4.389085833810267845e-01 5.697881200000000312e+00
4.469945891924922976e-01 6.840405270527252779e-02 8.919174416985741205e-01 8.334778800000000487e+00 -4.050556889541777339e-03 9.972165362707239300e-01 -7.444980038324161553e-02 -5.873920000000000252e-01 -8.945274899194096685e-01 2.966589559939551007e-02 4.460274704732503093e-01 5.752622599999999586e+00
4.530793783886237214e-01 7.066131320681307004e-02 8.886653226580111253e-01 8.439097399999999638e+00 -5.016837211519492579e-03 9.970399929584349286e-01 -7.672081716090566050e-02 -5.959866999999999804e-01 -8.914560607362381761e-01 3.030233088943271036e-02 4.520927565437162787e-01 5.806757900000000028e+00
4.570307249896144453e-01 6.771485302816404594e-02 8.868695592333979416e-01 8.540810600000000363e+00 -1.095220262255135191e-03 9.971399062237777944e-01 -7.556988757840626958e-02 -6.045363999999999738e-01 -8.894502329574400790e-01 3.356644299609296694e-02 4.557977369366214004e-01 5.858989700000000411e+00
4.605697008840283768e-01 6.698432198998598153e-02 8.850924534957568257e-01 8.638737700000000075e+00 -1.151194773216290823e-03 9.971927061568851558e-01 -7.486909601499215638e-02 -6.131543000000000410e-01 -8.876227945350382287e-01 3.346352335080503282e-02 4.593538583997737179e-01 5.910763300000000164e+00
4.663587375449734784e-01 6.847907357974108988e-02 8.819411229765390381e-01 8.733755099999999771e+00 1.567754347158188677e-03 9.969335736141430315e-01 -7.823676851226038509e-02 -6.211417000000000188e-01 -8.845942968738638168e-01 3.786906762246012442e-02 4.648213244415966283e-01 5.960446400000000367e+00
4.725989289737859145e-01 6.616602187905966381e-02 8.787902536336700265e-01 8.825507200000000552e+00 6.117822761272897342e-03 9.969071917854144260e-01 -7.834936637382917957e-02 -6.291390999999999512e-01 -8.812563898080354452e-01 4.240410965011126576e-02 4.707324791293768795e-01 6.009065200000000218e+00
4.792706868353676097e-01 6.483618403881477588e-02 8.752690317723118563e-01 8.914142599999999916e+00 8.599919181855708583e-03 9.968728342041612844e-01 -7.855312734594517565e-02 -6.367682999999999538e-01 -8.776250054154227653e-01 4.517545423178022379e-02 4.772143419937542319e-01 6.057505599999999824e+00
4.860700328785940161e-01 6.342354446914230670e-02 8.716153837240215863e-01 9.000690499999999261e+00 1.082253571705684911e-02 9.968497226728937344e-01 -7.857164327941705551e-02 -6.444619000000000320e-01 -8.738528456542643541e-01 4.762440985404083754e-02 4.838523738993111278e-01 6.105717699999999581e+00
