1.000000000000000000e+00 0.000000000000000000e+00 0.000000000000000000e+00 0.000000000000000000e+00 0.000000000000000000e+00 1.000000000000000000e+00 0.000000000000000000e+00 0.000000000000000000e+00 0.000000000000000000e+00 0.000000000000000000e+00 1.000000000000000000e+00 0.000000000000000000e+00
9.999985672192955866e-01 8.715455465722746816e-04 1.451195271588052354e-03 -3.336999999999999797e-04 -8.648492011384470435e-04 9.999890062826528592e-01 -4.608616895755466604e-03 -2.201000000000000103e-04 -1.455195937088774255e-03 4.607355227546776170e-03 9.999883272731696637e-01 7.569879999999999665e-02
9.999963608143122018e-01 -1.540203450685266639e-03 2.214978885335609771e-03 -1.715999999999999969e-04 1.552182449891870543e-03 9.999841251028551703e-01 -5.416666125912724360e-03 -1.061000000000000040e-04 -2.206600954915286135e-03 5.420084465011582552e-03 9.999828766517043777e-01 1.509948000000000123e-01
9.999924743618797685e-01 -3.234235106400580421e-03 2.142648567046521318e-03 8.949999999999999351e-05 3.236951527894531971e-03 9.999939602656111592e-01 -1.265534316190288378e-03 -2.950000000000000148e-04 -2.138542590504510094e-03 1.272460441789838217e-03 9.999969037352129941e-01 2.267104000000000064e-01
9.999822045429922479e-01 -5.794573066090520988e-03 1.418985665569624799e-03 2.180000000000000134e-04 5.787742621789339001e-03 9.999718679027785884e-01 4.771314113740342255e-03 -4.115999999999999759e-04 -1.446593474780262338e-03 -4.763016482208835486e-03 9.999876104439039404e-01 3.019931000000000143e-01
9.999576566854511128e-01 -9.198908660979880636e-03 2.547853768604880684e-04 2.805999999999999901e-04 9.197648696246524952e-03 9.999472595788809759e-01 4.569608204913598419e-03 2.890000000000000113e-05 -2.968073478658819395e-04 -4.567071286166709924e-03 9.999895268277889659e-01 3.765313000000000132e-01
9.999291583534108963e-01 -1.188419151459535125e-02 -6.665333328257531465e-04 1.547999999999999951e-04 1.188537733210963745e-02 9.999277385966656162e-01 1.804270110527047112e-03 1.528000000000000007e-04 6.450428766541905059e-04 -1.812064293226588576e-03 9.999981501696313391e-01 4.502361999999999753e-01
9.999222986173660344e-01 -1.238990754975271939e-02 -1.373651583097929138e-03 -1.299999999999999886e-04 1.238800619528849199e-02 9.999223077181066399e-01 -1.384135181793158965e-03 5.100000000000000299e-06 1.390694167910689087e-03 1.367010828254196231e-03 9.999980986237557712e-01 5.238059999999999938e-01
9.999242395102826420e-01 -1.209307217433987919e-02 -2.296267660582696022e-03 -2.970000000000000092e-04 1.208845675974922623e-02 9.999249050653293835e-01 -2.013316482725677811e-03 -9.099999999999999271e-06 2.320442404048128539e-03 1.985405620559225950e-03 9.999953368449131519e-01 5.973060999999999510e-01
9.999234122648423817e-01 -1.191301418143200265e-02 -3.354056908742597456e-03 -7.246999999999999970e-04 1.191173002270317673e-02 9.999289717843269365e-01 -4.025844072470612079e-04 1.232000000000000131e-04 3.358614669817861550e-03 3.626009538413761950e-04 9.999942940977453176e-01 6.705427999999999944e-01
9.999261253143550965e-01 -1.144566328282461964e-02 -4.091540765649367105e-03 -1.317000000000000028e-03 1.145749137966988601e-02 9.999302155841132134e-01 2.879210515717253293e-03 -2.022000000000000088e-04 4.058300765783691595e-03 -2.925876607997494796e-03 9.999874846421675789e-01 7.435684000000000182e-01
9.999162171499483831e-01 -1.186861864736405391e-02 -5.166679005014925517e-03 -1.620700000000000092e-03 1.189043034307974735e-02 9.999204370448462331e-01 4.211561028905703302e-03 1.949999999999999965e-04 5.116282517002772832e-03 -4.272642209133717395e-03 9.999777838441007427e-01 8.164702999999999822e-01
9.998964937151988419e-01 -1.320567269718952649e-02 -5.710697388751188180e-03 -2.145900000000000064e-03 1.323475482945191128e-02 9.998994863394353727e-01 5.085123669825224353e-03 3.721999999999999940e-04 5.642970906843824616e-03 -5.160177007411719842e-03 9.999707642989351664e-01 8.890046000000000337e-01
9.998907683935016610e-01 -1.314443692193087258e-02 -6.758332594516405431e-03 -2.542200000000000102e-03 1.318114770071544643e-02 9.998984549015467183e-01 5.416385399082678485e-03 1.734999999999999889e-04 6.686450982744606211e-03 -5.504876338743003826e-03 9.999624931514933257e-01 9.615048000000000483e-01
9.998800924146880043e-01 -1.358174984291685150e-02 -7.438875183737323274e-03 -3.389500000000000152e-03 1.360978732366038835e-02 9.999004199038771246e-01 3.731482956523638449e-03 6.966999999999999669e-04 7.387454351772869410e-03 -3.832277032590609284e-03 9.999653689858193362e-01 1.033626600000000062e+00
9.998620406559936002e-01 -1.399346753589635582e-02 -8.948883816097199725e-03 -4.105499999999999775e-03 1.401234949501501369e-02 9.998997191742192703e-01 2.050769842531754896e-03 6.683000000000000355e-04 8.919289033423241989e-03 -2.175881807291008951e-03 9.999578550226499996e-01 1.106035799999999902e+00
9.998249978351697598e-01 -1.540580454401729339e-02 -1.061295860042606697e-02 -4.900400000000000068e-03 1.541244552761085289e-02 9.998810730940953517e-01 5.442343785321253433e-04 1.036599999999999935e-03 1.060331206563542260e-02 -7.077107826535631186e-04 9.999435328650747579e-01 1.178116699999999906e+00
9.998140938318573756e-01 -1.504735714835786844e-02 -1.205631859364981323e-02 -6.142800000000000343e-03 1.504844461764432914e-02 9.998867657461621983e-01 -5.186599821590496011e-07 9.730000000000000151e-04 1.205496120987182077e-02 -1.809102790891456208e-04 9.999273199496548914e-01 1.249506400000000017e+00
9.998150674417579653e-01 -1.351251250800588818e-02 -1.368367356209437662e-02 -7.450400000000000252e-03 1.350583843376438470e-02 9.999086237685076428e-01 -5.800358352069289120e-04 5.603999999999999607e-04 1.369026094104962461e-02 3.951190833860321653e-04 9.999062059194732122e-01 1.320563399999999943e+00
9.997747534640584188e-01 -1.285536404109350987e-02 -1.688733108730021762e-02 -1.027969999999999925e-02 1.286398552130355900e-02 9.999171747073288818e-01 4.019972893865682230e-04 5.668999999999999560e-04 1.688076456766187880e-02 -6.191451234901655578e-04 9.998573180443933728e-01 1.461362999999999968e+00
9.997581294228663484e-01 -1.213260248150207013e-02 -1.834346232086714323e-02 -1.181190000000000018e-02 1.216392096606144432e-02 9.999247419159812411e-01 1.596725082739996072e-03 7.900000000000000121e-04 1.832270939633747625e-02 -1.819467307837664173e-03 9.998304695592613589e-01 1.531887699999999963e+00
9.996875524078808750e-01 -1.332560849424222621e-02 -2.114771190929535735e-02 -1.519930000000000066e-02 1.337428855196411137e-02 9.999082225697195625e-01 2.162138569324205048e-03 8.109000000000000322e-04 2.111695921455489580e-02 -2.444298615623115983e-03 9.997740241863700694e-01 1.671275899999999925e+00
9.996280696995909487e-01 -1.312320485703395191e-02 -2.390614487846595346e-02 -1.874469999999999956e-02 1.317473509201940764e-02 9.999112106525734900e-01 1.999291514514563595e-03 1.279699999999999935e-03 2.387778515534880533e-02 -2.313505043266190098e-03 9.997122081231627488e-01 1.808693899999999966e+00
9.995581340484338551e-01 -1.445219363456951706e-02 -2.597442505161692838e-02 -2.230139999999999900e-02 1.463560970332980840e-02 9.998691877854709587e-01 6.885219374470281754e-03 1.556799999999999894e-03 2.587152075593847356e-02 -7.262328577783497448e-03 9.996388963007608597e-01 1.944750699999999943e+00
9.995460004460440251e-01 -1.406282139474716517e-02 -2.664638899994482141e-02 -2.444980000000000070e-02 1.429329323014756278e-02 9.998618977902639093e-01 8.478627004940786360e-03 1.845599999999999975e-03 2.652347565749928193e-02 -8.855642363563172997e-03 9.996089649644879227e-01 2.011681100000000111e+00
9.995290508964517207e-01 -1.229909929745879801e-02 -2.811420584881409515e-02 -2.869690000000000088e-02 1.243351722829745196e-02 9.999120677791829559e-01 4.611329406154202233e-03 2.525200000000000014e-03 2.805501850599772043e-02 -4.958716167485339131e-03 9.995940811502428414e-01 2.141894300000000140e+00
9.994976660386311051e-01 -1.119022718446296277e-02 -2.965121243539801943e-02 -3.330439999999999789e-02 1.126813349314814347e-02 9.999334825625588730e-01 2.461629113684791516e-03 3.145400000000000019e-03 2.962169392370377075e-02 -2.794506373736451929e-03 9.995572749888910202e-01 2.268048499999999912e+00
9.993987959107895058e-01 -1.088228595795714612e-02 -3.291842317598752538e-02 -3.801009999999999805e-02 1.092923018981224736e-02 9.999394972853594687e-01 1.246473489803862512e-03 2.960599999999999864e-03 3.290286704106862997e-02 -1.605497129220717894e-03 9.994572645788541987e-01 2.391899599999999904e+00
9.992531539039642974e-01 -1.078202718168614314e-02 -3.710636472134708208e-02 -4.291729999999999851e-02 1.087191355292771271e-02 9.999384313950033798e-01 2.221466857229473669e-03 3.264400000000000201e-03 3.708012821819682558e-02 -2.623224952893571296e-03 9.993088525486846230e-01 2.514314900000000019e+00
9.991125462266583490e-01 -9.820464426437015143e-03 -4.095947327459957543e-02 -4.858080000000000037e-02 1.007022963387649295e-02 9.999319115187035312e-01 5.895998784990737727e-03 3.694300000000000188e-03 4.089878295994328616e-02 -6.303237660179224384e-03 9.991434125026270596e-01 2.633656300000000172e+00
9.989843293465139329e-01 -6.190952019837140177e-03 -4.463162368975383265e-02 -5.484870000000000023e-02 6.432994505055021281e-03 9.999653604262437323e-01 5.281527175949161761e-03 4.090899999999999745e-03 4.459737998799540026e-02 -5.563277873738830571e-03 9.989895513154809503e-01 2.749440900000000187e+00
9.988412243895129494e-01 -3.835917575310864372e-03 -4.797389077835962495e-02 -6.097849999999999798e-02 4.120541158574160881e-03 9.999744843183097087e-01 5.835396549592643603e-03 4.763400000000000099e-03 4.795028259164959422e-02 -6.026313025882627794e-03 9.988315443310222808e-01 2.861044399999999932e+00
9.987790928939359603e-01 -1.328899009536270459e-04 -4.939945281317024289e-02 -6.702299999999999924e-02 5.313018734555291240e-04 9.999674404497889135e-01 8.052065487626009627e-03 5.777799999999999603e-03 4.939677435102084874e-02 -8.068480685480990816e-03 9.987466437005645403e-01 2.970944199999999924e+00
9.989240300383969151e-01 4.614688639084064785e-03 -4.614636346032294917e-02 -7.381219999999999448e-02 -4.473255094826719160e-03 9.999849777560662067e-01 3.167688598414409706e-03 5.505399999999999704e-03 4.616028813498165156e-02 -2.957855805178188132e-03 9.989296666374121170e-01 3.074387999999999899e+00
9.991386653820939490e-01 6.600222435837715083e-03 -4.096784595613366803e-02 -7.859900000000000220e-02 -6.518944561497193833e-03 9.999765101006630186e-01 2.117217207265520516e-03 6.028500000000000004e-03 4.098085773006903548e-02 -1.848326458199284249e-03 9.991582221995731761e-01 3.177076299999999964e+00
9.993099791895116990e-01 1.551574811858295183e-02 -3.374651170978273246e-02 -8.369010000000000338e-02 -1.523708399456884244e-02 9.998477863625512274e-01 8.499139794632619427e-03 6.060099999999999688e-03 3.387324554276232441e-02 -7.979076777857412039e-03 9.993942853399617743e-01 3.277285599999999910e+00
9.994147723455095722e-01 2.411587567735303667e-02 -2.425978890855513478e-02 -8.730219999999999647e-02 -2.389540477729102524e-02 9.996708593293768264e-01 9.337164355124893261e-03 7.435500000000000269e-03 2.447697792013180454e-02 -8.752002512548193169e-03 9.996620829079783110e-01 3.371743899999999794e+00
9.993329523954197491e-01 3.621554045337586902e-02 -4.699455960386965218e-03 -9.023249999999999327e-02 -3.615417780197879849e-02 9.992674907510188387e-01 1.254421602275119889e-02 7.533100000000000039e-03 5.150309128258634232e-03 -1.236594346713748745e-02 9.999102748537245233e-01 3.503204300000000160e+00
9.992015529347150204e-01 3.985276395328807286e-02 2.830868795502178292e-03 -9.089350000000000207e-02 -3.988604368707326930e-02 9.991212566825908858e-01 1.287703242183944712e-02 7.481599999999999709e-03 -2.315195854939264275e-03 -1.297966294954242157e-02 9.999130803314203453e-01 3.543198100000000128e+00
9.986671327883647198e-01 4.846232124991057405e-02 1.775841511332448830e-02 -9.036199999999999788e-02 -4.863059113610932599e-02 9.987747450614633538e-01 9.169200246547685659e-03 8.757600000000000801e-03 -1.729229579955335327e-02 -1.002058114478353128e-02 9.998002622821727803e-01 3.620647200000000066e+00
9.981262928610289409e-01 5.090225591875903455e-02 3.395384870498090180e-02 -8.876739999999999631e-02 -5.113093455081881011e-02 9.986745275354911300e-01 5.900473177933147212e-03 9.037699999999999206e-03 -3.360849641771342100e-02 -7.625509435099129402e-03 9.994059838596104361e-01 3.689679400000000165e+00
9.978679435528342578e-01 5.017192613170678994e-02 4.174140699440003627e-02 -8.698720000000000063e-02 -5.052385138369094864e-02 9.986953009302201867e-01 7.418648209452139569e-03 8.876300000000000162e-03 -4.131473914956138721e-02 -9.511767876239148045e-03 9.991009051146296782e-01 3.721499699999999855e+00
9.974247065881087781e-01 5.168256768646461302e-02 4.972792862124009866e-02 -8.531149999999999844e-02 -5.214537893009158626e-02 9.986070252110792467e-01 8.054107977676642355e-03 9.138500000000000789e-03 -4.924240188965509774e-02 -1.062644796782618445e-02 9.987303261940756460e-01 3.751933800000000208e+00
9.907397890496469905e-01 6.122710527898284766e-02 1.211854445592272650e-01 -6.965770000000000295e-02 -6.145183515836478289e-02 9.981082689952367470e-01 -1.885555356204660082e-03 8.800600000000000436e-03 -1.210716413927322571e-01 -5.578973246799150652e-03 9.926280938538769583e-01 3.913824599999999876e+00
9.801104274922243231e-01 6.420850031072532216e-02 1.877786420465785144e-01 -5.332150000000000084e-02 -6.385268698678127353e-02 9.979276722719307990e-01 -7.949545804266759663e-03 8.326000000000000068e-03 -1.878999315741695653e-01 -4.198738116814110070e-03 9.821792027489937293e-01 3.995321999999999818e+00
9.664461838609752498e-01 6.553884261543932443e-02 2.483675377523936190e-01 -3.682280000000000275e-02 -6.463147807937680289e-02 9.978392582020931822e-01 -1.181468712964866240e-02 8.065400000000000347e-03 -2.486052005526694919e-01 -4.634101781912281295e-03 9.685938154659268218e-01 4.053552200000000383e+00
9.529885247759926070e-01 6.814426516319714577e-02 2.952443577287212073e-01 -2.302250000000000130e-02 -6.661499474841707513e-02 9.976622508904000597e-01 -1.524715130667890668e-02 7.495299999999999879e-03 -2.955931564159522407e-01 -5.137341108810261278e-03 9.553001065667197089e-01 4.091276599999999597e+00
9.345875654248154696e-01 7.307318329346638996e-02 3.481470844868239101e-01 -6.842299999999999945e-03 -7.159308631713622029e-02 9.972867591014628053e-01 -1.713330419061142446e-02 6.343399999999999907e-03 -3.484544626560310276e-01 -8.912351219538183419e-03 9.372833389380376135e-01 4.129598599999999564e+00
8.788147395424369401e-01 6.851721724935938562e-02 4.722182170388631861e-01 3.781149999999999789e-02 -6.285804784316550986e-02 9.976359838012537340e-01 -2.777246201277323162e-02 3.822100000000000150e-03 -4.730047773377190068e-01 -5.275866308835646876e-03 8.810440657824023525e-01 4.202478400000000391e+00
8.376657868800337914e-01 7.220429348571320849e-02 5.413894804047107989e-01 6.496150000000000535e-02 -6.171950846790759393e-02 9.973878956705479748e-01 -3.752449659030843154e-02 2.559699999999999823e-03 -5.426847443637361490e-01 -1.981305656676795451e-03 8.399341299547012918e-01 4.237932200000000371e+00
7.859913510662392966e-01 7.932507788781055502e-02 6.131273343010900101e-01 9.790519999999999778e-02 -6.608257172401017787e-02 9.968323118109219116e-01 -4.425421837558578264e-02 7.552000000000000336e-04 -6.146956074053310237e-01 -5.733598153495875205e-03 7.887435806957832085e-01 4.274577599999999755e+00
7.231912481630083933e-01 8.477822031426626714e-02 6.854247383489858736e-01 1.372010999999999925e-01 -6.940422719040045818e-02 9.963345387238491391e-01 -5.000540164860151071e-02 -1.408500000000000030e-03 -6.871517094707203510e-01 -1.140790542914912539e-02 7.264243855111047754e-01 4.312109500000000040e+00
6.476381222079027333e-01 8.117440933054191621e-02 7.576117593681205298e-01 1.851500000000000090e-01 -6.319160156704571596e-02 9.966057025475960618e-01 -5.276263015624127473e-02 -4.354099999999999637e-03 -7.593231750410448511e-01 -1.370360972336062688e-02 6.505693867114688000e-01 4.348733900000000041e+00
5.594378878007272293e-01 8.045167021268391505e-02 8.249586525717822472e-01 2.418320999999999943e-01 -5.759128050406640831e-02 9.966458684090595543e-01 -5.813998102040890403e-02 -7.663599999999999579e-03 -8.268690912731972986e-01 -1.498471698568623958e-02 5.621947742143251769e-01 4.383764300000000169e+00
4.631234593992838988e-01 7.755604207104760395e-02 8.828939470243942766e-01 3.072350999999999832e-01 -5.274536432257009855e-02 9.968101632820892677e-01 -5.989511599466002673e-02 -1.143100000000000019e-02 -8.847228876300868849e-01 -1.882972957342522041e-02 4.657368928780202255e-01 4.414739100000000249e+00
3.635081640311828566e-01 7.535640136069481076e-02 9.285382207839614210e-01 3.801628000000000229e-01 -5.516166771879819908e-02 9.967152847971143537e-01 -5.929444717920984154e-02 -1.476809999999999928e-02 -9.299564533337889571e-01 -2.966570116773044330e-02 3.664709280107596445e-01 4.441560700000000139e+00
2.673474885633288500e-01 7.215426616473807897e-02 9.608949381868493456e-01 4.573290999999999884e-01 -4.186315559440041689e-02 9.971207661204891659e-01 -6.322700352671914437e-02 -1.929849999999999968e-02 -9.626903949674371352e-01 -2.332251370493473516e-02 2.695983378879094339e-01 4.459840299999999758e+00
2.234277904294399986e-01 6.640828613059314434e-02 9.724556349762262242e-01 4.988962000000000119e-01 -2.860311199751719435e-02 9.976934532703433112e-01 -6.156001369034069803e-02 -2.165620000000000045e-02 -9.743007156149868786e-01 -1.406103960220280238e-02 2.248119274358670872e-01 4.465727300000000177e+00
1.812345121902790845e-01 6.525331175250535798e-02 9.812726720420181792e-01 5.421570999999999474e-01 -1.957872327108968122e-02 9.978379198014126761e-01 -6.273881893583647951e-02 -2.406950000000000062e-02 -9.832449975393853236e-01 -7.841626854162831589e-03 1.821202451734963423e-01 4.470890999999999948e+00
1.429342302163258971e-01 6.694163451489842931e-02 9.874657580903450915e-01 5.859680999999999917e-01 -1.641837140257607075e-02 9.977331410904078934e-01 -6.526113889869859797e-02 -2.610130000000000089e-02 -9.895959998468836227e-01 -6.884528912127426542e-03 1.437092911008354124e-01 4.475276000000000032e+00
1.101349569750306318e-01 6.756434798404305220e-02 9.916175422679849305e-01 6.311733999999999956e-01 -7.558338034341232498e-03 9.977149135822410697e-01 -6.714032128117844445e-02 -2.894549999999999901e-02 -9.938879025213389617e-01 -1.004841896517782995e-04 1.103939632618597955e-01 4.478309199999999990e+00
8.128178878399713869e-02 6.599321231754935735e-02 9.945039802535153850e-01 6.777997999999999523e-01 -8.341021787149072164e-05 9.978060048975556651e-01 -6.620551059477360056e-02 -3.185110000000000025e-02 -9.966911577087504970e-01 5.298350534834073144e-03 8.110896144570456379e-02 4.480258000000000074e+00
5.628492417172878404e-02 6.445317777866932385e-02 9.963321711082172571e-01 7.255211999999999772e-01 6.794236253719339313e-03 9.978662850987989330e-01 -6.493624116663337942e-02 -3.449719999999999870e-02 -9.983916294043692075e-01 1.042424756775139211e-02 5.572691807317931012e-02 4.481303200000000153e+00
3.641241694496431813e-02 6.344843683420944846e-02 9.973206263561991136e-01 7.742360999999999827e-01 1.125209800598516927e-02 9.978931469748394401e-01 -6.389567677953902902e-02 -3.693980000000000180e-02 -9.992734991896310426e-01 1.354854545502771207e-02 3.562177330458538016e-02 4.481802899999999923e+00
2.050645154497512598e-02 6.508211224212799573e-02 9.976691857079362791e-01 8.237691000000000319e-01 1.374131330305581808e-02 9.977664164945255765e-01 -6.537089891060186841e-02 -3.983470000000000066e-02 -9.996952844510875735e-01 1.504981002457905781e-02 1.956633497830473356e-02 4.482198699999999647e+00
-4.782303600613158935e-03 6.572789660878483597e-02 9.978261237207896039e-01 9.258547000000000304e-01 1.522953922683517244e-02 9.977265934835094496e-01 -6.564834948976415452e-02 -4.547520000000000034e-02 -9.998725872365988865e-01 1.488248175462745029e-02 -5.772437060144519627e-03 4.481568300000000171e+00
-2.014868618602619343e-02 7.068917346423327086e-02 9.972948767540724679e-01 1.032373699999999950e+00 2.456529226368273089e-02 9.972312371243724494e-01 -7.018836170900033533e-02 -5.129920000000000313e-02 -9.994951609992800412e-01 2.308463684655128606e-02 -2.182939945774875490e-02 4.478188499999999905e+00
-2.803674832319670920e-02 6.739258633500995466e-02 9.973325323333936954e-01 1.144073799999999919e+00 2.255890186099690151e-02 9.975132975287193116e-01 -6.677063127009208454e-02 -5.741609999999999769e-02 -9.993523085930644534e-01 2.062669533538799907e-02 -2.948733201314501784e-02 4.474858799999999803e+00
-3.185735094073439272e-02 5.489135013329281970e-02 9.979839922922526529e-01 1.260620099999999910e+00 2.180516019664111710e-02 9.982913265977214623e-01 -5.421219630821283442e-02 -6.357590000000000463e-02 -9.992545442377720466e-01 2.003414386255729027e-02 -3.299983181558130418e-02 4.471427000000000263e+00
-3.212797120101833215e-02 5.450790835235583970e-02 9.979963333567702932e-01 1.379816399999999943e+00 2.743603291983914144e-02 9.981836309726189738e-01 -5.363490426895503593e-02 -6.976870000000000294e-02 -9.991071301738008170e-01 2.565787959613274882e-02 -3.356509571716304041e-02 4.466861699999999935e+00
-2.884976529078451049e-02 7.024935210208656244e-02 9.971121900628352464e-01 1.501212800000000014e+00 2.917211336347881254e-02 9.971616756249866986e-01 -6.940879243062154924e-02 -7.510840000000000571e-02 -9.991579849275964431e-01 2.708544247387944734e-02 -3.081720236197926788e-02 4.462951699999999633e+00
-2.480534282828562170e-02 6.653668495081360712e-02 9.974755959535689387e-01 1.626861499999999960e+00 2.916956309639000960e-02 9.974059463574469486e-01 -6.580664677349336300e-02 -8.191070000000000295e-02 -9.992666468745653452e-01 2.746357089968046172e-02 -2.668184246826454942e-02 4.460496899999999876e+00
-1.941828360119907462e-02 5.833886822546920092e-02 9.981079634569369752e-01 1.754540999999999906e+00 2.686290261531263171e-02 9.979662437690168808e-01 -5.780796450870214626e-02 -8.985569999999999669e-02 -9.994505063909182585e-01 2.568954557267367350e-02 -2.094594288175843921e-02 4.458282900000000382e+00
-1.254506580825740653e-02 6.924361022341181393e-02 9.975208989124464409e-01 1.881069700000000067e+00 3.628101102855525728e-02 9.969740279309562414e-01 -6.874936995980869547e-02 -9.706299999999999650e-02 -9.992628831106520337e-01 3.532860136423479624e-02 -1.501933297568991410e-02 4.455307000000000350e+00
-7.013496518647312737e-03 6.636660742414600411e-02 9.977706571580428063e-01 2.009369599999999867e+00 2.564820816385854352e-02 9.974788764146718112e-01 -6.616691412259763372e-02 -1.045880000000000004e-01 -9.996464276355748746e-01 2.512696809273094745e-02 -8.697999189502092499e-03 4.456106199999999795e+00
8.446165960709875638e-04 6.349548659094836345e-02 9.979817682730401929e-01 2.137268100000000004e+00 3.427954196627341910e-02 9.973937551672279467e-01 -6.348708652945275754e-02 -1.136062999999999934e-01 -9.994119268977071924e-01 3.426398015401041497e-02 -1.334180878831525696e-03 4.456038000000000388e+00
7.697140496996495058e-03 6.888680170798797131e-02 9.975947887687734994e-01 2.264747600000000194e+00 3.056041133029885337e-02 9.971421403212372692e-01 -6.909133994145076618e-02 -1.211827999999999933e-01 -9.995032842804931761e-01 3.101871283639140789e-02 5.569934154103561852e-03 4.457177599999999629e+00
1.522274664234654282e-02 6.533655591857435996e-02 9.977471635867285471e-01 2.392854199999999931e+00 3.373811153559429232e-02 9.972610177541815224e-01 -6.581946746902439527e-02 -1.288904999999999912e-01 -9.993147691366695007e-01 3.466405816682702201e-02 1.297671979862813352e-02 4.458581900000000431e+00
2.187259666060982488e-02 6.678081126372172049e-02 9.975279007437743983e-01 2.521318400000000182e+00 4.120212290174615766e-02 9.968587116099897338e-01 -6.763944230743401675e-02 -1.372338999999999920e-01 -9.989113947611728550e-01 4.257971740430492591e-02 1.905237733349429696e-02 4.461460599999999665e+00
2.815653146799405523e-02 6.509748837245916964e-02 9.974815921826772902e-01 2.650727499999999903e+00 4.292553274691127824e-02 9.968779838625930756e-01 -6.626978141238570874e-02 -1.455652000000000057e-01 -9.986814348800548968e-01 4.468335593539363854e-02 2.527428195350389650e-02 4.464600100000000182e+00
3.472365029451308927e-02 6.437188665828548484e-02 9.973216774533065765e-01 2.780253399999999875e+00 4.320777045126085458e-02 9.968936991204113696e-01 -6.584862357448152681e-02 -1.536582999999999977e-01 -9.984624963827412047e-01 4.537855068284421534e-02 3.183442248681489506e-02 4.469048500000000423e+00
4.051048460068105983e-02 6.628767773718051426e-02 9.969778555302166723e-01 2.910424499999999970e+00 4.233227120941083360e-02 9.967871615678369768e-01 -6.799509796880714996e-02 -1.613699000000000106e-01 -9.982819639018181146e-01 4.495885133926910693e-02 3.757422300703805451e-02 4.474782900000000119e+00
4.507155075870678679e-02 6.634313501909341881e-02 9.967783824642486579e-01 3.041535099999999936e+00 3.835554318812178787e-02 9.969417387336905190e-01 -6.808833877684385139e-02 -1.695323999999999998e-01 -9.982471675987614201e-01 4.130082331485020880e-02 4.238908320034873167e-02 4.482047099999999951e+00
5.127081349251925296e-02 6.830037085403112274e-02 9.963465075088169254e-01 3.173241899999999838e+00 3.395346135452319281e-02 9.969626774978700423e-01 -7.008981479733604469e-02 -1.780193999999999943e-01 -9.981074421853901590e-01 3.742297446061419730e-02 4.879605349470395037e-02 4.489067999999999614e+00
5.811261038186431999e-02 7.404841582429852465e-02 9.955600216102078459e-01 3.306496099999999938e+00 3.276872017041494722e-02 9.965664710340241816e-01 -7.603604269808163230e-02 -1.868309999999999971e-01 -9.977720859459833225e-01 3.704188068528957434e-02 5.548660723362075498e-02 4.497163800000000045e+00
6.375051475215494368e-02 7.536787383972425036e-02 9.951158502715724552e-01 3.440691699999999908e+00 2.287492541569862217e-02 9.967718345245980549e-01 -7.695874015141901392e-02 -1.958503000000000049e-01 -9.977036682582967053e-01 2.766936015427202272e-02 6.182068304856946916e-02 4.507101999999999720e+00
7.109212380895883754e-02 7.696736103452576916e-02 9.944958196331006306e-01 3.576155200000000089e+00 2.426310381576705921e-02 9.965900793470992003e-01 -7.886390517954125490e-02 -2.061068000000000067e-01 -9.971746144610567075e-01 2.973615782718621800e-02 6.898223823651772335e-02 4.517074599999999940e+00
7.894093155227216441e-02 7.625545195400211529e-02 9.939584676297847921e-01 3.713340500000000155e+00 1.946857962283603596e-02 9.967619387760089378e-01 -7.801674060713487124e-02 -2.151609999999999912e-01 -9.966891710724705700e-01 2.550967374904175231e-02 7.720073064478516489e-02 4.529105699999999679e+00
8.861809870473724704e-02 7.919827108164510798e-02 9.929121141569559050e-01 3.851043499999999842e+00 1.625309907585222036e-02 9.965862930771279826e-01 -8.094193734535465312e-02 -2.262415999999999872e-01 -9.959330646948056920e-01 2.331081955803019842e-02 8.702836514117096023e-02 4.542177200000000248e+00
1.021130966725591338e-01 9.310644263769553286e-02 9.904060307910557137e-01 3.988858000000000015e+00 1.297648746880197823e-02 9.954009046142376915e-01 -9.491390765387966444e-02 -2.365729000000000026e-01 -9.946881552833090057e-01 2.254394447541698682e-02 1.004352742146736865e-01 4.556752699999999656e+00
1.163422157437464799e-01 9.391494414080234221e-02 9.887590566477078013e-01 4.127773300000000312e+00 5.227204385502004502e-03 9.954477583109758720e-01 -9.516531305031869503e-02 -2.492010000000000058e-01 -9.931954315088986629e-01 1.624018905933505286e-02 1.153216852511673718e-01 4.574573499999999626e+00
1.313548841416793955e-01 8.848671339984570672e-02 9.873783448930907314e-01 4.268080699999999617e+00 4.679292066194953859e-03 9.959419104725530936e-01 -8.987666654944548306e-02 -2.618194999999999828e-01 -9.913243660063465468e-01 1.642597077723369908e-02 1.304077790859894392e-01 4.593398999999999788e+00
1.458532585392998404e-01 7.585094600523606401e-02 9.863941711930270806e-01 4.409550199999999975e+00 -4.227250054395711998e-04 9.970611457487431606e-01 -7.660870017023828360e-02 -2.729952999999999963e-01 -9.893061448697455518e-01 1.075665507090632633e-02 1.454566811619446565e-01 4.615330700000000341e+00
1.606915329742887588e-01 7.485681291198753584e-02 9.841619220387632927e-01 4.549066999999999972e+00 -4.313802562808319307e-04 9.971250480440381203e-01 -7.577237276375275998e-02 -2.840945000000000276e-01 -9.870045821278884413e-01 1.175143071435576919e-02 1.602618442883961825e-01 4.638289900000000188e+00
1.715191535995736760e-01 8.522572245097015387e-02 9.814875221729493227e-01 4.684145499999999629e+00 -1.022683081634674640e-03 9.962660479991258811e-01 -8.633027118872026173e-02 -2.939728999999999814e-01 -9.851802546071455335e-01 1.380354436054913314e-02 1.709658682172729982e-01 4.662675400000000359e+00
1.813744660428178723e-01 8.773822335149168705e-02 9.794923722167550029e-01 4.817275500000000044e+00 -4.910919551373890690e-03 9.960805131496744957e-01 -8.831474504657219060e-02 -3.054930000000000145e-01 -9.834018435699836136e-01 1.120783148538875840e-02 1.810944465646379120e-01 4.688854199999999750e+00
1.914046862762293078e-01 7.826080298796833645e-02 9.783861675162709437e-01 4.949303200000000125e+00 -6.107928823357589021e-04 9.968253999847722646e-01 -7.961626013104108890e-02 -3.161789999999999878e-01 -9.815110152227294327e-01 1.464133398557388582e-02 1.908448540976930285e-01 4.714388399999999812e+00
1.978216196161802221e-01 6.871691501320861817e-02 9.778264633376918535e-01 5.078405400000000292e+00 -6.053661380317439111e-03 9.976064295215506528e-01 -6.888225432690053829e-02 -3.263554000000000177e-01 -9.802193427984999818e-01 7.706968816001309730e-03 1.977641085620579497e-01 4.741783599999999765e+00
2.031592984700779092e-01 7.079809544335535776e-02 9.765827815022848357e-01 5.203814000000000384e+00 -9.225027028819984820e-03 9.974766277835983574e-01 -7.039372061326479302e-02 -3.353701000000000043e-01 -9.791022409950164151e-01 5.292136341250759657e-03 2.032997662848687881e-01 4.769031000000000020e+00
2.065826479686561634e-01 7.952396899773175876e-02 9.751920569370453595e-01 5.324743699999999968e+00 -1.493518969374867805e-02 9.968317105521733446e-01 -7.812477805689968524e-02 -3.442350000000000132e-01 -9.783151586615990158e-01 1.574545164766134875e-03 2.071158399071738598e-01 4.796179799999999993e+00
2.101863330561685173e-01 8.651463604891902748e-02 9.738259203501028471e-01 5.443191999999999808e+00 -1.431016833104024888e-02 9.962424773308063974e-01 -8.541747739259747396e-02 -3.538761999999999741e-01 -9.775566093473763152e-01 4.017973506718085230e-03 2.106345921499139795e-01 4.822672400000000081e+00
2.121480509784767488e-01 8.319392169078398958e-02 9.736898766341063327e-01 5.558498900000000020e+00 -1.642848263138184384e-02 9.965325187322565670e-01 -8.156619439188667053e-02 -3.636799000000000004e-01 -9.770994368151401099e-01 1.307861939334555024e-03 2.127791814832541428e-01 4.848972299999999791e+00
2.126239852544405395e-01 7.959625225368946455e-02 9.738867888628977010e-01 5.671430100000000252e+00 -1.573172641071678840e-02 9.968263739965621539e-01 -7.803648434549284585e-02 -3.728187000000000029e-01 -9.770074481183128601e-01 1.271507779381834957e-03 2.132013827096559400e-01 4.874498400000000231e+00
2.092819572835366293e-01 7.964112587055283132e-02 9.746067686126761442e-01 5.780167099999999891e+00 -1.755472639600374335e-02 9.968232379718021674e-01 -7.768696042820291692e-02 -3.818731000000000209e-01 -9.776977518316859461e-01 -8.504760328659002888e-04 2.100151964829786166e-01 4.898998699999999928e+00
2.050238707305483132e-01 8.620876892572701400e-02 9.749529530141308742e-01 5.885308700000000393e+00 -1.662468243486969061e-02 9.962764459771035197e-01 -8.459824540243848778e-02 -3.907461999999999880e-01 -9.786157736132211626e-01 1.136376496622397425e-03 2.056936466783910733e-01 4.921311399999999558e+00
2.011232633641986123e-01 8.583585148797048814e-02 9.757979501582640935e-01 5.987900699999999965e+00 -1.442567843145575041e-02 9.963049197996550754e-01 -8.466644308576479205e-02 -3.984397000000000078e-01 -9.794597147078216715e-01 2.951843887791398557e-03 2.016183371673684332e-01 4.942473900000000420e+00
1.967464027638962942e-01 7.870405329300408925e-02 9.772903995203874317e-01 6.088462400000000052e+00 -1.473311057162385307e-02 9.968976930969615236e-01 -7.731704178795635596e-02 -4.074722000000000066e-01 -9.803437093450189099e-01 8.133223274059409036e-04 1.972955905600546345e-01 4.962889200000000223e+00
1.933677283474524999e-01 7.917210340937891333e-02 9.779267353311701383e-01 6.185086700000000270e+00 -7.500951981909372013e-03 9.968289967527390605e-01 -7.921923347453539710e-02 -4.155744000000000105e-01 -9.810976798225093942e-01 7.983061734852872626e-03 1.933484247989277760e-01 4.980697600000000058e+00
1.891459453137006308e-01 8.294779618519793063e-02 9.784393054652932298e-01 6.279438500000000367e+00 -3.970328427474960342e-03 9.964822590799312652e-01 -8.370987893393908030e-02 -4.227679999999999771e-01 -9.819409594591542723e-01 1.194865879400763137e-02 1.888099088751959975e-01 4.998956200000000294e+00
1.866631850306880447e-01 8.415302345643374538e-02 9.788131200578281677e-01 6.373850299999999969e+00 -2.567145892654235095e-03 9.963629306841687017e-01 -8.517229667221795641e-02 -4.301997000000000182e-01 -9.824206151726281311e-01 1.338577609238236071e-02 1.862003111765382357e-01 5.017099899999999835e+00
1.897671108856847644e-01 8.073612356167858550e-02 9.785040224640539908e-01 6.469273600000000179e+00 8.518832403387584240e-03 9.964404452977940752e-01 -8.386816123665109812e-02 -4.374692000000000025e-01 -9.817921740982575862e-01 2.425113042658593940e-02 1.884038469682864925e-01 5.033820600000000312e+00
1.948626282673651122e-01 7.982744413977937992e-02 9.775766646492973777e-01 6.564395000000000202e+00 8.586385538184408694e-03 9.965054984895769241e-01 -8.308468850173017506e-02 -4.451343999999999856e-01 -9.807929598483688949e-01 2.458395090603374480e-02 1.934962513066478262e-01 5.053317100000000117e+00
2.064837684361555126e-01 7.947408311545070547e-02 9.752170648042221002e-01 6.660749899999999890e+00 8.464880014530391794e-03 9.965134386033830394e-01 -8.300188244371922708e-02 -4.523864000000000218e-01 -9.784134091368247299e-01 2.539363691596415590e-02 2.050911115222608938e-01 5.074586400000000275e+00
2.223680460869970621e-01 7.743538795953967824e-02 9.718828184359505906e-01 6.759454700000000038e+00 7.171299646598502942e-03 9.966840552701814460e-01 -8.105224507417674307e-02 -4.599851999999999830e-01 -9.749364207684673156e-01 2.499309228049400450e-02 2.210753735661863395e-01 5.098217499999999625e+00
2.408655191925476724e-01 7.677909874232446974e-02 9.675168069136683702e-01 6.859991599999999856e+00 2.675704851658917971e-03 9.968097196455943942e-01 -7.976981524122025990e-02 -4.679132999999999765e-01 -9.705548115730771030e-01 2.180258737829056728e-02 2.398916524516031545e-01 5.124713400000000085e+00
2.600508351970516885e-01 8.287778170059717509e-02 9.620316192380082843e-01 6.962666500000000092e+00 -6.241364161382330356e-03 9.964331882646836336e-01 -8.415430290889913678e-02 -4.754699000000000009e-01 -9.655747555144142957e-01 1.588000708645618403e-02 2.596405532427730201e-01 5.153929699999999947e+00
2.807628046691654222e-01 8.730888010215728801e-02 9.557977856061451449e-01 7.067700900000000175e+00 -1.153864152777214769e-02 9.960889107403058107e-01 -8.759989527325187653e-02 -4.837284000000000028e-01 -9.597078239057953430e-01 1.356618426449562181e-02 2.806721421489922763e-01 5.186580700000000377e+00
3.009227988825167732e-01 8.827471647458384751e-02 9.495541288120672441e-01 7.176087400000000116e+00 -1.547974436957597066e-02 9.960275821066397750e-01 -8.768941325527102038e-02 -4.926495000000000180e-01 -9.535228610929917803e-01 1.168888849005560865e-02 3.010938778170392238e-01 5.222520399999999619e+00
3.110320445645836651e-01 8.934201074424621969e-02 9.461908223874030410e-01 7.231500600000000389e+00 -1.968402449404087207e-02 9.959637685478428537e-01 -8.757117630645874784e-02 -4.966638999999999915e-01 -9.501955622047985051e-01 8.612598687613187698e-03 3.115352575715198968e-01 5.242162699999999731e+00
3.321536748361023639e-01 7.756861286353074203e-02 9.400303434417958126e-01 7.345437500000000064e+00 -1.562770449868983169e-02 9.969285231952177417e-01 -7.674173891634111788e-02 -5.050242999999999816e-01 -9.430958122825985335e-01 1.079953416726513876e-02 3.323456918884246658e-01 5.282596599999999754e+00
3.429752688761399937e-01 7.326129759294718047e-02 9.364831804225516310e-01 7.403400399999999770e+00 -1.441272679132911058e-02 9.972470561915053322e-01 -7.273638858106035165e-02 -5.095015999999999989e-01 -9.392338570589212621e-01 1.144950620656337917e-02 3.430869722998060034e-01 5.304385700000000092e+00
3.530865130806240537e-01 6.995973000098358596e-02 9.329713556475116576e-01 7.462753799999999771e+00 -1.508334831108950821e-02 9.974964085161494021e-01 -6.908985165065548162e-02 -5.136745000000000339e-01 -9.354690838741237524e-01 1.032236288708674940e-02 3.532577556687674925e-01 5.327956699999999657e+00
3.710636883081995241e-01 6.197997085298352637e-02 9.265366816441638065e-01 7.583429299999999706e+00 -1.863958003800288837e-03 9.978177643724824852e-01 -6.600177848559236893e-02 -5.205748999999999516e-01 -9.286055485940600818e-01 2.276383789619947084e-02 3.703694679702420611e-01 5.375407199999999719e+00
3.782587064669926114e-01 5.287052282080282467e-02 9.241888653292530398e-01 7.645806300000000277e+00 7.427659848604072079e-03 9.981621722181666101e-01 -6.014239621003268643e-02 -5.238677999999999946e-01 -9.256701252882101327e-01 2.961394552176535924e-02 3.771708278479963816e-01 5.399573300000000131e+00
3.927401101309486164e-01 4.838657993338385532e-02 9.183757100319460687e-01 7.770927000000000362e+00 1.452486982687023129e-02 9.981639966255860807e-01 -5.880190470511686973e-02 -5.318237000000000103e-01 -9.195347921915968392e-01 3.643315417017069235e-02 3.913162291885806665e-01 5.451829000000000036e+00
4.074807249871487125e-01 5.864048235427483935e-02 9.113291132149820006e-01 7.893640000000000434e+00 2.091007462053743812e-02 9.970754386604949726e-01 -7.350740370428701653e-02 -5.393928999999999530e-01 -9.129743849327379701e-01 4.900880991453937519e-02 4.050628457504455993e-01 5.505937099999999695e+00
4.171071744002475268e-01 6.239430968243285525e-02 9.067130500787413672e-01 8.016145699999999152e+00 1.175438574823621518e-02 9.971869309890259991e-01 -7.402742113817861735e-02 -5.486461000000000254e-01 -9.087812935352065358e-01 4.153522341266818740e-02 4.152004163491850308e-01 5.563705900000000426e+00
4.250902662720900116e-01 6.901753699589016633e-02 9.025158420259140613e-01 8.135460899999999995e+00 4.443023217393600455e-03 9.969176351929767144e-01 -7.832935711425630110e-02 -5.586105000000000098e-01 -9.051400582591697663e-01 3.730694611280750694e-02 4.234733364762447438e-01 5.621590099999999701e+00
4.326358450303624537e-01 7.595527584582395519e-02 8.983635242295009427e-01 8.251302700000000101e+00 -1.583623511915974169e-03 9.965073115269973414e-01 -8.349053964257419080e-02 -5.685767999999999933e-01 -9.015673672729269672e-01 3.469833057108853008e-02 4.312450673621006647e-01 5.678500200000000220e+00
4.404921197954556056e-01 7.142445517183917958e-02 8.949107439300926226e-01 8.365641600000000011e+00 -1.735992864844153327e-03 9.968960753207285475e-01 -7.870960131331844467e-02 -5.784152000000000182e-01 -8.977547987768593751e-01 3.311740046462379600e-02 4.392488577783515424e-01 5.735464600000000246e+00
4.474812324324795587e-01 6.762693681359908948e-02 8.917326639962892543e-01 8.475885399999999237e+00 -3.134858014863503572e-03 9.972491603890196732e-01 -7.405595700969616613e-02 -5.884734999999999827e-01 -8.942878279871286917e-01 3.034319562282122851e-02 4.464622841780248041e-01 5.791555400000000020e+00
