1.000000000000000000e+00 0.000000000000000000e+00 0.000000000000000000e+00 0.000000000000000000e+00 0.000000000000000000e+00 1.000000000000000000e+00 0.000000000000000000e+00 0.000000000000000000e+00 0.000000000000000000e+00 0.000000000000000000e+00 1.000000000000000000e+00 0.000000000000000000e+00
9.999983572150068500e-01 8.348731671518873571e-04 1.608898406516061797e-03 -5.494999999999999668e-04 -8.275217983211743651e-04 9.999892404183663430e-01 -4.564455627133918829e-03 -2.079000000000000119e-04 -1.612691836968066332e-03 4.563116730212036544e-03 9.999882885267934451e-01 7.523169999999999857e-02
9.999964156774781010e-01 -1.474606771429169075e-03 2.234763313213375228e-03 -1.871999999999999966e-04 1.486579921262319495e-03 9.999845004938053838e-01 -5.365524419140885182e-03 -1.307000000000000056e-04 -2.226816636844824657e-03 5.368827341641064024e-03 9.999831083476568017e-01 1.503371000000000013e-01
9.999927977389728717e-01 -3.058458851947698162e-03 2.247287171787306324e-03 -1.230000000000000082e-05 3.061528489177601196e-03 9.999943835824643967e-01 -1.363762016259054350e-03 -1.278999999999999918e-04 -2.243103540073649628e-03 1.370632327788824613e-03 9.999965449207964818e-01 2.257463000000000108e-01
9.999833879741759635e-01 -5.562345773139564312e-03 1.511319022798790750e-03 8.760000000000000154e-05 5.555177129948119658e-03 9.999734926488190734e-01 4.706804306223327274e-03 -2.679000000000000066e-04 -1.537459834772423629e-03 -4.698330471797135775e-03 9.999877808793635747e-01 3.006928999999999852e-01
9.999594258228954313e-01 -9.006516705444968934e-03 1.713615469000146971e-04 3.284000000000000135e-04 9.005655693309699145e-03 9.999493470583085131e-01 4.494606011217074960e-03 1.489999999999999897e-04 -2.118336110579913730e-04 -4.492880423186305754e-03 9.999898845248507140e-01 3.749865000000000004e-01
9.999302162014813700e-01 -1.178810039210023697e-02 -7.767988184986072010e-04 3.432999999999999962e-04 1.178947985871462920e-02 9.999288890124921059e-01 1.795851581898487512e-03 2.355000000000000051e-04 7.555739008307973785e-04 -1.804884314578489649e-03 9.999980857485134544e-01 4.483482999999999774e-01
9.999220955417147394e-01 -1.238871263956228819e-02 -1.524023162623902843e-03 1.421999999999999870e-04 1.238639873878154621e-02 9.999221326589976533e-01 -1.518467966669977479e-03 2.318999999999999989e-04 1.542716354284058219e-03 1.499472512666211958e-03 9.999976858015392489e-01 5.215463999999999656e-01
9.999247431127245012e-01 -1.203898714324040491e-02 -2.360275305283197379e-03 -1.796000000000000016e-04 1.203414656505645032e-02 9.999254765200336070e-01 -2.054439737355143441e-03 1.435999999999999939e-04 2.384832782938349494e-03 2.025881227657753535e-03 9.999951041769399307e-01 5.947291999999999579e-01
9.999256150755480022e-01 -1.170212953391787207e-02 -3.438674186145481478e-03 -4.441000000000000069e-04 1.170103473501771067e-02 9.999314833140017234e-01 -3.383246818889918133e-04 1.472000000000000001e-04 3.442397698838005077e-03 2.980634695385921931e-04 9.999940305103082183e-01 6.674894000000000105e-01
9.999288003548334469e-01 -1.118593794106280577e-02 -4.155600236102336212e-03 -1.024500000000000020e-03 1.119724206042304292e-02 9.999336448145850209e-01 2.706979508539712059e-03 2.059999999999999928e-04 4.125044385687904810e-03 -2.753318034309219786e-03 9.999877015486831056e-01 7.402689000000000075e-01
9.999141099531063670e-01 -1.195717176355036090e-02 -5.366447624273275319e-03 -1.179499999999999993e-03 1.197946333091109983e-02 9.999196684998251650e-01 4.141135774545394617e-03 4.360000000000000269e-04 5.316500257732585319e-03 -4.205067254731762426e-03 9.999770258532906242e-01 8.126554999999999751e-01
9.998975215125019966e-01 -1.302479991662999596e-02 -5.941469539362640058e-03 -1.621299999999999998e-03 1.305564231303600435e-02 9.999013430048546702e-01 5.182128991256373246e-03 4.084000000000000065e-04 5.873387178577857241e-03 -5.259167635635048424e-03 9.999689217564867727e-01 8.848664000000000529e-01
9.998915003117794242e-01 -1.301885080699031506e-02 -6.891816010618463835e-03 -2.133200000000000027e-03 1.305674117330785262e-02 9.998997310252863979e-01 5.481733803574605213e-03 3.279000000000000014e-04 6.819759100740791467e-03 -5.571123695030712544e-03 9.999612259815791049e-01 9.570828999999999587e-01
9.998769282689354831e-01 -1.363411004315402165e-02 -7.761401858505751969e-03 -2.749999999999999840e-03 1.366499659846919824e-02 9.998988651205081846e-01 3.940482036951331243e-03 5.881000000000000377e-04 7.706891944349238133e-03 -4.046056605001648737e-03 9.999621159036512497e-01 1.028978600000000077e+00
9.998641257588184450e-01 -1.381865727833072807e-02 -8.987476374261610737e-03 -3.832200000000000016e-03 1.383758714008687107e-02 9.999021597099218006e-01 2.047483717787575153e-03 8.195999999999999727e-04 8.958303561187012584e-03 -2.171570504989406465e-03 9.999575156369632234e-01 1.101042499999999924e+00
9.998242630130589337e-01 -1.527779652148664180e-02 -1.086425440799043511e-02 -4.332199999999999593e-03 1.528565858227505514e-02 9.998829620372924332e-01 6.409908240154360993e-04 1.103100000000000087e-03 1.085318995040674035e-02 -8.069454618508853285e-04 9.999407767997672281e-01 1.172329399999999966e+00
9.998109062176073758e-01 -1.492474437868936132e-02 -1.246610659177255394e-02 -5.377100000000000109e-03 1.492824443847843088e-02 9.998885499222869289e-01 1.877559354509067933e-04 9.656000000000000520e-04 1.246191503388193421e-02 -3.738175183690136500e-04 9.999222774466779429e-01 1.243559999999999999e+00
9.998112955925931855e-01 -1.338421179161515366e-02 -1.407963352425686300e-02 -6.788599999999999669e-03 1.337852507618782737e-02 9.999103795103493342e-01 -4.980102960330888952e-04 6.974000000000000381e-04 1.408503717588282904e-02 3.095515891274882529e-04 9.999007530278030131e-01 1.314581999999999917e+00
9.998026367768098055e-01 -1.214193901978157832e-02 -1.572452895887409621e-02 -8.196600000000000066e-03 1.213806393587104661e-02 9.999262725519096895e-01 -3.418542563319865038e-04 6.775000000000000423e-04 1.572752040301557061e-02 1.509214490098259164e-04 9.998763035119339060e-01 1.385342999999999991e+00
9.997536860806596204e-01 -1.205612495771028227e-02 -1.863376019857149526e-02 -1.131109999999999928e-02 1.208917918957997696e-02 9.999255415448486950e-01 1.662261340238705863e-03 8.656999999999999548e-04 1.861233232714315858e-02 -1.887118768149217756e-03 9.998249946206080319e-01 1.525790200000000096e+00
9.996846804333237024e-01 -1.304486133187826927e-02 -2.145626481369516947e-02 -1.470450000000000056e-02 1.309266296353583242e-02 9.999121054896108474e-01 2.088892495235949651e-03 1.071099999999999960e-03 2.142712961286703799e-02 -2.369153470221602685e-03 9.997676056106178377e-01 1.664772300000000094e+00
9.996256346701685169e-01 -1.282728244360665550e-02 -2.416715406031249083e-02 -1.843809999999999893e-02 1.287549901780833152e-02 9.999154133275645062e-01 1.840574640787812771e-03 1.576300000000000097e-03 2.414150027039236798e-02 -2.151049761822110967e-03 9.997062373265542812e-01 1.801698800000000045e+00
9.995629608420232293e-01 -1.388844129278166487e-02 -2.609594817562358934e-02 -2.223489999999999842e-02 1.406714075090289423e-02 9.998787611191741753e-01 6.676721791386026200e-03 1.966900000000000159e-03 2.600005507344478953e-02 -7.040899178531038680e-03 9.996371456058120719e-01 1.936706299999999992e+00
9.995494383838952057e-01 -1.368733584031787097e-02 -2.671286326911048725e-02 -2.455689999999999956e-02 1.391410501357961439e-02 9.998685640522949614e-01 8.321796781513842584e-03 2.131300000000000035e-03 2.659544901126734140e-02 -8.689732884046865585e-03 9.996085086844214151e-01 2.003327800000000103e+00
9.995322747665149610e-01 -1.156313444029813745e-02 -2.831122784323629460e-02 -2.873979999999999937e-02 1.169648029677754220e-02 9.999212466978317781e-01 4.548928546488300619e-03 2.882399999999999806e-03 2.825639836821284417e-02 -4.877942616467780164e-03 9.995888062734032964e-01 2.131965199999999783e+00
9.994937427982613087e-01 -1.055102751395012653e-02 -3.001556138943266977e-02 -3.304340000000000055e-02 1.063027176833112111e-02 9.999404173327774981e-01 2.481754718380313213e-03 3.241400000000000184e-03 2.998758791991040090e-02 -2.799571887029880368e-03 9.995463505851016617e-01 2.257872299999999832e+00
9.993929509397792010e-01 -1.004405978151851758e-02 -3.335935363560690869e-02 -3.756589999999999929e-02 1.008927934375975985e-02 9.999483968490637809e-01 1.187468446269427779e-03 3.181100000000000073e-03 3.334570518378311699e-02 -1.523319432221983873e-03 9.994427164393683283e-01 2.380542300000000111e+00
9.992480260313424401e-01 -9.945204569169465922e-03 -3.747633091089744295e-02 -4.250280000000000030e-02 1.003822258299314450e-02 9.999469828226886792e-01 2.294696314540038262e-03 3.494800000000000163e-03 3.745152279734434431e-02 -2.669166513923024089e-03 9.992948808986670262e-01 2.501597400000000082e+00
9.991005119495818265e-01 -8.936423795086124305e-03 -4.145247099797601947e-02 -4.806250000000000105e-02 9.192212470005785979e-03 9.999398447571964388e-01 5.984153813201820854e-03 4.048699999999999695e-03 4.139650047998857246e-02 -6.359811059175130010e-03 9.991225563219467976e-01 2.620096699999999945e+00
9.989761237717844633e-01 -5.388674705052175044e-03 -4.491844074345786170e-02 -5.462489999999999707e-02 5.638059662292614800e-03 9.999693789149330936e-01 5.427109334399678360e-03 4.405499999999999694e-03 4.488782036527095426e-02 -5.674805495013031213e-03 9.989759157084063812e-01 2.734684500000000185e+00
9.988284969612354347e-01 -3.036773107802679533e-03 -4.829504806137988743e-02 -6.071320000000000189e-02 3.328532890706651162e-03 9.999766879204592396e-01 5.961919525127611086e-03 4.909300000000000122e-03 4.827581720649325864e-02 -6.115686774217615751e-03 9.988153201910375811e-01 2.845143999999999895e+00
9.987720723442686799e-01 7.596054603387643973e-04 -4.953554788916347817e-02 -6.676200000000000190e-02 -3.640404869373151673e-04 9.999679811264126084e-01 7.994010038164573242e-03 6.062399999999999907e-03 4.954003411039252514e-02 -7.966161027184238616e-03 9.987403693146833517e-01 2.953656200000000176e+00
9.989085985683427982e-01 5.412766549050017535e-03 -4.639303465515935698e-02 -7.331310000000000604e-02 -5.269505090575501809e-03 9.999809647620327979e-01 3.209739817238136186e-03 5.715900000000000321e-03 4.640952512501858584e-02 -2.961768370323747401e-03 9.989181067063459540e-01 3.055630900000000150e+00
9.991310023161181775e-01 7.329458391133945178e-03 -4.103071106478092117e-02 -7.856499999999999595e-02 -7.248965624999978430e-03 9.999714993602484281e-01 2.110204867830575270e-03 6.345899999999999805e-03 4.104500832204164423e-02 -1.810940890610011336e-03 9.991556574352837838e-01 3.157556099999999866e+00
9.992968290515330532e-01 1.626895200256450735e-02 -3.378118778683227019e-02 -8.365319999999999701e-02 -1.598870015056295252e-02 9.998356182088053989e-01 8.549738505427059015e-03 6.282300000000000210e-03 3.391473006005446544e-02 -8.003609295439532284e-03 9.993926822441714375e-01 3.256551700000000160e+00
9.994076644993662439e-01 2.455285138368867165e-02 -2.411384724287507497e-02 -8.726090000000000235e-02 -2.433220271022737413e-02 9.996597198353220914e-01 9.401513177869896126e-03 7.443599999999999869e-03 2.433647573480228476e-02 -8.809201308617873455e-03 9.996650108516921263e-01 3.350387800000000027e+00
9.993690471019084365e-01 3.352645900432976028e-02 -1.172536742513613332e-02 -8.955219999999999847e-02 -3.337565047028145243e-02 9.993605333889967746e-01 1.282927356266094776e-02 7.732900000000000017e-03 1.214798955831989692e-02 -1.242983713050921021e-02 9.998489513414513530e-01 3.439460799999999985e+00
9.991850011654633823e-01 4.027359217326547530e-02 2.714998975010037702e-03 -9.031699999999999451e-02 -4.030477029096021097e-02 9.991077249853129727e-01 1.262059295219652121e-02 8.053499999999999895e-03 -2.204299835718184601e-03 -1.271973459367729299e-02 9.999166712352087760e-01 3.520581700000000147e+00
9.989494750612815110e-01 4.461534620644806715e-02 1.046026565957721387e-02 -9.063920000000000310e-02 -4.473990264067430334e-02 9.989266873596555074e-01 1.199226385500418331e-02 8.693599999999999245e-03 -9.913999520533343587e-03 -1.244765694995788284e-02 9.998733762081891685e-01 3.560414800000000213e+00
9.983650155959318262e-01 5.080507969862935874e-02 2.619426484845076286e-02 -8.992830000000000268e-02 -5.098427923349777707e-02 9.986800933226644972e-01 6.218880291095941169e-03 9.005700000000000163e-03 -2.584374015454403428e-02 -7.544208232158841794e-03 9.996375273152635632e-01 3.631910099999999808e+00
9.978320546174065386e-01 5.068733823674111821e-02 4.197599933865918398e-02 -8.701150000000000551e-02 -5.103977291513765030e-02 9.986694513686057428e-01 7.366714593300091249e-03 9.264200000000000212e-03 -4.154674907590358290e-02 -9.493189432543796755e-03 9.990914607760501553e-01 3.697224400000000077e+00
9.967440763074253418e-01 5.520677798540123138e-02 5.876612979028157657e-02 -8.394519999999999760e-02 -5.577705510869490624e-02 9.984103327912983161e-01 8.107249778485287051e-03 9.520799999999999402e-03 -5.822513606217862014e-02 -1.135865485168714717e-02 9.982388564319168989e-01 3.754433600000000038e+00
9.950121278864578755e-01 6.387644693215725755e-02 7.662026420070942867e-02 -8.111690000000000567e-02 -6.464853476336494820e-02 9.978788749785155732e-01 7.636610803360505129e-03 9.365599999999999967e-03 -7.596994347643816481e-02 -1.255190817905021960e-02 9.970311014653713277e-01 3.803575299999999881e+00
9.884982021524503226e-01 6.365152305554162837e-02 1.371852322740440000e-01 -6.684850000000000514e-02 -6.366360245670731055e-02 9.979621339541441261e-01 -4.304058076431482166e-03 9.106500000000000011e-03 -1.371796269990842587e-01 -4.479152419913539837e-03 9.905360604894661858e-01 3.908220800000000050e+00
9.832493453965275299e-01 6.569428804221949525e-02 1.700146620027989663e-01 -5.856680000000000219e-02 -6.545140729726409146e-02 9.978309302022521088e-01 -7.039035055732025675e-03 9.112200000000000855e-03 -1.701083127307649323e-01 -4.206572278480159507e-03 9.854163925415276859e-01 3.947976399999999941e+00
9.663588397201573477e-01 6.609305567034103046e-02 2.485604572068301210e-01 -3.718090000000000284e-02 -6.514245601438180266e-02 9.978031326217963182e-01 -1.205690484926953514e-02 8.318199999999999553e-03 -2.488112805302958308e-01 -4.540542069754108581e-03 9.685413414813985877e-01 4.024515199999999737e+00
9.528848050991116647e-01 6.879885552936407245e-02 2.954272595565236581e-01 -2.343069999999999875e-02 -6.726828961531597373e-02 9.976167775614548372e-01 -1.535390309102960260e-02 7.530399999999999594e-03 -2.957795216431622909e-01 -5.242385501700964207e-03 9.552418499892023629e-01 4.061553499999999595e+00
8.786652814141101553e-01 6.903700609285068346e-02 4.724205912396266527e-01 3.573169999999999819e-02 -6.329478126926349479e-02 9.976003070503588477e-01 -2.806061362668106282e-02 3.923300000000000225e-03 -4.732241476314779094e-01 -5.245871020667969981e-03 8.809264367333380363e-01 4.170414899999999925e+00
8.375237984675036884e-01 7.266712861854293659e-02 5.415472051621171845e-01 6.263390000000000624e-02 -6.214629111322459570e-02 9.973541101573606404e-01 -3.771760136977820449e-02 2.518799999999999858e-03 -5.428551607025896564e-01 -2.065761495258340574e-03 8.398237952856599797e-01 4.205395700000000403e+00
7.858208464607298049e-01 7.963752461453624254e-02 6.133053578283914620e-01 9.528159999999999408e-02 -6.626683026090993134e-02 9.968078732955439891e-01 -4.452831619527626572e-02 7.324000000000000215e-04 -6.148937342947266016e-01 -5.650522921277604388e-03 7.885897330778548486e-01 4.241582400000000419e+00
7.230122446180439200e-01 8.509370255521520043e-02 6.855744714601195167e-01 1.340696000000000110e-01 -6.952041488793234136e-02 9.963093145331338718e-01 -5.034542370788813725e-02 -1.419700000000000085e-03 -6.873283102318625826e-01 -1.126106389119578555e-02 7.262595833404545953e-01 4.278650800000000309e+00
6.475174915839212453e-01 8.152183606585279574e-02 7.576775622501426000e-01 1.813989000000000018e-01 -6.327530446642397333e-02 9.965797667418819783e-01 -5.315077012967492354e-02 -4.268300000000000045e-03 -7.594190766220900723e-01 -1.352622508863496678e-02 6.504611497217214211e-01 4.314564700000000030e+00
5.591910542670980311e-01 8.093161973659246389e-02 8.250790493973670925e-01 2.371109000000000133e-01 -5.767097135115020756e-02 9.966101430544109796e-01 -5.867096236198261067e-02 -7.318299999999999805e-03 -8.270304854665674332e-01 -1.477483292216753147e-02 5.619628817111106400e-01 4.349469700000000216e+00
4.627970255633074292e-01 7.791007208013758789e-02 8.830339369459268006e-01 3.007851999999999748e-01 -5.268525731252134831e-02 9.967868611949011193e-01 -6.033421095141777712e-02 -1.114889999999999978e-02 -8.848972690610299452e-01 -1.860037681565964232e-02 4.654147066763647533e-01 4.379453200000000379e+00
3.631609473736768789e-01 7.579111360387306984e-02 9.286386990651092077e-01 3.722325000000000217e-01 -5.551400801775497468e-02 9.966754524499605861e-01 -5.963419654418908311e-02 -1.462409999999999925e-02 -9.300711377182169226e-01 -2.989564487264226647e-02 3.661610700240957028e-01 4.405856599999999901e+00
2.667849615261205232e-01 7.283817485973911876e-02 9.609996798056741341e-01 4.487226000000000270e-01 -4.225405118590291886e-02 9.970651224471578367e-01 -6.384149714576957402e-02 -1.881539999999999949e-02 -9.628293615495351343e-01 -2.357417830034120795e-02 2.690796882999128004e-01 4.424112799999999623e+00
1.809261136939817327e-01 6.588322627521224495e-02 9.812874919610263813e-01 5.325760000000000494e-01 -1.986568763641859484e-02 9.977949795586384951e-01 -6.332877088897501117e-02 -2.365899999999999948e-02 -9.832960367246095235e-01 -8.036122394863572105e-03 1.818359835085732179e-01 4.434889300000000034e+00
1.098488168566803258e-01 6.832208033456185770e-02 9.915973632346675171e-01 6.209251000000000076e-01 -7.612435717790091982e-03 9.976633125566298776e-01 -6.789672746881761367e-02 -2.822469999999999840e-02 -9.939191557956965628e-01 -9.009600466396844309e-05 1.101122319503148317e-01 4.442318900000000070e+00
5.604505575212783558e-02 6.505790998954504023e-02 9.963063886543800374e-01 7.142608000000000290e-01 6.756604126488333084e-03 9.978272449607684669e-01 -6.553729865260199405e-02 -3.404770000000000019e-02 -9.984053786045116174e-01 1.040468941365778333e-02 5.548371303172228153e-02 4.445089300000000243e+00
2.027973869862590567e-02 6.587045334613701730e-02 9.976220805366576849e-01 8.123021999999999743e-01 1.386257864387044000e-02 9.977128421757504029e-01 -6.615824567601996664e-02 -3.920919999999999961e-02 -9.996982350247786142e-01 1.517128648337024571e-02 1.932022139576938802e-02 4.445855599999999797e+00
-5.058610802157880761e-03 6.629694284155587813e-02 9.977871144821504057e-01 9.137747000000000508e-01 1.517384202171712104e-02 9.976900911637800462e-01 -6.621356743076320384e-02 -4.546630000000000116e-02 -9.998720743050344417e-01 1.480531537900246775e-02 -6.052905209567582823e-03 4.445338699999999754e+00
-1.409713113707374010e-02 6.924776227786988425e-02 9.974998838662647582e-01 9.656479999999999508e-01 2.017990623447245280e-02 9.974155317068834625e-01 -6.895671464217853486e-02 -4.835640000000000077e-02 -9.996969752270294940e-01 1.915736227622581722e-02 -1.545811089834048246e-02 4.443758500000000389e+00
-2.516335457073189119e-02 7.060380054690712504e-02 9.971869979773504422e-01 1.074187999999999921e+00 2.501105565285794557e-02 9.972350761571858735e-01 -6.997606717229323814e-02 -5.433749999999999691e-02 -9.993704281605881867e-01 2.317986691299608187e-02 -2.685965539649604050e-02 4.440379100000000356e+00
-2.863044798393396886e-02 6.792662549900942148e-02 9.972794347606677157e-01 1.129842999999999931e+00 2.245570851857416408e-02 9.974803447318686400e-01 -6.729563900076518390e-02 -5.738669999999999882e-02 -9.993378000471955236e-01 2.046791200659696039e-02 -3.008364962769838336e-02 4.438831799999999994e+00
-3.138227971365881858e-02 6.122328284494596429e-02 9.976306241077714798e-01 1.187195900000000082e+00 2.055005033004370096e-02 9.979507806838898709e-01 -6.059649134931393427e-02 -6.026909999999999906e-02 -9.992961762917971225e-01 1.859970349501714054e-02 -3.257611208372013234e-02 4.437612500000000182e+00
-3.277971796379759717e-02 5.291789453779444791e-02 9.980607128466187916e-01 1.304402800000000084e+00 2.432743171748127237e-02 9.983437444038749664e-01 -5.213390524103804491e-02 -6.661169999999999591e-02 -9.991664857050828186e-01 2.257131913152423189e-02 -3.401278283848174766e-02 4.432936200000000326e+00
-3.178463104104567449e-02 6.254010227780532061e-02 9.975362012662328803e-01 1.422523399999999993e+00 2.853769847697435955e-02 9.976903591017798334e-01 -6.164046658647898136e-02 -7.267940000000000511e-02 -9.990872519431032162e-01 2.650816784395302120e-02 -3.349597053878161645e-02 4.428794400000000131e+00
-2.745367970781169287e-02 7.144431425769497135e-02 9.970667005926677762e-01 1.544415499999999941e+00 3.008094326851140643e-02 9.970499882947393422e-01 -7.061485462377464772e-02 -7.845639999999999559e-02 -9.991703720199961447e-01 2.805406925399508977e-02 -2.952180339536458753e-02 4.425537099999999668e+00
-2.251174356739342811e-02 6.053779912092215054e-02 9.979120183057974547e-01 1.669909099999999924e+00 2.902065817869483796e-02 9.977839160987824751e-01 -5.987535530961971691e-02 -8.605949999999999711e-02 -9.993252837792261367e-01 2.761216493092728125e-02 -2.421870243006418733e-02 4.422332299999999883e+00
-1.636521981282327079e-02 6.435959607216287792e-02 9.977925746235568605e-01 1.794879700000000078e+00 3.465155692161934337e-02 9.973632621999185544e-01 -6.376356966830100392e-02 -9.358220000000000427e-02 -9.992654548133773629e-01 3.353156136186528913e-02 -1.855222922588317669e-02 4.419864200000000132e+00
-1.066819240570845637e-02 7.052818661825950575e-02 9.974527380097439888e-01 1.919261799999999907e+00 3.078293143353924219e-02 9.970598867512949770e-01 -7.017117188598820388e-02 -1.006818000000000018e-01 -9.994691595057614286e-01 2.995591967933616817e-02 -1.280789104467838779e-02 4.419325399999999959e+00
-2.836318720098222803e-03 6.306769785119639704e-02 9.980052208199455821e-01 2.045697500000000169e+00 2.988765814901083590e-02 9.975687314396485261e-01 -6.295517408647351154e-02 -1.092603000000000046e-01 -9.995492400009545753e-01 2.964947793200610818e-02 -4.714368661188572673e-03 4.419448899999999902e+00
3.699579112948543462e-03 6.885992269168945967e-02 9.976194786396671565e-01 2.171746000000000176e+00 3.445492920861180364e-02 9.970251821775844014e-01 -6.894667473478442721e-02 -1.167432999999999943e-01 -9.993994051267073297e-01 3.462798219141800804e-02 1.316009777415305670e-03 4.419374000000000358e+00
1.100719738044289402e-02 6.925248062687430761e-02 9.975384381229890352e-01 2.298116900000000129e+00 2.990625714951045122e-02 9.971298018959668941e-01 -6.955410810453402370e-02 -1.244278999999999941e-01 -9.994920997132170637e-01 3.059823684355439041e-02 8.904522049522078930e-03 4.421359100000000097e+00
1.819853192507539866e-02 6.652102337535426013e-02 9.976190489785502491e-01 2.425056000000000100e+00 3.826002757422981154e-02 9.970071539614518974e-01 -6.717816043704072371e-02 -1.330387000000000097e-01 -9.991020887405804851e-01 3.939147621987756920e-02 1.559897033228896390e-02 4.422753300000000110e+00
2.439206655895550385e-02 6.727459267565927270e-02 9.974362918348760321e-01 2.552275199999999966e+00 4.173800394365326932e-02 9.967946640299498728e-01 -6.825200940792228166e-02 -1.411316999999999988e-01 -9.988307995430374397e-01 4.329580743840745483e-02 2.150597457622593911e-02 4.425674899999999745e+00
3.182350185716466273e-02 6.475334484246435263e-02 9.973937382304243204e-01 2.679890200000000000e+00 4.479737673116300500e-02 9.968039500591064916e-01 -6.614438891220203454e-02 -1.493640999999999996e-01 -9.984890884569312952e-01 4.678556912419978842e-02 2.882101237242429281e-02 4.428965100000000099e+00
3.754989784627359856e-02 6.709324723268959845e-02 9.970398694874280654e-01 2.807733499999999882e+00 4.036709859260390054e-02 9.968272889416855964e-01 -6.859922282638605817e-02 -1.567529000000000006e-01 -9.984790946849859683e-01 4.282350052182049005e-02 3.472240314419816620e-02 4.434670399999999901e+00
4.285790585027297872e-02 6.673871328092133293e-02 9.968496095478674990e-01 2.936119600000000052e+00 3.983348287934559279e-02 9.968588815869608988e-01 -6.845190897918178308e-02 -1.650339999999999863e-01 -9.982867792111792538e-01 4.264169732550853603e-02 4.006484870019721978e-02 4.440621900000000011e+00
4.791176765262215864e-02 6.712720510680218744e-02 9.965933979587413560e-01 3.065758900000000065e+00 3.504893686261269237e-02 9.970118220783371621e-01 -6.884038539138735702e-02 -1.732950000000000046e-01 -9.982364622398851584e-01 3.822780363274168314e-02 4.541586159278276913e-02 4.447732900000000100e+00
5.458649909450391524e-02 7.283476150579160091e-02 9.958490907928774227e-01 3.195787000000000155e+00 3.240355308977368315e-02 9.966815587890591743e-01 -7.467181608190234798e-02 -1.815424999999999955e-01 -9.979831280456421538e-01 3.634512190384959346e-02 5.204525194511377961e-02 4.455311799999999600e+00
6.079256054690276162e-02 7.706765503006937634e-02 9.951707597846297659e-01 3.327043100000000031e+00 2.635970465007307986e-02 9.965431341863334458e-01 -7.878418417956961628e-02 -1.905527999999999944e-01 -9.978023003345461994e-01 3.102189959118647339e-02 5.855092819795659764e-02 4.464253399999999594e+00
6.670844686768069576e-02 7.693848978714543096e-02 9.948017148687343658e-01 3.460156700000000196e+00 2.490487474692435962e-02 9.965835441514687698e-01 -7.874634429824348136e-02 -1.999721999999999889e-01 -9.974616435384077162e-01 3.002845843147484636e-02 6.456439695286675384e-02 4.474410999999999916e+00
7.430422573182393631e-02 7.894224484112072338e-02 9.941061331758486164e-01 3.594248799999999910e+00 2.012272784187237040e-02 9.965401800560953482e-01 -8.063960167291811532e-02 -2.097478000000000120e-01 -9.970325761290829147e-01 2.599599032946259269e-02 7.245861318155621955e-02 4.485322000000000031e+00
8.358929000987719293e-02 7.701563137299624606e-02 9.935197145099151639e-01 3.729801399999999933e+00 1.952487413345761064e-02 9.966909802581960243e-01 -7.890417708859776003e-02 -2.196517000000000053e-01 -9.963089931771754726e-01 2.599389151656433458e-02 8.180897089016458956e-02 4.496329799999999821e+00
9.426202674091928302e-02 8.922245820555384233e-02 9.915412362914880484e-01 3.864921299999999782e+00 1.400226163334809815e-02 9.957585600374193602e-01 -9.093308958435614153e-02 -2.299743999999999955e-01 -9.954489474522766335e-01 2.245535713284182305e-02 9.261290381038189690e-02 4.510897199999999607e+00
1.087663275741790059e-01 9.661285470765171302e-02 9.893613305012806114e-01 4.001177300000000159e+00 7.836998590903650197e-03 9.951516307915492243e-01 -9.803985508968468543e-02 -2.419400999999999913e-01 -9.940364517657852561e-01 1.841705834704277650e-02 1.074818334544450638e-01 4.526741000000000348e+00
1.237365010523868575e-01 9.315036568927440030e-02 9.879333417185935939e-01 4.139003800000000233e+00 4.498969206991963732e-03 9.955214028880239319e-01 -9.442931572311236144e-02 -2.540181000000000244e-01 -9.923049115989437396e-01 1.612903480730169814e-02 1.227632544892715005e-01 4.544147999999999854e+00
1.380039725460568689e-01 8.408884305461877817e-02 9.868555973572035178e-01 4.277454900000000393e+00 1.178386619708961247e-03 9.963747289433648735e-01 -8.506474550606056562e-02 -2.664597000000000215e-01 -9.904309743573662672e-01 1.290217023496632864e-02 1.374045815711626428e-01 4.564772600000000402e+00
1.529451680313146100e-01 7.436390160924588599e-02 9.854327910686366820e-01 4.415962699999999685e+00 -1.446693094521743495e-03 9.971805368879440579e-01 -7.502588840501571432e-02 -2.770745000000000013e-01 -9.882336174483052904e-01 1.004922829484949931e-02 1.526215265148228584e-01 4.586691899999999933e+00
1.657306778457910412e-01 8.268025236304045456e-02 9.826989967889243616e-01 4.549925299999999950e+00 -9.643680469479248840e-04 9.964923684754461997e-01 -8.367813074194344058e-02 -2.874919000000000224e-01 -9.861705797756514791e-01 1.292034981645998754e-02 1.652290898890860227e-01 4.609918600000000311e+00
1.756916452708384702e-01 8.947607437967874944e-02 9.803705819207491068e-01 4.682067899999999838e+00 -4.517980512935330928e-03 9.959237504185297629e-01 -9.008591013235561773e-02 -2.984632999999999869e-01 -9.844348803420726046e-01 1.139804658230145207e-02 1.753797334357567461e-01 4.634408999999999779e+00
1.862566758842713888e-01 8.557186245090607490e-02 9.787675449488628665e-01 4.812775600000000153e+00 -2.526240409350205551e-03 9.962383460126382762e-01 -8.661856638964357535e-02 -3.100983999999999963e-01 -9.824978721594950226e-01 1.366068412218576777e-02 1.857722178135854385e-01 4.659487200000000051e+00
1.939806158333830799e-01 7.284373083913615876e-02 9.782971489063724269e-01 4.941006200000000348e+00 -3.728161384177947069e-03 9.972868874290866659e-01 -7.351846689572488769e-02 -3.202817000000000025e-01 -9.809982780278440062e-01 1.061390783075478322e-02 1.937258977704459095e-01 4.685623600000000444e+00
2.002913686143392991e-01 6.984361036013342350e-02 9.772436941471950300e-01 5.065166999999999753e+00 -9.277955512283327794e-03 9.975462504476887426e-01 -6.939306708360089282e-02 -3.293630000000000169e-01 -9.796924452092640179e-01 4.832008859563988179e-03 2.004479096680086281e-01 4.712407100000000071e+00
2.040970166500388761e-01 7.622571210668283026e-02 9.759785082717669091e-01 5.185970799999999770e+00 -1.510981746444372761e-02 9.970904615898662504e-01 -7.471482331303960778e-02 -3.382558999999999982e-01 -9.788340519264464579e-01 5.022154285196991919e-04 2.046549451367311034e-01 4.738752400000000087e+00
2.080531384663656946e-01 8.579072819363561808e-02 9.743479063098052784e-01 5.302958000000000283e+00 -1.659778736315208059e-02 9.963122753308202295e-01 -8.418054098051122591e-02 -3.473313000000000095e-01 -9.779766894097952079e-01 1.342006382129300179e-03 2.087098320394309425e-01 4.765055699999999561e+00
2.110973158932747118e-01 8.740980587237889843e-02 9.735488940263903324e-01 5.418209100000000333e+00 -1.814938348538309293e-02 9.961723650561092880e-01 -8.550566634801645693e-02 -3.568755000000000122e-01 -9.772965379564972910e-01 3.807044402766232571e-04 2.118757465175608035e-01 4.790934100000000306e+00
2.123313953647289754e-01 8.196431504313664296e-02 9.737541936248471641e-01 5.530708800000000203e+00 -1.793922969853738864e-02 9.966351460961860864e-01 -7.997855714913165714e-02 -3.663404000000000105e-01 -9.770330406799404566e-01 -4.864415106173511361e-04 2.130873079147758142e-01 4.816394800000000309e+00
2.105703995701358189e-01 8.000935548441200085e-02 9.742990351323570497e-01 5.639160600000000301e+00 -1.697732240065198683e-02 9.967941096841986814e-01 -7.818742496712627332e-02 -3.750332000000000110e-01 -9.774312647695373446e-01 -7.703151739840014001e-05 2.112536785884867596e-01 4.840865599999999880e+00
2.068893753682703451e-01 8.380791940946996643e-02 9.747681873163396293e-01 5.743688599999999589e+00 -1.957433206959424687e-02 9.964794665651112160e-01 -8.152004807494089844e-02 -3.839725999999999972e-01 -9.781685089409473122e-01 -2.214804363190582548e-03 2.078014984495458739e-01 4.863542999999999950e+00
2.025393333619684710e-01 8.817431690893001717e-02 9.752964207249676942e-01 5.845357899999999773e+00 -1.539815101155280613e-02 9.961017331433724697e-01 -8.685755104880055200e-02 -3.924374999999999947e-01 -9.791530602447786613e-01 2.574308919527236450e-03 2.031075024386642669e-01 4.885124700000000431e+00
1.979497093207122638e-01 8.438794541739561006e-02 9.765728786158643926e-01 5.944853799999999744e+00 -1.651609067341866521e-02 9.964329435296407356e-01 -8.275631575730668654e-02 -4.003577999999999859e-01 -9.800730234674926988e-01 2.524224361908286585e-04 1.986373704875312729e-01 4.905823700000000009e+00
1.940144489906309722e-01 7.900062688480637141e-02 9.778125047956119920e-01 6.040632699999999744e+00 -1.277043950892778335e-02 9.968710512064274942e-01 -7.800655832262490263e-02 -4.093842999999999788e-01 -9.809155465470053015e-01 2.647303987054039354e-03 1.944162604413258721e-01 4.924555299999999747e+00
1.923579736765660131e-01 8.062847290715352555e-02 9.780068810185876815e-01 6.087247399999999864e+00 -9.063677822571773735e-03 9.967223793894880446e-01 -8.038873160142678831e-02 -4.128657000000000021e-01 -9.812829661761045541e-01 6.599074239469010505e-03 1.924582877192038133e-01 4.933439299999999861e+00
1.883980818898953746e-01 8.455252018833160632e-02 9.784462346342850392e-01 6.179913499999999615e+00 -5.687711201789680260e-03 9.963642270828070302e-01 -8.500574645849344468e-02 -4.199161000000000143e-01 -9.820762764070281037e-01 1.044979997332058652e-02 1.881940195623237333e-01 4.950571499999999681e+00
1.870310131729190917e-01 8.725944252108974730e-02 9.784708425918575703e-01 6.226235899999999823e+00 -5.911428360574781660e-03 9.961290183316939828e-01 -8.770424078842212201e-02 -4.235715999999999926e-01 -9.823362230551455632e-01 1.061925272532721759e-02 1.868228474927691174e-01 4.959851300000000407e+00
1.863894829779760287e-01 8.388067502218352067e-02 9.788886519890942495e-01 6.318520499999999984e+00 2.104203585262108545e-03 9.963123657617264373e-01 -8.577436771870464161e-02 -4.311953000000000036e-01 -9.824736805444078680e-01 1.804722106294002343e-02 1.855256447217764615e-01 4.976694600000000079e+00
1.908572740617387187e-01 8.139170471530855766e-02 9.782376456369168416e-01 6.412213300000000338e+00 9.682169829002509887e-03 9.963519812434824541e-01 -8.478788274033918770e-02 -4.386796000000000029e-01 -9.815700466727397266e-01 2.565384719146767897e-02 1.893729748384180844e-01 4.993645199999999562e+00
1.994502108309850752e-01 8.181849667012744409e-02 9.764862246863066364e-01 6.506170299999999962e+00 5.746331190372148956e-03 9.963933118087894281e-01 -8.466019052992421190e-02 -4.464443000000000161e-01 -9.798911128678156057e-01 2.249670610006842403e-02 1.982606999314815432e-01 5.013996599999999582e+00
2.138086159240174255e-01 8.112836209897508755e-02 9.735009320076657424e-01 6.601466699999999577e+00 5.121851319556787463e-03 9.964386830633717995e-01 -8.416482361410720925e-02 -4.533920000000000172e-01 -9.768621409368452024e-01 2.298129147961456079e-02 2.126316482704601052e-01 5.035154799999999931e+00
2.308407576503278269e-01 7.851199490024704519e-02 9.698187517594235585e-01 6.698635099999999731e+00 2.321036144777459398e-03 9.966918673034927956e-01 -8.123998056555230274e-02 -4.612721000000000182e-01 -9.729887755769012214e-01 2.100448304196659080e-02 2.298948766142961952e-01 5.059845900000000007e+00
2.499775704143502586e-01 8.201152548689330524e-02 9.647721616926201449e-01 6.797972200000000242e+00 -4.185111490166183723e-03 9.964886548015631229e-01 -8.362323656488089563e-02 -4.688346999999999931e-01 -9.682425827919123318e-01 1.686625444738112933e-02 2.494430402504002053e-01 5.087410400000000443e+00
2.699786050992066810e-01 8.694132456013714538e-02 9.589331357672521428e-01 6.899092200000000119e+00 -1.165433239736454740e-02 9.961372342274942282e-01 -8.703325296672587141e-02 -4.765092000000000216e-01 -9.627957879659934104e-01 1.232139072212437569e-02 2.699489840796116535e-01 5.117844100000000118e+00
2.902149018198594832e-01 8.937258694548214089e-02 9.527790150209867193e-01 7.002482399999999885e+00 -1.623188724877504957e-02 9.959459090931076508e-01 -8.847752255260352139e-02 -4.852824000000000026e-01 -9.568238273569655838e-01 1.021209397604862928e-02 2.904890299797773245e-01 5.150117899999999693e+00
3.103781370438468690e-01 9.072675181211620199e-02 9.462737809697643332e-01 7.109506599999999565e+00 -2.150279581238377646e-02 9.958505261151682220e-01 -8.842714180834726490e-02 -4.937300000000000022e-01 -9.503699499760300817e-01 7.098319643781679511e-03 3.110411098886974868e-01 5.187317799999999757e+00
3.208786222270076927e-01 8.589739409461646935e-02 9.432171263741195855e-01 7.164215099999999836e+00 -2.103081156599197199e-02 9.962795318008365042e-01 -8.357511280029286671e-02 -4.977688000000000113e-01 -9.468868014512470399e-01 6.980845397234203276e-03 3.214912954264342870e-01 5.206491500000000272e+00
3.424853531373955873e-01 7.436340699713309133e-02 9.365756064440992068e-01 7.277296500000000279e+00 -1.556861779612689345e-02 9.971750276457866935e-01 -7.348185068125742681e-02 -5.062714999999999854e-01 -9.393941670173769909e-01 1.058526992585587245e-02 3.426755769446155897e-01 5.247803199999999890e+00
3.526892591729464677e-01 7.109891521890170096e-02 9.330354927433005541e-01 7.334847500000000409e+00 -1.627360779242638042e-02 9.974244767538186229e-01 -6.985401106442870600e-02 -5.102223999999999648e-01 -9.355989825525979908e-01 9.452905747254401747e-03 3.529379356480074614e-01 5.270318500000000128e+00
3.706540966280146288e-01 6.327413386790789462e-02 9.266131472389846913e-01 7.452891799999999733e+00 -3.325999512845546902e-03 9.977607053284301974e-01 -6.680204061070334209e-02 -5.171073999999999948e-01 -9.287650286160169522e-01 2.167853513915504390e-02 3.700345426228603962e-01 5.316752000000000145e+00
3.778331119283845352e-01 5.395549672844404676e-02 9.243002455389155436e-01 7.513795899999999861e+00 6.250855206769444922e-03 9.981291512875851701e-01 -6.082042550910748274e-02 -5.205229999999999579e-01 -9.258526158842435017e-01 2.875763764135978034e-02 3.767889753397667407e-01 5.340342500000000214e+00
3.922541929687030637e-01 4.932665665601526639e-02 9.185333576096247343e-01 7.635813699999999926e+00 1.334668993289053404e-02 9.981508677532020535e-01 -5.930186397884240623e-02 -5.285940000000000083e-01 -9.197600306418552973e-01 3.552078471359314260e-02 3.908705154997289544e-01 5.391309299999999638e+00
4.070681635327615400e-01 6.011942252969991463e-02 9.114171192559201717e-01 7.756524599999999658e+00 1.937173720840002986e-02 9.970388680940928117e-01 -7.441929391749746436e-02 -5.355031999999999570e-01 -9.131923379198894075e-01 4.794945822786318007e-02 4.046981633514795673e-01 5.444131900000000357e+00
4.165132970367266818e-01 6.378837936835091149e-02 9.068890318275740769e-01 7.875498799999999910e+00 1.025519641567133183e-02 9.971423290131645745e-01 -7.484655393989669836e-02 -5.447764000000000495e-01 -9.090717817301731118e-01 4.047491010195335831e-02 4.146688767126939235e-01 5.500251800000000024e+00
4.247295996824021480e-01 7.031086213194653878e-02 9.025858129950242725e-01 7.993063000000000251e+00 2.990318391829040190e-03 9.968651903197901509e-01 -7.906231924630226227e-02 -5.548199000000000325e-01 -9.053153180795859845e-01 3.627912616024722703e-02 4.231879013576675952e-01 5.556844199999999567e+00
4.322918438947905284e-01 7.735690740775175156e-02 8.984095227558257513e-01 8.106423400000000612e+00 -3.110643640786441011e-03 9.964355133923853414e-01 -8.430060229080987844e-02 -5.644173000000000107e-01 -9.017283879296371651e-01 3.364783093695320609e-02 4.309915751787453120e-01 5.612354800000000310e+00
4.400311109882577565e-01 7.253813521372662332e-02 8.950479541913687331e-01 8.218064299999999989e+00 -3.121867590336467602e-03 9.968495873501562743e-01 -7.925373267279993417e-02 -5.744624999999999870e-01 -8.979771017710795888e-01 3.207988683799152529e-02 4.388712858632627389e-01 5.667916299999999907e+00
4.471612219772332919e-01 6.876683009135733937e-02 8.918060128968710032e-01 8.326086999999999350e+00 -4.339942290363288380e-03 9.971953144198084651e-01 -7.471726574290392386e-02 -5.841876000000000291e-01 -8.944428469504039914e-01 2.954027722222319144e-02 4.462055194200206243e-01 5.722801699999999769e+00
4.532567618193274472e-01 7.110742960658252010e-02 8.885392739321107403e-01 8.430573499999999498e+00 -5.502875784794594716e-03 9.970173320632941261e-01 -7.698154274557100774e-02 -5.929147999999999641e-01 -8.913630159610363979e-01 3.000288353035367173e-02 4.522961427612548491e-01 5.777010399999999990e+00
4.569814695685852635e-01 6.822692325782600542e-02 8.868556948081840474e-01 8.532248499999999680e+00 -1.601383960599861433e-03 9.971153534273060615e-01 -7.588417179458059603e-02 -6.013728000000000407e-01 -8.894747731331940077e-01 3.325746385864995769e-02 4.557724970391957564e-01 5.829591299999999698e+00
