1.000000000000000000e+00 0.000000000000000000e+00 0.000000000000000000e+00 0.000000000000000000e+00 0.000000000000000000e+00 1.000000000000000000e+00 0.000000000000000000e+00 0.000000000000000000e+00 0.000000000000000000e+00 0.000000000000000000e+00 1.000000000000000000e+00 0.000000000000000000e+00
9.999985931748901491e-01 7.966014486401252386e-04 1.476168815726472622e-03 -3.659000000000000035e-04 -7.897937806893485678e-04 9.999890777989589585e-01 -4.606572323491901419e-03 -1.959999999999999937e-04 -1.479822294900055976e-03 4.605399973900378349e-03 9.999883001400846627e-01 7.562950000000000228e-02
9.999964263742839865e-01 -1.555893596608988808e-03 2.174036287050841714e-03 -1.442000000000000085e-04 1.567692101340209532e-03 9.999839966431592897e-01 -5.435880705963924177e-03 -7.059999999999999490e-05 -2.165543843190015447e-03 5.439269499676080942e-03 9.999828622367351594e-01 1.508500000000000119e-01
9.999924445102179593e-01 -3.231591114934274575e-03 2.160495624744500180e-03 5.670000000000000262e-05 3.234395308215033508e-03 9.999939298951784350e-01 -1.295708218430540815e-03 -2.390000000000000089e-04 -2.156295311143363591e-03 1.302686325632428739e-03 9.999968266943991546e-01 2.264871999999999996e-01
9.999823639269683762e-01 -5.741012472092218814e-03 1.520727072013849674e-03 1.180999999999999975e-04 5.733705044715265743e-03 9.999722008906321014e-01 4.766767500673833868e-03 -3.814000000000000007e-04 -1.548050868828588535e-03 -4.757964033129625722e-03 9.999874825800405542e-01 3.017479000000000133e-01
9.999578374091582234e-01 -9.180043010600711859e-03 2.240855258795249104e-04 2.756999999999999794e-04 9.178915188647497961e-03 9.999472893102876458e-01 4.600664839733811969e-03 2.159999999999999987e-05 -2.663080152830160489e-04 -4.598414001747523454e-03 9.999893917780875441e-01 3.763714000000000226e-01
9.999290367762795340e-01 -1.189175911685511934e-02 -7.123740369406896498e-04 2.543000000000000013e-04 1.189300860148216100e-02 9.999276981259190844e-01 1.776194529274412745e-03 1.897000000000000032e-04 6.912004534759649994e-04 -1.784540755333468990e-03 9.999981688264362178e-01 4.499003999999999781e-01
9.999218751464559185e-01 -1.241839503572024841e-02 -1.423751499480663436e-03 -1.150000000000000001e-05 1.241631346386042056e-02 9.999218462904556626e-01 -1.461667217121795630e-03 1.417000000000000020e-04 1.441791788932490076e-03 1.443875279672334616e-03 9.999979182281402146e-01 5.232594000000000412e-01
9.999235563574667696e-01 -1.215731156274356926e-02 -2.254155496472892619e-03 -2.635000000000000081e-04 1.215261203249831841e-02 9.999239764695101451e-01 -2.086936077126646822e-03 8.500000000000000611e-05 2.279355659714936162e-03 2.059382666921618418e-03 9.999952817292727669e-01 5.968548999999999660e-01
9.999228626452121294e-01 -1.195865511712058266e-02 -3.355492094138300737e-03 -6.285999999999999921e-04 1.195728303833538606e-02 9.999284172501722301e-01 -4.286699271951702086e-04 1.354000000000000114e-04 3.360378214605585275e-03 3.885142920284009329e-04 9.999942784410816854e-01 6.698855999999999700e-01
9.999254838727303918e-01 -1.151960760157184037e-02 -4.040463165509632255e-03 -1.314599999999999970e-03 1.153074125532704657e-02 9.999297560909513605e-01 2.743153293801467007e-03 -5.780000000000000225e-05 4.008579298046968144e-03 -2.789538419954677630e-03 9.999880748126024343e-01 7.428725999999999940e-01
9.999145812223879659e-01 -1.204878418634001969e-02 -5.065279704768958259e-03 -1.726600000000000010e-03 1.206984718054018857e-02 9.999185510096064711e-01 4.148510080441783661e-03 2.982999999999999866e-04 5.014882640196844342e-03 -4.209292871745053642e-03 9.999785661731079855e-01 8.154717999999999689e-01
9.998969410902920352e-01 -1.317156623651462820e-02 -5.711133088449354793e-03 -2.099900000000000030e-03 1.320007079964832970e-02 9.999004618678051237e-01 4.982417830156200128e-03 4.611999999999999889e-04 5.644938366461119648e-03 -5.057291708720660500e-03 9.999712788232528737e-01 8.880112000000000005e-01
9.998892743451928133e-01 -1.327858045107259584e-02 -6.717019476540016069e-03 -2.507899999999999973e-03 1.331458651480345833e-02 9.998970742374845289e-01 5.344409907392999766e-03 2.827999999999999893e-04 6.645361945269733818e-03 -5.433252481048456671e-03 9.999631587874092675e-01 9.601794000000000162e-01
9.998788974733558987e-01 -1.364222304284028534e-02 -7.488667299032003219e-03 -3.221799999999999924e-03 1.367010182606859942e-02 9.998997720357085672e-01 3.684317983422222016e-03 8.132000000000000339e-04 7.437654437462772744e-03 -3.786242647724786994e-03 9.999651722250537667e-01 1.032038500000000081e+00
9.998628578310708725e-01 -1.395165987714054937e-02 -8.922819989006063046e-03 -3.974799999999999688e-03 1.397096707736953519e-02 9.999001852536802959e-01 2.105138612734393493e-03 6.731999999999999920e-04 8.892559182073298679e-03 -2.229510333762845572e-03 9.999579749543802132e-01 1.104082900000000089e+00
9.998274977161135668e-01 -1.528913708513490906e-02 -1.054595173167926885e-02 -4.815100000000000109e-03 1.529714161679748309e-02 9.998827614962693122e-01 6.787642816940948030e-04 9.715000000000000328e-04 1.053433761992651589e-02 -8.399701104286904935e-04 9.999441595314825237e-01 1.175832400000000000e+00
9.998157071198806589e-01 -1.496133230571533058e-02 -1.202956075719352827e-02 -5.988399999999999626e-03 1.496408921510093519e-02 9.998880220596106927e-01 1.391965589319380729e-04 8.989000000000000028e-04 1.202613114578215611e-02 -3.191823263863109304e-04 9.999276325276279520e-01 1.247220999999999913e+00
9.998143681301998598e-01 -1.353904476098717787e-02 -1.370852097672545927e-02 -7.219800000000000176e-03 1.353409761595768430e-02 9.999083070244030313e-01 -4.535915716716104823e-04 4.952000000000000022e-04 1.371340519823813914e-02 2.679749095506295080e-04 9.999059309291633557e-01 1.318077900000000025e+00
9.997773997455811079e-01 -1.257253388296917726e-02 -1.694350464709604848e-02 -1.010969999999999924e-02 1.257966638114339092e-02 9.999208234262260131e-01 3.144397516773613757e-04 8.061000000000000240e-04 1.693820981401825132e-02 -5.275133930964595336e-04 9.998563990783458921e-01 1.458911899999999928e+00
9.997336240345208180e-01 -1.214184736909875578e-02 -1.962795244718613247e-02 -1.370509999999999957e-02 1.218851490090122613e-02 9.999231639262686766e-01 2.259723034127786908e-03 9.948999999999999511e-04 1.959900710020789222e-02 -2.498356689099564491e-03 9.998047995156554846e-01 1.599340800000000007e+00
9.996473756881152362e-01 -1.349298976692685226e-02 -2.287058169382192099e-02 -1.673039999999999944e-02 1.353901408058945724e-02 9.999066157560858592e-01 1.858726697705640873e-03 9.349999999999999587e-04 2.284336616153091401e-02 -2.167716393066807055e-03 9.997367061521995613e-01 1.737096200000000090e+00
9.995980000982307434e-01 -1.308580902515770611e-02 -2.515153676765067431e-02 -2.063600000000000156e-02 1.319029127100472196e-02 9.999050327828459261e-01 3.992697299047555728e-03 1.484599999999999982e-03 2.509690052184610637e-02 -4.322848331004242040e-03 9.996756766904472125e-01 1.873416200000000087e+00
9.995754322001518810e-01 -1.419116675718928335e-02 -2.544732064381755379e-02 -2.299959999999999852e-02 1.436323855586395769e-02 9.998751143933065633e-01 6.591888588208976926e-03 2.039899999999999873e-03 2.535059604954014237e-02 -6.954595821588950566e-03 9.996544307293853127e-01 1.940705499999999972e+00
9.995412649521787651e-01 -1.307050950485308914e-02 -2.732071446873439793e-02 -2.653650000000000106e-02 1.327188923607920505e-02 9.998859828501228675e-01 7.202656173179677185e-03 2.198199999999999980e-03 2.722345705276632902e-02 -7.561949558635223251e-03 9.996007704603717681e-01 2.072096600000000066e+00
9.995295686665717216e-01 -1.111435179585788628e-02 -2.858518052024533462e-02 -3.116270000000000151e-02 1.119819977542664373e-02 9.999334480413900605e-01 2.774853121564939840e-03 3.036300000000000023e-03 2.855243742671959017e-02 -3.093650305793235657e-03 9.995875087478728327e-01 2.199596199999999779e+00
9.995067343541552685e-01 -1.037549413608395039e-02 -2.964181340815696258e-02 -3.333900000000000058e-02 1.045112144625262758e-02 9.999425111839086444e-01 2.397579557442997954e-03 3.187600000000000069e-03 2.961523326275828510e-02 -2.706187105629939780e-03 9.995577094446030930e-01 2.262591800000000042e+00
9.994070381829067706e-01 -1.040740717618076142e-02 -3.282160730889192163e-02 -3.812259999999999954e-02 1.045069623126976266e-02 9.999447314078868665e-01 1.147640139908387077e-03 3.121699999999999822e-03 3.280784934663730917e-02 -1.489968280932910984e-03 9.994605670139118381e-01 2.385837599999999892e+00
9.992650801453326626e-01 -1.038798251568586600e-02 -3.689701100896508601e-02 -4.319069999999999854e-02 1.047576929906544538e-02 9.999427366555209140e-01 2.186702416908888058e-03 3.615199999999999837e-03 3.687218273623957265e-02 -2.571619941041448573e-03 9.993166809931395278e-01 2.507543300000000031e+00
9.991281330819787865e-01 -9.058197284774418059e-03 -4.075441995747136614e-02 -4.882639999999999897e-02 9.310909076540025212e-03 9.999385596233001383e-01 6.015309688477676713e-03 3.694799999999999821e-03 4.069742812866974924e-02 -6.389525837649783803e-03 9.991510863244266183e-01 2.626054299999999841e+00
9.990005937421198023e-01 -5.507222569286482523e-03 -4.435633215747636360e-02 -5.517099999999999782e-02 5.752719753029596032e-03 9.999688244483453392e-01 5.408913646692221043e-03 4.054099999999999718e-03 4.432516123304158784e-02 -5.658677492719639372e-03 9.990011308555653002e-01 2.739975199999999944e+00
9.988560278612870214e-01 -3.229095048939699918e-03 -4.770962743866919570e-02 -6.123900000000000177e-02 3.514545230542891197e-03 9.999764163591325916e-01 5.900398068692535442e-03 4.664800000000000196e-03 4.768944932575937962e-02 -6.061325821260189414e-03 9.988438200000510081e-01 2.850645099999999932e+00
9.988029993037954579e-01 6.758419644847368096e-04 -4.890922018782879049e-02 -6.747709999999999819e-02 -2.802639066525190628e-04 9.999672004373711953e-01 8.094411750635095021e-03 5.676399999999999849e-03 4.891308652993701239e-02 -8.071015245013048872e-03 9.987704284163752000e-01 2.959190599999999893e+00
9.989361726793738461e-01 5.233573680366772514e-03 -4.581629207188604030e-02 -7.383019999999999861e-02 -5.094066027407510681e-03 9.999820286058138663e-01 3.161163822018519046e-03 5.498300000000000236e-03 4.583201287301930799e-02 -2.924409672634506463e-03 9.989448805735349213e-01 3.062494300000000003e+00
9.991520015098588336e-01 7.020471345458594373e-03 -4.057081291927304434e-02 -7.876700000000000368e-02 -6.944161542776411400e-03 9.999738456908809914e-01 2.021522856128486235e-03 6.122100000000000111e-03 4.058394386097638473e-02 -1.738078328965511187e-03 9.991746206666838326e-01 3.164194800000000196e+00
9.993135192667598199e-01 1.604929567390630391e-02 -3.339027282091033139e-02 -8.368960000000000288e-02 -1.577216843146066194e-02 9.998390845651019543e-01 8.546559482537997854e-03 6.010899999999999577e-03 3.352206607076787387e-02 -8.014055427213923055e-03 9.994058464917826567e-01 3.263373599999999985e+00
9.994138647797635722e-01 2.462855742101364639e-02 -2.377732208084528190e-02 -8.724940000000000473e-02 -2.440732690461553875e-02 9.996564798675762198e-01 9.550112676691258073e-03 6.972500000000000399e-03 2.400435959045042408e-02 -8.964174146350700756e-03 9.996716632487520071e-01 3.357130100000000006e+00
9.993767771928906418e-01 3.345338374872804110e-02 -1.126624708196324355e-02 -8.964990000000000459e-02 -3.330889362881760130e-02 9.993634251522568457e-01 1.277740479024445930e-02 7.603399999999999742e-03 1.168652269820328986e-02 -1.239417539451441799e-02 9.998548942739213796e-01 3.446547999999999945e+00
9.991815399131862563e-01 4.032203783132717184e-02 3.222353463352150334e-03 -9.040900000000000325e-02 -4.035944708728467917e-02 9.991065567177472850e-01 1.253807618479161300e-02 7.988300000000000262e-03 -2.713913691042044423e-03 -1.265786667396962169e-02 9.999162030309047822e-01 3.528019000000000016e+00
9.986346350007133665e-01 4.896577732508573810e-02 1.819940735139702684e-02 -9.017340000000000078e-02 -4.913917097259776212e-02 9.987495200812690488e-01 9.205325282709599100e-03 8.814400000000000013e-03 -1.772590344997316061e-02 -1.008706044320178963e-02 9.997920001472793139e-01 3.603967700000000107e+00
9.980759371295636617e-01 5.155982338750435268e-02 3.443847173137624951e-02 -8.863060000000000382e-02 -5.179262986311089501e-02 9.986404210610674292e-01 5.901941615842072608e-03 9.084699999999999373e-03 -3.408734684316507002e-02 -7.674244928549924655e-03 9.993893929545032417e-01 3.672797399999999879e+00
9.978056525588373527e-01 5.091926524018099143e-02 4.232148566665597939e-02 -8.698749999999999538e-02 -5.127849057187229553e-02 9.986566379996216769e-01 7.445521067265878715e-03 8.904600000000000362e-03 -4.188551212893636827e-02 -9.599364910909046963e-03 9.990763014239723017e-01 3.704229400000000005e+00
9.967087975214420359e-01 5.545626176438214761e-02 5.912847008405879012e-02 -8.389059999999999573e-02 -5.603454393389993571e-02 9.983954356871921343e-01 8.166020150700758692e-03 9.305900000000000630e-03 -5.858073770004050551e-02 -1.145238097961029898e-02 9.982169804909235555e-01 3.761528000000000205e+00
9.949736630370044077e-01 6.405020463750428494e-02 7.697389913873065037e-02 -8.103910000000000280e-02 -6.482947656342617770e-02 9.978669146860713601e-01 7.665477376720169350e-03 9.065200000000000688e-03 -7.631873185029891538e-02 -1.261712569465242226e-02 9.970036405690640979e-01 3.810529700000000020e+00
9.906066727694825547e-01 6.185510777684406769e-02 1.219523083278475223e-01 -6.971180000000000432e-02 -6.207159445591221847e-02 9.980696415355051476e-01 -2.026772530147262930e-03 8.914300000000000002e-03 -1.218422628904935884e-01 -5.562039832938750483e-03 9.925338919586679243e-01 3.895251800000000042e+00
9.859469923384354129e-01 6.549245724833338556e-02 1.536856087679270289e-01 -6.285820000000000296e-02 -6.541200274002934023e-02 9.978427093592735497e-01 -5.585452182475857640e-03 8.701300000000000354e-03 -1.537198692307910619e-01 -4.545923681668500617e-03 9.881040109125905913e-01 3.936608300000000060e+00
9.662731002459774565e-01 6.632162671269042908e-02 2.488327501982202372e-01 -3.687970000000000137e-02 -6.542347046945326539e-02 9.977867838672422884e-01 -1.188711283692815701e-02 7.797700000000000291e-03 -2.490704022013854047e-01 -4.793304710513778856e-03 9.684735200185869974e-01 4.031983900000000176e+00
9.528045694360079976e-01 6.878433754781523857e-02 2.956893088530115898e-01 -2.300980000000000039e-02 -6.725669769929240593e-02 9.976176633984752407e-01 -1.534712643958745237e-02 7.243600000000000212e-03 -2.960405193152610970e-01 -5.264274259088611019e-03 9.551608756330399741e-01 4.069972500000000437e+00
9.343724733472378308e-01 7.377622243975681671e-02 3.485758885142297703e-01 -6.859999999999999779e-03 -7.230407676371836123e-02 9.972334400400019172e-01 -1.725069706795145236e-02 6.035800000000000019e-03 -3.488842236821715903e-01 -9.084881314768460808e-03 9.371217975253723909e-01 4.107942099999999819e+00
8.372521299077098078e-01 7.308874000690061823e-02 5.419104234550273791e-01 6.404079999999999495e-02 -6.254582637721937954e-02 9.973230570078581714e-01 -3.787795616570825696e-02 2.360099999999999958e-03 -5.432282122347791287e-01 -2.180835781133465962e-03 8.395822493284987864e-01 4.215365900000000110e+00
7.856407626147093870e-01 7.993111777578529309e-02 6.134978472083594259e-01 9.674699999999999966e-02 -6.658270022852050274e-02 9.967834786795592983e-01 -4.460314632125826628e-02 4.611999999999999889e-04 -6.150896976445443531e-01 -5.806293360668044606e-03 7.884357620053474847e-01 4.251134399999999758e+00
7.226103081169191755e-01 8.555328368494671820e-02 6.859409437071781745e-01 1.355751000000000039e-01 -7.001391219705593860e-02 9.962668512588660485e-01 -5.050161563363513711e-02 -1.508900000000000085e-03 -6.877008031855380565e-01 -1.153242097165675661e-02 7.259026164469297715e-01 4.288883700000000410e+00
5.588542179020342671e-01 8.108108506585461062e-02 8.252925667771697782e-01 2.387399000000000049e-01 -5.797883997027085401e-02 9.965935310926450352e-01 -5.864970502905206273e-02 -7.994299999999999323e-03 -8.272366150315200173e-01 -1.507287062363169353e-02 5.616514856406560341e-01 4.359347800000000106e+00
4.623666053580365864e-01 7.817552127168010678e-02 8.832359311778403832e-01 3.029047999999999741e-01 -5.311793461137505334e-02 9.967589021984309960e-01 -6.041668569857330806e-02 -1.163770000000000082e-02 -8.850963830410263355e-01 -1.898101056528869734e-02 4.650205521970109945e-01 4.389770500000000020e+00
3.626402586321122445e-01 7.600009640149242574e-02 9.288250794235686225e-01 3.751200000000000090e-01 -5.546861264658482782e-02 9.966623858313399253e-01 -5.989425414882876969e-02 -1.509100000000000025e-02 -9.302769887674842142e-01 -2.980057073187058342e-02 3.656455252751726892e-01 4.416472399999999965e+00
2.663591450005411421e-01 7.291756065013388355e-02 9.611117704114409133e-01 4.513788000000000245e-01 -4.241158670287214355e-02 9.970552807920843863e-01 -6.389072200220008435e-02 -1.959160000000000068e-02 -9.629403217167329387e-01 -2.374439709598252443e-02 2.686673415557291333e-01 4.434388600000000125e+00
1.804877064225939298e-01 6.591395545614220364e-02 9.813661591406328544e-01 5.350392999999999954e-01 -1.998964681808752114e-02 9.977917405122148642e-01 -6.334079716654120173e-02 -2.446720000000000145e-02 -9.833740904917112058e-01 -8.184927716876531922e-03 1.814067394224090357e-01 4.444982999999999684e+00
1.420511542274980610e-01 6.776815172794968534e-02 9.875368080198396736e-01 5.784622000000000375e-01 -1.676416549642173806e-02 9.976753150560584427e-01 -6.605246765263966813e-02 -2.629449999999999843e-02 -9.897173497205373760e-01 -7.172401213820695648e-03 1.428570065589498395e-01 4.449366600000000282e+00
1.093120402646940992e-01 6.839079454817727222e-02 9.916519435135690008e-01 6.230782000000000265e-01 -7.648295982934635862e-03 9.976585964527391326e-01 -6.796196357160383394e-02 -2.903719999999999912e-02 -9.939780588230945346e-01 -1.553866776373286074e-04 1.095791697050725322e-01 4.452308699999999675e+00
8.046244890272324923e-02 6.684264009695042863e-02 9.945138791296208591e-01 6.690831999999999891e-01 -4.051666262138362007e-04 9.977510505597223522e-01 -6.702743428608373688e-02 -3.205890000000000128e-02 -9.967575583644106008e-01 4.990247673194853767e-03 8.030857533027535577e-02 4.454176900000000217e+00
5.551160003338227733e-02 6.522772845460184099e-02 9.963251505921080220e-01 7.163228999999999846e-01 6.659542943743105431e-03 9.978174302934839091e-01 -6.569647091198166367e-02 -3.469669999999999699e-02 -9.984358330656579739e-01 1.028198634317012763e-02 5.495605523802293835e-02 4.455152000000000001e+00
3.552870724299784372e-02 6.418595275003596834e-02 9.973053065291547226e-01 7.646914000000000211e-01 1.100741077567624765e-02 9.978496786189420265e-01 -6.461312396169689720e-02 -3.728650000000000020e-02 -9.993080345267201237e-01 1.327336994301876738e-02 3.474578795622407235e-02 4.455801499999999749e+00
1.958584667627295481e-02 6.596120422855231147e-02 9.976299485012930512e-01 8.137183999999999529e-01 1.340473983111101566e-02 9.977143411526322447e-01 -6.622995099220009563e-02 -4.004449999999999676e-02 -9.997183141065454359e-01 1.467013957289481016e-02 1.865688733090364870e-02 4.456212500000000354e+00
-5.621692709404759077e-03 6.649409712949304330e-02 9.977709815473762012e-01 9.149534999999999751e-01 1.500025249254690815e-02 9.976800911739156508e-01 -6.640352475860944459e-02 -4.592269999999999686e-02 -9.998716862659132731e-01 1.459351644193274816e-02 -6.606079141077025874e-03 4.455345200000000006e+00
-1.454027126258327675e-02 6.949119644291687492e-02 9.974765932735174534e-01 9.668535999999999797e-01 2.009149334592898184e-02 9.974009492103207419e-01 -6.919305174279957726e-02 -4.876149999999999929e-02 -9.996924088972272138e-01 1.903470859464850493e-02 -1.589866227000957810e-02 4.453585099999999741e+00
-2.560337112200865989e-02 7.082767833108361000e-02 9.971599206593778630e-01 1.074602400000000069e+00 2.462174681332317955e-02 9.972289982120683405e-01 -7.020038966284451731e-02 -5.490980000000000166e-02 -9.993689193541336335e-01 2.275445246942120123e-02 -2.727632529809598250e-02 4.450224399999999747e+00
-3.196135215709634131e-02 6.126893596799724839e-02 9.976094373318847852e-01 1.187631799999999904e+00 2.026565952645172086e-02 9.979539036431600563e-01 -6.064082162484513150e-02 -6.120590000000000058e-02 -9.992836309137903550e-01 1.827905054229572723e-02 -3.313761154676342358e-02 4.447995699999999886e+00
-3.329445054814594157e-02 5.286786289865941929e-02 9.980463258963612194e-01 1.304326199999999991e+00 2.417874563087730327e-02 9.983503070846591054e-01 -5.207737132079787168e-02 -6.752089999999999481e-02 -9.991530752704584906e-01 2.239762077756204950e-02 -3.451780353803124424e-02 4.443106199999999895e+00
-3.223607849729663577e-02 6.266820028643492468e-02 9.975136750521145235e-01 1.422565800000000102e+00 2.820993676056829727e-02 9.976918085730501762e-01 -6.176774703841023118e-02 -7.325570000000000692e-02 -9.990820960817388130e-01 2.614864774889087695e-02 -3.392953742424964503e-02 4.438810799999999723e+00
-2.795173985344713563e-02 7.152348417225547206e-02 9.970471861707580485e-01 1.544515400000000094e+00 2.945939172981414111e-02 9.970626041558852126e-01 -7.069871026259166857e-02 -7.927710000000000312e-02 -9.991750819941790374e-01 2.739625167327909561e-02 -2.997667286707750289e-02 4.435540699999999781e+00
-2.296012768675499346e-02 6.061453792855470146e-02 9.978971441628219363e-01 1.669497400000000020e+00 2.834031627593219804e-02 9.977986001898404567e-01 -5.995648365752335313e-02 -8.682429999999999315e-02 -9.993346081318250640e-01 2.690411215599831235e-02 -2.462741844183891082e-02 4.432291499999999829e+00
-1.678767962132900540e-02 6.438494420557230868e-02 9.977839208829617501e-01 1.794076299999999957e+00 3.424293995579593547e-02 9.973761648603644003e-01 -6.378249627926897702e-02 -9.448840000000000017e-02 -9.992725328338185609e-01 3.309629477866891933e-02 -1.894836129611432440e-02 4.429839600000000210e+00
-1.118675041767858147e-02 7.054378432514610275e-02 9.974459539785499596e-01 1.918044800000000105e+00 3.016480224189451581e-02 9.970781952535155979e-01 -7.017946462961598131e-02 -1.015326000000000006e-01 -9.994823366727397795e-01 2.930267979348296151e-02 -1.328200422077341347e-02 4.429295100000000041e+00
-3.388605012946332203e-03 6.317166493390997950e-02 9.979969228938253556e-01 2.044481000000000215e+00 2.952110946980033776e-02 9.975739948410697888e-01 -6.304465808061288090e-02 -1.099048999999999998e-01 -9.995584132264297983e-01 2.924834296686104618e-02 -5.245281875606799815e-03 4.429465800000000009e+00
3.106417937395333870e-03 6.906205045268297427e-02 9.976075297204154424e-01 2.170330299999999824e+00 3.391977438800611311e-02 9.970309933599965646e-01 -6.912775987289819513e-02 -1.173986999999999947e-01 -9.994197311805812500e-01 3.405336204913372855e-02 7.546257917844245711e-04 4.429278899999999908e+00
1.070374109360920298e-02 6.916902230823426811e-02 9.975475308372646621e-01 2.296045799999999915e+00 2.950958233549404522e-02 9.971483206807582045e-01 -6.945798092320536188e-02 -1.253215000000000023e-01 -9.995071858055774028e-01 3.018067123949786865e-02 8.632068497623546222e-03 4.430582000000000242e+00
1.779464132236659862e-02 6.655289187851010091e-02 9.976242094710892072e-01 2.422418099999999797e+00 3.784014272119992639e-02 9.970225350528356678e-01 -6.718770866502590811e-02 -1.337810999999999861e-01 -9.991253546672946850e-01 3.894582364547605896e-02 1.522328747439050112e-02 4.432178999999999647e+00
2.400633426729346931e-02 6.721026495914944610e-02 9.974499868159646399e-01 2.549068500000000181e+00 4.117447334550774357e-02 9.968244585162724380e-01 -6.815909072501200039e-02 -1.419289999999999996e-01 -9.988635335518897262e-01 4.270572781093039810e-02 2.116275389385047223e-02 4.434990899999999847e+00
3.126396625525233036e-02 6.465857874469058131e-02 9.974175818626355161e-01 2.676361299999999943e+00 4.429555938053018199e-02 9.968353320055929334e-01 -6.600927423071149824e-02 -1.501924000000000037e-01 -9.985291522199822856e-01 4.624488144666386719e-02 2.830093826762003495e-02 4.438609099999999863e+00
3.694297199399500936e-02 6.729356538172594215e-02 9.970490423637478061e-01 2.804005099999999917e+00 3.989542645965074574e-02 9.968353826107421156e-01 -6.875736268137430662e-02 -1.570863999999999872e-01 -9.985206917074146427e-01 4.231779807020706607e-02 3.414135613351765297e-02 4.444502800000000420e+00
4.222183832228582068e-02 6.689346370005012921e-02 9.968663806563528018e-01 2.931994399999999779e+00 3.947323747557791862e-02 9.968654207780113241e-01 -6.856527094874752259e-02 -1.653647000000000034e-01 -9.983281924757424486e-01 4.224449515958979273e-02 3.944898904697058395e-02 4.450332600000000305e+00
4.746293534183892299e-02 6.737880274317797902e-02 9.965978961996823093e-01 3.061331700000000211e+00 3.462903686151410504e-02 9.970115855231780344e-01 -6.905597829733758908e-02 -1.735681000000000029e-01 -9.982725577590424448e-01 3.778882471650017033e-02 4.498783337487266554e-02 4.457071299999999958e+00
5.394143518453087260e-02 7.281663164542204192e-02 9.958855655777164584e-01 3.190754200000000207e+00 3.192953970696887911e-02 9.967018039486780223e-01 -7.460575379655487449e-02 -1.822071000000000107e-01 -9.980334794305921742e-01 3.582250914252079615e-02 5.143852422455241769e-02 4.464818499999999801e+00
6.042467673173973486e-02 7.715048141857859532e-02 9.951867471277671129e-01 3.321916799999999892e+00 2.606010247312397568e-02 9.965467419575504415e-01 -7.883820236967306605e-02 -1.910623999999999933e-01 -9.978325157565046677e-01 3.069844150234350699e-02 5.820546527923442515e-02 4.473334799999999944e+00
6.636955400928910842e-02 7.693165756945005707e-02 9.948249104059594394e-01 3.454690199999999933e+00 2.453767886715534779e-02 9.965958685637732462e-01 -7.870563561417237564e-02 -2.005877000000000077e-01 -9.974933506627603474e-01 2.963435211431825894e-02 6.425589901592065889e-02 4.483258700000000374e+00
7.366096778955079361e-02 7.886184796301619337e-02 9.941603848274004340e-01 3.588457099999999844e+00 1.966339025678053368e-02 9.965598990407301683e-01 -8.050912189024989063e-02 -2.105441000000000118e-01 -9.970894708640324344e-01 2.547894345901500351e-02 7.185687533072948607e-02 4.494448199999999893e+00
8.300781284043609598e-02 7.686590081889398129e-02 9.935800603367336281e-01 3.723669800000000141e+00 1.913255427382706472e-02 9.967141959160215059e-01 -7.870677878326452770e-02 -2.203987000000000029e-01 -9.963652183684487129e-01 2.554300199229976934e-02 8.126442441077874612e-02 4.505207999999999657e+00
9.374084739187812931e-02 8.926309729875941956e-02 9.915869871024354243e-01 3.858672900000000183e+00 1.355959920356170079e-02 9.957657768692059763e-01 -9.092114652546695597e-02 -2.305275999999999992e-01 -9.955042896942694064e-01 2.196854744171473917e-02 9.213355590451144383e-02 4.519531200000000304e+00
1.084336987177429573e-01 9.677236122608615099e-02 9.893822532697446048e-01 3.995077799999999790e+00 7.466020987157435951e-03 9.951432211524535720e-01 -9.815410294500337418e-02 -2.423115999999999881e-01 -9.940756467759425119e-01 1.802996109388182999e-02 1.071845557435586738e-01 4.535072300000000389e+00
1.232164932660222978e-01 9.324950907439558123e-02 9.879889801230622437e-01 4.132869200000000021e+00 3.919054455884619925e-03 9.955219628937189702e-01 -9.444925837934700641e-02 -2.545843999999999885e-01 -9.923720757857893426e-01 1.550968902399580546e-02 1.222992753330242044e-01 4.552632799999999591e+00
1.376350929024535985e-01 8.448942963672552431e-02 9.868728983417236478e-01 4.271708000000000283e+00 1.119833311910387041e-03 9.963412964084467083e-01 -8.545622882206559134e-02 -2.664027999999999952e-01 -9.904823709562360357e-01 1.286690913920296442e-02 1.370369128159161232e-01 4.573074799999999662e+00
1.522893084719578460e-01 7.449096602509100440e-02 9.855247650393070824e-01 4.409880199999999917e+00 -1.764996663347950800e-03 9.971745376268860150e-01 -7.509877692335990840e-02 -2.775064999999999893e-01 -9.883343823382404469e-01 9.697292882807156955e-03 1.519904970675266531e-01 4.595175300000000185e+00
1.651771834515453341e-01 8.305824619675419851e-02 9.827603094375220172e-01 4.544177499999999981e+00 -1.188245516883519592e-03 9.964636404653485213e-01 -8.401667276877987367e-02 -2.876315999999999873e-01 -9.862631931384270301e-01 1.270987683905701326e-02 1.646917511326231320e-01 4.618274699999999733e+00
1.751610843018684138e-01 8.972564303052288359e-02 9.804427079278793533e-01 4.676465999999999568e+00 -4.770740637190129529e-03 9.959042442869308065e-01 -9.028829517190947729e-02 -2.987980000000000080e-01 -9.845282294479759111e-01 1.113755781293054165e-02 1.748717250615353658e-01 4.642653499999999767e+00
1.857670013341350124e-01 8.588037706856070652e-02 9.788335824081054737e-01 4.807197099999999779e+00 -2.764394900897096385e-03 9.962148848527446754e-01 -8.688073042202486274e-02 -3.103915999999999897e-01 -9.825899344773257882e-01 1.343369020018311821e-02 1.853012591199804104e-01 4.667633499999999991e+00
1.935992012028248110e-01 7.308220015013465465e-02 9.783549158229047915e-01 4.935647499999999965e+00 -3.916850826116188844e-03 9.972712752641311740e-01 -7.372015879431836893e-02 -3.206609000000000265e-01 -9.810728859637460886e-01 1.044009359484962540e-02 1.933571743496906858e-01 4.693627799999999795e+00
1.999152478620349338e-01 6.998578294546498046e-02 9.773105360415241805e-01 5.059957500000000330e+00 -9.372306957871192473e-03 9.975367376067325598e-01 -6.951702659927479211e-02 -3.298382999999999732e-01 -9.797683672861399184e-01 4.737859266282895554e-03 2.000787323905874882e-01 4.720389800000000413e+00
2.035936933345153799e-01 7.631765719745946253e-02 9.760764433354093272e-01 5.180499099999999579e+00 -1.530816421478059866e-02 9.970835154091239882e-01 -7.476712785547195983e-02 -3.387941999999999898e-01 -9.789357834622171017e-01 2.801772193520360443e-04 2.041681986939717364e-01 4.746825199999999967e+00
2.076111654324184208e-01 8.582760745902064115e-02 9.744389287100827524e-01 5.297968400000000244e+00 -1.686255539695784289e-02 9.963094587135381541e-01 -8.416125416972494722e-02 -3.478651999999999855e-01 -9.780660806986805067e-01 1.041285646104582463e-03 2.082922406402256676e-01 4.772969699999999982e+00
2.107769502233186876e-01 8.762962326555076564e-02 9.735985447713521035e-01 5.413069700000000317e+00 -1.832452590160692923e-02 9.961531007637265400e-01 -8.569254103651119392e-02 -3.572330000000000227e-01 -9.773624143607314574e-01 2.212807051329770958e-04 2.115718838357582010e-01 4.798622100000000223e+00
2.118821933119213741e-01 8.212907181457376748e-02 9.738381547876455713e-01 5.525403500000000356e+00 -1.811512356584887157e-02 9.966214777965801686e-01 -8.010912739978337527e-02 -3.668497000000000008e-01 -9.771273092363776946e-01 -6.675008893462161530e-04 2.126541229015772583e-01 4.824334099999999736e+00
2.102448681982344580e-01 8.034411116317657919e-02 9.743417876688375001e-01 5.634179600000000399e+00 -1.715454510826753404e-02 9.967671638310723337e-01 -7.849167274487567347e-02 -3.753152000000000155e-01 -9.774982439771618958e-01 -2.119187565297817044e-04 2.109434476631241173e-01 4.848606600000000100e+00
2.066003967389250795e-01 8.401136861258318156e-02 9.748119644378391291e-01 5.738869199999999893e+00 -1.962965543471942298e-02 9.964622503290443412e-01 -8.171695232135779696e-02 -3.843639999999999834e-01 -9.782284767347720900e-01 -2.252468205668420320e-03 2.075186104718068636e-01 4.871232499999999632e+00
2.019813483499618423e-01 8.831865666077665100e-02 9.753990720747931498e-01 5.840459799999999646e+00 -1.566542322256595648e-02 9.960896585878956655e-01 -8.694818324443187585e-02 -3.928170999999999746e-01 -9.792640754331742858e-01 2.281872013340173477e-03 2.025750814540758782e-01 4.893138399999999777e+00
1.974732592187776192e-01 8.456664728945106901e-02 9.766538762835761389e-01 5.939922300000000099e+00 -1.648306778786894772e-02 9.964177854140446877e-01 -8.294519508007322517e-02 -4.007118000000000069e-01 -9.801696895792144648e-01 2.812059609322153930e-04 1.981597854091328159e-01 4.913740200000000335e+00
1.935046089701352723e-01 7.917593538401195008e-02 9.778993494032919287e-01 6.035470000000000113e+00 -1.269837376461115108e-02 9.968569634863152507e-01 -7.819811796058417919e-02 -4.096735000000000237e-01 -9.810171851762072848e-01 2.713964795270265573e-03 1.939018225392447059e-01 4.932537100000000230e+00
1.894146018620515848e-01 8.264091941914969430e-02 9.784133007267422633e-01 6.128057000000000087e+00 -4.987188670727865647e-03 9.965199894694389826e-01 -8.320479876180192358e-02 -4.169038999999999939e-01 -9.818845332067328568e-01 1.088067210180499594e-02 1.891675829099953576e-01 4.949731800000000348e+00
1.866462159119590680e-01 8.730458727417886311e-02 9.785402899863816506e-01 6.220121400000000023e+00 -5.854991195797826231e-03 9.961247332805882593e-01 -8.775667965901011447e-02 -4.239412000000000180e-01 -9.824097460651760594e-01 1.065010739674852880e-02 1.864340796329744254e-01 4.967321400000000331e+00
1.861226196614147732e-01 8.383734820787461239e-02 9.789431390514179432e-01 6.313062200000000068e+00 2.225929845129613616e-03 9.963143504743792178e-01 -8.574823773781206637e-02 -4.319330000000000114e-01 -9.825240026007998617e-01 1.813874538901078665e-02 1.852500208610399213e-01 4.984171400000000141e+00
1.903971648169457687e-01 8.128229821037336045e-02 9.783363979875779881e-01 6.406987199999999660e+00 9.930242852482722149e-03 9.963559975404635560e-01 -8.471196162312948086e-02 -4.394843999999999973e-01 -9.816569206736941444e-01 2.584403534256560220e-02 1.888962041192271402e-01 5.001331300000000368e+00
1.989116903705394623e-01 8.169203732257190875e-02 9.766066508436350713e-01 6.500999499999999820e+00 5.988905014114337400e-03 9.963997540604172531e-01 -8.456750631934262241e-02 -4.472467999999999999e-01 -9.799991185968823793e-01 2.267027010045657293e-02 1.977063135130130433e-01 5.021575000000000344e+00
2.132374637850920907e-01 8.097772343686801544e-02 9.736387381084853354e-01 6.596633399999999980e+00 5.407614004933655738e-03 9.964461108172403270e-01 -8.405894329558080691e-02 -4.544002999999999792e-01 -9.769854357917907572e-01 2.318957835274589388e-02 2.120417451978422463e-01 5.042832399999999993e+00
2.302377890554072881e-01 7.824901606587036929e-02 9.699833256173018281e-01 6.693987800000000377e+00 2.620591769619394495e-03 9.967084637072894937e-01 -8.102697620565438297e-02 -4.622988000000000097e-01 -9.731308714605937382e-01 2.119740217521569325e-02 2.292748942892949282e-01 5.067560199999999959e+00
2.494014125843453666e-01 8.186095449649190281e-02 9.649340493162503751e-01 6.793454200000000220e+00 -3.993239427790049034e-03 9.964992148719222786e-01 -8.350669912357186475e-02 -4.697161999999999726e-01 -9.683919606439352901e-01 1.697347603072795613e-02 2.488552022193404323e-01 5.094757099999999816e+00
2.694530667677057512e-01 8.683898170468401512e-02 9.590902126838600772e-01 6.895088699999999626e+00 -1.158511437744526307e-02 9.961462414589968839e-01 -8.693935099812691303e-02 -4.775286000000000253e-01 -9.629438352958805680e-01 1.231490493700847927e-02 2.694206992457198746e-01 5.124980899999999728e+00
2.896542527573164882e-01 8.945279591859101043e-02 9.529420817457625592e-01 6.999431099999999795e+00 -1.601225161126323265e-02 9.959366499302860776e-01 -8.862165155297177521e-02 -4.859153999999999973e-01 -9.569973989818041371e-01 1.041088987482118727e-02 2.899096268047615110e-01 5.157792999999999850e+00
3.098729946205703856e-01 9.066374922587724927e-02 9.464453559404195637e-01 7.107503399999999694e+00 -2.102668191196250397e-02 9.958531160580245123e-01 -8.851242785787707956e-02 -4.945725999999999734e-01 -9.505454254545930848e-01 7.527005635044249632e-03 3.104943450910448988e-01 5.195282500000000248e+00
3.310267038341300205e-01 7.892922160547585775e-02 9.403145746639606228e-01 7.219576400000000227e+00 -1.704826484863142602e-02 9.968332169722476932e-01 -7.767170788910612855e-02 -5.029919999999999947e-01 -9.434673698726218083e-01 9.680677533798795475e-03 3.313240203609217893e-01 5.234867600000000287e+00
3.523505193355195853e-01 7.124948995208524316e-02 9.331519821045001217e-01 7.335849299999999573e+00 -1.630229554497845609e-02 9.974137387663830623e-01 -7.000049199848117076e-02 -5.117019999999999902e-01 -9.357261066593972609e-01 9.452190308756703435e-03 3.526007790893451732e-01 5.278847200000000406e+00
3.706042890679875912e-01 6.339412027517027370e-02 9.266248682390024749e-01 7.455127700000000246e+00 -3.105781377781526714e-03 9.977469523883406577e-01 -6.701770752429271616e-02 -5.184024000000000409e-01 -9.287856669040736035e-01 2.195915559204085835e-02 3.699661882378436628e-01 5.325393199999999716e+00
3.844078681890645277e-01 4.959019745169598176e-02 9.218304633667954162e-01 7.576386499999999913e+00 1.157991682444443893e-02 9.982185788816815286e-01 -5.852840593912697620e-02 -5.257815000000000127e-01 -9.230907303188987667e-01 3.317349984759054848e-02 3.831488255328263648e-01 5.374635699999999794e+00
3.993601575122430747e-01 5.552074762987815881e-02 9.151114200874208571e-01 7.697905500000000067e+00 1.610065916521439058e-02 9.975859027326289263e-01 -6.755098403111182981e-02 -5.335121999999999920e-01 -9.166527332453890953e-01 4.171106869579473131e-02 3.975021426131093438e-01 5.426689599999999558e+00
4.118745674479710739e-01 6.187091860045575153e-02 9.091376849086625356e-01 7.819586799999999727e+00 1.796525451777619339e-02 9.969470514393667937e-01 -7.598569770992559536e-02 -5.415995999999999588e-01 -9.110634392399128423e-01 4.762946627759383211e-02 4.095056087802135814e-01 5.481410000000000338e+00
4.202211959299392841e-01 6.679924775883569477e-02 9.049596714716438006e-01 7.938699200000000289e+00 4.640500075891718784e-03 9.971155468880090744e-01 -7.575653049917313586e-02 -5.517123999999999917e-01 -9.074098369812052534e-01 3.603396527000857219e-02 4.186991056793202270e-01 5.538810699999999976e+00
4.284402527406326877e-01 7.409289666692439602e-02 9.005271747676730776e-01 8.054506299999999896e+00 2.762693370589250352e-04 9.966215276242265109e-01 -8.213071502919312705e-02 -5.618125999999999953e-01 -9.035700711659258033e-01 3.543689235045299757e-02 4.269723095866361229e-01 5.594551100000000332e+00
4.357816184125340997e-01 7.565003834182668085e-02 8.968675781589123819e-01 8.167792300000000338e+00 -3.836687650505377079e-03 9.966085603661529735e-01 -8.219888826971190332e-02 -5.716459000000000401e-01 -9.000442549572911233e-01 3.237976380062515536e-02 4.345939369280141795e-01 5.650762099999999677e+00
4.432081512513011967e-01 6.987252757988207663e-02 8.936914258031138925e-01 8.278634999999999522e+00 -3.267443927161710338e-03 9.970768574003811002e-01 -7.633520974467197795e-02 -5.813947000000000420e-01 -8.964127723736352582e-01 3.091230056431950451e-02 4.421408951897964901e-01 5.706065699999999907e+00
4.501867176300395346e-01 7.078082258453179121e-02 8.901247072313789310e-01 8.384953499999999948e+00 -6.523833770009201949e-03 9.970874814664484331e-01 -7.598680080011319116e-02 -5.905312000000000339e-01 -8.929106107905944167e-01 2.840122281085498412e-02 4.493373027920293250e-01 5.760925300000000249e+00
4.548344488225917193e-01 6.933580206283476710e-02 8.878728347666419163e-01 8.488538699999999437e+00 -3.480917376241711436e-03 9.970954853097199200e-01 -7.608203723083316328e-02 -5.994825000000000292e-01 -8.905692041489358113e-01 3.151411949075370866e-02 4.537547276825372178e-01 5.815095900000000206e+00
4.584166480494638041e-01 6.822951933064752561e-02 8.861145013388523894e-01 8.589097000000000648e+00 -3.012469153103762565e-03 9.971622927447145734e-01 -7.522158571650669479e-02 -6.081687999999999539e-01 -8.887323004261159509e-01 3.181343458372522248e-02 4.573213351236649071e-01 5.867407299999999992e+00
4.628744035696406023e-01 6.939041932445372263e-02 8.837037151817492830e-01 8.685999900000000551e+00 -2.095426240509297433e-03 9.970141795000606599e-01 -7.719025239427244889e-02 -6.162803000000000031e-01 -8.864213984944859792e-01 3.387765608476149548e-02 4.616377461920575520e-01 5.918553400000000408e+00
