1.000000000000000000e+00 0.000000000000000000e+00 0.000000000000000000e+00 0.000000000000000000e+00 0.000000000000000000e+00 1.000000000000000000e+00 0.000000000000000000e+00 0.000000000000000000e+00 0.000000000000000000e+00 0.000000000000000000e+00 1.000000000000000000e+00 0.000000000000000000e+00
9.999986003892222808e-01 8.243856719034067890e-04 1.455887310306997005e-03 -3.445000000000000254e-04 -8.176092350727067002e-04 9.999888591693532058e-01 -4.648984008804880538e-03 -1.615999999999999978e-04 -1.459703646318798956e-03 4.647787155126623798e-03 9.999881335995070009e-01 7.568840000000000290e-02
9.999965334929377114e-01 -1.501856120221742264e-03 2.162736762075478849e-03 -1.140999999999999952e-04 1.513729714224958155e-03 9.999837349709846945e-01 -5.498946792965383676e-03 -3.100000000000000135e-05 -2.154442958203502557e-03 5.502201529728290713e-03 9.999825419245408353e-01 1.509811000000000070e-01
9.999925382558916276e-01 -3.244772926289149484e-03 2.096397194240461666e-03 1.345999999999999920e-04 3.247613499195192883e-03 9.999938111822432862e-01 -1.352998067944732961e-03 -1.867999999999999869e-04 -2.091994048520091822e-03 1.359796260047061063e-03 9.999968872526714403e-01 2.267479000000000022e-01
9.999824501024571211e-01 -5.743033393650015181e-03 1.455010146477251839e-03 2.327999999999999937e-04 5.736084271978797791e-03 9.999723335295387372e-01 4.735980649639127092e-03 -3.487000000000000191e-04 -1.482168786504571394e-03 -4.727551472847182391e-03 9.999877266410622800e-01 3.020369999999999999e-01
9.999581257571533710e-01 -9.150249858745506185e-03 1.402132787039306284e-04 4.321999999999999887e-04 9.149510466583269871e-03 9.999476193827215864e-01 4.587477416790101091e-03 4.130000000000000099e-05 -1.821824988308232986e-04 -4.586002436785641991e-03 9.999894676401281934e-01 3.767085000000000017e-01
9.999301694685589492e-01 -1.179414538292988639e-02 -7.445275450594246057e-04 3.563999999999999894e-04 1.179543272910150813e-02 9.999289017877056596e-01 1.749038697731247630e-03 2.279000000000000101e-04 7.238461938005542667e-04 -1.757698586002185608e-03 9.999981932695521936e-01 4.503770000000000273e-01
9.999225393147722629e-01 -1.236106395687260572e-02 -1.455839329049345285e-03 8.670000000000000677e-05 1.235885150465302305e-02 9.999224726702855559e-01 -1.519025486280454074e-03 1.812999999999999887e-04 1.474503232901703187e-03 1.500915319443053841e-03 9.999977865442603031e-01 5.237927000000000000e-01
9.999240244695094537e-01 -1.211191052267488258e-02 -2.290613933134677538e-03 -2.494999999999999931e-04 1.210721654820026347e-02 9.999245992443740461e-01 -2.052104634985576180e-03 7.210000000000000425e-05 2.315296126835383883e-03 2.024215766330524427e-03 9.999952709660062666e-01 5.975515000000000132e-01
9.999234214338725835e-01 -1.190215227465006055e-02 -3.389696034919323711e-03 -6.543000000000000205e-04 1.190099024410833616e-02 9.999291148994351452e-01 -3.627776757908641320e-04 6.799999999999999946e-05 3.393773591114110019e-03 3.224091553545614186e-04 9.999941891596915156e-01 6.706794999999999840e-01
9.999263738990316064e-01 -1.139555807008646622e-02 -4.169896570105359815e-03 -1.121199999999999931e-03 1.140720007075344579e-02 9.999310744737593959e-01 2.778864570085783081e-03 -4.959999999999999945e-05 4.137942445212577230e-03 -2.826226817571908870e-03 9.999874448583320197e-01 7.436916999999999556e-01
9.999155436580901002e-01 -1.187606836887591250e-02 -5.278688382922874095e-03 -1.379999999999999933e-03 1.189817635804820903e-02 9.999204912330352801e-01 4.176674710600106546e-03 2.694999999999999913e-04 5.228666206500715702e-03 -4.239128729251898445e-03 9.999773451620380671e-01 8.164736999999999689e-01
9.998974350143702283e-01 -1.306659541701212478e-02 -5.863747597858992230e-03 -1.821300000000000089e-03 1.309664776816185129e-02 9.999011456800854791e-01 5.116315558003497327e-03 3.572000000000000088e-04 5.796315115655859690e-03 -5.192586240062376998e-03 9.999697194311533144e-01 8.890149999999999997e-01
9.998918377020737935e-01 -1.305897797353017600e-02 -6.765795670618020112e-03 -2.364300000000000169e-03 1.309541878766818865e-02 9.998998314093500150e-01 5.370023680489103245e-03 2.351999999999999978e-04 6.694990929440226661e-03 -5.458043774126438395e-03 9.999626927313910452e-01 9.615586000000000411e-01
9.998788771388475993e-01 -1.352482025033932556e-02 -7.701317338835788479e-03 -2.868599999999999796e-03 1.355470901556428062e-02 9.999007490905610362e-01 3.842112913271909444e-03 6.338999999999999583e-04 7.648589089552520690e-03 -3.946036661127421893e-03 9.999629632539438484e-01 1.033724899999999947e+00
9.998655493538062267e-01 -1.381035073242180972e-02 -8.840668982533926926e-03 -4.095999999999999815e-03 1.382870653147659154e-02 9.999023414229032403e-01 2.018537258050394356e-03 7.885000000000000299e-04 8.811928907880373432e-03 -2.140520881313072790e-03 9.999588831943436729e-01 1.105958599999999903e+00
9.998306520394002472e-01 -1.505084373064262751e-02 -1.058958665215123385e-02 -4.740499999999999922e-03 1.505708076639611717e-02 9.998865059268512434e-01 5.094940501133935623e-04 1.122399999999999960e-03 1.058071648149917082e-02 -6.688560298392606275e-04 9.999437989558960238e-01 1.177473100000000050e+00
9.998152944589080438e-01 -1.474676897465823991e-02 -1.232516818770234938e-02 -5.635099999999999658e-03 1.474866942805265133e-02 9.998912304556412112e-01 6.330881311880721452e-05 9.852000000000000948e-04 1.232289398433330553e-02 -2.450769508757969341e-04 9.999240402256258653e-01 1.248995099999999914e+00
9.998108645717340703e-01 -1.200584120441668817e-02 -1.530015886505728742e-02 -8.943400000000000655e-03 1.199942295854607502e-02 9.999278736477045237e-01 -5.112250407002557999e-04 7.292000000000000521e-04 1.530519300706717836e-02 3.275352723784719371e-04 9.998828150276720672e-01 1.391451699999999958e+00
9.997686890576518159e-01 -1.200173694424032551e-02 -1.784731605215301997e-02 -1.252909999999999961e-02 1.203366267881399686e-02 9.999261773431080691e-01 1.682506027255327614e-03 7.138000000000000031e-04 1.782580552111744099e-02 -1.896885426294448590e-03 9.998393083306951201e-01 1.532066300000000103e+00
9.996994981559174098e-01 -1.299536794630519465e-02 -2.078542274640865148e-02 -1.574499999999999858e-02 1.304385763530261158e-02 9.999125072778045631e-01 2.198992361101136279e-03 8.237000000000000181e-04 2.075502745834696336e-02 -2.469453655035236915e-03 9.997815414548564261e-01 1.671908699999999914e+00
9.996469082086437696e-01 -1.252815326526961030e-02 -2.343297430249146121e-02 -1.941990000000000036e-02 1.257761541911066837e-02 9.999189686979483849e-01 1.964593698556932073e-03 1.337700000000000044e-03 2.340646276711328203e-02 -2.258630955551262001e-03 9.997234798117619059e-01 1.809110299999999949e+00
9.995764971406074784e-01 -1.380550298732020897e-02 -2.561707343511731086e-02 -2.280839999999999951e-02 1.397899396489393417e-02 9.998804684843560775e-01 6.605790734959085184e-03 1.918199999999999896e-03 2.552281512377816211e-02 -6.961094078642031391e-03 9.996500032898442134e-01 1.944380299999999950e+00
9.995649257849880120e-01 -1.332143969218684866e-02 -2.631536404800309537e-02 -2.485249999999999959e-02 1.354060468110554645e-02 9.998749614422854926e-01 8.167833596373122104e-03 2.119300000000000177e-03 2.620326631016690194e-02 -8.520605924196218359e-03 9.996203219769809190e-01 2.011046599999999795e+00
9.995480655384900714e-01 -1.126670290740995097e-02 -2.786980595301085176e-02 -2.900350000000000150e-02 1.139068132099013524e-02 9.999259053932307850e-01 4.293728283376727593e-03 2.803799999999999955e-03 2.781936478976407626e-02 -4.609243877685689599e-03 9.996023398399835891e-01 2.140908200000000150e+00
9.995351423668514812e-01 -1.094006216061085314e-02 -2.845723481998805801e-02 -3.126070000000000237e-02 1.102176130659571034e-02 9.999355708819224198e-01 2.715669851843237857e-03 3.106499999999999886e-03 2.842569174845882216e-02 -3.028056301615149846e-03 9.995913219529548588e-01 2.204007400000000061e+00
9.994763863826712225e-01 -1.040512011102897108e-02 -3.063799175717204365e-02 -3.578619999999999718e-02 1.047213373632021119e-02 9.999431099667589473e-01 2.027620530280504346e-03 2.988399999999999997e-03 3.061515112564538316e-02 -2.347403987653456058e-03 9.995284899471713613e-01 2.328339300000000112e+00
9.994103507399911823e-01 -1.004978430066277503e-02 -3.283218952915072791e-02 -3.794320000000000331e-02 1.009044196216982853e-02 9.999485146209760034e-01 1.072887837512322747e-03 3.061200000000000032e-03 3.281971686008283012e-02 -1.403546512927716233e-03 9.994603024845009065e-01 2.390114800000000095e+00
9.993549816073239445e-01 -1.004400881171205358e-02 -3.447808903659706214e-02 -4.075259999999999994e-02 1.009233810830900864e-02 9.999483170437321045e-01 1.227987343359440752e-03 3.029299999999999961e-03 3.446397319133180648e-02 -1.575159800822720007e-03 9.994046995204041162e-01 2.450519100000000172e+00
9.992711086218185601e-01 -9.865026503878672123e-03 -3.687726570394656705e-02 -4.276340000000000002e-02 9.946950942389001446e-03 9.999484495474858514e-01 2.038728655023950946e-03 3.633799999999999964e-03 3.685525255199601641e-02 -2.404058996131453081e-03 9.993177226786642553e-01 2.511336299999999966e+00
9.991873565677467095e-01 -1.044433982116560813e-02 -3.892996584712796887e-02 -4.515550000000000119e-02 1.062292302689833018e-02 9.999339680827927790e-01 4.383261407318343392e-03 3.738299999999999956e-03 3.888161495518323990e-02 -4.793249409357658308e-03 9.992323277289303363e-01 2.571496699999999969e+00
9.991250833080324023e-01 -9.242601702850402473e-03 -4.078777045242439059e-02 -4.806860000000000299e-02 9.485218031131024963e-03 9.999384318191448795e-01 5.758750730085229232e-03 3.968600000000000079e-03 4.073203338429232101e-02 -6.140593198691567285e-03 9.991512370865328618e-01 2.630151999999999823e+00
9.990455520683056978e-01 -8.056388714514287411e-03 -4.293110170278505860e-02 -5.066179999999999989e-02 8.322022809823815745e-03 9.999472965504162536e-01 6.012325495734410774e-03 4.277300000000000373e-03 4.288040145435906975e-02 -6.363860651721777936e-03 9.990599443720674655e-01 2.688196200000000147e+00
9.989842528016938950e-01 -5.528058342656055196e-03 -4.472027756176662205e-02 -5.381550000000000222e-02 5.765433007413760941e-03 9.999699593626396599e-01 5.180748451513621407e-03 4.207699999999999982e-03 4.469029465642714027e-02 -5.433317885144182784e-03 9.989861143280625022e-01 2.745554400000000062e+00
9.989039458884371170e-01 -3.803384278816772986e-03 -4.665234352675057261e-02 -5.688340000000000063e-02 4.024048519376576157e-03 9.999811526104389614e-01 4.636966401829816127e-03 4.369800000000000073e-03 4.663382808674407243e-02 -4.819615329634179511e-03 9.989004241595106359e-01 2.801792400000000072e+00
9.988416552404374427e-01 -3.292954885582924981e-03 -4.800525184461058165e-02 -6.025350000000000150e-02 3.582621999571784527e-03 9.999758851618352207e-01 5.949278478295816699e-03 4.518499999999999947e-03 4.798450350010049353e-02 -6.114371834100790562e-03 9.988293657481858157e-01 2.856973200000000102e+00
9.987867252903904758e-01 8.744947484068892702e-04 -4.923730945769629053e-02 -6.621269999999999933e-02 -4.742847880118780278e-04 9.999667630212025760e-01 8.139281715106085405e-03 5.238600000000000374e-03 4.924279071740146618e-02 -8.106054023568341413e-03 9.987539433967352887e-01 2.965515100000000182e+00
9.988309098238357109e-01 4.225084146942607866e-03 -4.815560449667151410e-02 -6.959379999999999733e-02 -3.934892422314772292e-03 9.999735348460533357e-01 6.119332407529186509e-03 5.467800000000000091e-03 4.818018474553004138e-02 -5.922691232900920665e-03 9.988211008616340036e-01 3.017893799999999960e+00
9.990107864954957950e-01 6.333058668959669693e-03 -4.401523410759590471e-02 -7.526979999999999782e-02 -6.287417790026587558e-03 9.999795433193032768e-01 1.175295899459609253e-03 5.990599999999999571e-03 4.402177691989063446e-02 -8.973911149237919329e-04 9.990301686365643530e-01 3.120632899999999932e+00
9.992153256621152391e-01 1.164692238286683251e-02 -3.785607165251440170e-02 -8.003109999999999391e-02 -1.148048358379735040e-02 9.999234654761399721e-01 4.611039673304160626e-03 6.464600000000000034e-03 3.790687877727456218e-02 -4.172815499647803024e-03 9.992725634941503898e-01 3.222082400000000124e+00
9.993388644427783074e-01 2.115479404187838378e-02 -2.956871155907943652e-02 -8.469210000000000627e-02 -2.088983683728666899e-02 9.997390740515770258e-01 9.241132582472244908e-03 6.357699999999999983e-03 2.975649057146812979e-02 -8.617337381175012648e-03 9.995200311976388807e-01 3.318191500000000183e+00
9.994151197349053772e-01 2.901731416307662056e-02 -1.809458272594777206e-02 -8.773459999999999592e-02 -2.881292208964613202e-02 9.995191720007361447e-01 1.145601691771173936e-02 7.239899999999999634e-03 1.841830518589690491e-02 -1.092795871717259018e-02 9.997706465746806215e-01 3.409723000000000059e+00
9.993029244996458615e-01 3.706004757880287243e-02 -4.496438580919193996e-03 -8.924819999999999975e-02 -3.700078725251310791e-02 9.992356051576123388e-01 1.261535286841015784e-02 7.266400000000000116e-03 4.960527103985493992e-03 -1.244018724767068269e-02 9.999103134342066657e-01 3.495348900000000203e+00
9.989292747214408852e-01 4.502698984624438350e-02 1.062423126077117162e-02 -8.996510000000000618e-02 -4.515474371971717193e-02 9.989066265073586193e-01 1.210787509412771142e-02 7.934000000000000080e-03 -1.006743383900807025e-02 -1.257464532599392344e-02 9.998702541184144588e-01 3.574850999999999779e+00
9.978044872418914135e-01 5.112142667831626186e-02 4.210469064510195814e-02 -8.648480000000000056e-02 -5.148404768199695003e-02 9.986451047351583288e-01 7.572821322492729115e-03 8.351400000000000143e-03 -4.166050976913349135e-02 -9.723914997472481517e-03 9.990845046355677495e-01 3.712437400000000221e+00
9.967101183518862761e-01 5.581791261458204229e-02 5.876479053242468498e-02 -8.299539999999999695e-02 -5.640426682781702478e-02 9.983729632438159696e-01 8.365700650783031850e-03 8.577800000000000008e-03 -5.820222211037381910e-02 -1.165276341101006627e-02 9.982368027909519492e-01 3.770334200000000191e+00
9.949934995239547719e-01 6.413722633724572297e-02 7.664432205218259242e-02 -8.015310000000000490e-02 -6.491924090563472305e-02 9.978604025586792492e-01 7.753010103611439156e-03 8.705700000000000244e-03 -7.598307749301770608e-02 -1.268988586219161815e-02 9.970283540258494392e-01 3.819708100000000162e+00
9.922011708757417781e-01 6.131070062060284959e-02 1.085257319819499522e-01 -7.219180000000000041e-02 -6.192701157679564999e-02 9.980779969166849730e-01 2.314585912253337621e-03 8.209899999999999143e-03 -1.081752363065348055e-01 -9.017209113056694203e-03 9.940909456331632477e-01 3.883983399999999975e+00
9.884740986904834159e-01 6.402521982515065047e-02 1.371850117337080621e-01 -6.569650000000000489e-02 -6.406208949281667897e-02 9.979372820652124831e-01 -4.150873897236661940e-03 8.386299999999999311e-03 -1.371677983633579623e-01 -4.685327164409049290e-03 9.905367448012777354e-01 3.925069099999999978e+00
9.831939205857178621e-01 6.620825018674628137e-02 1.701357755749634548e-01 -5.750770000000000187e-02 -6.599992819401451216e-02 9.977958657124287312e-01 -6.886206907284871115e-03 8.310200000000000226e-03 -1.702166971882313473e-01 -4.458472204042693982e-03 9.853965689121998439e-01 3.965296700000000119e+00
9.528263699607221193e-01 6.946125634061914300e-02 2.954607293280373526e-01 -2.243670000000000039e-02 -6.804184581133035370e-02 9.975682521002132708e-01 -1.509601339136740911e-02 6.585800000000000161e-03 -2.957908313759236574e-01 -5.719813747666470209e-03 9.552356085304984923e-01 4.078457399999999566e+00
9.107343721112427515e-01 7.294194734351108766e-02 4.065001547021562245e-01 1.327640000000000070e-02 -7.060579646493159167e-02 9.972881391296138931e-01 -2.076509226910758232e-02 4.120099999999999804e-03 -4.069124291056899767e-01 -9.789783916325935087e-03 9.134147114920903032e-01 4.152553100000000441e+00
8.786355307744158072e-01 6.961267405034178568e-02 4.723914475012450653e-01 3.744190000000000018e-02 -6.395362057247612475e-02 9.975585728297625687e-01 -2.805045791995272597e-02 3.100100000000000165e-03 -4.731908055704722171e-01 -5.565014412214316572e-03 8.809423886600981080e-01 4.188286299999999684e+00
8.374869423043357353e-01 7.338586189800926085e-02 5.415072822624091842e-01 6.457809999999999939e-02 -6.295526676235958796e-02 9.973006323797072303e-01 -3.778998600047589473e-02 1.690199999999999992e-03 -5.428188057322760329e-01 -2.442115583328109685e-03 8.398462836822362387e-01 4.223534599999999806e+00
7.857406582189060407e-01 8.063270758133678218e-02 6.132780645757867077e-01 9.741629999999999734e-02 -6.734302534156466624e-02 9.967250633259652215e-01 -4.476678540721835964e-02 2.430000000000000112e-05 -6.148792848678230616e-01 -6.124916811940672029e-03 7.885974577910336292e-01 4.259977300000000078e+00
7.229037652112927370e-01 8.592217608934374362e-02 6.855855350715970298e-01 1.366593000000000113e-01 -7.045502621529733944e-02 9.962325652700803058e-01 -5.056446555039323387e-02 -2.337000000000000102e-03 -6.873472452293222235e-01 -1.174970431402204765e-02 7.262339216286960442e-01 4.297478700000000096e+00
5.591046457321245944e-01 8.148623672351792968e-02 8.250830190625633165e-01 2.397728000000000081e-01 -5.846424449672799756e-02 9.965560953392816890e-01 -5.880374951949293022e-02 -8.696000000000000604e-03 -8.270332080613100878e-01 -1.536040581375550801e-02 5.619431739037805684e-01 4.368304300000000140e+00
4.627439539244090350e-01 7.853572594673524643e-02 8.830063266231016339e-01 3.041291999999999884e-01 -5.346662290870009965e-02 9.967272603265184827e-01 -6.063075751408297104e-02 -1.247670000000000029e-02 -8.848781573420960722e-01 -1.915484983005501934e-02 4.654285534717920170e-01 4.398634000000000377e+00
3.629976315428372069e-01 7.638805133523843272e-02 9.286536410888054371e-01 3.764549999999999841e-01 -5.604931819567660761e-02 9.966193320416171231e-01 -6.006980048843647141e-02 -1.599590000000000040e-02 -9.301027864833492087e-01 -3.024520811840689799e-02 3.660519552765478801e-01 4.425393099999999968e+00
2.667277848616653180e-01 7.329463473519731709e-02 9.609808454396078226e-01 4.530261999999999900e-01 -4.294298701616447445e-02 9.970175578175346498e-01 -6.412401476583069748e-02 -2.057569999999999885e-02 -9.628147218696434528e-01 -2.416373155356909067e-02 2.690797752126464770e-01 4.443501900000000226e+00
2.230282275696009175e-01 6.741619965806017190e-02 9.724780026976586056e-01 4.942124999999999990e-01 -2.943123503181261508e-02 9.976166100011694127e-01 -6.240914880269568532e-02 -2.300690000000000027e-02 -9.743675959881182846e-01 -1.470222681906978301e-02 2.244808063396426245e-01 4.449019899999999694e+00
1.807086639571791054e-01 6.627414332642750372e-02 9.813012364698004975e-01 5.374472000000000138e-01 -2.040414464406407544e-02 9.977650389595986713e-01 -6.362859350397920277e-02 -2.547860000000000055e-02 -9.833249969629346277e-01 -8.524374246750204831e-03 1.816570543401656579e-01 4.454518799999999779e+00
1.423324793726979121e-01 6.804575928719483469e-02 9.874772098426625178e-01 5.810625999999999847e-01 -1.730201365567701072e-02 9.976528303038835199e-01 -6.625307925001935883e-02 -2.746569999999999914e-02 -9.896676743427963441e-01 -7.655379133636470296e-03 1.431757295467391833e-01 4.458934799999999754e+00
8.062929627788846532e-02 6.721116141034602642e-02 9.944755282879537139e-01 6.721572999999999576e-01 -6.855854464815139271e-04 9.977274634387488517e-01 -6.737535656807806805e-02 -3.315390000000000004e-02 -9.967439222560264822e-01 4.750629637479700240e-03 8.049214224829304154e-02 4.464007900000000362e+00
5.555501310524935815e-02 6.547904899598357142e-02 9.963062454192773698e-01 7.196242999999999945e-01 6.262472170258090443e-03 9.978048138284608681e-01 -6.592673921154676431e-02 -3.607090000000000296e-02 -9.984359879136931459e-01 9.901900995876396910e-03 5.502299878664873578e-02 4.465295300000000189e+00
1.992858116150415110e-02 6.641155026488916591e-02 9.975932826780179452e-01 8.172584000000000515e-01 1.323489293327075045e-02 9.976864884667199229e-01 -6.668214408663304671e-02 -4.109290000000000165e-02 -9.997138036767995173e-01 1.453192080764725835e-02 1.900352640185676290e-02 4.465692999999999913e+00
6.578250155393397698e-03 6.614136443255320963e-02 9.977885780744805144e-01 8.676903000000000254e-01 1.409848832210986933e-02 9.977048579025639130e-01 -6.622876372586136706e-02 -4.403490000000000182e-02 -9.998789723021105358e-01 1.450297999118883852e-02 5.630658882473493776e-03 4.465526099999999943e+00
-1.439220540242424663e-02 7.004161140817893871e-02 9.974402423679324947e-01 9.716919000000000528e-01 1.971633392200616494e-02 9.973694918457620684e-01 -6.975215345781224374e-02 -4.983159999999999673e-02 -9.997020209043943062e-01 1.866197756594666080e-02 -1.573531038771480706e-02 4.463845700000000249e+00
-2.074498698894508553e-02 7.169675557713281466e-02 9.972107203367507333e-01 1.025215500000000057e+00 2.395884059775176683e-02 9.971745787052215260e-01 -7.119574103326212211e-02 -5.329310000000000297e-02 -9.994976835751246957e-01 2.241505796951409613e-02 -2.240414479919516921e-02 4.461744799999999955e+00
-2.893594017083977663e-02 6.850175987546841538e-02 9.972312772172730044e-01 1.136711000000000027e+00 2.210240901834792729e-02 9.974489540400617305e-01 -6.787538287164615602e-02 -5.917990000000000056e-02 -9.993368775753327382e-01 2.007717555709889051e-02 -3.037617717281415608e-02 4.458945299999999889e+00
-3.179884490145511167e-02 6.180581919822456666e-02 9.975815125473055378e-01 1.193939199999999978e+00 2.005579652054376855e-02 9.979247565067527193e-01 -6.118778780822907437e-02 -6.222740000000000216e-02 -9.992930493548226600e-01 1.806159085392803135e-02 -3.297241948910567544e-02 4.457777000000000100e+00
-3.325501194339398892e-02 5.334938291268023769e-02 9.980220175544632921e-01 1.311556100000000002e+00 2.380077270384052188e-02 9.983334145298844442e-01 -5.257296502768470103e-02 -6.884969999999999979e-02 -9.991634638032683702e-01 2.200538061334683312e-02 -3.446934616027541587e-02 4.453106400000000242e+00
-3.200814552534050894e-02 6.311470605013054513e-02 9.974928633831092739e-01 1.431056300000000059e+00 2.793697526416751009e-02 9.976707943970177794e-01 -6.222950602658496033e-02 -7.474190000000000000e-02 -9.990970943972952156e-01 2.587508236564855721e-02 -3.369682595516954038e-02 4.448427699999999874e+00
-2.762623541671583791e-02 7.198486406214178734e-02 9.970230541279653247e-01 1.553348500000000021e+00 2.944819662604747715e-02 9.970294513021407123e-01 -7.116935402001275945e-02 -8.069320000000000659e-02 -9.991844648673108287e-01 2.739438961005024112e-02 -2.966399477007319874e-02 4.445138000000000034e+00
-2.286194531017824230e-02 6.123858394118256165e-02 9.978612966206842350e-01 1.679982300000000039e+00 2.842809590039563350e-02 9.977583832879707293e-01 -6.058095362449052862e-02 -8.816709999999999825e-02 -9.993343658756624892e-01 2.698229818702440469e-02 -2.455159392858585754e-02 4.442122000000000348e+00
-1.671944947941740242e-02 6.511573542286358540e-02 9.977376413714404979e-01 1.806133599999999895e+00 3.416866634509989342e-02 9.973314914559338051e-01 -6.451665204022755118e-02 -9.581979999999999664e-02 -9.992762191953248330e-01 3.301268166359995482e-02 -1.889975132310917072e-02 4.439582800000000162e+00
-1.113306881884443787e-02 7.105805216707691829e-02 9.974100500801541536e-01 1.931418999999999997e+00 2.992205443308275370e-02 9.970488537431013709e-01 -7.069833030610633839e-02 -1.032491999999999993e-01 -9.994902327872836612e-01 2.905746843392689044e-02 -1.322641640932398222e-02 4.439047799999999988e+00
-3.279464348904947632e-03 6.371635637034397948e-02 9.979626601453940316e-01 2.058969700000000014e+00 2.933705886034906202e-02 9.975446027283222383e-01 -6.359325864443730880e-02 -1.118007000000000029e-01 -9.995641960829771966e-01 2.906873747656081586e-02 -5.140662458293809856e-03 4.438962899999999934e+00
3.489353630129461790e-03 6.958849379415818492e-02 9.975696797430765317e-01 2.186414500000000150e+00 3.377887859395038717e-02 9.969982579073151108e-01 -6.966678613739769876e-02 -1.193165000000000059e-01 -9.994232395597867358e-01 3.393987715415532069e-02 1.128258207052867945e-03 4.438217200000000418e+00
1.416916231457387119e-02 6.641039382921938572e-02 9.976917832831694311e-01 2.377520300000000031e+00 3.363029972077255514e-02 9.971957745788562200e-01 -6.685499310272999263e-02 -1.322648999999999908e-01 -9.993338970434225699e-01 3.449995294957734077e-02 1.189602734036387943e-02 4.442010400000000025e+00
2.146350350211536848e-02 6.778016622902337251e-02 9.974693815267614561e-01 2.504963899999999910e+00 4.081578866598517541e-02 9.968080352737300753e-01 -6.861349873967771684e-02 -1.405991000000000046e-01 -9.989361287955240698e-01 4.218518554767869411e-02 1.862849181548531519e-02 4.443621199999999938e+00
2.771016822324014889e-02 6.623480585900658191e-02 9.974192183178843818e-01 2.633248299999999986e+00 4.259909889339232730e-02 9.968176742947773006e-01 -6.737834212135350442e-02 -1.487925999999999971e-01 -9.987078969100579018e-01 4.435622511407937008e-02 2.480044239763479208e-02 4.446874600000000122e+00
3.396644808907903212e-02 6.547735286159148127e-02 9.972757876668070232e-01 2.761872299999999836e+00 4.273982253933976405e-02 9.968435554693660938e-01 -6.690465969197099960e-02 -1.570106000000000002e-01 -9.985086819720283557e-01 4.489590383800444451e-02 3.106074443813300334e-02 4.451687299999999681e+00
3.989707365337608058e-02 6.758594973757831026e-02 9.969154241519019299e-01 2.891401800000000133e+00 4.179463174791944041e-02 9.967237610297960959e-01 -6.924559881807361428e-02 -1.644522999999999957e-01 -9.983293205505651136e-01 4.442840979246646949e-02 3.694163142526030175e-02 4.457084199999999719e+00
4.453014402110815756e-02 6.759326721048326825e-02 9.967187248673875510e-01 3.021604500000000026e+00 3.787021885736367721e-02 9.968770843892689193e-01 -6.929592443459924034e-02 -1.727995999999999976e-01 -9.982899943388966468e-01 4.083171374510894541e-02 4.183130831665127225e-02 4.464125600000000027e+00
5.086489618075220459e-02 6.959235852685662083e-02 9.962779059936994752e-01 3.152551900000000185e+00 3.340737002938558298e-02 9.968923837318659498e-01 -7.134089209645375074e-02 -1.814508999999999983e-01 -9.981466375058531959e-01 3.691177172756131275e-02 4.838192992937961900e-02 4.470849000000000295e+00
5.740287561098825209e-02 7.511041837125179144e-02 9.955216396059326511e-01 3.284919499999999992e+00 3.229870394206495188e-02 9.965041719242485607e-01 -7.704692765600984483e-02 -1.905909000000000075e-01 -9.978284940786427137e-01 3.657677390999783396e-02 5.477623586086077800e-02 4.479183700000000101e+00
6.307169175468160804e-02 7.653221000003075647e-02 9.950702399990232205e-01 3.418140600000000084e+00 2.232550988307906506e-02 9.966976784624114183e-01 -7.807246221363862981e-02 -1.996773000000000020e-01 -9.977592561874146782e-01 2.713961274872369808e-02 6.115478813785835133e-02 4.488905899999999782e+00
7.063390350791232120e-02 7.820470684631698755e-02 9.944319360832681864e-01 3.552514099999999786e+00 2.357932934478430831e-02 9.965124731580146111e-01 -8.004315128821105907e-02 -2.098304000000000002e-01 -9.972235791952001049e-01 2.910179835643961210e-02 6.854355133443268411e-02 4.498316299999999934e+00
7.851519502093501357e-02 7.737203957035991564e-02 9.939058967747131934e-01 3.688669899999999835e+00 1.876998236156965372e-02 9.966922055667793989e-01 -7.907170874955991857e-02 -2.191014000000000017e-01 -9.967361997604835544e-01 2.486392678463170136e-02 7.680321107790721857e-02 4.510034100000000379e+00
8.810645230156186059e-02 8.045559860116369144e-02 9.928565604942946043e-01 3.825466899999999892e+00 1.560000747122894382e-02 9.964991027415245339e-01 -8.213512039459230918e-02 -2.300780000000000047e-01 -9.959889019611262162e-01 2.272520382889884130e-02 8.654289272496495933e-02 4.523160500000000361e+00
1.016136398719324763e-01 9.413274766477938704e-02 9.903603859247686048e-01 3.961954799999999999e+00 1.228720466921929405e-02 9.953185324687107149e-01 -9.586471470644880588e-02 -2.406928000000000123e-01 -9.947480549332049504e-01 2.190992335475129560e-02 9.998131057950276901e-02 4.537378300000000309e+00
1.157840056538566031e-01 9.519616211496891023e-02 9.887020556028638385e-01 4.099965100000000362e+00 4.490822599988772423e-03 9.953363352419937193e-01 -9.636084401567364399e-02 -2.530799000000000243e-01 -9.932642631984316406e-01 1.559713004427785987e-02 1.148165187908898321e-01 4.555092300000000094e+00
1.306050276238450991e-01 8.964969385885074304e-02 9.873729078470753207e-01 4.238965000000000316e+00 3.762846840652332714e-03 9.958513429998341326e-01 -9.091723504968973746e-02 -2.659468999999999861e-01 -9.914273386098592100e-01 1.558958102198641088e-02 1.297258540944343785e-01 4.573886400000000130e+00
1.452979052134783511e-01 7.710980797978486678e-02 9.863785258479097484e-01 4.379167100000000090e+00 -1.298112543169770150e-03 9.969722950273492978e-01 -7.774675460574143049e-02 -2.770357999999999987e-01 -9.893870999989843318e-01 1.001601024464409545e-02 1.449580832322877599e-01 4.595201000000000313e+00
1.600568606607639111e-01 7.604300274281280969e-02 9.841744068452894512e-01 4.517294899999999558e+00 -1.383523744019468649e-03 9.970446014171653326e-01 -7.681242508172489436e-02 -2.881401000000000101e-01 -9.871068266492085685e-01 1.093272695819427071e-02 1.596890361414553539e-01 4.617909400000000275e+00
1.709797640897161852e-01 8.640762102117385823e-02 9.814782948701851195e-01 4.651376700000000142e+00 -2.064849556551257015e-03 9.961762544965016009e-01 -8.734189357708062318e-02 -2.980784000000000211e-01 -9.852723768928740578e-01 1.290709133703095424e-02 1.705043997235371478e-01 4.641791800000000023e+00
1.808361485665459512e-01 8.891716756111546494e-02 9.794855918718391452e-01 4.783419600000000216e+00 -6.007369042071594722e-03 9.959861215996578254e-01 -8.930597459332687005e-02 -3.097204000000000068e-01 -9.834948901183019343e-01 1.026561706767298993e-02 1.806444524955289621e-01 4.667696000000000289e+00
1.907866416415129052e-01 7.936290907806389794e-02 9.784181038972143973e-01 4.914022899999999971e+00 -1.605256165719055883e-03 9.967503366135793685e-01 -8.053688355876871541e-02 -3.204816999999999805e-01 -9.816302157756737756e-01 1.379474984851893071e-02 1.902940470766792957e-01 4.692958400000000196e+00
1.972049832237227351e-01 6.984780843465450417e-02 9.778708903779714801e-01 5.042136199999999846e+00 -7.091230164943465586e-03 9.975342433068947745e-01 -6.982225923649690302e-02 -3.306379999999999875e-01 -9.803366304726549574e-01 6.834989906107390156e-03 1.972140306025521594e-01 4.720187700000000319e+00
2.024344264938663929e-01 7.194760665356297880e-02 9.766492947148037729e-01 5.166269800000000245e+00 -1.037299653040134675e-02 9.973991088237875724e-01 -7.132614289651988126e-02 -3.397395000000000276e-01 -9.792408814551605278e-01 4.308087085780981651e-03 2.026542288544249670e-01 4.747181399999999662e+00
2.058719603163551848e-01 8.055744831423049257e-02 9.752575216201109232e-01 5.286060799999999560e+00 -1.603581719067406763e-02 9.967497782568527365e-01 -7.894765425230905465e-02 -3.487471999999999794e-01 -9.784475399951335639e-01 6.140570127707439818e-04 2.064946353091448028e-01 4.773971600000000315e+00
2.095478755280942573e-01 8.759164971980271108e-02 9.738672346685791625e-01 5.403469099999999692e+00 -1.544889440997095770e-02 9.961518480567919109e-01 -8.627182201940458706e-02 -3.583045000000000258e-01 -9.776763367920754400e-01 3.032904944378793377e-03 2.100946976114020925e-01 4.800060300000000169e+00
2.115800600124067843e-01 8.438353020254768522e-02 9.737110957751802243e-01 5.518027799999999594e+00 -1.757707578981279606e-02 9.964332888545852640e-01 -8.253331005790318087e-02 -3.680640000000000023e-01 -9.772026016194521603e-01 3.474089672517235994e-04 2.123086307599951761e-01 4.825913899999999757e+00
2.121397262578357534e-01 8.073255274157156713e-02 9.738988610071783736e-01 5.629807900000000309e+00 -1.675859784601237829e-02 9.967357060863932805e-01 -7.897519617382751933e-02 -3.771635999999999878e-01 -9.770956380731037338e-01 4.325971431658193200e-04 2.128002042250560777e-01 4.850891599999999748e+00
2.086824114312996192e-01 8.087635372902868269e-02 9.746336063191721744e-01 5.737565499999999652e+00 -1.856948569514840081e-02 9.967227460984768861e-01 -7.873335767594821788e-02 -3.861566000000000165e-01 -9.778071514159812905e-01 -1.668177870654853623e-03 2.095003384779040578e-01 4.875123000000000317e+00
2.044733815679269096e-01 8.739869479482398340e-02 9.749626169132526998e-01 5.841814499999999910e+00 -1.747948184264538907e-02 9.961733027204660029e-01 -8.563421431595819033e-02 -3.949819999999999998e-01 -9.787160486804583615e-01 4.680760195032926396e-04 2.052186077336808356e-01 4.897065200000000118e+00
2.006393623125475312e-01 8.677831114624862119e-02 9.758142092659951583e-01 5.943681699999999957e+00 -1.550461757404823782e-02 9.962256272193706907e-01 -8.540554142006230587e-02 -4.030624999999999902e-01 -9.795424713225542313e-01 2.006087230487660356e-03 2.012275390927565910e-01 4.917988300000000201e+00
1.961933030926306665e-01 7.981366126479966239e-02 9.773116019454141101e-01 6.043411700000000053e+00 -1.586144578429535268e-02 9.968097890067690869e-01 -7.822185805714698681e-02 -4.119249999999999856e-01 -9.804369446115520637e-01 -1.549702823454221501e-04 1.968333651213040048e-01 4.938333499999999709e+00
1.927112302547521472e-01 8.034245282483337691e-02 9.779608744769852091e-01 6.139309899999999764e+00 -8.478084671361733882e-03 9.967415531780117188e-01 -8.021470095057428584e-02 -4.199188999999999838e-01 -9.812188868004965148e-01 7.167038605607384261e-03 1.927644410767209715e-01 4.956092400000000175e+00
1.884334770143894500e-01 8.401164501264650475e-02 9.784860081996761272e-01 6.233034100000000244e+00 -4.992036215831829882e-03 9.964034509849793997e-01 -8.458866614176942245e-02 -4.273447000000000218e-01 -9.820732683026697218e-01 1.105469888748547569e-02 1.881751559526911866e-01 4.974278499999999603e+00
1.857963574882915414e-01 8.530574247108385633e-02 9.788782579287069741e-01 6.326826099999999897e+00 -3.682386095928164016e-03 9.962776976597603751e-01 -8.612310478848010653e-02 -4.347700999999999927e-01 -9.825813724963055051e-01 1.239675147867899674e-02 1.854188959519832425e-01 4.992374400000000101e+00
1.891666114227661399e-01 8.176934862328485987e-02 9.785344995188223205e-01 6.421756300000000195e+00 7.364555182578239045e-03 9.963806152563484675e-01 -8.468431300036118048e-02 -4.422595999999999750e-01 -9.819173877927771521e-01 2.322591585070617193e-02 1.878797497951946172e-01 5.008530600000000277e+00
1.943634783348134609e-01 8.074958410589969104e-02 9.776002981568269190e-01 6.516373599999999655e+00 7.587741286576916988e-03 9.964524151008419262e-01 -8.381533643592604943e-02 -4.500504000000000171e-01 -9.809002316605702765e-01 2.370841847158366988e-02 1.930612504409308094e-01 5.027641799999999606e+00
2.059839122217580198e-01 8.037447633422917237e-02 9.752489792149580117e-01 6.612170700000000068e+00 7.558217035966367792e-03 9.964607369973791373e-01 -8.371901204551564224e-02 -4.573840000000000128e-01 -9.785261883368560065e-01 2.461591307748710322e-02 2.046473932458101608e-01 5.048728500000000174e+00
2.218437575332808664e-01 7.849958122263511751e-02 9.719172613918254378e-01 6.710062500000000263e+00 6.080599700936738239e-03 9.966234028291235392e-01 -8.188296062414669729e-02 -4.648122000000000087e-01 -9.750632664349487833e-01 2.407506347176477726e-02 2.206173559991113642e-01 5.072064400000000362e+00
2.403186555312370187e-01 7.787220653332846410e-02 9.675654309933200414e-01 6.809683299999999662e+00 1.531542759245135832e-03 9.967452640987654044e-01 -8.060107240886418833e-02 -4.727156000000000136e-01 -9.706928444057033589e-01 2.085180918560783359e-02 2.394172171612805045e-01 5.098199400000000381e+00
2.593899343981937999e-01 8.377333697835948056e-02 9.621324700603398616e-01 6.911263499999999560e+00 -7.169033475003576406e-03 9.963703564471395602e-01 -8.482168208915827345e-02 -4.804270999999999958e-01 -9.657460675001140471e-01 1.510433066740075880e-02 2.590490152522391121e-01 5.127244499999999761e+00
2.803011087219727249e-01 8.815789184446633231e-02 9.558553627797313768e-01 7.015443799999999896e+00 -1.248490150086670192e-02 9.960244083239429003e-01 -8.820150371424048674e-02 -4.886669000000000151e-01 -9.598309307809090862e-01 1.278921922866663868e-02 2.802873885635502882e-01 5.159205000000000041e+00
2.902887991412774205e-01 8.897240118633323314e-02 9.527939572227845932e-01 7.068703199999999853e+00 -1.551267953988124532e-02 9.959750395757021035e-01 -8.827840798106662001e-02 -4.929271000000000069e-01 -9.568133411834349733e-01 1.084584571699522687e-02 2.905005985606141650e-01 5.176348199999999622e+00
3.106285572673710971e-01 9.023884756744839086e-02 9.462382627011496350e-01 7.177569899999999947e+00 -2.061754616953546948e-02 9.958888981541875740e-01 -8.820555154402362485e-02 -5.015684000000000253e-01 -9.503077481531643222e-01 7.890052150470783232e-03 3.112120352382347077e-01 5.214013600000000359e+00
3.212587309076848086e-01 8.540021811039506805e-02 9.431328806495299366e-01 7.232921100000000436e+00 -2.019491264928277574e-02 9.963167707607324397e-01 -8.333701340937343938e-02 -5.057789999999999786e-01 -9.467761051688362572e-01 7.726257024148315555e-03 3.218001113016047965e-01 5.233095200000000169e+00
3.317757568461005557e-01 7.839196803288249471e-02 9.400954986155015680e-01 7.289899300000000082e+00 -1.650165318669473066e-02 9.968711056720823693e-01 -7.730261391587123221e-02 -5.100571999999999884e-01 -9.432139431811338293e-01 1.013400335759422066e-02 3.320312626314653182e-01 5.253660700000000183e+00
3.531446920985992777e-01 7.057503432168801827e-02 9.329029911909801909e-01 7.407293300000000080e+00 -1.550754360681428842e-02 9.974552619544708731e-01 -6.958819217813087821e-02 -5.186374999999999735e-01 -9.354401865078644240e-01 1.010766688362256527e-02 3.533404767873352670e-01 5.298358399999999691e+00
3.710908655145498392e-01 6.275488578618015900e-02 9.264736336462174870e-01 7.527124399999999937e+00 -2.535103041171705290e-03 9.977785815509434553e-01 -6.656932815312086027e-02 -5.255482999999999683e-01 -9.285930986089830919e-01 2.235456347484177791e-02 3.704256075214243937e-01 5.345428899999999928e+00
3.853592615572563607e-01 4.901342010587556031e-02 9.214640113328196325e-01 7.650221300000000113e+00 1.211169130823559412e-02 9.982336838087536579e-01 -5.816201030964392171e-02 -5.327507999999999688e-01 -9.226871335754605052e-01 3.357375700052152301e-02 3.840849598398378140e-01 5.394662399999999636e+00
4.002106113109357155e-01 5.489730656822150445e-02 9.147774332184204216e-01 7.773055099999999662e+00 1.666449391977831498e-02 9.976031462710527320e-01 -6.715844840743613597e-02 -5.405991999999999464e-01 -9.162716634473231370e-01 4.212182666565272848e-02 3.983365291833325106e-01 5.447494999999999976e+00
4.125583927862673250e-01 6.134946213132314724e-02 9.088629247789843379e-01 7.895345200000000396e+00 1.859295574634122622e-02 9.969545708166844822e-01 -7.573563048087061933e-02 -5.486718999999999902e-01 -9.107413872984069236e-01 4.814381812774853192e-02 4.101613075825847332e-01 5.502895800000000115e+00
4.208610712608498172e-01 6.626363321621256408e-02 9.047016577912063706e-01 8.015600199999999731e+00 5.107882656006711847e-03 9.971395092040080677e-01 -7.541026932164136831e-02 -5.588020999999999683e-01 -9.071107254530410557e-01 3.635835663746740665e-02 4.193187351772877935e-01 5.561099999999999710e+00
4.290154433712884963e-01 7.360467894424946311e-02 9.002933414095933840e-01 8.132434800000000408e+00 8.804744874872719174e-04 9.966400641456548692e-01 -8.190120453584182059e-02 -5.686607000000000189e-01 -9.032967253973710475e-01 3.592956689495258038e-02 4.275091719590674577e-01 5.617301000000000322e+00
4.363720941097183337e-01 7.546042394819424404e-02 8.965964085918800563e-01 8.246845199999999210e+00 -3.377235672791391308e-03 9.966073293039118264e-01 -8.223396778056256406e-02 -5.780800999999999856e-01 -8.997599623018959214e-01 3.285659135216202620e-02 4.351464749290834266e-01 5.673898699999999629e+00
