1.000000e+00 -1.822835e-10 5.241111e-10 -5.551115e-17 -1.822835e-10 9.999999e-01 -5.072855e-10 -3.330669e-16 5.241111e-10 -5.072855e-10 9.999999e-01 2.220446e-16
9.999986e-01 7.122128e-04 1.533514e-03 -1.101102e-02 -7.055720e-04 9.999903e-01 -4.327036e-03 -1.712164e-02 -1.536580e-03 4.325946e-03 9.999894e-01 9.617130e-01
9.999968e-01 -1.383964e-03 2.129266e-03 -1.699529e-02 1.395070e-03 9.999853e-01 -5.223267e-03 -3.304158e-02 -2.122006e-03 5.226219e-03 9.999840e-01 1.924885e+00
9.999935e-01 -2.875213e-03 2.196984e-03 -3.106702e-02 2.877221e-03 9.999954e-01 -9.111935e-04 -6.341853e-02 -2.194353e-03 9.175076e-04 9.999971e-01 2.888054e+00
9.999894e-01 -4.378258e-03 1.426928e-03 -4.462738e-02 4.370282e-03 9.999750e-01 5.546374e-03 -9.503621e-02 -1.451175e-03 -5.540079e-03 9.999835e-01 3.848312e+00
9.999613e-01 -8.800744e-03 4.930361e-05 -5.337242e-02 8.800421e-03 9.999503e-01 4.659577e-03 -1.222173e-01 -9.030788e-05 -4.658963e-03 9.999891e-01 4.806551e+00
9.999329e-01 -1.154122e-02 -9.928825e-04 -6.458549e-02 1.154281e-02 9.999320e-01 1.608232e-03 -1.448705e-01 9.742552e-04 -1.619585e-03 9.999981e-01 5.738958e+00
9.999251e-01 -1.210851e-02 -1.791951e-03 -7.542792e-02 1.210590e-02 9.999256e-01 -1.463266e-03 -1.535673e-01 1.809537e-03 1.441462e-03 9.999973e-01 6.676395e+00
9.999307e-01 -1.148261e-02 -2.596193e-03 -8.936429e-02 1.147713e-02 9.999318e-01 -2.115606e-03 -1.678814e-01 2.620310e-03 2.085662e-03 9.999943e-01 7.606157e+00
9.999351e-01 -1.082459e-02 -3.547008e-03 -1.013034e-01 1.082533e-02 9.999413e-01 1.915052e-04 -1.791661e-01 3.544728e-03 -2.298913e-04 9.999936e-01 8.535486e+00
9.999332e-01 -1.074628e-02 -4.252912e-03 -1.141317e-01 1.075959e-02 9.999372e-01 3.119014e-03 -1.865848e-01 4.219129e-03 -3.164566e-03 9.999860e-01 9.465868e+00
9.999267e-01 -1.090491e-02 -5.254531e-03 -1.275574e-01 1.092822e-02 9.999304e-01 4.428359e-03 -1.916301e-01 5.205877e-03 -4.485457e-03 9.999763e-01 1.038892e+01
9.999051e-01 -1.246298e-02 -5.868031e-03 -1.421945e-01 1.249287e-02 9.999090e-01 5.084305e-03 -1.997185e-01 5.804133e-03 -5.157132e-03 9.999698e-01 1.133952e+01
9.998969e-01 -1.263069e-02 -6.826217e-03 -1.548813e-01 1.266478e-02 9.999074e-01 4.973288e-03 -2.155601e-01 6.762771e-03 -5.059228e-03 9.999643e-01 1.222345e+01
9.998890e-01 -1.287236e-02 -7.500847e-03 -1.693123e-01 1.289812e-02 9.999110e-01 3.394724e-03 -2.354858e-01 7.456483e-03 -3.491094e-03 9.999660e-01 1.313325e+01
9.998699e-01 -1.336574e-02 -9.034486e-03 -1.849063e-01 1.337692e-02 9.999098e-01 1.177817e-03 -2.602522e-01 9.017931e-03 -1.298518e-03 9.999584e-01 1.404136e+01
9.998368e-01 -1.468699e-02 -1.051998e-02 -1.992846e-01 1.468671e-02 9.998921e-01 -1.034110e-04 -2.760574e-01 1.052037e-02 -5.111081e-05 9.999446e-01 1.494552e+01
9.998231e-01 -1.432671e-02 -1.218625e-02 -2.169483e-01 1.431971e-02 9.998972e-01 -6.616172e-04 -2.851106e-01 1.219448e-02 4.869955e-04 9.999255e-01 1.584627e+01
9.998148e-01 -1.159649e-02 -1.536125e-02 -2.548521e-01 1.157275e-02 9.999316e-01 -1.633665e-03 -2.982439e-01 1.537915e-02 1.455589e-03 9.998806e-01 1.763484e+01
9.997832e-01 -1.213664e-02 -1.691845e-02 -2.730779e-01 1.212689e-02 9.999262e-01 -6.787551e-04 -3.044055e-01 1.692545e-02 4.734386e-04 9.998566e-01 1.852684e+01
9.997407e-01 -1.132286e-02 -1.975877e-02 -3.146034e-01 1.134559e-02 9.999350e-01 1.038627e-03 -3.236882e-01 1.974573e-02 -1.262534e-03 9.998042e-01 2.029478e+01
9.996529e-01 -1.268780e-02 -2.308809e-02 -3.517749e-01 1.269885e-02 9.999192e-01 3.318073e-04 -3.205089e-01 2.308202e-02 -6.248852e-04 9.997333e-01 2.203793e+01
9.996297e-01 -1.261378e-02 -2.411198e-02 -3.725490e-01 1.263650e-02 9.999198e-01 7.899130e-04 -3.172185e-01 2.410009e-02 -1.094312e-03 9.997089e-01 2.290089e+01
9.995692e-01 -1.363816e-02 -2.598840e-02 -4.121035e-01 1.378817e-02 9.998892e-01 5.601313e-03 -3.140241e-01 2.590913e-02 -5.957232e-03 9.996465e-01 2.461543e+01
9.995560e-01 -1.327670e-02 -2.667519e-02 -4.280328e-01 1.346665e-02 9.998851e-01 6.953738e-03 -3.057383e-01 2.657980e-02 -7.309876e-03 9.996199e-01 2.544218e+01
9.995372e-01 -1.142993e-02 -2.819322e-02 -4.690774e-01 1.151922e-02 9.999291e-01 3.006464e-03 -2.930490e-01 2.815686e-02 -3.329837e-03 9.995979e-01 2.708037e+01
9.995005e-01 -1.020425e-02 -2.990979e-02 -5.147234e-01 1.023690e-02 9.999471e-01 9.386493e-04 -2.982767e-01 2.989864e-02 -1.244365e-03 9.995521e-01 2.866957e+01
9.993980e-01 -1.012000e-02 -3.318482e-02 -5.610502e-01 1.012245e-02 9.999487e-01 -9.415537e-05 -3.024561e-01 3.318408e-02 -2.418140e-04 9.994492e-01 3.022665e+01
9.992572e-01 -1.045439e-02 -3.709050e-02 -6.098827e-01 1.048559e-02 9.999447e-01 6.466132e-04 -2.849460e-01 3.708169e-02 -1.035049e-03 9.993116e-01 3.175331e+01
9.991166e-01 -9.676451e-03 -4.089457e-02 -6.694970e-01 9.870613e-03 9.999409e-01 4.548579e-03 -2.913155e-01 4.084814e-02 -4.948216e-03 9.991530e-01 3.323490e+01
9.989871e-01 -5.570437e-03 -4.465125e-02 -7.475972e-01 5.752148e-03 9.999756e-01 3.942093e-03 -3.011809e-01 4.462821e-02 -4.194941e-03 9.989948e-01 3.470353e+01
9.988447e-01 -3.602322e-03 -4.792024e-02 -8.225011e-01 3.824192e-03 9.999823e-01 4.539097e-03 -2.935002e-01 4.790305e-02 -4.717109e-03 9.988408e-01 3.608573e+01
9.988038e-01 6.059604e-04 -4.889413e-02 -8.979841e-01 -2.707568e-04 9.999763e-01 6.862041e-03 -2.829222e-01 4.889714e-02 -6.840594e-03 9.987803e-01 3.744921e+01
9.989248e-01 5.352123e-03 -4.605101e-02 -9.662440e-01 -5.291339e-03 9.999849e-01 1.441747e-03 -2.643952e-01 4.605804e-02 -1.196526e-03 9.989380e-01 3.876355e+01
9.991414e-01 6.928143e-03 -4.084787e-02 -1.022967e+00 -6.919997e-03 9.999759e-01 3.408663e-04 -2.546909e-01 4.084925e-02 -5.790746e-05 9.991653e-01 4.003748e+01
9.993048e-01 1.641604e-02 -3.347332e-02 -1.082779e+00 -1.618094e-02 9.998425e-01 7.282552e-03 -2.559993e-01 3.358760e-02 -6.735859e-03 9.994130e-01 4.129211e+01
9.994044e-01 2.501999e-02 -2.376615e-02 -1.127463e+00 -2.483055e-02 9.996577e-01 8.233076e-03 -2.504927e-01 2.396401e-02 -7.638046e-03 9.996836e-01 4.247569e+01
9.993683e-01 3.372431e-02 -1.120755e-02 -1.156523e+00 -3.359318e-02 9.993671e-01 1.169024e-02 -2.461265e-01 1.159470e-02 -1.130636e-02 9.998688e-01 4.359239e+01
9.991739e-01 4.050788e-02 3.260896e-03 -1.165311e+00 -4.054268e-02 9.991124e-01 1.142537e-02 -2.460311e-01 -2.795184e-03 -1.154814e-02 9.999293e-01 4.462705e+01
9.986110e-01 4.932216e-02 1.853237e-02 -1.162119e+00 -4.947620e-02 9.987436e-01 7.946644e-03 -2.348502e-01 -1.811714e-02 -8.852517e-03 9.997966e-01 4.557447e+01
9.980778e-01 5.151562e-02 3.445099e-02 -1.139704e+00 -5.171685e-02 9.986493e-01 4.974724e-03 -2.380301e-01 -3.414819e-02 -6.746859e-03 9.993939e-01 4.643562e+01
9.973383e-01 5.274012e-02 5.034723e-02 -1.098158e+00 -5.316651e-02 9.985599e-01 7.166379e-03 -2.391747e-01 -4.989678e-02 -9.824091e-03 9.987060e-01 4.720456e+01
9.905372e-01 6.248717e-02 1.221940e-01 -8.977462e-01 -6.247046e-02 9.980388e-01 -3.971708e-03 -2.734425e-01 -1.222026e-01 -3.699392e-03 9.924982e-01 4.923239e+01
9.857258e-01 6.628680e-02 1.547602e-01 -8.084309e-01 -6.596478e-02 9.977957e-01 -7.220978e-03 -2.860922e-01 -1.548977e-01 -3.090816e-03 9.879256e-01 4.974970e+01
9.757277e-01 6.503198e-02 2.091083e-01 -6.296551e-01 -6.433369e-02 9.978768e-01 -1.014671e-02 -3.022908e-01 -2.093242e-01 -3.552285e-03 9.778398e-01 5.047733e+01
9.596674e-01 6.892286e-02 2.725584e-01 -4.074937e-01 -6.707060e-02 9.976179e-01 -1.611853e-02 -3.179085e-01 -2.730201e-01 -2.812227e-03 9.620042e-01 5.118149e+01
9.222742e-01 7.613570e-02 3.789639e-01 2.735872e-04 -7.373827e-02 9.970594e-01 -2.085934e-02 -3.544958e-01 -3.794378e-01 -8.706115e-03 9.251762e-01 5.212982e+01
8.575413e-01 7.341493e-02 5.091494e-01 5.907911e-01 -6.409369e-02 9.972996e-01 -3.585139e-02 -3.919068e-01 -5.104066e-01 -1.889215e-03 8.599311e-01 5.301901e+01
7.530585e-01 8.748648e-02 6.521111e-01 1.401712e+00 -7.188324e-02 9.961272e-01 -5.062849e-02 -4.467404e-01 -6.540151e-01 -8.749646e-03 7.564309e-01 5.392680e+01
6.834437e-01 8.631703e-02 7.248820e-01 1.946080e+00 -6.813306e-02 9.961927e-01 -5.438583e-02 -4.776399e-01 -7.268168e-01 -1.221878e-02 6.867227e-01 5.436895e+01
6.014973e-01 8.478487e-02 7.943629e-01 2.612681e+00 -6.309072e-02 9.962879e-01 -5.856425e-02 -4.832195e-01 -7.963797e-01 -1.489068e-02 6.046137e-01 5.478988e+01
5.082200e-01 8.368613e-02 8.571517e-01 3.359263e+00 -5.674312e-02 9.963588e-01 -6.363336e-02 -4.860892e-01 -8.593560e-01 -1.629772e-02 5.111180e-01 5.516957e+01
4.095444e-01 7.979453e-02 9.087938e-01 4.198361e+00 -5.480553e-02 9.965202e-01 -6.279926e-02 -5.166196e-01 -9.106425e-01 -2.408784e-02 4.124924e-01 5.548396e+01
3.103427e-01 8.045242e-02 9.472142e-01 5.103719e+00 -5.497858e-02 9.962635e-01 -6.660545e-02 -5.645924e-01 -9.490336e-01 -3.140597e-02 3.136062e-01 5.572143e+01
2.636126e-01 7.622494e-02 9.616122e-01 5.585536e+00 -4.431946e-02 9.967773e-01 -6.686285e-02 -5.957735e-01 -9.636100e-01 -2.499224e-02 2.661413e-01 5.580227e+01
2.200748e-01 7.093645e-02 9.729003e-01 6.088519e+00 -3.059900e-02 9.973636e-01 -6.579850e-02 -6.266796e-01 -9.750030e-01 -1.528919e-02 2.216651e-01 5.585617e+01
1.770423e-01 6.939967e-02 9.817533e-01 6.612372e+00 -2.180620e-02 9.975425e-01 -6.658344e-02 -6.532414e-01 -9.839617e-01 -9.620226e-03 1.781206e-01 5.590280e+01
1.394343e-01 7.225282e-02 9.875917e-01 7.126377e+00 -1.775361e-02 9.973565e-01 -7.046066e-02 -6.821309e-01 -9.900722e-01 -7.708693e-03 1.403484e-01 5.593790e+01
1.074817e-01 7.204208e-02 9.915934e-01 7.658631e+00 -8.852841e-03 9.974009e-01 -7.150444e-02 -7.242890e-01 -9.941677e-01 -1.093003e-03 1.078401e-01 5.595413e+01
7.852152e-02 7.027376e-02 9.944324e-01 8.209580e+00 -2.181921e-03 9.975220e-01 -7.031982e-02 -7.737852e-01 -9.969101e-01 3.351844e-03 7.848028e-02 5.597135e+01
5.379933e-02 6.807411e-02 9.962286e-01 8.774944e+00 4.677949e-03 9.976453e-01 -6.842356e-02 -8.137508e-01 -9.985408e-01 8.341445e-03 5.335421e-02 5.597751e+01
3.425250e-02 6.829690e-02 9.970768e-01 9.351661e+00 1.011661e-02 9.975874e-01 -6.867942e-02 -8.573790e-01 -9.993620e-01 1.243947e-02 3.347893e-02 5.598323e+01
5.284248e-03 6.962217e-02 9.975594e-01 1.053767e+01 1.391943e-02 9.974715e-01 -6.968979e-02 -9.473740e-01 -9.998892e-01 1.425371e-02 4.301785e-03 5.597984e+01
-2.590903e-02 7.474963e-02 9.968656e-01 1.302027e+01 2.392123e-02 9.969612e-01 -7.413508e-02 -1.167977e+00 -9.993781e-01 2.192548e-02 -2.761840e-02 5.590304e+01
-2.969905e-02 7.235375e-02 9.969367e-01 1.367308e+01 2.153551e-02 9.971914e-01 -7.173070e-02 -1.217524e+00 -9.993269e-01 1.933920e-02 -3.117381e-02 5.588330e+01
-3.357981e-02 5.896572e-02 9.976950e-01 1.501321e+01 2.069200e-02 9.980850e-01 -5.829234e-02 -1.317429e+00 -9.992219e-01 1.868685e-02 -3.473562e-02 5.582149e+01
-3.372396e-02 5.922088e-02 9.976750e-01 1.638718e+01 2.647752e-02 9.979454e-01 -5.834194e-02 -1.417061e+00 -9.990804e-01 2.444843e-02 -3.522269e-02 5.574074e+01
-3.087265e-02 7.512682e-02 9.966959e-01 1.778472e+01 2.832330e-02 9.968365e-01 -7.426013e-02 -1.502437e+00 -9.991220e-01 2.593711e-02 -3.290283e-02 5.567210e+01
-2.666061e-02 7.158414e-02 9.970781e-01 1.924155e+01 2.859289e-02 9.970792e-01 -7.081969e-02 -1.593908e+00 -9.992356e-01 2.662124e-02 -2.862953e-02 5.561503e+01
-2.154982e-02 6.329704e-02 9.977620e-01 2.071281e+01 2.585577e-02 9.976952e-01 -6.273439e-02 -1.696725e+00 -9.994334e-01 2.444598e-02 -2.313674e-02 5.556904e+01
-1.465585e-02 7.434465e-02 9.971248e-01 2.216714e+01 3.594039e-02 9.966267e-01 -7.377927e-02 -1.787932e+00 -9.992465e-01 3.475575e-02 -1.727839e-02 5.551011e+01
-9.302733e-03 7.218496e-02 9.973478e-01 2.363216e+01 2.558215e-02 9.970817e-01 -7.192709e-02 -1.895775e+00 -9.996295e-01 2.484517e-02 -1.112223e-02 5.550164e+01
-1.251911e-03 6.911428e-02 9.976079e-01 2.511164e+01 3.420447e-02 9.970279e-01 -6.903119e-02 -2.008471e+00 -9.994141e-01 3.403622e-02 -3.612208e-03 5.546362e+01
5.331076e-03 7.446070e-02 9.972096e-01 2.656806e+01 3.017783e-02 9.967576e-01 -7.458830e-02 -2.113697e+00 -9.995304e-01 3.049125e-02 3.066728e-03 5.547262e+01
1.307642e-02 7.048501e-02 9.974270e-01 2.804413e+01 3.351330e-02 9.969210e-01 -7.088863e-02 -2.226546e+00 -9.993528e-01 3.435404e-02 1.067398e-02 5.549768e+01
2.071775e-02 7.126874e-02 9.972419e-01 2.951232e+01 4.090596e-02 9.965603e-01 -7.206987e-02 -2.343893e+00 -9.989482e-01 4.228625e-02 1.773117e-02 5.552232e+01
2.700453e-02 7.039721e-02 9.971534e-01 3.098559e+01 4.270772e-02 9.965251e-01 -7.150946e-02 -2.445222e+00 -9.987226e-01 4.451722e-02 2.390419e-02 5.554859e+01
3.356629e-02 6.985875e-02 9.969919e-01 3.246495e+01 4.308927e-02 9.965254e-01 -7.127678e-02 -2.537443e+00 -9.985072e-01 4.535214e-02 3.043949e-02 5.558466e+01
3.950202e-02 7.135192e-02 9.966686e-01 3.395101e+01 4.213026e-02 9.964412e-01 -7.300545e-02 -2.620601e+00 -9.983310e-01 4.487376e-02 3.635537e-02 5.563975e+01
4.429263e-02 7.181466e-02 9.964340e-01 3.544252e+01 3.837120e-02 9.965546e-01 -7.352900e-02 -2.711893e+00 -9.982815e-01 4.149115e-02 4.138441e-02 5.570930e+01
5.077075e-02 7.342347e-02 9.960076e-01 3.695093e+01 3.333449e-02 9.966135e-01 -7.516735e-02 -2.812393e+00 -9.981539e-01 3.701770e-02 4.815128e-02 5.578704e+01
5.735005e-02 7.908020e-02 9.952171e-01 3.846575e+01 3.198206e-02 9.962007e-01 -8.100135e-02 -2.922992e+00 -9.978418e-01 3.647452e-02 5.460300e-02 5.586855e+01
6.297842e-02 8.056066e-02 9.947580e-01 4.000220e+01 2.229850e-02 9.963743e-01 -8.210329e-02 -3.024315e+00 -9.977658e-01 2.735234e-02 6.095370e-02 5.597631e+01
7.069430e-02 8.200656e-02 9.941213e-01 4.155550e+01 2.387540e-02 9.961901e-01 -8.387508e-02 -3.135919e+00 -9.972123e-01 2.966452e-02 6.846702e-02 5.607788e+01
7.831116e-02 8.192870e-02 9.935567e-01 4.313031e+01 1.900906e-02 9.963134e-01 -8.365431e-02 -3.244326e+00 -9.967478e-01 2.543764e-02 7.646507e-02 5.620333e+01
8.814603e-02 8.493966e-02 9.924794e-01 4.471372e+01 1.544655e-02 9.961213e-01 -8.662324e-02 -3.352539e+00 -9.959878e-01 2.296587e-02 8.649212e-02 5.634391e+01
1.017001e-01 9.855422e-02 9.899212e-01 4.630756e+01 1.204009e-02 9.948858e-01 -1.002854e-01 -3.461241e+00 -9.947423e-01 2.211777e-02 9.999338e-02 5.650810e+01
1.158008e-01 9.873063e-02 9.883533e-01 4.791411e+01 4.086353e-03 9.949918e-01 -9.987257e-02 -3.592468e+00 -9.932641e-01 1.560408e-02 1.148174e-01 5.670663e+01
1.306562e-01 9.388208e-02 9.869726e-01 4.954068e+01 3.680756e-03 9.954536e-01 -9.517607e-02 -3.727642e+00 -9.914209e-01 1.606814e-02 1.297166e-01 5.692162e+01
1.452465e-01 8.101518e-02 9.860729e-01 5.116788e+01 -7.262737e-04 9.966503e-01 -8.177725e-02 -3.850124e+00 -9.893953e-01 1.116169e-02 1.448188e-01 5.716787e+01
1.599738e-01 8.035847e-02 9.838449e-01 5.277379e+01 -1.057041e-03 9.966942e-01 -8.123612e-02 -3.968025e+00 -9.871207e-01 1.195568e-02 1.595299e-01 5.742490e+01
1.708588e-01 9.069896e-02 9.811120e-01 5.434318e+01 -1.860034e-03 9.957820e-01 -9.173122e-02 -4.082523e+00 -9.852938e-01 1.384818e-02 1.703068e-01 5.769851e+01
1.809517e-01 9.250328e-02 9.791320e-01 5.587053e+01 -5.855985e-03 9.956505e-01 -9.298165e-02 -4.204409e+00 -9.834746e-01 1.109141e-02 1.807064e-01 5.797950e+01
1.908189e-01 8.315480e-02 9.780968e-01 5.738911e+01 -1.183557e-03 9.964242e-01 -8.448206e-02 -4.318314e+00 -9.816246e-01 1.496313e-02 1.902350e-01 5.826251e+01
1.969010e-01 7.301812e-02 9.777005e-01 5.887601e+01 -6.793476e-03 9.973004e-01 -7.311378e-02 -4.420802e+00 -9.803999e-01 7.754189e-03 1.968655e-01 5.856727e+01
2.021928e-01 7.573447e-02 9.764129e-01 6.031245e+01 -1.049868e-02 9.971157e-01 -7.516624e-02 -4.516372e+00 -9.792895e-01 4.947024e-03 2.024047e-01 5.886609e+01
2.054345e-01 8.430510e-02 9.750329e-01 6.170436e+01 -1.627995e-02 9.964393e-01 -8.272590e-02 -4.614787e+00 -9.785355e-01 1.121269e-03 2.060755e-01 5.917238e+01
2.090407e-01 9.129393e-02 9.736361e-01 6.305593e+01 -1.639693e-02 9.958199e-01 -8.985360e-02 -4.706379e+00 -9.777695e-01 2.818410e-03 2.096638e-01 5.946843e+01
2.108260e-01 8.823281e-02 9.735334e-01 6.438160e+01 -1.866586e-02 9.960998e-01 -8.623582e-02 -4.814707e+00 -9.773454e-01 8.912483e-06 2.116507e-01 5.976019e+01
2.110651e-01 8.443186e-02 9.738186e-01 6.567175e+01 -1.792305e-02 9.964292e-01 -8.250762e-02 -4.913385e+00 -9.773077e-01 -3.931829e-05 2.118247e-01 6.003522e+01
2.077765e-01 8.441024e-02 9.745274e-01 6.692208e+01 -1.912970e-02 9.964298e-01 -8.222878e-02 -5.018319e+00 -9.779893e-01 -1.557212e-03 2.086494e-01 6.029836e+01
2.031289e-01 9.132170e-02 9.748840e-01 6.812018e+01 -1.842777e-02 9.958213e-01 -8.944337e-02 -5.130339e+00 -9.789786e-01 2.035992e-04 2.039630e-01 6.055436e+01
1.991932e-01 9.078018e-02 9.757463e-01 6.930307e+01 -1.683966e-02 9.958700e-01 -8.921471e-02 -5.231855e+00 -9.798156e-01 1.339723e-03 1.998992e-01 6.080309e+01
1.945332e-01 8.356130e-02 9.773301e-01 7.044995e+01 -1.685792e-02 9.965024e-01 -8.184504e-02 -5.342758e+00 -9.807511e-01 -5.541834e-04 1.952615e-01 6.103300e+01
1.926949e-01 8.257239e-02 9.777782e-01 7.100066e+01 -1.386283e-02 9.965827e-01 -8.142841e-02 -5.393054e+00 -9.811608e-01 2.136068e-03 1.931811e-01 6.114039e+01
1.909839e-01 8.458246e-02 9.779421e-01 7.154538e+01 -9.556653e-03 9.963935e-01 -8.431200e-02 -5.440828e+00 -9.815467e-01 6.756381e-03 1.911035e-01 6.124382e+01
1.869668e-01 8.883578e-02 9.783412e-01 7.262287e+01 -6.447483e-03 9.959922e-01 -8.920640e-02 -5.532216e+00 -9.823451e-01 1.037080e-02 1.867903e-01 6.145078e+01
1.845375e-01 8.926813e-02 9.787630e-01 7.370114e+01 -4.887309e-03 9.959375e-01 -8.991310e-02 -5.630170e+00 -9.828134e-01 1.180882e-02 1.842241e-01 6.165701e+01
1.900022e-01 8.543021e-02 9.780597e-01 7.533524e+01 8.831326e-03 9.960179e-01 -8.871443e-02 -5.768173e+00 -9.817440e-01 2.549349e-02 1.884911e-01 6.194475e+01
2.058044e-01 8.467054e-02 9.749232e-01 7.699260e+01 6.227646e-03 9.961163e-01 -8.782578e-02 -5.912287e+00 -9.785734e-01 2.414640e-02 2.044778e-01 6.229135e+01
2.310045e-01 8.248163e-02 9.694501e-01 7.869259e+01 1.415855e-03 9.963705e-01 -8.510943e-02 -6.059871e+00 -9.729517e-01 2.103326e-02 2.300493e-01 6.269195e+01
2.600305e-01 8.867053e-02 9.615204e-01 8.045340e+01 -8.288988e-03 9.959430e-01 -8.960332e-02 -6.192815e+00 -9.655649e-01 1.532956e-02 2.597105e-01 6.317985e+01
2.810514e-01 9.255691e-02 9.552189e-01 8.165468e+01 -1.440018e-02 9.956330e-01 -9.223596e-02 -6.285674e+00 -9.595847e-01 1.216772e-02 2.811569e-01 6.354111e+01
3.012086e-01 9.423417e-02 9.488905e-01 8.289509e+01 -1.847524e-02 9.954948e-01 -9.299781e-02 -6.371173e+00 -9.533793e-01 1.048075e-02 3.015926e-01 6.394808e+01
3.221019e-01 8.973348e-02 9.424426e-01 8.419403e+01 -2.158695e-02 9.959350e-01 -8.744886e-02 -6.458457e+00 -9.464589e-01 7.822978e-03 3.227297e-01 6.439981e+01
3.329780e-01 8.181771e-02 9.393782e-01 8.486139e+01 -1.796666e-02 9.965980e-01 -8.043286e-02 -6.498607e+00 -9.427634e-01 9.904888e-03 3.333152e-01 6.463735e+01
3.440230e-01 7.757898e-02 9.357508e-01 8.553876e+01 -1.656435e-02 9.969272e-01 -7.656109e-02 -6.545009e+00 -9.388151e-01 1.083867e-02 3.442509e-01 6.488814e+01
3.540944e-01 7.458960e-02 9.322303e-01 8.622445e+01 -1.650619e-02 9.971574e-01 -7.351492e-02 -6.585584e+00 -9.350641e-01 1.064365e-02 3.543190e-01 6.515377e+01
3.632093e-01 7.047665e-02 9.290382e-01 8.692746e+01 -1.006274e-02 9.973735e-01 -7.172652e-02 -6.605047e+00 -9.316533e-01 1.670306e-02 3.629645e-01 6.542840e+01
3.795424e-01 5.699201e-02 9.234172e-01 8.835787e+01 5.138607e-03 9.979555e-01 -6.370449e-02 -6.646336e+00 -9.251601e-01 2.892363e-02 3.784736e-01 6.599341e+01
3.941549e-01 5.312216e-02 9.175074e-01 8.979244e+01 1.280626e-02 9.979136e-01 -6.327904e-02 -6.725361e+00 -9.189548e-01 3.669158e-02 3.926523e-01 6.659944e+01
4.091353e-01 6.372032e-02 9.102461e-01 9.121810e+01 1.973855e-02 9.967072e-01 -7.864494e-02 -6.813377e+00 -9.122603e-01 5.014335e-02 4.065303e-01 6.722868e+01
4.188452e-01 6.732450e-02 9.055584e-01 9.260904e+01 9.204078e-03 9.968817e-01 -7.837115e-02 -6.914272e+00 -9.080110e-01 4.116020e-02 4.169195e-01 6.790371e+01
4.270382e-01 7.405487e-02 9.011959e-01 9.396130e+01 2.044972e-03 9.965590e-01 -8.286027e-02 -7.034880e+00 -9.042313e-01 3.722741e-02 4.254173e-01 6.858083e+01
4.345564e-01 8.123113e-02 8.969739e-01 9.527546e+01 -4.290526e-03 9.960997e-01 -8.812948e-02 -7.183014e+00 -9.006345e-01 3.444873e-02 4.332100e-01 6.924820e+01
4.428542e-01 7.591396e-02 8.933740e-01 9.658342e+01 -4.416793e-03 9.965817e-01 -8.249455e-02 -7.329268e+00 -8.965828e-01 3.258720e-02 4.416757e-01 6.991299e+01
4.498128e-01 7.264084e-02 8.901638e-01 9.784561e+01 -6.223303e-03 9.969176e-01 -7.820765e-02 -7.469536e+00 -8.931012e-01 2.963904e-02 4.488783e-01 7.056975e+01
4.559167e-01 7.493501e-02 8.868622e-01 9.903309e+01 -6.874789e-03 9.967160e-01 -8.068289e-02 -7.592121e+00 -8.899959e-01 3.068768e-02 4.549346e-01 7.119793e+01
4.597856e-01 7.210194e-02 8.850980e-01 1.002122e+02 -2.867504e-03 9.968137e-01 -7.971295e-02 -7.709739e+00 -8.880254e-01 3.411284e-02 4.585273e-01 7.181621e+01
4.635939e-01 7.154756e-02 8.831543e-01 1.013530e+02 -3.114287e-03 9.968598e-01 -7.912450e-02 -7.823540e+00 -8.860423e-01 3.393123e-02 4.623610e-01 7.243265e+01
4.693305e-01 7.307267e-02 8.799938e-01 1.024447e+02 -1.109730e-03 9.966180e-01 -8.216504e-02 -7.943074e+00 -8.830219e-01 3.758600e-02 4.678244e-01 7.303236e+01
4.756810e-01 7.068726e-02 8.767729e-01 1.035115e+02 4.050499e-03 9.965791e-01 -8.254384e-02 -8.053690e+00 -8.796086e-01 4.281590e-02 4.737675e-01 7.362090e+01
4.823176e-01 6.935246e-02 8.732467e-01 1.045505e+02 6.467138e-03 9.965520e-01 -8.271724e-02 -8.139292e+00 -8.759726e-01 4.554338e-02 4.802060e-01 7.419588e+01
4.891732e-01 6.814586e-02 8.695203e-01 1.055640e+02 8.817026e-03 9.965056e-01 -8.305820e-02 -8.223750e+00 -8.721421e-01 4.829642e-02 4.868630e-01 7.476626e+01
5.021425e-01 7.305369e-02 8.616936e-01 1.070595e+02 8.009040e-03 9.959898e-01 -8.910641e-02 -8.363102e+00 -8.647478e-01 5.164545e-02 4.995438e-01 7.563421e+01
5.133730e-01 8.591861e-02 8.538536e-01 1.080289e+02 -7.217714e-04 9.950183e-01 -9.968929e-02 -8.475876e+00 -8.581653e-01 5.056150e-02 5.108775e-01 7.622883e+01
5.258177e-01 9.648418e-02 8.451073e-01 1.089938e+02 -8.786758e-03 9.941089e-01 -1.080284e-01 -8.586122e+00 -8.505519e-01 4.937747e-02 5.235679e-01 7.684080e+01
5.364891e-01 9.552072e-02 8.384838e-01 1.099856e+02 -1.985535e-02 9.947271e-01 -1.006160e-01 -8.706456e+00 -8.436737e-01 3.733100e-02 5.355569e-01 7.748994e+01
5.479617e-01 9.099474e-02 8.315395e-01 1.110125e+02 -3.224469e-02 9.956247e-01 -8.770211e-02 -8.817849e+00 -8.358818e-01 2.124465e-02 5.484982e-01 7.817109e+01
5.664510e-01 9.677166e-02 8.183938e-01 1.125829e+02 -4.325482e-02 9.952038e-01 -8.773993e-02 -8.963221e+00 -8.229595e-01 1.430088e-02 5.679200e-01 7.924678e+01
5.788717e-01 1.020245e-01 8.090108e-01 1.136686e+02 -4.805454e-02 9.946856e-01 -9.105551e-02 -9.057118e+00 -8.140015e-01 1.383281e-02 5.806981e-01 8.001888e+01
5.984116e-01 1.026552e-01 7.945850e-01 1.153671e+02 -5.766808e-02 9.947039e-01 -8.507872e-02 -9.217043e+00 -7.991107e-01 5.089903e-03 6.011623e-01 8.128451e+01
6.134904e-01 1.008717e-01 7.832333e-01 1.165301e+02 -5.858763e-02 9.948889e-01 -8.224017e-02 -9.317811e+00 -7.875259e-01 4.565763e-03 6.162646e-01 8.218891e+01
6.287839e-01 1.038119e-01 7.706191e-01 1.177001e+02 -6.392980e-02 9.945945e-01 -8.182087e-02 -9.410224e+00 -7.749477e-01 2.182111e-03 6.320216e-01 8.315109e+01
6.407217e-01 1.032479e-01 7.607993e-01 1.189071e+02 -6.562197e-02 9.946549e-01 -7.971966e-02 -9.501459e+00 -7.649638e-01 1.152959e-03 6.440723e-01 8.416417e+01
6.482741e-01 9.914096e-02 7.549249e-01 1.201636e+02 -6.092667e-02 9.950617e-01 -7.835775e-02 -9.590647e+00 -7.589655e-01 4.802234e-03 6.511131e-01 8.522386e+01
6.557828e-01 8.869963e-02 7.497207e-01 1.214334e+02 -4.780545e-02 9.959598e-01 -7.601670e-02 -9.682937e+00 -7.534345e-01 1.400970e-02 6.573737e-01 8.629266e+01
6.630555e-01 7.736600e-02 7.445615e-01 1.227300e+02 -3.652420e-02 9.968037e-01 -7.105009e-02 -9.773963e+00 -7.476787e-01 1.991564e-02 6.637620e-01 8.740500e+01
6.693976e-01 7.789532e-02 7.388092e-01 1.240203e+02 -3.713224e-02 9.967529e-01 -7.144763e-02 -9.868055e+00 -7.419758e-01 2.039322e-02 6.701164e-01 8.855484e+01
6.752168e-01 8.584468e-02 7.326069e-01 1.253111e+02 -4.843845e-02 9.962211e-01 -7.209029e-02 -9.964397e+00 -7.360272e-01 1.319023e-02 6.768235e-01 8.975362e+01
6.816128e-01 7.975910e-02 7.273530e-01 1.266190e+02 -5.207611e-02 9.968084e-01 -6.050544e-02 -1.005780e+01 -7.298576e-01 3.363564e-03 6.835909e-01 9.097676e+01
6.897845e-01 7.018655e-02 7.206047e-01 1.279271e+02 -4.896896e-02 9.975336e-01 -5.028476e-02 -1.014276e+01 -7.223569e-01 -6.016191e-04 6.915202e-01 9.221818e+01
7.000786e-01 6.446784e-02 7.111496e-01 1.292245e+02 -3.261729e-02 9.977637e-01 -5.834077e-02 -1.023342e+01 -7.133204e-01 1.764735e-02 7.006158e-01 9.346390e+01
7.112766e-01 6.627078e-02 6.997812e-01 1.305065e+02 -2.419601e-02 9.972640e-01 -6.984958e-02 -1.034070e+01 -7.024957e-01 3.275046e-02 7.109340e-01 9.474426e+01
7.231076e-01 5.587894e-02 6.884714e-01 1.317916e+02 -1.710974e-02 9.978655e-01 -6.302005e-02 -1.045600e+01 -6.905235e-01 3.379071e-02 7.225202e-01 9.607042e+01
7.331185e-01 5.473772e-02 6.778946e-01 1.330590e+02 -1.046941e-02 9.975460e-01 -6.922623e-02 -1.055248e+01 -6.800204e-01 4.365387e-02 7.318924e-01 9.741926e+01
7.399405e-01 5.339135e-02 6.705501e-01 1.343191e+02 -9.169455e-03 9.975529e-01 -6.931005e-02 -1.066004e+01 -6.726099e-01 4.513673e-02 7.386194e-01 9.879631e+01
7.438086e-01 4.422238e-02 6.669281e-01 1.356011e+02 -2.810458e-03 9.980069e-01 -6.304099e-02 -1.077139e+01 -6.683868e-01 4.501605e-02 7.424504e-01 1.001963e+02
7.445003e-01 3.908607e-02 6.664769e-01 1.374843e+02 -7.060651e-04 9.983302e-01 -5.775915e-02 -1.091832e+01 -6.676217e-01 4.253113e-02 7.432848e-01 1.022803e+02
7.425831e-01 4.566012e-02 6.681957e-01 1.387684e+02 -6.204824e-03 9.980995e-01 -6.130802e-02 -1.101807e+01 -6.697253e-01 4.138025e-02 7.414551e-01 1.037008e+02
7.386300e-01 5.214625e-02 6.720911e-01 1.400213e+02 -1.406987e-02 9.979789e-01 -6.196844e-02 -1.111507e+01 -6.739643e-01 3.631551e-02 7.378708e-01 1.050727e+02
7.338585e-01 5.302817e-02 6.772294e-01 1.413096e+02 -1.676349e-02 9.980585e-01 -5.998439e-02 -1.121534e+01 -6.790956e-01 3.266732e-02 7.333226e-01 1.064570e+02
7.287605e-01 4.794310e-02 6.830882e-01 1.425933e+02 -1.422739e-02 9.983907e-01 -5.489421e-02 -1.130940e+01 -6.846209e-01 3.028616e-02 7.282698e-01 1.078056e+02
7.223039e-01 6.290068e-02 6.887093e-01 1.438589e+02 -2.003347e-02 9.973403e-01 -7.007765e-02 -1.141070e+01 -6.912856e-01 3.682011e-02 7.216429e-01 1.091244e+02
7.151980e-01 6.636784e-02 6.957637e-01 1.451538e+02 -2.496307e-02 9.972717e-01 -6.946792e-02 -1.152141e+01 -6.984760e-01 3.231491e-02 7.149034e-01 1.104492e+02
7.079977e-01 6.419717e-02 7.032908e-01 1.464484e+02 -2.918610e-02 9.976687e-01 -6.168690e-02 -1.163357e+01 -7.056114e-01 2.314786e-02 7.082208e-01 1.117540e+02
7.017347e-01 6.235181e-02 7.097046e-01 1.477333e+02 -2.673815e-02 9.977659e-01 -6.122186e-02 -1.173221e+01 -7.119365e-01 2.398531e-02 7.018341e-01 1.130076e+02
6.954869e-01 6.096418e-02 7.159478e-01 1.490522e+02 -1.943465e-02 9.976256e-01 -6.607031e-02 -1.183500e+01 -7.182760e-01 3.203684e-02 6.950203e-01 1.142503e+02
6.876071e-01 6.194504e-02 7.234357e-01 1.503763e+02 -1.668900e-02 9.974392e-01 -6.954446e-02 -1.192783e+01 -7.258912e-01 3.574584e-02 6.868801e-01 1.154384e+02
6.782384e-01 6.333601e-02 7.321074e-01 1.517272e+02 -1.839537e-02 9.974298e-01 -6.924776e-02 -1.202409e+01 -7.346117e-01 3.349909e-02 6.776602e-01 1.166342e+02
6.661776e-01 7.294586e-02 7.422171e-01 1.530860e+02 -2.514374e-02 9.968361e-01 -7.540231e-02 -1.212501e+01 -7.453692e-01 3.156921e-02 6.659040e-01 1.178158e+02
6.534586e-01 8.079660e-02 7.526378e-01 1.544786e+02 -2.689334e-02 9.961374e-01 -8.358715e-02 -1.223831e+01 -7.564844e-01 3.437979e-02 6.531075e-01 1.189893e+02
6.469446e-01 7.608418e-02 7.587317e-01 1.551890e+02 -2.810513e-02 9.967128e-01 -7.598421e-02 -1.229900e+01 -7.620189e-01 2.783331e-02 6.469563e-01 1.195662e+02
6.324319e-01 6.652044e-02 7.717544e-01 1.566454e+02 -3.339659e-02 9.977209e-01 -5.862978e-02 -1.242646e+01 -7.738957e-01 1.130537e-02 6.332121e-01 1.207245e+02
6.172113e-01 6.988319e-02 7.836877e-01 1.581338e+02 -3.599040e-02 9.975127e-01 -6.060540e-02 -1.252578e+01 -7.859739e-01 9.201094e-03 6.181912e-01 1.218681e+02
6.038259e-01 7.815156e-02 7.932758e-01 1.596460e+02 -2.993338e-02 9.967033e-01 -7.540806e-02 -1.263933e+01 -7.965541e-01 2.178790e-02 6.041746e-01 1.229716e+02
5.822744e-01 6.889034e-02 8.100682e-01 1.619638e+02 -1.852015e-02 9.972687e-01 -7.149816e-02 -1.285193e+01 -8.127814e-01 2.662895e-02 5.819599e-01 1.245828e+02
5.691041e-01 6.805338e-02 8.194444e-01 1.634987e+02 -1.568329e-02 9.972862e-01 -7.193080e-02 -1.298726e+01 -8.221159e-01 2.808453e-02 5.686270e-01 1.256019e+02
5.573815e-01 6.199015e-02 8.279390e-01 1.650417e+02 -9.673814e-03 9.976259e-01 -6.818255e-02 -1.312226e+01 -8.302002e-01 2.999436e-02 5.566579e-01 1.266042e+02
5.479447e-01 5.798755e-02 8.345022e-01 1.665531e+02 -1.051015e-02 9.979929e-01 -6.244704e-02 -1.323954e+01 -8.364486e-01 2.544678e-02 5.474544e-01 1.275770e+02
5.433404e-01 6.094574e-02 8.372973e-01 1.672915e+02 -1.101350e-02 9.977929e-01 -6.548111e-02 -1.329978e+01 -8.394403e-01 2.635695e-02 5.428124e-01 1.280524e+02
5.395125e-01 6.452462e-02 8.395015e-01 1.680469e+02 -1.026839e-02 9.974892e-01 -7.006861e-02 -1.336429e+01 -8.419150e-01 2.918255e-02 5.388205e-01 1.285271e+02
5.365350e-01 6.953514e-02 8.410083e-01 1.687640e+02 -1.024792e-02 9.970627e-01 -7.590002e-02 -1.342431e+01 -8.438159e-01 3.210442e-02 5.356716e-01 1.289792e+02
5.302807e-01 6.709643e-02 8.451629e-01 1.701931e+02 -1.291596e-02 9.973871e-01 -7.107748e-02 -1.354899e+01 -8.477238e-01 2.677492e-02 5.297618e-01 1.298817e+02
5.280669e-01 5.862653e-02 8.471766e-01 1.709121e+02 -9.759284e-03 9.979671e-01 -6.297838e-02 -1.361181e+01 -8.491468e-01 2.498895e-02 5.275655e-01 1.303215e+02
5.230206e-01 5.247386e-02 8.507032e-01 1.723205e+02 4.771035e-04 9.980848e-01 -6.185813e-02 -1.372813e+01 -8.523200e-01 3.275894e-02 5.219938e-01 1.311750e+02
5.207817e-01 5.561492e-02 8.518763e-01 1.730101e+02 1.812765e-03 9.978013e-01 -6.624989e-02 -1.378410e+01 -8.536880e-01 3.604597e-02 5.195358e-01 1.315931e+02
5.163968e-01 7.099758e-02 8.534012e-01 1.743545e+02 -2.460570e-03 9.966761e-01 -8.142826e-02 -1.390627e+01 -8.563459e-01 3.994943e-02 5.148550e-01 1.324182e+02
5.142678e-01 7.224068e-02 8.545816e-01 1.750350e+02 1.884135e-03 9.963484e-01 -8.535855e-02 -1.396378e+01 -8.576276e-01 4.550729e-02 5.122538e-01 1.328270e+02
5.116812e-01 6.617294e-02 8.566232e-01 1.756897e+02 8.975473e-04 9.969878e-01 -7.755205e-02 -1.401825e+01 -8.591749e-01 4.045078e-02 5.100806e-01 1.332184e+02
5.080308e-01 5.800036e-02 8.593838e-01 1.763532e+02 -7.050528e-03 9.979768e-01 -6.318613e-02 -1.407865e+01 -8.613101e-01 2.604138e-02 5.074118e-01 1.336308e+02
5.023265e-01 5.713914e-02 8.627880e-01 1.776520e+02 -1.616384e-02 9.982603e-01 -5.670016e-02 -1.418089e+01 -8.645270e-01 1.453602e-02 5.023762e-01 1.344121e+02
4.975661e-01 6.193002e-02 8.652124e-01 1.789314e+02 -1.167629e-02 9.978358e-01 -6.470813e-02 -1.426465e+01 -8.673475e-01 2.209409e-02 4.972124e-01 1.351404e+02
4.921297e-01 6.017400e-02 8.684396e-01 1.801748e+02 -1.296951e-02 9.980041e-01 -6.180192e-02 -1.436322e+01 -8.704253e-01 1.915132e-02 4.919279e-01 1.358638e+02
4.866699e-01 6.023619e-02 8.715067e-01 1.813913e+02 -1.112561e-02 9.979663e-01 -6.276395e-02 -1.445852e+01 -8.735151e-01 2.084928e-02 4.863503e-01 1.365576e+02
4.784604e-01 6.412302e-02 8.757647e-01 1.825812e+02 -1.039562e-02 9.976738e-01 -6.736967e-02 -1.454745e+01 -8.780476e-01 2.312960e-02 4.780140e-01 1.372138e+02
4.685024e-01 6.864257e-02 8.807914e-01 1.837467e+02 -1.075481e-02 9.973462e-01 -7.200543e-02 -1.463103e+01 -8.833968e-01 2.426197e-02 4.679973e-01 1.378441e+02
4.562691e-01 7.465751e-02 8.867044e-01 1.849104e+02 -7.607239e-03 9.967650e-01 -8.000982e-02 -1.471237e+01 -8.898093e-01 2.976063e-02 4.553610e-01 1.384500e+02
4.427020e-01 7.909464e-02 8.931735e-01 1.860967e+02 -1.379913e-02 9.965849e-01 -8.141266e-02 -1.479763e+01 -8.965626e-01 2.371653e-02 4.422816e-01 1.390562e+02
4.295368e-01 8.152935e-02 8.993614e-01 1.873167e+02 -1.777900e-02 9.964866e-01 -8.184272e-02 -1.489366e+01 -9.028744e-01 1.916471e-02 4.294772e-01 1.396500e+02
4.148052e-01 9.003995e-02 9.054443e-01 1.885640e+02 -2.199096e-02 9.957932e-01 -8.894995e-02 -1.499292e+01 -9.096445e-01 1.698531e-02 4.150403e-01 1.402354e+02
3.997251e-01 9.636593e-02 9.115554e-01 1.898399e+02 -2.556744e-02 9.952436e-01 -9.400157e-02 -1.508795e+01 -9.162784e-01 1.426864e-02 4.002877e-01 1.408155e+02
3.847916e-01 1.008805e-01 9.174739e-01 1.911667e+02 -2.733209e-02 9.948186e-01 -9.792178e-02 -1.520551e+01 -9.225988e-01 1.260299e-02 3.855551e-01 1.413810e+02
3.707676e-01 1.006210e-01 9.232587e-01 1.925394e+02 -2.164634e-02 9.947797e-01 -9.972289e-02 -1.532526e+01 -9.284734e-01 1.698885e-02 3.710102e-01 1.419287e+02
3.558825e-01 9.574795e-02 9.296127e-01 1.939627e+02 -2.182126e-02 9.953177e-01 -9.416162e-02 -1.545199e+01 -9.342759e-01 1.322515e-02 3.563055e-01 1.424808e+02
3.492649e-01 9.144873e-02 9.325508e-01 1.946963e+02 -2.109748e-02 9.957413e-01 -8.974384e-02 -1.551367e+01 -9.367865e-01 1.166989e-02 3.497068e-01 1.427543e+02
3.436377e-01 8.776456e-02 9.349922e-01 1.954600e+02 -1.751161e-02 9.960491e-01 -8.705974e-02 -1.557305e+01 -9.389391e-01 1.354378e-02 3.438169e-01 1.430263e+02
3.326918e-01 7.692879e-02 9.398925e-01 1.969859e+02 -1.629127e-02 9.969872e-01 -7.583532e-02 -1.568196e+01 -9.428949e-01 9.917743e-03 3.329428e-01 1.435675e+02
3.280429e-01 7.676251e-02 9.415387e-01 1.977721e+02 -1.147022e-02 9.969431e-01 -7.728322e-02 -1.574033e+01 -9.445932e-01 1.455255e-02 3.279206e-01 1.438336e+02
3.186931e-01 9.624264e-02 9.429591e-01 1.993386e+02 -3.649873e-03 9.949489e-01 -1.003154e-01 -1.585428e+01 -9.478510e-01 2.852814e-02 3.174346e-01 1.443500e+02
3.148095e-01 1.023328e-01 9.436222e-01 2.001451e+02 2.326605e-03 9.940847e-01 -1.085816e-01 -1.592437e+01 -9.491521e-01 3.637793e-02 3.127092e-01 1.446074e+02
3.062511e-01 8.904936e-02 9.477765e-01 2.018244e+02 1.522725e-02 9.950294e-01 -9.840939e-02 -1.608857e+01 -9.518290e-01 4.457001e-02 3.033729e-01 1.451297e+02
2.966921e-01 9.037361e-02 9.506873e-01 2.035316e+02 1.415046e-02 9.949866e-01 -9.900089e-02 -1.626124e+01 -9.548684e-01 4.282544e-02 2.939259e-01 1.456544e+02
2.868469e-01 1.037087e-01 9.523462e-01 2.052495e+02 6.313512e-03 9.938965e-01 -1.101351e-01 -1.642655e+01 -9.579557e-01 3.760455e-02 2.844414e-01 1.461719e+02
2.756989e-01 9.513302e-02 9.565248e-01 2.069819e+02 5.180705e-04 9.950756e-01 -9.911651e-02 -1.660980e+01 -9.612439e-01 2.782186e-02 2.742920e-01 1.466776e+02
2.651747e-01 1.011309e-01 9.588820e-01 2.087471e+02 -1.566681e-03 9.945281e-01 -1.044571e-01 -1.678439e+01 -9.641991e-01 2.619712e-02 2.638821e-01 1.471708e+02
2.566684e-01 1.005347e-01 9.612565e-01 2.105492e+02 5.486179e-03 9.944076e-01 -1.054667e-01 -1.696319e+01 -9.664840e-01 3.234359e-02 2.546814e-01 1.476436e+02
2.493833e-01 9.838460e-02 9.633942e-01 2.123811e+02 9.511728e-03 9.945290e-01 -1.040264e-01 -1.714388e+01 -9.683582e-01 3.510598e-02 2.470831e-01 1.481148e+02
2.437899e-01 9.602031e-02 9.650629e-01 2.142272e+02 8.511665e-03 9.948364e-01 -1.011329e-01 -1.732239e+01 -9.697908e-01 3.286945e-02 2.417138e-01 1.485829e+02
2.384371e-01 9.451012e-02 9.665482e-01 2.160841e+02 4.124666e-03 9.951458e-01 -9.832395e-02 -1.750032e+01 -9.711492e-01 2.743076e-02 2.368899e-01 1.490489e+02
2.348880e-01 9.796276e-02 9.670733e-01 2.179343e+02 2.215985e-03 9.948519e-01 -1.013149e-01 -1.767768e+01 -9.720199e-01 2.594068e-02 2.334617e-01 1.495044e+02
2.315539e-01 9.596294e-02 9.680773e-01 2.197937e+02 2.582563e-03 9.950586e-01 -9.925526e-02 -1.785886e+01 -9.728187e-01 2.548306e-02 2.301619e-01 1.499499e+02
2.288692e-01 8.945903e-02 9.693378e-01 2.216448e+02 5.952827e-03 9.956211e-01 -9.329021e-02 -1.803413e+01 -9.734390e-01 2.712155e-02 2.273345e-01 1.503821e+02
2.252583e-01 9.769402e-02 9.693887e-01 2.235075e+02 4.753492e-03 9.948380e-01 -1.013634e-01 -1.820847e+01 -9.742875e-01 2.744092e-02 2.236312e-01 1.508144e+02
2.206324e-01 1.024896e-01 9.699572e-01 2.253277e+02 3.208701e-03 9.943821e-01 -1.058003e-01 -1.838635e+01 -9.753518e-01 2.645528e-02 2.190641e-01 1.512317e+02
2.146834e-01 9.265815e-02 9.722784e-01 2.271676e+02 2.290800e-03 9.954391e-01 -9.537119e-02 -1.856752e+01 -9.766811e-01 2.270190e-02 2.134919e-01 1.516432e+02
2.070110e-01 8.963300e-02 9.742239e-01 2.290056e+02 1.722539e-03 9.957593e-01 -9.198038e-02 -1.873661e+01 -9.783371e-01 2.071908e-02 2.059787e-01 1.520382e+02
1.989953e-01 9.142692e-02 9.757263e-01 2.308378e+02 1.895294e-03 9.956009e-01 -9.367575e-02 -1.889376e+01 -9.799986e-01 2.049032e-02 1.979466e-01 1.524181e+02
1.906832e-01 8.970677e-02 9.775441e-01 2.326895e+02 2.738799e-03 9.957632e-01 -9.191294e-02 -1.904112e+01 -9.816478e-01 2.020354e-02 1.896296e-01 1.527858e+02
1.825907e-01 9.018021e-02 9.790444e-01 2.345305e+02 2.826323e-04 9.957797e-01 -9.177443e-02 -1.918701e+01 -9.831890e-01 1.703386e-02 1.817946e-01 1.531401e+02
1.743611e-01 9.053696e-02 9.805106e-01 2.363787e+02 -4.315816e-03 9.958247e-01 -9.118355e-02 -1.933366e+01 -9.846724e-01 1.166716e-02 1.740238e-01 1.534780e+02
1.667417e-01 9.616093e-02 9.813002e-01 2.381998e+02 -1.347371e-02 9.953622e-01 -9.524949e-02 -1.949555e+01 -9.859086e-01 2.660306e-03 1.672640e-01 1.538032e+02
1.598319e-01 1.034678e-01 9.817067e-01 2.400191e+02 -1.762164e-02 9.946322e-01 -1.019611e-01 -1.966444e+01 -9.869870e-01 -1.002646e-03 1.607972e-01 1.541100e+02
1.531232e-01 9.702814e-02 9.834321e-01 2.418500e+02 -1.863667e-02 9.952745e-01 -9.529479e-02 -1.983999e+01 -9.880314e-01 -3.736056e-03 1.542079e-01 1.543982e+02
1.500900e-01 9.410238e-02 9.841837e-01 2.427628e+02 -1.809626e-02 9.955547e-01 -9.242991e-02 -1.992378e+01 -9.885068e-01 -3.937243e-03 1.511257e-01 1.545354e+02
1.468285e-01 9.306468e-02 9.847742e-01 2.436688e+02 -1.671571e-02 9.956554e-01 -9.160072e-02 -2.000434e+01 -9.890208e-01 -3.011608e-03 1.477462e-01 1.546684e+02
1.433841e-01 9.318567e-02 9.852702e-01 2.445757e+02 -1.605087e-02 9.956451e-01 -9.183109e-02 -2.008388e+01 -9.895370e-01 -2.647326e-03 1.442554e-01 1.547979e+02
1.344071e-01 9.756237e-02 9.861116e-01 2.463684e+02 -1.701631e-02 9.952219e-01 -9.614439e-02 -2.024532e+01 -9.907801e-01 -3.857497e-03 1.354250e-01 1.550412e+02
1.295849e-01 9.341149e-02 9.871585e-01 2.472733e+02 -7.631354e-03 9.956171e-01 -9.321015e-02 -2.032350e+01 -9.915390e-01 4.545266e-03 1.297298e-01 1.551446e+02
1.253781e-01 8.789818e-02 9.882075e-01 2.481739e+02 -7.045965e-03 9.961212e-01 -8.770814e-02 -2.040379e+01 -9.920840e-01 4.033802e-03 1.255111e-01 1.552524e+02
1.158805e-01 1.016851e-01 9.880444e-01 2.499549e+02 -3.982113e-03 9.947854e-01 -1.019118e-01 -2.055749e+01 -9.932552e-01 7.875084e-03 1.156811e-01 1.554527e+02
1.104988e-01 1.151812e-01 9.871794e-01 2.508345e+02 -2.010936e-03 9.932857e-01 -1.156686e-01 -2.063460e+01 -9.938743e-01 1.079609e-02 1.099885e-01 1.555425e+02
9.917196e-02 1.118108e-01 9.887685e-01 2.526209e+02 -8.700271e-03 9.937264e-01 -1.114988e-01 -2.080615e+01 -9.950323e-01 2.454999e-03 9.952258e-02 1.557215e+02
9.406476e-02 1.050531e-01 9.900078e-01 2.535136e+02 -1.083401e-02 9.944661e-01 -1.044968e-01 -2.089449e+01 -9.955072e-01 -8.962934e-04 9.468236e-02 1.558057e+02
8.239821e-02 1.009633e-01 9.914720e-01 2.552821e+02 -1.617835e-02 9.948595e-01 -9.996378e-02 -2.106516e+01 -9.964682e-01 -7.803544e-03 8.360806e-02 1.559558e+02
6.775378e-02 9.475242e-02 9.931924e-01 2.570428e+02 -2.362694e-02 9.953532e-01 -9.334679e-02 -2.122381e+01 -9.974223e-01 -1.714150e-02 6.967765e-02 1.560897e+02
5.393239e-02 9.298377e-02 9.942058e-01 2.587907e+02 -2.106591e-02 9.955392e-01 -9.196574e-02 -2.137550e+01 -9.983224e-01 -1.598391e-02 5.565060e-02 1.561854e+02
4.757742e-02 9.690533e-02 9.941557e-01 2.596601e+02 -1.894279e-02 9.951914e-01 -9.609975e-02 -2.144205e+01 -9.986880e-01 -1.425990e-02 4.918430e-02 1.562240e+02
2.816779e-02 9.417738e-02 9.951568e-01 2.622717e+02 -1.736072e-02 9.954477e-01 -9.371354e-02 -2.165347e+01 -9.994525e-01 -1.463693e-02 2.967455e-02 1.563158e+02
