1.000000000000000000e+00 0.000000000000000000e+00 0.000000000000000000e+00 0.000000000000000000e+00 0.000000000000000000e+00 1.000000000000000000e+00 0.000000000000000000e+00 0.000000000000000000e+00 0.000000000000000000e+00 0.000000000000000000e+00 1.000000000000000000e+00 0.000000000000000000e+00
9.999984809834358002e-01 8.928536579368907171e-04 1.496944610366445372e-03 -3.786999999999999893e-04 -8.859408700638593840e-04 9.999889710573807156e-01 -4.612252418903478590e-03 -1.956000000000000111e-04 -1.501046167093779589e-03 4.610919208405110659e-03 9.999882430731161786e-01 7.554020000000000179e-02
9.999964535691413525e-01 -1.500778772890978136e-03 2.200116409379716982e-03 -1.588000000000000110e-04 1.512807142404314163e-03 9.999838638226894449e-01 -5.475719933920537678e-03 -4.539999999999999900e-05 -2.191863063668107736e-03 5.479028866476620858e-03 9.999825878379035027e-01 1.506914000000000031e-01
9.999926490355165454e-01 -3.204999304322560683e-03 2.104721926885781171e-03 1.335999999999999948e-04 3.207787772679056727e-03 9.999939800957894365e-01 -1.322826438851621962e-03 -2.191000000000000131e-04 -2.100469598845132110e-03 1.329568216063405821e-03 9.999969101331378507e-01 2.262616000000000072e-01
9.999826926741337552e-01 -5.703184187030145742e-03 1.445005992250957905e-03 2.321000000000000038e-04 5.696335248726094695e-03 9.999727289918678430e-01 4.700323104903221701e-03 -3.287000000000000208e-04 -1.471773393886608881e-03 -4.692010516311289660e-03 9.999879093871044677e-01 3.014196000000000097e-01
9.999577361201547054e-01 -9.192129645443261610e-03 1.752884377636172188e-04 3.811999999999999959e-04 9.191227580248699514e-03 9.999472075821981276e-01 4.593841979475026677e-03 5.330000000000000129e-05 -2.175063749091891302e-04 -4.592036709965906238e-03 9.999894328890837070e-01 3.759451999999999794e-01
9.999288233769821899e-01 -1.190307464375578959e-02 -8.154716114462481381e-04 3.982999999999999778e-04 1.190449289280595853e-02 9.999275954198187932e-01 1.756976637390764455e-03 2.070999999999999924e-04 7.944991435043743423e-04 -1.766559357729740589e-03 9.999981240178136277e-01 4.494688000000000017e-01
9.999207881238226792e-01 -1.249646606003373094e-02 -1.501936697662224589e-03 8.940000000000000464e-05 1.249423280856723321e-02 9.999208380401251040e-01 -1.487212042500056118e-03 1.535999999999999930e-04 1.520402696222804793e-03 1.468328690879573467e-03 9.999977661907535342e-01 5.227005999999999597e-01
9.999220323842100688e-01 -1.225692706156122566e-02 -2.386816213749661138e-03 -1.657999999999999914e-04 1.225178194121742323e-02 9.999226144450289455e-01 -2.158462573850821777e-03 1.436999999999999964e-04 2.413087626985145617e-03 2.129051531885544149e-03 9.999948220604339966e-01 5.961429999999999785e-01
9.999231158237148476e-01 -1.190445172444576372e-02 -3.470802577781568511e-03 -4.538999999999999741e-04 1.190309161916363115e-02 9.999290707082647556e-01 -4.122649776645866799e-04 1.088000000000000019e-04 3.475464184737261236e-03 3.709199999360044309e-04 9.999938917648718562e-01 6.690593000000000234e-01
9.999259388739105692e-01 -1.141590502366800902e-02 -4.218279224886821097e-03 -1.054400000000000042e-03 1.142764989137980830e-02 9.999308635033510306e-01 2.770745640247800762e-03 -5.280000000000000269e-05 4.186357018765513374e-03 -2.818745453831664194e-03 9.999872644633920338e-01 7.419799999999999729e-01
9.999141300875689087e-01 -1.200175478494140344e-02 -5.262160516593615209e-03 -1.472500000000000068e-03 1.202327922681157776e-02 9.999194019085918539e-01 4.078044065242539956e-03 3.544999999999999974e-04 5.212792711626067915e-03 -4.140962309183076479e-03 9.999778393661028497e-01 8.143388999999999767e-01
9.998963794417051743e-01 -1.316512457775944125e-02 -5.823218544890644555e-03 -1.863800000000000092e-03 1.319410900182178825e-02 9.999006157917869064e-01 4.967295728397733666e-03 4.966999999999999844e-04 5.757244741847380304e-03 -5.043613194663859427e-03 9.999707076204408240e-01 8.866969000000000101e-01
9.998888945433543896e-01 -1.326024858994386338e-02 -6.809139167448603237e-03 -2.292999999999999899e-03 1.329651958226587063e-02 9.998975008566687306e-01 5.309458313861438981e-03 3.181999999999999824e-04 6.738036499397369143e-03 -5.399406256349290577e-03 9.999627219432790648e-01 9.588301000000000185e-01
9.998764326244682366e-01 -1.366661141198140597e-02 -7.768089512942164161e-03 -2.786600000000000188e-03 1.369529612932914031e-02 9.998995476180237985e-01 3.651511632367382930e-03 8.243000000000000327e-04 7.717405399301289180e-03 -3.757446710897126979e-03 9.999631609455007508e-01 1.030561300000000013e+00
9.998588199019662337e-01 -1.410608926756077783e-02 -9.130088160739121411e-03 -3.668799999999999839e-03 1.412290175246456655e-02 9.998986832236955724e-01 1.779588045006493674e-03 1.119800000000000005e-03 9.104060101816954798e-03 -1.908280140677298849e-03 9.999567363424115563e-01 1.102481700000000009e+00
9.998253165422268385e-01 -1.529107662121149264e-02 -1.074799409192822401e-02 -4.474800000000000132e-03 1.529678619529021080e-02 9.998828964141071030e-01 4.492111213048912951e-04 1.233799999999999958e-03 1.073986654160393080e-02 -6.135424192054199583e-04 9.999421377421637835e-01 1.174039000000000055e+00
9.998098221052340584e-01 -1.493164034823252218e-02 -1.254455014782371140e-02 -5.329300000000000356e-03 1.493054133603506292e-02 9.998885168255848832e-01 -1.812615378329758260e-04 1.226700000000000056e-03 1.254585817364351104e-02 -6.069858628737892286e-06 9.999212976058884372e-01 1.245384899999999906e+00
9.998056913385077182e-01 -1.214147025801485050e-02 -1.552946448214820481e-02 -8.509900000000000797e-03 1.212974769909605857e-02 9.999260716215231382e-01 -8.488299622369239843e-04 1.111999999999999924e-03 1.553862245776103761e-02 6.602965411525959279e-04 9.998790502958809778e-01 1.386891700000000061e+00
9.997680583151524747e-01 -1.267126679558024972e-02 -1.741460796415313442e-02 -9.678499999999999603e-03 1.267406358039436208e-02 9.999196795684860417e-01 5.023959035202204637e-05 1.028599999999999957e-03 1.741257261607375220e-02 -2.709417862621085553e-04 9.998483529543059634e-01 1.457185299999999906e+00
9.997311416801065720e-01 -1.200716651814881693e-02 -1.983613639789788205e-02 -1.354230000000000017e-02 1.205160002776147106e-02 9.999251252137190127e-01 2.122004500256960673e-03 9.638000000000000083e-04 1.980917191003760472e-02 -2.360491163655802169e-03 9.998009925928783570e-01 1.597885699999999964e+00
9.996449446923074689e-01 -1.336989169379982322e-02 -2.304843914909852215e-02 -1.697380000000000069e-02 1.341012205046750345e-02 9.999088132647494520e-01 1.591785812207746446e-03 1.132600000000000100e-03 2.302505543327094950e-02 -1.900303022268597011e-03 9.997330822128066563e-01 1.735590600000000094e+00
9.996283806362024071e-01 -1.305006865143614435e-02 -2.393316391195563636e-02 -1.933220000000000077e-02 1.309908962029687242e-02 9.999124121053163394e-01 1.892609005436744546e-03 1.317999999999999944e-03 2.390636897906419506e-02 -2.205408334262188089e-03 9.997117693096926327e-01 1.803852400000000022e+00
9.995688946962348886e-01 -1.405627802877513523e-02 -2.577684627189533173e-02 -2.303830000000000114e-02 1.423370355690888912e-02 9.998761635901074474e-01 6.712612560146290208e-03 1.837300000000000044e-03 2.567929981134980250e-02 -7.076618705735662415e-03 9.996451845674505510e-01 1.938781300000000041e+00
9.995554128837813579e-01 -1.385988299747484102e-02 -2.639848893458951115e-02 -2.526460000000000164e-02 1.408555318534365948e-02 9.998656613353986700e-01 8.381913492074434535e-03 1.905000000000000009e-03 2.627877025654343571e-02 -8.750024321227466845e-03 9.996163580635231138e-01 2.005717000000000194e+00
9.995433693160855615e-01 -1.156342870432801838e-02 -2.791666120522254615e-02 -2.932560000000000028e-02 1.169544899486745816e-02 9.999211606647958606e-01 4.570440632567032008e-03 2.509700000000000125e-03 2.786161030980995393e-02 -4.894851516367869013e-03 9.995998054719582582e-01 2.134366299999999939e+00
9.994989577484892918e-01 -1.066273689738978826e-02 -2.980166944217441799e-02 -3.349900000000000100e-02 1.074416111157125257e-02 9.999389684376437382e-01 2.573402780276455668e-03 2.972300000000000202e-03 2.977241108295043681e-02 -2.892307334633894157e-03 9.995525189286402767e-01 2.259927999999999937e+00
9.994038208495656939e-01 -1.023067208664587419e-02 -3.297478157539220772e-02 -3.819079999999999697e-02 1.027506666611730651e-02 9.999465172419710335e-01 1.177140883456918429e-03 3.005600000000000199e-03 3.296097505074972039e-02 -1.515257175592889076e-03 9.994554908145714123e-01 2.381976100000000152e+00
9.992636261526325336e-01 -1.015950594546450626e-02 -3.699986334077297323e-02 -4.315990000000000104e-02 1.025591815233571798e-02 9.999444858902138966e-01 2.416874139991127476e-03 3.169799999999999961e-03 3.697325507910272091e-02 -2.794561987152634035e-03 9.993123479834298273e-01 2.502652599999999783e+00
9.991214075092211822e-01 -9.332858318074638976e-03 -4.085720025169998354e-02 -4.861220000000000124e-02 9.582897571114076113e-03 9.999365098549205522e-01 5.928265623440448842e-03 3.906199999999999863e-03 4.079927855899297823e-02 -6.314587458834888464e-03 9.991474089714141860e-01 2.621183199999999935e+00
9.989953032233532815e-01 -5.624554271419795852e-03 -4.446064019926319888e-02 -5.511270000000000058e-02 5.871711814226914135e-03 9.999680164783424363e-01 5.430379428754191808e-03 4.105900000000000001e-03 4.442867472760304859e-02 -5.685983610372259169e-03 9.989963775972020565e-01 2.735026400000000191e+00
9.988496562456503636e-01 -3.400268065163106809e-03 -4.783097735809894308e-02 -6.111899999999999972e-02 3.690459005993883875e-03 9.999753097071769625e-01 5.980007388001297615e-03 4.731499999999999595e-03 4.780946276911109821e-02 -6.149646585008231893e-03 9.988375429050554422e-01 2.844915900000000164e+00
9.987962535520162888e-01 5.715627106320155405e-04 -4.904811114124801169e-02 -6.711219999999999686e-02 -1.726070479660679082e-04 9.999668725301062988e-01 8.137815994807518979e-03 5.692000000000000011e-03 4.905113757359145371e-02 -8.119554078037020603e-03 9.987632646149489091e-01 2.953477400000000141e+00
9.989276756232730037e-01 5.417236704864099132e-03 -4.597991322706559275e-02 -7.335869999999999891e-02 -5.277883083208441579e-03 9.999811054659782927e-01 3.151612476179563478e-03 5.582499999999999789e-03 4.599611748881627521e-02 -2.905556319106837419e-03 9.989373928922830048e-01 3.056338100000000058e+00
9.991515535558604943e-01 7.112992115132056072e-03 -4.056572900960261213e-02 -7.843329999999999746e-02 -7.027599889468616641e-03 9.999727809928895539e-01 2.247245678635683384e-03 6.027099999999999645e-03 4.058060949152916125e-02 -1.960259298326439727e-03 9.991743449052218340e-01 3.158112000000000030e+00
9.993094914482385516e-01 1.591187034214248258e-02 -3.357607308304264709e-02 -8.325889999999999680e-02 -1.563361306931004835e-02 9.998413704238415800e-01 8.533705606215538642e-03 6.130100000000000306e-03 3.370653414194452885e-02 -8.002897674549067780e-03 9.993997314312970115e-01 3.257174700000000200e+00
9.994182549777019808e-01 2.434398417523396183e-02 -2.388560344226597909e-02 -8.698599999999999388e-02 -2.412405412952900799e-02 9.996642787732253899e-01 9.453028994068510271e-03 7.291399999999999965e-03 2.410770892641572044e-02 -8.871312151147881658e-03 9.996700046470515799e-01 3.350973600000000108e+00
9.993750609217101344e-01 3.343118596394469705e-02 -1.148230868650807097e-02 -8.922900000000000276e-02 -3.328223424027178939e-02 9.993623860156817251e-01 1.292726966606591588e-02 7.557099999999999755e-03 1.190716136212960526e-02 -1.253703402275253148e-02 9.998505099694695586e-01 3.439899699999999783e+00
9.991872847801107627e-01 4.020181214778049961e-02 2.929886309096450727e-03 -8.987610000000000043e-02 -4.023581367025103050e-02 9.991100671283956736e-01 1.265515946108238324e-02 7.920099999999999363e-03 -2.418518563605281512e-03 -1.276276077998606331e-02 9.999156277932804704e-01 3.520990400000000076e+00
9.986427233499733935e-01 4.888242315760948919e-02 1.797831489291639925e-02 -8.968120000000000258e-02 -4.905240069276253778e-02 9.987544027869985630e-01 9.138101545858451358e-03 8.938500000000000265e-03 -1.750922860736946543e-02 -1.000757811991268009e-02 9.997966169645448042e-01 3.597680800000000012e+00
9.981001450707596145e-01 5.124410124958326401e-02 3.420734565632207319e-02 -8.809240000000000126e-02 -5.147090517557353223e-02 9.986577543628932796e-01 5.782349978187957713e-03 9.251999999999999807e-03 -3.386511966811508317e-02 -7.532047396663924844e-03 9.993980297818675362e-01 3.666585200000000100e+00
9.973594476176926849e-01 5.242329393079506183e-02 5.025863608551645045e-02 -8.513590000000000046e-02 -5.289593381355246760e-02 9.985670182919782478e-01 8.119739248282865571e-03 8.993400000000000352e-03 -4.976095290208164268e-02 -1.075677613940599457e-02 9.987032288589856588e-01 3.728152000000000132e+00
9.906442778778657976e-01 6.145432193086722977e-02 1.218494194645963619e-01 -6.986430000000000418e-02 -6.166225334094298932e-02 9.980949319273294540e-01 -2.067214042343692298e-03 8.959800000000000403e-03 -1.217443272631591328e-01 -5.465636010276220258e-03 9.925464450605039346e-01 3.889873300000000089e+00
9.860004189212193682e-01 6.500133396807855624e-02 1.535512958901692204e-01 -6.289490000000000358e-02 -6.491157995175286799e-02 9.978752882243083766e-01 -5.603207958008795363e-03 8.872700000000000725e-03 -1.535892596353898021e-01 -4.442491825970599877e-03 9.881247915071400545e-01 3.930460699999999807e+00
9.761275060327457842e-01 6.374976268906183685e-02 2.076320296182168623e-01 -4.857790000000000025e-02 -6.340088101560238665e-02 9.979532801710576662e-01 -8.341395702876567425e-03 8.246800000000000311e-03 -2.077388270226276368e-01 -5.021787820571432630e-03 9.781714376295946867e-01 3.987781000000000020e+00
9.600885259543251449e-01 6.757505678416042549e-02 2.714104530622736822e-01 -3.080679999999999877e-02 -6.626993770156414110e-02 9.977037621000054424e-01 -1.398207597342601693e-02 7.540999999999999960e-03 -2.717320696713620420e-01 -4.562323104882200220e-03 9.623621290969448516e-01 4.043906699999999965e+00
9.232986860580932875e-01 7.451522978981120482e-02 3.767851069943851106e-01 2.293100000000000173e-03 -7.281651132481392619e-02 9.971686829284988063e-01 -1.877161327979698716e-02 5.554899999999999768e-03 -3.771170799657340145e-01 -1.010437113405066034e-02 9.261104738000232039e-01 4.119744299999999804e+00
8.591191751448999936e-01 7.105305808143827506e-02 5.068192042884942516e-01 4.952970000000000289e-02 -6.294185182529821176e-02 9.974666583949808318e-01 -3.314496461233515379e-02 3.009899999999999815e-03 -5.078903092077549086e-01 -3.424664600585681021e-03 8.614149438483318377e-01 4.190929399999999916e+00
7.557155439414667830e-01 8.426277199899914749e-02 6.494565435041036450e-01 1.146319999999999978e-01 -7.017308195889024325e-02 9.963974597586998661e-01 -4.762185165237611123e-02 -2.604999999999999894e-04 -6.511295993991087494e-01 -9.585793731075785418e-03 7.589060266890106377e-01 4.263531699999999702e+00
6.862445134733050622e-01 8.301189060850758250e-02 7.226184980647728517e-01 1.582567000000000002e-01 -6.628938362419703467e-02 9.964695577874917998e-01 -5.151832704508742256e-02 -2.936999999999999941e-03 -7.243439689446659058e-01 -1.254776555414217551e-02 6.893245739367539482e-01 4.300676300000000118e+00
6.047661349136325137e-01 8.150471019894138525e-02 7.922214995044081220e-01 2.096340999999999899e-01 -6.177042237169298733e-02 9.965532218368480244e-01 -5.537229421489364700e-02 -5.879200000000000224e-03 -7.940039905325722014e-01 -1.544856828268149906e-02 6.077162205802695283e-01 4.336401000000000394e+00
5.109648388940003505e-01 8.033093361359047724e-02 8.558398649974171546e-01 2.700452999999999881e-01 -5.504587776299182944e-02 9.966381515031305094e-01 -6.068233935606666407e-02 -9.278700000000000836e-03 -8.578373300080440744e-01 -1.610391484055959457e-02 5.136689392706921264e-01 4.368803999999999910e+00
4.129655553139850444e-01 7.613080604093767911e-02 9.075591168049432778e-01 3.381485000000000185e-01 -5.283989854202110481e-02 9.968243301393048261e-01 -5.957516231111057575e-02 -1.324439999999999992e-02 -9.092125137976712068e-01 -2.335284166613093432e-02 4.156768571135945889e-01 4.397141900000000270e+00
3.137000411613297124e-01 7.651892701384960249e-02 9.464339057662871646e-01 4.118960999999999872e-01 -5.360432526860167690e-02 9.965851461829703384e-01 -6.280623153768788436e-02 -1.627670000000000158e-02 -9.480078377776621767e-01 -3.103063351136847031e-02 3.167305468312223704e-01 4.419993899999999698e+00
2.665931606930357356e-01 7.315727634330684848e-02 9.610286674130623652e-01 4.513494000000000117e-01 -4.242260543459198258e-02 9.970394273732359203e-01 -6.413035795464462618e-02 -1.878109999999999849e-02 -9.628750745656666776e-01 -2.367262514549159369e-02 2.689074145479869449e-01 4.427929899999999641e+00
2.228192148427285968e-01 6.724301088432778351e-02 9.725379041374584421e-01 4.925839000000000190e-01 -2.904244459376053092e-02 9.976333142511636387e-01 -6.232420643904984514e-02 -2.136700000000000058e-02 -9.744270798314713655e-01 -1.435784745179890035e-02 2.242447732003191030e-01 4.433408299999999969e+00
1.805195128247794600e-01 6.613968109612626545e-02 9.813451217966119300e-01 5.354394999999999571e-01 -1.983135474055824563e-02 9.977784594837660892e-01 -6.359923866962964578e-02 -2.364049999999999832e-02 -9.833714572116981634e-01 -7.980499652596523968e-03 1.814301208913130514e-01 4.438746499999999706e+00
1.420868897688038757e-01 6.790469334764924481e-02 9.875222875344078499e-01 5.789590000000000014e-01 -1.694112117042510454e-02 9.976648956744188501e-01 -6.616460044797436990e-02 -2.568140000000000006e-02 -9.897092068730677372e-01 -7.328612441167496605e-03 1.429054836959394725e-01 4.443203399999999803e+00
1.095189536971521438e-01 6.854536826058972576e-02 9.916184403645896817e-01 6.236180999999999530e-01 -7.672781918158639441e-03 9.976479892241865155e-01 -6.811474153642364804e-02 -2.843069999999999972e-02 -9.939550931499457898e-01 -1.486168145210242653e-04 1.097872976000640044e-01 4.445905699999999960e+00
8.058056662230116129e-02 6.700113892766122736e-02 9.944936498868280905e-01 6.699696000000000540e-01 -4.073793720382329342e-04 9.977403264925506221e-01 -6.718686577438884311e-02 -3.145740000000000341e-02 -9.967480154607161191e-01 5.008819515089826119e-03 8.042577573259168666e-02 4.447982800000000125e+00
5.553354405552309025e-02 6.548136044222196972e-02 9.963072904075673808e-01 7.171912999999999760e-01 6.657859486928843079e-03 9.978006760174029655e-01 -6.595061672392443786e-02 -3.403439999999999938e-02 -9.984346239948238555e-01 1.029574542466336201e-02 5.497544210340588045e-02 4.448957000000000050e+00
3.568411023920371045e-02 6.444224988693975087e-02 9.972832299331746420e-01 7.656279999999999752e-01 1.093630746326320485e-02 9.978338494842488027e-01 -6.486914522725384380e-02 -3.660909999999999859e-02 -9.993032780169917029e-01 1.322139375991764065e-02 3.490205282701697165e-02 4.449488200000000226e+00
6.316203461049972774e-03 6.599650312279264908e-02 9.977998632738943607e-01 8.649584999999999635e-01 1.451550801088519888e-02 9.977085861725690785e-01 -6.608235093214548384e-02 -4.226420000000000177e-02 -9.998746949498346082e-01 1.490096148228431394e-02 5.343757655333125633e-03 4.449716600000000355e+00
-2.526004026842502623e-02 7.089461839314137315e-02 9.971639200495211464e-01 1.077736000000000027e+00 2.490211811610187204e-02 9.972173030198865362e-01 -7.026759616690796129e-02 -5.468239999999999906e-02 -9.993707094361775622e-01 2.305653140944680102e-02 -2.695517539167446852e-02 4.443769900000000383e+00
-2.863014234786100815e-02 6.836928069755829340e-02 9.972491947382258193e-01 1.133298300000000092e+00 2.263193905564728908e-02 9.974467529392349041e-01 -6.773308191392433952e-02 -5.742030000000000051e-02 -9.993338332527939016e-01 2.063047522175388837e-02 -3.010437191508763544e-02 4.441942199999999730e+00
-3.259577903207654809e-02 5.584325440788404787e-02 9.979073334365413661e-01 1.248960999999999988e+00 2.200930699104870075e-02 9.982358790822429828e-01 -5.514272498413039236e-02 -6.369210000000000149e-02 -9.992262534556755060e-01 2.016582877141435623e-02 -3.376734746609777460e-02 4.438657799999999654e+00
-3.276631960185161924e-02 5.569995734527876524e-02 9.979097569677747304e-01 1.367267100000000069e+00 2.742200873253184540e-02 9.981201105203910684e-01 -5.481129821337352159e-02 -6.954180000000000084e-02 -9.990867838865761241e-01 2.556872555479726417e-02 -3.423212725907043286e-02 4.434082000000000079e+00
-2.960810107097999397e-02 7.131997206605987516e-02 9.970139527285801773e-01 1.487646800000000047e+00 2.905623195527007319e-02 9.970911467400079831e-01 -7.046261758732325076e-02 -7.520499999999999408e-02 -9.991391773599576087e-01 2.688320436987102699e-02 -3.159426510105234343e-02 4.430379399999999634e+00
-2.551614688082742485e-02 6.764250781599165374e-02 9.973832850939102768e-01 1.612576500000000079e+00 2.919820445647353796e-02 9.973328985034912719e-01 -6.689211029069770664e-02 -8.212200000000000055e-02 -9.992479127348100620e-01 2.741497216829529363e-02 -2.742313250045635975e-02 4.427930800000000389e+00
-2.015943874007354586e-02 5.932374934745170136e-02 9.980352147058970669e-01 1.738486200000000093e+00 2.700842950457531602e-02 9.979060926865543912e-01 -5.877052760313028479e-02 -9.020690000000000652e-02 -9.994319095192936153e-01 2.577058288853080817e-02 -2.171946804605850989e-02 4.425845599999999713e+00
-1.344442141913190954e-02 7.038249270908805699e-02 9.974294723201034829e-01 1.863288000000000055e+00 3.620597465055495900e-02 9.968997513694177748e-01 -6.985709068660422849e-02 -9.732280000000000098e-02 -9.992539091403688234e-01 3.517371802423285843e-02 -1.595100711690633499e-02 4.422899700000000323e+00
-7.689258383242191484e-03 6.742700684070111750e-02 9.976945795452732968e-01 1.989881999999999929e+00 2.580835551704429784e-02 9.974051038876083908e-01 -6.720853758604598827e-02 -1.049097999999999975e-01 -9.996373362830249798e-01 2.523207259527349144e-02 -9.409485720551336030e-03 4.423252100000000020e+00
2.014823619772187406e-04 6.476127483387347783e-02 9.979007649494758825e-01 2.116297199999999989e+00 3.427353310450009100e-02 9.973140611609595529e-01 -6.473011925810581713e-02 -1.136593000000000048e-01 -9.994124695706935180e-01 3.421462687982101264e-02 -2.018656504232607674e-03 4.422902599999999573e+00
6.985010000207717354e-03 7.012339914740020608e-02 9.975138688395821518e-01 2.242501499999999925e+00 3.045211908230138070e-02 9.970606335177922830e-01 -7.030477602905729761e-02 -1.213573000000000013e-01 -9.995118198794319397e-01 3.086749068377544342e-02 4.829072394642808241e-03 4.424032699999999707e+00
1.463112066966841193e-02 6.644176953361016769e-02 9.976830266017321369e-01 2.369023799999999902e+00 3.395498432937014976e-02 9.971813297950855581e-01 -6.690631171494346163e-02 -1.292725000000000124e-01 -9.993162609240090477e-01 3.485522585420418318e-02 1.233385112244300696e-02 4.424733599999999711e+00
2.159068987803482859e-02 6.786404723882746848e-02 9.974609331712978033e-01 2.496095700000000139e+00 4.128461857940297908e-02 9.967819781683096014e-01 -6.871148570380826437e-02 -1.375712000000000046e-01 -9.989141216237475973e-01 4.266332255272234364e-02 1.871946926113643439e-02 4.427022899999999872e+00
2.776962585628318936e-02 6.628205971512329819e-02 9.974144256224304339e-01 2.623626499999999862e+00 4.310097506374524490e-02 9.967918836333589105e-01 -6.744069002623516440e-02 -1.457437000000000038e-01 -9.986847119228152714e-01 4.486233701649029043e-02 2.482371626212298565e-02 4.430230599999999797e+00
3.418849892035544930e-02 6.544933727802627887e-02 9.972700390523323577e-01 2.751822000000000212e+00 4.327634727366552747e-02 9.968204892623172553e-01 -6.690343753114397218e-02 -1.540344999999999909e-01 -9.984779939028312068e-01 4.544553263745230304e-02 3.124738797205783847e-02 4.434885999999999662e+00
4.003626621719984235e-02 6.743851526471128510e-02 9.969198282942700606e-01 2.880475500000000189e+00 4.251970939304591801e-02 9.967010269408751455e-01 -6.913130411134757458e-02 -1.616981999999999864e-01 -9.982931291462023848e-01 4.515650068258170863e-02 3.703672158260729042e-02 4.440374399999999611e+00
4.447725010105393895e-02 6.755515030841145740e-02 9.967236707785442906e-01 3.010196699999999836e+00 3.845303088537548736e-02 9.968558790150844340e-01 -6.928001796183136385e-02 -1.698433000000000026e-01 -9.982700729958684516e-01 4.140843078252607473e-02 4.173970796438430941e-02 4.447644699999999673e+00
5.098524478507378971e-02 6.959128144397434823e-02 9.962718295531554080e-01 3.140536800000000017e+00 3.402042619706924231e-02 9.968692774524420264e-01 -7.137404481193396211e-02 -1.782905999999999935e-01 -9.981197901131786399e-01 3.753261539556956849e-02 4.845809907530818084e-02 4.454000899999999596e+00
5.757304854918494919e-02 7.511240754472447989e-02 9.955116625703531730e-01 3.272187499999999805e+00 3.293726015909474031e-02 9.964799148999701206e-01 -7.709031128592336302e-02 -1.874231000000000091e-01 -9.977978156790910935e-01 3.722775085582890470e-02 5.489638961034715159e-02 4.462114299999999645e+00
6.321738394718581788e-02 7.668641940255510603e-02 9.950491221271892117e-01 3.404691000000000134e+00 2.314144643632616571e-02 9.966627108115093669e-01 -7.828099599959335853e-02 -1.961515000000000064e-01 -9.977314447403716757e-01 2.797559574109414679e-02 6.123177458821638108e-02 4.471796499999999952e+00
7.081982646712874085e-02 7.826673565581040992e-02 9.944138325008099466e-01 3.539049400000000123e+00 2.443295752871488952e-02 9.964817477183609551e-01 -8.016955189197882969e-02 -2.064084999999999948e-01 -9.971898428912949752e-01 2.997406468839629995e-02 6.865837662288587495e-02 4.481186899999999973e+00
7.866442105514662164e-02 7.734233916347539595e-02 9.938964088036440492e-01 3.674574600000000135e+00 1.937815497555553032e-02 9.966789091671489631e-01 -7.909259845981353454e-02 -2.157880000000000076e-01 -9.967127951269622033e-01 2.548165210703351100e-02 7.690441753302701411e-02 4.492884600000000006e+00
8.821585027268970258e-02 8.041684502099397114e-02 9.928499860490185291e-01 3.810524500000000092e+00 1.617329876268016470e-02 9.964888523352612992e-01 -8.214859450220120263e-02 -2.267057000000000100e-01 -9.959700739318426699e-01 2.330446756361171171e-02 8.660550573593517321e-02 4.506115399999999660e+00
1.018821437023940124e-01 9.411316282935310029e-02 9.903346613023600309e-01 3.946621700000000121e+00 1.297511151480346125e-02 9.953044487123476891e-01 -9.592028385377093791e-02 -2.372376999999999958e-01 -9.947118554012428504e-01 2.262226681093754826e-02 1.001826220886217200e-01 4.520069099999999729e+00
1.158974351410537035e-01 9.520671378480488611e-02 9.886877495842776309e-01 4.084398300000000148e+00 5.139252024615216519e-03 9.953247305930474909e-01 -9.644826985749785364e-02 -2.496232999999999924e-01 -9.932478908189801281e-01 1.625922261903944149e-02 1.148662921116189173e-01 4.537913299999999595e+00
1.309969232687590024e-01 8.968573291663006763e-02 9.873177175587021237e-01 4.223409199999999863e+00 4.727090850263848676e-03 9.958317814398655043e-01 -9.108631997395223723e-02 -2.623333999999999944e-01 -9.913715048891670323e-01 1.659916821743655235e-02 1.300269468544001938e-01 4.556224300000000227e+00
1.455361173282181675e-01 7.715262560337794728e-02 9.863400584562768136e-01 4.363197800000000015e+00 -3.702031732068095105e-04 9.969588725684612740e-01 -7.792861705838993736e-02 -2.734358000000000066e-01 -9.893528700633748008e-01 1.097628213593409424e-02 1.451220855963513134e-01 4.577594300000000338e+00
1.603769682902813909e-01 7.616999623944015196e-02 9.841124731019833538e-01 4.501408099999999912e+00 -5.567017246509639583e-04 9.970248572933567699e-01 -7.707868721216901142e-02 -2.845627000000000018e-01 -9.870556813702092702e-01 1.181378906385614075e-02 1.599422278910321848e-01 4.600325599999999682e+00
1.712073712638731982e-01 8.643117806462868868e-02 9.814365427694624611e-01 4.635097499999999648e+00 -1.243657772771640524e-03 9.961627675696879125e-01 -8.751110685646795728e-02 -2.945946999999999871e-01 -9.852342306985981679e-01 1.376197537639042845e-02 1.706578995929608489e-01 4.624235200000000212e+00
1.811473726946357943e-01 8.888915124054565242e-02 9.794306244740187406e-01 4.766467600000000360e+00 -5.062311600276911405e-03 9.959780317548602158e-01 -8.945464360767613199e-02 -3.061590000000000145e-01 -9.834429329488787452e-01 1.124629065292426233e-02 1.808687882954312931e-01 4.649944800000000100e+00
1.912459682810791484e-01 7.939056015558683399e-02 9.783261820959380239e-01 4.896961700000000306e+00 -6.872573457456232493e-04 9.967341490356660394e-01 -8.075000819496752635e-02 -3.167820000000000080e-01 -9.815419029738735590e-01 1.477075165077093577e-02 1.906759491967932041e-01 4.674855199999999655e+00
1.975944038472637609e-01 6.977598158229736391e-02 9.777974043545376581e-01 5.024876599999999804e+00 -6.082625403420957588e-03 9.975316007172355670e-01 -6.995503726474257278e-02 -3.271813000000000082e-01 -9.802649913347134536e-01 7.875148553313938288e-03 1.975310831206500417e-01 4.702100800000000191e+00
2.028631886798627493e-01 7.190852595335850417e-02 9.765632035735595240e-01 5.148201499999999875e+00 -9.386815644815520165e-03 9.973969553850733361e-01 -7.149266452326658028e-02 -3.361864999999999992e-01 -9.791620981077079344e-01 5.336411134954109625e-03 2.030101188254174183e-01 4.728951499999999974e+00
2.062609921712704741e-01 8.057061603721954457e-02 9.751742300429733223e-01 5.267655799999999999e+00 -1.517926059965785807e-02 9.967477417222085911e-01 -7.914246280805946332e-02 -3.451644999999999852e-01 -9.783792685641752307e-01 1.521579133775208259e-03 2.068131805295999603e-01 4.755732499999999696e+00
2.099957146972953603e-01 8.760516479840987913e-02 9.737695491795865799e-01 5.384727500000000333e+00 -1.463979835570747984e-02 9.961476394280298630e-01 -8.646130213030636669e-02 -3.548123000000000249e-01 -9.775926943839525762e-01 3.900713089595130023e-03 2.104692574332800437e-01 4.781773099999999665e+00
2.119282357772724334e-01 8.445996207152342561e-02 9.736287473607226906e-01 5.498612900000000359e+00 -1.666302442996363264e-02 9.964259911043937823e-01 -8.281055408867238343e-02 -3.644797000000000176e-01 -9.771431658140886656e-01 1.326295028764142014e-03 2.125781607887259339e-01 4.807750200000000085e+00
2.125784792945896728e-01 8.085211516743687210e-02 9.737932663629129681e-01 5.610429800000000355e+00 -1.597969584455515707e-02 9.967252741602441457e-01 -7.926775618687245673e-02 -3.736039999999999917e-01 -9.770133261432594196e-01 1.289698855344412198e-03 2.131743352642322398e-01 4.832866700000000293e+00
2.090635025505732658e-01 8.089666573259088334e-02 9.745502456901008470e-01 5.717802999999999969e+00 -1.754729781715460429e-02 9.967223188642494458e-01 -7.897285240631432557e-02 -3.825112999999999985e-01 -9.777446211770240980e-01 -5.903822684318535408e-04 2.097977769381138557e-01 4.857245400000000046e+00
2.046809943618801420e-01 8.734654693742181786e-02 9.749237258807175177e-01 5.821647200000000133e+00 -1.669104788001873896e-02 9.961771664690307615e-01 -8.574649804161102451e-02 -3.915951999999999766e-01 -9.786864152871943556e-01 1.278179894164628572e-03 2.053564383905682744e-01 4.879361600000000188e+00
2.008662879214128671e-01 8.696959454471973883e-02 9.757504926985173244e-01 5.923214399999999991e+00 -1.453216622614118825e-02 9.962062827202007309e-01 -8.580127279694235720e-02 -3.994577999999999740e-01 -9.795108731001652691e-01 3.054814810520299628e-03 2.013681146185402060e-01 4.900304799999999794e+00
1.964919068542468616e-01 7.988400064595010952e-02 9.772458631181711874e-01 6.022242499999999943e+00 -1.485325494136669616e-02 9.968037524494719470e-01 -7.849624144058586772e-02 -4.083517999999999870e-01 -9.803929372238603390e-01 9.085942162619098372e-04 1.970504075055959925e-01 4.920345300000000144e+00
1.946128638887842932e-01 7.872826726519122076e-02 9.777155481746346855e-01 6.070220499999999575e+00 -1.112177471074106416e-02 9.968867647416157496e-01 -7.805821167742635347e-02 -4.126495000000000024e-01 -9.808170774085702703e-01 4.317200066593911145e-03 1.948825863110810186e-01 4.929308400000000034e+00
1.930354363758911840e-01 8.025834311485016692e-02 9.779038391701040389e-01 6.117269000000000290e+00 -7.451694118731290450e-03 9.967402006840446749e-01 -8.033333427096883694e-02 -4.163584000000000174e-01 -9.811634892095866256e-01 8.220139949498196652e-03 1.930042402158059778e-01 4.938240999999999659e+00
1.889095386644161212e-01 8.421328748869126579e-02 9.783768744261814865e-01 6.210458299999999987e+00 -3.737490034721305254e-03 9.963704918083479134e-01 -8.504042698523592292e-02 -4.234688999999999814e-01 -9.819873814717975380e-01 1.240827401123623802e-02 1.885386362691324758e-01 4.956031300000000250e+00
1.866575737902885224e-01 8.510145421677407784e-02 9.787321863701596847e-01 6.303971299999999722e+00 -2.473604330401280027e-03 9.962786415659730110e-01 -8.615538080164393542e-02 -4.313670000000000004e-01 -9.824219212885771935e-01 1.366055817490489932e-02 1.861734613794631121e-01 4.973539800000000177e+00
1.915852945442131916e-01 8.116556556962212232e-02 9.781141170028014864e-01 6.445346400000000031e+00 1.095452902562089187e-02 9.963357883163153073e-01 -8.482331763102249345e-02 -4.422556000000000265e-01 -9.814148323763164372e-01 2.696567977763351595e-02 1.899941549256087825e-01 4.999123599999999890e+00
2.064259814027726569e-01 8.040705776918014025e-02 9.751528184150449752e-01 6.587987899999999897e+00 8.345403450104836585e-03 9.964368197252099213e-01 -8.392865146756813000e-02 -4.537123000000000128e-01 -9.784266290546047573e-01 2.546309794218437617e-02 2.050194190803144023e-01 5.030461299999999802e+00
2.313836138243017537e-01 7.805285840956906196e-02 9.697264431517282901e-01 6.734698800000000318e+00 3.652493867924197501e-03 9.966996490253545726e-01 -8.109543095193302853e-02 -4.652628999999999793e-01 -9.728557357296871988e-01 2.230607376547303136e-02 2.303348791021848641e-01 5.066034300000000101e+00
2.598248319136584605e-01 8.416884587953332719e-02 9.619805934135815528e-01 6.886283899999999569e+00 -6.526816037235684542e-03 9.963244327013038859e-01 -8.541092128551809604e-02 -4.764469000000000065e-01 -9.656337076725601820e-01 1.591320790199919621e-02 2.594191828312095716e-01 5.109000700000000172e+00
2.807506543252152320e-01 8.859353145328123513e-02 9.556831359193276310e-01 6.989552500000000279e+00 -1.200102190738622232e-02 9.959768821145039697e-01 -8.880329817439233664e-02 -4.847319999999999962e-01 -9.597057077923116797e-01 1.346240981801042486e-02 2.806843742582583179e-01 5.140561599999999842e+00
3.010379771655212200e-01 8.960159896172695260e-02 9.493933272188048722e-01 7.096297700000000042e+00 -1.578878177414604761e-02 9.959078055810006713e-01 -8.898515130584563892e-02 -4.936325999999999770e-01 -9.534814369845798776e-01 1.179814588559145033e-02 3.012207713280788957e-01 5.175530400000000419e+00
3.215344274328771901e-01 8.562041535857409236e-02 9.430189586902468779e-01 7.206195799999999707e+00 -1.968437943596946377e-02 9.962927187983783295e-01 -8.374570840082631862e-02 -5.022687999999999597e-01 -9.466932645696983784e-01 8.364385402448763773e-03 3.220277936377645700e-01 5.214458900000000341e+00
3.323226949835245136e-01 7.863671276151922018e-02 9.398818509817867817e-01 7.262956599999999874e+00 -1.584709902935289849e-02 9.968430892116887376e-01 -7.779926055722580225e-02 -5.061742999999999659e-01 -9.430326059321816334e-01 1.096005916770282501e-02 3.325197456570049281e-01 5.234668700000000285e+00
3.432174018178346664e-01 7.423147187152726034e-02 9.363180568979759810e-01 7.320266199999999834e+00 -1.442737038116505277e-02 9.971711090617373374e-01 -7.376740632873962644e-02 -5.107492000000000143e-01 -9.391451783794130259e-01 1.180965013755062160e-02 3.433174421586077107e-01 5.256200800000000228e+00
3.533711377950704557e-01 7.094493805464741065e-02 9.327891802212542327e-01 7.378404599999999647e+00 -1.519125540954915227e-02 9.974238761470647363e-01 -7.010589883060251715e-02 -5.148629999999999596e-01 -9.353598584141287198e-01 1.060316255591105608e-02 3.535385526520604671e-01 5.279159100000000215e+00
3.629019323050467483e-01 6.861124783848662756e-02 9.292979523270827880e-01 7.437172900000000197e+00 -9.195780271639746040e-03 9.975006963207191379e-01 -7.005568117487806501e-02 -5.183978999999999671e-01 -9.317819622392671253e-01 1.687772229082494177e-02 3.626258641297043228e-01 5.301938100000000098e+00
3.785364966278716436e-01 5.360743843665878583e-02 9.240326635270837974e-01 7.558117400000000430e+00 7.441692891314140301e-03 9.981128521214431837e-01 -6.095371717056828620e-02 -5.254567999999999461e-01 -9.255564498870981760e-01 2.994957385770463318e-02 3.774232121877684198e-01 5.349708599999999592e+00
3.929201613980543017e-01 4.941337792457356493e-02 9.182440116053086632e-01 7.680561499999999597e+00 1.429525602722539826e-02 9.981063352393603205e-01 -5.982799687579245379e-02 -5.330278000000000516e-01 -9.194614686989569519e-01 3.663415942992307578e-02 3.914697254460681730e-01 5.400945700000000294e+00
4.075793432944396777e-01 6.013742202754516347e-02 9.111874501942803795e-01 7.801116000000000383e+00 2.015923198962762258e-02 9.969934263688882137e-01 -7.481786646792726314e-02 -5.402689000000000519e-01 -9.129472516445086283e-01 4.886305607619263747e-02 4.051416017463933539e-01 5.453858900000000176e+00
4.170839414799972777e-01 6.391338600938217818e-02 9.066179266087373012e-01 7.920989500000000127e+00 1.118585183493201948e-02 9.970878140660385247e-01 -7.543717757005510838e-02 -5.493597000000000063e-01 -9.087991320848831656e-01 4.160492915298363847e-02 4.151543898261682575e-01 5.510695899999999980e+00
4.254436074675463364e-01 7.015825688250118541e-02 9.022613567344051066e-01 8.039422000000000068e+00 4.182212475129086504e-03 9.968274016083753519e-01 -7.948358636541019706e-02 -5.596649999999999681e-01 -9.049752736753713389e-01 3.758923241971992568e-02 4.238004290256005557e-01 5.567567799999999956e+00
4.329951781169353309e-01 7.719511633817777163e-02 8.980846784914096048e-01 8.152638400000000729e+00 -1.827976329104301356e-03 9.963993404841423596e-01 -8.476445472783006307e-02 -5.693190999999999669e-01 -9.013943832918105414e-01 3.506092263904812822e-02 4.315772207539168015e-01 5.622916199999999698e+00
4.408939712760199803e-01 7.244704232221321760e-02 8.946306121250399146e-01 8.264749500000000637e+00 -1.913694540403375333e-03 9.968107816335299853e-01 -7.977846446477245002e-02 -5.793093999999999744e-01 -8.975571535371250631e-01 3.346179430207495142e-02 4.396265056345209921e-01 5.678818200000000260e+00
4.478811674991029501e-01 6.860219953160251460e-02 8.914573450362428542e-01 8.373024900000000770e+00 -3.100819513895368418e-03 9.971652286189806036e-01 -7.517906458315534723e-02 -5.891585999999999768e-01 -8.940877164562675006e-01 3.090703888570034419e-02 4.468242498223826686e-01 5.734017399999999931e+00
4.541681123566848055e-01 7.091782156638576362e-02 8.880889529223093826e-01 8.477965400000000429e+00 -4.109525464958498076e-03 9.969829588775820373e-01 -7.751187978725784800e-02 -5.978786000000000378e-01 -8.909065256910057018e-01 3.155379996101460860e-02 4.530893070788601928e-01 5.788337699999999586e+00
4.578083680351647811e-01 6.794871747030481468e-02 8.864504892835921579e-01 8.579840700000000098e+00 -3.284417399560465856e-04 9.970879321086850711e-01 -7.625973884855397067e-02 -6.067071000000000547e-01 -8.890508367258885825e-01 3.462119924795916542e-02 4.564975161812280247e-01 5.841269999999999740e+00
4.614034059820007472e-01 6.739855878551700985e-02 8.846266620568499217e-01 8.678305599999999842e+00 -4.797397731970687307e-04 9.971290237565031411e-01 -7.571974532546367487e-02 -6.152627999999999986e-01 -8.871903216322634123e-01 3.451295779903938710e-02 4.601110615340634480e-01 5.893478400000000228e+00
4.671064388077866281e-01 6.865921543116579318e-02 8.815313306744599897e-01 8.773854299999999995e+00 2.328277097140639407e-03 9.968816264203970157e-01 -7.887713249848146702e-02 -6.236987000000000503e-01 -8.841980286960983149e-01 3.889646567235686969e-02 4.654899687513499584e-01 5.943766600000000011e+00
