1.000000000000000000e+00 0.000000000000000000e+00 0.000000000000000000e+00 0.000000000000000000e+00 0.000000000000000000e+00 1.000000000000000000e+00 0.000000000000000000e+00 0.000000000000000000e+00 0.000000000000000000e+00 0.000000000000000000e+00 1.000000000000000000e+00 0.000000000000000000e+00
9.999985413180577654e-01 8.298421050504854691e-04 1.492891100307538847e-03 -3.378999999999999734e-04 -8.229528710833635937e-04 9.999890380132341328e-01 -4.609403642384471769e-03 -1.732000000000000087e-04 -1.496699812476678156e-03 4.608168339713400799e-03 9.999882622682249034e-01 6.567320000000000102e-02
9.999965096574306989e-01 -1.494713917061970361e-03 2.178647117408721336e-03 -1.543000000000000101e-04 1.506472413539432101e-03 9.999842551947604186e-01 -5.405543769836275957e-03 -9.179999999999999521e-05 -2.170533073532109752e-03 5.408806974417959025e-03 9.999830166524280584e-01 1.310415000000000052e-01
9.999925873991680758e-01 -3.207219840030800864e-03 2.130466525174653028e-03 6.339999999999999607e-05 3.209967178962770153e-03 9.999940193602385730e-01 -1.287382796527118244e-03 -2.126999999999999930e-04 -2.126324863975106484e-03 1.294211981294019105e-03 9.999969018741609039e-01 1.967778000000000027e-01
9.999824520650351101e-01 -5.749593552182157528e-03 1.427492901715975149e-03 1.590999999999999912e-04 5.742723063923941586e-03 9.999721274964088469e-01 4.771306122744387035e-03 -3.208999999999999938e-04 -1.454886184833764032e-03 -4.763024699764575529e-03 9.999875983740491581e-01 2.621087999999999751e-01
9.999576123596457533e-01 -9.205356617665586688e-03 1.867981211301182338e-04 2.425000000000000126e-04 9.204398569759287413e-03 9.999470263746811360e-01 4.606896070220273254e-03 2.349999999999999862e-05 -2.291963469833389856e-04 -4.604981430407535312e-03 9.999893707510396634e-01 3.268459000000000225e-01
9.999297865222637194e-01 -1.182998119676471026e-02 -6.881645330087914070e-04 1.320000000000000101e-04 1.183119274543592385e-02 9.999284176212891451e-01 1.783959530126868294e-03 1.407000000000000048e-04 6.670110648573841262e-04 -1.791976079354716837e-03 9.999981719573143302e-01 3.908173999999999815e-01
9.999223722776467982e-01 -1.237790798524824459e-02 -1.427169419482464873e-03 -9.459999999999999551e-05 1.237600550618987369e-02 9.999225241216387339e-01 -1.334257067325721972e-03 -3.490000000000000128e-05 1.443574159486144979e-03 1.316490835394771176e-03 9.999980914709419855e-01 4.544829000000000230e-01
9.999243539242309575e-01 -1.207908149868925501e-02 -2.319961068084025555e-03 -2.997000000000000206e-04 1.207444968033400887e-02 9.999251005410036974e-01 -2.000243230393209358e-03 -2.650000000000000039e-05 2.343948405252254275e-03 1.972079666665332159e-03 9.999953083928253550e-01 5.181457000000000424e-01
9.999243109706518196e-01 -1.182979066504308285e-02 -3.380589103763026199e-03 -6.151999999999999916e-04 1.182856270849304281e-02 9.999299667547628667e-01 -3.830013969576767999e-04 1.130999999999999980e-04 3.384883176487705082e-03 3.429848977481927963e-04 9.999942124468728100e-01 5.817742999999999665e-01
9.999264491196164784e-01 -1.136863911160746789e-02 -4.224972873888109895e-03 -9.847000000000000284e-04 1.138052027718926447e-02 9.999313228603531334e-01 2.798807061018741219e-03 -5.560000000000000299e-05 4.192864087416304369e-03 -2.846683595757238273e-03 9.999871580591673803e-01 6.452388000000000012e-01
9.999150767418487629e-01 -1.193764255735065005e-02 -5.228001005710926873e-03 -1.333999999999999899e-03 1.195900125659956834e-02 9.999201915983927380e-01 4.073416597696347119e-03 3.155999999999999734e-04 5.178956775976580919e-03 -4.135592340483863760e-03 9.999780374001751015e-01 7.081604999999999706e-01
9.998975099737238414e-01 -1.304456314546512466e-02 -5.899908532408486804e-03 -1.664200000000000011e-03 1.307428301885454544e-02 9.999018906662769934e-01 5.027142881158714639e-03 4.076999999999999895e-04 5.833752813558795193e-03 -5.103764723090793189e-03 9.999699590056501108e-01 7.711894000000000249e-01
9.998870764728994276e-01 -1.329444972602925566e-02 -7.006561850165289422e-03 -1.923800000000000033e-03 1.333150550832619928e-02 9.998972499440508255e-01 5.268824841055876930e-03 3.537999999999999804e-04 6.935795798578502612e-03 -5.361637884671056724e-03 9.999615730496017596e-01 8.340642000000000333e-01
9.998779029551119191e-01 -1.357237386235279897e-02 -7.744020262650096881e-03 -2.622699999999999945e-03 1.359995278924782877e-02 9.999013211332936635e-01 3.519840908934969599e-03 9.365000000000000494e-04 7.695483494754759221e-03 -3.624729456732532148e-03 9.999638197805695849e-01 8.965670000000000028e-01
9.998598937281183430e-01 -1.404982982439046020e-02 -9.099186551636434875e-03 -3.466200000000000010e-03 1.406677414440228417e-02 9.998994363240930605e-01 1.800861996736620278e-03 9.894000000000000884e-04 9.072969699397677099e-03 -1.928605886795736572e-03 9.999569799247201018e-01 9.592135000000000522e-01
9.998249318859446788e-01 -1.537042728549715964e-02 -1.067031135100067994e-02 -4.250699999999999618e-03 1.537622564920003779e-02 9.998816723126857653e-01 4.615820315726922550e-04 1.136599999999999980e-03 1.066195404468301376e-02 -6.255703383571500128e-04 9.999429640723018764e-01 1.021302500000000002e+00
9.998131288841221043e-01 -1.498411162625054756e-02 -1.221407834075158814e-02 -5.237000000000000335e-03 1.498288764321981624e-02 9.998877318596790520e-01 -1.917143112830004621e-04 1.170100000000000090e-03 1.221557975753115137e-02 8.676321970755486598e-06 9.999253869844033638e-01 1.083219799999999955e+00
9.998155402633731592e-01 -1.348156933272665059e-02 -1.367964678586848330e-02 -6.626400000000000172e-03 1.347238683141755225e-02 9.999089520235721062e-01 -7.631881723527627432e-04 8.185999999999999483e-04 1.368869025596987192e-02 5.787499016471157323e-04 9.999061379987761455e-01 1.144812299999999894e+00
9.997736023832765051e-01 -1.271032400209245843e-02 -1.706433829153621018e-02 -8.919200000000000392e-03 1.271543619660744050e-02 9.999191373094175050e-01 1.911144168463485495e-04 7.923000000000000138e-04 1.706052929706936006e-02 -4.080516537812069471e-04 9.998543753137012491e-01 1.266858100000000098e+00
9.997296774806611053e-01 -1.217934511947135583e-02 -1.980493667937411814e-02 -1.186150000000000052e-02 1.222698745829675464e-02 9.999226338872079234e-01 2.286267211707389713e-03 8.873999999999999944e-04 1.977555921100242545e-02 -2.527803894585907863e-03 9.998012489816976434e-01 1.388599600000000045e+00
9.996389916277889087e-01 -1.358653869717329696e-02 -2.317956823600464400e-02 -1.447179999999999994e-02 1.362899394129852074e-02 9.999057187100781618e-01 1.674579060590602238e-03 1.108299999999999997e-03 2.315463110320332973e-02 -1.989888718580222655e-03 9.997299152277890899e-01 1.508383999999999947e+00
9.996264039954733116e-01 -1.305854719506066748e-02 -2.401097208013553905e-02 -1.648399999999999865e-02 1.311219367322128022e-02 9.999118719309568748e-01 2.078159908561541536e-03 1.176799999999999981e-03 2.398171829028543714e-02 -2.392220032519981956e-03 9.997095350506373101e-01 1.567646300000000048e+00
9.995634163062493416e-01 -1.403153236872759814e-02 -2.600178612259385069e-02 -1.954149999999999984e-02 1.421081564610897179e-02 9.998764185581708874e-01 6.723119064681640743e-03 1.801999999999999999e-03 2.590423712159979630e-02 -7.089690449584591832e-03 9.996392883377869243e-01 1.685021000000000102e+00
9.995490856732585083e-01 -1.407004873294925330e-02 -2.652657268486314709e-02 -2.153180000000000024e-02 1.429769100871918115e-02 9.998624009312532257e-01 8.411613151403249389e-03 1.815800000000000010e-03 2.640457084620170466e-02 -8.787088974290778454e-03 9.996127178591646123e-01 1.743033899999999914e+00
9.995396030030111456e-01 -1.161967452587050684e-02 -2.802793592999225022e-02 -2.516559999999999978e-02 1.175116915277037155e-02 9.999206850330801810e-01 4.531408888927605794e-03 2.428700000000000216e-03 2.797305939874815753e-02 -4.858683657999364122e-03 9.995968693133175931e-01 1.855049799999999971e+00
9.995207788929518777e-01 -1.138930775824705845e-02 -2.878361044092232063e-02 -2.700539999999999885e-02 1.147632488555951590e-02 9.999300554404512154e-01 2.859754181276825090e-03 2.725500000000000058e-03 2.874902656348431174e-02 -3.188713791511595987e-03 9.995815752483675487e-01 1.909742000000000051e+00
9.995078864760983395e-01 -1.025642570634267489e-02 -2.964440257136452539e-02 -2.904850000000000140e-02 1.032822684236208571e-02 9.999440859162207484e-01 2.269971688469189178e-03 3.130599999999999876e-03 2.961946323577727830e-02 -2.575028719065774411e-03 9.995579305996827868e-01 1.963859000000000021e+00
9.994051708996504191e-01 -1.026821964994205881e-02 -3.292215127024810534e-02 -3.303280000000000105e-02 1.030951524933864001e-02 9.999462670758578753e-01 1.084830116055570054e-03 2.972400000000000042e-03 3.290924299287677907e-02 -1.423596248095260761e-03 9.994573303044799184e-01 2.070646299999999940e+00
9.993404444649583995e-01 -1.042032362096676629e-02 -3.478638975538764222e-02 -3.538379999999999997e-02 1.047182540602286174e-02 9.999443256467881458e-01 1.298645238643110229e-03 2.711100000000000142e-03 3.477092074198194493e-02 -1.662065710012189564e-03 9.993939266417074530e-01 2.123409500000000172e+00
9.991904299245163434e-01 -1.052585189088682538e-02 -3.882899933337603110e-02 -3.983489999999999948e-02 1.070978876569094254e-02 9.999323777945312575e-01 4.532136667057881131e-03 3.125000000000000173e-03 3.877866903149825711e-02 -4.944317965677840800e-03 9.992355921142920261e-01 2.227724100000000096e+00
9.991214153689910171e-01 -9.165568899317026036e-03 -4.089486150870196707e-02 -4.201429999999999748e-02 9.417459455087973802e-03 9.999378269149080678e-01 5.971077130893136589e-03 3.324300000000000085e-03 4.083759063015122287e-02 -6.350956734475003002e-03 9.991456132817082558e-01 2.278427799999999781e+00
9.989825031569967706e-01 -5.749145953046170404e-03 -4.473148451584874064e-02 -4.722959999999999658e-02 5.999418105282752420e-03 9.999670821189104997e-01 5.462752144317294632e-03 3.421200000000000109e-03 4.469860589077749580e-02 -5.725556689336900630e-03 9.989841103000679512e-01 2.377272099999999888e+00
9.989106807870828941e-01 -3.899348060454901031e-03 -4.649996660418137528e-02 -4.989389999999999797e-02 4.130439049529316918e-03 9.999795884060498352e-01 4.874653272307478274e-03 3.662900000000000184e-03 4.648000949596159392e-02 -5.061408496705364218e-03 9.989063974473708640e-01 2.425729000000000024e+00
9.987849427209506414e-01 -1.970910447028299990e-03 -4.924178820795516859e-02 -5.505510000000000265e-02 2.358940187629802662e-03 9.999666157659958809e-01 7.823218946971764731e-03 4.408800000000000045e-03 4.922472544462288407e-02 -7.929871720959151549e-03 9.987562483105628663e-01 2.520901400000000070e+00
9.987861407211945375e-01 6.989312729574921872e-04 -4.925197050208104943e-02 -5.794189999999999757e-02 -2.903598542235371911e-04 9.999654939797508746e-01 8.302200972512604332e-03 4.525099999999999782e-03 4.925607368048365298e-02 -8.277822473852405882e-03 9.987518795279807238e-01 2.567265499999999978e+00
9.988398659809022417e-01 3.986186609497685031e-03 -4.798992022881053837e-02 -6.106799999999999728e-02 -3.687949629917784862e-03 9.999733446076261023e-01 6.301515830746998691e-03 4.690699999999999904e-03 4.801376005668090557e-02 -6.117220819312240050e-03 9.988279423677870472e-01 2.612219800000000092e+00
9.989172335014556703e-01 5.577492374445699140e-03 -4.618714315273439452e-02 -6.358250000000000013e-02 -5.428312539590448953e-03 9.999796395083208056e-01 3.354696973079468892e-03 4.538600000000000273e-03 4.620491355657647958e-02 -3.100346371240402920e-03 9.989271714272305314e-01 2.656328900000000104e+00
9.991361867402450692e-01 7.193947847866141894e-03 -4.092832100788248301e-02 -6.765939999999999455e-02 -7.111354801771407365e-03 9.999723741624522155e-01 2.163225552685230004e-03 5.214200000000000432e-03 4.094275246054441403e-02 -1.870301117641132941e-03 9.991597434818337842e-01 2.744708099999999984e+00
9.992177316443697777e-01 1.147146761959054635e-02 -3.784613848377330059e-02 -6.972369999999999957e-02 -1.129081409512206445e-02 9.999238374262443552e-01 4.983659683711378838e-03 5.225600000000000384e-03 3.790042591514841686e-02 -4.552447410607052963e-03 9.992711508584765090e-01 2.788052099999999811e+00
9.993438915827955737e-01 2.104898521462242669e-02 -2.947416797109442960e-02 -7.378369999999999373e-02 -2.077731149971067878e-02 9.997390542726890539e-01 9.493507718080884672e-03 5.430899999999999790e-03 2.966630551648911929e-02 -8.874884978628032328e-03 9.995204583867298709e-01 2.871951300000000096e+00
9.994039025368690599e-01 2.475544023008952044e-02 -2.406258034980571919e-02 -7.529909999999999382e-02 -2.452947766530191864e-02 9.996526185444065682e-01 9.640900517001527517e-03 6.023999999999999841e-03 2.429288619213133826e-02 -9.044911073400952947e-03 9.996639661726987036e-01 2.912258099999999850e+00
9.993615398511263015e-01 3.376492942152217042e-02 -1.168084789496681188e-02 -7.717540000000000511e-02 -3.361049663337904031e-02 9.993481781989924650e-01 1.317396092344202269e-02 6.252100000000000019e-03 1.211805192443653027e-02 -1.277295077554078950e-02 9.998449902590111904e-01 2.989602999999999788e+00
9.991725836516235359e-01 4.056853558472051785e-02 2.888251971435937433e-03 -7.815249999999999975e-02 -4.060256542928938200e-02 9.990920528523322686e-01 1.290355020421725396e-02 6.534899999999999737e-03 -2.362151455667710863e-03 -1.301014403547269202e-02 9.999125743747183659e-01 3.060264800000000118e+00
9.986301162503747886e-01 4.908756861234724739e-02 1.811909284404503162e-02 -7.812209999999999988e-02 -4.926512179060221069e-02 9.987406864381908056e-01 9.486254683934599446e-03 7.272999999999999951e-03 -1.763061804702700797e-02 -1.036589893349538008e-02 9.997908328478414264e-01 3.126030399999999876e+00
9.980824807151988942e-01 5.164199264430321262e-02 3.412427706370228103e-02 -7.639630000000000032e-02 -5.188090498597481420e-02 9.986343255623025827e-01 6.152682875074573163e-03 7.592899999999999650e-03 -3.375993760703414198e-02 -7.911283363065369292e-03 9.993986582982380407e-01 3.185888799999999854e+00
9.958509985575632051e-01 6.071262984544222030e-02 6.778469775070654346e-02 -7.144040000000000112e-02 -6.139137165691856135e-02 9.980819219748873206e-01 7.973488132376017196e-03 7.691800000000000373e-03 -6.717058997795403996e-02 -1.210180169087905419e-02 9.976681102640538867e-01 3.285154100000000188e+00
9.933441886879023075e-01 6.255886395689851109e-02 9.671458700938186104e-02 -6.569529999999999814e-02 -6.350214216057510630e-02 9.979591905291025355e-01 6.703132067665806652e-03 7.584800000000000049e-03 -9.609787063713294553e-02 -1.280010073869443030e-02 9.952895843321621916e-01 3.343430999999999820e+00
9.906024345541249998e-01 6.246880886547581668e-02 1.216735985099849371e-01 -6.038539999999999880e-02 -6.276622971199302681e-02 9.980272875613357408e-01 -1.390572077973987585e-03 6.697700000000000008e-03 -1.215204388700998894e-01 -6.259488948098508240e-03 9.925691924167940883e-01 3.378708099999999881e+00
9.859873006930950368e-01 6.549993926121953913e-02 1.534235993213588223e-01 -5.450529999999999958e-02 -6.545845899236603371e-02 9.978410749842203664e-01 -5.327215096107030916e-03 7.230600000000000221e-03 -1.534413015399994362e-01 -4.790305951816286288e-03 9.881461531325206327e-01 3.414958200000000055e+00
9.442217308043285851e-01 7.233292043920305781e-02 3.212682239151796737e-01 -1.335410000000000069e-02 -7.092862740338237715e-02 9.973516239953169604e-01 -1.608937315671439897e-02 5.669999999999999693e-03 -3.215811762083568559e-01 -7.595178381036626902e-03 9.468515513921967885e-01 3.546622999999999859e+00
9.231558260895926793e-01 7.534493732600563987e-02 3.769701064755427433e-01 1.902000000000000045e-03 -7.378490350471894610e-02 9.971007168346427418e-01 -1.859969092864042009e-02 4.467999999999999750e-03 -3.772785559392967114e-01 -1.064428988622139263e-02 9.260386548741780244e-01 3.579207699999999992e+00
8.958561573319314686e-01 7.053957201635291385e-02 4.387093732190087136e-01 2.157569999999999974e-02 -6.695761342535086480e-02 9.974754035602311220e-01 -2.365369520255379207e-02 3.452300000000000160e-03 -4.392703306334801994e-01 -8.184624127215777561e-03 8.983176434608468597e-01 3.610464100000000176e+00
8.591622454183307500e-01 7.172168520466448705e-02 5.066519869882432081e-01 4.363279999999999936e-02 -6.368825724774443420e-02 9.974176398529602805e-01 -3.319424044763748249e-02 2.410900000000000109e-03 -5.077243759526196554e-01 -3.748543924439897909e-03 8.615114082134777140e-01 3.641108500000000081e+00
7.558744835636568293e-01 8.510802654912724696e-02 6.491612965313690031e-01 1.001476000000000033e-01 -7.109672185907439657e-02 9.963216116651066878e-01 -4.783829292457780075e-02 -4.743999999999999845e-04 -6.508448518950337158e-01 -9.993495182234683749e-03 7.591449853722108676e-01 3.703944400000000137e+00
6.864140485019917248e-01 8.377535466007886289e-02 7.223693265710299238e-01 1.378832000000000113e-01 -6.709772743290708108e-02 9.964009735312652216e-01 -5.179763430202280472e-02 -2.775399999999999916e-03 -7.241088654287036741e-01 -1.291471631607851375e-02 6.895647620854987725e-01 3.736188700000000029e+00
6.050668076491994007e-01 8.214400442021493887e-02 7.919258303774531216e-01 1.828969000000000011e-01 -6.244991339828936949e-02 9.964954662725555856e-01 -5.564884558360749800e-02 -5.561100000000000244e-03 -7.937217186128605606e-01 -1.578443017830367598e-02 6.080762165766668836e-01 3.767292299999999816e+00
5.111474015850941965e-01 8.082426466305804580e-02 8.556843881329624368e-01 2.350350999999999968e-01 -5.554668824349552614e-02 9.965938555571731694e-01 -6.095287106337379801e-02 -8.617700000000000707e-03 -8.576962744923090076e-01 -1.637453227925310742e-02 5.138958799354683693e-01 3.795537200000000055e+00
4.132962581565670646e-01 7.660446055694067335e-02 9.073687010342380566e-01 2.941729000000000149e-01 -5.344256301921715413e-02 9.967781170437253202e-01 -5.981034894315896688e-02 -1.227870000000000003e-02 -9.090270047978318280e-01 -2.377271556944126826e-02 4.160586046973877572e-01 3.819934599999999847e+00
3.139019551092875893e-01 7.709488859665439286e-02 9.463202104630527023e-01 3.586722999999999995e-01 -5.417106281462505391e-02 9.965285726511979858e-01 -6.321629412817444948e-02 -1.492349999999999927e-02 -9.479087817570320817e-01 -3.141945324214547725e-02 3.169885793303346411e-01 3.840174900000000058e+00
2.231347815523299083e-01 6.783994424521085087e-02 9.724240902129073216e-01 4.284934000000000243e-01 -2.933552804072424303e-02 9.975908531394072076e-01 -6.286427067231148413e-02 -1.932510000000000130e-02 -9.743460863862314358e-01 -1.449936886200375516e-02 2.245873376805506139e-01 3.851684800000000131e+00
1.425756146417033743e-01 6.854171394299234110e-02 9.874078324376901472e-01 5.033214999999999772e-01 -1.695231555829740042e-02 9.976221660461884744e-01 -6.680294013382193086e-02 -2.302519999999999914e-02 -9.896387285806637069e-01 -7.214378910765588404e-03 1.433985342678909536e-01 3.859998000000000040e+00
8.103624779400063483e-02 6.767937429362735902e-02 9.944106942499624235e-01 5.829414000000000540e-01 -6.457524541525830331e-04 9.976953040421712160e-01 -6.785030063284508417e-02 -2.805030000000000023e-02 -9.967109458349683315e-01 4.856190628733179915e-03 8.089318800331779524e-02 3.864238299999999793e+00
3.610297475351924301e-02 6.502141064794723924e-02 9.972305607888769519e-01 6.670314999999999994e-01 1.084863159350018744e-02 9.977968042031776230e-01 -6.545108642699612456e-02 -3.277530000000000027e-02 -9.992891885768080407e-01 1.318156588864236728e-02 3.531803950148026949e-02 3.865822099999999928e+00
7.010734910936338750e-03 6.659690856531241820e-02 9.977553314142463270e-01 7.535762000000000294e-01 1.457049088664052333e-02 9.976671243954013946e-01 -6.669340069251876446e-02 -3.771159999999999790e-02 -9.998692666500613724e-01 1.500535471603239510e-02 6.024030089162968338e-03 3.865745299999999940e+00
-1.393445584880887052e-02 7.039682043913843279e-02 9.974217355824251952e-01 8.438347999999999960e-01 2.010138226373785544e-02 9.973367150480521026e-01 -7.010999392559857935e-02 -4.297779999999999656e-02 -9.997008379366721931e-01 1.907261097018667431e-02 -1.531241782003200935e-02 3.864147700000000185e+00
-2.502663249718998714e-02 7.159968377432984754e-02 9.971194276260325617e-01 9.386438000000000281e-01 2.500394303446932392e-02 9.971646310776938193e-01 -7.097535741661159525e-02 -4.857349999999999862e-02 -9.993740393359135110e-01 2.315564318050173515e-02 -2.674594717555689449e-02 3.861298300000000072e+00
-3.119201309121989382e-02 6.209659716783860750e-02 9.975826135912215786e-01 1.038167499999999910e+00 2.059400805007945492e-02 9.978963150472838217e-01 -6.147219898039590902e-02 -5.401650000000000201e-02 -9.993012284350253349e-01 1.862678273957433725e-02 -3.240521274459196022e-02 3.858711700000000189e+00
-3.263041123515945247e-02 5.385692021489507653e-02 9.980153748352731391e-01 1.141521699999999973e+00 2.429962232737699693e-02 9.982946991044328033e-01 -5.307751025374937703e-02 -5.951379999999999865e-02 -9.991720495577181005e-01 2.251945569849448867e-02 -3.388346938659503316e-02 3.854775399999999852e+00
-3.160383984349267317e-02 6.358716360948768465e-02 9.974757490441799046e-01 1.245608800000000072e+00 2.834969403632765089e-02 9.976297714489854584e-01 -6.269875570289812350e-02 -6.479939999999999312e-02 -9.990983395818422430e-01 2.629661086043859342e-02 -3.333160815294078372e-02 3.850917799999999946e+00
-2.717822415616887380e-02 7.233012149109716016e-02 9.970103799142716605e-01 1.353096199999999971e+00 2.982400079272400778e-02 9.969934828150563977e-01 -7.151590173534366768e-02 -7.021840000000000026e-02 -9.991856049345549939e-01 2.779116315282358085e-02 -2.925368595887545276e-02 3.848027699999999829e+00
-2.210972890124084100e-02 6.152400304963311084e-02 9.978606901450034483e-01 1.463909600000000033e+00 2.883915513674227549e-02 9.977285755653340082e-01 -6.087686450013997386e-02 -7.679669999999999552e-02 -9.993395133881742831e-01 2.743148827749281385e-02 -2.383380859135253438e-02 3.845124499999999834e+00
-1.611067377419050581e-02 6.529130077343635319e-02 9.977361836847727927e-01 1.573894300000000079e+00 3.448774522436251488e-02 9.973082149036781585e-01 -6.470641324458079047e-02 -8.369759999999999700e-02 -9.992752581845912863e-01 3.336720738916680584e-02 -1.831905704907488275e-02 3.843199999999999950e+00
-1.062251194741215161e-02 7.140521408700981065e-02 9.973908249232670276e-01 1.683332000000000050e+00 3.038757294544681270e-02 9.970094710461788745e-01 -7.105427541467020103e-02 -9.014659999999999340e-02 -9.994817445308403769e-01 2.955351155796810333e-02 -1.276057616962533725e-02 3.842908899999999850e+00
-2.620858034249878322e-03 6.418051209771311050e-02 9.979348640918600521e-01 1.794813800000000015e+00 2.976942195004529668e-02 9.975010022227654982e-01 -6.407442611009980804e-02 -9.745539999999999758e-02 -9.995533565647828356e-01 2.954001407335106813e-02 -4.524925261454648684e-03 3.842690499999999787e+00
3.966735255009421444e-03 6.991021089726498494e-02 9.975454011841852209e-01 1.906111099999999947e+00 3.435385605482585425e-02 9.969548895091207008e-01 -7.000543448919813172e-02 -1.043106000000000033e-01 -9.994018599070052522e-01 3.454722414546557152e-02 1.552970785942742182e-03 3.842301400000000200e+00
1.459383127207014401e-02 6.695819608826200642e-02 9.976490465416223419e-01 2.072842399999999863e+00 3.391499356397706388e-02 9.971480452694940766e-01 -6.742068693496391929e-02 -1.152524000000000048e-01 -9.993181642001498499e-01 3.481918712194290166e-02 1.228132353654864950e-02 3.845579400000000092e+00
2.182143319234992884e-02 6.822461730706014249e-02 9.974313142501275431e-01 2.184159800000000207e+00 4.109875093913453042e-02 9.967643169560395089e-01 -6.907813774562124309e-02 -1.228227000000000069e-01 -9.989167721710726644e-01 4.250056513112764056e-02 1.894687939635386620e-02 3.847022099999999778e+00
2.835517184994171963e-02 6.649665341407007269e-02 9.973836670580131791e-01 2.296737900000000110e+00 4.305733741900567846e-02 9.967775263180955747e-01 -6.768034220927240940e-02 -1.302106000000000097e-01 -9.986701406989930696e-01 4.486377282292888097e-02 2.540062921162511422e-02 3.849314199999999797e+00
3.458903784334661780e-02 6.575606348837298443e-02 9.972360495768214372e-01 2.408990399999999976e+00 4.309711387455193027e-02 9.968067835945023658e-01 -6.722257772257031472e-02 -1.374471999999999916e-01 -9.984719511517364809e-01 4.530315987319388088e-02 3.164469100415423508e-02 3.853629100000000030e+00
4.036297661258028691e-02 6.782900400634253590e-02 9.968801614710163239e-01 2.522068700000000163e+00 4.228044635545256252e-02 9.966836435330979072e-01 -6.952753821021075142e-02 -1.440763999999999934e-01 -9.982901351686070957e-01 4.495487658859921576e-02 3.736127802883382198e-02 3.858594399999999869e+00
4.503002454289319750e-02 6.781967147801547247e-02 9.966808862671545644e-01 2.635796500000000098e+00 3.834935336827708513e-02 9.968401565617628357e-01 -6.956313220489088178e-02 -1.514085000000000014e-01 -9.982492794817843240e-01 4.135449705333345272e-02 4.228689616848679833e-02 3.864767800000000086e+00
5.127199595412589711e-02 7.000943335782111587e-02 9.962278161504009022e-01 2.750180499999999917e+00 3.375676014709521472e-02 9.968483454423968659e-01 -7.179037075490837805e-02 -1.587924000000000002e-01 -9.981140533903184453e-01 3.731025904054441344e-02 4.874711268450560020e-02 3.870846999999999927e+00
5.788371986876696129e-02 7.563965138777968555e-02 9.954537247467054595e-01 2.865689499999999779e+00 3.266354821988474988e-02 9.964482302480370812e-01 -7.761454150635749283e-02 -1.667066000000000103e-01 -9.977888391798346301e-01 3.700766911722469521e-02 5.520747082296595387e-02 3.878041000000000071e+00
6.346339808109745240e-02 7.686728780972792996e-02 9.950195059237667561e-01 2.982128599999999796e+00 2.283353225857203198e-02 9.966565165941801974e-01 -7.845009709969402723e-02 -1.748670999999999975e-01 -9.977229209097069340e-01 2.769851972815737251e-02 6.149605756690401659e-02 3.886652699999999960e+00
7.111361823039086261e-02 7.867517344613747521e-02 9.943606339680801653e-01 3.099687600000000209e+00 2.399701174051218147e-02 9.964610498929762361e-01 -8.055755379673097683e-02 -1.836810000000000109e-01 -9.971795208134330846e-01 2.959042293391006551e-02 6.897398162266976662e-02 3.894934699999999861e+00
7.886014564473800559e-02 7.777914108359901268e-02 9.938468104497734101e-01 3.218666999999999945e+00 1.925290837065811791e-02 9.966468516767011954e-01 -7.952596156093022506e-02 -1.919479000000000046e-01 -9.966997556677544834e-01 2.540587048729309877e-02 7.709824120316322027e-02 3.905395299999999903e+00
8.857313563259751332e-02 8.079027519870318752e-02 9.927878580429594368e-01 3.337975699999999879e+00 1.597732194076478124e-02 9.964617660535904919e-01 -8.251468946169929208e-02 -2.016074999999999950e-01 -9.959415268115947573e-01 2.317067600820740814e-02 8.696893092082969012e-02 3.916806199999999905e+00
1.020807141993087114e-01 9.455029835501063684e-02 9.902725730169128493e-01 3.457718799999999870e+00 1.262802800564531702e-02 9.952694262684128601e-01 -9.632913393170852712e-02 -2.109444000000000041e-01 -9.946959639494106220e-01 2.233853657522966857e-02 1.004038300386466132e-01 3.929315100000000172e+00
1.161791523307607044e-01 9.554937947964299572e-02 9.886216266321311563e-01 3.578371499999999816e+00 4.858306750771299032e-03 9.952953679996442427e-01 -9.676532071960558534e-02 -2.219032999999999978e-01 -9.932163920411408720e-01 1.604514005884335320e-02 1.151683639775732404e-01 3.945002999999999815e+00
1.313301900878038886e-01 9.000328496904722031e-02 9.872445441056042492e-01 3.699851799999999802e+00 4.326998064691674195e-03 9.958085624519001922e-01 -9.135964117282903418e-02 -2.330797000000000008e-01 -9.913292380734314291e-01 1.627008427330357831e-02 1.303902837579937746e-01 3.961024999999999796e+00
1.457366984153427025e-01 7.740446211156407075e-02 9.862907096694234488e-01 3.821991399999999928e+00 -7.867189773708496703e-04 9.969433208063341878e-01 -7.812423550274956441e-02 -2.428945000000000132e-01 -9.893230998052385816e-01 1.060963452989192868e-02 1.453521236408192863e-01 3.979988800000000104e+00
1.605799816303397631e-01 7.638624683336844856e-02 9.840626051193650525e-01 3.942935499999999927e+00 -8.167345753632079819e-04 9.970107953774581810e-01 -7.725805359599546840e-02 -2.525709999999999900e-01 -9.870224933831208691e-01 1.160237887331776879e-02 1.601623624958337100e-01 3.999787099999999818e+00
1.714926061045811689e-01 8.689975626624714400e-02 9.813453614361897781e-01 4.060201600000000077e+00 -1.678761237907874793e-03 9.961265402517609502e-01 -8.791528630882694539e-02 -2.612727000000000244e-01 -9.851839766318599700e-01 1.342937701175137000e-02 1.709742203401178884e-01 4.020714299999999852e+00
1.814160214587175746e-01 8.933912226292620162e-02 9.793399554758193126e-01 4.175527100000000047e+00 -5.350934865169632015e-03 9.959398335671801883e-01 -8.986220234473601964e-02 -2.714157999999999848e-01 -9.833918825443692668e-01 1.106205891629100796e-02 1.811574900421555334e-01 4.043409800000000054e+00
1.914707447523892880e-01 7.981109281528810107e-02 9.782479968635739986e-01 4.289913699999999608e+00 -1.017570026540209893e-03 9.967040120375941781e-01 -8.111767340971071105e-02 -2.808381999999999823e-01 -9.814977934031265949e-01 1.453622550020702842e-02 1.909208728583667858e-01 4.065388699999999744e+00
1.978297491278777354e-01 7.014357046340899404e-02 9.777235140276850922e-01 4.401842600000000161e+00 -6.388527822634090803e-03 9.975075314712505969e-01 -7.027027373215163908e-02 -2.899902999999999786e-01 -9.802155768361670019e-01 7.655336751369395953e-03 1.977847788556105213e-01 4.089206199999999569e+00
2.029816942750739539e-01 7.226009278715303519e-02 9.765126270456579993e-01 4.510270099999999616e+00 -9.816992218880396526e-03 9.973733888093858635e-01 -7.176315181662608345e-02 -2.979287999999999936e-01 -9.791333200606516796e-01 4.980189280912428185e-03 2.031579170540283030e-01 4.112899800000000106e+00
2.064144067961230511e-01 8.103389394833518389e-02 9.751033794929511167e-01 4.615128499999999967e+00 -1.564081795817163362e-02 9.967106686128449633e-01 -7.951860088642620505e-02 -3.057912999999999881e-01 -9.783396432122146713e-01 1.162370382182115192e-03 2.070028777927752639e-01 4.136517000000000444e+00
2.100379076302928139e-01 8.802171711959372313e-02 9.737228839221181431e-01 4.717869799999999891e+00 -1.504083156681281647e-02 9.961121012651981133e-01 -8.680123903960398901e-02 -3.142554000000000181e-01 -9.775775420620440581e-01 3.585948737771516015e-03 2.105452213363739888e-01 4.159501599999999577e+00
2.119483629227371657e-01 8.476719480723560185e-02 9.735976654341793601e-01 4.817974099999999815e+00 -1.716264647217630168e-02 9.964003905555037788e-01 -8.301629518902002569e-02 -3.228776999999999897e-01 -9.771301525490057038e-01 8.856553232405167675e-04 2.126402609907296348e-01 4.182413099999999773e+00
2.126692749152421236e-01 8.135336573368316671e-02 9.737316927115122756e-01 4.916035199999999605e+00 -1.649037770229977440e-02 9.966849275534968022e-01 -7.966945858304957939e-02 -3.307067000000000201e-01 -9.769850802086288422e-01 8.860425962345444550e-04 2.133058085900545464e-01 4.204246999999999623e+00
2.090760389499286276e-01 8.139563083460138460e-02 9.745060088157717626e-01 5.010323500000000152e+00 -1.841000520105261912e-02 9.966809409300758649e-01 -7.929800561953523341e-02 -3.387235000000000107e-01 -9.777260769998441514e-01 -1.361347779193784746e-03 2.098805972135560083e-01 4.225727100000000291e+00
2.047301461785270560e-01 8.793149615274822861e-02 9.748608204405683209e-01 5.101744199999999729e+00 -1.751161222306513859e-02 9.961263606444337171e-01 -8.617202020740011292e-02 -3.466330000000000244e-01 -9.786617958636515402e-01 5.706256345456364731e-04 2.054769176898399996e-01 4.245161999999999658e+00
2.009395743059194384e-01 8.743481857603310758e-02 9.756938249155480136e-01 5.190984199999999937e+00 -1.546293932019069534e-02 9.961677895241394243e-01 -8.608503134790643219e-02 -3.536197999999999841e-01 -9.794815899164903694e-01 2.210795143406156515e-03 2.015215308583624410e-01 4.263443900000000397e+00
1.966214015041026775e-01 8.050248426898209964e-02 9.771690613691597083e-01 5.278136299999999892e+00 -1.582341783379050820e-02 9.967544064166097284e-01 -7.893207673138585845e-02 -3.614450000000000163e-01 -9.803517959990788455e-01 5.758119825734903108e-05 1.972570727902700494e-01 4.281168000000000085e+00
1.930883568167340858e-01 8.088147939997548941e-02 9.778420489792231107e-01 5.362256999999999607e+00 -8.576605570277812118e-03 9.966976856135613128e-01 -8.074754070225509395e-02 -3.686460999999999766e-01 -9.811438876631225492e-01 7.204844387063744082e-03 1.931444069049185197e-01 4.296793899999999944e+00
1.890388579714399608e-01 8.488020709608762315e-02 9.782942607519371503e-01 5.444558599999999693e+00 -5.071011484142455561e-03 9.963282674102612591e-01 -8.546501273500520246e-02 -3.747897000000000034e-01 -9.819565138127968051e-01 1.119526697279623478e-02 1.887751863408598796e-01 4.312549599999999650e+00
1.862678223442683911e-01 8.595822991832721693e-02 9.787315674220546935e-01 5.526624199999999654e+00 -3.725709131452099865e-03 9.962200872326022472e-01 -8.678511903393446025e-02 -3.814721999999999835e-01 -9.824919426899092478e-01 1.251880599635431940e-02 1.858840015865640405e-01 4.328599900000000389e+00
1.913357913053479464e-01 8.178703394754213707e-02 9.781111879758965788e-01 5.651360999999999635e+00 1.002921503164453526e-02 9.963073656133950573e-01 -8.527044077724577065e-02 -3.913764000000000132e-01 -9.814733974038243325e-01 2.612497469013767490e-02 1.898089984327252511e-01 4.351016999999999690e+00
2.065693872250969620e-01 8.110175220679106955e-02 9.750649178646701998e-01 5.777334699999999934e+00 7.221932476248665855e-03 9.964052127732896391e-01 -8.440672751341539437e-02 -4.013783000000000212e-01 -9.784053004520960606e-01 2.447769897689954302e-02 2.052411028523278835e-01 4.378169100000000036e+00
2.223453754171609842e-01 7.902946238252782363e-02 9.717596812515580940e-01 5.862903600000000104e+00 5.942081762210393858e-03 9.965809887189498451e-01 -8.240767311538049755e-02 -4.080865000000000187e-01 -9.749498580413931137e-01 2.409724049531020498e-02 2.211155745432198394e-01 4.398826099999999961e+00
2.503457536098839253e-01 8.242223715991670030e-02 9.646416839796287945e-01 5.994839200000000368e+00 -4.513767274376030703e-03 9.964581172619806360e-01 -8.396931849015798477e-02 -4.185574000000000239e-01 -9.681459753335197593e-01 1.666719425288074041e-02 2.498310931034098958e-01 4.434673300000000040e+00
2.705133940518315572e-01 8.752863687106637869e-02 9.587289717986267057e-01 6.084769699999999837e+00 -1.188441113434619834e-02 9.960860738444660134e-01 -8.758592503996698309e-02 -4.252341000000000037e-01 -9.626428540276756873e-01 1.229923658646690787e-02 2.704948509100344456e-01 4.461314200000000341e+00
2.906123593075851108e-01 8.991354949301094690e-02 9.526069547485189748e-01 6.176972899999999989e+00 -1.613734842007744780e-02 9.958940742437615290e-01 -8.907625313252781618e-02 -4.327895999999999965e-01 -9.567047834121287231e-01 1.051410974495777667e-02 2.908700928122774920e-01 4.490743600000000058e+00
3.109776793208440804e-01 9.116013648419177273e-02 9.460352596390929625e-01 6.271973599999999927e+00 -2.103580994287911760e-02 9.958057831282860484e-01 -8.904120949486254988e-02 -4.401219000000000103e-01 -9.501843914021476101e-01 7.789210771603230499e-03 3.115909987969585071e-01 4.523551499999999947e+00
3.214158910373911548e-01 8.637622789350807295e-02 9.429904412259588753e-01 6.320605300000000426e+00 -2.079585898164816593e-02 9.962347957654436037e-01 -8.416509939042551847e-02 -4.438283000000000089e-01 -9.467097534291357697e-01 7.441704178046980311e-03 3.220019624180435747e-01 4.540618399999999610e+00
3.429952340507155806e-01 7.474251069793569346e-02 9.363588129093800561e-01 6.420914599999999695e+00 -1.527040656665533402e-02 9.971412727028330369e-01 -7.400065510428543991e-02 -4.515848000000000084e-01 -9.392130131667595361e-01 1.108329225200366946e-02 3.431560527385066894e-01 4.577165599999999834e+00
3.530551415445471464e-01 7.167663290007320054e-02 9.328528969377047897e-01 6.472356300000000395e+00 -1.634301591474431395e-02 9.973814631267801101e-01 -7.044943464566412461e-02 -4.552085000000000159e-01 -9.354597654948983987e-01 9.626905379790027389e-03 3.533020659903340910e-01 4.597678700000000340e+00
3.709570278877983296e-01 6.368469872489282424e-02 9.264637837546435550e-01 6.577210899999999860e+00 -3.137229007665699732e-03 9.977260253553035252e-01 -6.732708313050406179e-02 -4.615036000000000138e-01 -9.286447336063478053e-01 2.206892559749972296e-02 3.703132744962936984e-01 4.639030899999999846e+00
3.782157799960234046e-01 5.408600479421269563e-02 9.241360981194272073e-01 6.631509799999999899e+00 6.653641362772452772e-03 9.981071252647167880e-01 -6.113833128585191568e-02 -4.647118000000000082e-01 -9.256935523263704058e-01 2.927235182221231760e-02 3.771399960229375736e-01 4.660092800000000146e+00
3.853545090099766424e-01 4.987740258642973934e-02 9.214196368088273248e-01 6.685877800000000093e+00 1.164543989460686130e-02 9.981957407578709862e-01 -5.890370839349931553e-02 -4.679328999999999850e-01 -9.226951208906121193e-01 3.342914662501146605e-02 3.840783852816799238e-01 4.682467899999999794e+00
3.926439281802979742e-01 4.967540068697044731e-02 9.183480278357079030e-01 6.740248199999999912e+00 1.365682330220288968e-02 9.981152018904368983e-01 -5.982921470740556330e-02 -4.717329000000000105e-01 -9.195891674222993473e-01 3.603329462873693795e-02 3.912254654770842555e-01 4.705489599999999939e+00
4.073338628699636477e-01 6.051311601378830951e-02 9.112723451031176092e-01 6.847415899999999667e+00 1.960465377258641118e-02 9.969931635400489656e-01 -7.496858945493188597e-02 -4.778632999999999909e-01 -9.130688811419928053e-01 4.840242395486932248e-02 4.049227378715628545e-01 4.752608799999999967e+00
4.169985322367179559e-01 6.411839394239139678e-02 9.066427387183285669e-01 6.954192599999999835e+00 1.046974245651009772e-02 9.971035975892270642e-01 -7.533126952013410871e-02 -4.863048999999999844e-01 -9.088468565194675053e-01 4.090534479587040750e-02 4.151194336113568362e-01 4.802548899999999676e+00
4.252141877872528397e-01 7.071307387441264081e-02 9.023261914006813766e-01 7.058532200000000145e+00 3.091387814938596768e-03 9.968240537930946887e-01 -7.957543025883723198e-02 -4.951773999999999898e-01 -9.050874752341923068e-01 3.662604213852868607e-02 4.236451288654953240e-01 4.852749799999999780e+00
4.327908703279974012e-01 7.771447500185349466e-02 8.981383651397599754e-01 7.159641699999999886e+00 -3.102957211807706728e-03 9.963998268137106429e-01 -8.472164293820783065e-02 -5.039348999999999634e-01 -9.014890094822433086e-01 3.387986866553319154e-02 4.314738929320405258e-01 4.902295099999999906e+00
4.407331687172583723e-01 7.292580738997514467e-02 8.946709454369047299e-01 7.259188700000000161e+00 -3.025901563201732758e-03 9.968094530497338956e-01 -7.976063083012846500e-02 -5.128703000000000012e-01 -8.976330641816702149e-01 3.244596935230126267e-02 4.395476551645054464e-01 4.951790299999999867e+00
4.475864539306505518e-01 6.922997653979506838e-02 8.915568274687178940e-01 7.355377700000000019e+00 -4.444366175661379481e-03 9.971586550077041755e-01 -7.519883212206768253e-02 -5.216041999999999623e-01 -8.942296203252732001e-01 2.969557360156063058e-02 4.466223897672305654e-01 5.000956500000000027e+00
4.537102564727626408e-01 7.148725500763727925e-02 8.882773077946395368e-01 7.448597000000000357e+00 -5.410604717145252318e-03 9.969798565260490353e-01 -7.747187255961762720e-02 -5.294090999999999658e-01 -8.911328343900333238e-01 3.034366577676252119e-02 4.527267756817718869e-01 5.049230099999999943e+00
4.574838840424897413e-01 6.855197113017452715e-02 8.865715555416637805e-01 7.539591800000000177e+00 -1.762748360845882434e-03 9.970919059161015285e-01 -7.618808223608489194e-02 -5.372746999999999939e-01 -8.892161652599519517e-01 3.329201722280908382e-02 4.562743177405693684e-01 5.096315399999999940e+00
