9.998808470082454214e-01 2.846897245354662511e-03 -1.517191359545721173e-02 -7.697296999999999612e-01 -2.840133122137767242e-03 9.999958576008121103e-01 4.673596739086017019e-04 5.993489999999999929e-02 1.517318127230289464e-02 -4.242137322765597552e-04 9.998847906697987398e-01 -3.935783999999999949e-01
9.998498421089706545e-01 2.492156848528662844e-03 -1.714883054056201908e-02 -7.702820999999999696e-01 -2.509654872846883364e-03 9.999963518912036164e-01 -9.989177660893969884e-04 5.941810000000000147e-02 1.714627852001060146e-02 1.041805416834076185e-03 9.998524490015453514e-01 -3.647691000000000128e-01
9.998201200723165760e-01 2.841869114072060731e-04 -1.896435436227581622e-02 -7.709523000000000348e-01 -3.361845989324073643e-04 9.999961931544416593e-01 -2.738732652183242973e-03 5.898409999999999764e-02 1.896350385593405241e-02 2.744615533017118018e-03 9.998164094507960842e-01 -3.363171999999999828e-01
9.996446483691923124e-01 -3.691443859562297623e-03 -2.639981494377689406e-02 -7.739865999999999691e-01 3.490666395369347846e-03 9.999646663602719254e-01 -7.647305349363054186e-03 5.575959999999999944e-02 2.642711174060088583e-02 7.552434920067661178e-03 9.996222128843617050e-01 -1.886474999999999957e-01
9.996208875037648767e-01 -1.847884494071164998e-03 -2.747119562527658085e-02 -7.741968999999999657e-01 1.530939010957513583e-03 9.999320791149671761e-01 -1.155393364027300883e-02 5.182989999999999819e-02 2.749068009217619027e-02 1.150749667458892712e-02 9.995558213668479519e-01 -1.628469999999999918e-01
9.995502505082447531e-01 1.341338045838600789e-03 -2.995826298622625283e-02 -7.767184999999999784e-01 -1.795419111212913799e-03 9.998838417817172974e-01 -1.513536963700290623e-02 5.089040000000000230e-02 2.993448144064298627e-02 1.518235015010535073e-02 9.994365527960238360e-01 -9.916629999999999889e-02
9.994874879915576216e-01 5.122539514638595366e-03 -3.159938191242039202e-02 -7.805917999999999468e-01 -5.058551058213568187e-03 9.999849907420553796e-01 2.104602528463846590e-03 5.275819999999999815e-02 3.160968853876103962e-02 -1.943676807583041757e-03 9.994983990537203988e-01 -2.764700000000000144e-02
9.993546791331545665e-01 1.021382354754648593e-02 -3.443694387150709330e-02 -7.851734999999999687e-01 -1.019968059660584549e-02 9.999478099952537891e-01 5.863458221120571934e-04 5.128989999999999938e-02 3.444113544000788202e-02 -2.347216127052450922e-04 9.994067005455624653e-01 7.688290000000000401e-02
9.993113053666976553e-01 1.005585461394000249e-02 -3.571826919505169395e-02 -7.865659999999999874e-01 -1.025656606621619740e-02 9.999325995836289005e-01 -5.440509393023697411e-03 5.138750000000000262e-02 3.566115279735386501e-02 5.803109331172233605e-03 9.993470899058316537e-01 1.134201999999999988e-01
9.992928831242625654e-01 7.890316693813390070e-03 -3.676243517056939497e-02 -7.879188999999999776e-01 -8.038034347142918035e-03 9.999601976251507596e-01 -3.872101406698748218e-03 5.140839999999999993e-02 3.673041983197495447e-02 4.164861095035156564e-03 9.993165315309389118e-01 1.509231000000000045e-01
9.992814717791936863e-01 3.261573367393230671e-03 -3.776112151376895959e-02 -7.960840000000000138e-01 -2.813227845359227673e-03 9.999249937998887505e-01 1.192025685051886774e-02 5.010490000000000083e-02 3.779716798780841797e-02 -1.180546117105798348e-02 9.992156950221708911e-01 3.516527999999999876e-01
9.993007792992804061e-01 5.834583537771914630e-03 -3.693115387842028224e-02 -7.986469999999999958e-01 -5.534534175586433222e-03 9.999508860201823390e-01 8.221586155454293013e-03 5.062740000000000296e-02 3.697730957371104382e-02 -8.011440718937690511e-03 9.992839913629643078e-01 3.952088000000000267e-01
9.993506771552691514e-01 2.645312665341250334e-03 -3.593363869979820241e-02 -8.001646000000000036e-01 -2.543039875078497922e-03 9.999925858741888218e-01 2.891564428969863217e-03 5.099030000000000229e-02 3.594102137528663171e-02 -2.798306194058870940e-03 9.993499949792091774e-01 4.394425000000000137e-01
9.993962702678066412e-01 3.833208128342590303e-03 -3.453116694005518156e-02 -8.093801000000000467e-01 -4.205461473663196954e-03 9.999337595286506009e-01 -1.071403979329210200e-02 4.755890000000000117e-02 3.448781043485778935e-02 1.085279090112402194e-02 9.993461901969035166e-01 6.710192000000000379e-01
9.993960875033126579e-01 6.408812267268755580e-03 -3.415241438601277629e-02 -8.119357000000000379e-01 -6.852105177454130211e-03 9.998935889223874440e-01 -1.287864459268821087e-02 4.662059999999999815e-02 3.406624337534348151e-02 1.310488295371524912e-02 9.993336545443974872e-01 7.196506999999999765e-01
9.992906082676797919e-01 1.377977657340132174e-02 -3.504850903530408457e-02 -8.227046000000000081e-01 -1.422030034652968337e-02 9.998226034768405990e-01 -1.235089611513628602e-02 4.002870000000000039e-02 3.487209896271142862e-02 1.284053481672554550e-02 9.993092901497290237e-01 9.706962999999999564e-01
9.992649906252479841e-01 1.442227022946610329e-02 -3.551727230730493401e-02 -8.249142000000000419e-01 -1.479914556818737181e-02 9.998366995098794119e-01 -1.037109462124135434e-02 3.871859999999999885e-02 3.536189759012649259e-02 1.088909705252905785e-02 9.993152474390681883e-01 1.022224999999999939e+00
9.992234740983645391e-01 1.481037733345929273e-02 -3.651166298644461378e-02 -8.292893999999999544e-01 -1.517781624220471658e-02 9.998367146207062239e-01 -9.807037809162633818e-03 3.573579999999999812e-02 3.636045523522802442e-02 1.035358970179106261e-02 9.992851047000420595e-01 1.126206299999999993e+00
9.991918963675465726e-01 1.675116223458080963e-02 -3.653700586004387380e-02 -8.319710000000000161e-01 -1.715586083969247375e-02 9.997945928445390873e-01 -1.079113328948729141e-02 3.463789999999999925e-02 3.634873687317392160e-02 1.140923672351171030e-02 9.992740358105536291e-01 1.178683300000000100e+00
9.991731440567016564e-01 1.529876290821758494e-02 -3.766929849789948936e-02 -8.362534999999999830e-01 -1.557424495662777450e-02 9.998539960640848712e-01 -7.030607990202390918e-03 3.199579999999999785e-02 3.755623902731290709e-02 7.611465572351309126e-03 9.992655275260745595e-01 1.285046600000000039e+00
9.991378087173604650e-01 1.592250270051900549e-02 -3.834205392546567726e-02 -8.388761999999999608e-01 -1.606614287990551157e-02 9.998650099537933489e-01 -3.441064234105904122e-03 3.106509999999999827e-02 3.828208777527440654e-02 4.054106295195828748e-03 9.992587482617870664e-01 1.338748499999999897e+00
9.991026763596648763e-01 1.623814275659644576e-02 -3.911732110934079687e-02 -8.439518000000000297e-01 -1.627615782532197339e-02 9.998673209871999923e-01 -6.535352514103670357e-04 2.906960000000000099e-02 3.910151886308375901e-02 1.289628510858913894e-03 9.992344109771760241e-01 1.447382200000000063e+00
9.990302558185393256e-01 1.639325635361839686e-02 -4.086329777769348581e-02 -8.492796000000000234e-01 -1.652551765067869147e-02 9.998592359015572306e-01 -2.900973755691153150e-03 2.741489999999999899e-02 4.080998928597025233e-02 3.573447701961214411e-03 9.991605352724857170e-01 1.556865600000000072e+00
9.989860053290799957e-01 1.629392941244772047e-02 -4.196985848140751679e-02 -8.551615000000000189e-01 -1.629340885293568270e-02 9.998671907623213340e-01 3.544926157558579575e-04 2.547280000000000030e-02 4.197006057415548358e-02 3.296989016048219564e-04 9.991188144129985460e-01 1.666981599999999952e+00
9.989437577793898182e-01 1.635390296789372352e-02 -4.294087390014813405e-02 -8.578869999999999552e-01 -1.624666054178498450e-02 9.998639659927015533e-01 2.845264589754474549e-03 2.461409999999999987e-02 4.298156366201342365e-02 -2.144613499542667723e-03 9.990735637670060676e-01 1.722074499999999952e+00
9.988953442865527999e-01 1.805448730152941009e-02 -4.338348361909142442e-02 -8.609877999999999698e-01 -1.794794050154712925e-02 9.998348773079296370e-01 2.844213492354197726e-03 2.341829999999999953e-02 4.342767083786539667e-02 -2.062427432924307438e-03 9.990544448620815032e-01 1.776778100000000027e+00
9.988208982063145891e-01 1.999267709786685387e-02 -4.423919267788781889e-02 -8.670645000000000158e-01 -2.023251203943808585e-02 9.997828980588556735e-01 -4.980181282817870009e-03 2.161770000000000011e-02 4.413002110700656871e-02 5.869379140604808268e-03 9.990085543305416982e-01 1.886481800000000097e+00
9.988075254074146869e-01 2.089331142808377104e-02 -4.412478585880844073e-02 -8.727996999999999561e-01 -2.100855477782498024e-02 9.997769850520900059e-01 -2.149601428209216465e-03 1.907769999999999952e-02 4.407003307990277341e-02 3.074036063896466719e-03 9.990237146767909637e-01 1.996839599999999937e+00
9.988124361966599363e-01 2.177319878520892968e-02 -4.358491841856249743e-02 -8.758415999999999979e-01 -2.180225627971554489e-02 9.997622842409281674e-01 -1.913908961403710520e-04 1.815550000000000150e-02 4.357039040456920503e-02 1.141413168531819552e-03 9.990497076001634280e-01 2.052038200000000145e+00
9.988289290408961518e-01 2.012995734931490033e-02 -4.399494662039062781e-02 -8.816270999999999969e-01 -2.013184966747386118e-02 9.997972537227767242e-01 4.000966878833671424e-04 1.601059999999999983e-02 4.399408073800940150e-02 4.860715052188879673e-04 9.990316734691193634e-01 2.161907900000000105e+00
9.988583710783839331e-01 1.957531242288157794e-02 -4.357478250300354100e-02 -8.873168999999999640e-01 -1.976615792363710031e-02 9.997968151938332326e-01 -3.953141688064372265e-03 1.439840000000000043e-02 4.348854478567113629e-02 4.809934699624538075e-03 9.990423469506234389e-01 2.272463800000000145e+00
9.988771743847580931e-01 1.842031914477569587e-02 -4.364724889069446917e-02 -8.903155999999999848e-01 -1.870266144050120732e-02 9.998066689719203870e-01 -6.069195524513556171e-03 1.293260000000000069e-02 4.352701400468000220e-02 6.878700595126670779e-03 9.990285694262996952e-01 2.327310600000000118e+00
9.989130435716545575e-01 1.689619358231918625e-02 -4.344249100641852518e-02 -8.929825000000000124e-01 -1.733406703786615974e-02 9.998024821034980913e-01 -9.722494515879812754e-03 1.170520000000000067e-02 4.326963718753278759e-02 1.046496163936338000e-02 9.990086201207405425e-01 2.382007399999999997e+00
9.989777312761978223e-01 1.252636665473162020e-02 -4.343480807707129215e-02 -9.008384000000000391e-01 -1.267914893809213295e-02 9.999143548208816457e-01 -3.243794898840424330e-03 7.565500000000000176e-03 4.339045513089793277e-02 3.791195269475544985e-03 9.990509973179358960e-01 2.546406999999999865e+00
9.990003485091973889e-01 1.135582462694497037e-02 -4.323596796122499558e-02 -9.032154999999999490e-01 -1.124570755837444973e-02 9.999328747767889380e-01 2.789265519432866918e-03 6.470000000000000057e-03 4.326474014730152112e-02 -2.300258174302938306e-03 9.990609946706546785e-01 2.601697399999999938e+00
9.990515435530971100e-01 6.261161099525977200e-03 -4.309073201814805909e-02 -9.079930999999999974e-01 -6.249471890230120022e-03 9.999803894502543589e-01 4.059753819292084625e-04 4.535199999999999648e-03 4.309242886247294235e-02 -1.362960134840785159e-04 9.990710805533955519e-01 2.712654600000000027e+00
9.990518128824794619e-01 4.856680088003818146e-03 -4.326531907606902955e-02 -9.107393000000000294e-01 -4.980177327746750440e-03 9.999838255388874275e-01 -2.747088348800724375e-03 3.695200000000000047e-03 4.325127755356449749e-02 2.959952556158068453e-03 9.990598408858449853e-01 2.767922200000000110e+00
9.989957189459115483e-01 1.582906225692531574e-02 -4.191651602659327708e-02 -9.269087000000000298e-01 -1.604962135687484567e-02 9.998590396645870015e-01 -4.930563386742668926e-03 -4.555199999999999701e-03 4.183256126562435312e-02 5.598355926173578974e-03 9.991089506299508649e-01 3.100388999999999839e+00
9.990231190220080215e-01 1.417282890955707739e-02 -4.185616537906016593e-02 -9.296638000000000401e-01 -1.436332419571561755e-02 9.998877930898066868e-01 -4.253956751631389650e-03 -5.666499999999999662e-03 4.179117822684091238e-02 4.850994815128449079e-03 9.991145906610092720e-01 3.155930300000000077e+00
9.989849320262824683e-01 1.003750702328681972e-02 -4.391302810330024314e-02 -9.399834000000000245e-01 -1.004779378976214561e-02 9.999495195542718040e-01 -1.353290007598316556e-05 -1.065050000000000024e-02 4.391067551748874948e-02 4.547482143285152666e-04 9.990353576223713894e-01 3.377314600000000056e+00
9.989639004603622086e-01 1.012505893341645452e-02 -4.436900673459272249e-02 -9.428963999999999679e-01 -1.031079975685787742e-02 9.999390033520734189e-01 -3.959417082872742320e-03 -1.168989999999999960e-02 4.432621104260402178e-02 4.412794676507008663e-03 9.990073644662232910e-01 3.432032799999999995e+00
9.988605028554329301e-01 1.277648324632709234e-02 -4.598322858660520984e-02 -9.482507999999999493e-01 -1.299370017284793427e-02 9.999057737709357019e-01 -4.428017091710688760e-03 -1.406619999999999919e-02 4.592232127418860443e-02 5.020463664112467458e-03 9.989323977894538631e-01 3.541505799999999926e+00
9.988247831326054760e-01 1.409879014044266264e-02 -4.637107629416705595e-02 -9.512823000000000251e-01 -1.412051518929693418e-02 9.999002906204776941e-01 -1.409534426796909493e-04 -1.516020000000000041e-02 4.636446538991407379e-02 7.955712789721693838e-04 9.989242731135566933e-01 3.596584099999999840e+00
9.986663730023301877e-01 1.563287576307990229e-02 -4.920455903416773996e-02 -9.627025999999999639e-01 -1.558230773370166203e-02 9.998775926667602398e-01 1.411158607816415285e-03 -1.867889999999999828e-02 4.922059650251112833e-02 -6.425560678275450861e-04 9.987877251957177904e-01 3.812041300000000188e+00
9.985424385843487682e-01 1.192849202100962694e-02 -5.263752866659563573e-02 -9.741237000000000368e-01 -1.160961750593206623e-02 9.999123826012823457e-01 6.359552027669709492e-03 -2.305799999999999864e-02 5.270877656887820034e-02 -5.739181015736642341e-03 9.985934341231573752e-01 4.019580799999999954e+00
9.984048169672748996e-01 9.830931193368157642e-03 -5.559832954697147694e-02 -9.804116000000000497e-01 -9.416054294515764297e-03 9.999258740393212053e-01 7.719089857125479258e-03 -2.495189999999999908e-02 5.567009410864249414e-02 -7.183259606258649184e-03 9.984233778329532072e-01 4.117482700000000051e+00
9.980053195682970779e-01 8.517170796254407150e-03 -6.255269710419228413e-02 -9.866302999999999601e-01 -8.141640809966023407e-03 9.999472875528619964e-01 6.255861299262614403e-03 -2.676109999999999947e-02 6.260268203761631955e-02 -5.734101263628591308e-03 9.980220560109860362e-01 4.211430499999999633e+00
9.978212040019550644e-01 8.362554202106830745e-03 -6.544396481957429068e-02 -9.900873999999999509e-01 -7.973668832948145949e-03 9.999489815029609652e-01 6.201209279934457620e-03 -2.729190000000000088e-02 6.549248391557097038e-02 -5.665869607385903318e-03 9.978369769016183222e-01 4.256084399999999768e+00
9.966423478401080782e-01 1.551288243415120845e-02 -8.039515514221777515e-02 -1.007446899999999923e+00 -1.465213443110837364e-02 9.998289627236076615e-01 1.128540011020510644e-02 -3.071559999999999915e-02 8.055647365897906920e-02 -1.006954704139624221e-02 9.966991816862353915e-01 4.461962699999999948e+00
9.958695142450931792e-01 2.108501125469200432e-02 -8.831383185906827027e-02 -1.018019800000000030e+00 -2.090354176923910762e-02 9.997770581016032221e-01 2.979267561856822639e-03 -3.283710000000000101e-02 8.835696089581140944e-02 -1.120889866564923464e-03 9.960882446184992078e-01 4.567455800000000288e+00
9.980101638480280979e-01 3.436751299179336555e-02 -5.286385255343131057e-02 -1.038364899999999924e+00 -3.399162750056795163e-02 9.993901510947705846e-01 7.993444478716417792e-03 -3.738890000000000269e-02 5.310632839779685227e-02 -6.180610449672703163e-03 9.985697361419355600e-01 4.792697000000000429e+00
9.986621823229113737e-01 3.341975691392722048e-02 -3.945840146095874051e-02 -1.038890700000000056e+00 -3.312310712303513649e-02 9.994180641117851316e-01 8.148183942926831916e-03 -3.792580000000000257e-02 3.970774952771959770e-02 -6.830298299916753163e-03 9.991879911471004405e-01 4.815772499999999567e+00
9.065241929987503111e-01 1.664594020324812115e-02 4.218255565784444494e-01 -9.811539999999999706e-01 -1.084121740929948861e-02 9.998107098442949869e-01 -1.615588084046924722e-02 -4.700639999999999680e-02 -4.220146389795605968e-01 1.007259427342467595e-02 9.065330591498327317e-01 5.080735699999999966e+00
8.023646040728600326e-01 2.319019737345913434e-02 5.963834813916146782e-01 -9.373609000000000524e-01 -7.409341583165774195e-03 9.995548758928648470e-01 -2.889899195652659639e-02 -4.973930000000000018e-02 -5.967881900543159368e-01 1.876871931111516803e-02 8.021792763385964253e-01 5.138575600000000243e+00
6.923428530931670100e-01 3.432997645551746912e-02 7.207515705757268076e-01 -8.960645999999999889e-01 -9.826147310500282089e-03 9.992235209527998707e-01 -3.815497351226931205e-02 -5.176050000000000095e-02 -7.215017814252753237e-01 1.933411211442721128e-02 6.921425947800792233e-01 5.176839799999999769e+00
5.623805907056922404e-01 2.852101877312947231e-02 8.263864850574816900e-01 -8.468868999999999980e-01 -3.792445331938723227e-03 9.994834162394097277e-01 -3.191422912750872809e-02 -5.443350000000000272e-02 -8.268698135474054078e-01 1.481391746101167264e-02 5.621982384297707913e-01 5.207599199999999762e+00
5.149685063613363978e-01 2.601904494453564920e-02 8.568141261418072974e-01 -8.286829000000000001e-01 -1.582067921075553871e-03 9.995663814508803924e-01 -2.940316537868247621e-02 -5.512890000000000151e-02 -8.572076379250640477e-01 1.378616601406214108e-02 5.147863703611093023e-01 5.216267600000000115e+00
4.646208072257371202e-01 2.235516196397820468e-02 8.852275143862556872e-01 -8.095961000000000407e-01 9.276306161523639737e-04 9.996684447790806782e-01 -2.573208142405230756e-02 -5.609809999999999797e-02 -8.855092574300643671e-01 1.277682458744672581e-02 4.644460224386868230e-01 5.224186900000000300e+00
3.627699746793912605e-01 2.713737439871337365e-02 9.314834987168898461e-01 -7.697228999999999877e-01 -4.008811754270662567e-03 9.996120864704283182e-01 -2.756095082822142273e-02 -5.830529999999999741e-02 -9.318700955065748470e-01 6.264143435528410006e-03 3.627380399235603514e-01 5.237568399999999791e+00
3.126076132371100602e-01 3.215919751927797526e-02 9.493378040303216414e-01 -7.488656999999999675e-01 -4.443575618548042602e-03 9.994652967840093050e-01 -3.239406056940884182e-02 -5.918799999999999756e-02 -9.498719570457482275e-01 5.908175637906198235e-03 3.125833627669777348e-01 5.242666700000000013e+00
1.902489857877087409e-01 3.386728202798625076e-02 9.811515329523698981e-01 -6.804500999999999467e-01 1.270144494393895748e-02 9.992362316617545703e-01 -3.695438581213917467e-02 -6.199230000000000018e-02 -9.816537050829505784e-01 1.949257659862301678e-02 1.896735162179014056e-01 5.253098999999999741e+00
1.597701929274163435e-01 3.501905724555588045e-02 9.865328940697155602e-01 -6.559857999999999523e-01 1.724848311122871569e-02 9.991189721187626605e-01 -3.825923918099677357e-02 -6.296000000000000207e-02 -9.870035335713331914e-01 2.312888198723710154e-02 1.590254053153854485e-01 5.255847900000000017e+00
1.315440459224635761e-01 3.363735872737121102e-02 9.907394673072204005e-01 -6.305171999999999999e-01 1.553559380864174243e-02 9.992314451042553225e-01 -3.598839312715267774e-02 -6.405840000000000145e-02 -9.911885841288535781e-01 2.012578477246891595e-02 1.309203707599797539e-01 5.258609800000000334e+00
5.944533456949059602e-02 2.378139208605054011e-02 9.979482439427264095e-01 -5.473611000000000448e-01 8.961467017191375797e-03 9.996631802049823490e-01 -2.435607216611149900e-02 -6.750249999999999306e-02 -9.981913365216218414e-01 1.039093513166995664e-02 5.921219604328409325e-02 5.264532100000000270e+00
3.933051048583739023e-02 2.421659928058357558e-02 9.989327641359085908e-01 -5.178454000000000113e-01 1.691219084809558737e-02 9.995469468963927850e-01 -2.489736433474959085e-02 -6.889679999999999416e-02 -9.990831240420593451e-01 1.787336760051972187e-02 3.890313592727023817e-02 5.264642199999999939e+00
2.193329059091198713e-02 2.659907075916597211e-02 9.994055334040345961e-01 -4.874666000000000277e-01 2.196726467739844660e-02 9.993918496488185532e-01 -2.708080756008576784e-02 -7.014729999999999577e-02 -9.995180688944282910e-01 2.254817709399492554e-02 2.133564302499713072e-02 5.264301800000000142e+00
7.478065409362317367e-03 3.212039535097932497e-02 9.994560314192068029e-01 -4.554022999999999821e-01 2.261705492473419996e-02 9.992228646226274380e-01 -3.228212573363151150e-02 -7.094739999999999380e-02 -9.997162334203967271e-01 2.284615980525443041e-02 6.745785194321118894e-03 5.264374700000000296e+00
-9.807538157099279091e-03 3.650848277463170782e-02 9.992852159822994684e-01 -3.888173999999999797e-01 2.243945037120900071e-02 9.990896618821554220e-01 -3.628110509946691487e-02 -7.322489999999999555e-02 -9.997000966601606864e-01 2.206758268807292381e-02 -1.061784026862211405e-02 5.263728600000000313e+00
-8.412972975739830411e-03 3.124071409985404099e-02 9.994764827989902622e-01 -2.426215999999999928e-01 2.506938442560837157e-02 9.992042893644025314e-01 -3.102118760299595740e-02 -7.964519999999999933e-02 -9.996503127845407510e-01 2.479527975866347572e-02 -9.189464155165860682e-03 5.261981500000000089e+00
-7.230338774448759678e-03 3.257371217055566454e-02 9.994431827155740855e-01 -2.033893999999999980e-01 2.421976007920694646e-02 9.991818115260053812e-01 -3.238997896442354085e-02 -8.120639999999999803e-02 -9.996805116750613340e-01 2.397208357736014400e-02 -8.013350488260462257e-03 5.261976200000000325e+00
-4.382303364724129957e-03 3.030212415990824262e-02 9.995311784474845140e-01 -3.840299999999999964e-02 2.305977510560678137e-02 9.992780436525525722e-01 -3.019334771114435059e-02 -8.814199999999999813e-02 -9.997244831398790499e-01 2.291664777677427170e-02 -5.077899701343202565e-03 5.261150400000000005e+00
-5.245392186351652622e-03 2.802311223923885722e-02 9.995935129047400780e-01 4.572299999999999628e-03 2.377103628307150954e-02 9.993282911159219184e-01 -2.789093776408334280e-02 -8.996229999999999505e-02 -9.997036679410756799e-01 2.361507475656374200e-02 -5.908007227623190971e-03 5.261205699999999652e+00
-6.223390270226942037e-03 2.631447051710842505e-02 9.996343421746517466e-01 4.780480000000000146e-02 2.138690854671636277e-02 9.994285477808166895e-01 -2.617590540062023075e-02 -9.183289999999999509e-02 -9.997519040023673531e-01 2.121618538126163883e-02 -6.782619074450879637e-03 5.261055500000000329e+00
-1.150521127570346830e-02 2.036538900007162783e-02 9.997264030945550717e-01 2.257647999999999877e-01 2.117931893477099925e-02 9.995732495442958276e-01 -2.011852988953507712e-02 -9.861269999999999758e-02 -9.997094910837648341e-01 2.094205640171535945e-02 -1.193162649041179524e-02 5.259448100000000181e+00
-1.306656950336269017e-02 2.981914577337539327e-02 9.994699011509849962e-01 3.165187999999999890e-01 1.999180416555136966e-02 9.993632239442585830e-01 -2.955460021627519251e-02 -1.019024000000000041e-01 -9.997147555816207065e-01 1.959502929530341359e-02 -1.365438754745762484e-02 5.258388499999999688e+00
-1.436026465754604471e-02 3.130353478623729147e-02 9.994067597874508602e-01 3.626499000000000250e-01 2.000206568306154425e-02 9.993188119730683772e-01 -3.101337461718363386e-02 -1.039367000000000069e-01 -9.996968041198167620e-01 1.954483938593792186e-02 -1.497661797610405632e-02 5.257916500000000326e+00
-1.837311141413158766e-02 1.377011983203566339e-02 9.997363715384045557e-01 5.488469000000000264e-01 8.299757606637821195e-03 9.998728039894292374e-01 -1.361946643549504128e-02 -1.118148000000000059e-01 -9.997967507451875901e-01 8.047337580087991424e-03 -1.848506308447817048e-02 5.256846000000000352e+00
-1.851800151332019459e-02 1.289757401827617417e-02 9.997453356752388220e-01 5.953427000000000024e-01 5.800964676630895010e-03 9.999013501526847758e-01 -1.279213710286552196e-02 -1.133312000000000069e-01 -9.998116984856564304e-01 5.562602563649094237e-03 -1.859099308659262206e-02 5.256765800000000155e+00
-1.681477424539933735e-02 3.071415398074926750e-02 9.993867640269821218e-01 6.865533999999999804e-01 1.110400495487227045e-02 9.994721722230686112e-01 -3.052995292598605775e-02 -1.170782999999999963e-01 -9.997969616082248434e-01 1.058384131341624616e-02 -1.714694905847669038e-02 5.255243300000000062e+00
-1.588564640913800452e-02 3.593215752757332460e-02 9.992279651278667130e-01 7.318826000000000498e-01 1.305770411935697380e-02 9.992763018641886985e-01 -3.572630537520182087e-02 -1.187938000000000049e-01 -9.997885489448731233e-01 1.248008766173148987e-02 -1.634334147781069113e-02 5.254406000000000354e+00
-1.422205942031696917e-02 2.225748618220375549e-02 9.996511078044647558e-01 8.240984999999999561e-01 1.731987882275256088e-02 9.996077114905546068e-01 -2.201010963583026683e-02 -1.232716999999999979e-01 -9.997488458725070082e-01 1.700080696511521369e-02 -1.460197723340062037e-02 5.253362199999999760e+00
-1.373589540470759873e-02 1.944574737351905530e-02 9.997165538724044342e-01 8.699542999999999582e-01 1.854087195611965611e-02 9.996439345147387634e-01 -1.918958715031081341e-02 -1.250389000000000084e-01 -9.997337451764531924e-01 1.827203045580525625e-02 -1.409154563858827647e-02 5.252700800000000392e+00
-1.732336082599190280e-02 2.083122110960471812e-02 9.996329133220730467e-01 1.004283500000000107e+00 1.180243664041975143e-02 9.997175448426922628e-01 -2.062845178505794477e-02 -1.305958000000000119e-01 -9.997802776905740929e-01 1.144075000960784530e-02 -1.756432692067333434e-02 5.251876399999999556e+00
-1.970881369836655767e-02 2.123779988826309667e-02 9.995801711311148585e-01 1.048936499999999938e+00 1.213155549319886763e-02 9.997058427244375212e-01 -2.100127100767446714e-02 -1.322476999999999958e-01 -9.997321581423287418e-01 1.171255217825917933e-02 -1.996066375532234982e-02 5.251323700000000372e+00
-2.221080826238958777e-02 2.125336145779739561e-02 9.995273756246377816e-01 1.093334900000000109e+00 1.064489949285574860e-02 9.997223640536506695e-01 -2.102096395902838116e-02 -1.342645000000000088e-01 -9.996966370410168556e-01 1.017297585389756454e-02 -2.243088164022211117e-02 5.250806800000000329e+00
-2.643562234771943201e-02 2.072900236728776949e-02 9.994355738775487774e-01 1.181316899999999892e+00 7.416852117326518112e-03 9.997615294815468401e-01 -2.053958308700225277e-02 -1.377579999999999916e-01 -9.996230030245193410e-01 6.869689190577544201e-03 -2.658306217625039380e-02 5.249272799999999961e+00
-2.893472586383406472e-02 1.970489330262291047e-02 9.993870615627946652e-01 1.224640600000000079e+00 8.129352051579954996e-03 9.997772509241091843e-01 -1.947722182069003619e-02 -1.394652999999999865e-01 -9.995482455961826052e-01 7.560801185267212836e-03 -2.908846869518255662e-02 5.248487899999999762e+00
-3.097852914590536536e-02 1.980576943575826712e-02 9.993238024929729235e-01 1.267694000000000099e+00 8.104057038240637667e-03 9.997757716178977683e-01 -1.956350544657387003e-02 -1.413555999999999979e-01 -9.994871960117737153e-01 7.492528471401807381e-03 -3.113208996562866204e-02 5.247250600000000098e+00
-3.499133185749959268e-02 1.996204873762045043e-02 9.991882321690119806e-01 1.395956999999999892e+00 1.079824825229810936e-02 9.997496833516055226e-01 -1.959511349919274004e-02 -1.462349000000000010e-01 -9.993292773303104060e-01 1.010382346250024953e-02 -3.519812810247946455e-02 5.243177900000000058e+00
-3.661171096666623881e-02 1.946727343993236506e-02 9.991399340857657352e-01 1.438321600000000089e+00 1.110088301238328426e-02 9.997564751513533521e-01 -1.907251397395795176e-02 -1.478922000000000014e-01 -9.992679085292587304e-01 1.039305815226418059e-02 -3.681889903032109501e-02 5.241887600000000091e+00
-3.798369130817309119e-02 1.930682250036487232e-02 9.990918305138645206e-01 1.479956499999999897e+00 9.950759713374356108e-03 9.997710721565266079e-01 -1.894163826377950194e-02 -1.493539999999999868e-01 -9.992288134234981190e-01 9.222249396356321099e-03 -3.816711333516464855e-02 5.240584899999999990e+00
-4.041261078329729667e-02 1.693249987267721537e-02 9.990395944794876470e-01 1.561218500000000065e+00 6.893080029676673659e-03 9.998373319589505259e-01 -1.666718539261788021e-02 -1.527119999999999866e-01 -9.991592997802611897e-01 6.212895401437909353e-03 -4.052275401979232861e-02 5.238152999999999615e+00
-4.142416449017474744e-02 1.921067606450736417e-02 9.989569502843628213e-01 1.639045199999999980e+00 7.195504833524496956e-03 9.997949489342420337e-01 -1.892841239425792702e-02 -1.558781999999999945e-01 -9.991157406959821907e-01 6.403905895696415142e-03 -4.155390093357536063e-02 5.235314400000000035e+00
-4.178236817345631210e-02 2.205969295451906675e-02 9.988831781827991474e-01 1.677589400000000008e+00 7.393228579954295478e-03 9.997356846389140461e-01 -2.176926803377678479e-02 -1.574598000000000109e-01 -9.990993813835447046e-01 6.475400089122731843e-03 -4.193441680414189410e-02 5.234133700000000111e+00
-4.195268997769699415e-02 2.343878513781933598e-02 9.988446301376895375e-01 1.715882700000000094e+00 5.008514008442939425e-03 9.997171618079014888e-01 -2.324889619275389424e-02 -1.591628999999999960e-01 -9.991070446108675229e-01 4.027373588004354299e-03 -4.205821763841366412e-02 5.232925899999999686e+00
-4.222968285336524408e-02 2.443055870569876831e-02 9.988091918316690521e-01 1.754058399999999907e+00 5.860938577418225645e-03 9.996898525652776479e-01 -2.420429872987620024e-02 -1.607492000000000087e-01 -9.990907382640958900e-01 4.831819464835367464e-03 -4.235977142954527874e-02 5.231535400000000280e+00
-4.248301849435939109e-02 2.444768856363787463e-02 9.987980294651683799e-01 1.792244900000000030e+00 7.210987043697355062e-03 9.996820343413099774e-01 -2.416261329152124410e-02 -1.623024000000000133e-01 -9.990711660364659519e-01 6.175818902408031566e-03 -4.264580231888137618e-02 5.230172600000000394e+00
-4.284067743552733704e-02 2.391750016930371814e-02 9.987955894688942404e-01 1.829950699999999930e+00 8.043123377425914419e-03 9.996892694606039909e-01 -2.359391217368060970e-02 -1.639085000000000125e-01 -9.990495405750408064e-01 7.022656974052337436e-03 -4.301973693346106131e-02 5.228768800000000105e+00
-4.312973396432524809e-02 2.247030235080214183e-02 9.988167557467333424e-01 1.942370200000000047e+00 3.235163646890405059e-03 9.997449398537948673e-01 -2.235148659284077327e-02 -1.691090000000000093e-01 -9.990642420607114271e-01 2.267321987640437408e-03 -4.319142839337442030e-02 5.224700900000000203e+00
-4.808945114681987404e-02 2.132530614212842235e-02 9.986153593883593249e-01 2.015937300000000043e+00 3.070912933261175232e-04 9.997723310222870197e-01 -2.133522479844601749e-02 -1.722098999999999991e-01 -9.988429858507967829e-01 -7.193331684013943433e-04 -4.808505148648223315e-02 5.221740200000000165e+00
-5.949207251309700933e-02 2.481970091510124488e-02 9.979201750413614347e-01 2.088446900000000106e+00 1.856903948352708889e-05 9.996908767696556231e-01 -2.486263378461747373e-02 -1.749758999999999898e-01 -9.982287778677226830e-01 -1.460599192849285077e-03 -5.947414300946818333e-02 5.218073799999999984e+00
-7.980502643319335732e-02 2.832277346443561744e-02 9.964080380342581478e-01 2.198034799999999844e+00 -2.203209671470588576e-03 9.995888044235167191e-01 -2.858964739740833816e-02 -1.797459999999999891e-01 -9.968080575633109230e-01 -4.476893392393960225e-03 -7.970980995092313837e-02 5.210327600000000281e+00
-8.496628024633644249e-02 2.691680549383565491e-02 9.960201889535714725e-01 2.234978400000000143e+00 -2.462982172963765551e-03 9.996263140051492302e-01 -2.722436532399469949e-02 -1.816174999999999873e-01 -9.963807831044900754e-01 -4.766333022951820333e-03 -8.486823392528941579e-02 5.207193900000000042e+00
-9.388210811024734481e-02 2.717365855896732713e-02 9.952124105221440420e-01 2.310623899999999953e+00 -6.532394362828842019e-03 9.995891125595591786e-01 -2.790938688472721640e-02 -1.844433000000000045e-01 -9.955618903918854734e-01 -9.121312017114835066e-03 -9.366602407715474143e-02 5.200772299999999682e+00
-1.000330079561859153e-01 1.790585184964454957e-02 9.948229881686374565e-01 2.426565599999999989e+00 -4.653461073804326595e-03 9.998187022540813151e-01 -1.846369201972186680e-02 -1.892029000000000072e-01 -9.949732371371970974e-01 -6.476348701477851327e-03 -9.993154801275039301e-02 5.189842200000000183e+00
-1.013269063081644605e-01 1.784498707367148523e-02 9.946931257902392742e-01 2.466094700000000195e+00 -5.180235003836800717e-03 9.998160950979785300e-01 -1.846459174568913092e-02 -1.903227999999999864e-01 -9.948396972494218948e-01 -7.023704106128390336e-03 -1.012158305667056890e-01 5.186165299999999867e+00
-1.020518539458008661e-01 2.151709525031646544e-02 9.945463456864208629e-01 2.505677899999999791e+00 -3.876466501483565030e-03 9.997498510845184150e-01 -2.202744342737529906e-02 -1.917782000000000098e-01 -9.947715275949989833e-01 -6.103267032676197579e-03 -1.019429154862663278e-01 5.182404499999999636e+00
-1.024463656104995513e-01 2.526333897214589133e-02 9.944176717442115843e-01 2.545538399999999868e+00 1.839632335221857984e-03 9.996805472802510195e-01 -2.520752154276483664e-02 -1.934242999999999935e-01 -9.947368284757890367e-01 -7.530560644479419863e-04 -1.024601140956457046e-01 5.178226500000000065e+00
-1.040484507791628460e-01 2.906227529644145671e-02 9.941475262983102690e-01 2.667267799999999855e+00 7.829795861915542915e-03 9.995659388734361439e-01 -2.840119963710897172e-02 -1.984518000000000115e-01 -9.945414089856773332e-01 4.828871365033161889e-03 -1.042308390742543445e-01 5.165416200000000124e+00
-1.041493398992205111e-01 2.199406759425982794e-02 9.943184479779182405e-01 2.748876600000000003e+00 1.049456066442454316e-02 9.997240916990389747e-01 -2.101439204431875332e-02 -2.021461999999999981e-01 -9.945062992233973942e-01 8.246300212261494650e-03 -1.043514223084280879e-01 5.157033400000000434e+00
-1.051862814316921607e-01 2.151913938210189142e-02 9.942196803719118847e-01 2.789183400000000201e+00 1.082455040351223106e-02 9.997313923981578920e-01 -2.049322234794397762e-02 -2.039111000000000118e-01 -9.943936219159568157e-01 8.606375189016498076e-03 -1.053909626057718540e-01 5.152895499999999629e+00
-1.071710733297460139e-01 2.269516429022777268e-02 9.939815343149940308e-01 2.829517099999999896e+00 9.621074293889374934e-03 9.997163021964174945e-01 -2.178875976627751843e-02 -2.054749999999999910e-01 -9.941940434194833642e-01 7.228045417722759811e-03 -1.073590209933831252e-01 5.148902399999999879e+00
-1.116973264651416331e-01 2.334492908148624868e-02 9.934680274406018086e-01 2.910097799999999957e+00 9.805147453978315178e-03 9.997012514723054855e-01 -2.238899033257315749e-02 -2.088449000000000000e-01 -9.936938997216122615e-01 7.240310137465757329e-03 -1.118928575252593483e-01 5.140241600000000410e+00
-1.134981297594354205e-01 2.373122363731931111e-02 9.932547526016602957e-01 2.950530999999999793e+00 1.001512501278063044e-02 9.996912337691020722e-01 -2.274058917857818551e-02 -2.103373000000000048e-01 -9.934877310828192920e-01 7.366556175447841817e-03 -1.137007565411296550e-01 5.135600600000000071e+00
-1.156798356610584388e-01 2.327213814534509484e-02 9.930138887284383209e-01 2.990908899999999981e+00 1.005769483725224740e-02 9.997016850902559204e-01 -2.225721461152344038e-02 -2.120672000000000113e-01 -9.932356308530176925e-01 7.412719733449857178e-03 -1.158793907050003069e-01 5.131119299999999939e+00
-1.174416620944871287e-01 2.368585878689802304e-02 9.927972784501435388e-01 3.031573999999999991e+00 7.726863996364914666e-03 9.997070594423599355e-01 -2.293667094177999355e-02 -2.135063000000000100e-01 -9.930497226107393161e-01 4.977488788228524516e-03 -1.175902760779864442e-01 5.126777599999999602e+00
-1.217985338132573370e-01 2.373635043699073854e-02 9.922709825591360389e-01 3.195506599999999864e+00 7.043369986994965637e-03 9.997095081376999870e-01 -2.304973488576719104e-02 -2.203759000000000134e-01 -9.925298524982344439e-01 4.181507743652293496e-03 -1.219303362286132675e-01 5.107717499999999688e+00
-1.228597649953685061e-01 2.149045164393242890e-02 9.921913316661372662e-01 3.237242000000000175e+00 4.578669740530954754e-03 9.997671477840425203e-01 -2.108757916801931587e-02 -2.218592000000000064e-01 -9.924134793163030821e-01 1.952101406212774712e-03 -1.229295545074897689e-01 5.102816599999999703e+00
-1.251008259312131887e-01 1.942840343287705052e-02 9.919537894939349787e-01 3.279917699999999936e+00 1.678497662915503022e-03 9.998109632029020810e-01 -1.937060930587081869e-02 -2.233433999999999975e-01 -9.921426137390350064e-01 -7.582871055695338675e-04 -1.251097878015211551e-01 5.098246099999999892e+00
-1.291063063939598965e-01 1.963390302560336087e-02 9.914363678528694823e-01 3.364877200000000013e+00 4.148859397412026431e-03 9.998059128147807062e-01 -1.925937865829444734e-02 -2.262328000000000117e-01 -9.916220795318191339e-01 1.626822849687367331e-03 -1.291627068174334703e-01 5.087462399999999718e+00
-1.312093543855720745e-01 2.098830084485634948e-02 9.911324818354843025e-01 3.407428299999999854e+00 3.578674191596596665e-03 9.997793758173435519e-01 -2.069765158933262530e-02 -2.276234000000000035e-01 -9.913482225801140135e-01 8.312147308638800913e-04 -1.312555167195628147e-01 5.081954500000000152e+00
-1.324181812331939878e-01 2.428672377656920095e-02 9.908963519597264735e-01 3.450295899999999971e+00 5.199951236217663017e-03 9.997030333434735461e-01 -2.380768008435343516e-02 -2.294657999999999975e-01 -9.911802993330902645e-01 2.000043014184736678e-03 -1.325051472279754616e-01 5.076124700000000267e+00
-1.341922008993437498e-01 3.229298750276099472e-02 9.904290061261009637e-01 3.537377400000000005e+00 8.226366032963217806e-03 9.994707418592149173e-01 -3.147321193145583007e-02 -2.329558999999999935e-01 -9.909211775513133702e-01 3.924171955603728695e-03 -1.343868325200835434e-01 5.064669600000000216e+00
-1.337873332038274632e-01 3.330913392243475823e-02 9.904501254841383551e-01 3.581545600000000107e+00 1.053521710109061628e-02 9.994263083980357010e-01 -3.218793690976924637e-02 -2.349399000000000071e-01 -9.909540648661979700e-01 6.128268859286764222e-03 -1.340614994916413671e-01 5.058529899999999913e+00
-1.333314604521127211e-01 3.249610323892435787e-02 9.905386034516735494e-01 3.625977499999999853e+00 1.399216777462189247e-02 9.994244091946378195e-01 -3.090419950291427645e-02 -2.370182000000000122e-01 -9.909727245967335785e-01 9.739280272908466124e-03 -1.337094070179514205e-01 5.052379600000000082e+00
-1.324789742132593262e-01 2.884853234042237050e-02 9.907659075549614114e-01 3.715843200000000124e+00 1.374651938286303512e-02 9.995336978758230240e-01 -2.726572969020908677e-02 -2.410158000000000023e-01 -9.910904875924596569e-01 1.000744685154925616e-02 -1.328137658951596967e-01 5.040659899999999638e+00
-1.309776765130128140e-01 2.646464554794341478e-02 9.910320230907144756e-01 3.761169699999999949e+00 1.286380340873104038e-02 9.996048467458218401e-01 -2.499345762641561747e-02 -2.429086000000000023e-01 -9.913018565588961328e-01 9.474856108861598805e-03 -1.312663562555245189e-01 5.035101400000000282e+00
-1.294262758868797436e-01 2.305788113862842353e-02 9.913209234286594063e-01 3.806756700000000215e+00 1.305780043832681890e-02 9.996825480430202582e-01 -2.154755173859463843e-02 -2.448088999999999960e-01 -9.915030675483388345e-01 1.015565141246313127e-02 -1.296862744727537153e-01 5.029392200000000201e+00
-1.275317970682534885e-01 1.962553612367090236e-02 9.916402972189060083e-01 3.852329999999999810e+00 1.343003545593251732e-02 9.997467253242283691e-01 -1.805877490679841033e-02 -2.466067999999999871e-01 -9.917435529834284225e-01 1.101469633446628370e-02 -1.277630681396829671e-01 5.023522400000000054e+00
-1.260856383021692617e-01 1.967774055180743220e-02 9.918241771305585930e-01 3.897900100000000201e+00 1.176967355519926289e-02 9.997625494135241597e-01 -1.833901781924711025e-02 -2.482054999999999956e-01 -9.919495383326401017e-01 9.361160021406172288e-03 -1.262872997760069449e-01 5.018145099999999914e+00
-1.246551755829381769e-01 2.391553495635849111e-02 9.919118581749784003e-01 3.943365099999999845e+00 1.320053483697409061e-02 9.996609615256021319e-01 -2.244343738660464077e-02 -2.501230999999999871e-01 -9.921123087032057697e-01 1.029607641093462783e-02 -1.249286105347190423e-01 5.012649500000000202e+00
