9.998984821761474073e-01 2.939058150056379683e-03 -1.394228385262730012e-02 -5.321688999999999448e-01 -2.912790595839585741e-03 9.999939452878019441e-01 1.903953434658276931e-03 2.863539999999999836e-02 1.394779526597064896e-02 -1.863149196158414957e-03 9.999009889395507056e-01 -4.357210999999999723e-01
9.998182997702119712e-01 -1.956654859842264609e-03 -1.896151223826947688e-02 -5.336836999999999831e-01 1.917167183639566881e-03 9.999959562368216925e-01 -2.100471374390084061e-03 2.748130000000000017e-02 1.896554545992714183e-02 2.063737329243303577e-03 9.998180079762734040e-01 -3.677179999999999893e-01
9.997956544508391774e-01 -3.188195418793314702e-03 -1.996208283696484717e-02 -5.346573000000000020e-01 3.136676051405344959e-03 9.999916702649318534e-01 -2.611640116957668085e-03 2.704789999999999972e-02 1.997024297715982791e-02 2.548491852752880846e-03 9.997973267541325759e-01 -3.450696999999999792e-01
9.997332736197073189e-01 -3.191205589796625077e-03 -2.287351797400710360e-02 -5.368975999999999749e-01 3.073155740162580255e-03 9.999817874267897810e-01 -5.194278440696154138e-03 2.611439999999999942e-02 2.288967739878133498e-02 5.122599106549901964e-03 9.997248729760470631e-01 -2.745147000000000004e-01
9.997185536515831306e-01 -7.988419716535136205e-04 -2.371023695139249515e-02 -5.378003000000000089e-01 5.758460730146778292e-04 9.999555555376270499e-01 -9.410385259700280655e-03 2.613539999999999960e-02 2.371670057337333520e-02 9.394083294293033640e-03 9.996745817079540908e-01 -2.502349999999999852e-01
9.997486356683288333e-01 2.508660780211107322e-03 -2.227940978582500925e-02 -5.418498000000000481e-01 -2.805287667713205532e-03 9.999077131380846861e-01 -1.329268851914550652e-02 2.588560000000000166e-02 2.224400684265900874e-02 1.335184736489588263e-02 9.996634095191881952e-01 -2.015070999999999946e-01
9.997480360839477997e-01 6.782888297605894727e-03 -2.139758800967211938e-02 -5.448530000000000317e-01 -6.701437810712273548e-03 9.999700334647327882e-01 3.875939087560500203e-03 2.586629999999999832e-02 2.142323685997563759e-02 -3.731567885423558561e-03 9.997635322032695226e-01 -1.490779999999999883e-01
9.996625827294179922e-01 6.217621613458326237e-03 -2.522026709258569713e-02 -5.440123999999999516e-01 -5.951582515428588231e-03 9.999260004901466825e-01 1.061000515274297326e-02 2.559550000000000020e-02 2.528436980253907437e-02 -1.045632465310080209e-02 9.996256128763595372e-01 -1.208685000000000037e-01
9.996845537740466359e-01 1.285147300733930492e-02 -2.157852143050476706e-02 -5.493981999999999477e-01 -1.280648922046483118e-02 9.999155256900922328e-01 2.221557506040294176e-03 2.502510000000000151e-02 2.160524888612122552e-02 -1.944511622015947109e-03 9.997646883617767877e-01 -6.980119999999999381e-02
9.998738846008174974e-01 1.465975775300358899e-02 -6.107896192183222273e-03 -5.612167999999999601e-01 -1.455631399858934097e-02 9.997554222248115074e-01 1.664960824955099769e-02 2.133519999999999861e-02 6.350481560142283086e-03 -1.655860002271616546e-02 9.998427297076486475e-01 2.735730000000000106e-02
9.998868703408465564e-01 1.285699329564028368e-02 -7.806679408224689691e-03 -5.608697999999999739e-01 -1.270470557088390628e-02 9.997339159780693763e-01 1.925325166073353633e-02 2.141509999999999941e-02 8.052141103091152441e-03 -1.915189198356778699e-02 9.997841607352586646e-01 6.076730000000000326e-02
9.997260649299997137e-01 6.223536560174766814e-03 -2.256241769541159070e-02 -5.559986999999999568e-01 -5.878482185190520883e-03 9.998652461123430646e-01 1.532752634647888308e-02 2.313950000000000035e-02 2.265476874250654804e-02 -1.519069482899892444e-02 9.996279329049563289e-01 1.379991000000000134e-01
9.997533854444952128e-01 4.969828960131761342e-03 -2.164414683875555759e-02 -5.595014999999999850e-01 -5.107099056190528286e-03 9.999671668501736166e-01 -6.291483200905580858e-03 2.452779999999999891e-02 2.161216859782549501e-02 6.400470431464780688e-03 9.997459418005931742e-01 2.794970999999999983e-01
9.995844460873026804e-01 6.305716661054648793e-03 -2.812779902038047009e-02 -5.602916999999999481e-01 -6.555620073420220274e-03 9.999397793772000220e-01 -8.801219491047283447e-03 2.406969999999999943e-02 2.807060715042317134e-02 8.981957273730406879e-03 9.995655883721386026e-01 3.947650999999999799e-01
9.997604421319660206e-01 1.870029250267175869e-02 -1.137353983641176992e-02 -5.646090999999999749e-01 -1.881973308296211456e-02 9.997678948823921496e-01 -1.048684934173471812e-02 2.091099999999999903e-02 1.117479282948853105e-02 1.069838411839372540e-02 9.998803271304388396e-01 4.572552999999999757e-01
9.995049014978679702e-01 2.424197697273337490e-02 -2.005687997148917698e-02 -5.694949999999999735e-01 -2.438011486470003861e-02 9.996804984356050250e-01 -6.671659967670430687e-03 1.538909999999999931e-02 1.988873753965523031e-02 7.157345876346110115e-03 9.997765803013616281e-01 6.181370999999999949e-01
9.993553392249490130e-01 1.768110865351891006e-02 -3.124554943299462720e-02 -5.728064000000000489e-01 -1.789694417033508775e-02 9.998177777713361802e-01 -6.641584280199541376e-03 1.658959999999999949e-02 3.112242522605141240e-02 7.196502565103651827e-03 9.994896722822499413e-01 7.094228000000000200e-01
9.993231150165514665e-01 1.705903792343387709e-02 -3.259295964994927269e-02 -5.795865999999999518e-01 -1.733722596939417382e-02 9.998154824479081881e-01 -8.271738217736648857e-03 1.452209999999999959e-02 3.244583778087014453e-02 8.831210708812563259e-03 9.994344787569188204e-01 8.329269000000000256e-01
9.993380487570315829e-01 1.661966619501879794e-02 -3.236125773289518642e-02 -5.840773999999999688e-01 -1.667960649469956563e-02 9.998596323618159643e-01 -1.583129961864997116e-03 1.267129999999999992e-02 3.233040416806903100e-02 2.121855051677205232e-03 9.994749835275863470e-01 9.154906999999999906e-01
9.992946212193316580e-01 1.606931261106401762e-02 -3.394167341661933485e-02 -5.856455999999999884e-01 -1.605182064347418155e-02 9.998708508730029809e-01 7.877998011313585690e-04 1.191249999999999948e-02 3.394994928040807186e-02 -2.424184498452766384e-04 9.994235049152850880e-01 9.580712999999999591e-01
9.992193137851566043e-01 1.404451152491542967e-02 -3.692579931087828365e-02 -5.893015999999999810e-01 -1.404560473581573793e-02 9.999013292176669454e-01 2.298180761095028292e-04 1.061130000000000059e-02 3.692538349599055331e-02 2.890065213690909841e-04 9.993179836913296255e-01 1.043767499999999959e+00
9.990265401021279912e-01 1.546710314707354893e-02 -4.131272070209059816e-02 -5.921499000000000068e-01 -1.545416835965064510e-02 9.998803771834577914e-01 6.324585185807510626e-04 9.483699999999999422e-03 4.131756105922432948e-02 6.610895549487478835e-06 9.991460649496715085e-01 1.128972400000000098e+00
9.989875517950472794e-01 1.550375416247048999e-02 -4.223156361546848842e-02 -5.942311999999999594e-01 -1.541239866146311421e-02 9.998781265953071706e-01 2.487955738925217916e-03 8.890999999999999598e-03 4.226498936516857180e-02 -1.834547118064800732e-03 9.991047518207656353e-01 1.171418899999999930e+00
9.989056128976177007e-01 1.708036863921717774e-02 -4.354121643665183339e-02 -5.984473999999999627e-01 -1.688665023658682263e-02 9.998458259634700473e-01 4.813039290670511824e-03 7.557699999999999661e-03 4.361671199691806444e-02 -4.072506669706278323e-03 9.990400377982872060e-01 1.256125500000000006e+00
9.988335025075475437e-01 1.918854554463129969e-02 -4.431065321552785097e-02 -6.027892000000000250e-01 -1.932937072831296399e-02 9.998093832748702336e-01 -2.751825352585785499e-03 6.148200000000000366e-03 4.424940333781457458e-02 3.605112398428977905e-03 9.990140106469188597e-01 1.340732100000000093e+00
9.988392410127316934e-01 2.024378538961077098e-02 -4.370766255714796100e-02 -6.075386999999999871e-01 -2.027205073358756895e-02 9.997944801524792924e-01 -2.035084482568753341e-04 4.464100000000000359e-03 4.369455998365225080e-02 1.089316176801605369e-03 9.990443427686790390e-01 1.425634899999999927e+00
9.988266949526581895e-01 2.082895023435179724e-02 -4.371942682703411354e-02 -6.096901000000000126e-01 -2.076363476215798212e-02 9.997825155299983058e-01 1.947591325839510140e-03 3.749199999999999842e-03 4.375048481346462126e-02 -1.037531996459316059e-03 9.990419503734280227e-01 1.468333799999999911e+00
9.989234921122406297e-01 1.936732703389460256e-02 -4.215167315597891096e-02 -6.145688000000000262e-01 -1.928984933813573596e-02 9.998114151660156823e-01 2.244062441403688567e-03 2.290200000000000048e-03 4.218718548088178089e-02 -1.428547265955719316e-03 9.991087031118839334e-01 1.552812700000000046e+00
9.988771812228063318e-01 1.881896693632247389e-02 -4.347669853876377083e-02 -6.178481000000000112e-01 -1.891721240921413402e-02 9.998193431280000265e-01 -1.849373342268088947e-03 1.150600000000000104e-03 4.343404087861981594e-02 2.669754772262512930e-03 9.990527295905908822e-01 1.638207900000000050e+00
9.989148168246118065e-01 1.756747158602839018e-02 -4.313435603235876714e-02 -6.201379000000000197e-01 -1.776244955348847340e-02 9.998336594117716025e-01 -4.141122206026600847e-03 1.944000000000000090e-04 4.305443199151484657e-02 4.902800152928378855e-03 9.990606980742202659e-01 1.680417199999999944e+00
9.990412764179658067e-01 1.450141045846934686e-02 -4.130662305099090659e-02 -6.249050999999999911e-01 -1.490638493012353370e-02 9.998436388230430572e-01 -9.513022306871741010e-03 -1.643099999999999986e-03 4.116221205762202184e-02 1.011963437141130857e-02 9.991012287544802639e-01 1.764804199999999934e+00
9.990256158061073810e-01 1.136814763725387846e-02 -4.264486115026799168e-02 -6.279171000000000058e-01 -1.145387872744662965e-02 9.999328417348731790e-01 -1.766545249368520632e-03 -3.378400000000000153e-03 4.262191484817385440e-02 2.253273023563709659e-03 9.990887323633254047e-01 1.849948799999999949e+00
9.991399632033249878e-01 1.073721220766697161e-02 -4.005054561508471223e-02 -6.309715999999999658e-01 -1.055855426585128494e-02 9.999333533062177981e-01 4.669676391112362324e-03 -4.356800000000000082e-03 4.009801568498780333e-02 -4.242784438333617111e-03 9.991867432659103931e-01 1.892630899999999894e+00
9.992529366692275428e-01 9.811473520473554255e-03 -3.738052360898483362e-02 -6.339951999999999810e-01 -9.619232610593404093e-03 9.999395864329018169e-01 5.319196215647549290e-03 -5.070899999999999713e-03 3.743045447103364454e-02 -4.955650487505051764e-03 9.992869470809361276e-01 1.935027400000000064e+00
9.992060890655316552e-01 6.222191516618854647e-03 -3.935067861035192183e-02 -6.346810999999999980e-01 -6.142147134600814580e-03 9.999788154250491834e-01 2.154699443593989169e-03 -5.538000000000000388e-03 3.936325193555033353e-02 -1.911291146274056744e-03 9.992231389250413320e-01 1.977636699999999914e+00
9.992501550130010735e-01 7.909599222027120444e-03 -3.790205728770220522e-02 -6.383701999999999988e-01 -8.097750418924578100e-03 9.999556287982693803e-01 -4.813197773877524524e-03 -7.394500000000000031e-03 3.786230506250456290e-02 5.116510021934941171e-03 9.992698670432074159e-01 2.060013800000000117e+00
9.993951881232037149e-01 9.532980023816500781e-03 -3.344219263224015859e-02 -6.428873999999999977e-01 -9.841882433762775412e-03 9.999103007382106334e-01 -9.084482802069821644e-03 -8.446199999999999194e-03 3.335259069916959862e-02 9.408122527190334455e-03 9.993993655812309918e-01 2.101452600000000004e+00
9.992469164589899977e-01 1.514706094057332794e-02 -3.572347256444849406e-02 -6.447813000000000017e-01 -1.535546603232396459e-02 9.998666018785378196e-01 -5.566696578378171195e-03 -1.072329999999999985e-02 3.563438802800591998e-02 6.111054960327244254e-03 9.993462089772199297e-01 2.186281699999999883e+00
9.991765623265935758e-01 1.699569160173663301e-02 -3.684214657412737681e-02 -6.470179000000000347e-01 -1.708885956704452730e-02 9.998515204311481108e-01 -2.215393919623639355e-03 -1.312570000000000056e-02 3.679902411625418646e-02 2.843159949762518682e-03 9.993186420084393395e-01 2.270367100000000082e+00
9.991052465471325084e-01 1.069965056980681263e-02 -4.091727996430816194e-02 -6.539179999999999993e-01 -1.067236663011176916e-02 9.999426568713775110e-01 8.851889759132768086e-04 -1.426499999999999990e-02 4.092440485219080160e-02 -4.477127367346148959e-04 9.991621453201673386e-01 2.404786300000000043e+00
9.990819240003930846e-01 8.375227981604392233e-03 -4.201386309218509141e-02 -6.580962999999999674e-01 -8.336134090490115653e-03 9.999646426218130602e-01 1.105610534960617831e-03 -1.591539999999999969e-02 4.202163733242780808e-02 -7.543623040676093738e-04 9.991164161064596261e-01 2.489727300000000199e+00
9.989959275197357602e-01 1.161902087190533686e-02 -4.326817713933758108e-02 -6.649931000000000036e-01 -1.175588010579330794e-02 9.999266630915857323e-01 -2.909934958816039023e-03 -1.840529999999999944e-02 4.323119338997109123e-02 3.415668676050811862e-03 9.990592560632098884e-01 2.616840799999999856e+00
9.990348247022666772e-01 1.490698299431058096e-02 -4.131828759906001208e-02 -6.709910999999999515e-01 -1.469577544290750701e-02 9.998773713863585710e-01 5.410764607498430231e-03 -2.006820000000000132e-02 4.139387897072389216e-02 -4.798337994916166555e-03 9.991313841213494973e-01 2.699144599999999894e+00
9.990099607984302965e-01 1.571864821774769314e-02 -4.161757229494975757e-02 -6.736377000000000059e-01 -1.546788972624649726e-02 9.998602615223844969e-01 6.340490186536782390e-03 -2.089610000000000078e-02 4.171142065352546197e-02 -5.690476833762568402e-03 9.991134949846633972e-01 2.739245700000000117e+00
9.987870621458313503e-01 1.295092491085574754e-02 -4.750450540793614562e-02 -6.805577000000000432e-01 -1.281643265958520503e-02 9.999129526935440770e-01 3.134659401048643223e-03 -2.343589999999999909e-02 4.754096700721995028e-02 -2.522018959413470981e-03 9.988661050793479212e-01 2.904126900000000067e+00
9.988508025490718811e-01 1.117469296642105252e-02 -4.660687164121927323e-02 -6.835854999999999571e-01 -1.095728438217061056e-02 9.999278748855573440e-01 4.917615867608713352e-03 -2.417400000000000104e-02 4.665846296271566190e-02 -4.401279809252852358e-03 9.989012046093435071e-01 2.944556700000000138e+00
9.987528303366850491e-01 9.532148578001550104e-03 -4.900940764738491440e-02 -6.873015000000000096e-01 -9.100258097372859734e-03 9.999178368980181641e-01 9.027998435397503393e-03 -2.585770000000000082e-02 4.909143710487448575e-02 -8.570740730837861018e-03 9.987575147183138657e-01 3.021991499999999942e+00
9.985479890191699681e-01 8.700108453438120185e-03 -5.316222097194751167e-02 -6.882947000000000370e-01 -8.248383406098598949e-03 9.999280420718555940e-01 8.710617058017325678e-03 -2.619169999999999832e-02 5.323417884177192999e-02 -8.259466765102920285e-03 9.985478974049258882e-01 3.059155899999999928e+00
9.978490136953783729e-01 7.433956607518028316e-03 -6.513126865276036570e-02 -6.980353999999999726e-01 -6.820614512641680859e-03 9.999303271630233247e-01 9.634315612378952301e-03 -2.905359999999999887e-02 6.519835185670300182e-02 -9.169357055242540952e-03 9.978301948760435192e-01 3.198283899999999846e+00
9.977333475280545372e-01 9.628770962340937878e-03 -6.659920420107946770e-02 -7.007027000000000116e-01 -8.952451676990748342e-03 9.999053621078519694e-01 1.044607279969095824e-02 -2.967109999999999886e-02 6.669348423521929969e-02 -9.826169025621214401e-03 9.977251252538679172e-01 3.228089600000000114e+00
9.995457775392361244e-01 2.520616744252611105e-02 -1.651931373705934833e-02 -7.342343000000000064e-01 -2.496927026625270565e-02 9.995845973969545994e-01 1.439333835977651792e-02 -3.682280000000000275e-02 1.687525246788591435e-02 -1.397432537289447670e-02 9.997599432286320420e-01 3.272656000000000009e+00
9.991207652330273969e-01 2.805731599735270324e-02 -3.115258414954480068e-02 -7.516325999999999841e-01 -2.779470807456596235e-02 9.995746424677671715e-01 8.831100638373966250e-03 -4.146430000000000254e-02 3.138711014444355712e-02 -7.957459045457124236e-03 9.994756265974276133e-01 3.427865300000000115e+00
9.979622986210124891e-01 3.334206996986583543e-02 -5.440180972347911231e-02 -7.386150000000000215e-01 -3.302221338817765833e-02 9.994317015346176891e-01 6.768115732205733440e-03 -3.675849999999999951e-02 5.459655624680658653e-02 -4.957856164053305731e-03 9.984961871275451761e-01 3.501747400000000177e+00
9.992786585389356047e-01 3.304615756945452482e-02 -1.871133502773118795e-02 -7.433526999999999774e-01 -3.284946118987617375e-02 9.994027784191182873e-01 1.072377674522713084e-02 -3.664160000000000333e-02 1.905453983070794916e-02 -1.010138396663737628e-02 9.997674162292939926e-01 3.581850100000000037e+00
8.651542663984291837e-01 1.870609171975671364e-02 5.011568391882603724e-01 -6.964211000000000151e-01 -1.205426255089631603e-02 9.997910589816106919e-01 -1.650857761236703553e-02 -4.234979999999999994e-02 -5.013609379348873407e-01 8.241390234756323235e-03 8.651989883258350833e-01 3.812131899999999796e+00
8.424260427250636063e-01 1.636761107395018344e-02 5.385633331803432178e-01 -6.833860999999999963e-01 -7.453385841240649061e-03 9.997968635991677511e-01 -1.872641387903368343e-02 -4.297600000000000031e-02 -5.387604380224024769e-01 1.176149841640831452e-02 8.423769094514105271e-01 3.825794000000000139e+00
8.191530116150413932e-01 1.661947628750350472e-02 5.733342276281234717e-01 -6.699716000000000005e-01 -5.963954957709602205e-03 9.997728878904132976e-01 -2.045981135116856781e-02 -4.435460000000000097e-02 -5.735440478317861412e-01 1.334037657609798803e-02 8.190660898544985802e-01 3.837438800000000150e+00
6.077021248659894015e-01 2.694020215969697429e-02 7.937079771181315690e-01 -5.917006000000000210e-01 -4.600780299136521603e-03 9.995271159681317075e-01 -3.040357322862320688e-02 -4.742310000000000275e-02 -7.941517236989420470e-01 1.482464003016043669e-02 6.075386981863588609e-01 3.895804899999999904e+00
3.632466576194049446e-01 2.519884851275391857e-02 9.313521803066562299e-01 -5.209091000000000138e-01 -4.800513366550447289e-03 9.996715330090173435e-01 -2.517501068159835181e-02 -4.993609999999999716e-02 -9.316806431389184073e-01 4.673769895095413948e-03 3.632483104918993178e-01 3.928312099999999862e+00
3.158379639169032749e-01 2.952322517487147857e-02 9.483537102390112716e-01 -5.053062999999999860e-01 -4.929696128304661071e-03 9.995533512977712309e-01 -2.947534572277234893e-02 -5.067180000000000295e-02 -9.488003365539597889e-01 4.634337565198605458e-03 3.158424358290448097e-01 3.931266299999999880e+00
2.700089495775813697e-01 3.173069578710802086e-02 9.623348326299308031e-01 -4.889490000000000225e-01 -3.460781567837405148e-03 9.994823723873876853e-01 -3.198453185242694508e-02 -5.135889999999999900e-02 -9.628515929980854260e-01 5.305679197350931381e-03 2.699789984967422285e-01 3.934536700000000220e+00
1.947877932642693433e-01 3.094896668053973010e-02 9.803570151004393773e-01 -4.532441999999999860e-01 1.164709083947421987e-02 9.993586156345181104e-01 -3.386299797768214243e-02 -5.283369999999999733e-02 -9.807762542344778955e-01 1.801440585937573446e-02 1.943023939927668309e-01 3.939246199999999920e+00
1.639347985755560677e-01 3.231743686345367461e-02 9.859416641417323435e-01 -4.344165999999999861e-01 1.589962765224755062e-02 9.992468355283519177e-01 -3.539722485018546860e-02 -5.346510000000000151e-02 -9.863430354884205054e-01 2.147894227263967906e-02 1.632974934967982295e-01 3.941574800000000156e+00
1.364557376855523030e-01 3.072726872402101878e-02 9.901695140779954718e-01 -4.147505000000000219e-01 1.426501181602501424e-02 9.993542666763634008e-01 -3.297816116214849491e-02 -5.433820000000000316e-02 -9.905434574467596454e-01 1.862483912708436107e-02 1.359292988171050265e-01 3.943634299999999815e+00
4.393310398541229456e-02 2.131060389911165753e-02 9.988071588328060191e-01 -3.275504000000000193e-01 1.522637959177183982e-02 9.996420551356025586e-01 -2.199815830464366476e-02 -5.773640000000000022e-02 -9.989184349779185457e-01 1.617466431565292226e-02 4.359289501216589979e-02 3.948994400000000127e+00
2.649173494182734470e-02 2.372451272839126019e-02 9.993674676892242426e-01 -3.038329000000000168e-01 2.035246584824159516e-02 9.994983158661789879e-01 -2.426713239276530321e-02 -5.861940000000000206e-02 -9.994418267781614018e-01 2.098247069513599350e-02 2.599559212365887273e-02 3.949127700000000019e+00
1.206122644303648205e-02 2.909923371696084352e-02 9.995037575786174244e-01 -2.792076000000000002e-01 2.076243135907370266e-02 9.993536753399231420e-01 -2.934540898756247268e-02 -5.928780000000000161e-02 -9.997116825669036810e-01 2.110606978272479284e-02 1.144926013230551654e-02 3.949266000000000165e+00
-7.796689100042461171e-03 3.018129499444918012e-02 9.995140324535399801e-01 -2.002436999999999967e-01 2.611770930357890097e-02 9.992095686168405155e-01 -2.996837074785964339e-02 -6.219210000000000016e-02 -9.996284694324245601e-01 2.587136287491361569e-02 -8.578792641363630622e-03 3.948544000000000054e+00
-7.187267156366905323e-03 2.839167261883570118e-02 9.995710360533304195e-01 -1.722309999999999952e-01 2.808798703445574210e-02 9.992081796089253842e-01 -2.817940359499911118e-02 -6.328380000000000116e-02 -9.995796157261190862e-01 2.787340539873909423e-02 -7.979041064080760748e-03 3.948185899999999915e+00
-5.345972553440295379e-03 2.805888544093758374e-02 9.995919765210554697e-01 -1.436073999999999962e-01 2.672963269434583400e-02 9.992531003316585947e-01 -2.790641886006837644e-02 -6.432839999999999392e-02 -9.996284046151766578e-01 2.656953942733224563e-02 -6.091983349962193373e-03 3.948323999999999945e+00
-3.408969552967067401e-04 2.830814933627962687e-02 9.995991859092426823e-01 1.107469999999999982e-02 2.035832263502093675e-02 9.993922713589376006e-01 -2.829534674663018029e-02 -7.055690000000000572e-02 -9.997926897556083103e-01 2.034051693488964085e-02 -9.169962198416481414e-04 3.949074299999999926e+00
1.569651668313839523e-04 2.723636510469155947e-02 9.996290090717759869e-01 4.429380000000000123e-02 2.116871039803952526e-02 9.994049317544172473e-01 -2.723358377137411607e-02 -7.173010000000000497e-02 -9.997759054218203767e-01 2.116513172253974007e-02 -4.196869633515953879e-04 3.949087599999999920e+00
-7.371389350709420382e-04 2.481766878382182795e-02 9.996917224536405744e-01 7.721719999999999973e-02 2.172336914773541350e-02 9.994564837941646296e-01 -2.479581082916945678e-02 -7.303679999999999894e-02 -9.997637480220322725e-01 2.169839436320705750e-02 -1.275861668490918532e-03 3.949339199999999828e+00
-2.784076752625483115e-03 2.199589339491033260e-02 9.997541845825879125e-01 1.448039000000000132e-01 1.845838225297496624e-02 9.995888590104774485e-01 -2.194085382875523085e-02 -7.574830000000000452e-02 -9.998257533396699426e-01 1.839275987695931577e-02 -3.188940712833487900e-03 3.949384699999999970e+00
-5.006363757759836434e-03 1.790567640587486728e-02 9.998271465980372863e-01 2.136695000000000122e-01 2.224091747555410545e-02 9.995943439434609168e-01 -1.779014182314098483e-02 -7.808320000000000538e-02 -9.997401051832275343e-01 2.214800913603690372e-02 -5.402571567267311359e-03 3.948840899999999987e+00
-7.590753835546587211e-03 2.165543974548644196e-02 9.997366765231919805e-01 2.835850999999999789e-01 1.676683625677029971e-02 9.996276878524394949e-01 -2.152577247683194750e-02 -8.057319999999999760e-02 -9.998306124830077524e-01 1.659902431516047799e-02 -7.951020917965401225e-03 3.948879999999999946e+00
-9.237372675394220356e-03 2.795880096980377094e-02 9.995663941901939964e-01 3.548506000000000160e-01 1.821893722268205090e-02 9.994478207977358641e-01 -2.778711624355342802e-02 -8.323650000000000493e-02 -9.997913488686183126e-01 1.795435743733760081e-02 -9.741651630009617868e-03 3.948009499999999949e+00
-1.230639894243308607e-02 2.166553121249347943e-02 9.996895304555059036e-01 4.268728999999999996e-01 1.184622693150657810e-02 9.996982350857901434e-01 -2.151989019124934954e-02 -8.608509999999999773e-02 -9.998540990827394781e-01 1.157771668493630911e-02 -1.255934010234682763e-02 3.948314199999999996e+00
-1.307858471535993349e-02 1.075574957801989084e-02 9.998566219577975644e-01 4.990042000000000089e-01 6.211509839689196254e-03 9.999237254812325393e-01 -1.067522202318193711e-02 -8.861020000000000008e-02 -9.998951783898923917e-01 6.071002449983799176e-03 -1.314439659694166540e-02 3.947814699999999899e+00
-1.234117252825465451e-02 1.632327463640281459e-02 9.997906011589487996e-01 5.705571999999999866e-01 6.869100149056101175e-03 9.998445371638410295e-01 -1.623936472793251207e-02 -9.123130000000000128e-02 -9.999002504869023422e-01 6.667248965589158728e-03 -1.245138014280988692e-02 3.947580600000000217e+00
-1.081068852834313893e-02 3.287359809035706598e-02 9.994010484095645630e-01 6.409072000000000102e-01 1.074541637452446768e-02 9.994055640514719618e-01 -3.275751165606746035e-02 -9.352240000000000553e-02 -9.998838257720150668e-01 1.038484913481974026e-02 -1.115750276566318533e-02 3.946765399999999868e+00
-8.531803500818576844e-03 1.938953203006631154e-02 9.997756020111104869e-01 7.122762000000000260e-01 1.521353187309046860e-02 9.996987894503210903e-01 -1.925821433853804054e-02 -9.663190000000000668e-02 -9.998478668162321670e-01 1.504581068662118847e-02 -8.824216895140013506e-03 3.946074199999999976e+00
-8.806009143503358561e-03 1.693468470652551017e-02 9.998178187334205713e-01 7.826340999999999992e-01 1.530643471915381360e-02 9.997417269849617760e-01 -1.679858271743252945e-02 -9.935890000000000000e-02 -9.998440714727234724e-01 1.515571770048225464e-02 -9.062944434921282877e-03 3.946047800000000105e+00
-9.757411487822519047e-03 1.798252928616343033e-02 9.997906888751914023e-01 8.171028999999999654e-01 1.251834856031641338e-02 9.997621301810170058e-01 -1.785984337103117825e-02 -1.005333999999999950e-01 -9.998740340014736772e-01 1.234146248981929893e-02 -9.980202063718413008e-03 3.945958899999999936e+00
-1.188372980509236169e-02 1.804559186672756096e-02 9.997665395381558628e-01 8.515251000000000348e-01 1.039636267527701413e-02 9.997853293825390564e-01 -1.792235460457365995e-02 -1.018797000000000036e-01 -9.998753385342813438e-01 1.018095111605353889e-02 -1.206878723521387364e-02 3.945881400000000205e+00
-1.370371127809145648e-02 1.847694490785032478e-02 9.997353703876238340e-01 8.862786000000000275e-01 1.070363861145402426e-02 9.997746787564717463e-01 -1.833095299947742896e-02 -1.030487999999999960e-01 -9.998488087794487056e-01 1.044960402436015748e-02 -1.389839408176274382e-02 3.945361600000000024e+00
-2.050129733874719168e-02 1.791231856531218941e-02 9.996293541363433510e-01 9.891834000000000460e-01 5.376856988123372358e-03 9.998270102785753455e-01 -1.780558694160194744e-02 -1.070654000000000050e-01 -9.997753678783837250e-01 5.009826446140556132e-03 -2.059406280028308611e-02 3.944410599999999878e+00
-2.249154505829567552e-02 1.667187695648320728e-02 9.996080126327711035e-01 1.022950900000000107e+00 5.882785359321063105e-03 9.998458411912872768e-01 -1.654347874249221390e-02 -1.084598999999999980e-01 -9.997297250943910640e-01 5.508390984218368425e-03 -2.258615486217541157e-02 3.943604899999999969e+00
-2.674238862328096392e-02 1.790877951407868554e-02 9.994819259331495509e-01 1.090378400000000081e+00 5.748442350742566376e-03 9.998257335960517578e-01 -1.776113311861821781e-02 -1.108707000000000026e-01 -9.996258300290474796e-01 5.270489107587949563e-03 -2.684067590999139608e-02 3.942387099999999922e+00
-2.795501633349426612e-02 1.829150357504830821e-02 9.994418131931231963e-01 1.123751600000000073e+00 6.352687990159240281e-03 9.998156255882334476e-01 -1.812065630459100407e-02 -1.119881999999999961e-01 -9.995889957462983366e-01 5.842578760566446809e-03 -2.806606235888498002e-02 3.941729299999999991e+00
-3.029947997442739710e-02 1.649252383090239749e-02 9.994047919491710896e-01 1.189330199999999893e+00 8.861002266054046617e-03 9.998290059558273546e-01 -1.623088069770358896e-02 -1.145044999999999952e-01 -9.995015878687336652e-01 8.363940881499488250e-03 -3.044043923484884839e-02 3.939662699999999962e+00
-3.325024348453135825e-02 1.518823191354074648e-02 9.993316461113199711e-01 1.253795400000000004e+00 5.833442661136638806e-03 9.998704421635203898e-01 -1.500232763425184135e-02 -1.169478000000000045e-01 -9.994300336966761567e-01 5.330712810376089621e-03 -3.333453533491481657e-02 3.938297700000000123e+00
-3.482133431883109587e-02 1.361482879040719698e-02 9.993008111240899716e-01 1.315491900000000047e+00 5.171148226821013771e-03 9.998962704791296563e-01 -1.344274927027309247e-02 -1.192802000000000029e-01 -9.993801748595338985e-01 4.699438151000735579e-03 -3.488812661626417011e-02 3.936531800000000025e+00
-3.500402069395264909e-02 1.600361460983098713e-02 9.992590269067761488e-01 1.345507000000000009e+00 5.457378774154469404e-03 9.998599298043611139e-01 -1.582206650641686946e-02 -1.205129000000000061e-01 -9.993722707540831918e-01 4.899499059911580773e-03 -3.508645546060729092e-02 3.935641799999999968e+00
-3.529670497243332650e-02 1.879432960734754229e-02 9.992001380067458971e-01 1.375593199999999960e+00 5.361160706099495077e-03 9.998123250443532450e-01 -1.861646167476159811e-02 -1.216610000000000053e-01 -9.993624970820011999e-01 4.699772762046291151e-03 -3.539084008628157196e-02 3.934784899999999919e+00
-3.553047003679674076e-02 2.060665450111631020e-02 9.991561196776188591e-01 1.405354599999999898e+00 3.409611325037033638e-03 9.997840726220635910e-01 -2.049835802820162284e-02 -1.227565000000000045e-01 -9.993627770982751457e-01 2.678417725408317393e-03 -3.559305871812301625e-02 3.934058900000000136e+00
-3.591112428681011992e-02 2.141488630155267969e-02 9.991255145361611634e-01 1.435071100000000044e+00 4.012282954745500368e-03 9.997654106500627469e-01 -2.128438989500436307e-02 -1.239309999999999995e-01 -9.993469331207996964e-01 3.244427900736339063e-03 -3.598862250279366570e-02 3.933241399999999999e+00
-3.596036240155910113e-02 2.123469088678659605e-02 9.991275895694656795e-01 1.464590999999999976e+00 5.107217013434840747e-03 9.997650756398461791e-01 -2.106442178723077693e-02 -1.251477000000000006e-01 -9.993401666451348087e-01 4.345277182793198800e-03 -3.606036461100303736e-02 3.932272199999999884e+00
-3.670958934077069025e-02 2.050929057277689482e-02 9.991154963519649490e-01 1.552108499999999891e+00 -1.088840547017680058e-03 9.997879641743163681e-01 -2.056310089551170034e-02 -1.289703000000000099e-01 -9.993253826840861054e-01 -1.842740453028781852e-03 -3.667947424551809554e-02 3.930065599999999826e+00
-3.798619422455497968e-02 1.902545581784093401e-02 9.990971329551785463e-01 1.609844000000000053e+00 1.779549976627450847e-03 9.998184406056758178e-01 -1.897153200760087061e-02 -1.309326000000000101e-01 -9.992766795288554604e-01 1.057286980020850226e-03 -3.801315422359485829e-02 3.928211199999999792e+00
-4.157672795993936493e-02 1.818569666508778812e-02 9.989697974057828445e-01 1.638056399999999968e+00 -2.004669767360040683e-03 9.998308092994360186e-01 -1.828480447690267879e-02 -1.321640000000000037e-01 -9.991333029137149380e-01 -2.762826892902017425e-03 -4.153323724790580762e-02 3.927369399999999899e+00
-5.287461737309073068e-02 2.169988894655189987e-02 9.983653588027565640e-01 1.694672900000000038e+00 -2.165145864365067632e-03 9.997590283101631670e-01 -2.184484963794418311e-02 -1.342482999999999871e-01 -9.985988118263688929e-01 -3.316644693916126485e-03 -5.281489266238303948e-02 3.924829499999999971e+00
-6.662224308743500134e-02 2.592594669735982099e-02 9.974413877586213450e-01 1.751128699999999982e+00 -6.785601300379664330e-04 9.996609588734359786e-01 -2.602896195380251937e-02 -1.366006999999999916e-01 -9.977780395870360364e-01 -2.410931788382567401e-03 -6.658206309332204142e-02 3.921115400000000140e+00
-7.836424928487144281e-02 2.395653073843394959e-02 9.966369093451222794e-01 1.808417399999999953e+00 -4.764762908177786957e-03 9.996908088210993970e-01 -2.440458549217722900e-02 -1.390017000000000058e-01 -9.969134072066879737e-01 -6.661185599771515461e-03 -7.822587256118029853e-02 3.917056800000000116e+00
-8.702866263688981141e-02 2.410905660596254427e-02 9.959140350799381425e-01 1.866993799999999926e+00 -8.958915947137050667e-03 9.996477486275625601e-01 -2.498232352880087534e-02 -1.411109999999999864e-01 -9.961655232463558773e-01 -1.109648833712892010e-02 -8.678201565933696404e-02 3.912508499999999945e+00
-9.178131438383546614e-02 1.751063861057994275e-02 9.956252145588847524e-01 1.927307199999999998e+00 -6.874444067865520883e-03 9.998104059322241444e-01 -1.821796389278820469e-02 -1.433777999999999997e-01 -9.957554581064235188e-01 -8.516438521519020116e-03 -9.164353728537455446e-02 3.907355799999999935e+00
-9.449038545684117218e-02 1.440043121640574228e-02 9.954216165208583655e-01 1.988246100000000016e+00 -8.020847490302161070e-03 9.998519079971506240e-01 -1.522590161516410197e-02 -1.454223000000000043e-01 -9.954934620889052121e-01 -9.422826287208646220e-03 -9.436088852382751302e-02 3.901857600000000037e+00
-9.527688982291170061e-02 2.198685707367462744e-02 9.952079643881950322e-01 2.050142999999999827e+00 -6.085875190978747712e-04 9.997545716120324055e-01 -2.214556754913032249e-02 -1.475812999999999986e-01 -9.954506235303208772e-01 -2.715631945477791145e-03 -9.524012524263270052e-02 3.895909500000000136e+00
-9.581004254100043693e-02 2.641514589544440017e-02 9.950490821138491260e-01 2.081371299999999813e+00 6.408373249095766777e-03 9.996434778094223095e-01 -2.592006993399735559e-02 -1.488471000000000100e-01 -9.953790074642883123e-01 3.893242916313693208e-03 -9.594516224908167246e-02 3.892517999999999923e+00
-9.718819784105120485e-02 2.561580412078654986e-02 9.949363219722426877e-01 2.144956800000000108e+00 4.882795858007799028e-03 9.996689732228061231e-01 -2.526068645681513181e-02 -1.510923999999999878e-01 -9.952540442043014135e-01 2.403030358941866257e-03 -9.728110268739909028e-02 3.886738300000000201e+00
-9.817312482660300876e-02 1.814781818612060116e-02 9.950038664532235844e-01 2.240126099999999898e+00 8.049588166569209696e-03 9.998154845969589033e-01 -1.744135575283232292e-02 -1.550534000000000079e-01 -9.951367954668993709e-01 6.297098953624482437e-03 -9.830109283542787235e-02 3.877489600000000092e+00
-9.999611263285172746e-02 1.901707352435705323e-02 9.948060757619482386e-01 2.271261200000000091e+00 6.398870239432015092e-03 9.998089476286337041e-01 -1.846950734001671576e-02 -1.561938999999999966e-01 -9.949672516811679523e-01 4.518756055953685770e-03 -1.000986959242219365e-01 3.874629999999999797e+00
-1.025646186062528359e-01 1.972805508689227938e-02 9.945306947765075734e-01 2.302536200000000033e+00 5.425460143694983001e-03 9.997995368647688563e-01 -1.927305028330315514e-02 -1.573149000000000075e-01 -9.947115478330306182e-01 3.419053594505106625e-03 -1.026510919578298431e-01 3.871740299999999912e+00
-1.044392999390561377e-01 1.989635132134951606e-02 9.943322220627957009e-01 2.333695699999999817e+00 6.616501762360533535e-03 9.997916390053198654e-01 -1.931063125547448703e-02 -1.585158000000000122e-01 -9.945092531156600746e-01 4.562212089947336423e-03 -1.045491831062194121e-01 3.868391299999999866e+00
-1.122916794500723875e-01 2.250498517755939593e-02 9.934204066599600091e-01 2.492171799999999937e+00 4.429861575660597531e-03 9.997448990984683093e-01 -2.214752927560951351e-02 -1.641440000000000121e-01 -9.936654140366881771e-01 1.913731629912247476e-03 -1.123627277105090361e-01 3.851798500000000125e+00
-1.138347131823191083e-01 2.259865669054846732e-02 9.932426484955635404e-01 2.524169199999999780e+00 3.728225977087362350e-03 9.997439420773216456e-01 -2.231928786410681750e-02 -1.652576000000000045e-01 -9.934927067702926662e-01 1.162323311227991124e-03 -1.138898178010538942e-01 3.848484800000000039e+00
-1.150449210858281723e-01 2.081280185079877054e-02 9.931422322162494210e-01 2.556733100000000203e+00 4.006361397067342497e-03 9.997820746740961884e-01 -2.048785563977009033e-02 -1.664161999999999864e-01 -9.933522110514031445e-01 1.621862965653282987e-03 -1.151032334898067777e-01 3.844955199999999795e+00
-1.160162225237091893e-01 1.855184011868458646e-02 9.930740482660598278e-01 2.589319000000000148e+00 1.568301645473467454e-03 9.998277267525228496e-01 -1.849478972119348100e-02 -1.674574000000000062e-01 -9.932460805567160378e-01 -5.882559758505281899e-04 -1.160253309136797251e-01 3.841356999999999911e+00
-1.180968151322641518e-01 1.659424903814273738e-02 9.928634211987449332e-01 2.622447699999999937e+00 -1.229428718510513531e-03 9.998571485181301233e-01 -1.685737411995464827e-02 -1.684988000000000041e-01 -9.930013246520078551e-01 -3.211456998640033200e-03 -1.180595433808887540e-01 3.837962200000000212e+00
-1.219141892078121348e-01 1.653046504638689546e-02 9.924029797391540342e-01 2.688962899999999934e+00 1.240583581537991337e-03 9.998630577330147595e-01 -1.650232508355220507e-02 -1.707741000000000120e-01 -9.925398689333233548e-01 -7.807087396712372035e-04 -1.219180014258960387e-01 3.829906900000000114e+00
-1.257274546108938240e-01 2.131276906625337308e-02 9.918358599243095597e-01 2.755589699999999809e+00 2.364400521817074802e-03 9.997728064831745698e-01 -2.118360278444721134e-02 -1.730880999999999947e-01 -9.920620024813158189e-01 -3.182632328148620598e-04 -1.257492820706208603e-01 3.821789299999999834e+00
-1.261429734506455957e-01 2.526984118002031932e-02 9.916901660174742839e-01 2.789493300000000175e+00 4.219666280393693028e-03 9.996801266303959599e-01 -2.493669658791258098e-02 -1.743197999999999970e-01 -9.920030971047980595e-01 1.039012498506094659e-03 -1.262092539694142923e-01 3.817471299999999790e+00
-1.269454208129432160e-01 3.023747409127747199e-02 9.914487154135627200e-01 2.857979100000000106e+00 7.705046059821141213e-03 9.995351556619120892e-01 -2.949753991662783237e-02 -1.770683999999999869e-01 -9.918797771906837646e-01 3.894580400549090340e-03 -1.271193920834381430e-01 3.808756100000000089e+00
-1.261225536610101339e-01 2.960679220576817317e-02 9.915727604736378487e-01 2.892381400000000102e+00 1.125593051874104918e-02 9.995328999615776810e-01 -2.841277745233684177e-02 -1.785732999999999904e-01 -9.919508079971420811e-01 7.577582047276832863e-03 -1.263968938073001258e-01 3.803930300000000209e+00
-1.260190032176284891e-01 2.736462884201610810e-02 9.916503355096362160e-01 2.927206500000000045e+00 1.154524591318827412e-02 9.995922317212458941e-01 -2.611661500545159331e-02 -1.802114999999999967e-01 -9.919606434354335533e-01 8.157657192948837913e-03 -1.262835480349003836e-01 3.799600600000000217e+00
-1.240181350423303075e-01 2.330134301815577069e-02 9.920063253801221226e-01 2.997928899999999786e+00 9.809733150965976867e-03 9.997041811504175923e-01 -2.225577061977380630e-02 -1.829368000000000105e-01 -9.922314605555144773e-01 6.971198169855094030e-03 -1.242100280973619242e-01 3.791260499999999922e+00
-1.222671424678094254e-01 2.015620650992006047e-02 9.922925340905701663e-01 3.033333100000000115e+00 1.015752149946810672e-02 9.997668110060249358e-01 -1.905645213126273829e-02 -1.841417999999999944e-01 -9.924452481773207158e-01 7.749254801122564679e-03 -1.224433682168333259e-01 3.787030199999999791e+00
-1.205885661398901909e-01 1.676540478813684856e-02 9.925609900246007422e-01 3.068605400000000039e+00 1.055483866095605419e-02 9.998225125750342945e-01 -1.560572744176256556e-02 -1.854177999999999937e-01 -9.926464592679343779e-01 8.594448815096389013e-03 -1.207441193284300995e-01 3.782853799999999822e+00
-1.191827318005415914e-01 1.663547680961439262e-02 9.927329637681406860e-01 3.104108800000000112e+00 8.866834692914054780e-03 9.998375880469579924e-01 -1.569002138207280933e-02 -1.866859999999999908e-01 -9.928327430554898525e-01 6.932419473614392057e-03 -1.193108791232097010e-01 3.779001500000000124e+00
-1.176321109098658751e-01 2.070435587307079342e-02 9.928413851823310043e-01 3.139340400000000031e+00 9.996069094877838013e-03 9.997566687691773479e-01 -1.966422778060974291e-02 -1.880917000000000006e-01 -9.930069310360019053e-01 7.611366463291251334e-03 -1.178104495154060904e-01 3.775025100000000133e+00
-1.159178876062261637e-01 2.708509511940639103e-02 9.928894404490781200e-01 3.174609199999999909e+00 1.071251625109922133e-02 9.996040848905187737e-01 -2.601759915439141174e-02 -1.893063000000000107e-01 -9.932010296654351089e-01 7.620439131792977258e-03 -1.161621434846928924e-01 3.770978899999999800e+00
