9.996806989515402142e-01 2.247898922196877800e-03 -2.516837488189366256e-02 -3.240586999999999773e-01 -2.188943757862361027e-03 9.999947964251669763e-01 2.369735810954987608e-03 2.121150000000000119e-02 2.517357084294687825e-02 -2.313886994732715710e-03 9.996804175625281230e-01 -2.545785999999999882e-01
9.994637096017358058e-01 -4.171086886699594022e-03 -3.247915059420029144e-02 -3.263224000000000125e-01 4.062997816460948812e-03 9.999859888850253231e-01 -3.393240690152837715e-03 1.863909999999999872e-02 3.249284902683314408e-02 3.259458209806967172e-03 9.994666531177005542e-01 -1.745231999999999895e-01
9.994305850976316075e-01 -3.911117466476414332e-03 -3.351430637159719117e-02 -3.274417000000000022e-01 3.819374593457609823e-03 9.999887833054026398e-01 -2.801007157332883156e-03 1.946720000000000048e-02 3.352488551987474474e-02 2.671408531842824237e-03 9.994343128126706999e-01 -1.515842000000000023e-01
9.993454512356440000e-01 -3.807885903492310049e-03 -3.597456183990269812e-02 -3.290449999999999764e-01 3.598070437765110707e-03 9.999761495554073676e-01 -5.895270092749563436e-03 1.752070000000000016e-02 3.599615234649224810e-02 5.761972343527102351e-03 9.993353174440301467e-01 -1.102013000000000020e-01
9.993069528647595678e-01 -2.073985121643304348e-03 -3.716601326298416691e-02 -3.301509000000000249e-01 1.708513808950610537e-03 9.999499043339515891e-01 -9.862545466842773112e-03 1.714850000000000055e-02 3.718460617935515772e-02 9.792211611077350497e-03 9.992604353495889713e-01 -8.826699999999999824e-02
9.992121652570921109e-01 1.068822925996992064e-03 -3.967248945788942605e-02 -3.322237000000000107e-01 -1.603389975192204319e-03 9.999083245909826667e-01 -1.344513124671482297e-02 1.646759999999999891e-02 3.965448200167211168e-02 1.349814917708340271e-02 9.991222758131119708e-01 -4.283399999999999708e-02
9.991291244970148533e-01 5.121826798269529801e-03 -4.140965433419067226e-02 -3.346816000000000235e-01 -4.956757896612528150e-03 9.999793594633732408e-01 4.087933264634762212e-03 1.559020000000000024e-02 4.142973730284802564e-02 -3.879115552579758680e-03 9.991338895911532347e-01 4.978699999999999966e-03
9.989812792465982971e-01 1.018677143298116032e-02 -4.396172656530063227e-02 -3.382124000000000241e-01 -1.008924967006355998e-02 9.999461261308402182e-01 2.439646904952488989e-03 1.569900000000000115e-02 4.398421030239355045e-02 -1.993620750775057342e-03 9.990302371401863502e-01 8.025830000000000464e-02
9.989203764267894359e-01 9.784934706798760484e-03 -4.541295643475444510e-02 -3.392307999999999990e-01 -9.956898570046217312e-03 9.999440845735905192e-01 -3.562007460670284318e-03 1.578059999999999879e-02 4.537556313950309728e-02 4.010334034434570594e-03 9.989619489703825961e-01 1.064529000000000031e-01
9.988866290403449755e-01 7.567679751895228270e-03 -4.656428403389251819e-02 -3.404571000000000125e-01 -7.671267390583133387e-03 9.999684816290497213e-01 -2.046315008725969539e-03 1.584719999999999879e-02 4.654733054685777222e-02 2.401243774695998277e-03 9.989131994559367067e-01 1.331893000000000105e-01
9.988490704782654328e-01 5.587523292800864773e-03 -4.763731718052105490e-02 -3.456247000000000069e-01 -4.773516738094062649e-03 9.998409448077598682e-01 1.718425511557600607e-02 1.503140000000000032e-02 4.772575764360681427e-02 -1.693707971813536092e-02 9.987168704833043753e-01 2.178332000000000046e-01
9.988805949026109410e-01 5.266738062686444552e-03 -4.700870767405947170e-02 -3.501388999999999752e-01 -4.793117328038913258e-03 9.999366722837076393e-01 1.018221235610002919e-02 1.581170000000000145e-02 4.705935776533484716e-02 -9.945496084364660941e-03 9.988425821691574447e-01 3.082578999999999736e-01
9.989370671253841039e-01 2.205975223199180268e-03 -4.604204161687994179e-02 -3.502346000000000070e-01 -1.986898291815753816e-03 9.999864896249446300e-01 4.803415738684483488e-03 1.575889999999999930e-02 4.605201578773564230e-02 -4.706829176345099161e-03 9.989279541593532041e-01 3.376623999999999737e-01
9.989618743331240003e-01 -9.659519030597821677e-04 -4.554383125926881465e-02 -3.511483000000000243e-01 8.943645723542457352e-04 9.999983325288528402e-01 -1.592184513725036213e-03 1.560139999999999964e-02 4.554529328990531561e-02 1.549798836947366030e-03 9.989610725061820462e-01 3.696570000000000134e-01
9.990189650052634374e-01 1.039025209325222148e-03 -4.427220331569974021e-02 -3.542658000000000196e-01 -1.389959651521491995e-03 9.999678545655447115e-01 -7.896698534758557486e-03 1.495819999999999962e-02 4.426257529764181242e-02 7.950488173445853513e-03 9.989882953097221074e-01 4.347118999999999844e-01
9.989783095364206389e-01 5.787120153756901073e-03 -4.482015524383496652e-02 -3.589065000000000172e-01 -6.275218579254622508e-03 9.999224499701441227e-01 -1.075712217497151908e-02 1.301869999999999937e-02 4.475442668092245724e-02 1.102738799674098276e-02 9.989371541825998735e-01 5.367056000000000049e-01
9.989402580330619674e-01 9.520143585139502831e-03 -4.503029809981180798e-02 -3.607056000000000151e-01 -1.005512076277604271e-02 9.998813594578765951e-01 -1.166882835225610884e-02 1.248229999999999999e-02 4.491386675944944451e-02 1.210924749052363913e-02 9.989174694127276322e-01 5.712361000000000244e-01
9.988621858774089368e-01 1.312510348830511764e-02 -4.584828549276096649e-02 -3.676211999999999813e-01 -1.361929442617119609e-02 9.998522985466193891e-01 -1.048312502907306799e-02 8.819799999999999168e-03 4.570392153347125480e-02 1.109561848042716660e-02 9.988934071296091677e-01 7.142889999999999517e-01
9.988408105948179960e-01 1.403132574618522893e-02 -4.604516248305925985e-02 -3.695168999999999815e-01 -1.444053945232889533e-02 9.998590318089247697e-01 -8.566640557721256696e-03 8.000900000000000026e-03 4.591847025558039308e-02 9.221627184174257044e-03 9.989026257255826380e-01 7.507918000000000092e-01
9.988203761449911955e-01 1.456730448358778580e-02 -4.632115971843520086e-02 -3.714060000000000139e-01 -1.492217804281684330e-02 9.998618299045626268e-01 -7.324595712934951243e-03 7.056999999999999905e-03 4.620805990340662306e-02 8.007168037571923275e-03 9.988997449494024794e-01 7.876594000000000095e-01
9.987652008647581736e-01 1.533802974045702337e-02 -4.725270770294669881e-02 -3.769925000000000082e-01 -1.575166811319149082e-02 9.998407015336076009e-01 -8.393837527327212625e-03 4.549499999999999725e-03 4.711643548944603049e-02 9.127781793193573065e-03 9.988476986539562841e-01 8.990833000000000297e-01
9.987205919863759718e-01 1.506146107853385298e-02 -4.827350756432150641e-02 -3.808259999999999978e-01 -1.516604849575910706e-02 9.998833668869369085e-01 -1.800998575083742614e-03 2.879899999999999908e-03 4.824075160491467923e-02 2.530812719855148919e-03 9.988325309437864341e-01 9.751461000000000157e-01
9.986801422340843004e-01 1.529694726719310616e-02 -4.903036723923042545e-02 -3.827807999999999766e-01 -1.528255635012710709e-02 9.998829915116436151e-01 6.683989314551954785e-04 2.174999999999999850e-03 4.903485473328412364e-02 8.179261026618032818e-05 9.987970646388857343e-01 1.013426699999999903e+00
9.985759435442639331e-01 1.493203740641853641e-02 -5.121639614006781582e-02 -3.912138000000000004e-01 -1.492132904025371409e-02 9.998884958437012083e-01 5.914550644502412132e-04 -3.036000000000000070e-04 5.121951692817414137e-02 1.736039000144991100e-04 9.986874040195612423e-01 1.167951100000000020e+00
9.985198226807426858e-01 1.514956350739284259e-02 -5.223652399570193755e-02 -3.935237999999999792e-01 -1.504364115328617711e-02 9.998839086352083738e-01 2.420353947127825041e-03 -7.998000000000000335e-04 5.226712709217169045e-02 -1.630943872024348930e-03 9.986318077487903455e-01 1.206635099999999960e+00
9.984476560376693843e-01 1.649667548604853012e-02 -5.319903994238795591e-02 -3.980000000000000204e-01 -1.625772376299831207e-02 9.998557231322592331e-01 4.921314632580107637e-03 -2.150099999999999841e-03 5.327254988199667946e-02 -4.048779763683434813e-03 9.985718015303132189e-01 1.284174399999999938e+00
9.983753395461919533e-01 1.887411625908422264e-02 -5.376289725698004535e-02 -4.026229000000000058e-01 -1.906001219697072563e-02 9.998139981961015055e-01 -2.947023273966036059e-03 -3.307500000000000110e-03 5.369727480121638113e-02 3.966956839258895667e-03 9.985493808181737929e-01 1.361233600000000044e+00
9.983714375801464591e-01 1.969255124671058857e-02 -5.354134897018779371e-02 -4.073016999999999888e-01 -1.972818780985594392e-02 9.998053709639185271e-01 -1.371037576515219975e-04 -4.975499999999999888e-03 5.352822834627354864e-02 1.193154263701091651e-03 9.985656238590492340e-01 1.438452199999999959e+00
9.983942419560092318e-01 1.894554873646561721e-02 -5.338542696429488671e-02 -4.118829999999999991e-01 -1.880365471783373293e-02 9.998182051566278927e-01 3.158988229112011208e-03 -6.131000000000000165e-03 5.343557053441411880e-02 -2.150074522751509697e-03 9.985689845880495463e-01 1.515705300000000033e+00
9.983992118063023113e-01 1.886279352673830151e-02 -5.332174870465134636e-02 -4.140679999999999916e-01 -1.877052444322627883e-02 9.998213296633704505e-01 2.230731336661494375e-03 -6.795299999999999778e-03 5.335429951447766966e-02 -1.226283220858228077e-03 9.985748920099992709e-01 1.554225399999999979e+00
9.984875605498952922e-01 1.488776109579168817e-02 -5.292396429476911579e-02 -4.229769999999999919e-01 -1.533014412214139983e-02 9.998507797586863033e-01 -7.962719205231165442e-03 -9.403500000000000400e-03 5.279751990684541929e-02 8.762008074728943469e-03 9.985667975184157052e-01 1.707845199999999952e+00
9.985597877226153329e-01 1.158003966846674233e-02 -5.238561849059508724e-02 -4.272810000000000219e-01 -1.197330968498428079e-02 9.999023979557106756e-01 -7.199612323382226578e-03 -1.138800000000000055e-02 5.229713375083669402e-02 7.816472586549015611e-03 9.986009776471034272e-01 1.785137900000000055e+00
9.985997602783005522e-01 9.309297263983730072e-03 -5.207548133787569949e-02 -4.315299000000000218e-01 -9.081017107771051020e-03 9.999481007687742729e-01 4.618538427876785375e-03 -1.290559999999999971e-02 5.211577400757878148e-02 -4.139173029989216303e-03 9.986324716061554252e-01 1.862777799999999928e+00
9.986443780788735181e-01 4.116484497844286744e-03 -5.188892643752544137e-02 -4.354089999999999905e-01 -4.002757870644416821e-03 9.999893543363936876e-01 2.295461459363196729e-03 -1.408150000000000027e-02 5.189782327698256453e-02 -2.084650872792688774e-03 9.986502241374852762e-01 1.940244000000000080e+00
9.986046901046874424e-01 4.317268097367753590e-03 -5.263111339404329125e-02 -4.393412999999999902e-01 -4.583197304919309212e-03 9.999773293854634648e-01 -4.933053575684047051e-03 -1.523429999999999923e-02 5.260862289953399662e-02 5.167389214278270138e-03 9.986018380141921114e-01 2.017914300000000161e+00
9.986170772760138981e-01 4.740559554831183693e-03 -5.235895403671451259e-02 -4.418595000000000161e-01 -5.245070254010521064e-03 9.999410949559413009e-01 -9.502413185273443641e-03 -1.597519999999999843e-02 5.231082307460071384e-02 9.763898474495900925e-03 9.985831182609876677e-01 2.057064099999999840e+00
9.986302702016631727e-01 1.160572034962206907e-02 -5.101853282993875499e-02 -4.465205999999999897e-01 -1.193888902504596471e-02 9.999093181439487887e-01 -6.230442821414034112e-03 -1.793700000000000155e-02 5.094159759764909506e-02 6.831013399902012041e-03 9.986782719625623139e-01 2.134695100000000068e+00
9.986256084225101359e-01 1.281686993927155273e-02 -5.081950459942715520e-02 -4.508751999999999760e-01 -1.300300957315391089e-02 9.999098996254914828e-01 -3.333822577767904440e-03 -1.973950000000000010e-02 5.077219657265055058e-02 3.990047104905465429e-03 9.987022897637156671e-01 2.212760700000000025e+00
9.986493731083325720e-01 1.106623524238586030e-02 -5.076384567676599929e-02 -4.529816999999999871e-01 -1.121421464141407649e-02 9.999336570163490645e-01 -2.631151057365335114e-03 -2.046059999999999893e-02 5.073136091522314345e-02 3.196874015434092529e-03 9.987072188665799821e-01 2.251677499999999998e+00
9.986108309392477400e-01 7.647580017863266598e-03 -5.213370167843039277e-02 -4.596239999999999770e-01 -7.519138281754065255e-03 9.999681945958061036e-01 2.659390212790543623e-03 -2.284119999999999900e-02 5.215238144442743001e-02 -2.263695358126635148e-03 9.986365729298124494e-01 2.368402500000000188e+00
9.985846635864844556e-01 6.872126560004888918e-03 -5.273939254874764754e-02 -4.617742000000000235e-01 -6.814626744064751496e-03 9.999759736765274631e-01 1.270012606192690496e-03 -2.351359999999999909e-02 5.274685310240508768e-02 -9.088158361770972814e-04 9.986075022457868711e-01 2.407143099999999869e+00
9.983546718012388244e-01 1.259410715207755389e-02 -5.594048406728928391e-02 -4.734837000000000073e-01 -1.230556081617108048e-02 9.999091597897665773e-01 5.499576485742047223e-03 -2.734829999999999900e-02 5.600466467750853106e-02 -4.802148848692734152e-03 9.984189586044501796e-01 2.598563400000000190e+00
9.982126963346567017e-01 1.260463254094512479e-02 -5.841691634109159870e-02 -4.831983999999999724e-01 -1.244694254820624506e-02 9.999178440295070081e-01 3.062484707578718574e-03 -2.979530000000000026e-02 5.845071853703767695e-02 -2.329899115894868214e-03 9.982875763389092993e-01 2.747403900000000121e+00
9.981350031283486857e-01 9.386242360867162043e-03 -6.031926710690740934e-02 -4.877955999999999959e-01 -9.091080407019114240e-03 9.999453313423645184e-01 5.165905887826612725e-03 -3.115789999999999879e-02 6.036445797822169446e-02 -4.607904182145213315e-03 9.981657675116111239e-01 2.819769400000000203e+00
9.980371435465631436e-01 8.014828780820293722e-03 -6.210976268696573321e-02 -4.922397000000000022e-01 -7.451016833410577071e-03 9.999289566534745877e-01 9.303977323820884771e-03 -3.265300000000000147e-02 6.217991998680361121e-02 -8.822934064588474484e-03 9.980259582720916178e-01 2.889582199999999990e+00
9.974122527993848353e-01 5.083728875130456848e-03 -7.171438953501690916e-02 -4.991112999999999800e-01 -4.503984072169321673e-03 9.999558786622009254e-01 8.243473562971167373e-03 -3.447950000000000320e-02 7.175313298479463198e-02 -7.899141069124180486e-03 9.973911426703349070e-01 2.988251399999999780e+00
9.971847016633588190e-01 5.225258217519133767e-03 -7.480218877224328877e-02 -5.017479999999999718e-01 -4.620923914738075088e-03 9.999552921734011779e-01 8.249891913358462295e-03 -3.485320000000000085e-02 7.484195234447235667e-02 -7.881010783404902506e-03 9.971642652232879378e-01 3.019712000000000174e+00
9.961740846961438800e-01 1.073664689259540631e-02 -8.672898819485737321e-02 -5.124661999999999829e-01 -9.664222303457595947e-03 9.998716842297488139e-01 1.277567543556605567e-02 -3.671510000000000051e-02 8.685502741390012382e-02 -1.188862856133097307e-02 9.961500211935255811e-01 3.135573599999999850e+00
9.959523740550946247e-01 1.278739267805098848e-02 -8.896825952281144090e-02 -5.151677999999999535e-01 -1.166973947005680440e-02 9.998464682635809231e-01 1.307123106463790527e-02 -3.698150000000000048e-02 8.912174703584978264e-02 -1.198008720091321352e-02 9.959486892987693407e-01 3.161942199999999925e+00
9.948498379564775229e-01 2.013734832985269660e-02 -9.933925266586517144e-02 -5.248249000000000386e-01 -2.003082707627307571e-02 9.997972206493536129e-01 2.069673517292148959e-03 -3.867679999999999729e-02 9.936078645326267000e-02 -6.916697126476203938e-05 9.950514706945159382e-01 3.257636499999999824e+00
9.947365979690563353e-01 2.457495282847284995e-02 -9.947448092061748903e-02 -5.295172000000000212e-01 -2.452510708861635469e-02 9.996977276345331287e-01 1.724089511258551383e-03 -3.959420000000000300e-02 9.948678195237727062e-02 7.246073621392043083e-04 9.950386199343876914e-01 3.299563899999999883e+00
9.953598356654617119e-01 3.108269530650404483e-02 -9.106406314517331846e-02 -5.342126000000000374e-01 -3.080851642023807457e-02 9.995155527609176360e-01 4.415326151148546603e-03 -4.030609999999999749e-02 9.115718764863800505e-02 -1.589289627514964276e-03 9.958352480699158571e-01 3.337787599999999966e+00
9.994542624636465478e-01 2.900507827852935247e-02 -1.580767779608138399e-02 -5.384541999999999939e-01 -2.891036235706267651e-02 9.995628557894693511e-01 6.187751965270064415e-03 -4.236159999999999926e-02 1.598024379137167814e-02 -5.727369383648564689e-03 9.998559041423477067e-01 3.435985599999999973e+00
9.607403921648618450e-01 1.205878636797734493e-02 2.771867322478456241e-01 -5.158350999999999908e-01 -8.220307207507979164e-03 9.998536138494218406e-01 -1.500591289010285399e-02 -4.574829999999999869e-02 -2.773271090469187072e-01 1.213822654190662050e-02 9.606988800056424083e-01 3.555840700000000076e+00
7.413932072182969346e-01 3.067856025001606743e-02 6.703692551359686780e-01 -4.509862000000000037e-01 -1.147209949778327590e-02 9.993879189159765586e-01 -3.304812336436803444e-02 -4.993700000000000222e-02 -6.709728036393728390e-01 1.681111137848005643e-02 7.412913619559721168e-01 3.647021300000000021e+00
7.028791935109413025e-01 3.091217898156056743e-02 7.106372327144283574e-01 -4.409426000000000179e-01 -8.745469407609484866e-03 9.993552925749288329e-01 -3.482119996954172181e-02 -5.024250000000000244e-02 -7.112554787797766842e-01 1.826024077306240279e-02 7.026963835915626122e-01 3.654132800000000181e+00
6.199976721333861907e-01 2.654333622300633633e-02 7.841545369704457924e-01 -4.187132000000000076e-01 -3.749603341324113728e-03 9.995164179896594003e-01 -3.086860288226865590e-02 -5.139459999999999862e-02 -7.845946896480785471e-01 1.619819345707765312e-02 6.197973793948812204e-01 3.669057099999999849e+00
3.760436603397312449e-01 2.399753249468445163e-02 9.262911442696962760e-01 -3.518727999999999856e-01 -4.287480477722562661e-03 9.996989410507109985e-01 -2.415874113525219927e-02 -5.457979999999999776e-02 -9.265920262064907265e-01 5.113286247956653346e-03 3.760333379825470113e-01 3.701309399999999972e+00
3.263383520657601178e-01 2.900344969259178660e-02 9.448079592578235708e-01 -3.368058999999999914e-01 -4.377262059767832864e-03 9.995648092900870640e-01 -2.917244600186966880e-02 -5.513959999999999695e-02 -9.452428891813278167e-01 5.384415920151571291e-03 3.263232883465945200e-01 3.705016099999999923e+00
2.799832230547085188e-01 3.122347934359172641e-02 9.594969979867459253e-01 -3.218957000000000068e-01 -3.029560346567563428e-03 9.994947057345521246e-01 -3.164103305373834607e-02 -5.570800000000000057e-02 -9.600001127979119753e-01 5.952104357414961938e-03 2.799363425525785987e-01 3.708304399999999834e+00
2.044025533511676096e-01 3.032186148173429338e-02 9.784171814209957629e-01 -2.899090999999999752e-01 1.231883105666634406e-02 9.993613031662430535e-01 -3.354447995223264201e-02 -5.703249999999999986e-02 -9.788094005397171005e-01 1.890953331393831552e-02 2.038984721986132342e-01 3.712877499999999831e+00
1.461375090760181350e-01 3.031313021793040699e-02 9.887997484715739249e-01 -2.554409000000000263e-01 1.461975658865291919e-02 9.993550881866580804e-01 -3.279741503114798340e-02 -5.828429999999999722e-02 -9.891562521454057011e-01 1.924894417435996444e-02 1.456000926848163290e-01 3.717114700000000216e+00
1.207103276166416189e-01 2.701773709463337753e-02 9.923200384397005136e-01 -2.358969999999999956e-01 8.357983278067401822e-03 9.995664625806144343e-01 -2.823173745274320384e-02 -5.899469999999999714e-02 -9.926525882312536853e-01 1.170165656487786449e-02 1.204321813778653771e-01 3.719295300000000193e+00
9.664861742464016248e-02 2.309870387478445489e-02 9.950504985322154994e-01 -2.167308000000000012e-01 3.895139926326965374e-03 9.997142399593116346e-01 -2.358529854655467412e-02 -5.971810000000000312e-02 -9.953109426881932009e-01 6.155347421616269923e-03 9.653102642808331080e-02 3.721174200000000098e+00
7.395702494954911610e-02 2.055842986105894249e-02 9.970495019918818036e-01 -1.964866000000000112e-01 7.935536771707453127e-03 9.997437054960550684e-01 -2.120260779154490779e-02 -6.059169999999999834e-02 -9.972298560095141928e-01 9.480204779703970547e-03 7.377492799439544502e-02 3.722175599999999918e+00
5.414986461860522154e-02 2.089131866808644281e-02 9.983142516092291530e-01 -1.759760999999999964e-01 1.577098279426796326e-02 9.996385089518822209e-01 -2.177446950354200439e-02 -6.147310000000000274e-02 -9.984082673252909768e-01 1.692348146116039870e-02 5.380081330002484119e-02 3.722338000000000147e+00
3.673762009294943842e-02 2.317707137202590709e-02 9.990561398802981774e-01 -1.543345999999999885e-01 2.091832930191921472e-02 9.994941280981011200e-01 -2.395644791351889125e-02 -6.229649999999999771e-02 -9.991059857538249211e-01 2.177868820734372990e-02 3.623420995198767258e-02 3.722409999999999997e+00
2.264065722932829920e-03 2.987003032045357567e-02 9.995512269489029711e-01 -6.080490000000000200e-02 2.686914767474992208e-02 9.991910902236741387e-01 -2.992012902475468458e-02 -6.528910000000000269e-02 -9.996363953506467448e-01 2.692483066391821930e-02 1.459652042305803477e-03 3.722677500000000084e+00
2.963039195038266998e-03 2.811424767484527187e-02 9.996003248680974673e-01 -3.537889999999999785e-02 2.867289715388757904e-02 9.991913312414800741e-01 -2.818773741685371217e-02 -6.627030000000000420e-02 -9.995844563455010823e-01 2.874495868072115060e-02 2.154526145671242787e-03 3.722405399999999975e+00
4.929723589654206109e-03 2.771637460645649115e-02 9.996036716639269404e-01 -9.972999999999999227e-03 2.751542211037505403e-02 9.992335738771562781e-01 -2.784180997660567342e-02 -6.727420000000000622e-02 -9.996092233325066800e-01 2.764176939633404551e-02 4.163317574050751091e-03 3.722720100000000087e+00
9.357024127286183574e-03 2.950106006790119764e-02 9.995209520336987286e-01 1.004940000000000000e-01 2.207125025504310875e-02 9.993151027564332045e-01 -2.970160458760778138e-02 -7.175860000000000571e-02 -9.997126117098156239e-01 2.233859569824006575e-02 8.699490247705665702e-03 3.724018599999999957e+00
9.966289639854098228e-03 2.819173052668291421e-02 9.995528497286798597e-01 1.294598000000000138e-01 2.088675135178630002e-02 9.993785386809090898e-01 -2.839507073383263844e-02 -7.294860000000000233e-02 -9.997321724786008001e-01 2.116040533452987274e-02 9.371262310660655181e-03 3.724555699999999803e+00
1.070442589340047865e-02 2.686996681465323236e-02 9.995816225549927214e-01 1.596519999999999884e-01 2.197771994518194286e-02 9.993910940414679756e-01 -2.710020251970270827e-02 -7.413949999999999707e-02 -9.997011528913546385e-01 2.225861707243249193e-02 1.010736729910255427e-02 3.724473699999999887e+00
1.003419310459329264e-02 2.456846417174985558e-02 9.996477907428101828e-01 1.892757999999999940e-01 2.266787557642946371e-02 9.994356329695457397e-01 -2.479078392497858011e-02 -7.523380000000000345e-02 -9.996926939742988294e-01 2.290864725392810150e-02 9.471615247878650834e-03 3.724840200000000046e+00
5.496602244986293143e-03 1.772146517653024750e-02 9.998278537007048161e-01 3.129450999999999761e-01 2.312157860779589375e-02 9.995733999420335358e-01 -1.784406710945920724e-02 -7.979360000000000619e-02 -9.997175500942476756e-01 2.321568005293823608e-02 5.084509144025473049e-03 3.725662199999999924e+00
3.151224862588006444e-03 2.144505415925277575e-02 9.997650621190824483e-01 3.758512999999999993e-01 1.770325306262565679e-02 9.996121493530486513e-01 -2.149757420685187437e-02 -8.214349999999999430e-02 -9.998383192360985605e-01 1.776683758819173897e-02 2.770355437263449794e-03 3.725911099999999809e+00
1.251818440974555727e-03 2.786896909175222772e-02 9.996108010182533921e-01 4.401541999999999955e-01 1.905137118053915404e-02 9.994294959636161879e-01 -2.788777248281867904e-02 -8.453209999999999891e-02 -9.998177224908211258e-01 1.907886683414650869e-02 7.201621989152418024e-04 3.725876299999999919e+00
-1.626445797809707204e-03 2.152158055179913265e-02 9.997670609920189522e-01 5.056121999999999561e-01 1.244706857393326760e-02 9.996913690231854499e-01 -2.149970196224068597e-02 -8.722119999999999873e-02 -9.999212094750179469e-01 1.240920106621673513e-02 -1.893824415202027822e-03 3.726514100000000163e+00
-2.445383032754665058e-03 1.044526997215718990e-02 9.999424565628922679e-01 5.708942000000000183e-01 7.388777512013481111e-03 9.999183390204975375e-01 -1.042694861248112496e-02 -8.969470000000000220e-02 -9.999697125756863425e-01 7.362854453139047392e-03 -2.522361116258142744e-03 3.726834799999999781e+00
-1.635620685246902579e-03 1.605321414784300835e-02 9.998698010543659587e-01 6.355281000000000402e-01 7.661661479224945483e-03 9.998419924275971926e-01 -1.604023446806292566e-02 -9.213810000000000056e-02 -9.999693113732798233e-01 7.634428199686369397e-03 -1.758356537247318663e-03 3.727037900000000015e+00
-7.858398176343720550e-05 3.253125780740202116e-02 9.994707154739582711e-01 6.995436999999999905e-01 1.169590903502342079e-02 9.994023851787179336e-01 -3.252811416196629835e-02 -9.426669999999999494e-02 -9.999315974287451558e-01 1.168716238262308520e-02 -4.590196509215438425e-04 3.726915099999999814e+00
2.234773105223028435e-03 1.917992392993139381e-02 9.998135507719478898e-01 7.640042999999999696e-01 1.652941585060024518e-02 9.996787432435886300e-01 -1.921428423223209281e-02 -9.704580000000000151e-02 -9.998608824235530879e-01 1.656927351941304971e-02 1.917022230643161684e-03 3.726755900000000121e+00
2.091826859290712125e-03 1.643065245877514333e-02 9.998628195508468819e-01 8.276383999999999963e-01 1.629165011528987614e-02 9.997317467764369470e-01 -1.646258253904808733e-02 -9.971030000000000171e-02 -9.998650940986545388e-01 1.632385209173808222e-02 1.823583278968254895e-03 3.727137299999999875e+00
-8.767379969849051604e-04 1.777815922733237339e-02 9.998415716427142552e-01 8.898167000000000160e-01 1.116577858700622608e-02 9.997798005111769859e-01 -1.776726986278297574e-02 -1.018919999999999965e-01 -9.999372763923901619e-01 1.114843237045548552e-02 -1.075051929343096013e-03 3.727593900000000016e+00
-2.982965787976388315e-03 1.806382698799645359e-02 9.998323859875992703e-01 9.210582000000000491e-01 1.138925904471832853e-02 9.997725983074129408e-01 -1.802876734711768292e-02 -1.029973000000000000e-01 -9.999306909448875125e-01 1.133357084911573720e-02 -3.188021061412582569e-03 3.727644399999999969e+00
-5.446319743098792382e-03 1.814695252142592419e-02 9.998204967470113447e-01 9.522513000000000227e-01 9.687603527709327117e-03 9.997893635117062194e-01 -1.809361618768131133e-02 -1.042600000000000054e-01 -9.999382420625512191e-01 9.587320952295412535e-03 -5.620973030697751227e-03 3.727513599999999983e+00
-9.595604814688308767e-03 1.769702170211912701e-02 9.997973493619166652e-01 1.013599600000000045e+00 6.056855941920188426e-03 9.998260679222348291e-01 -1.763939906180133146e-02 -1.065703000000000067e-01 -9.999356173596071207e-01 5.886367813633144354e-03 -9.701124142256212224e-03 3.727371199999999885e+00
-1.641823020917970027e-02 1.810265415735111405e-02 9.997013232107165859e-01 1.134450600000000087e+00 6.796124066384617163e-03 9.998150134293914970e-01 -1.799309920108622257e-02 -1.108798000000000006e-01 -9.998421147433591560e-01 6.498679377008856686e-03 -1.653822094066204063e-02 3.725697499999999884e+00
-1.931257726284646772e-02 1.617467571653100414e-02 9.996826517575124749e-01 1.193895799999999952e+00 9.264932692430911249e-03 9.998290969670108330e-01 -1.599805864272927855e-02 -1.132398000000000016e-01 -9.997705663709407498e-01 8.953028738730946234e-03 -1.945913396665299722e-02 3.724655600000000177e+00
-2.058980627605819236e-02 1.587456087229888527e-02 9.996619719658369485e-01 1.223232700000000062e+00 8.124252385932152765e-03 9.998435822269022832e-01 -1.571011148417566367e-02 -1.142717000000000038e-01 -9.997549981873977698e-01 7.798038008834637207e-03 -2.071555460345442246e-02 3.724135599999999879e+00
-2.201650132422312833e-02 1.518489381648285841e-02 9.996422823536540436e-01 1.252185199999999998e+00 6.491963134453317304e-03 9.998657375670940706e-01 -1.504530671245487075e-02 -1.152858999999999967e-01 -9.997365293336547554e-01 6.158395829522589175e-03 -2.211212510604843029e-02 3.723759400000000053e+00
-2.358361231320081630e-02 1.367528144993525666e-02 9.996283308847971893e-01 1.307837600000000045e+00 5.968782752102011480e-03 9.998905414160427219e-01 -1.353805078994390482e-02 -1.173754999999999937e-01 -9.997040496380510399e-01 5.647288198591240982e-03 -2.366265566844094614e-02 3.722534700000000196e+00
-2.389991008060597319e-02 1.593899586677281419e-02 9.995872861881035520e-01 1.334942300000000026e+00 5.926617495467210138e-03 9.998575821516495488e-01 -1.580160178335886581e-02 -1.185321000000000013e-01 -9.996967887830795485e-01 5.546514636817183840e-03 -2.399097063860067269e-02 3.722019899999999826e+00
-2.421606556963885187e-02 2.048245214754901983e-02 9.994968991059203223e-01 1.388693299999999908e+00 3.993114847983078586e-03 9.997840957097611225e-01 -2.039159139513249328e-02 -1.205921999999999966e-01 -9.996987732322861753e-01 3.497301794039085754e-03 -2.429262600098314184e-02 3.720990399999999809e+00
-2.467130960277247667e-02 2.123116233106593642e-02 9.994701417393896392e-01 1.442141399999999907e+00 5.788871988996210569e-03 9.997607281487905784e-01 -2.109444032191783169e-02 -1.226827000000000056e-01 -9.996788561551048780e-01 5.265377239273979007e-03 -2.478831093376421268e-02 3.719890799999999942e+00
-2.484232460059616898e-02 2.093562885477179975e-02 9.994721398582823157e-01 1.468673300000000070e+00 6.565506511318805472e-03 9.997625453544485286e-01 -2.077852330277647069e-02 -1.235837999999999937e-01 -9.996698220075909136e-01 6.045854021512666460e-03 -2.497387868277800571e-02 3.719166500000000042e+00
-2.534292909462784391e-02 2.101310010766282294e-02 9.994579458730468158e-01 1.521509800000000023e+00 -1.219319890851926907e-04 9.997789861058271610e-01 -2.102294160659168992e-02 -1.259328000000000114e-01 -9.996788089569044189e-01 -6.546488138436511867e-04 -2.533476578608595542e-02 3.718397400000000186e+00
-2.530214287453390679e-02 1.964827959592309325e-02 9.994867416203563337e-01 1.547086100000000020e+00 1.758300949757615403e-03 9.998061584263733259e-01 -1.961004718168116862e-02 -1.269591999999999943e-01 -9.996783032274565439e-01 1.261222271493965541e-03 -2.533178585601758570e-02 3.717810399999999849e+00
-2.661173820846654547e-02 1.919338683253073163e-02 9.994615696921124171e-01 1.573614599999999975e+00 1.880451330130381363e-03 9.998148516057413504e-01 -1.915010212465017084e-02 -1.277737999999999929e-01 -9.996440763053214829e-01 1.369821333735147389e-03 -2.664290331766772102e-02 3.717117500000000074e+00
-4.117239906454916998e-02 2.196411076818047953e-02 9.989106123139510629e-01 1.649936400000000081e+00 -1.888043409667522834e-03 9.997548548984249717e-01 -2.206049408132958883e-02 -1.308477999999999863e-01 -9.991502734060342394e-01 -2.794270064303929976e-03 -4.112083665801335997e-02 3.714488300000000187e+00
-6.164471968624780918e-02 2.558428470656794185e-02 9.977702004524173773e-01 1.727379900000000079e+00 -3.853238030547241968e-03 9.996578699011919866e-01 -2.587074991745238334e-02 -1.340158999999999934e-01 -9.980907178666094115e-01 -5.439441208864373434e-03 -6.152504683339488079e-02 3.710285199999999950e+00
-7.150882519885241873e-02 2.516478869018195369e-02 9.971224705766382757e-01 1.779624499999999943e+00 -6.353323942087750822e-03 9.996499171725089505e-01 -2.568420471579586917e-02 -1.360693000000000041e-01 -9.974197327071322450e-01 -8.171689370901626462e-03 -7.132391113265335036e-02 3.706683400000000184e+00
-7.566536251637240307e-02 2.426708215787183598e-02 9.968379314807445102e-01 1.806374200000000041e+00 -8.685666994254062634e-03 9.996498476659150256e-01 -2.499482447183626332e-02 -1.372349999999999959e-01 -9.970954378113117134e-01 -1.054944477477737751e-02 -7.542809231853242480e-02 3.704744799999999838e+00
-8.012255001429814671e-02 1.816149491581589559e-02 9.966195548360613499e-01 1.860645499999999952e+00 -6.021147420542420463e-03 9.998069410876864183e-01 -1.870364500902612151e-02 -1.391841000000000050e-01 -9.967668347025527842e-01 -7.499376994548661614e-03 -7.999772860367504457e-02 3.700453299999999945e+00
-8.177287731630815404e-02 1.527842233736317543e-02 9.965338761659300326e-01 1.888130700000000051e+00 -6.390888652366435128e-03 9.998538970224035705e-01 -1.585374250282711381e-02 -1.402589999999999948e-01 -9.966304997729323878e-01 -7.665143181575601039e-03 -8.166328735950367790e-02 3.698185000000000056e+00
-8.352162879210288382e-02 1.866116244395008006e-02 9.963312192941434775e-01 1.943814600000000059e+00 -5.669481870244598258e-03 9.997995616708263977e-01 -1.920139208876033357e-02 -1.420542999999999945e-01 -9.964898366261630835e-01 -7.252413326875903170e-03 -8.339908873422430258e-02 3.693490699999999904e+00
-8.401041059129980837e-02 2.731348011415159205e-02 9.960904701463288990e-01 2.000270099999999829e+00 8.085086671559426133e-03 9.996100442060482649e-01 -2.672809188654624163e-02 -1.441677000000000097e-01 -9.964320761024276774e-01 5.808039810136701731e-03 -8.419848209896230173e-02 3.687884599999999846e+00
-8.518636306055929475e-02 2.635421017236509039e-02 9.960164351830270713e-01 2.057510900000000031e+00 6.259419852676082960e-03 9.996445567017002709e-01 -2.591485905362161946e-02 -1.462878999999999985e-01 -9.963453734582311538e-01 4.026892455971263149e-03 -8.532104620505742698e-02 3.683063699999999940e+00
-8.517964053002390068e-02 1.921781876391994576e-02 9.961802569219755377e-01 2.115102499999999885e+00 8.757244816756604155e-03 9.997897924112391088e-01 -1.853865295836521279e-02 -1.487268999999999952e-01 -9.963271247448779455e-01 7.144678596580820128e-03 -8.533003026693630755e-02 3.677973499999999785e+00
-8.624235995707732472e-02 1.873129205628405389e-02 9.960980845513840443e-01 2.142836599999999869e+00 8.889913732987673317e-03 9.997979026503952538e-01 -1.803117549387336926e-02 -1.498680000000000012e-01 -9.962345229828437621e-01 7.300174913864207818e-03 -8.639145017519411773e-02 3.675791999999999948e+00
-8.804949727124249115e-02 1.997705146713316809e-02 9.959157612192715003e-01 2.171530999999999878e+00 7.685814652725847344e-03 9.997827430480180633e-01 -1.937511178044401192e-02 -1.509024999999999950e-01 -9.960864492017775795e-01 5.948455098617469287e-03 -8.818390782072615952e-02 3.673309099999999994e+00
-9.048332764978209153e-02 2.063807119073706592e-02 9.956841052437003237e-01 2.199855799999999917e+00 6.695824250732466433e-03 9.997752634903184221e-01 -2.011438416824463948e-02 -1.519539000000000029e-01 -9.958754607655645463e-01 4.846909364790757437e-03 -9.060118164010899644e-02 3.670877200000000062e+00
-9.233022751809823181e-02 2.069077739687572373e-02 9.955134458243991569e-01 2.228145099999999879e+00 7.893123604386979852e-03 9.997678783820843629e-01 -2.004714331648434558e-02 -1.531037000000000092e-01 -9.956971566125022433e-01 6.006753374222258308e-03 -9.247211053976855943e-02 3.668074400000000068e+00
-9.406288795321560148e-02 2.082585545002437269e-02 9.953484097815575860e-01 2.256866899999999898e+00 8.049332278685986802e-03 9.997644125508420299e-01 -2.015757045720040219e-02 -1.541381000000000001e-01 -9.955337168372390133e-01 6.115810792068765780e-03 -9.420836214788741447e-02 3.665131600000000045e+00
-9.617176004833132008e-02 2.049287341677012014e-02 9.951537744028964294e-01 2.284450800000000115e+00 8.164091129996726981e-03 9.997706479282301162e-01 -1.979896858900098006e-02 -1.552116000000000051e-01 -9.953312715800843868e-01 6.220424446239601265e-03 -9.631700854200841988e-02 3.662585500000000049e+00
-1.014622073685214620e-01 2.316298701444044483e-02 9.945697041979894015e-01 2.403562099999999813e+00 4.855028652229484779e-03 9.997285346332657197e-01 -2.278784186379312696e-02 -1.596692999999999862e-01 -9.948275474536746321e-01 2.516559673855389700e-03 -1.015471208588147878e-01 3.650409199999999910e+00
-1.022930811375064170e-01 2.124378759611522671e-02 9.945274390583533908e-01 2.432175200000000093e+00 5.170861601826023599e-03 9.997697869037672769e-01 -2.082391376975921415e-02 -1.608198999999999879e-01 -9.947408646183639735e-01 3.012421445738794334e-03 -1.023793806161327202e-01 3.647355099999999961e+00
-1.032359595767060878e-01 1.900449778314657751e-02 9.944753218226618507e-01 2.461052399999999807e+00 2.749936668665379710e-03 9.998190847527006486e-01 -1.882114801467462198e-02 -1.617365000000000053e-01 -9.946530925396024347e-01 7.917248779327895614e-04 -1.032695437828725638e-01 3.644489800000000113e+00
-1.069952383360847220e-01 1.624787602057638572e-02 9.941267653062283438e-01 2.519175800000000187e+00 1.254662501960223525e-03 9.998678760745949301e-01 -1.620667196202642268e-02 -1.637792999999999888e-01 -9.942587413723910084e-01 -4.867431545870180842e-04 -1.070014873059755844e-01 3.638499299999999881e+00
-1.110642427742624533e-01 1.837726900942054237e-02 9.936433011703620366e-01 2.577837699999999899e+00 1.852355809508305848e-03 9.998311056428206278e-01 -1.828466480441548817e-02 -1.655677999999999872e-01 -9.938115026276030939e-01 -1.901915093816854141e-04 -1.110795258913860328e-01 3.632258199999999881e+00
-1.127554332083275240e-01 2.559402402890390005e-02 9.932930877721894980e-01 2.637250900000000176e+00 5.040839028848201689e-03 9.996700702515163295e-01 -2.518611889937947407e-02 -1.678051999999999877e-01 -9.936099849658757144e-01 2.167158816591220616e-03 -1.128472471918391395e-01 3.625352100000000188e+00
-1.134875462568816357e-01 3.093118240178231726e-02 9.930578224855893810e-01 2.697659999999999947e+00 8.886742728325605981e-03 9.995068904651100983e-01 -3.011646918958208602e-02 -1.700831999999999899e-01 -9.934996742064253761e-01 5.407205192534030383e-03 -1.137064619260186316e-01 3.618605099999999908e+00
-1.128801423861828523e-01 2.793869142104065881e-02 9.932157383854499644e-01 2.758987199999999973e+00 1.261795402540473107e-02 9.995643013698789492e-01 -2.668322812477029807e-02 -1.729028999999999983e-01 -9.935284901255160284e-01 9.520343934208950337e-03 -1.131834897866580425e-01 3.611630400000000130e+00
-1.105158591533036555e-01 2.384945088057655385e-02 9.935881684925106372e-01 2.828002699999999869e+00 1.082013885994318955e-02 9.996816694015107085e-01 -2.279220168522983272e-02 -1.757840999999999987e-01 -9.938154604707346573e-01 8.231862201447046057e-03 -1.107387329439780688e-01 3.602791100000000135e+00
-1.073346840899717103e-01 1.734154602585817953e-02 9.940716957909720985e-01 2.892186199999999818e+00 1.156645955938653478e-02 9.998019883546594988e-01 -1.619262472023484320e-02 -1.781106000000000078e-01 -9.941556631657675336e-01 9.759859809563200400e-03 -1.075140108633783065e-01 3.595895800000000087e+00
-1.057257070111625868e-01 1.722267003625803025e-02 9.942461740000871906e-01 2.924769599999999858e+00 9.750957657038327592e-03 9.998198861092424394e-01 -1.628232677697068892e-02 -1.792805000000000093e-01 -9.943475215948196499e-01 7.973391833065203438e-03 -1.058746018689844526e-01 3.592344300000000157e+00
-1.042421238299628267e-01 2.137374312385120767e-02 9.943222529564016421e-01 2.955953800000000076e+00 1.108812770419263273e-02 9.997318855683443584e-01 -2.032757737602857578e-02 -1.805327999999999933e-01 -9.944901372278330820e-01 8.906182281905988471e-03 -1.044511698054514381e-01 3.589242699999999786e+00
-1.023208109588267800e-01 2.768695915834976790e-02 9.943660713928710315e-01 2.988325099999999956e+00 1.182448461689445361e-02 9.995758144515547450e-01 -2.661527244000989889e-02 -1.817287999999999959e-01 -9.946811716365566713e-01 9.034570054794849661e-03 -1.026047919721693180e-01 3.585584199999999999e+00
-9.768924989039809437e-02 2.459214284353511415e-02 9.949130801061035756e-01 3.118864799999999882e+00 1.018436747312152085e-02 9.996670099038824642e-01 -2.370965982470831651e-02 -1.872983000000000009e-01 -9.951648552451112240e-01 7.816381528183480309e-03 -9.790717575735752298e-02 3.572437299999999816e+00
-9.638200765645021928e-02 2.419590260540440546e-02 9.950502836024028852e-01 3.184529799999999966e+00 8.324654120137525704e-03 9.996891211926789422e-01 -2.350236377025190920e-02 -1.900854999999999906e-01 -9.953096044617939508e-01 6.018244438285668893e-03 -9.655346705317735534e-02 3.565849299999999999e+00
-9.569380415831023334e-02 2.224617387881087233e-02 9.951621996405737303e-01 3.216059700000000188e+00 1.081090631418428309e-02 9.997144980497633115e-01 -2.130837144823082355e-02 -1.914021999999999946e-01 -9.953521086280860963e-01 8.719526183432274591e-03 -9.590698469225034106e-02 3.562815200000000182e+00
