9.999931e-01 -2.475044e-03 -2.755837e-03 1.173954e-03 2.468662e-03 9.999942e-01 -2.316828e-03 -2.241474e-02 2.761556e-03 2.310009e-03 9.999935e-01 1.127607e+00
9.999863e-01 -2.528164e-03 -4.580897e-03 -7.831705e-03 2.512020e-03 9.999906e-01 -3.526615e-03 -4.141091e-02 4.589771e-03 3.515059e-03 9.999833e-01 1.689225e+00
9.999675e-01 -4.648687e-03 -6.595320e-03 -1.508128e-02 4.612815e-03 9.999745e-01 -5.443974e-03 -5.922720e-02 6.620460e-03 5.413373e-03 9.999634e-01 2.251296e+00
9.998884e-01 -8.811524e-03 -1.206613e-02 -5.593704e-02 8.715868e-03 9.999303e-01 -7.957589e-03 -1.348021e-01 1.213540e-02 7.851533e-03 9.998955e-01 4.556204e+00
9.998748e-01 -6.580037e-03 -1.439059e-02 -8.798198e-02 6.374276e-03 9.998774e-01 -1.429781e-02 -1.803479e-01 1.448291e-02 1.420429e-02 9.997942e-01 5.751285e+00
9.998652e-01 -5.082827e-03 -1.561247e-02 -1.054713e-01 4.800847e-03 9.998256e-01 -1.804597e-02 -1.996581e-01 1.570147e-02 1.796859e-02 9.997153e-01 6.363942e+00
9.998522e-01 -3.623834e-03 -1.680538e-02 -1.238576e-01 3.306955e-03 9.998169e-01 -1.884543e-02 -2.187844e-01 1.687060e-02 1.878706e-02 9.996812e-01 6.989627e+00
9.998120e-01 1.004604e-03 -1.936675e-02 -1.844755e-01 -8.989153e-04 9.999846e-01 5.465141e-03 -2.738044e-01 1.937194e-02 -5.446702e-03 9.997975e-01 8.978383e+00
9.997543e-01 5.555763e-03 -2.145926e-02 -2.329992e-01 -5.595211e-03 9.999827e-01 -1.778629e-03 -3.035717e-01 2.144901e-02 1.898261e-03 9.997682e-01 1.035368e+01
9.997369e-01 4.812930e-03 -2.242765e-02 -2.537940e-01 -5.013394e-03 9.999479e-01 -8.890577e-03 -3.091782e-01 2.238369e-02 9.000675e-03 9.997089e-01 1.106423e+01
9.996966e-01 1.625146e-03 -2.457882e-02 -2.962122e-01 -1.393167e-03 9.999543e-01 9.452361e-03 -3.252216e-01 2.459306e-02 -9.415248e-03 9.996532e-01 1.333520e+01
9.996863e-01 7.583641e-04 -2.503532e-02 -3.128296e-01 -4.521018e-04 9.999250e-01 1.223661e-02 -3.292075e-01 2.504272e-02 -1.222145e-02 9.996117e-01 1.412399e+01
9.996792e-01 -1.382699e-03 -2.529212e-02 -3.270868e-01 1.667549e-03 9.999354e-01 1.124476e-02 -3.300205e-01 2.527494e-02 -1.128333e-02 9.996169e-01 1.492763e+01
9.997263e-01 -5.544119e-03 -2.272786e-02 -3.686442e-01 5.399776e-03 9.999649e-01 -6.407463e-03 -3.506532e-01 2.276259e-02 6.282984e-03 9.997212e-01 1.828806e+01
9.997726e-01 4.687529e-04 -2.131795e-02 -4.375606e-01 -8.075310e-04 9.998735e-01 -1.588585e-02 -4.631430e-01 2.130781e-02 1.589945e-02 9.996465e-01 2.287774e+01
9.997576e-01 5.791203e-03 -2.123996e-02 -4.686400e-01 -6.143965e-03 9.998436e-01 -1.658089e-02 -5.208191e-01 2.114062e-02 1.670737e-02 9.996369e-01 2.482497e+01
9.997300e-01 7.470019e-03 -2.200512e-02 -5.258752e-01 -7.810435e-03 9.998505e-01 -1.542467e-02 -6.123111e-01 2.188661e-02 1.559237e-02 9.996389e-01 2.779590e+01
9.997048e-01 8.828655e-03 -2.263483e-02 -5.679163e-01 -9.107452e-03 9.998835e-01 -1.224376e-02 -6.738450e-01 2.252410e-02 1.244629e-02 9.996688e-01 2.981730e+01
9.997049e-01 8.689446e-03 -2.268546e-02 -5.884758e-01 -8.985541e-03 9.998753e-01 -1.298294e-02 -7.048065e-01 2.256982e-02 1.318295e-02 9.996584e-01 3.083820e+01
9.996909e-01 9.758370e-03 -2.286542e-02 -6.113853e-01 -1.008382e-02 9.998488e-01 -1.416135e-02 -7.344817e-01 2.272378e-02 1.438754e-02 9.996383e-01 3.186663e+01
9.996756e-01 8.859609e-03 -2.387811e-02 -6.562571e-01 -9.116721e-03 9.999014e-01 -1.068035e-02 -7.960953e-01 2.378114e-02 1.089458e-02 9.996578e-01 3.394945e+01
9.996390e-01 9.218534e-03 -2.523677e-02 -7.318157e-01 -9.321934e-03 9.999486e-01 -3.982562e-03 -8.792448e-01 2.519876e-02 4.216380e-03 9.996736e-01 3.712992e+01
9.996235e-01 8.853187e-03 -2.597288e-02 -7.637420e-01 -9.008680e-03 9.999421e-01 -5.875766e-03 -9.173898e-01 2.591936e-02 6.107535e-03 9.996454e-01 3.927699e+01
9.995911e-01 8.601039e-03 -2.727063e-02 -8.119808e-01 -8.683288e-03 9.999581e-01 -2.898948e-03 -9.707248e-01 2.724456e-02 3.134561e-03 9.996239e-01 4.143101e+01
9.995472e-01 1.022000e-02 -2.830096e-02 -8.709114e-01 -1.022405e-02 9.999477e-01 1.828267e-06 -1.026979e+00 2.829950e-02 2.875237e-04 9.995995e-01 4.358049e+01
9.995279e-01 1.094395e-02 -2.871053e-02 -9.059963e-01 -1.106491e-02 9.999305e-01 -4.057536e-03 -1.047970e+00 2.866413e-02 4.373300e-03 9.995795e-01 4.464539e+01
9.994940e-01 1.312039e-02 -2.897767e-02 -9.815092e-01 -1.338944e-02 9.998688e-01 -9.110188e-03 -1.088166e+00 2.885435e-02 9.493571e-03 9.995386e-01 4.677981e+01
9.995195e-01 1.300679e-02 -2.813588e-02 -1.112505e+00 -1.308056e-02 9.999114e-01 -2.439357e-03 -1.168837e+00 2.810166e-02 2.806218e-03 9.996011e-01 5.108922e+01
9.995571e-01 1.082090e-02 -2.772132e-02 -1.142897e+00 -1.097231e-02 9.999256e-01 -5.315486e-03 -1.184929e+00 2.766174e-02 5.617298e-03 9.996016e-01 5.215954e+01
9.995598e-01 1.097808e-02 -2.756386e-02 -1.210486e+00 -1.125243e-02 9.998885e-01 -9.817640e-03 -1.221230e+00 2.745301e-02 1.012348e-02 9.995718e-01 5.430647e+01
9.995931e-01 7.889461e-03 -2.741337e-02 -1.282228e+00 -8.313639e-03 9.998469e-01 -1.539395e-02 -1.272192e+00 2.728772e-02 1.561559e-02 9.995057e-01 5.644378e+01
9.996159e-01 5.272756e-03 -2.720940e-02 -1.352181e+00 -5.472263e-03 9.999586e-01 -7.262988e-03 -1.322688e+00 2.716998e-02 7.409094e-03 9.996034e-01 5.860062e+01
9.996289e-01 4.177682e-03 -2.691985e-02 -1.387176e+00 -4.211062e-03 9.999904e-01 -1.183339e-03 -1.339024e+00 2.691465e-02 1.296261e-03 9.996369e-01 5.968580e+01
9.996473e-01 -6.622685e-04 -2.654826e-02 -1.444555e+00 5.799434e-04 9.999950e-01 -3.108548e-03 -1.364859e+00 2.655019e-02 3.092056e-03 9.996427e-01 6.184743e+01
9.996473e-01 -5.710145e-04 -2.655199e-02 -1.499917e+00 3.004754e-04 9.999480e-01 -1.019191e-02 -1.395800e+00 2.655643e-02 1.018033e-02 9.995955e-01 6.400399e+01
9.996482e-01 -1.301741e-03 -2.649102e-02 -1.528092e+00 9.079193e-04 9.998890e-01 -1.487284e-02 -1.415207e+00 2.650744e-02 1.484356e-02 9.995384e-01 6.508527e+01
9.996743e-01 6.096033e-03 -2.478355e-02 -1.673162e+00 -6.302831e-03 9.999459e-01 -8.274537e-03 -1.522851e+00 2.473177e-02 8.428047e-03 9.996586e-01 7.052233e+01
9.996724e-01 3.394724e-03 -2.536873e-02 -1.724041e+00 -3.524391e-03 9.999809e-01 -5.068311e-03 -1.566430e+00 2.535104e-02 5.156060e-03 9.996653e-01 7.268959e+01
9.996575e-01 2.220552e-03 -2.607526e-02 -1.754602e+00 -2.302257e-03 9.999925e-01 -3.103834e-03 -1.593458e+00 2.606817e-02 3.162804e-03 9.996552e-01 7.376891e+01
9.996101e-01 2.133806e-03 -2.783910e-02 -1.852271e+00 -2.424651e-03 9.999428e-01 -1.041780e-02 -1.670698e+00 2.781528e-02 1.048123e-02 9.995581e-01 7.698007e+01
9.995891e-01 4.233092e-03 -2.834910e-02 -1.892754e+00 -4.483809e-03 9.999513e-01 -8.786135e-03 -1.702097e+00 2.831053e-02 8.909636e-03 9.995595e-01 7.804464e+01
9.994607e-01 5.955976e-03 -3.229184e-02 -2.152257e+00 -6.031653e-03 9.999793e-01 -2.246562e-03 -1.854735e+00 3.227779e-02 2.440124e-03 9.994760e-01 8.540636e+01
9.994314e-01 4.756684e-03 -3.338168e-02 -2.224921e+00 -4.695592e-03 9.999871e-01 1.908273e-03 -1.889129e+00 3.339033e-02 -1.750440e-03 9.994409e-01 8.741070e+01
9.992113e-01 2.138299e-03 -3.965073e-02 -2.344772e+00 -2.031068e-03 9.999941e-01 2.744488e-03 -1.950966e+00 3.965637e-02 -2.661789e-03 9.992098e-01 9.026556e+01
9.989307e-01 1.832805e-03 -4.619660e-02 -2.434745e+00 -1.755145e-03 9.999970e-01 1.721603e-03 -1.993637e+00 4.619962e-02 -1.638679e-03 9.989309e-01 9.205518e+01
9.987771e-01 2.904739e-03 -4.935412e-02 -2.486719e+00 -2.745233e-03 9.999908e-01 3.299346e-03 -2.021957e+00 4.936326e-02 -3.159822e-03 9.987759e-01 9.291577e+01
9.982947e-01 6.427526e-03 -5.802030e-02 -2.649588e+00 -6.047890e-03 9.999591e-01 6.716404e-03 -2.083333e+00 5.806110e-02 -6.354048e-03 9.982928e-01 9.535206e+01
9.981360e-01 8.546321e-03 -6.042826e-02 -2.709824e+00 -8.117173e-03 9.999401e-01 7.343723e-03 -2.104835e+00 6.048741e-02 -6.839525e-03 9.981455e-01 9.611060e+01
9.974082e-01 2.401071e-02 -6.782548e-02 -3.092267e+00 -2.423148e-02 9.997034e-01 -2.434004e-03 -2.268333e+00 6.774693e-02 4.071208e-03 9.976942e-01 1.005818e+02
9.996431e-01 2.606407e-02 -5.856808e-03 -3.198184e+00 -2.603947e-02 9.996519e-01 4.238673e-03 -2.391847e+00 5.965247e-03 -4.084651e-03 9.999739e-01 1.034865e+02
9.991757e-01 2.397217e-02 3.276205e-02 -3.156876e+00 -2.388296e-02 9.997099e-01 -3.111873e-03 -2.432590e+00 -3.282714e-02 2.326853e-03 9.994583e-01 1.043189e+02
8.539851e-01 5.486594e-03 5.202685e-01 -1.506750e+00 4.312303e-03 9.998354e-01 -1.762231e-02 -2.655967e+00 -5.202796e-01 1.729274e-02 8.538209e-01 1.087943e+02
8.268621e-01 7.076746e-03 5.623602e-01 -1.282825e+00 5.372216e-03 9.997758e-01 -2.048019e-02 -2.670469e+00 -5.623791e-01 1.995541e-02 8.266387e-01 1.090496e+02
7.967129e-01 1.146739e-02 6.042492e-01 -1.047012e+00 4.228660e-03 9.996897e-01 -2.454758e-02 -2.682863e+00 -6.043433e-01 2.211254e-02 7.964172e-01 1.093104e+02
5.100162e-01 1.318785e-02 8.600637e-01 1.049532e+00 9.403782e-03 9.997372e-01 -2.090598e-02 -2.753607e+00 -8.601135e-01 1.875023e-02 5.097581e-01 1.107304e+02
4.596811e-01 8.542107e-03 8.880429e-01 1.408134e+00 1.226402e-02 9.997973e-01 -1.596535e-02 -2.764267e+00 -8.879994e-01 1.822994e-02 4.594832e-01 1.108567e+02
4.082059e-01 8.234297e-03 9.128527e-01 1.774099e+00 9.891073e-03 9.998607e-01 -1.344220e-02 -2.777327e+00 -9.128363e-01 1.451627e-02 4.080676e-01 1.109879e+02
3.572424e-01 1.240740e-02 9.339293e-01 2.148919e+00 6.274944e-03 9.998573e-01 -1.568353e-02 -2.788461e+00 -9.339906e-01 1.146317e-02 3.571136e-01 1.111029e+02
1.513859e-01 2.092434e-02 9.882532e-01 4.227266e+00 2.705725e-02 9.993136e-01 -2.530330e-02 -2.840259e+00 -9.881044e-01 3.056997e-02 1.507159e-01 1.114023e+02
1.229001e-01 1.931907e-02 9.922310e-01 4.690755e+00 2.545091e-02 9.994203e-01 -2.261146e-02 -2.856964e+00 -9.920927e-01 2.803212e-02 1.223372e-01 1.114470e+02
9.696370e-02 1.560921e-02 9.951655e-01 5.173439e+00 1.880566e-02 9.996698e-01 -1.751219e-02 -2.871679e+00 -9.951103e-01 2.041278e-02 9.663814e-02 1.114895e+02
7.261944e-02 1.214445e-02 9.972858e-01 5.672652e+00 1.372028e-02 9.998191e-01 -1.317437e-02 -2.886056e+00 -9.972654e-01 1.463975e-02 7.243968e-02 1.115178e+02
4.961925e-02 8.990929e-03 9.987277e-01 6.192944e+00 1.713408e-02 9.998046e-01 -9.851892e-03 -2.902144e+00 -9.986213e-01 1.760112e-02 4.945550e-02 1.115272e+02
2.913822e-02 9.131699e-03 9.995337e-01 6.728517e+00 2.461286e-02 9.996485e-01 -9.850263e-03 -2.917163e+00 -9.992724e-01 2.488840e-02 2.890322e-02 1.115183e+02
1.095538e-02 1.122155e-02 9.998770e-01 7.282318e+00 2.994530e-02 9.994848e-01 -1.154526e-02 -2.930539e+00 -9.994915e-01 3.006809e-02 1.061370e-02 1.115004e+02
-2.174809e-02 1.639419e-02 9.996290e-01 1.173050e+01 3.415289e-02 9.992941e-01 -1.564567e-02 -3.009754e+00 -9.991800e-01 3.379994e-02 -2.229265e-02 1.113912e+02
-2.066774e-02 1.829032e-02 9.996191e-01 1.244057e+01 3.375051e-02 9.992755e-01 -1.758623e-02 -3.020980e+00 -9.992166e-01 3.337418e-02 -2.127008e-02 1.113766e+02
-1.993655e-02 1.883647e-02 9.996238e-01 1.316355e+01 3.319336e-02 9.992838e-01 -1.816806e-02 -3.034345e+00 -9.992501e-01 3.281866e-02 -2.054752e-02 1.113612e+02
-1.880614e-02 1.351924e-02 9.997317e-01 1.620084e+01 3.332321e-02 9.993615e-01 -1.288739e-02 -3.118178e+00 -9.992677e-01 3.307190e-02 -1.924464e-02 1.113091e+02
-2.016064e-02 1.196133e-02 9.997252e-01 1.698099e+01 3.120717e-02 9.994487e-01 -1.132870e-02 -3.141006e+00 -9.993096e-01 3.097020e-02 -2.052281e-02 1.112943e+02
-2.447946e-02 7.293772e-03 9.996737e-01 1.937151e+01 3.473776e-02 9.993757e-01 -6.440963e-03 -3.193647e+00 -9.990966e-01 3.456875e-02 -2.471755e-02 1.112251e+02
-2.654199e-02 5.000474e-03 9.996352e-01 2.018791e+01 3.034893e-02 9.995305e-01 -4.194140e-03 -3.214056e+00 -9.991869e-01 3.022653e-02 -2.668129e-02 1.112066e+02
-2.742417e-02 9.939064e-03 9.995745e-01 2.100565e+01 2.777439e-02 9.995721e-01 -9.177032e-03 -3.232298e+00 -9.992380e-01 2.751089e-02 -2.768849e-02 1.111890e+02
-2.804745e-02 1.509420e-02 9.994926e-01 2.182752e+01 2.924817e-02 9.994702e-01 -1.427311e-02 -3.250815e+00 -9.991786e-01 2.883300e-02 -2.847408e-02 1.111686e+02
-3.049090e-02 -5.349902e-04 9.995349e-01 2.602725e+01 1.837372e-02 9.998306e-01 1.095637e-03 -3.370419e+00 -9.993662e-01 1.839858e-02 -3.047590e-02 1.110993e+02
-3.037824e-02 -1.870939e-03 9.995367e-01 2.686546e+01 1.530089e-02 9.998802e-01 2.336608e-03 -3.392421e+00 -9.994214e-01 1.536478e-02 -3.034597e-02 1.110866e+02
-2.823685e-02 1.516988e-02 9.994861e-01 2.851752e+01 2.033913e-02 9.996865e-01 -1.459832e-02 -3.439638e+00 -9.993944e-01 1.991646e-02 -2.853654e-02 1.110417e+02
-2.636109e-02 1.615497e-02 9.995219e-01 3.017178e+01 2.380199e-02 9.995961e-01 -1.552843e-02 -3.494748e+00 -9.993691e-01 2.338126e-02 -2.673496e-02 1.109962e+02
-2.452145e-02 5.048207e-03 9.996865e-01 3.182438e+01 2.812594e-02 9.995949e-01 -4.357843e-03 -3.550386e+00 -9.993036e-01 2.801026e-02 -2.465351e-02 1.109495e+02
-2.448426e-02 5.625083e-03 9.996844e-01 3.263728e+01 2.725401e-02 9.996162e-01 -4.957200e-03 -3.574008e+00 -9.993287e-01 2.712402e-02 -2.462818e-02 1.109310e+02
-2.520882e-02 6.438168e-03 9.996615e-01 3.344955e+01 2.428460e-02 9.996881e-01 -5.825950e-03 -3.597380e+00 -9.993872e-01 2.412951e-02 -2.535731e-02 1.109148e+02
-2.711108e-02 6.831514e-03 9.996091e-01 3.425559e+01 2.235531e-02 9.997307e-01 -6.226037e-03 -3.619497e+00 -9.993825e-01 2.217777e-02 -2.725650e-02 1.108957e+02
-2.907136e-02 6.272478e-03 9.995576e-01 3.505969e+01 2.164930e-02 9.997497e-01 -5.644034e-03 -3.643377e+00 -9.993429e-01 2.147564e-02 -2.919988e-02 1.108735e+02
-3.528758e-02 6.548349e-03 9.993557e-01 3.745030e+01 1.702129e-02 9.998374e-01 -5.950483e-03 -3.713275e+00 -9.992323e-01 1.680034e-02 -3.539330e-02 1.108119e+02
-3.931675e-02 4.742139e-03 9.992155e-01 3.902353e+01 1.720543e-02 9.998437e-01 -4.068132e-03 -3.764360e+00 -9.990787e-01 1.703198e-02 -3.939220e-02 1.107603e+02
-4.213293e-02 6.779929e-03 9.990890e-01 4.057553e+01 1.752921e-02 9.998280e-01 -6.045719e-03 -3.811300e+00 -9.989583e-01 1.725851e-02 -4.224453e-02 1.106977e+02
-4.474975e-02 4.542984e-03 9.989879e-01 4.211586e+01 1.966984e-02 9.997998e-01 -3.665569e-03 -3.860486e+00 -9.988046e-01 1.948589e-02 -4.483016e-02 1.106260e+02
-4.613078e-02 3.792299e-03 9.989282e-01 4.287606e+01 1.865418e-02 9.998217e-01 -2.934241e-03 -3.885455e+00 -9.987613e-01 1.849882e-02 -4.619330e-02 1.105935e+02
-4.752738e-02 2.697713e-03 9.988663e-01 4.362563e+01 1.682637e-02 9.998566e-01 -1.899772e-03 -3.908535e+00 -9.987282e-01 1.671699e-02 -4.756596e-02 1.105634e+02
-4.930024e-02 1.121100e-03 9.987834e-01 4.507372e+01 1.575283e-02 9.998758e-01 -3.447660e-04 -3.947128e+00 -9.986598e-01 1.571667e-02 -4.931179e-02 1.105025e+02
-4.963267e-02 3.439404e-03 9.987616e-01 4.577870e+01 1.594992e-02 9.998693e-01 -2.650604e-03 -3.968246e+00 -9.986402e-01 1.579861e-02 -4.968105e-02 1.104722e+02
-4.991082e-02 8.104079e-03 9.987208e-01 4.717652e+01 1.435816e-02 9.998695e-01 -7.395860e-03 -4.011755e+00 -9.986505e-01 1.397065e-02 -5.002068e-02 1.104123e+02
-5.013018e-02 8.979031e-03 9.987023e-01 4.787113e+01 1.465636e-02 9.998585e-01 -8.253750e-03 -4.034285e+00 -9.986352e-01 1.422358e-02 -5.025469e-02 1.103817e+02
-5.019960e-02 8.863095e-03 9.986999e-01 4.856561e+01 1.583562e-02 9.998420e-01 -8.077259e-03 -4.055339e+00 -9.986137e-01 1.540955e-02 -5.033203e-02 1.103479e+02
-5.048020e-02 7.914478e-03 9.986937e-01 4.925400e+01 1.685096e-02 9.998330e-01 -7.071760e-03 -4.074607e+00 -9.985829e-01 1.647196e-02 -5.060514e-02 1.103152e+02
-5.083338e-02 8.201674e-03 9.986735e-01 5.062365e+01 1.021682e-02 9.999182e-01 -7.691857e-03 -4.114385e+00 -9.986549e-01 9.812257e-03 -5.091302e-02 1.102629e+02
-5.069705e-02 6.789371e-03 9.986910e-01 5.129886e+01 1.208748e-02 9.999078e-01 -6.184045e-03 -4.131756e+00 -9.986410e-01 1.175814e-02 -5.077445e-02 1.102291e+02
-5.487974e-02 5.891529e-03 9.984756e-01 5.264111e+01 9.889219e-03 9.999367e-01 -5.356609e-03 -4.167844e+00 -9.984440e-01 9.580171e-03 -5.493453e-02 1.101638e+02
-6.594365e-02 8.719935e-03 9.977852e-01 5.396640e+01 8.774153e-03 9.999282e-01 -8.158784e-03 -4.204714e+00 -9.977848e-01 8.216697e-03 -6.601543e-02 1.100844e+02
-7.976551e-02 1.367826e-02 9.967198e-01 5.529672e+01 1.069626e-02 9.998600e-01 -1.286536e-02 -4.239741e+00 -9.967563e-01 9.634955e-03 -7.990066e-02 1.099758e+02
-9.151917e-02 1.184083e-02 9.957329e-01 5.664512e+01 5.857237e-03 9.999184e-01 -1.135226e-02 -4.283061e+00 -9.957861e-01 4.793291e-03 -9.158106e-02 1.098596e+02
-9.999902e-02 1.143901e-02 9.949218e-01 5.801252e+01 1.729848e-03 9.999344e-01 -1.132278e-02 -4.323997e+00 -9.949861e-01 5.887941e-04 -1.000122e-01 1.097249e+02
-1.045341e-01 5.579471e-03 9.945056e-01 5.941860e+01 3.960115e-03 9.999786e-01 -5.193927e-03 -4.360434e+00 -9.945134e-01 3.395412e-03 -1.045540e-01 1.095755e+02
-1.063441e-01 1.341655e-03 9.943285e-01 6.014241e+01 2.969012e-03 9.999950e-01 -1.031768e-03 -4.377079e+00 -9.943250e-01 2.842448e-03 -1.063475e-01 1.095029e+02
-1.078470e-01 1.980980e-03 9.941655e-01 6.086806e+01 2.647993e-03 9.999950e-01 -1.705346e-03 -4.390954e+00 -9.941640e-01 2.448625e-03 -1.078517e-01 1.094297e+02
-1.085763e-01 5.064896e-03 9.940752e-01 6.159653e+01 4.061801e-03 9.999809e-01 -4.651347e-03 -4.404393e+00 -9.940799e-01 3.532707e-03 -1.085948e-01 1.093511e+02
-1.100410e-01 1.596005e-02 9.937989e-01 6.381462e+01 1.875611e-02 9.997263e-01 -1.397843e-02 -4.456517e+00 -9.937501e-01 1.710159e-02 -1.103102e-01 1.090910e+02
-1.106278e-01 1.354003e-02 9.937697e-01 6.456343e+01 1.662791e-02 9.997924e-01 -1.177106e-02 -4.476878e+00 -9.937228e-01 1.522211e-02 -1.108300e-01 1.090137e+02
-1.105493e-01 6.344343e-03 9.938504e-01 6.605966e+01 1.848372e-02 9.998198e-01 -4.326448e-03 -4.579860e+00 -9.936988e-01 1.789176e-02 -1.106467e-01 1.088574e+02
-1.115464e-01 5.771519e-03 9.937424e-01 6.680584e+01 1.874394e-02 9.998174e-01 -3.702821e-03 -4.708747e+00 -9.935825e-01 1.821361e-02 -1.116343e-01 1.087907e+02
-1.133140e-01 6.359768e-03 9.935389e-01 6.754618e+01 1.731402e-02 9.998403e-01 -4.425430e-03 -4.789634e+00 -9.934084e-01 1.670068e-02 -1.134060e-01 1.087201e+02
-1.177661e-01 7.254734e-03 9.930148e-01 6.902479e+01 1.758561e-02 9.998317e-01 -5.218985e-03 -4.946543e+00 -9.928857e-01 1.684815e-02 -1.178739e-01 1.085668e+02
-1.195878e-01 7.408337e-03 9.927960e-01 6.977011e+01 1.837544e-02 9.998174e-01 -5.247313e-03 -5.019805e+00 -9.926536e-01 1.761554e-02 -1.197021e-01 1.084826e+02
-1.216743e-01 7.133093e-03 9.925444e-01 7.051938e+01 1.797497e-02 9.998260e-01 -4.981908e-03 -5.072470e+00 -9.924073e-01 1.723478e-02 -1.217814e-01 1.083983e+02
-1.234095e-01 7.376899e-03 9.923284e-01 7.127406e+01 1.559289e-02 9.998633e-01 -5.493731e-03 -5.125756e+00 -9.922333e-01 1.479529e-02 -1.235077e-01 1.083160e+02
-1.267926e-01 9.328478e-03 9.918854e-01 7.355163e+01 1.435415e-02 9.998683e-01 -7.568673e-03 -5.250965e+00 -9.918254e-01 1.327801e-02 -1.269098e-01 1.080563e+02
-1.278121e-01 7.724363e-03 9.917683e-01 7.432302e+01 1.476541e-02 9.998736e-01 -5.884635e-03 -5.288827e+00 -9.916885e-01 1.389173e-02 -1.279100e-01 1.079665e+02
-1.289397e-01 5.671148e-03 9.916362e-01 7.509805e+01 1.260751e-02 9.999122e-01 -4.079163e-03 -5.322302e+00 -9.915723e-01 1.197609e-02 -1.289999e-01 1.078742e+02
-1.344690e-01 3.147963e-03 9.909128e-01 7.745431e+01 1.159636e-02 9.999315e-01 -1.602968e-03 -5.407645e+00 -9.908500e-01 1.127543e-02 -1.344963e-01 1.075825e+02
-1.383602e-01 7.756543e-03 9.903516e-01 7.904660e+01 1.180350e-02 9.999112e-01 -6.182375e-03 -5.449247e+00 -9.903117e-01 1.083422e-02 -1.384395e-01 1.073781e+02
-1.397558e-01 1.572527e-02 9.900611e-01 8.065616e+01 1.567534e-02 9.997837e-01 -1.366699e-02 -5.497261e+00 -9.900620e-01 1.360950e-02 -1.399720e-01 1.071591e+02
-1.394963e-01 1.663944e-02 9.900828e-01 8.147409e+01 1.722002e-02 9.997483e-01 -1.437570e-02 -5.523123e+00 -9.900729e-01 1.504388e-02 -1.397477e-01 1.070489e+02
-1.390177e-01 1.633615e-02 9.901551e-01 8.229746e+01 2.133374e-02 9.996813e-01 -1.349807e-02 -5.550477e+00 -9.900601e-01 1.924724e-02 -1.393219e-01 1.069330e+02
-1.388048e-01 1.447101e-02 9.902140e-01 8.312845e+01 2.165159e-02 9.996985e-01 -1.157458e-02 -5.578164e+00 -9.900831e-01 1.983309e-02 -1.390763e-01 1.068232e+02
-1.364016e-01 1.076811e-02 9.905951e-01 8.480162e+01 1.993126e-02 9.997683e-01 -8.123363e-03 -5.624186e+00 -9.904531e-01 1.863576e-02 -1.365847e-01 1.066094e+02
-1.329181e-01 3.962549e-03 9.911191e-01 8.649919e+01 2.109774e-02 9.997767e-01 -1.167768e-03 -5.665219e+00 -9.909025e-01 2.075515e-02 -1.329721e-01 1.063903e+02
-1.311869e-01 3.194230e-03 9.913525e-01 8.734879e+01 1.948757e-02 9.998099e-01 -6.426705e-04 -5.689906e+00 -9.911661e-01 1.923473e-02 -1.312243e-01 1.062858e+02
-1.297945e-01 7.040084e-03 9.915159e-01 8.819557e+01 2.040016e-02 9.997821e-01 -4.428295e-03 -5.717941e+00 -9.913311e-01 1.965231e-02 -1.299099e-01 1.061799e+02
-1.276834e-01 1.337617e-02 9.917248e-01 8.904327e+01 2.072071e-02 9.997268e-01 -1.081634e-02 -5.742522e+00 -9.915985e-01 1.916817e-02 -1.279257e-01 1.060757e+02
-1.243722e-01 1.491375e-02 9.921235e-01 9.075627e+01 1.760024e-02 9.997629e-01 -1.282223e-02 -5.799013e+00 -9.920796e-01 1.586688e-02 -1.246052e-01 1.058789e+02
-1.234953e-01 1.196673e-02 9.922730e-01 9.162156e+01 1.793269e-02 9.997909e-01 -9.825554e-03 -5.830094e+00 -9.921832e-01 1.658070e-02 -1.236840e-01 1.057772e+02
-1.228619e-01 1.031533e-02 9.923702e-01 9.248727e+01 1.866495e-02 9.997931e-01 -8.081658e-03 -5.857296e+00 -9.922483e-01 1.752960e-02 -1.230290e-01 1.056748e+02
-1.217251e-01 9.881780e-03 9.925146e-01 9.421112e+01 1.754070e-02 9.998157e-01 -7.803231e-03 -5.910917e+00 -9.924089e-01 1.645954e-02 -1.218760e-01 1.054745e+02
-1.209477e-01 8.898539e-03 9.926190e-01 9.507445e+01 2.017227e-02 9.997753e-01 -6.504768e-03 -5.936408e+00 -9.924539e-01 1.923664e-02 -1.211000e-01 1.053717e+02
-1.190352e-01 8.848992e-03 9.928506e-01 9.679086e+01 2.516260e-02 9.996660e-01 -5.892938e-03 -5.986691e+00 -9.925712e-01 2.428123e-02 -1.192181e-01 1.051663e+02
-1.174633e-01 1.238153e-02 9.930000e-01 9.849885e+01 2.292434e-02 9.996896e-01 -9.753196e-03 -6.038151e+00 -9.928126e-01 2.161822e-02 -1.177107e-01 1.049697e+02
-1.171821e-01 9.006918e-03 9.930696e-01 9.935201e+01 1.820885e-02 9.998102e-01 -6.919417e-03 -6.066471e+00 -9.929435e-01 1.727182e-02 -1.173239e-01 1.048776e+02
-1.172208e-01 5.690447e-03 9.930896e-01 1.002020e+02 1.305697e-02 9.999060e-01 -4.188312e-03 -6.095973e+00 -9.930201e-01 1.247578e-02 -1.172840e-01 1.047876e+02
-1.204827e-01 1.352048e-02 9.926233e-01 1.027081e+02 5.467535e-03 9.999011e-01 -1.295597e-02 -6.174259e+00 -9.927004e-01 3.866230e-03 -1.205447e-01 1.045111e+02
-1.209697e-01 1.392892e-02 9.925585e-01 1.035359e+02 6.373522e-03 9.998918e-01 -1.325505e-02 -6.203992e+00 -9.926358e-01 4.722631e-03 -1.210454e-01 1.044140e+02
-1.214188e-01 1.298786e-02 9.925164e-01 1.043613e+02 7.534352e-03 9.998976e-01 -1.216274e-02 -6.235915e+00 -9.925728e-01 6.001179e-03 -1.215042e-01 1.043147e+02
-1.220013e-01 1.359193e-02 9.924369e-01 1.051785e+02 8.617162e-03 9.998830e-01 -1.263459e-02 -6.267117e+00 -9.924926e-01 7.010550e-03 -1.221041e-01 1.042165e+02
-1.231222e-01 1.819136e-02 9.922248e-01 1.067982e+02 9.661891e-03 9.998065e-01 -1.713145e-02 -6.331199e+00 -9.923445e-01 7.477501e-03 -1.232742e-01 1.040206e+02
-1.264559e-01 1.749424e-02 9.918179e-01 1.084014e+02 6.222075e-03 9.998388e-01 -1.684242e-02 -6.396279e+00 -9.919528e-01 4.041340e-03 -1.265443e-01 1.038301e+02
-1.296089e-01 1.774251e-02 9.914064e-01 1.091918e+02 5.753134e-03 9.998365e-01 -1.714126e-02 -6.429851e+00 -9.915485e-01 3.482031e-03 -1.296898e-01 1.037315e+02
-1.362271e-01 2.224775e-02 9.904278e-01 1.107566e+02 4.321779e-03 9.997516e-01 -2.186276e-02 -6.493157e+00 -9.906682e-01 1.302107e-03 -1.362894e-01 1.035305e+02
-1.393824e-01 2.211545e-02 9.899916e-01 1.115346e+02 4.017233e-03 9.997550e-01 -2.176797e-02 -6.526005e+00 -9.902305e-01 9.429535e-04 -1.394371e-01 1.034269e+02
-1.448094e-01 2.128516e-02 9.892306e-01 1.130783e+02 7.013069e-03 9.997655e-01 -2.048523e-02 -6.588770e+00 -9.894347e-01 3.971085e-03 -1.449247e-01 1.032107e+02
-1.488051e-01 3.176362e-02 9.883563e-01 1.145994e+02 -4.000436e-04 9.994819e-01 -3.218142e-02 -6.664413e+00 -9.888665e-01 -5.184145e-03 -1.487153e-01 1.030043e+02
-1.513491e-01 3.616220e-02 9.878187e-01 1.153566e+02 3.780690e-03 9.993444e-01 -3.600489e-02 -6.698886e+00 -9.884732e-01 -1.714672e-03 -1.513866e-01 1.028870e+02
-1.540003e-01 3.424775e-02 9.874771e-01 1.161173e+02 6.069612e-03 9.994130e-01 -3.371515e-02 -6.732518e+00 -9.880522e-01 8.014589e-04 -1.541177e-01 1.027662e+02
-1.575348e-01 2.612263e-02 9.871679e-01 1.168832e+02 4.681739e-03 9.996586e-01 -2.570605e-02 -6.772644e+00 -9.875024e-01 5.720647e-04 -1.576033e-01 1.026502e+02
-1.597956e-01 2.329694e-02 9.868752e-01 1.176391e+02 3.079438e-03 9.997284e-01 -2.310175e-02 -6.812258e+00 -9.871453e-01 -6.525398e-04 -1.598240e-01 1.025331e+02
-1.613565e-01 2.713452e-02 9.865231e-01 1.183859e+02 3.127759e-03 9.996310e-01 -2.698349e-02 -6.848109e+00 -9.868913e-01 -1.268356e-03 -1.613818e-01 1.024110e+02
-1.639985e-01 3.001508e-02 9.860038e-01 1.191312e+02 4.911652e-04 9.995393e-01 -3.034543e-02 -6.880154e+00 -9.864605e-01 -4.492314e-03 -1.639377e-01 1.022948e+02
-1.665879e-01 3.260343e-02 9.854874e-01 1.198732e+02 -3.815779e-04 9.994510e-01 -3.312991e-02 -6.916674e+00 -9.860266e-01 -5.895083e-03 -1.664840e-01 1.021780e+02
-1.734488e-01 4.368725e-02 9.838734e-01 1.220792e+02 3.064934e-03 9.990347e-01 -4.382015e-02 -7.031609e+00 -9.848381e-01 -4.585048e-03 -1.734153e-01 1.018119e+02
-1.756325e-01 4.109592e-02 9.835976e-01 1.228130e+02 3.401261e-03 9.991476e-01 -4.113830e-02 -7.073884e+00 -9.844500e-01 -3.879751e-03 -1.756226e-01 1.016844e+02
-1.795086e-01 3.730601e-02 9.830488e-01 1.235470e+02 7.378010e-03 9.993036e-01 -3.657563e-02 -7.116066e+00 -9.837288e-01 6.872995e-04 -1.796589e-01 1.015468e+02
-1.911026e-01 3.472870e-02 9.809555e-01 1.249966e+02 8.903726e-03 9.993941e-01 -3.364693e-02 -7.198722e+00 -9.815297e-01 2.304139e-03 -1.912961e-01 1.012695e+02
-1.993640e-01 3.441734e-02 9.793209e-01 1.257124e+02 7.623401e-03 9.994072e-01 -3.357135e-02 -7.237820e+00 -9.798959e-01 7.728352e-04 -1.995082e-01 1.011264e+02
-2.097442e-01 3.490405e-02 9.771331e-01 1.264247e+02 6.731302e-03 9.993905e-01 -3.425422e-02 -7.277349e+00 -9.777332e-01 -6.072494e-04 -2.098513e-01 1.009752e+02
-2.215235e-01 3.605602e-02 9.744882e-01 1.271315e+02 7.392757e-03 9.993496e-01 -3.529536e-02 -7.316019e+00 -9.751270e-01 -6.146005e-04 -2.216460e-01 1.008115e+02
-2.338325e-01 3.646334e-02 9.715929e-01 1.278368e+02 8.066085e-03 9.993349e-01 -3.556323e-02 -7.354262e+00 -9.722435e-01 -4.788901e-04 -2.339711e-01 1.006400e+02
-2.455518e-01 3.680717e-02 9.686844e-01 1.285371e+02 1.095265e-02 9.993204e-01 -3.519487e-02 -7.391647e+00 -9.693216e-01 1.967497e-03 -2.457881e-01 1.004561e+02
-2.566142e-01 3.679370e-02 9.658133e-01 1.292346e+02 1.413778e-02 9.993111e-01 -3.431348e-02 -7.428905e+00 -9.664105e-01 4.849127e-03 -2.569576e-01 1.002649e+02
-2.668005e-01 3.681275e-02 9.630484e-01 1.299272e+02 1.816236e-02 9.992848e-01 -3.316625e-02 -7.464456e+00 -9.635807e-01 8.642454e-03 -2.672783e-01 1.000660e+02
-2.756318e-01 3.765500e-02 9.605255e-01 1.306177e+02 2.381571e-02 9.991932e-01 -3.233675e-02 -7.501316e+00 -9.609683e-01 1.396256e-02 -2.763062e-01 9.985681e+01
-2.832348e-01 3.770564e-02 9.583091e-01 1.313037e+02 2.916264e-02 9.991034e-01 -3.069152e-02 -7.535702e+00 -9.586071e-01 1.925391e-02 -2.840805e-01 9.964198e+01
-2.897949e-01 3.761505e-02 9.563493e-01 1.319861e+02 2.949442e-02 9.991038e-01 -3.035922e-02 -7.571493e+00 -9.566342e-01 1.940902e-02 -2.906446e-01 9.943215e+01
-2.966293e-01 3.359043e-02 9.544017e-01 1.333449e+02 3.923959e-02 9.989659e-01 -2.296317e-02 -7.633871e+00 -9.541862e-01 3.063878e-02 -2.976407e-01 9.899266e+01
-2.975246e-01 3.271849e-02 9.541533e-01 1.340170e+02 4.590603e-02 9.987468e-01 -1.993319e-02 -7.665957e+00 -9.536099e-01 3.787077e-02 -2.986538e-01 9.876779e+01
-2.985891e-01 2.994413e-02 9.539119e-01 1.346874e+02 4.720854e-02 9.987475e-01 -1.657458e-02 -7.696836e+00 -9.532135e-01 4.008379e-02 -2.996287e-01 9.855353e+01
-2.983373e-01 3.542957e-02 9.538027e-01 1.353466e+02 5.060939e-02 9.984922e-01 -2.125964e-02 -7.725113e+00 -9.531178e-01 4.192883e-02 -2.996805e-01 9.834062e+01
-2.968336e-01 3.904998e-02 9.541304e-01 1.360050e+02 5.058688e-02 9.984036e-01 -2.512421e-02 -7.752705e+00 -9.535884e-01 4.080876e-02 -2.983351e-01 9.813493e+01
-2.961325e-01 3.945679e-02 9.543315e-01 1.366601e+02 5.251239e-02 9.983078e-01 -2.498022e-02 -7.781433e+00 -9.537023e-01 4.271677e-02 -2.977033e-01 9.792651e+01
-2.943028e-01 3.805680e-02 9.549542e-01 1.373158e+02 5.415976e-02 9.982652e-01 -2.309160e-02 -7.809641e+00 -9.541764e-01 4.492415e-02 -2.958534e-01 9.771838e+01
-2.923629e-01 3.448849e-02 9.556853e-01 1.379665e+02 5.560800e-02 9.982716e-01 -1.901377e-02 -7.844579e+00 -9.546893e-01 4.758482e-02 -2.937755e-01 9.751185e+01
-2.908038e-01 3.523570e-02 9.561337e-01 1.386074e+02 5.699889e-02 9.981848e-01 -1.944944e-02 -7.876691e+00 -9.550834e-01 4.884258e-02 -2.922843e-01 9.731435e+01
-2.884384e-01 3.795384e-02 9.567459e-01 1.392425e+02 5.803494e-02 9.980700e-01 -2.209688e-02 -7.904561e+00 -9.557381e-01 4.915109e-02 -2.900843e-01 9.711981e+01
-2.841890e-01 3.956027e-02 9.579518e-01 1.398731e+02 5.961113e-02 9.979443e-01 -2.352743e-02 -7.934720e+00 -9.569134e-01 5.041834e-02 -2.859630e-01 9.692653e+01
-2.788728e-01 3.891345e-02 9.595393e-01 1.405034e+02 6.114570e-02 9.978707e-01 -2.269708e-02 -7.965446e+00 -9.583795e-01 5.234209e-02 -2.806584e-01 9.673888e+01
-2.732552e-01 3.696237e-02 9.612312e-01 1.411304e+02 6.246963e-02 9.978340e-01 -2.061125e-02 -7.997921e+00 -9.599110e-01 5.441561e-02 -2.749723e-01 9.655453e+01
-2.643665e-01 3.405038e-02 9.638210e-01 1.423690e+02 6.234759e-02 9.978894e-01 -1.815265e-02 -8.060370e+00 -9.624049e-01 5.529295e-02 -2.659315e-01 9.620436e+01
-2.604320e-01 3.275240e-02 9.649365e-01 1.429830e+02 6.330765e-02 9.978529e-01 -1.678322e-02 -8.087196e+00 -9.634144e-01 5.671696e-02 -2.619463e-01 9.603450e+01
-2.565355e-01 3.089812e-02 9.660408e-01 1.435939e+02 6.596060e-02 9.977184e-01 -1.439525e-02 -8.112439e+00 -9.642815e-01 6.002772e-02 -2.579883e-01 9.586352e+01
-2.524266e-01 3.007468e-02 9.671485e-01 1.442021e+02 6.925467e-02 9.975150e-01 -1.294344e-02 -8.136308e+00 -9.651345e-01 6.371227e-02 -2.538821e-01 9.569564e+01
-2.455375e-01 2.857835e-02 9.689657e-01 1.453935e+02 6.436852e-02 9.978399e-01 -1.311887e-02 -8.194245e+00 -9.672477e-01 5.914970e-02 -2.468467e-01 9.539074e+01
-2.408650e-01 3.192500e-02 9.700334e-01 1.459803e+02 6.519589e-02 9.977336e-01 -1.664814e-02 -8.221656e+00 -9.683665e-01 5.923223e-02 -2.424005e-01 9.524410e+01
-2.351403e-01 3.558922e-02 9.713096e-01 1.465647e+02 6.756376e-02 9.975106e-01 -2.019302e-02 -8.246532e+00 -9.696104e-01 6.087712e-02 -2.369595e-01 9.509910e+01
-2.285944e-01 3.660572e-02 9.728333e-01 1.471435e+02 6.685380e-02 9.975240e-01 -2.182562e-02 -8.273094e+00 -9.712236e-01 6.004838e-02 -2.304757e-01 9.496498e+01
-2.097253e-01 3.283610e-02 9.772088e-01 1.483017e+02 6.249012e-02 9.978428e-01 -2.011803e-02 -8.330790e+00 -9.757614e-01 5.684662e-02 -2.113248e-01 9.471843e+01
-1.839779e-01 3.008949e-02 9.824697e-01 1.494512e+02 6.353833e-02 9.978049e-01 -1.866093e-02 -8.384287e+00 -9.808746e-01 5.899128e-02 -1.854859e-01 9.449786e+01
-1.686128e-01 2.947232e-02 9.852416e-01 1.500216e+02 6.281771e-02 9.978422e-01 -1.909873e-02 -8.411951e+00 -9.836787e-01 5.867032e-02 -1.701004e-01 9.440439e+01
-1.502165e-01 2.848254e-02 9.882427e-01 1.505932e+02 6.198793e-02 9.978895e-01 -1.933820e-02 -8.438291e+00 -9.867079e-01 5.835419e-02 -1.516650e-01 9.432475e+01
-1.069882e-01 2.734453e-02 9.938842e-01 1.517288e+02 5.816595e-02 9.980818e-01 -2.119866e-02 -8.491499e+00 -9.925575e-01 5.554220e-02 -1.083735e-01 9.419972e+01
-8.495579e-02 2.813820e-02 9.959873e-01 1.522939e+02 5.238013e-02 9.983450e-01 -2.373690e-02 -8.522593e+00 -9.950070e-01 5.015334e-02 -8.628908e-02 9.416541e+01
-6.359000e-02 2.925630e-02 9.975472e-01 1.528539e+02 4.649933e-02 9.985714e-01 -2.632219e-02 -8.551506e+00 -9.968923e-01 4.471144e-02 -6.485956e-02 9.414214e+01
-2.829096e-02 2.964958e-02 9.991599e-01 1.539729e+02 3.328137e-02 9.990337e-01 -2.870349e-02 -8.607328e+00 -9.990456e-01 3.244136e-02 -2.925040e-02 9.412758e+01
-1.508953e-02 2.533972e-02 9.995650e-01 1.550895e+02 1.662867e-02 9.995469e-01 -2.508824e-02 -8.663502e+00 -9.997479e-01 1.624286e-02 -1.550407e-02 9.413926e+01
-2.109399e-02 2.189851e-02 9.995376e-01 1.556469e+02 9.131974e-03 9.997226e-01 -2.170985e-02 -8.688323e+00 -9.997358e-01 8.669800e-03 -2.128812e-02 9.413797e+01
-3.339952e-02 1.870088e-02 9.992671e-01 1.561965e+02 6.110325e-03 9.998100e-01 -1.850682e-02 -8.709648e+00 -9.994234e-01 5.487725e-03 -3.350745e-02 9.412065e+01
-4.679940e-02 1.637794e-02 9.987700e-01 1.567425e+02 5.577396e-03 9.998543e-01 -1.613439e-02 -8.727615e+00 -9.988888e-01 4.815454e-03 -4.688393e-02 9.409311e+01
-5.946910e-02 1.519122e-02 9.981145e-01 1.572847e+02 8.193505e-03 9.998579e-01 -1.472958e-02 -8.747148e+00 -9.981966e-01 7.302098e-03 -5.958512e-02 9.405245e+01
-7.151987e-02 1.443012e-02 9.973348e-01 1.578214e+02 9.621680e-03 9.998588e-01 -1.377666e-02 -8.765511e+00 -9.973928e-01 8.610728e-03 -7.164862e-02 9.400733e+01
-8.537735e-02 1.386193e-02 9.962522e-01 1.583533e+02 6.951610e-03 9.998871e-01 -1.331677e-02 -8.782045e+00 -9.963245e-01 5.788603e-03 -8.546408e-02 9.396008e+01
-1.016683e-01 1.235219e-02 9.947417e-01 1.588792e+02 2.286106e-03 9.999231e-01 -1.218288e-02 -8.797332e+00 -9.948158e-01 1.035469e-03 -1.016887e-01 9.390679e+01
-1.342507e-01 1.100316e-02 9.908863e-01 1.599158e+02 5.077193e-03 9.999328e-01 -1.041573e-02 -8.829814e+00 -9.909344e-01 3.632599e-03 -1.342976e-01 9.375723e+01
-1.629326e-01 7.570467e-03 9.866081e-01 1.609386e+02 6.761994e-03 9.999556e-01 -6.556186e-03 -8.861136e+00 -9.866141e-01 5.603219e-03 -1.629766e-01 9.357816e+01
-1.889989e-01 6.360769e-03 9.819567e-01 1.619306e+02 5.137210e-03 9.999717e-01 -5.488702e-03 -8.890957e+00 -9.819639e-01 4.007156e-03 -1.890262e-01 9.338617e+01
-2.099177e-01 1.021626e-02 9.776657e-01 1.628990e+02 1.352771e-02 9.998800e-01 -7.543823e-03 -8.919301e+00 -9.776255e-01 1.164199e-02 -2.100308e-01 9.316096e+01
-2.223591e-01 1.113624e-02 9.749012e-01 1.638542e+02 1.540583e-02 9.998500e-01 -7.907419e-03 -8.947930e+00 -9.748431e-01 1.326087e-02 -2.224974e-01 9.293874e+01
-2.279943e-01 9.086305e-03 9.736201e-01 1.648060e+02 1.515764e-02 9.998684e-01 -5.781784e-03 -8.978427e+00 -9.735445e-01 1.343956e-02 -2.281020e-01 9.272888e+01
-2.293559e-01 9.113780e-03 9.732999e-01 1.657438e+02 1.912253e-02 9.998053e-01 -4.855798e-03 -9.013537e+00 -9.731548e-01 1.749824e-02 -2.294855e-01 9.251318e+01
-2.388826e-01 1.377125e-02 9.709508e-01 1.671492e+02 1.685226e-02 9.998076e-01 -1.003439e-02 -9.050522e+00 -9.709022e-01 1.396567e-02 -2.390687e-01 9.218701e+01
-2.497555e-01 1.147022e-02 9.682410e-01 1.681253e+02 1.481258e-02 9.998581e-01 -8.023911e-03 -9.068787e+00 -9.681957e-01 1.233813e-02 -2.498900e-01 9.194609e+01
-2.607071e-01 1.292790e-02 9.653314e-01 1.691260e+02 1.988029e-02 9.997702e-01 -8.020047e-03 -9.096027e+00 -9.652133e-01 1.710018e-02 -2.609042e-01 9.166843e+01
-2.827266e-01 1.816067e-02 9.590286e-01 1.712141e+02 2.443884e-02 9.996325e-01 -1.172488e-02 -9.147581e+00 -9.588892e-01 2.012261e-02 -2.830665e-01 9.106242e+01
-2.981976e-01 1.237120e-02 9.544240e-01 1.733868e+02 2.689337e-02 9.996279e-01 -4.554645e-03 -9.207509e+00 -9.541252e-01 2.430948e-02 -2.984194e-01 9.039703e+01
-3.027064e-01 9.524578e-03 9.530363e-01 1.744808e+02 3.359430e-02 9.994353e-01 6.820323e-04 -9.235795e+00 -9.524916e-01 3.222303e-02 -3.028554e-01 9.003523e+01
-3.044141e-01 9.350867e-03 9.524939e-01 1.755740e+02 3.255291e-02 9.994698e-01 5.917600e-04 -9.260605e+00 -9.519834e-01 3.118658e-02 -3.045571e-01 8.968772e+01
-2.856569e-01 1.651431e-02 9.581897e-01 1.798254e+02 3.729241e-02 9.992857e-01 -6.104944e-03 -9.377338e+00 -9.576061e-01 3.398928e-02 -2.860687e-01 8.839451e+01
-2.678315e-01 8.359336e-03 9.634295e-01 1.817427e+02 3.866401e-02 9.992501e-01 2.078373e-03 -9.430540e+00 -9.626897e-01 3.780669e-02 -2.679539e-01 8.786857e+01
-2.281587e-01 2.614680e-03 9.736204e-01 1.834324e+02 3.891153e-02 9.992219e-01 6.435111e-03 -9.474451e+00 -9.728461e-01 3.935328e-02 -2.280830e-01 8.748204e+01
-8.789429e-02 6.290422e-03 9.961099e-01 1.858039e+02 3.127301e-02 9.995045e-01 -3.552410e-03 -9.535840e+00 -9.956388e-01 3.083911e-02 -8.804746e-02 8.723155e+01
-2.493841e-02 2.806688e-03 9.996850e-01 1.865698e+02 2.098765e-02 9.997771e-01 -2.283387e-03 -9.559758e+00 -9.994687e-01 2.092409e-02 -2.499176e-02 8.726331e+01
6.861960e-02 -8.516294e-03 9.976065e-01 1.876973e+02 1.440293e-02 9.998678e-01 7.544902e-03 -9.601021e+00 -9.975390e-01 1.385073e-02 6.873318e-02 8.738579e+01
2.076712e-01 -7.456692e-03 9.781702e-01 1.891549e+02 1.222124e-02 9.999127e-01 5.027795e-03 -9.633802e+00 -9.781224e-01 1.091032e-02 2.077442e-01 8.772864e+01
2.869700e-01 -3.937609e-03 9.579315e-01 1.898823e+02 1.275367e-02 9.999186e-01 2.895475e-04 -9.645668e+00 -9.578547e-01 1.213405e-02 2.869969e-01 8.799264e+01
3.721213e-01 5.771503e-03 9.281661e-01 1.906013e+02 1.364474e-03 9.999762e-01 -6.765080e-03 -9.662356e+00 -9.281831e-01 3.783886e-03 3.721046e-01 8.835376e+01
4.161375e-01 9.994793e-03 9.092468e-01 1.909490e+02 -1.116839e-03 9.999444e-01 -1.048063e-02 -9.672989e+00 -9.093011e-01 3.345899e-03 4.161255e-01 8.855409e+01
5.851963e-01 1.051044e-02 8.108236e-01 1.924105e+02 8.094829e-03 9.997904e-01 -1.880224e-02 -9.719824e+00 -8.108513e-01 1.756648e-02 5.849885e-01 8.960055e+01
6.241385e-01 1.187157e-02 7.812235e-01 1.927478e+02 1.752189e-03 9.998608e-01 -1.659387e-02 -9.734985e+00 -7.813118e-01 1.172572e-02 6.240308e-01 8.992948e+01
6.619290e-01 1.362857e-02 7.494426e-01 1.931030e+02 -3.337605e-03 9.998783e-01 -1.523486e-02 -9.753497e+00 -7.495591e-01 7.583050e-03 6.618940e-01 9.029644e+01
8.142510e-01 1.064909e-02 5.804153e-01 1.947637e+02 -3.160408e-03 9.998982e-01 -1.391183e-02 -9.843068e+00 -5.805044e-01 9.493374e-03 8.142018e-01 9.248548e+01
8.539778e-01 1.076167e-02 5.201981e-01 1.953781e+02 -5.811760e-03 9.999210e-01 -1.114519e-02 -9.878410e+00 -5.202770e-01 6.494480e-03 8.539729e-01 9.354895e+01
8.824760e-01 8.530372e-03 4.702801e-01 1.959764e+02 -7.021209e-03 9.999630e-01 -4.963022e-03 -9.912797e+00 -4.703050e-01 1.077812e-03 8.825033e-01 9.471148e+01
8.929201e-01 6.551292e-03 4.501676e-01 1.962715e+02 -6.486757e-03 9.999775e-01 -1.686020e-03 -9.928192e+00 -4.501685e-01 -1.414647e-03 8.929425e-01 9.532711e+01
9.093690e-01 1.215774e-04 4.159903e-01 1.968516e+02 -3.065167e-04 9.999999e-01 3.777946e-04 -9.951735e+00 -4.159902e-01 -4.710632e-04 9.093690e-01 9.660743e+01
9.415907e-01 -6.089185e-03 3.367045e-01 1.982071e+02 6.659661e-03 9.999777e-01 -5.394187e-04 -1.000261e+01 -3.366937e-01 2.750248e-03 9.416102e-01 1.001604e+02
9.448573e-01 -3.593169e-03 3.274625e-01 1.984618e+02 3.568112e-03 9.999934e-01 6.772963e-04 -1.001358e+01 -3.274628e-01 5.284742e-04 9.448639e-01 1.009262e+02
9.462461e-01 -7.863739e-04 3.234465e-01 1.987161e+02 5.581754e-05 9.999974e-01 2.267932e-03 -1.002705e+01 -3.234474e-01 -2.127968e-03 9.462438e-01 1.017027e+02
9.470758e-01 -6.111221e-04 3.210094e-01 1.992416e+02 -4.424794e-04 9.999947e-01 3.209191e-03 -1.004701e+01 -3.210097e-01 -3.181387e-03 9.470706e-01 1.032840e+02
9.470100e-01 -5.571899e-03 3.211557e-01 2.000827e+02 5.777165e-03 9.999832e-01 3.137822e-04 -1.008525e+01 -3.211521e-01 1.558214e-03 9.470264e-01 1.057448e+02
9.465238e-01 -6.084819e-03 3.225766e-01 2.006612e+02 5.676107e-03 9.999814e-01 2.207652e-03 -1.011259e+01 -3.225840e-01 -2.586164e-04 9.465408e-01 1.074441e+02
9.462337e-01 -7.406948e-03 3.233991e-01 2.009553e+02 6.070072e-03 9.999683e-01 5.142278e-03 -1.012353e+01 -3.234270e-01 -2.902740e-03 9.462487e-01 1.083065e+02
9.459411e-01 -9.756188e-03 3.241917e-01 2.012524e+02 8.069194e-03 9.999460e-01 6.547610e-03 -1.013595e+01 -3.242381e-01 -3.577688e-03 9.459688e-01 1.091695e+02
9.457563e-01 -1.044029e-02 3.247091e-01 2.015498e+02 8.732001e-03 9.999393e-01 6.717734e-03 -1.015022e+01 -3.247595e-01 -3.517979e-03 9.457901e-01 1.100320e+02
