9.997384411226535317e-01 3.280636632618089826e-03 -2.263375278055687265e-02 -7.984649999999999803e-01 -3.062074546839747662e-03 9.999484169496054564e-01 9.684376048443577023e-03 2.249856000000000078e-01 2.266435618137515109e-02 -9.612536775627737035e-03 9.996969171181938618e-01 -3.762177999999999911e-01
9.997097003680139871e-01 4.673641637320231391e-03 -2.363624470895135318e-02 -7.992833000000000299e-01 -4.727670494904510391e-03 9.999863369423923620e-01 -2.230484303389347091e-03 2.319806000000000090e-01 2.362549728126655743e-02 2.341581171337775262e-03 9.997181367144595265e-01 -3.468916000000000222e-01
9.997058771623866802e-01 2.457531746867210650e-03 -2.412715699572209535e-02 -7.996244999999999603e-01 -2.545691953721653401e-03 9.999901931787562592e-01 -3.623947956378362114e-03 2.313853999999999911e-01 2.411801441785452541e-02 3.684302379952258000e-03 9.997023293443471070e-01 -3.196390000000000065e-01
9.995602579129593268e-01 -1.135146555400822193e-03 -2.963110263348346304e-02 -8.007541999999999716e-01 9.018137082224894499e-04 9.999684923109893875e-01 -7.886768496822087540e-03 2.314672999999999869e-01 2.963912166400905698e-02 7.856578618238666337e-03 9.995297877699300670e-01 -2.034217000000000108e-01
9.995073026864808030e-01 1.083376964696195367e-03 -3.136842633521694929e-02 -8.029602000000000128e-01 -1.548226419697030370e-03 9.998892971329648161e-01 -1.479852945055275433e-02 2.306515000000000093e-01 3.134892137456914835e-02 1.483980368124493583e-02 9.993983316752901302e-01 -1.428795999999999955e-01
9.994687273007168971e-01 2.639253663733464282e-03 -3.248534266378730329e-02 -8.043966999999999645e-01 -3.262890064329750789e-03 9.998111165975713810e-01 -1.915945396783639426e-02 2.305166999999999911e-01 3.242864006265616661e-02 1.925527117482413175e-02 9.992885558414400515e-01 -1.117971999999999994e-01
9.993779040833201677e-01 4.513253984652526238e-03 -3.497764097963330931e-02 -8.056879000000000124e-01 -5.188783368071450686e-03 9.998013040588150657e-01 -1.924653032242471667e-02 2.298804999999999876e-01 3.488382658467001352e-02 1.941604853627038052e-02 9.992027500472803192e-01 -8.020900000000000252e-02
9.992705029409173489e-01 9.214221655436239874e-03 -3.706157135754810372e-02 -8.097813000000000372e-01 -9.050401319094092747e-03 9.999485300805972532e-01 4.585567098664508449e-03 2.278509999999999980e-01 3.710191623312035503e-02 -4.246799846649753664e-03 9.993024629724941432e-01 1.836959999999999982e-02
9.991203269009052423e-01 1.322931146715463496e-02 -3.979394038711493720e-02 -8.139650999999999970e-01 -1.341435372573472271e-02 9.999004015188422967e-01 -4.386588261845781461e-03 2.275466999999999906e-01 3.973194542869896984e-02 4.916539490648592220e-03 9.991982786974203945e-01 8.888770000000000004e-02
9.990055765015618539e-01 1.262297460627184904e-02 -4.276118135495662886e-02 -8.168005000000000404e-01 -1.308545446880327208e-02 9.998586944457198422e-01 -1.055282060141216408e-02 2.272032999999999969e-01 4.262193097604742575e-02 1.110187612028384202e-02 9.990295888243165834e-01 1.247507999999999950e-01
9.989479265735791147e-01 9.158285791927570779e-03 -4.493512874912477389e-02 -8.216257000000000144e-01 -8.864876428928969432e-03 9.999380952203048567e-01 6.724558951208777814e-03 2.279995999999999967e-01 4.499393248257881756e-02 -6.319139857752806809e-03 9.989672739941040103e-01 2.410814000000000012e-01
9.990226615628445828e-01 8.064826781912538822e-03 -4.345894905388165974e-02 -8.242981000000000336e-01 -7.647151891341612967e-03 9.999230459160524109e-01 9.768485753430406968e-03 2.272811999999999888e-01 4.353438585579089137e-02 -9.426601452377664572e-03 9.990074556444596965e-01 2.795938000000000034e-01
9.990190095705850926e-01 5.784585139659307630e-03 -4.390395302668363003e-02 -8.258269000000000304e-01 -5.416168742788821620e-03 9.999491574796044446e-01 8.505737591700495218e-03 2.274875000000000091e-01 4.395092300233121446e-02 -8.259602326459931573e-03 9.989995472154389322e-01 3.209281999999999968e-01
9.993795270513076145e-01 1.148809775423737575e-03 -3.520285708298072358e-02 -8.279301999999999495e-01 -1.475954559781607594e-03 9.999559567599183296e-01 -9.268554282843073644e-03 2.298214000000000090e-01 3.519065882933047895e-02 9.314761213066048706e-03 9.993372067298912365e-01 4.909941999999999918e-01
9.996275722354885929e-01 7.826936286502297196e-03 -2.614298940347035277e-02 -8.304321999999999537e-01 -8.290525344486349146e-03 9.998094698464180530e-01 -1.767176264374707359e-02 2.260271000000000086e-01 2.599969261540141519e-02 1.788192030492079601e-02 9.995020024542787818e-01 7.130201999999999929e-01
9.993062151093542456e-01 1.330823401404955704e-02 -3.478475745559034271e-02 -8.464835000000000553e-01 -1.399489026949068092e-02 9.997105023923882339e-01 -1.957177694292354386e-02 2.216423999999999894e-01 3.451422156389838403e-02 2.004500720343928982e-02 9.992031656255159211e-01 8.238229000000000246e-01
9.990327162911741832e-01 1.535978579689788702e-02 -4.120326152322827812e-02 -8.551986000000000310e-01 -1.616068837435991057e-02 9.996855130395785327e-01 -1.917569216642398336e-02 2.162067000000000017e-01 4.089576911056886505e-02 1.982301690127008867e-02 9.989667582406268620e-01 9.802760000000000362e-01
9.988973406397786414e-01 1.612756358701356724e-02 -4.409086703076790098e-02 -8.628978000000000481e-01 -1.685939771153444761e-02 9.997253700563034640e-01 -1.627713655995050718e-02 2.124412999999999996e-01 4.381624780355260901e-02 1.700253388568317287e-02 9.988949145279917285e-01 1.086074100000000042e+00
9.988673688975909792e-01 1.616971358977155326e-02 -4.474952194189919102e-02 -8.648797000000000290e-01 -1.696836841863161305e-02 9.997024253506081592e-01 -1.752527378733700208e-02 2.108578000000000119e-01 4.445282696087330537e-02 1.826475049203501316e-02 9.988445049479174331e-01 1.138066599999999928e+00
9.988648866001184068e-01 1.712718400772401603e-02 -4.444769831271351557e-02 -8.678468999999999767e-01 -1.794217706818141897e-02 9.996769460179649736e-01 -1.800227436321788499e-02 2.087768000000000124e-01 4.412501104120493400e-02 1.877932821375966760e-02 9.988494982891332752e-01 1.190087700000000082e+00
9.987884358109182514e-01 1.700139233175890913e-02 -4.618022465472632065e-02 -8.727002999999999844e-01 -1.771105724708248175e-02 9.997305957443388680e-01 -1.500181268580440958e-02 2.061059000000000085e-01 4.591273180251802255e-02 1.580153762932596379e-02 9.988204705886735146e-01 1.296594100000000083e+00
9.986477666019065724e-01 1.809867787711305284e-02 -4.873475269378461927e-02 -8.814214999999999689e-01 -1.855811633364580146e-02 9.997873531853251894e-01 -8.991369685907225906e-03 2.018465999999999871e-01 4.856165750024105110e-02 9.883636465506051572e-03 9.987712847048851872e-01 1.459265100000000093e+00
9.985521986076287826e-01 1.836482111887831684e-02 -5.055927215795644886e-02 -8.873136999999999830e-01 -1.896180707532949331e-02 9.997557454677817868e-01 -1.135338172519504037e-02 1.993964000000000014e-01 5.033842000210866224e-02 1.229563944785343026e-02 9.986565279024914865e-01 1.569075599999999904e+00
9.984679485557439449e-01 1.878316029532453232e-02 -5.204756090542943248e-02 -8.938654999999999795e-01 -1.924549027902334661e-02 9.997795357132515104e-01 -8.395896194882556188e-03 1.966855999999999882e-01 5.187838481298603921e-02 9.384714077443680538e-03 9.986093131604973916e-01 1.678902300000000070e+00
9.983528106072075969e-01 2.053501777604499826e-02 -5.357218119161018255e-02 -9.001211999999999547e-01 -2.090965036048839445e-02 9.997606156237374142e-01 -6.441891760018614820e-03 1.939527000000000057e-01 5.342707248662725839e-02 7.551456322007296489e-03 9.985432005841938796e-01 1.789184099999999944e+00
9.983090839539048300e-01 2.176328108985165627e-02 -5.390113627113533867e-02 -9.035796999999999857e-01 -2.234501427101294457e-02 9.996981468772430102e-01 -1.021349437921637883e-02 1.924885000000000068e-01 5.366258689574725238e-02 1.140064587688619131e-02 9.984940420659735860e-01 1.843760099999999902e+00
9.982566421553242808e-01 2.357652618936274813e-02 -5.410936892645400176e-02 -9.103478000000000403e-01 -2.440672737775056306e-02 9.995935313266609556e-01 -1.473376355870444250e-02 1.894786999999999999e-01 5.374000420064158068e-02 1.602870995239286805e-02 9.984263079495537818e-01 1.953795900000000030e+00
9.982759162008082443e-01 2.396061254450387520e-02 -5.358249882124753449e-02 -9.238684999999999814e-01 -2.451143889837692144e-02 9.996530075103918778e-01 -9.646446939646415725e-03 1.829531000000000074e-01 5.333277131903015056e-02 1.094319980263737044e-02 9.985168310456822294e-01 2.174342600000000125e+00
9.983075655766741052e-01 2.307992668842692024e-02 -5.337903611373356894e-02 -9.271019999999999817e-01 -2.373576119726995143e-02 9.996499742364900465e-01 -1.168514652757699467e-02 1.815428000000000042e-01 5.309065975066243337e-02 1.293236223748814480e-02 9.985059518371424137e-01 2.229310799999999926e+00
9.983208492066062423e-01 2.218623908761500896e-02 -5.350937146470463590e-02 -9.332945000000000269e-01 -2.308633148378273076e-02 9.996012031766945416e-01 -1.626210030486691105e-02 1.781054999999999999e-01 5.312723725191688395e-02 1.747012887336078096e-02 9.984349208932581377e-01 2.339119399999999960e+00
9.983903494393089328e-01 1.897227532996890662e-02 -5.344869423342906573e-02 -9.395626999999999729e-01 -2.014997945113826752e-02 9.995639979368644568e-01 -2.158222316145365013e-02 1.742898999999999976e-01 5.301592661241946031e-02 2.262447341433462475e-02 9.983373401451789420e-01 2.448223099999999874e+00
9.984506655402064501e-01 1.684412155710648604e-02 -5.303342390689247399e-02 -9.457223000000000157e-01 -1.756973175276388063e-02 9.997578981790823383e-01 -1.324573722672559885e-02 1.702046000000000114e-01 5.279747161043465975e-02 1.415699818156957758e-02 9.985048855133520362e-01 2.557860600000000151e+00
9.984910591076909814e-01 1.579835964082906483e-02 -5.259293407541094229e-02 -9.488807999999999687e-01 -1.621170896825965477e-02 9.998408853462137369e-01 -7.442075142596102713e-03 1.686718000000000106e-01 5.246699318933711192e-02 8.283466832107231823e-03 9.985883029571853697e-01 2.613250999999999991e+00
9.985530890479046295e-01 1.088212095674753223e-02 -5.266220462884146913e-02 -9.547801999999999678e-01 -1.141552144367866985e-02 9.998864380837045873e-01 -9.838536804360236560e-03 1.657961000000000018e-01 5.254916006042502363e-02 1.042546784391734996e-02 9.985639165307241827e-01 2.723654499999999867e+00
9.985390325360202768e-01 1.103390617453950742e-02 -5.289662953875175211e-02 -9.611051999999999929e-01 -1.193725869263138548e-02 9.997877381822247722e-01 -1.679227308545004280e-02 1.622987999999999931e-01 5.270011723832956907e-02 1.739918087159830415e-02 9.984587954182504443e-01 2.834083800000000153e+00
9.986687640905445029e-01 1.146506547486765386e-02 -5.029166833106102352e-02 -9.624521999999999800e-01 -1.253876661077959163e-02 9.996990306539769167e-01 -2.108619077451660828e-02 1.604442000000000090e-01 5.003477752268763179e-02 2.168871557183384841e-02 9.985119531858891451e-01 2.886910400000000099e+00
9.986990544642765366e-01 1.948302302223397023e-02 -4.712335329828668679e-02 -9.761311999999999767e-01 -2.017061339865220890e-02 9.996962741561491450e-01 -1.416000683034820441e-02 1.503817000000000070e-01 4.683316097897042424e-02 1.509209237410429234e-02 9.987887082764248525e-01 3.159591400000000050e+00
9.985556893247914401e-01 1.631135778227370270e-02 -5.119057456592222138e-02 -9.870316999999999563e-01 -1.689649953177775610e-02 9.997965268672622807e-01 -1.101876434689032930e-02 1.467986000000000013e-01 5.100042765176796694e-02 1.186779134710104835e-02 9.986281149196023499e-01 3.275089499999999987e+00
9.984958183552257172e-01 1.524883626161956107e-02 -5.266472937170071922e-02 -9.908595999999999515e-01 -1.575314234004939612e-02 9.998338246138136487e-01 -9.173966673579829478e-03 1.449230999999999991e-01 5.251608547428400497e-02 9.989802339392242492e-03 9.985701100151544995e-01 3.331485999999999947e+00
9.984011724470829297e-01 1.476425617932591340e-02 -5.456295076113053255e-02 -1.000811799999999918e+00 -1.569006119908593691e-02 9.997394554839545977e-01 -1.657839341477432629e-02 1.399013000000000062e-01 5.430396703611307940e-02 1.740798345924453663e-02 9.983726965798010999e-01 3.495319799999999866e+00
9.983234118160480008e-01 1.728719759754583293e-02 -5.524054868653006239e-02 -1.004309499999999966e+00 -1.812412715491066098e-02 9.997278858728766426e-01 -1.468571493054238696e-02 1.379357999999999973e-01 5.497164209697689291e-02 1.566227976291865651e-02 9.983650692796648407e-01 3.550029299999999832e+00
9.982154435964726291e-01 1.945792337510899445e-02 -5.645633165045021995e-02 -1.026299499999999920e+00 -1.991018520919651813e-02 9.997739454967794481e-01 -7.459385412901614609e-03 1.253471999999999920e-01 5.629842529265567663e-02 8.570129738288929239e-03 9.983772033584481509e-01 3.920649099999999887e+00
9.979733423692169758e-01 1.748827512093750064e-02 -6.118307080972723577e-02 -1.035000099999999978e+00 -1.769663177762435813e-02 9.998392969983179723e-01 -2.865205339348229213e-03 1.220832000000000028e-01 6.112313100734348414e-02 3.942132824227539620e-03 9.981224486227405768e-01 4.027008099999999757e+00
9.975837310049701090e-01 1.505555309727487495e-02 -6.782352066310420868e-02 -1.045017000000000085e+00 -1.525049260562747616e-02 9.998809256276264268e-01 -2.357337762524334621e-03 1.178638999999999937e-01 6.777995359609720327e-02 3.385983900738227456e-03 9.976945489494942754e-01 4.172470599999999585e+00
9.970955694491532295e-01 1.491918135667381733e-02 -7.468496108665649558e-02 -1.052288899999999972e+00 -1.518648739600389312e-02 9.998801406318088558e-01 -3.012469200691746032e-03 1.153755000000000058e-01 7.463106582007074385e-02 4.137921913325322623e-03 9.972026281638047829e-01 4.263657600000000159e+00
9.968175401419836490e-01 1.617870550448088224e-02 -7.805793459658141864e-02 -1.055921200000000004e+00 -1.636814584695096136e-02 9.998644348110879987e-01 -1.787680462610844855e-03 1.141508999999999996e-01 7.801843030219104969e-02 3.059654899288229580e-03 9.969472217951557136e-01 4.307668200000000169e+00
9.960526493316276264e-01 2.012754513445837515e-02 -8.645230873901509072e-02 -1.067270900000000022e+00 -2.004115311180670531e-02 9.997974123491781828e-01 1.867201605734149662e-03 1.106512999999999941e-01 8.647237675347409225e-02 -1.272271499199828342e-04 9.962542405791091626e-01 4.430978800000000106e+00
9.958028124248663460e-01 2.252067361970023357e-02 -8.871064212619284017e-02 -1.071378200000000058e+00 -2.241409274571203036e-02 9.997463574738069125e-01 2.197535947745919097e-03 1.097029999999999950e-01 8.873763132467049619e-02 -1.999439170219750178e-04 9.960550149511405715e-01 4.469124800000000342e+00
9.945662621994150188e-01 3.851705283339819375e-02 -9.671807863948529704e-02 -1.096714500000000037e+00 -3.936417870829467258e-02 9.992013460171532691e-01 -6.865242321326191048e-03 1.018113999999999963e-01 9.637640545956198401e-02 1.063516612650222161e-02 9.952881400439552717e-01 4.695561399999999885e+00
9.987116450109626564e-01 4.054196581970253427e-02 -3.051883233301889986e-02 -1.105655300000000008e+00 -4.058866374166467811e-02 9.991755244957536419e-01 -9.119343735320792777e-04 9.676940000000000541e-02 3.045669869114057265e-02 2.149478101685412500e-03 9.995337759419274937e-01 4.841278100000000251e+00
9.992023511448566708e-01 3.916491543344630122e-02 7.795567053241141305e-03 -1.104517100000000029e+00 -3.909430230025211228e-02 9.991948736653865071e-01 -9.013321722249684892e-03 9.534149999999999570e-02 -8.142296619939684912e-03 8.701370001515600083e-03 9.999289920618611438e-01 4.883864400000000217e+00
8.608357976680099943e-01 2.477020737130820882e-02 5.082796142676424545e-01 -1.032110199999999978e+00 -1.422226356056269063e-02 9.995955492037325030e-01 -2.462651480218606276e-02 7.993709999999999705e-02 -5.086840440514082129e-01 1.397049887694734593e-02 8.608399203618720685e-01 5.111222299999999663e+00
8.335853272314047713e-01 2.656713070082222100e-02 5.517514746612256493e-01 -1.021405499999999966e+00 -1.347010860933055970e-02 9.995233845077641233e-01 -2.777696880865556869e-02 7.846549999999999359e-02 -5.522264557213504288e-01 1.572232134481467078e-02 8.335458896863241485e-01 5.125116300000000180e+00
8.043761557479176538e-01 3.127180748002542782e-02 5.932967841823636457e-01 -1.010063200000000050e+00 -1.452091807375814614e-02 9.993502821817202841e-01 -3.298721633620071286e-02 7.750269999999999382e-02 -5.939428785687198564e-01 1.791891626880177252e-02 8.043076335813647004e-01 5.140165299999999604e+00
5.194364700779544597e-01 3.395791392965347155e-02 8.538340668036739078e-01 -9.059703000000000062e-01 -1.279139710221421228e-02 9.994071091305094523e-01 -3.196576887189700455e-02 6.862110000000000432e-02 -8.544133272094529552e-01 5.682455538261648245e-03 5.195628700994019411e-01 5.217754799999999804e+00
4.691955264473282039e-01 3.008704173687377220e-02 8.825816267526412906e-01 -8.876773999999999498e-01 -1.051135057559966259e-02 9.995389210890612830e-01 -2.848607970908026074e-02 6.729690000000000671e-02 -8.830317488464906051e-01 4.088416275142409823e-03 4.692954457284554959e-01 5.225710399999999645e+00
4.181197295101566347e-01 2.998887718233928315e-02 9.078967777449682419e-01 -8.685964999999999936e-01 -1.268833784591390582e-02 9.995502199586902004e-01 -2.717285158465923556e-02 6.595760000000000511e-02 -9.083033072036352795e-01 -1.581956906474158570e-04 4.183121766062541935e-01 5.232891099999999796e+00
3.680206448726514590e-01 3.519231245745116365e-02 9.291513902973048689e-01 -8.493711000000000455e-01 -1.591922614624955920e-02 9.993754945774183662e-01 -3.154677601665423214e-02 6.483540000000000136e-02 -9.296813342142683512e-01 -3.181506252942804466e-03 3.683510483649261591e-01 5.238837199999999861e+00
1.655495918722756088e-01 4.224626425421169201e-02 9.852961919075329256e-01 -7.403606999999999827e-01 6.025996887968954052e-03 9.990200756038665197e-01 -4.384718807347706693e-02 5.924850000000000255e-02 -9.861830560258215694e-01 1.319627587647348617e-02 1.651327899315058190e-01 5.256863100000000344e+00
1.378859615876955047e-01 4.097274724866156737e-02 9.896002706042140717e-01 -7.161273999999999695e-01 4.586710294879517424e-03 9.991068536621654506e-01 -4.200544076615780192e-02 5.802539999999999781e-02 -9.904374910541843269e-01 1.033097034095255967e-02 1.375748791244497671e-01 5.259632599999999769e+00
1.121723876249489937e-01 3.770343088309598828e-02 9.929732155270662997e-01 -6.908060999999999785e-01 -1.559556448619422997e-03 9.992853581357108439e-01 -3.776692732097149119e-02 5.684499999999999970e-02 -9.936875380310461470e-01 2.687808629269688304e-03 1.121510251695037041e-01 5.262462099999999587e+00
8.821874436970882083e-02 3.373818355681421077e-02 9.955296018261429181e-01 -6.644303000000000292e-01 -5.908037013092322029e-03 9.994263816913300236e-01 -3.334670415540044036e-02 5.557680000000000259e-02 -9.960836050455222912e-01 -2.939821365760335661e-03 8.836746691997865444e-02 5.264738099999999754e+00
6.565141615746043768e-02 3.118810479345377959e-02 9.973550990875377220e-01 -6.372124999999999595e-01 -1.532775607355905262e-03 9.995133992169475956e-01 -3.115470084465635572e-02 5.413660000000000000e-02 -9.978414413900924540e-01 5.166286626603032450e-04 6.566727449321674293e-02 5.265860100000000266e+00
4.558542118624167583e-02 3.168257923304728524e-02 9.984579027422308961e-01 -6.091244999999999576e-01 6.354889487467055287e-03 9.994675137972244272e-01 -3.200475345315122178e-02 5.265120000000000217e-02 -9.989402308220820537e-01 7.804039795938721644e-03 4.535980828870833648e-02 5.266098500000000016e+00
2.872455546348029118e-02 3.399805989730834976e-02 9.990090249025003200e-01 -5.798948999999999909e-01 1.160717603953050417e-02 9.993426944915774213e-01 -3.434315697051133764e-02 5.118400000000000033e-02 -9.995199714752140974e-01 1.258216553431349555e-02 2.831105318871662835e-02 5.265850999999999615e+00
-2.825260957142165883e-03 3.780613299407398209e-02 9.992810986947360252e-01 -3.429009000000000085e-01 1.307751198203060440e-02 9.992010298850477756e-01 -3.776612975960938479e-02 3.829599999999999671e-02 -9.999104942848056066e-01 1.296141136968493798e-02 -3.317413815294711910e-03 5.267933799999999778e+00
-1.943639513833800639e-03 3.933405051046996725e-02 9.992242264556439046e-01 -3.053777999999999770e-01 1.206567103780608122e-02 9.991542995020283868e-01 -3.930782834269037213e-02 3.669940000000000008e-02 -9.999253181352332209e-01 1.197991056105019575e-02 -2.416587490972843533e-03 5.268040700000000243e+00
-1.231087940017113044e-03 3.993715969394502630e-02 9.992014349959991160e-01 -2.676324999999999954e-01 1.191519108517751120e-02 9.991318461241278648e-01 -3.991969791964634223e-02 3.467869999999999980e-02 -9.999282537481813948e-01 1.185653137188289429e-02 -1.705878055403009519e-03 5.267858499999999999e+00
7.732390264872208920e-05 3.454242729866513484e-02 9.994032293010314261e-01 -1.044666999999999957e-01 1.235950943228111137e-02 9.993268632049098210e-01 -3.454074410936783246e-02 2.633769999999999861e-02 -9.999236153564966534e-01 1.235480446433322513e-02 -3.496556029269903831e-04 5.267564799999999714e+00
-7.398445182544389565e-04 3.291917940631956807e-02 9.994577431073827789e-01 -6.254369999999999374e-02 1.008799011087755000e-02 9.994074048220648043e-01 -3.291005381867764118e-02 2.405380000000000018e-02 -9.999488412341961396e-01 1.005817150579405884e-02 -1.071494446269638523e-03 5.267525199999999685e+00
-4.493936389868822580e-03 2.764396784480658079e-02 9.996077308512172355e-01 6.413399999999999657e-02 1.311222421416036524e-02 9.995335159550935433e-01 -2.758296682023642088e-02 1.806659999999999863e-02 -9.999039324414529251e-01 1.298312459479522389e-02 -4.854313944794297342e-03 5.267579600000000362e+00
-6.089218744716678490e-03 2.637350184772764214e-02 9.996336127878888700e-01 1.073416999999999982e-01 1.041048131388588524e-02 9.995996440389952609e-01 -2.630919071213021557e-02 1.572149999999999936e-02 -9.999272690020470922e-01 1.024646462941792777e-02 -6.361341737861847534e-03 5.267278199999999799e+00
-7.180186719382187360e-03 3.106730235639698981e-02 9.994915045376677742e-01 1.503135999999999917e-01 7.533063368752802164e-03 9.994905887569526248e-01 -3.101315757162666914e-02 1.374189999999999960e-02 -9.999458474712301648e-01 7.306552578090428837e-03 -7.410561008887150969e-03 5.267497099999999932e+00
-7.987595068935022732e-03 3.589456835976311683e-02 9.993236604260309353e-01 1.941639000000000004e-01 8.763284987449647748e-03 9.993196778847456274e-01 -3.582438036529100173e-02 1.190079999999999957e-02 -9.999296991095141252e-01 8.471207387061212638e-03 -8.296715263400034068e-03 5.267173299999999614e+00
-1.357058310019576206e-02 1.887535037338662625e-02 9.997297436920653535e-01 4.164109999999999756e-01 -2.627291860957305797e-03 9.998176874249906643e-01 -1.891267431171609475e-02 -4.970000000000000459e-04 -9.999044637423109005e-01 -2.883237837153175206e-03 -1.351851795783765020e-02 5.266501899999999736e+00
-1.353661685338813404e-02 1.796283222265753626e-02 9.997470163309842839e-01 4.612526000000000126e-01 -5.122003732382625005e-03 9.998242622324853279e-01 -1.803357227595120404e-02 -2.329299999999999860e-03 -9.998952570554229258e-01 -5.364821507483128957e-03 -1.344223226487395451e-02 5.266415600000000197e+00
-1.178220087267907445e-02 3.547706065369577583e-02 9.993010346787248865e-01 5.492259000000000446e-01 3.421635085860824654e-04 9.993704880488551989e-01 -3.547549211958007931e-02 -6.896000000000000220e-03 -9.999305289202492508e-01 -7.605502605066011279e-05 -1.178692279196646986e-02 5.265340300000000084e+00
-9.870529790331726561e-03 3.487785207683972988e-02 9.993428381072055888e-01 6.383307999999999760e-01 3.548582812015213528e-03 9.993864520736434054e-01 -3.484432481311008911e-02 -1.150600000000000060e-02 -9.999449885877145228e-01 3.202318872525932586e-03 -9.988240693646677215e-03 5.264051900000000117e+00
-9.436204611701987793e-03 2.402652345136053677e-02 9.996667865910956463e-01 7.283669999999999867e-01 8.411240046810205401e-03 9.996778348249988344e-01 -2.394739235234841224e-02 -1.609450000000000117e-02 -9.999201013498032475e-01 8.182464814687625057e-03 -9.635257451431566977e-03 5.263542700000000352e+00
-1.029754608731420044e-02 2.460800357618804501e-02 9.996441400341292693e-01 7.726321999999999912e-01 7.681666709652543515e-03 9.996695932368054871e-01 -2.452949967532500747e-02 -1.823659999999999864e-02 -9.999174728652066024e-01 7.426339458593998397e-03 -1.048317419030486697e-02 5.263639500000000027e+00
-1.149457335310178664e-02 2.531909954637535931e-02 9.996133342355885132e-01 8.167588999999999544e-01 4.327491476898483527e-03 9.996712755804741946e-01 -2.527080522707834259e-02 -2.033650000000000041e-02 -9.999245709557030848e-01 4.035341059723977081e-03 -1.160036299363831347e-02 5.263500699999999810e+00
-1.367789972880159924e-02 2.569528323988944790e-02 9.995762439545224920e-01 8.604646999999999712e-01 2.227672397072324659e-03 9.996680620763348513e-01 -2.566716073577907098e-02 -2.223850000000000132e-02 -9.999039716566288094e-01 1.875655556559706685e-03 -1.373060018837402030e-02 5.263245099999999788e+00
-1.626233981890948602e-02 2.629166110180877411e-02 9.995220282015410129e-01 9.045178000000000385e-01 2.894578885335379742e-03 9.996512720511787631e-01 -2.624796562663212623e-02 -2.402699999999999975e-02 -9.998635695517118505e-01 2.466342021684426664e-03 -1.633277197358706800e-02 5.262901799999999852e+00
-2.320265256180025285e-02 2.575648589738891922e-02 9.993989395373170659e-01 1.034607099999999891e+00 -1.612324019933289443e-03 9.996658038195298523e-01 -2.580079621073924634e-02 -3.032620000000000107e-02 -9.997294820727009590e-01 -2.210001826007472123e-03 -2.315337052305588283e-02 5.260580100000000314e+00
-2.791661478821941614e-02 2.472263312834539414e-02 9.993044851445266330e-01 1.119652400000000103e+00 -7.706501411068600316e-04 9.996932811790929518e-01 -2.475378079686166299e-02 -3.448029999999999845e-02 -9.996099582922962634e-01 -1.461155905543352548e-03 -2.788899973633895968e-02 5.258593099999999687e+00
-3.076409916045870496e-02 2.555428629507841554e-02 9.991999542908290843e-01 1.203209900000000054e+00 -5.970098160633877798e-04 9.996724783830371885e-01 -2.558475215427308963e-02 -3.842240000000000238e-02 -9.995264947874694661e-01 -1.383624033191524147e-03 -3.073876709319656175e-02 5.256195100000000231e+00
-3.371765718079701435e-02 2.351262562894598784e-02 9.991547808174023881e-01 1.285725100000000065e+00 1.716541511414530763e-03 9.997231131795986103e-01 -2.346807320022525206e-02 -4.236999999999999794e-02 -9.994299240464425971e-01 9.238022107423190382e-04 -3.374868160384325577e-02 5.253538100000000099e+00
-3.532067571007385665e-02 2.325457816485805920e-02 9.991054371094963971e-01 1.326250600000000057e+00 5.108123318224092047e-04 9.997295273940253191e-01 -2.325104572445045245e-02 -4.412239999999999912e-02 -9.993758997184917225e-01 -3.108872678870729100e-04 -3.532300116016773295e-02 5.252488099999999882e+00
-3.664523486712087386e-02 2.250095070451118423e-02 9.990749891669427063e-01 1.366298000000000012e+00 -1.179942679073760561e-03 9.997448099470807037e-01 -2.255931557360650597e-02 -4.584690000000000293e-02 -9.993276412152359844e-01 -2.005542636949539034e-03 -3.660933353563988746e-02 5.251307500000000239e+00
-3.872215279881540545e-02 2.082145398756771876e-02 9.990330634851228853e-01 1.443736200000000025e+00 -1.957921305551647839e-03 9.997793843097445565e-01 -2.091289681965254055e-02 -4.941020000000000134e-02 -9.992480980351111652e-01 -2.765820506064492826e-03 -3.867284331597264924e-02 5.248777399999999815e+00
-3.903786061311364380e-02 2.314996946504832565e-02 9.989695312433298779e-01 1.481457400000000035e+00 -2.138707181039664271e-03 9.997273687867103131e-01 -2.325110815412191612e-02 -5.123599999999999682e-02 -9.992354434117839412e-01 -3.044176829330979758e-03 -3.897770666787470084e-02 5.247489500000000362e+00
-3.980267476973368274e-02 2.788584349225724235e-02 9.988183652766403631e-01 1.557065499999999991e+00 -3.174109442466922087e-03 9.996019248996909079e-01 -2.803420707065044232e-02 -5.472090000000000287e-02 -9.992025180664939610e-01 -4.286195230994424565e-03 -3.969831759684216976e-02 5.245059000000000360e+00
-4.056903619415921231e-02 2.877692509945477956e-02 9.987622549356265367e-01 1.594881100000000052e+00 -2.840223297925490928e-03 9.995778159488059034e-01 -2.891579144054640463e-02 -5.647819999999999924e-02 -9.991727010051341118e-01 -4.009793615091048619e-03 -4.047017570099553652e-02 5.243903200000000098e+00
-4.091090181654142427e-02 2.850892496328814862e-02 9.987559958818744699e-01 1.632716300000000009e+00 -1.632228210214980296e-03 9.995896157406563010e-01 -2.859957927167331923e-02 -5.838829999999999715e-02 -9.991614654016772734e-01 -2.800232291177571359e-03 -4.084757955483242498e-02 5.242620500000000128e+00
-4.170089440621874144e-02 2.799845919225396607e-02 9.987377642247143861e-01 1.669869499999999896e+00 -1.411613225708291397e-03 9.996046345563666113e-01 -2.808170083050117935e-02 -6.013779999999999820e-02 -9.991291421802401818e-01 -2.580863478073687489e-03 -4.164488431830670745e-02 5.241508500000000126e+00
-4.229902242182323469e-02 2.782036086208536374e-02 9.987175878213324642e-01 1.743408099999999905e+00 -8.207896875983401383e-03 9.995688361442888192e-01 -2.819170512801559558e-02 -6.398840000000000083e-02 -9.990712803053797275e-01 -9.389852536387764681e-03 -4.205243795921442818e-02 5.239175300000000313e+00
-4.251076841455462413e-02 2.672984927599327681e-02 9.987383790194942490e-01 1.780149600000000110e+00 -6.328616973737127838e-03 9.996147875095350299e-01 -2.702267935396131249e-02 -6.568319999999999714e-02 -9.990759646673540439e-01 -7.469387521742490432e-03 -4.232522975774855034e-02 5.237789600000000156e+00
-4.797701686022926709e-02 2.560424339996984766e-02 9.985202194112586804e-01 1.853158199999999978e+00 -9.444730119968448509e-03 9.996150816383988502e-01 -2.608611956612587671e-02 -6.891500000000000403e-02 -9.988037859991091283e-01 -1.068228818991300358e-02 -4.771672445666619300e-02 5.235164600000000057e+00
-5.947978688260342761e-02 2.896845205724226519e-02 9.978090918295978717e-01 1.924584899999999932e+00 -9.449276742286251071e-03 9.995177116862141720e-01 -2.958133185983560440e-02 -7.231980000000000353e-02 -9.981847855589902618e-01 -1.118806555939378181e-02 -5.917736955619889994e-02 5.231391399999999692e+00
-7.318845281732880292e-02 3.323874557816038772e-02 9.967640825022718865e-01 1.995998299999999892e+00 -7.521615326680103700e-03 9.993976430454316606e-01 -3.387884853582703859e-02 -7.600540000000000074e-02 -9.972897651520760132e-01 -9.976816507603125661e-03 -7.289435818559986124e-02 5.225686600000000404e+00
-8.516603643723062722e-02 3.089175202255021319e-02 9.958877677201133372e-01 2.068391300000000044e+00 -1.163310400690746593e-02 9.994202901331664668e-01 -3.199616479051347467e-02 -7.997419999999999529e-02 -9.962988593432883233e-01 -1.431025251749547082e-02 -8.475729788135499820e-02 5.219804299999999841e+00
-9.431401587524376740e-02 3.104507584320712402e-02 9.950583247606008541e-01 2.142748600000000003e+00 -1.597566038517480788e-02 9.993377601905772956e-01 -3.269280245769383419e-02 -8.323440000000000005e-02 -9.954143080570729829e-01 -1.898010334981749259e-02 -9.375559179104153706e-02 5.213545800000000341e+00
-9.938706030558328020e-02 2.458800636747102836e-02 9.947450136525878284e-01 2.218475600000000103e+00 -1.384722937262757893e-02 9.995636717232208035e-01 -2.609061919340271291e-02 -8.657850000000000268e-02 -9.949524945858047031e-01 -1.636753231450966545e-02 -9.900321915683996110e-02 5.206541500000000156e+00
-1.012422173381757051e-01 2.169713118880574332e-02 9.946251796162338676e-01 2.256756300000000159e+00 -1.409780950341530531e-02 9.996304780150060409e-01 -2.324132506325286146e-02 -8.838290000000000035e-02 -9.947619138244362391e-01 -1.637503959281093324e-02 -1.008989240907893770e-01 5.202900900000000384e+00
-1.024954254982739787e-01 2.171504143604109996e-02 9.944964277097021466e-01 2.295217800000000086e+00 -1.478756572031084647e-02 9.996179583171262983e-01 -2.335091668366743797e-02 -8.961850000000000371e-02 -9.946235547442032754e-01 -1.709954342463882240e-02 -1.021351553710749815e-01 5.199095699999999987e+00
-1.033109430091521952e-01 2.506385332413482714e-02 9.943332702424806380e-01 2.333893799999999796e+00 -1.354620130720073090e-02 9.995542936238881460e-01 -2.660290450674184654e-02 -9.139949999999999464e-02 -9.945568608605063199e-01 -1.621780979652578947e-02 -1.029253766604679710e-01 5.195350600000000263e+00
-1.047714780360090442e-01 3.505626420148898192e-02 9.938782600149704827e-01 2.453229400000000116e+00 9.262173892735092728e-05 9.993788557327344391e-01 -3.524051837791001424e-02 -9.669790000000000330e-02 -9.944963191542557368e-01 -3.600146464484102471e-03 -1.047096468052046703e-01 5.181475599999999737e+00
-1.056136824462453327e-01 3.253219029523915506e-02 9.938749451891512043e-01 2.493667400000000089e+00 -2.026127948109131965e-03 9.994556013107234183e-01 -3.293016571713799912e-02 -9.872390000000000332e-02 -9.944051713892491096e-01 -5.491593868325211555e-03 -1.054902721159814982e-01 5.177516500000000299e+00
-1.056005542185868423e-01 2.580889323065980318e-02 9.940736511843255574e-01 2.573995800000000056e+00 7.960856305590392062e-04 9.996650117044061368e-01 -2.586949210360310614e-02 -1.025941999999999965e-01 -9.944083111058539259e-01 -1.940464954068637712e-03 -1.055857253579569610e-01 5.168668300000000215e+00
-1.071637805198730753e-01 2.536723244727409621e-02 9.939177167465393925e-01 2.613987700000000025e+00 1.051029152592848279e-03 9.996767926591826336e-01 -2.540089676310759367e-02 -1.045163999999999954e-01 -9.942408256968773284e-01 -1.677419630150486785e-03 -1.071558061001619544e-01 5.164651899999999962e+00
-1.088688432787285332e-01 2.655338439204543016e-02 9.937014102538450633e-01 2.653553500000000120e+00 3.660025292914412254e-06 9.996431773382128405e-01 -2.671175748180386333e-02 -1.062754000000000060e-01 -9.940561226358179958e-01 -2.904441166690764284e-03 -1.088300935943425918e-01 5.160406100000000329e+00
-1.136973974599902876e-01 2.716441086296667723e-02 9.931439959005404772e-01 2.733774899999999786e+00 -5.689312107156202503e-04 9.996242014889056282e-01 -2.740678957749809533e-02 -1.099827000000000027e-01 -9.935152631580966842e-01 -3.681111263697765812e-03 -1.136392154661488574e-01 5.151565999999999867e+00
-1.157713948639275958e-01 2.741698697798373996e-02 9.928974231794088778e-01 2.774221900000000129e+00 -3.247498071925723762e-04 9.996178777041682117e-01 -2.764042531831253230e-02 -1.116795000000000010e-01 -9.932758321175562122e-01 -3.522413840472773255e-03 -1.157182523714956890e-01 5.146785699999999686e+00
-1.183592770169830943e-01 2.698557602511895970e-02 9.926040803012096125e-01 2.814524200000000143e+00 -5.132992882734555007e-04 9.996288515358805471e-01 -2.723776240620829486e-02 -1.135614000000000068e-01 -9.929707035294940143e-01 -3.733344833915104924e-03 -1.183014964761366361e-01 5.142429800000000384e+00
-1.202615271537821745e-01 2.735720977019611561e-02 9.923652292176653456e-01 2.855090399999999917e+00 -2.978068046163491814e-03 9.996057883752277329e-01 -2.791771762612427210e-02 -1.152967000000000020e-01 -9.927377781656908651e-01 -6.312758535622605208e-03 -1.201326470295164262e-01 5.137813099999999800e+00
-1.239008339739697678e-01 2.899321281216617890e-02 9.918709477302901645e-01 2.976109300000000069e+00 -4.234788968977427556e-03 9.995485004115512995e-01 -2.974662816870479037e-02 -1.214168000000000053e-01 -9.922855687265353941e-01 -7.885996186113514508e-03 -1.237221126606299348e-01 5.122976300000000371e+00
-1.251165814443238600e-01 2.739792594794576708e-02 9.917636788577391949e-01 3.018167000000000044e+00 -3.583495034506408924e-03 9.995996355996781269e-01 -2.806647595136065043e-02 -1.232266999999999946e-01 -9.921355752169275233e-01 -7.065561742814085999e-03 -1.249683088876333281e-01 5.117481200000000285e+00
-1.260136925539077080e-01 2.495641863656122145e-02 9.917145387951946667e-01 3.059021500000000060e+00 -5.964974645583013754e-03 9.996463800626564922e-01 -2.591397123376680545e-02 -1.250309000000000004e-01 -9.920105686767688447e-01 -9.181067283472092375e-03 -1.258202671954307128e-01 5.112644699999999709e+00
-1.315375897740741484e-01 2.284670462868475943e-02 9.910478750111105795e-01 3.185782199999999786e+00 -6.442634097115125871e-03 9.996935675613651817e-01 -2.390111801403727726e-02 -1.305160999999999960e-01 -9.912902475775290378e-01 -9.528854287892228950e-03 -1.313500894314200140e-01 5.095588700000000415e+00
-1.350311844754665813e-01 2.750229050662289509e-02 9.904595919249009617e-01 3.270785099999999890e+00 -5.609476417007071627e-03 9.995774761807679765e-01 -2.852021890542497107e-02 -1.342894000000000032e-01 -9.908254705009752472e-01 -9.407078663200315119e-03 -1.348198571336759466e-01 5.083606699999999812e+00
-1.366315701150632445e-01 3.541174607116981399e-02 9.899887990720317443e-01 3.356576000000000004e+00 -2.620949858240021607e-03 9.993444521972558725e-01 -3.610812213903116796e-02 -1.382147999999999988e-01 -9.906184657423529050e-01 -7.528220424349354664e-03 -1.364491891786435707e-01 5.071810700000000338e+00
-1.363878595751521761e-01 3.647401185442541993e-02 9.899838373527882762e-01 3.400363399999999814e+00 -2.273289409161945163e-04 9.993208068461818527e-01 -3.684933277345278646e-02 -1.403915000000000024e-01 -9.906554901084743125e-01 -5.250853601013287519e-03 -1.362869342761789948e-01 5.065877000000000407e+00
-1.362178776829470750e-01 3.564777033159780006e-02 9.900373357959479925e-01 3.443815700000000035e+00 3.256679410521056556e-03 9.993631091540257083e-01 -3.553547665666050015e-02 -1.427345999999999893e-01 -9.906735505900872152e-01 -1.616333005488423263e-03 -1.362472151232626549e-01 5.059904600000000308e+00
-1.361611753068637520e-01 3.365874853868035255e-02 9.901147524332034600e-01 3.488006100000000220e+00 3.490685393390544414e-03 9.994327733757417676e-01 -3.349547160374910515e-02 -1.450594000000000050e-01 -9.906805486404475225e-01 -1.104603676925077632e-03 -1.362014331649231691e-01 5.054027099999999884e+00
-1.341152358594640548e-01 2.975170532686496894e-02 9.905190253299045455e-01 3.577706800000000076e+00 1.705927446078997836e-03 9.995546604391550849e-01 -2.979212321930085894e-02 -1.491773000000000127e-01 -9.909642744932378733e-01 -2.305824041137044880e-03 -1.341062632899086005e-01 5.042066600000000065e+00
-1.302411055669840667e-01 2.291650932227231457e-02 9.912174776612707738e-01 3.668311800000000122e+00 2.667948294763503383e-03 9.997373310540718094e-01 -2.276292926619399165e-02 -1.533611000000000002e-01 -9.914787624919587650e-01 -3.201520943059959351e-04 -1.302680353350365028e-01 5.029683099999999740e+00
-1.290449047426250884e-01 2.290914551166534779e-02 9.913740886324859947e-01 3.713547900000000013e+00 1.088930829779328688e-03 9.997357769945168782e-01 -2.296062775312597559e-02 -1.552138999999999880e-01 -9.916381531534650406e-01 -1.883414212276715224e-03 -1.290357545848832554e-01 5.024347299999999628e+00
-1.272909897461588224e-01 2.696438098671226011e-02 9.914988280817312871e-01 3.758290300000000084e+00 2.302915677796883720e-03 9.996357454871569459e-01 -2.689001531641282278e-02 -1.574039000000000132e-01 -9.918627427768541560e-01 -1.139518468208906496e-03 -1.273067201244159063e-01 5.018496500000000360e+00
-1.260638387600563348e-01 3.347565078463306948e-02 9.914571545768499083e-01 3.803504699999999961e+00 2.798151536732332648e-03 9.994385032335453278e-01 -3.338934863497798611e-02 -1.592301000000000133e-01 -9.920181847653074536e-01 -1.434942101939697817e-03 -1.260867242659118315e-01 5.013227500000000170e+00
-1.232217404518621134e-01 3.442954177086256229e-02 9.917817347246632442e-01 3.895882400000000079e+00 -1.300329770457100270e-03 9.993915244918247787e-01 -3.485527099872566537e-02 -1.634760000000000102e-01 -9.923783108384131024e-01 -5.584570471842360828e-03 -1.231019932825745400e-01 5.001939300000000088e+00
-1.221433933781942843e-01 3.193097396443877328e-02 9.919986917107004309e-01 3.942439799999999828e+00 -8.338728365083827865e-04 9.994786974247644729e-01 -3.227441789078017154e-02 -1.659230999999999900e-01 -9.925121138354693340e-01 -4.769307683355216571e-03 -1.220530933408460195e-01 4.996187700000000120e+00
