9.999546073703968752e-01 1.864226419260311225e-03 -9.343867431266264512e-03 -6.477062999999999571e-01 -1.831726202223296152e-03 9.999922476828709828e-01 3.485592242315306739e-03 2.591059999999999891e-02 9.350292927787617198e-03 -3.468318615313752823e-03 9.999502701575450070e-01 -3.409046000000000021e-01
9.999339216929625795e-01 1.594895226001306031e-03 -1.138457539612893962e-02 -6.481517999999999446e-01 -1.571450630729730440e-03 9.999966269987149436e-01 2.067978265856567060e-03 2.555850000000000136e-02 1.138783520460518936e-02 -2.049951319166932410e-03 9.999330552136685979e-01 -3.124860999999999889e-01
9.999107553401898052e-01 -6.861092699274774645e-04 -1.334206165031762668e-02 -6.484868000000000299e-01 6.922600248904393081e-04 9.999996562411374024e-01 4.563920080925167998e-04 2.522059999999999927e-02 1.334174392907821506e-02 -4.655874534731531790e-04 9.999108865780260702e-01 -2.842999999999999972e-01
9.998306776661780582e-01 -4.416545385969388414e-03 -1.786365372606694285e-02 -6.499251999999999807e-01 4.389079005285216432e-03 9.999891253041643946e-01 -1.576470392272809459e-03 2.428239999999999912e-02 1.787042201730326685e-02 1.497798473100023188e-03 9.998391893783007411e-01 -1.980859000000000092e-01
9.997675463566187970e-01 -2.538358843692219494e-03 -2.141051112062931569e-02 -6.518758999999999526e-01 2.358913638354307590e-03 9.999619179744775321e-01 -8.402269172731936797e-03 2.270360000000000086e-02 2.143102373926005985e-02 8.349810487963477829e-03 9.997354609526973857e-01 -1.083603999999999956e-01
9.997492190160481851e-01 -1.092745167434027798e-03 -2.236749840283227750e-02 -6.529504999999999892e-01 8.174988899337454554e-04 9.999238815776514411e-01 -1.231108225331255419e-02 2.243109999999999896e-02 2.237924869978015832e-02 1.228970946287664782e-02 9.996740130007137903e-01 -7.761310000000000431e-02
9.997181625928965865e-01 6.058767766184977935e-04 -2.373243129589409223e-02 -6.537117000000000067e-01 -8.931901317783695528e-04 9.999264220592064545e-01 -1.209763114259393771e-02 2.205589999999999981e-02 2.372335543870791874e-02 1.211541915103721626e-02 9.996451465522769864e-01 -4.599879999999999941e-02
9.995676658748043897e-01 9.471224714587741719e-03 -2.783482063892898928e-02 -6.600464999999999804e-01 -9.374709909717943504e-03 9.999495909985234299e-01 3.595869296063423145e-03 2.266479999999999884e-02 2.786747479956160761e-02 -3.333371310178002544e-03 9.996060686510482851e-01 1.257034999999999958e-01
9.995132484346164192e-01 9.102799929575210169e-03 -2.983965879702705354e-02 -6.615704999999999503e-01 -9.180558449863474718e-03 9.999548074263403530e-01 -2.469909208726189277e-03 2.294650000000000162e-02 2.981582717667764088e-02 2.742651708262575788e-03 9.995516466453235882e-01 1.619191000000000102e-01
9.994978718539820894e-01 7.051139372907520506e-03 -3.089151328285047807e-02 -6.628743000000000274e-01 -7.079084454667702170e-03 9.999746266735626277e-01 -7.953441724772723938e-04 2.302140000000000089e-02 3.088512137979023894e-02 1.013628439244288002e-03 9.995224268793285738e-01 1.989312000000000025e-01
9.994740207140936361e-01 5.427439105778369619e-03 -3.197225081780295103e-02 -6.652168000000000525e-01 -4.920875995404371678e-03 9.998614576659131670e-01 1.590127207594580275e-02 2.150499999999999981e-02 3.205412449344525322e-02 -1.573557685464592112e-02 9.993622590052169130e-01 2.749841000000000091e-01
9.994735421103786432e-01 4.819530953297694945e-03 -3.208443146953837005e-02 -6.667138000000000231e-01 -4.223289525960433055e-03 9.998176122747705064e-01 1.862541303586676480e-02 2.144050000000000122e-02 3.216834541771167871e-02 -1.848010569685487950e-02 9.993116046792011042e-01 3.144143999999999828e-01
9.995443484838125725e-01 1.160377140429891870e-03 -3.016204467476488876e-02 -6.727522999999999698e-01 -9.809693351002105391e-04 9.999817444800364052e-01 5.962248386859491343e-03 2.340240000000000029e-02 3.016841250768986793e-02 -5.929943638432266274e-03 9.995272395763963313e-01 4.823139000000000176e-01
9.995051141510903348e-01 1.102573339595573458e-02 -2.946116068482404482e-02 -6.886254000000000541e-01 -1.133399098009841600e-02 9.998825457112686665e-01 -1.031675483937371900e-02 1.662720000000000170e-02 2.934395055678024056e-02 1.064556175286207086e-02 9.995126835516832120e-01 9.040489000000000441e-01
9.994953899711697121e-01 1.118756731417409542e-02 -2.972883724551330167e-02 -6.902570000000000094e-01 -1.149406825827307618e-02 9.998823329258705872e-01 -1.015906972082677301e-02 1.547319999999999945e-02 2.961168386386621790e-02 1.049564863690107680e-02 9.995063729353791393e-01 9.536670000000000424e-01
9.994318209637215178e-01 1.286041943789575752e-02 -3.115517384032764903e-02 -6.938408999999999827e-01 -1.308293005205697808e-02 9.998902701490351985e-01 -6.948712293833721361e-03 1.304780000000000002e-02 3.106239183309340152e-02 7.352365141291916130e-03 9.994904054269038163e-01 1.054202599999999990e+00
9.993899312434696425e-01 1.333813588701277669e-02 -3.227784782528780178e-02 -6.980530000000000346e-01 -1.355840487575917658e-02 9.998861997841747007e-01 -6.614917866942857452e-03 1.075120000000000069e-02 3.218594392584819136e-02 7.048518441558616204e-03 9.994570443002446236e-01 1.156005900000000031e+00
9.993647001334190483e-01 1.494379504369576332e-02 -3.235551138420486583e-02 -7.002159000000000022e-01 -1.519279145386682843e-02 9.998567273389267207e-01 -7.463503395213256890e-03 9.741400000000000753e-03 3.223934265894247420e-02 7.950332369345490882e-03 9.994485564550764645e-01 1.207401299999999900e+00
9.993531449467584205e-01 1.360092772189422025e-02 -3.329123683684751672e-02 -7.042572000000000276e-01 -1.373859237002454659e-02 9.998979766793817392e-01 -3.909899253035750873e-03 7.689299999999999607e-03 3.323466209717750725e-02 4.364744847341652835e-03 9.994380452222659805e-01 1.311687000000000047e+00
9.993202478739099393e-01 1.412752705576349362e-02 -3.405077339086523547e-02 -7.062311999999999479e-01 -1.415046434782136521e-02 9.998997835363844233e-01 -4.327154177765045462e-04 6.917699999999999717e-03 3.404124774400053843e-02 9.142555334344618524e-04 9.994200106005739492e-01 1.364100799999999891e+00
9.992141446418717488e-01 1.418507441655532733e-02 -3.701184690621987100e-02 -7.150718999999999825e-01 -1.417735191921895219e-02 9.998993853127220444e-01 4.711091160597411821e-04 3.785000000000000170e-03 3.701480568868744520e-02 5.399108633311161770e-05 9.993147158151886034e-01 1.577461800000000025e+00
9.992007421241078102e-01 1.377839337337699935e-02 -3.752376333312921336e-02 -7.175858999999999988e-01 -1.372530288952885508e-02 9.999044055056324209e-01 1.672097789788670654e-03 3.063800000000000204e-03 3.754321508905306831e-02 -1.155736335158725082e-03 9.992943366567733632e-01 1.631175599999999948e+00
9.991293844145049396e-01 1.435798564503570560e-02 -3.917041546511098454e-02 -7.224329000000000445e-01 -1.413729917853579973e-02 9.998826257702347897e-01 5.905205733687129456e-03 1.737499999999999895e-03 3.925060472692144115e-02 -5.346300687162006994e-03 9.992150955112384381e-01 1.738680500000000073e+00
9.990964375084804283e-01 1.579741670996139685e-02 -3.945567364974001540e-02 -7.253007000000000204e-01 -1.557256869904347259e-02 9.998607401649088899e-01 5.999615070484452285e-03 7.904999999999999701e-04 3.954495747850195891e-02 -5.379767854865591219e-03 9.992033098603362307e-01 1.791998100000000038e+00
9.990341403472391413e-01 1.794124057448495679e-02 -4.011107462162123716e-02 -7.302712000000000092e-01 -1.802765107559417546e-02 9.998358799474235115e-01 -1.793590381865387690e-03 -8.356000000000000363e-04 4.007231235341231212e-02 2.514966482827672364e-03 9.991936172365397661e-01 1.898723699999999903e+00
9.990265942380327502e-01 1.859976694385736401e-02 -3.999890841999642621e-02 -7.352180000000000382e-01 -1.858877986812824262e-02 9.998270046134073441e-01 6.466133279472696931e-04 -2.622600000000000105e-03 4.000401565057364051e-02 9.754699277665380410e-05 9.991995142194639579e-01 2.005740199999999973e+00
9.990507528946047655e-01 1.786978059574638802e-02 -3.972737195163250634e-02 -7.401925999999999783e-01 -1.771730652912373652e-02 9.998342701389442144e-01 4.186801294283825151e-03 -4.495500000000000364e-03 3.979560516032569495e-02 -3.478964958810774888e-03 9.992017847325628255e-01 2.113355599999999779e+00
9.990730599825435876e-01 1.708971113533329714e-02 -3.950901910232137992e-02 -7.449316000000000271e-01 -1.704797041224063656e-02 9.998537021824561721e-01 1.393175100097408629e-03 -5.989999999999999665e-03 3.952704797907501122e-02 -7.183351216727799915e-04 9.992182426640903170e-01 2.220440400000000203e+00
9.990711612215834592e-01 1.706779498770762474e-02 -3.956646546779839235e-02 -7.472474000000000061e-01 -1.711066122688982213e-02 9.998533243742336873e-01 -7.449900483169446912e-04 -6.779499999999999936e-03 3.954794669430398979e-02 1.421306459235466280e-03 9.992166630917508341e-01 2.274173999999999918e+00
9.991308163030673262e-01 1.448661970063692787e-02 -3.908643963340128341e-02 -7.522491000000000039e-01 -1.475125512595938139e-02 9.998701277190116254e-01 -6.490621493834230690e-03 -9.108200000000000324e-03 3.898733622312842290e-02 7.061553994446542401e-03 9.992147527280651476e-01 2.380731799999999954e+00
9.991563356544957974e-01 1.271731964477299144e-02 -3.904979772717499797e-02 -7.546678999999999471e-01 -1.305859493756172766e-02 9.998786306403668611e-01 -8.496886900598858011e-03 -1.007639999999999925e-02 3.893700065153064827e-02 8.999653870985935972e-03 9.992011390157965467e-01 2.434622000000000064e+00
9.992007518430263691e-01 1.002659774248942232e-02 -3.869528206437016643e-02 -7.589793999999999707e-01 -1.004059209785523876e-02 9.999495779838306619e-01 -1.673328520878513575e-04 -1.262500000000000080e-02 3.869165319103525652e-02 5.557226549340137361e-04 9.992510431046220942e-01 2.542186300000000010e+00
9.992275507251047184e-01 8.550206773758199305e-03 -3.835617076865587699e-02 -7.613839999999999497e-01 -8.336866067874390204e-03 9.999488958388421667e-01 5.718599028325909751e-03 -1.340610000000000065e-02 3.840310581287192243e-02 -5.394411442078260281e-03 9.992477679680445979e-01 2.596568599999999893e+00
9.992443468436478238e-01 4.280326143861401186e-03 -3.863177589904406156e-02 -7.696347000000000049e-01 -4.424813815811484002e-03 9.999835294055445800e-01 -3.655398791631566530e-03 -1.679939999999999906e-02 3.861549331171607730e-02 3.823574993724367273e-03 9.992468283415065766e-01 2.811251599999999851e+00
9.992545835457529169e-01 4.657156080032782454e-03 -3.832216277887001699e-02 -7.721449999999999703e-01 -4.978962706043044313e-03 9.999531069388781779e-01 -8.306253888267530264e-03 -1.765310000000000143e-02 3.828168221455045817e-02 8.490866889236966739e-03 9.992309132459290533e-01 2.864842700000000075e+00
9.992600649884724184e-01 7.688833713731365628e-03 -3.768559877932801949e-02 -7.746779999999999777e-01 -8.023703721578828024e-03 9.999295900988817154e-01 -8.742712580806036651e-03 -1.896420000000000050e-02 3.761572407680362218e-02 9.038621620847396218e-03 9.992514001097886345e-01 2.918577899999999836e+00
9.992350166625980634e-01 1.337167324184104951e-02 -3.675023578170567157e-02 -7.796402999999999528e-01 -1.348275858082657701e-02 9.999052485541370938e-01 -2.776532899226898631e-03 -2.146259999999999835e-02 3.670962675305586981e-02 3.269903454656433381e-03 9.993206247421537736e-01 3.026404400000000106e+00
9.992691133863355057e-01 1.114660482165237033e-02 -3.656490438982362007e-02 -7.841510999999999898e-01 -1.121330013361750665e-02 9.999358175793241488e-01 -1.619451166915258792e-03 -2.321929999999999827e-02 3.654450618356253760e-02 2.028280779015997903e-03 9.993299681010676672e-01 3.135185499999999958e+00
9.992494874641255631e-01 7.747386468100395454e-03 -3.795312642716493906e-02 -7.907699000000000256e-01 -7.606105759544828232e-03 9.999636019325698344e-01 3.865483826839975681e-03 -2.639659999999999923e-02 3.798169240380277339e-02 -3.573907239260319755e-03 9.992720441547376931e-01 3.297166600000000170e+00
9.992047193651023562e-01 7.429895438292145361e-03 -3.917557213727926313e-02 -7.952641000000000293e-01 -7.477936480169905704e-03 9.999714567237936169e-01 -1.079909113146233475e-03 -2.855950000000000155e-02 3.916643032630967580e-02 1.372002722357987215e-03 9.992317590749526524e-01 3.403892799999999941e+00
9.991250882267584954e-01 9.922163143045106479e-03 -4.062768458126860688e-02 -8.002097999999999711e-01 -9.995471590506356183e-03 9.999487613056114998e-01 -1.601658845273579157e-03 -3.047429999999999931e-02 4.060971095139232628e-02 2.006350402113255948e-03 9.991730710615195354e-01 3.510003799999999785e+00
9.990522395036059988e-01 1.275678502041796558e-02 -4.161594861074714019e-02 -8.054959000000000424e-01 -1.248509820080222557e-02 9.998990595006743698e-01 6.781823691540790969e-03 -3.230929999999999913e-02 4.169826214299383188e-02 -6.255816941827722563e-03 9.991106643854046343e-01 3.615839499999999873e+00
9.988857635840481253e-01 9.891027804817873956e-03 -4.614541015179692007e-02 -8.204991999999999841e-01 -9.613448372092660635e-03 9.999343611413044064e-01 6.233379446875186858e-03 -3.701080000000000342e-02 4.620403574916753797e-02 -5.782817470397692144e-03 9.989152847477076325e-01 3.924667799999999929e+00
9.988623786500124835e-01 9.716737028647727883e-03 -4.668547460565403151e-02 -8.231739999999999613e-01 -9.294458688359525864e-03 9.999139867886487343e-01 9.253759350679232470e-03 -3.808670000000000111e-02 4.677137538419667839e-02 -8.809315861405545706e-03 9.988667751000253059e-01 3.973415600000000047e+00
9.987218387309286793e-01 6.814984630127592959e-03 -5.008238039873918329e-02 -8.280410999999999744e-01 -6.296248430550513593e-03 9.999249653524809878e-01 1.050813592129378263e-02 -3.961499999999999744e-02 5.015023526977396146e-02 -1.017937371996525259e-02 9.986898088260717232e-01 4.068623999999999796e+00
9.983675941348081340e-01 4.995064282312807261e-03 -5.689636468431470695e-02 -8.336767000000000483e-01 -4.470970091616744899e-03 9.999464330771803411e-01 9.334955954053161808e-03 -4.133280000000000287e-02 5.693994562620199873e-02 -9.065335572377167250e-03 9.983364474379593512e-01 4.158803899999999665e+00
9.979427601378152435e-01 5.923425995836358211e-03 -6.383698389641215276e-02 -8.390883999999999565e-01 -5.227069050885129430e-03 9.999250651781315113e-01 1.106985897140686133e-02 -4.277159999999999990e-02 6.389777177379671325e-02 -1.071340529343533209e-02 9.978989416315473537e-01 4.245221599999999817e+00
9.975412525707288980e-01 7.925942990766182694e-03 -6.963209638757413000e-02 -8.450874999999999915e-01 -7.012944697494657639e-03 9.998863391352660335e-01 1.334643837679700372e-02 -4.371810000000000279e-02 6.972996505298974246e-02 -1.282529681461145286e-02 9.974834553692235595e-01 4.326654399999999789e+00
9.971451836568934191e-01 1.146402922141456782e-02 -7.463282618172002725e-02 -8.516380999999999535e-01 -1.039099376929222829e-02 9.998372192200876141e-01 1.474999358403047273e-02 -4.475549999999999667e-02 7.478977174953009566e-02 -1.393237582944714323e-02 9.971019902424226311e-01 4.402586499999999958e+00
9.964300732238117186e-01 1.726691917717660535e-02 -8.263753794322591106e-02 -8.612672999999999579e-01 -1.680050145352612184e-02 9.998387846638827625e-01 6.336231747655591412e-03 -4.641669999999999824e-02 8.273362270624511072e-02 -4.925259787948515003e-03 9.965595263153735894e-01 4.505850299999999642e+00
9.963218257406281086e-01 2.754115084034872846e-02 -8.114372781214018726e-02 -8.723049000000000497e-01 -2.726270240836015102e-02 9.996180042688336265e-01 4.537686523694714306e-03 -4.832709999999999784e-02 8.123770436352031887e-02 -2.308798818278805752e-03 9.966920812556714360e-01 4.623035400000000017e+00
9.971397372943788806e-01 3.065319707087968762e-02 -6.908491744100714316e-02 -8.769405000000000117e-01 -3.019211164501664837e-02 9.995143879994893288e-01 7.708733775477792823e-03 -4.919079999999999980e-02 6.928766631163016387e-02 -5.600865231386586117e-03 9.975809990200034116e-01 4.675987700000000302e+00
9.983966236985950538e-01 3.055306637749391485e-02 -4.765177774415518819e-02 -8.794752000000000125e-01 -3.004376929443586253e-02 9.994839380772770898e-01 1.136791327027086330e-02 -4.999710000000000265e-02 4.797451108483155591e-02 -9.918047210521753823e-03 9.987993184948120717e-01 4.724093400000000109e+00
9.907646137551689991e-01 1.813875524206551987e-02 1.343743490731737489e-01 -8.669681000000000193e-01 -1.718677903955279085e-02 9.998183320228877236e-01 -8.241212120568957092e-03 -5.357800000000000062e-02 -1.344994228865548092e-01 5.855639097405548193e-03 9.908963703303915738e-01 4.886197100000000404e+00
9.776556117931805012e-01 1.231598294348207334e-02 2.098519032399700224e-01 -8.569388000000000005e-01 -1.028920987525918859e-02 9.998893090290641439e-01 -1.074717867737454667e-02 -5.469630000000000325e-02 -2.099610365983287374e-01 8.347829269720602810e-03 9.776741158775958951e-01 4.922274100000000097e+00
8.817725650403278603e-01 1.113107495295348644e-02 4.715434685292463901e-01 -8.109534000000000464e-01 -5.899411040639448642e-03 9.999035710776233987e-01 -1.257161467711290226e-02 -5.865349999999999731e-02 -4.716379336859730098e-01 8.303476176153620075e-03 8.817532034485713321e-01 5.016816600000000292e+00
6.910113589096930076e-01 2.932027237940401654e-02 7.222490037967357335e-01 -7.380714000000000441e-01 -8.752571129438209072e-03 9.994431478972418681e-01 -3.219917110541865857e-02 -6.241990000000000038e-02 -7.227909063874584650e-01 1.592845720242425447e-02 6.908831955509895373e-01 5.093384699999999654e+00
6.505334971174712155e-01 2.679587972601450013e-02 7.590047101025276799e-01 -7.226936000000000471e-01 -4.942520487672319787e-03 9.995056016239064478e-01 -3.105034321326967037e-02 -6.309910000000000518e-02 -7.594614806685997532e-01 1.644789202730452191e-02 6.503443135974328326e-01 5.104099800000000187e+00
6.068970709260317342e-01 2.478554411604295613e-02 7.943938708879084709e-01 -7.066951999999999678e-01 -3.721354830869799679e-03 9.995912784249256777e-01 -2.834479873002276190e-02 -6.384070000000000022e-02 -7.947717262331531751e-01 1.424615385619663888e-02 6.067412548036268394e-01 5.114144300000000420e+00
4.116832102331422494e-01 1.723071410028966313e-02 9.111641108514580978e-01 -6.343491999999999464e-01 -1.423809369330154839e-03 9.998321821918008112e-01 -1.826417861447439395e-02 -6.683980000000000476e-02 -9.113259061274479045e-01 6.221731686250635621e-03 4.116386557113047573e-01 5.146978899999999690e+00
3.609692752878769229e-01 2.217971693116602139e-02 9.323139184067766871e-01 -6.145424999999999915e-01 -4.876988825854458240e-03 9.997483643625380001e-01 -2.189572867987034030e-02 -6.767430000000000667e-02 -9.325649560637249147e-01 3.356800751214337325e-03 3.609866127858195606e-01 5.153139600000000264e+00
2.641638624165409399e-01 2.914156243835507726e-02 9.640374594028110478e-01 -5.728955999999999493e-01 -3.609449921514816528e-03 9.995662978375883245e-01 -2.922649651466533577e-02 -6.925670000000000437e-02 -9.644710600450586702e-01 4.240939272038753496e-03 2.641544789884358035e-01 5.162327799999999911e+00
1.879869262491323523e-01 2.865818940779720977e-02 9.817533415982194756e-01 -5.274670999999999665e-01 1.131834713482573682e-02 9.994446372260159528e-01 -3.134185920287852617e-02 -7.093199999999999505e-02 -9.821063132764898951e-01 1.700368489546601886e-02 1.875581619723248883e-01 5.168229600000000090e+00
1.576376674549610779e-01 2.991417199100809138e-02 9.870438227928134411e-01 -5.037209000000000270e-01 1.560182231410476954e-02 9.993408568733209707e-01 -3.277857416325012652e-02 -7.170340000000000047e-02 -9.873737635464280293e-01 2.056682031304239017e-02 1.570670460738751162e-01 5.170835000000000292e+00
1.294862143865864179e-01 2.854499062421691005e-02 9.911702698296062097e-01 -4.787583000000000255e-01 1.372469023485788434e-02 9.994382099599644631e-01 -3.057609114944659714e-02 -7.265770000000000561e-02 -9.914862344792226834e-01 1.756268721709290312e-02 1.290216991669478341e-01 5.173633599999999610e+00
3.743170232458586238e-02 1.913261034742760880e-02 9.991160147262064806e-01 -3.681919000000000164e-01 1.448958158646867535e-02 9.997011989639523755e-01 -1.968666593115923902e-02 -7.680869999999999365e-02 -9.991941351341754318e-01 1.521367842862152847e-02 3.714329417455908278e-02 5.179250699999999874e+00
1.993571248624758166e-02 2.160218268068158504e-02 9.995678631644256962e-01 -3.382345999999999964e-01 1.943314183052776561e-02 9.995693082111315464e-01 -2.198979492661175955e-02 -7.779410000000000491e-02 -9.996123850604593519e-01 1.986312628340033276e-02 1.950732805869181963e-02 5.178941700000000203e+00
5.471099770690009308e-03 2.696689402907326977e-02 9.996213551609048897e-01 -3.072217999999999893e-01 1.991673521378141409e-02 9.994350860813774329e-01 -2.707087674852584960e-02 -7.851760000000000683e-02 -9.997866726085736788e-01 2.005730131235232763e-02 4.930916582364219813e-03 5.179024199999999745e+00
-1.148456258726431728e-02 3.135490504443405602e-02 9.994423318790504052e-01 -2.419389999999999874e-01 1.968158438353309614e-02 9.993217060026365894e-01 -3.112496021096078716e-02 -8.041070000000000162e-02 -9.997403363165524581e-01 1.931315203778373110e-02 -1.209388688686874325e-02 5.178126800000000252e+00
-1.177771602472834321e-02 2.607070908880473187e-02 9.995907180105502166e-01 -1.352266000000000024e-01 2.601561803714150245e-02 9.993296480684346061e-01 -2.575737000479906558e-02 -8.444580000000000142e-02 -9.995921533422448269e-01 2.570160732377411994e-02 -1.244806641965356953e-02 5.176345300000000371e+00
-9.350916584655612901e-03 2.764237881024848853e-02 9.995741389475508720e-01 -5.953470000000000290e-02 2.141540391408984501e-02 9.993941105200702113e-01 -2.743706130390275930e-02 -8.712110000000000687e-02 -9.997269331343551224e-01 2.114972225605949233e-02 -9.937223670037020895e-03 5.176678700000000077e+00
-6.731480885081251100e-03 2.641026635693184688e-02 9.996285235006299175e-01 6.056000000000000272e-02 1.930964445545391844e-02 9.994682133252053013e-01 -2.627600014320648561e-02 -9.184169999999999834e-02 -9.997908905346644115e-01 1.912559498362713731e-02 -7.237874026571167185e-03 5.175973400000000169e+00
-6.219439435853891390e-03 2.524796059477715446e-02 9.996618723643050375e-01 1.020410000000000067e-01 2.031237287952184292e-02 9.994781371008650828e-01 -2.511694578143420370e-02 -9.326570000000000693e-02 -9.997743375787891962e-01 2.014929138180347745e-02 -6.729039731207531183e-03 5.175464599999999749e+00
-6.959671177724806833e-03 2.293983474448387655e-02 9.997126221864925943e-01 1.441207999999999934e-01 2.092419848658749054e-02 9.995212874105835477e-01 -2.278977689192196454e-02 -9.481879999999999475e-02 -9.997568408842177901e-01 2.075957598279553479e-02 -7.436337150956928710e-03 5.175424600000000375e+00
-8.055603908756330325e-03 2.131150644882956816e-02 9.997404297809238116e-01 1.862871999999999861e-01 1.870432053110087853e-02 9.996011679033250941e-01 -2.115782407947979296e-02 -9.632899999999999796e-02 -9.997926063134967567e-01 1.852902639616751598e-02 -8.451008322978958986e-03 5.175327799999999812e+00
-1.330529931982872907e-02 1.526928753618266889e-02 9.997948878985865040e-01 3.605666000000000149e-01 1.859447210890089949e-02 9.997142727626564529e-01 -1.502060057468398643e-02 -1.022602999999999984e-01 -9.997385731364980543e-01 1.839080457104220676e-02 -1.358542197462642154e-02 5.173495299999999908e+00
-1.492589613495684357e-02 2.486420628308579767e-02 9.995794059855777070e-01 4.495859999999999856e-01 1.696692475192939503e-02 9.995531309244569673e-01 -2.461019958427191137e-02 -1.048536999999999941e-01 -9.997446379396243143e-01 1.659245928208017903e-02 -1.534109533057093078e-02 5.172430999999999557e+00
-1.781313142939232666e-02 2.408810060354343169e-02 9.995511271355719263e-01 5.404852999999999463e-01 1.416069741611839135e-02 9.996155551421626040e-01 -2.383729360718781637e-02 -1.084567000000000031e-01 -9.997410499711252285e-01 1.372972421936106448e-02 -1.814738756658806906e-02 5.171879299999999624e+00
-1.955719975514002076e-02 1.497615069961108665e-02 9.996965693889126037e-01 6.323396000000000017e-01 9.677476657839296018e-03 9.998438032522224406e-01 -1.478903457525308426e-02 -1.116744999999999960e-01 -9.997619028465103419e-01 9.385308111809327614e-03 -1.969907633296241745e-02 5.171118700000000068e+00
-2.001847834784143201e-02 7.949251586417257695e-03 9.997680080517945544e-01 7.234178999999999471e-01 3.100891247083726893e-03 9.999640756318696200e-01 -7.888721010044119630e-03 -1.146226000000000050e-01 -9.997948014458322152e-01 2.942251674550413251e-03 -2.004240896132103433e-02 5.170360999999999763e+00
-1.946797433066690952e-02 1.443494757144234836e-02 9.997062719939643349e-01 7.682371999999999534e-01 6.393281801154243431e-03 9.998771256749251490e-01 -1.431291374462319299e-02 -1.166106999999999977e-01 -9.997900399200182475e-01 6.112760477861390283e-03 -1.955786890406951972e-02 5.169799300000000208e+00
-1.778772920837633220e-02 3.091401637365263910e-02 9.993637577385217075e-01 8.578409999999999647e-01 1.044917160149124065e-02 9.994730587283227052e-01 -3.073141209077992486e-02 -1.194776000000000032e-01 -9.997871831057105751e-01 9.895881360459110945e-03 -1.810138198170663237e-02 5.168225299999999578e+00
-1.524086772345560961e-02 1.742920228176177491e-02 9.997319334996044304e-01 9.478777999999999926e-01 1.493822131680298294e-02 9.997404432538240515e-01 -1.720161813719115612e-02 -1.233765000000000001e-01 -9.997722568139837396e-01 1.467204929343412546e-02 -1.549727313448068244e-02 5.166306500000000135e+00
-1.522875987016111127e-02 1.473829574002762793e-02 9.997754085350851749e-01 9.923148000000000524e-01 1.628466072665429865e-02 9.997623958664652033e-01 -1.449005301449849889e-02 -1.247445999999999972e-01 -9.997514164520271418e-01 1.606033779298235778e-02 -1.546514959968281477e-02 5.166085200000000377e+00
-1.854928573443293330e-02 1.619966709983431882e-02 9.996967013972771765e-01 1.123963499999999893e+00 1.000173661368855549e-02 9.998217088257170815e-01 -1.601611143609586729e-02 -1.295910000000000117e-01 -9.997779199719568632e-01 9.701615673566157949e-03 -1.870800336405920028e-02 5.165045300000000061e+00
-2.076411194911281441e-02 1.653632446851567919e-02 9.996476387347877912e-01 1.167496199999999984e+00 1.032022994532675805e-02 9.998134810859958810e-01 -1.632470191392944650e-02 -1.310499999999999998e-01 -9.997311361105246652e-01 9.977625557969216352e-03 -2.093089772046741182e-02 5.164477800000000229e+00
-2.299939067788529801e-02 1.642321839508325068e-02 9.996005731921092652e-01 1.210836500000000093e+00 8.796843949728141987e-03 9.998296747715174071e-01 -1.622457958795968380e-02 -1.328911000000000120e-01 -9.996967758100304691e-01 8.420174809901861609e-03 -2.313994579078693103e-02 5.163643800000000006e+00
-2.552028291575843960e-02 1.662181516161741895e-02 9.995361076122425414e-01 1.254184100000000024e+00 6.869673495724175002e-03 9.998410654162950273e-01 -1.645148908975052615e-02 -1.344749000000000083e-01 -9.996507003678644088e-01 6.446640050527181406e-03 -2.563041330328375000e-02 5.163059699999999808e+00
-2.931107848504933833e-02 1.453246645464648448e-02 9.994646907704083372e-01 1.339047600000000005e+00 5.589112840972452513e-03 9.998810591306634965e-01 -1.437460988665333061e-02 -1.376323999999999881e-01 -9.995547121071934882e-01 5.164785618703791187e-03 -2.938881579476582129e-02 5.160854800000000075e+00
-3.380771589272441036e-02 1.583207977639877750e-02 9.993029488578879516e-01 1.423561000000000076e+00 5.040469793774830266e-03 9.998645061361635111e-01 -1.567045096172378638e-02 -1.403572999999999904e-01 -9.994156452699622939e-01 4.507174174523470404e-03 -3.388293627455618573e-02 5.158929800000000121e+00
-3.577369759283768186e-02 1.480725080034427966e-02 9.992502128517520843e-01 1.506680000000000019e+00 7.690678984326250120e-03 9.998646968565920723e-01 -1.454102598290120049e-02 -1.433274999999999966e-01 -9.993303237755252200e-01 7.164726345860599442e-03 -3.588273511164785656e-02 5.156106000000000300e+00
-3.886610391229335798e-02 1.390152911063137486e-02 9.991477235399501833e-01 1.589332799999999990e+00 6.734196878667917524e-03 9.998841597912581092e-01 -1.364982017936800310e-02 -1.461598000000000064e-01 -9.992217354316696998e-01 6.197942151715450654e-03 -3.895521728864870248e-02 5.153505799999999581e+00
-4.129858111960930250e-02 1.174909065421821976e-02 9.990777677770165122e-01 1.669148000000000076e+00 3.948190499676233409e-03 9.999249712296199855e-01 -1.159584853393763430e-02 -1.489655000000000007e-01 -9.991390488762238453e-01 3.465657259845428620e-03 -4.134187018595025798e-02 5.151110199999999750e+00
-4.207074758102835599e-02 1.149932315819015421e-02 9.990484561646032491e-01 1.707770800000000033e+00 4.040943072696493756e-03 9.999275431940111147e-01 -1.133927427449612883e-02 -1.503169000000000033e-01 -9.991064622837032561e-01 3.560046192472105398e-03 -4.211416737928985743e-02 5.149584800000000406e+00
-4.291176818680439431e-02 1.677693890296618612e-02 9.989379933069560957e-01 1.783543899999999960e+00 4.232266448981896953e-03 9.998530788049845297e-01 -1.661050044093344280e-02 -1.531608000000000136e-01 -9.990699014942782119e-01 3.514985809298183141e-03 -4.297646801417775997e-02 5.147139499999999757e+00
-4.339780764833648524e-02 1.911057083092482234e-02 9.988750754593059833e-01 1.858468500000000079e+00 2.706681852309317585e-03 9.998156114677013706e-01 -1.901096890789301733e-02 -1.561294000000000015e-01 -9.990542048180711676e-01 1.878602667596557946e-03 -4.344153182553456283e-02 5.144547499999999829e+00
-4.342943042045240704e-02 1.898252609653764897e-02 9.988761426104586505e-01 1.895614099999999969e+00 4.219081611834330121e-03 9.998140443080727469e-01 -1.881691140139026691e-02 -1.574856000000000034e-01 -9.990475884179430555e-01 3.397132221353293957e-03 -4.350144329746863381e-02 5.143007299999999837e+00
-4.378652490004420611e-02 1.872384619399043715e-02 9.988654352919020818e-01 1.932709500000000080e+00 4.821911594590486995e-03 9.998166717213443633e-01 -1.853030265882259914e-02 -1.587204999999999866e-01 -9.990292735479532338e-01 4.005063265093801624e-03 -4.386878232286406387e-02 5.141582500000000167e+00
-4.439389324108656415e-02 1.730112537599480874e-02 9.988642817238100324e-01 2.042908199999999841e+00 -7.914468555025866436e-05 9.998499646949130515e-01 -1.732171572621682420e-02 -1.632519000000000053e-01 -9.990141019920677490e-01 -8.480331981865363994e-04 -4.438586329764260263e-02 5.137917500000000359e+00
-4.906318319758098262e-02 1.637642695474148674e-02 9.986614124390290614e-01 2.114974699999999874e+00 -2.939693844526488839e-03 9.998588752791757184e-01 -1.654048746447053797e-02 -1.656683999999999934e-01 -9.987913507107583078e-01 -3.747287773559754634e-03 -4.900811748803524104e-02 5.135188099999999700e+00
-6.039122226361385432e-02 1.954612308467393311e-02 9.979833913176437976e-01 2.185979600000000023e+00 -3.350905886590404767e-03 9.997986532071350130e-01 -1.978445033197451935e-02 -1.684083000000000108e-01 -9.981691598638208207e-01 -4.538955558047451030e-03 -6.031356546578936495e-02 5.131529800000000030e+00
-7.410521400713933338e-02 2.426851753358559918e-02 9.969550924257712943e-01 2.257487799999999822e+00 -1.514604395589282809e-03 9.996999576345400040e-01 -2.444791768277632116e-02 -1.708647000000000082e-01 -9.972492783805266825e-01 -3.321710737104252922e-03 -7.404622210010491923e-02 5.126087199999999733e+00
-8.068126140494880083e-02 2.358312330684085231e-02 9.964609226423285504e-01 2.293426300000000140e+00 -5.356270100130632733e-03 9.996953638357753968e-01 -2.409335792020604605e-02 -1.720835000000000004e-01 -9.967255612397630804e-01 -7.281196354380825228e-03 -8.053036539671343252e-02 5.123628599999999977e+00
-9.038067914804187586e-02 2.270619248985956268e-02 9.956484126735462015e-01 2.365988300000000155e+00 -7.880584431508817767e-03 9.996924518802130510e-01 -2.351378410094568522e-02 -1.751569000000000043e-01 -9.958761113842206081e-01 -9.971483156555514815e-03 -9.017394467307038308e-02 5.117402600000000135e+00
-9.453633374496756003e-02 2.184785256593070601e-02 9.952816450333631382e-01 2.402939799999999959e+00 -1.011563324320967350e-02 9.996864597734141933e-01 -2.290537294581006245e-02 -1.766202000000000050e-01 -9.954700174119505141e-01 -1.223329407621395054e-02 -9.428568793775593537e-02 5.114248299999999858e+00
-1.008037862437239640e-01 1.275216139944273380e-02 9.948245971318622205e-01 2.516595600000000044e+00 -8.328960113837460127e-03 9.998719970171516813e-01 -1.366082004694569273e-02 -1.805586000000000135e-01 -9.948714615981059106e-01 -9.662916773701997128e-03 -1.006846708147411951e-01 5.103344899999999740e+00
-1.019558568559805062e-01 1.255725951815850859e-02 9.947096654231106783e-01 2.554975999999999914e+00 -8.974340738578853380e-03 9.998680258742115301e-01 -1.354223182178568470e-02 -1.815354000000000134e-01 -9.947484428040442861e-01 -1.030757332259724622e-02 -1.018297081952441729e-01 5.099626500000000284e+00
-1.025350078307254859e-01 1.628647601930889935e-02 9.945960601510673849e-01 2.593613099999999783e+00 -7.463841892144397992e-03 9.998252136068558338e-01 -1.714156644575612690e-02 -1.827176000000000078e-01 -9.947013940039303170e-01 -9.181118389263810686e-03 -1.023955264245474117e-01 5.095830000000000304e+00
-1.033218423039085759e-01 2.480383003444876222e-02 9.943386580630103611e-01 2.672317300000000007e+00 5.711226580581915679e-03 9.996873317951936455e-01 -2.434379878227049820e-02 -1.856209000000000053e-01 -9.946315794272125865e-01 3.163647235169783287e-03 -1.034311971423510501e-01 5.086980299999999566e+00
-1.046320520648705010e-01 2.386496626918197667e-02 9.942246210317188249e-01 2.751761199999999796e+00 4.193748148791929045e-03 9.997137374107576413e-01 -2.355537536697864531e-02 -1.884125000000000105e-01 -9.945021599560045500e-01 1.704880402129845679e-03 -1.047021834808410379e-01 5.079091499999999648e+00
-1.059120213480670702e-01 1.633258995726850210e-02 9.942413641763525600e-01 2.871411600000000064e+00 6.830899306561584797e-03 9.998534589419335594e-01 -1.569711618466109598e-02 -1.931188000000000071e-01 -9.943520415570283877e-01 5.129049340654176850e-03 -1.060080671658102380e-01 5.066811999999999649e+00
-1.077754463849146527e-01 1.760445179125204318e-02 9.940193843349643954e-01 2.910776900000000111e+00 5.618574885859121612e-03 9.998380265133210987e-01 -1.709831436719394526e-02 -1.943619000000000041e-01 -9.941593860004461769e-01 3.742193885527649033e-03 -1.078569015507989670e-01 5.062850499999999698e+00
-1.122253925424457066e-01 1.833174505607175486e-02 9.935136679441772811e-01 2.989718900000000179e+00 5.915926165755727023e-03 9.998244224357422105e-01 -1.777993584454106574e-02 -1.972644000000000064e-01 -9.936651664853181076e-01 3.882193224693780004e-03 -1.123141375316163426e-01 5.054354199999999686e+00
-1.140611415494593578e-01 1.862034866777369929e-02 9.932992190694224233e-01 3.029311400000000098e+00 6.081379368592060124e-03 9.998186947847830242e-01 -1.804423408815894123e-02 -1.985481000000000051e-01 -9.934551186708985293e-01 3.982483439206311281e-03 -1.141536990738669655e-01 5.049712200000000095e+00
-1.160736287730117361e-01 1.838927432937915302e-02 9.930703637170449349e-01 3.068804500000000157e+00 6.297439880290797015e-03 9.998221225159441561e-01 -1.777823328304764527e-02 -1.999666999999999972e-01 -9.932206476681902929e-01 4.190216862070134975e-03 -1.161687872374917996e-01 5.045250900000000094e+00
-1.177055828805275844e-01 1.867536629176894114e-02 9.928729155600043432e-01 3.108512900000000023e+00 3.860386464762542193e-03 9.998242001680166524e-01 -1.834846518726762632e-02 -2.012530999999999903e-01 -9.930410329765321231e-01 1.673156374626760465e-03 -1.177569843900909685e-01 5.040872600000000148e+00
-1.190135418873550371e-01 2.023676409080762614e-02 9.926863805989080136e-01 3.148473300000000030e+00 4.105104562013239811e-03 9.997937568534027708e-01 -1.988949153432475331e-02 -2.027073000000000069e-01 -9.928841447842552403e-01 1.707962555806441171e-03 -1.190720701925780389e-01 5.036385100000000392e+00
-1.225065727256985371e-01 1.896667345161933901e-02 9.922864530654357251e-01 3.270091999999999999e+00 3.247270825388174492e-03 9.998196837986408347e-01 -1.870976004582759755e-02 -2.069861000000000062e-01 -9.924623896507062115e-01 9.301542697327559728e-04 -1.225460727312172038e-01 5.022569700000000026e+00
-1.234009227686335558e-01 1.680594678551217136e-02 9.922145798225766589e-01 3.311207299999999965e+00 1.097654506282063139e-03 9.998582860141791429e-01 -1.679890006437102096e-02 -2.082945999999999964e-01 -9.923562905602173467e-01 -9.838909647004265985e-04 -1.234018822552355177e-01 5.017592399999999841e+00
-1.254050343948058255e-01 1.473223658581334847e-02 9.919962391832025661e-01 3.352851199999999920e+00 -1.683934430358593158e-03 9.998851395501687778e-01 -1.506227312106810969e-02 -2.096101999999999965e-01 -9.921041990200788474e-01 -3.559341500758336427e-03 -1.253658221957211216e-01 5.012970900000000007e+00
-1.314335020900836704e-01 1.626845140656062172e-02 9.911914910940109458e-01 3.478892300000000048e+00 -3.417734307932691895e-05 9.998652585438386753e-01 -1.641534614231110467e-02 -2.133204999999999962e-01 -9.913249887702042518e-01 -2.191402723153317890e-03 -1.314152365361785924e-01 4.996728899999999918e+00
-1.329735804772469443e-01 1.979397449536994189e-02 9.909219068467189917e-01 3.521276199999999967e+00 1.556085842934713803e-03 9.998034903453930644e-01 -1.976257296049747925e-02 -2.147469999999999934e-01 -9.911183609902050051e-01 -1.085940535302126059e-03 -1.329782510083631353e-01 4.991167100000000190e+00
-1.332413764732150452e-01 2.366103154689270030e-02 9.908011360417693369e-01 3.564000399999999846e+00 3.432359213493892114e-03 9.997199990337461983e-01 -2.341244203828067583e-02 -2.163548000000000138e-01 -9.910776732959699631e-01 2.812794042533102445e-04 -1.332852819186883808e-01 4.985297700000000276e+00
-1.342469403120547244e-01 2.765816628373573421e-02 9.905618531190634179e-01 3.607052299999999878e+00 4.705663881351065600e-03 9.996169396518079786e-01 -2.727325958863990873e-02 -2.179821000000000120e-01 -9.909367364995040894e-01 9.998994823552462968e-04 -1.343256656664608695e-01 4.979398699999999955e+00
-1.334347947050465999e-01 2.811526151549276556e-02 9.906587140039390116e-01 3.694497099999999978e+00 1.053169351205847024e-02 9.995813043614844018e-01 -2.694994253726048367e-02 -2.214664000000000077e-01 -9.910016342033906023e-01 6.837253901167324524e-03 -1.336750274557698681e-01 4.967456799999999895e+00
-1.333889075021439941e-01 2.581237144409000844e-02 9.907275714523223753e-01 3.738513699999999940e+00 1.069603238108195360e-02 9.996400421624709320e-01 -2.460449139315842165e-02 -2.234867000000000103e-01 -9.910060515691551108e-01 7.314887958505411278e-03 -1.336169830802477199e-01 4.961648900000000140e+00
-1.312423868263149218e-01 2.200586025029897461e-02 9.911060377249127917e-01 3.827876799999999857e+00 9.230897118998770967e-03 9.997373823614282840e-01 -2.097514833076796065e-02 -2.268121999999999916e-01 -9.913073319806076089e-01 6.395969337291201526e-03 -1.314110540925916837e-01 4.950349799999999689e+00
-1.278316600127459290e-01 1.526942603321989125e-02 9.916783305724704567e-01 3.917397699999999983e+00 1.031603167205097718e-02 9.998478599355868912e-01 -1.406543539206434393e-02 -2.301208999999999893e-01 -9.917422276927242430e-01 8.432177111702632288e-03 -1.279697315783302480e-01 4.938904800000000428e+00
-1.263579100505945185e-01 1.518537839382876412e-02 9.918684806216409022e-01 3.962210699999999974e+00 8.586125177040469098e-03 9.998621116668219289e-01 -1.421394060800659082e-02 -2.315632999999999997e-01 -9.919475575967160452e-01 6.720263104967361817e-03 -1.264708703287439340e-01 4.933638099999999582e+00
-1.246047617239340738e-01 1.922393313656140662e-02 9.920202083377550606e-01 4.006820699999999569e+00 9.926725214528137400e-03 9.997864029646689188e-01 -1.812756391476464182e-02 -2.334041000000000032e-01 -9.921567988388918513e-01 7.588731233193216942e-03 -1.247689772180308188e-01 4.927924599999999877e+00
-1.194934464428363957e-01 2.406792446371733285e-02 9.925432238795555140e-01 4.186792399999999859e+00 6.886278952373743253e-03 9.997021732904559643e-01 -2.341247275554695847e-02 -2.402011000000000007e-01 -9.928111076228964826e-01 4.037292452613642363e-03 -1.196235965445320293e-01 4.907218900000000161e+00
