9.999931e-01 -2.475044e-03 -2.755837e-03 1.173954e-03 2.468662e-03 9.999942e-01 -2.316828e-03 -2.241474e-02 2.761556e-03 2.310009e-03 9.999935e-01 1.127607e+00
9.999675e-01 -4.648687e-03 -6.595320e-03 -1.508128e-02 4.612815e-03 9.999745e-01 -5.443974e-03 -5.922720e-02 6.620460e-03 5.413373e-03 9.999634e-01 2.251296e+00
9.999413e-01 -7.134576e-03 -8.152763e-03 -2.040073e-02 7.072901e-03 9.999463e-01 -7.569121e-03 -7.423248e-02 8.206328e-03 7.511012e-03 9.999381e-01 2.816072e+00
9.999200e-01 -8.311338e-03 -9.539068e-03 -2.969353e-02 8.230327e-03 9.999300e-01 -8.500812e-03 -9.078265e-02 9.609054e-03 8.421622e-03 9.999184e-01 3.390281e+00
9.998780e-01 -8.278892e-03 -1.324786e-02 -7.008098e-02 8.141373e-03 9.999127e-01 -1.040105e-02 -1.575514e-01 1.333281e-02 1.029192e-02 9.998582e-01 5.150463e+00
9.998748e-01 -6.580037e-03 -1.439059e-02 -8.798198e-02 6.374276e-03 9.998774e-01 -1.429781e-02 -1.803479e-01 1.448291e-02 1.420429e-02 9.997942e-01 5.751285e+00
9.998522e-01 -3.623834e-03 -1.680538e-02 -1.238576e-01 3.306955e-03 9.998169e-01 -1.884543e-02 -2.187844e-01 1.687060e-02 1.878706e-02 9.996812e-01 6.989627e+00
9.998120e-01 1.004604e-03 -1.936675e-02 -1.844755e-01 -8.989153e-04 9.999846e-01 5.465141e-03 -2.738044e-01 1.937194e-02 -5.446702e-03 9.997975e-01 8.978383e+00
9.997543e-01 5.555763e-03 -2.145926e-02 -2.329992e-01 -5.595211e-03 9.999827e-01 -1.778629e-03 -3.035717e-01 2.144901e-02 1.898261e-03 9.997682e-01 1.035368e+01
9.997145e-01 2.620743e-03 -2.375049e-02 -2.701280e-01 -2.819209e-03 9.999613e-01 -8.326642e-03 -3.152238e-01 2.372775e-02 8.391221e-03 9.996832e-01 1.179839e+01
9.996966e-01 1.625146e-03 -2.457882e-02 -2.962122e-01 -1.393167e-03 9.999543e-01 9.452361e-03 -3.252216e-01 2.459306e-02 -9.415248e-03 9.996532e-01 1.333520e+01
9.996863e-01 7.583641e-04 -2.503532e-02 -3.128296e-01 -4.521018e-04 9.999250e-01 1.223661e-02 -3.292075e-01 2.504272e-02 -1.222145e-02 9.996117e-01 1.412399e+01
9.997041e-01 5.747479e-05 -2.432655e-02 -3.585571e-01 6.660546e-05 9.999870e-01 5.099768e-03 -3.310784e-01 2.432653e-02 -5.099877e-03 9.996911e-01 1.658175e+01
9.997240e-01 -2.636624e-03 -2.334610e-02 -3.661096e-01 2.632565e-03 9.999965e-01 -2.046126e-04 -3.374209e-01 2.334656e-02 1.430967e-04 9.997274e-01 1.742810e+01
9.997263e-01 -5.544119e-03 -2.272786e-02 -3.686442e-01 5.399776e-03 9.999649e-01 -6.407463e-03 -3.506532e-01 2.276259e-02 6.282984e-03 9.997212e-01 1.828806e+01
9.997622e-01 -3.422674e-03 -2.153588e-02 -4.065575e-01 3.148129e-03 9.999135e-01 -1.276932e-02 -4.078809e-01 2.157773e-02 1.269848e-02 9.996865e-01 2.099062e+01
9.997643e-01 4.013694e-03 -2.133588e-02 -4.507315e-01 -4.371519e-03 9.998501e-01 -1.675089e-02 -4.913797e-01 2.126545e-02 1.684021e-02 9.996320e-01 2.384921e+01
9.997576e-01 5.791203e-03 -2.123996e-02 -4.686400e-01 -6.143965e-03 9.998436e-01 -1.658089e-02 -5.208191e-01 2.114062e-02 1.670737e-02 9.996369e-01 2.482497e+01
9.997432e-01 6.684038e-03 -2.165237e-02 -5.055765e-01 -7.043805e-03 9.998377e-01 -1.658208e-02 -5.806979e-01 2.153803e-02 1.673033e-02 9.996280e-01 2.679489e+01
9.997180e-01 8.169161e-03 -2.229874e-02 -5.464848e-01 -8.471998e-03 9.998727e-01 -1.352028e-02 -6.430976e-01 2.218546e-02 1.370538e-02 9.996599e-01 2.880310e+01
9.997049e-01 8.689446e-03 -2.268546e-02 -5.884758e-01 -8.985541e-03 9.998753e-01 -1.298294e-02 -7.048065e-01 2.256982e-02 1.318295e-02 9.996584e-01 3.083820e+01
9.996851e-01 9.563056e-03 -2.320037e-02 -6.341856e-01 -9.875840e-03 9.998614e-01 -1.340487e-02 -7.658540e-01 2.306896e-02 1.362977e-02 9.996410e-01 3.290250e+01
9.996656e-01 9.103416e-03 -2.420489e-02 -6.799668e-01 -9.280078e-03 9.999310e-01 -7.196274e-03 -8.250696e-01 2.413772e-02 7.418490e-03 9.996811e-01 3.500439e+01
9.996390e-01 9.218534e-03 -2.523677e-02 -7.318157e-01 -9.321934e-03 9.999486e-01 -3.982562e-03 -8.792448e-01 2.519876e-02 4.216380e-03 9.996736e-01 3.712992e+01
9.996235e-01 8.853187e-03 -2.597288e-02 -7.637420e-01 -9.008680e-03 9.999421e-01 -5.875766e-03 -9.173898e-01 2.591936e-02 6.107535e-03 9.996454e-01 3.927699e+01
9.995911e-01 8.601039e-03 -2.727063e-02 -8.119808e-01 -8.683288e-03 9.999581e-01 -2.898948e-03 -9.707248e-01 2.724456e-02 3.134561e-03 9.996239e-01 4.143101e+01
9.995472e-01 1.022000e-02 -2.830096e-02 -8.709114e-01 -1.022405e-02 9.999477e-01 1.828267e-06 -1.026979e+00 2.829950e-02 2.875237e-04 9.995995e-01 4.358049e+01
9.995085e-01 1.235171e-02 -2.881189e-02 -9.448054e-01 -1.260322e-02 9.998839e-01 -8.564026e-03 -1.065232e+00 2.870277e-02 8.922939e-03 9.995482e-01 4.570729e+01
9.994919e-01 1.417720e-02 -2.854922e-02 -1.050114e+00 -1.429880e-02 9.998895e-01 -4.059449e-03 -1.131381e+00 2.848852e-02 4.465605e-03 9.995842e-01 4.893463e+01
9.995195e-01 1.300679e-02 -2.813588e-02 -1.112505e+00 -1.308056e-02 9.999114e-01 -2.439357e-03 -1.168837e+00 2.810166e-02 2.806218e-03 9.996011e-01 5.108922e+01
9.995571e-01 1.082090e-02 -2.772132e-02 -1.142897e+00 -1.097231e-02 9.999256e-01 -5.315486e-03 -1.184929e+00 2.766174e-02 5.617298e-03 9.996016e-01 5.215954e+01
9.995598e-01 1.097808e-02 -2.756386e-02 -1.210486e+00 -1.125243e-02 9.998885e-01 -9.817640e-03 -1.221230e+00 2.745301e-02 1.012348e-02 9.995718e-01 5.430647e+01
9.995931e-01 7.889461e-03 -2.741337e-02 -1.282228e+00 -8.313639e-03 9.998469e-01 -1.539395e-02 -1.272192e+00 2.728772e-02 1.561559e-02 9.995057e-01 5.644378e+01
9.996159e-01 5.272756e-03 -2.720940e-02 -1.352181e+00 -5.472263e-03 9.999586e-01 -7.262988e-03 -1.322688e+00 2.716998e-02 7.409094e-03 9.996034e-01 5.860062e+01
9.996383e-01 2.508970e-03 -2.677796e-02 -1.418009e+00 -2.506310e-03 9.999968e-01 1.329272e-04 -1.354327e+00 2.677822e-02 -6.576443e-05 9.996414e-01 6.076851e+01
9.996473e-01 -6.622685e-04 -2.654826e-02 -1.444555e+00 5.799434e-04 9.999950e-01 -3.108548e-03 -1.364859e+00 2.655019e-02 3.092056e-03 9.996427e-01 6.184743e+01
9.996473e-01 -5.710145e-04 -2.655199e-02 -1.499917e+00 3.004754e-04 9.999480e-01 -1.019191e-02 -1.395800e+00 2.655643e-02 1.018033e-02 9.995955e-01 6.400399e+01
9.996614e-01 1.995361e-03 -2.594344e-02 -1.558768e+00 -2.403038e-03 9.998740e-01 -1.569239e-02 -1.436238e+00 2.590886e-02 1.574942e-02 9.995402e-01 6.616971e+01
9.996743e-01 6.096033e-03 -2.478355e-02 -1.673162e+00 -6.302831e-03 9.999459e-01 -8.274537e-03 -1.522851e+00 2.473177e-02 8.428047e-03 9.996586e-01 7.052233e+01
9.996724e-01 3.394724e-03 -2.536873e-02 -1.724041e+00 -3.524391e-03 9.999809e-01 -5.068311e-03 -1.566430e+00 2.535104e-02 5.156060e-03 9.996653e-01 7.268959e+01
9.996575e-01 2.220552e-03 -2.607526e-02 -1.754602e+00 -2.302257e-03 9.999925e-01 -3.103834e-03 -1.593458e+00 2.606817e-02 3.162804e-03 9.996552e-01 7.376891e+01
9.996291e-01 1.607274e-03 -2.718639e-02 -1.818016e+00 -1.826344e-03 9.999660e-01 -8.035150e-03 -1.644073e+00 2.717256e-02 8.081821e-03 9.995981e-01 7.591173e+01
9.995209e-01 7.994852e-03 -2.990165e-02 -2.009246e+00 -7.977963e-03 9.999679e-01 6.841464e-04 -1.780033e+00 2.990617e-02 -4.452634e-04 9.995526e-01 8.124100e+01
9.994882e-01 7.555003e-03 -3.108412e-02 -2.082196e+00 -7.642022e-03 9.999672e-01 -2.681568e-03 -1.819154e+00 3.106284e-02 2.917741e-03 9.995132e-01 8.334260e+01
9.994752e-01 7.225519e-03 -3.157600e-02 -2.118145e+00 -7.306479e-03 9.999703e-01 -2.449280e-03 -1.836350e+00 3.155737e-02 2.678705e-03 9.994984e-01 8.438146e+01
9.994607e-01 5.955976e-03 -3.229184e-02 -2.152257e+00 -6.031653e-03 9.999793e-01 -2.246562e-03 -1.854735e+00 3.227779e-02 2.440124e-03 9.994760e-01 8.540636e+01
9.994314e-01 4.756684e-03 -3.338168e-02 -2.224921e+00 -4.695592e-03 9.999871e-01 1.908273e-03 -1.889129e+00 3.339033e-02 -1.750440e-03 9.994409e-01 8.741070e+01
9.993338e-01 2.999186e-03 -3.637303e-02 -2.303693e+00 -2.880714e-03 9.999904e-01 3.309115e-03 -1.929486e+00 3.638260e-02 -3.202128e-03 9.993328e-01 8.933531e+01
9.989307e-01 1.832805e-03 -4.619660e-02 -2.434745e+00 -1.755145e-03 9.999970e-01 1.721603e-03 -1.993637e+00 4.619962e-02 -1.638679e-03 9.989309e-01 9.205518e+01
9.984574e-01 4.910923e-03 -5.530497e-02 -2.594376e+00 -4.595720e-03 9.999724e-01 5.825129e-03 -2.066115e+00 5.533206e-02 -5.561975e-03 9.984525e-01 9.456706e+01
9.973874e-01 1.616254e-02 -7.040771e-02 -2.940577e+00 -1.644917e-02 9.998586e-01 -3.493045e-03 -2.192789e+00 7.034131e-02 4.642067e-03 9.975122e-01 9.883274e+01
9.976861e-01 2.685736e-02 -6.245978e-02 -3.132396e+00 -2.695920e-02 9.996362e-01 -7.880321e-04 -2.291455e+00 6.241590e-02 2.470075e-03 9.980472e-01 1.011196e+02
9.985724e-01 2.754334e-02 -4.576698e-02 -3.182492e+00 -2.741437e-02 9.996182e-01 3.443627e-03 -2.327168e+00 4.584436e-02 -2.184037e-03 9.989462e-01 1.021306e+02
9.996431e-01 2.606407e-02 -5.856808e-03 -3.198184e+00 -2.603947e-02 9.996519e-01 4.238673e-03 -2.391847e+00 5.965247e-03 -4.084651e-03 9.999739e-01 1.034865e+02
9.892475e-01 1.437845e-02 1.455423e-01 -2.911418e+00 -1.252083e-02 9.998281e-01 -1.367150e-02 -2.507487e+00 -1.457139e-01 1.170218e-02 9.892576e-01 1.058778e+02
9.538763e-01 5.989151e-03 3.001401e-01 -2.431748e+00 -7.529466e-04 9.998455e-01 -1.755850e-02 -2.585374e+00 -3.001989e-01 1.652264e-02 9.537335e-01 1.072854e+02
7.266640e-01 2.200542e-02 6.866405e-01 -5.307156e-01 -1.000028e-03 9.995197e-01 -3.097424e-02 -2.699185e+00 -6.869924e-01 2.182120e-02 7.263370e-01 1.097910e+02
6.876532e-01 2.243150e-02 7.256927e-01 -2.466359e-01 7.842081e-04 9.994991e-01 -3.163809e-02 -2.712112e+00 -7.260389e-01 2.232512e-02 6.872911e-01 1.100156e+02
6.472283e-01 1.957918e-02 7.620447e-01 5.578371e-02 5.453654e-03 9.995256e-01 -3.031273e-02 -2.723636e+00 -7.622767e-01 2.377518e-02 6.468145e-01 1.102064e+02
4.082059e-01 8.234297e-03 9.128527e-01 1.774099e+00 9.891073e-03 9.998607e-01 -1.344220e-02 -2.777327e+00 -9.128363e-01 1.451627e-02 4.080676e-01 1.109879e+02
3.572424e-01 1.240740e-02 9.339293e-01 2.148919e+00 6.274944e-03 9.998573e-01 -1.568353e-02 -2.788461e+00 -9.339906e-01 1.146317e-02 3.571136e-01 1.111029e+02
3.067219e-01 1.787320e-02 9.516313e-01 2.533142e+00 5.747217e-03 9.997706e-01 -2.062973e-02 -2.796272e+00 -9.517819e-01 1.179682e-02 3.065488e-01 1.111851e+02
2.598207e-01 2.006224e-02 9.654484e-01 2.934626e+00 7.048719e-03 9.997181e-01 -2.267132e-02 -2.806532e+00 -9.656312e-01 1.269565e-02 2.596061e-01 1.112656e+02
1.513859e-01 2.092434e-02 9.882532e-01 4.227266e+00 2.705725e-02 9.993136e-01 -2.530330e-02 -2.840259e+00 -9.881044e-01 3.056997e-02 1.507159e-01 1.114023e+02
1.229001e-01 1.931907e-02 9.922310e-01 4.690755e+00 2.545091e-02 9.994203e-01 -2.261146e-02 -2.856964e+00 -9.920927e-01 2.803212e-02 1.223372e-01 1.114470e+02
9.696370e-02 1.560921e-02 9.951655e-01 5.173439e+00 1.880566e-02 9.996698e-01 -1.751219e-02 -2.871679e+00 -9.951103e-01 2.041278e-02 9.663814e-02 1.114895e+02
7.261944e-02 1.214445e-02 9.972858e-01 5.672652e+00 1.372028e-02 9.998191e-01 -1.317437e-02 -2.886056e+00 -9.972654e-01 1.463975e-02 7.243968e-02 1.115178e+02
4.961925e-02 8.990929e-03 9.987277e-01 6.192944e+00 1.713408e-02 9.998046e-01 -9.851892e-03 -2.902144e+00 -9.986213e-01 1.760112e-02 4.945550e-02 1.115272e+02
2.913822e-02 9.131699e-03 9.995337e-01 6.728517e+00 2.461286e-02 9.996485e-01 -9.850263e-03 -2.917163e+00 -9.992724e-01 2.488840e-02 2.890322e-02 1.115183e+02
-1.522981e-02 2.191925e-02 9.996437e-01 8.447661e+00 2.859550e-02 9.993603e-01 -2.147739e-02 -2.943016e+00 -9.994751e-01 2.825821e-02 -1.584686e-02 1.114822e+02
-2.491485e-02 1.845120e-02 9.995193e-01 9.708447e+00 3.655336e-02 9.991778e-01 -1.753375e-02 -2.966443e+00 -9.990211e-01 3.609893e-02 -2.556882e-02 1.114331e+02
-2.312930e-02 1.652093e-02 9.995959e-01 1.104173e+01 3.862182e-02 9.991318e-01 -1.561960e-02 -2.993917e+00 -9.989862e-01 3.824493e-02 -2.374729e-02 1.113977e+02
-1.940800e-02 1.845005e-02 9.996414e-01 1.390220e+01 3.300790e-02 9.992965e-01 -1.780284e-02 -3.051223e+00 -9.992667e-01 3.265054e-02 -2.000334e-02 1.113451e+02
-1.820959e-02 1.570494e-02 9.997108e-01 1.542377e+01 3.246256e-02 9.993587e-01 -1.510811e-02 -3.095311e+00 -9.993071e-01 3.217805e-02 -1.870774e-02 1.113240e+02
-1.880614e-02 1.351924e-02 9.997317e-01 1.620084e+01 3.332321e-02 9.993615e-01 -1.288739e-02 -3.118178e+00 -9.992677e-01 3.307190e-02 -1.924464e-02 1.113091e+02
-2.180273e-02 1.095057e-02 9.997023e-01 1.776747e+01 2.961032e-02 9.995084e-01 -1.030268e-02 -3.160636e+00 -9.993237e-01 2.937688e-02 -2.211626e-02 1.112760e+02
-2.322968e-02 8.366561e-03 9.996951e-01 1.856541e+01 3.187309e-02 9.994628e-01 -7.623995e-03 -3.176463e+00 -9.992220e-01 3.168626e-02 -2.348387e-02 1.112519e+02
-2.654199e-02 5.000474e-03 9.996352e-01 2.018791e+01 3.034893e-02 9.995305e-01 -4.194140e-03 -3.214056e+00 -9.991869e-01 3.022653e-02 -2.668129e-02 1.112066e+02
-2.984141e-02 1.484383e-02 9.994444e-01 2.349682e+01 2.643242e-02 9.995517e-01 -1.405621e-02 -3.298255e+00 -9.992051e-01 2.599827e-02 -3.022040e-02 1.111374e+02
-3.056497e-02 4.928690e-03 9.995206e-01 2.518208e+01 2.158534e-02 9.997579e-01 -4.269793e-03 -3.350402e+00 -9.992997e-01 2.144448e-02 -3.066396e-02 1.111110e+02
-3.037824e-02 -1.870939e-03 9.995367e-01 2.686546e+01 1.530089e-02 9.998802e-01 2.336608e-03 -3.392421e+00 -9.994214e-01 1.536478e-02 -3.034597e-02 1.110866e+02
-2.823685e-02 1.516988e-02 9.994861e-01 2.851752e+01 2.033913e-02 9.996865e-01 -1.459832e-02 -3.439638e+00 -9.993944e-01 1.991646e-02 -2.853654e-02 1.110417e+02
-2.765042e-02 2.203755e-02 9.993747e-01 2.934025e+01 2.260636e-02 9.995150e-01 -2.141519e-02 -3.464646e+00 -9.993620e-01 2.200008e-02 -2.813520e-02 1.110185e+02
-2.511623e-02 7.842711e-03 9.996538e-01 3.100291e+01 2.644169e-02 9.996246e-01 -7.178141e-03 -3.524637e+00 -9.993348e-01 2.625224e-02 -2.531418e-02 1.109727e+02
-2.448426e-02 5.625083e-03 9.996844e-01 3.263728e+01 2.725401e-02 9.996162e-01 -4.957200e-03 -3.574008e+00 -9.993287e-01 2.712402e-02 -2.462818e-02 1.109310e+02
-2.520882e-02 6.438168e-03 9.996615e-01 3.344955e+01 2.428460e-02 9.996881e-01 -5.825950e-03 -3.597380e+00 -9.993872e-01 2.412951e-02 -2.535731e-02 1.109148e+02
-2.711108e-02 6.831514e-03 9.996091e-01 3.425559e+01 2.235531e-02 9.997307e-01 -6.226037e-03 -3.619497e+00 -9.993825e-01 2.217777e-02 -2.725650e-02 1.108957e+02
-2.907136e-02 6.272478e-03 9.995576e-01 3.505969e+01 2.164930e-02 9.997497e-01 -5.644034e-03 -3.643377e+00 -9.993429e-01 2.147564e-02 -2.919988e-02 1.108735e+02
-3.118245e-02 7.053685e-03 9.994888e-01 3.585953e+01 2.094508e-02 9.997601e-01 -6.402152e-03 -3.668997e+00 -9.992943e-01 2.073473e-02 -3.132271e-02 1.108521e+02
-3.732820e-02 4.989269e-03 9.992906e-01 3.824062e+01 1.747571e-02 9.998378e-01 -4.339207e-03 -3.739393e+00 -9.991503e-01 1.730133e-02 -3.740934e-02 1.107877e+02
-4.213293e-02 6.779929e-03 9.990890e-01 4.057553e+01 1.752921e-02 9.998280e-01 -6.045719e-03 -3.811300e+00 -9.989583e-01 1.725851e-02 -4.224453e-02 1.106977e+02
-4.335089e-02 5.462525e-03 9.990450e-01 4.134827e+01 1.953435e-02 9.997985e-01 -4.619010e-03 -3.834868e+00 -9.988689e-01 1.931545e-02 -4.344886e-02 1.106618e+02
-4.613078e-02 3.792299e-03 9.989282e-01 4.287606e+01 1.865418e-02 9.998217e-01 -2.934241e-03 -3.885455e+00 -9.987613e-01 1.849882e-02 -4.619330e-02 1.105935e+02
-4.752738e-02 2.697713e-03 9.988663e-01 4.362563e+01 1.682637e-02 9.998566e-01 -1.899772e-03 -3.908535e+00 -9.987282e-01 1.671699e-02 -4.756596e-02 1.105634e+02
-4.844212e-02 1.858945e-03 9.988242e-01 4.435901e+01 1.563944e-02 9.998771e-01 -1.102409e-03 -3.927506e+00 -9.987036e-01 1.556764e-02 -4.846524e-02 1.105329e+02
-4.963267e-02 3.439404e-03 9.987616e-01 4.577870e+01 1.594992e-02 9.998693e-01 -2.650604e-03 -3.968246e+00 -9.986402e-01 1.579861e-02 -4.968105e-02 1.104722e+02
-4.991082e-02 8.104079e-03 9.987208e-01 4.717652e+01 1.435816e-02 9.998695e-01 -7.395860e-03 -4.011755e+00 -9.986505e-01 1.397065e-02 -5.002068e-02 1.104123e+02
-5.013018e-02 8.979031e-03 9.987023e-01 4.787113e+01 1.465636e-02 9.998585e-01 -8.253750e-03 -4.034285e+00 -9.986352e-01 1.422358e-02 -5.025469e-02 1.103817e+02
-5.019960e-02 8.863095e-03 9.986999e-01 4.856561e+01 1.583562e-02 9.998420e-01 -8.077259e-03 -4.055339e+00 -9.986137e-01 1.540955e-02 -5.033203e-02 1.103479e+02
-5.048020e-02 7.914478e-03 9.986937e-01 4.925400e+01 1.685096e-02 9.998330e-01 -7.071760e-03 -4.074607e+00 -9.985829e-01 1.647196e-02 -5.060514e-02 1.103152e+02
-5.069705e-02 6.789371e-03 9.986910e-01 5.129886e+01 1.208748e-02 9.999078e-01 -6.184045e-03 -4.131756e+00 -9.986410e-01 1.175814e-02 -5.077445e-02 1.102291e+02
-5.159813e-02 6.404684e-03 9.986474e-01 5.197172e+01 1.276125e-02 9.999020e-01 -5.753386e-03 -4.148661e+00 -9.985864e-01 1.244713e-02 -5.167481e-02 1.101946e+02
-6.594365e-02 8.719935e-03 9.977852e-01 5.396640e+01 8.774153e-03 9.999282e-01 -8.158784e-03 -4.204714e+00 -9.977848e-01 8.216697e-03 -6.601543e-02 1.100844e+02
-7.976551e-02 1.367826e-02 9.967198e-01 5.529672e+01 1.069626e-02 9.998600e-01 -1.286536e-02 -4.239741e+00 -9.967563e-01 9.634955e-03 -7.990066e-02 1.099758e+02
-9.999902e-02 1.143901e-02 9.949218e-01 5.801252e+01 1.729848e-03 9.999344e-01 -1.132278e-02 -4.323997e+00 -9.949861e-01 5.887941e-04 -1.000122e-01 1.097249e+02
-1.027987e-01 8.949224e-03 9.946619e-01 5.870923e+01 2.193170e-03 9.999591e-01 -8.770224e-03 -4.342226e+00 -9.946998e-01 1.279893e-03 -1.028142e-01 1.096525e+02
-1.045341e-01 5.579471e-03 9.945056e-01 5.941860e+01 3.960115e-03 9.999786e-01 -5.193927e-03 -4.360434e+00 -9.945134e-01 3.395412e-03 -1.045540e-01 1.095755e+02
-1.078470e-01 1.980980e-03 9.941655e-01 6.086806e+01 2.647993e-03 9.999950e-01 -1.705346e-03 -4.390954e+00 -9.941640e-01 2.448625e-03 -1.078517e-01 1.094297e+02
-1.085763e-01 5.064896e-03 9.940752e-01 6.159653e+01 4.061801e-03 9.999809e-01 -4.651347e-03 -4.404393e+00 -9.940799e-01 3.532707e-03 -1.085948e-01 1.093511e+02
-1.087612e-01 9.316179e-03 9.940242e-01 6.232941e+01 9.639908e-03 9.999189e-01 -8.316680e-03 -4.420348e+00 -9.940212e-01 8.677766e-03 -1.088422e-01 1.092651e+02
-1.106278e-01 1.354003e-02 9.937697e-01 6.456343e+01 1.662791e-02 9.997924e-01 -1.177106e-02 -4.476878e+00 -9.937228e-01 1.522211e-02 -1.108300e-01 1.090137e+02
-1.104470e-01 7.719378e-03 9.938520e-01 6.531557e+01 1.572797e-02 9.998582e-01 -6.018181e-03 -4.499677e+00 -9.937576e-01 1.496658e-02 -1.105528e-01 1.089344e+02
-1.105493e-01 6.344343e-03 9.938504e-01 6.605966e+01 1.848372e-02 9.998198e-01 -4.326448e-03 -4.579860e+00 -9.936988e-01 1.789176e-02 -1.106467e-01 1.088574e+02
-1.155968e-01 7.492320e-03 9.932679e-01 6.828567e+01 1.688045e-02 9.998419e-01 -5.577361e-03 -4.884585e+00 -9.931528e-01 1.612208e-02 -1.157050e-01 1.086478e+02
-1.195878e-01 7.408337e-03 9.927960e-01 6.977011e+01 1.837544e-02 9.998174e-01 -5.247313e-03 -5.019805e+00 -9.926536e-01 1.761554e-02 -1.197021e-01 1.084826e+02
-1.216743e-01 7.133093e-03 9.925444e-01 7.051938e+01 1.797497e-02 9.998260e-01 -4.981908e-03 -5.072470e+00 -9.924073e-01 1.723478e-02 -1.217814e-01 1.083983e+02
-1.246446e-01 8.735687e-03 9.921630e-01 7.202772e+01 1.595162e-02 9.998496e-01 -6.799383e-03 -5.169640e+00 -9.920733e-01 1.497909e-02 -1.247652e-01 1.082285e+02
-1.253808e-01 8.769852e-03 9.920699e-01 7.278695e+01 1.435901e-02 9.998722e-01 -7.024095e-03 -5.215003e+00 -9.920048e-01 1.336445e-02 -1.254907e-01 1.081439e+02
-1.289397e-01 5.671148e-03 9.916362e-01 7.509805e+01 1.260751e-02 9.999122e-01 -4.079163e-03 -5.322302e+00 -9.915723e-01 1.197609e-02 -1.289999e-01 1.078742e+02
-1.306425e-01 3.493916e-03 9.914234e-01 7.587891e+01 9.506667e-03 9.999522e-01 -2.271259e-03 -5.352632e+00 -9.913840e-01 9.128405e-03 -1.306695e-01 1.077830e+02
-1.326642e-01 2.681364e-03 9.911574e-01 7.666362e+01 1.026652e-02 9.999464e-01 -1.330995e-03 -5.383553e+00 -9.911079e-01 9.999156e-03 -1.326846e-01 1.076848e+02
-1.366917e-01 4.086094e-03 9.906052e-01 7.824938e+01 1.100964e-02 9.999360e-01 -2.605389e-03 -5.427471e+00 -9.905525e-01 1.055006e-02 -1.367279e-01 1.074828e+02
-1.383602e-01 7.756543e-03 9.903516e-01 7.904660e+01 1.180350e-02 9.999112e-01 -6.182375e-03 -5.449247e+00 -9.903117e-01 1.083422e-02 -1.384395e-01 1.073781e+02
-1.385896e-01 1.198577e-02 9.902774e-01 7.984877e+01 1.431669e-02 9.998465e-01 -1.009797e-02 -5.474046e+00 -9.902464e-01 1.277801e-02 -1.387399e-01 1.072685e+02
-1.394963e-01 1.663944e-02 9.900828e-01 8.147409e+01 1.722002e-02 9.997483e-01 -1.437570e-02 -5.523123e+00 -9.900729e-01 1.504388e-02 -1.397477e-01 1.070489e+02
-1.388048e-01 1.447101e-02 9.902140e-01 8.312845e+01 2.165159e-02 9.996985e-01 -1.157458e-02 -5.578164e+00 -9.900831e-01 1.983309e-02 -1.390763e-01 1.068232e+02
-1.364016e-01 1.076811e-02 9.905951e-01 8.480162e+01 1.993126e-02 9.997683e-01 -8.123363e-03 -5.624186e+00 -9.904531e-01 1.863576e-02 -1.365847e-01 1.066094e+02
-1.329181e-01 3.962549e-03 9.911191e-01 8.649919e+01 2.109774e-02 9.997767e-01 -1.167768e-03 -5.665219e+00 -9.909025e-01 2.075515e-02 -1.329721e-01 1.063903e+02
-1.311869e-01 3.194230e-03 9.913525e-01 8.734879e+01 1.948757e-02 9.998099e-01 -6.426705e-04 -5.689906e+00 -9.911661e-01 1.923473e-02 -1.312243e-01 1.062858e+02
-1.276834e-01 1.337617e-02 9.917248e-01 8.904327e+01 2.072071e-02 9.997268e-01 -1.081634e-02 -5.742522e+00 -9.915985e-01 1.916817e-02 -1.279257e-01 1.060757e+02
-1.261059e-01 1.693562e-02 9.918722e-01 8.989495e+01 1.946295e-02 9.997040e-01 -1.459484e-02 -5.767415e+00 -9.918259e-01 1.746426e-02 -1.263982e-01 1.059776e+02
-1.243722e-01 1.491375e-02 9.921235e-01 9.075627e+01 1.760024e-02 9.997629e-01 -1.282223e-02 -5.799013e+00 -9.920796e-01 1.586688e-02 -1.246052e-01 1.058789e+02
-1.234953e-01 1.196673e-02 9.922730e-01 9.162156e+01 1.793269e-02 9.997909e-01 -9.825554e-03 -5.830094e+00 -9.921832e-01 1.658070e-02 -1.236840e-01 1.057772e+02
-1.228619e-01 1.031533e-02 9.923702e-01 9.248727e+01 1.866495e-02 9.997931e-01 -8.081658e-03 -5.857296e+00 -9.922483e-01 1.752960e-02 -1.230290e-01 1.056748e+02
-1.217251e-01 9.881780e-03 9.925146e-01 9.421112e+01 1.754070e-02 9.998157e-01 -7.803231e-03 -5.910917e+00 -9.924089e-01 1.645954e-02 -1.218760e-01 1.054745e+02
-1.183018e-01 1.141515e-02 9.929121e-01 9.764589e+01 2.579424e-02 9.996318e-01 -8.419119e-03 -6.012871e+00 -9.926426e-01 2.461541e-02 -1.185527e-01 1.050653e+02
-1.174633e-01 1.238153e-02 9.930000e-01 9.849885e+01 2.292434e-02 9.996896e-01 -9.753196e-03 -6.038151e+00 -9.928126e-01 2.161822e-02 -1.177107e-01 1.049697e+02
-1.171821e-01 9.006918e-03 9.930696e-01 9.935201e+01 1.820885e-02 9.998102e-01 -6.919417e-03 -6.066471e+00 -9.929435e-01 1.727182e-02 -1.173239e-01 1.048776e+02
-1.183671e-01 6.041275e-03 9.929515e-01 1.010431e+02 9.720484e-03 9.999406e-01 -4.925050e-03 -6.123256e+00 -9.929224e-01 9.069002e-03 -1.184188e-01 1.046963e+02
-1.197342e-01 1.068369e-02 9.927485e-01 1.018778e+02 6.446464e-03 9.999294e-01 -9.983472e-03 -6.148741e+00 -9.927851e-01 5.204352e-03 -1.197946e-01 1.046056e+02
-1.204827e-01 1.352048e-02 9.926233e-01 1.027081e+02 5.467535e-03 9.999011e-01 -1.295597e-02 -6.174259e+00 -9.927004e-01 3.866230e-03 -1.205447e-01 1.045111e+02
-1.214188e-01 1.298786e-02 9.925164e-01 1.043613e+02 7.534352e-03 9.998976e-01 -1.216274e-02 -6.235915e+00 -9.925728e-01 6.001179e-03 -1.215042e-01 1.043147e+02
-1.225016e-01 1.645980e-02 9.923318e-01 1.059907e+02 9.949292e-03 9.998326e-01 -1.535600e-02 -6.298760e+00 -9.924185e-01 7.991859e-03 -1.226449e-01 1.041174e+02
-1.243020e-01 1.823554e-02 9.920768e-01 1.076027e+02 7.972666e-03 9.998172e-01 -1.737889e-02 -6.362544e+00 -9.922124e-01 5.749264e-03 -1.244246e-01 1.039256e+02
-1.296089e-01 1.774251e-02 9.914064e-01 1.091918e+02 5.753134e-03 9.998365e-01 -1.714126e-02 -6.429851e+00 -9.915485e-01 3.482031e-03 -1.296898e-01 1.037315e+02
-1.362271e-01 2.224775e-02 9.904278e-01 1.107566e+02 4.321779e-03 9.997516e-01 -2.186276e-02 -6.493157e+00 -9.906682e-01 1.302107e-03 -1.362894e-01 1.035305e+02
-1.422740e-01 2.044221e-02 9.896162e-01 1.123078e+02 5.216391e-03 9.997883e-01 -1.990239e-02 -6.558137e+00 -9.898136e-01 2.330629e-03 -1.423506e-01 1.033200e+02
-1.469150e-01 2.569409e-02 9.888153e-01 1.138417e+02 2.553576e-03 9.996691e-01 -2.559672e-02 -6.625419e+00 -9.891459e-01 -1.235529e-03 -1.469320e-01 1.031087e+02
-1.488051e-01 3.176362e-02 9.883563e-01 1.145994e+02 -4.000436e-04 9.994819e-01 -3.218142e-02 -6.664413e+00 -9.888665e-01 -5.184145e-03 -1.487153e-01 1.030043e+02
-1.513491e-01 3.616220e-02 9.878187e-01 1.153566e+02 3.780690e-03 9.993444e-01 -3.600489e-02 -6.698886e+00 -9.884732e-01 -1.714672e-03 -1.513866e-01 1.028870e+02
-1.540003e-01 3.424775e-02 9.874771e-01 1.161173e+02 6.069612e-03 9.994130e-01 -3.371515e-02 -6.732518e+00 -9.880522e-01 8.014589e-04 -1.541177e-01 1.027662e+02
-1.575348e-01 2.612263e-02 9.871679e-01 1.168832e+02 4.681739e-03 9.996586e-01 -2.570605e-02 -6.772644e+00 -9.875024e-01 5.720647e-04 -1.576033e-01 1.026502e+02
-1.613565e-01 2.713452e-02 9.865231e-01 1.183859e+02 3.127759e-03 9.996310e-01 -2.698349e-02 -6.848109e+00 -9.868913e-01 -1.268356e-03 -1.613818e-01 1.024110e+02
-1.639985e-01 3.001508e-02 9.860038e-01 1.191312e+02 4.911652e-04 9.995393e-01 -3.034543e-02 -6.880154e+00 -9.864605e-01 -4.492314e-03 -1.639377e-01 1.022948e+02
-1.665879e-01 3.260343e-02 9.854874e-01 1.198732e+02 -3.815779e-04 9.994510e-01 -3.312991e-02 -6.916674e+00 -9.860266e-01 -5.895083e-03 -1.664840e-01 1.021780e+02
-1.734488e-01 4.368725e-02 9.838734e-01 1.220792e+02 3.064934e-03 9.990347e-01 -4.382015e-02 -7.031609e+00 -9.848381e-01 -4.585048e-03 -1.734153e-01 1.018119e+02
-1.756325e-01 4.109592e-02 9.835976e-01 1.228130e+02 3.401261e-03 9.991476e-01 -4.113830e-02 -7.073884e+00 -9.844500e-01 -3.879751e-03 -1.756226e-01 1.016844e+02
-1.795086e-01 3.730601e-02 9.830488e-01 1.235470e+02 7.378010e-03 9.993036e-01 -3.657563e-02 -7.116066e+00 -9.837288e-01 6.872995e-04 -1.796589e-01 1.015468e+02
-1.911026e-01 3.472870e-02 9.809555e-01 1.249966e+02 8.903726e-03 9.993941e-01 -3.364693e-02 -7.198722e+00 -9.815297e-01 2.304139e-03 -1.912961e-01 1.012695e+02
-1.993640e-01 3.441734e-02 9.793209e-01 1.257124e+02 7.623401e-03 9.994072e-01 -3.357135e-02 -7.237820e+00 -9.798959e-01 7.728352e-04 -1.995082e-01 1.011264e+02
-2.097442e-01 3.490405e-02 9.771331e-01 1.264247e+02 6.731302e-03 9.993905e-01 -3.425422e-02 -7.277349e+00 -9.777332e-01 -6.072494e-04 -2.098513e-01 1.009752e+02
-2.215235e-01 3.605602e-02 9.744882e-01 1.271315e+02 7.392757e-03 9.993496e-01 -3.529536e-02 -7.316019e+00 -9.751270e-01 -6.146005e-04 -2.216460e-01 1.008115e+02
-2.338325e-01 3.646334e-02 9.715929e-01 1.278368e+02 8.066085e-03 9.993349e-01 -3.556323e-02 -7.354262e+00 -9.722435e-01 -4.788901e-04 -2.339711e-01 1.006400e+02
-2.455518e-01 3.680717e-02 9.686844e-01 1.285371e+02 1.095265e-02 9.993204e-01 -3.519487e-02 -7.391647e+00 -9.693216e-01 1.967497e-03 -2.457881e-01 1.004561e+02
-2.668005e-01 3.681275e-02 9.630484e-01 1.299272e+02 1.816236e-02 9.992848e-01 -3.316625e-02 -7.464456e+00 -9.635807e-01 8.642454e-03 -2.672783e-01 1.000660e+02
-2.756318e-01 3.765500e-02 9.605255e-01 1.306177e+02 2.381571e-02 9.991932e-01 -3.233675e-02 -7.501316e+00 -9.609683e-01 1.396256e-02 -2.763062e-01 9.985681e+01
-2.832348e-01 3.770564e-02 9.583091e-01 1.313037e+02 2.916264e-02 9.991034e-01 -3.069152e-02 -7.535702e+00 -9.586071e-01 1.925391e-02 -2.840805e-01 9.964198e+01
-2.944851e-01 3.618860e-02 9.549706e-01 1.326678e+02 3.289240e-02 9.990745e-01 -2.771687e-02 -7.602966e+00 -9.550899e-01 2.324906e-02 -2.954029e-01 9.921607e+01
-2.966293e-01 3.359043e-02 9.544017e-01 1.333449e+02 3.923959e-02 9.989659e-01 -2.296317e-02 -7.633871e+00 -9.541862e-01 3.063878e-02 -2.976407e-01 9.899266e+01
-2.975246e-01 3.271849e-02 9.541533e-01 1.340170e+02 4.590603e-02 9.987468e-01 -1.993319e-02 -7.665957e+00 -9.536099e-01 3.787077e-02 -2.986538e-01 9.876779e+01
-2.985891e-01 2.994413e-02 9.539119e-01 1.346874e+02 4.720854e-02 9.987475e-01 -1.657458e-02 -7.696836e+00 -9.532135e-01 4.008379e-02 -2.996287e-01 9.855353e+01
-2.968336e-01 3.904998e-02 9.541304e-01 1.360050e+02 5.058688e-02 9.984036e-01 -2.512421e-02 -7.752705e+00 -9.535884e-01 4.080876e-02 -2.983351e-01 9.813493e+01
-2.961325e-01 3.945679e-02 9.543315e-01 1.366601e+02 5.251239e-02 9.983078e-01 -2.498022e-02 -7.781433e+00 -9.537023e-01 4.271677e-02 -2.977033e-01 9.792651e+01
-2.943028e-01 3.805680e-02 9.549542e-01 1.373158e+02 5.415976e-02 9.982652e-01 -2.309160e-02 -7.809641e+00 -9.541764e-01 4.492415e-02 -2.958534e-01 9.771838e+01
-2.923629e-01 3.448849e-02 9.556853e-01 1.379665e+02 5.560800e-02 9.982716e-01 -1.901377e-02 -7.844579e+00 -9.546893e-01 4.758482e-02 -2.937755e-01 9.751185e+01
-2.908038e-01 3.523570e-02 9.561337e-01 1.386074e+02 5.699889e-02 9.981848e-01 -1.944944e-02 -7.876691e+00 -9.550834e-01 4.884258e-02 -2.922843e-01 9.731435e+01
-2.884384e-01 3.795384e-02 9.567459e-01 1.392425e+02 5.803494e-02 9.980700e-01 -2.209688e-02 -7.904561e+00 -9.557381e-01 4.915109e-02 -2.900843e-01 9.711981e+01
-2.841890e-01 3.956027e-02 9.579518e-01 1.398731e+02 5.961113e-02 9.979443e-01 -2.352743e-02 -7.934720e+00 -9.569134e-01 5.041834e-02 -2.859630e-01 9.692653e+01
-2.788728e-01 3.891345e-02 9.595393e-01 1.405034e+02 6.114570e-02 9.978707e-01 -2.269708e-02 -7.965446e+00 -9.583795e-01 5.234209e-02 -2.806584e-01 9.673888e+01
-2.732552e-01 3.696237e-02 9.612312e-01 1.411304e+02 6.246963e-02 9.978340e-01 -2.061125e-02 -7.997921e+00 -9.599110e-01 5.441561e-02 -2.749723e-01 9.655453e+01
-2.684718e-01 3.498844e-02 9.626519e-01 1.417523e+02 6.244183e-02 9.978705e-01 -1.885424e-02 -8.029376e+00 -9.612616e-01 5.504790e-02 -2.700849e-01 9.637711e+01
-2.643665e-01 3.405038e-02 9.638210e-01 1.423690e+02 6.234759e-02 9.978894e-01 -1.815265e-02 -8.060370e+00 -9.624049e-01 5.529295e-02 -2.659315e-01 9.620436e+01
-2.604320e-01 3.275240e-02 9.649365e-01 1.429830e+02 6.330765e-02 9.978529e-01 -1.678322e-02 -8.087196e+00 -9.634144e-01 5.671696e-02 -2.619463e-01 9.603450e+01
-2.565355e-01 3.089812e-02 9.660408e-01 1.435939e+02 6.596060e-02 9.977184e-01 -1.439525e-02 -8.112439e+00 -9.642815e-01 6.002772e-02 -2.579883e-01 9.586352e+01
-2.524266e-01 3.007468e-02 9.671485e-01 1.442021e+02 6.925467e-02 9.975150e-01 -1.294344e-02 -8.136308e+00 -9.651345e-01 6.371227e-02 -2.538821e-01 9.569564e+01
-2.455375e-01 2.857835e-02 9.689657e-01 1.453935e+02 6.436852e-02 9.978399e-01 -1.311887e-02 -8.194245e+00 -9.672477e-01 5.914970e-02 -2.468467e-01 9.539074e+01
-2.408650e-01 3.192500e-02 9.700334e-01 1.459803e+02 6.519589e-02 9.977336e-01 -1.664814e-02 -8.221656e+00 -9.683665e-01 5.923223e-02 -2.424005e-01 9.524410e+01
-2.351403e-01 3.558922e-02 9.713096e-01 1.465647e+02 6.756376e-02 9.975106e-01 -2.019302e-02 -8.246532e+00 -9.696104e-01 6.087712e-02 -2.369595e-01 9.509910e+01
-2.285944e-01 3.660572e-02 9.728333e-01 1.471435e+02 6.685380e-02 9.975240e-01 -2.182562e-02 -8.273094e+00 -9.712236e-01 6.004838e-02 -2.304757e-01 9.496498e+01
-2.202235e-01 3.475298e-02 9.748301e-01 1.477253e+02 6.348447e-02 9.977570e-01 -2.122859e-02 -8.301809e+00 -9.733814e-01 5.721153e-02 -2.219359e-01 9.484161e+01
-1.971660e-01 3.170632e-02 9.798573e-01 1.488778e+02 6.374538e-02 9.977764e-01 -1.945937e-02 -8.357320e+00 -9.782955e-01 5.862464e-02 -1.987487e-01 9.460227e+01
-1.839779e-01 3.008949e-02 9.824697e-01 1.494512e+02 6.353833e-02 9.978049e-01 -1.866093e-02 -8.384287e+00 -9.808746e-01 5.899128e-02 -1.854859e-01 9.449786e+01
-1.686128e-01 2.947232e-02 9.852416e-01 1.500216e+02 6.281771e-02 9.978422e-01 -1.909873e-02 -8.411951e+00 -9.836787e-01 5.867032e-02 -1.701004e-01 9.440439e+01
-1.292397e-01 2.755995e-02 9.912303e-01 1.511604e+02 6.132119e-02 9.979226e-01 -1.975078e-02 -8.463908e+00 -9.897155e-01 5.823082e-02 -1.306613e-01 9.425103e+01
-1.069882e-01 2.734453e-02 9.938842e-01 1.517288e+02 5.816595e-02 9.980818e-01 -2.119866e-02 -8.491499e+00 -9.925575e-01 5.554220e-02 -1.083735e-01 9.419972e+01
-6.359000e-02 2.925630e-02 9.975472e-01 1.528539e+02 4.649933e-02 9.985714e-01 -2.632219e-02 -8.551506e+00 -9.968923e-01 4.471144e-02 -6.485956e-02 9.414214e+01
-4.405511e-02 3.007958e-02 9.985762e-01 1.534149e+02 4.018528e-02 9.987910e-01 -2.831317e-02 -8.579884e+00 -9.982206e-01 3.888071e-02 -4.521060e-02 9.413044e+01
-2.829096e-02 2.964958e-02 9.991599e-01 1.539729e+02 3.328137e-02 9.990337e-01 -2.870349e-02 -8.607328e+00 -9.990456e-01 3.244136e-02 -2.925040e-02 9.412758e+01
-1.839191e-02 2.782557e-02 9.994436e-01 1.545327e+02 2.475617e-02 9.993188e-01 -2.736654e-02 -8.635876e+00 -9.995244e-01 2.423906e-02 -1.906824e-02 9.413268e+01
-2.109399e-02 2.189851e-02 9.995376e-01 1.556469e+02 9.131974e-03 9.997226e-01 -2.170985e-02 -8.688323e+00 -9.997358e-01 8.669800e-03 -2.128812e-02 9.413797e+01
-3.339952e-02 1.870088e-02 9.992671e-01 1.561965e+02 6.110325e-03 9.998100e-01 -1.850682e-02 -8.709648e+00 -9.994234e-01 5.487725e-03 -3.350745e-02 9.412065e+01
-5.946910e-02 1.519122e-02 9.981145e-01 1.572847e+02 8.193505e-03 9.998579e-01 -1.472958e-02 -8.747148e+00 -9.981966e-01 7.302098e-03 -5.958512e-02 9.405245e+01
-7.151987e-02 1.443012e-02 9.973348e-01 1.578214e+02 9.621680e-03 9.998588e-01 -1.377666e-02 -8.765511e+00 -9.973928e-01 8.610728e-03 -7.164862e-02 9.400733e+01
-1.016683e-01 1.235219e-02 9.947417e-01 1.588792e+02 2.286106e-03 9.999231e-01 -1.218288e-02 -8.797332e+00 -9.948158e-01 1.035469e-03 -1.016887e-01 9.390679e+01
-1.342507e-01 1.100316e-02 9.908863e-01 1.599158e+02 5.077193e-03 9.999328e-01 -1.041573e-02 -8.829814e+00 -9.909344e-01 3.632599e-03 -1.342976e-01 9.375723e+01
-1.629326e-01 7.570467e-03 9.866081e-01 1.609386e+02 6.761994e-03 9.999556e-01 -6.556186e-03 -8.861136e+00 -9.866141e-01 5.603219e-03 -1.629766e-01 9.357816e+01
-1.889989e-01 6.360769e-03 9.819567e-01 1.619306e+02 5.137210e-03 9.999717e-01 -5.488702e-03 -8.890957e+00 -9.819639e-01 4.007156e-03 -1.890262e-01 9.338617e+01
-2.099177e-01 1.021626e-02 9.776657e-01 1.628990e+02 1.352771e-02 9.998800e-01 -7.543823e-03 -8.919301e+00 -9.776255e-01 1.164199e-02 -2.100308e-01 9.316096e+01
-2.223591e-01 1.113624e-02 9.749012e-01 1.638542e+02 1.540583e-02 9.998500e-01 -7.907419e-03 -8.947930e+00 -9.748431e-01 1.326087e-02 -2.224974e-01 9.293874e+01
-2.279943e-01 9.086305e-03 9.736201e-01 1.648060e+02 1.515764e-02 9.998684e-01 -5.781784e-03 -8.978427e+00 -9.735445e-01 1.343956e-02 -2.281020e-01 9.272888e+01
-2.293559e-01 9.113780e-03 9.732999e-01 1.657438e+02 1.912253e-02 9.998053e-01 -4.855798e-03 -9.013537e+00 -9.731548e-01 1.749824e-02 -2.294855e-01 9.251318e+01
-2.350495e-01 1.202891e-02 9.719089e-01 1.666749e+02 1.713075e-02 9.998193e-01 -8.231399e-03 -9.042484e+00 -9.718325e-01 1.471474e-02 -2.352131e-01 9.229964e+01
-2.443866e-01 1.294450e-02 9.695914e-01 1.676334e+02 1.572711e-02 9.998323e-01 -9.384196e-03 -9.058955e+00 -9.695504e-01 1.295549e-02 -2.445492e-01 9.206950e+01
-2.553035e-01 1.222543e-02 9.667836e-01 1.686218e+02 1.759326e-02 9.998132e-01 -7.997165e-03 -9.082588e+00 -9.667009e-01 1.496716e-02 -2.554709e-01 9.181029e+01
-2.665264e-01 1.431077e-02 9.637214e-01 1.696389e+02 1.961510e-02 9.997632e-01 -9.421237e-03 -9.107717e+00 -9.636280e-01 1.639248e-02 -2.667440e-01 9.152630e+01
-2.873398e-01 1.919299e-02 9.576364e-01 1.717484e+02 2.829411e-02 9.995330e-01 -1.154301e-02 -9.163386e+00 -9.574107e-01 2.377870e-02 -2.877487e-01 9.089653e+01
-3.008942e-01 1.085365e-02 9.535957e-01 1.739327e+02 3.075536e-02 9.995255e-01 -1.671982e-03 -9.221710e+00 -9.531615e-01 2.882508e-02 -3.010853e-01 9.021585e+01
-3.041964e-01 8.054749e-03 9.525753e-01 1.750292e+02 3.182098e-02 9.994921e-01 1.710272e-03 -9.249796e+00 -9.520778e-01 3.083213e-02 -3.042982e-01 8.986252e+01
-3.037054e-01 1.132475e-02 9.526987e-01 1.761157e+02 3.320492e-02 9.994477e-01 -1.295251e-03 -9.273390e+00 -9.521872e-01 3.124090e-02 -3.039137e-01 8.951351e+01
-2.820015e-01 1.652123e-02 9.592717e-01 1.803224e+02 3.760260e-02 9.992738e-01 -6.155974e-03 -9.391387e+00 -9.586768e-01 3.433510e-02 -2.824180e-01 8.825564e+01
-2.414348e-01 2.284986e-03 9.704143e-01 1.830265e+02 3.975206e-02 9.991811e-01 7.537411e-03 -9.464732e+00 -9.696025e-01 4.039575e-02 -2.413280e-01 8.756152e+01
-2.125689e-01 3.764842e-03 9.771388e-01 1.838335e+02 3.735659e-02 9.992928e-01 4.276428e-03 -9.483133e+00 -9.764318e-01 3.741160e-02 -2.125592e-01 8.740983e+01
-1.181119e-01 8.604454e-03 9.929630e-01 1.854134e+02 3.571887e-02 9.993521e-01 -4.411101e-03 -9.524231e+00 -9.923577e-01 3.494651e-02 -1.183428e-01 8.723365e+01
6.861960e-02 -8.516294e-03 9.976065e-01 1.876973e+02 1.440293e-02 9.998678e-01 7.544902e-03 -9.601021e+00 -9.975390e-01 1.385073e-02 6.873318e-02 8.738579e+01
1.011490e-01 -1.028528e-02 9.948181e-01 1.880686e+02 1.356385e-02 9.998679e-01 8.958372e-03 -9.611487e+00 -9.947789e-01 1.258743e-02 1.012751e-01 8.745192e+01
2.076712e-01 -7.456692e-03 9.781702e-01 1.891549e+02 1.222124e-02 9.999127e-01 5.027795e-03 -9.633802e+00 -9.781224e-01 1.091032e-02 2.077442e-01 8.772864e+01
3.721213e-01 5.771503e-03 9.281661e-01 1.906013e+02 1.364474e-03 9.999762e-01 -6.765080e-03 -9.662356e+00 -9.281831e-01 3.783886e-03 3.721046e-01 8.835376e+01
4.161375e-01 9.994793e-03 9.092468e-01 1.909490e+02 -1.116839e-03 9.999444e-01 -1.048063e-02 -9.672989e+00 -9.093011e-01 3.345899e-03 4.161255e-01 8.855409e+01
5.448941e-01 1.132756e-02 8.384283e-01 1.920423e+02 9.140241e-03 9.997691e-01 -1.944759e-02 -9.704866e+00 -8.384551e-01 1.826031e-02 5.446648e-01 8.929218e+01
6.241385e-01 1.187157e-02 7.812235e-01 1.927478e+02 1.752189e-03 9.998608e-01 -1.659387e-02 -9.734985e+00 -7.813118e-01 1.172572e-02 6.240308e-01 8.992948e+01
6.619290e-01 1.362857e-02 7.494426e-01 1.931030e+02 -3.337605e-03 9.998783e-01 -1.523486e-02 -9.753497e+00 -7.495591e-01 7.583050e-03 6.618940e-01 9.029644e+01
8.142510e-01 1.064909e-02 5.804153e-01 1.947637e+02 -3.160408e-03 9.998982e-01 -1.391183e-02 -9.843068e+00 -5.805044e-01 9.493374e-03 8.142018e-01 9.248548e+01
8.539778e-01 1.076167e-02 5.201981e-01 1.953781e+02 -5.811760e-03 9.999210e-01 -1.114519e-02 -9.878410e+00 -5.202770e-01 6.494480e-03 8.539729e-01 9.354895e+01
8.824760e-01 8.530372e-03 4.702801e-01 1.959764e+02 -7.021209e-03 9.999630e-01 -4.963022e-03 -9.912797e+00 -4.703050e-01 1.077812e-03 8.825033e-01 9.471148e+01
8.929201e-01 6.551292e-03 4.501676e-01 1.962715e+02 -6.486757e-03 9.999775e-01 -1.686020e-03 -9.928192e+00 -4.501685e-01 -1.414647e-03 8.929425e-01 9.532711e+01
9.015920e-01 3.695464e-03 4.325716e-01 1.965617e+02 -4.113073e-03 9.999915e-01 2.977397e-05 -9.940191e+00 -4.325678e-01 -1.806043e-03 9.015996e-01 9.595704e+01
9.237788e-01 -6.958991e-03 3.828633e-01 1.974182e+02 7.193970e-03 9.999738e-01 8.179753e-04 -9.970244e+00 -3.828589e-01 1.998678e-03 9.238047e-01 9.797014e+01
9.415907e-01 -6.089185e-03 3.367045e-01 1.982071e+02 6.659661e-03 9.999777e-01 -5.394187e-04 -1.000261e+01 -3.366937e-01 2.750248e-03 9.416102e-01 1.001604e+02
9.448573e-01 -3.593169e-03 3.274625e-01 1.984618e+02 3.568112e-03 9.999934e-01 6.772963e-04 -1.001358e+01 -3.274628e-01 5.284742e-04 9.448639e-01 1.009262e+02
9.462461e-01 -7.863739e-04 3.234465e-01 1.987161e+02 5.581754e-05 9.999974e-01 2.267932e-03 -1.002705e+01 -3.234474e-01 -2.127968e-03 9.462438e-01 1.017027e+02
9.470758e-01 -6.111221e-04 3.210094e-01 1.992416e+02 -4.424794e-04 9.999947e-01 3.209191e-03 -1.004701e+01 -3.210097e-01 -3.181387e-03 9.470706e-01 1.032840e+02
9.470930e-01 -4.665788e-03 3.209254e-01 1.997985e+02 4.296629e-03 9.999890e-01 1.858471e-03 -1.007261e+01 -3.209306e-01 -3.812475e-04 9.471027e-01 1.049137e+02
9.465238e-01 -6.084819e-03 3.225766e-01 2.006612e+02 5.676107e-03 9.999814e-01 2.207652e-03 -1.011259e+01 -3.225840e-01 -2.586164e-04 9.465408e-01 1.074441e+02
9.462337e-01 -7.406948e-03 3.233991e-01 2.009553e+02 6.070072e-03 9.999683e-01 5.142278e-03 -1.012353e+01 -3.234270e-01 -2.902740e-03 9.462487e-01 1.083065e+02
9.459411e-01 -9.756188e-03 3.241917e-01 2.012524e+02 8.069194e-03 9.999460e-01 6.547610e-03 -1.013595e+01 -3.242381e-01 -3.577688e-03 9.459688e-01 1.091695e+02
9.457563e-01 -1.044029e-02 3.247091e-01 2.015498e+02 8.732001e-03 9.999393e-01 6.717734e-03 -1.015022e+01 -3.247595e-01 -3.517979e-03 9.457901e-01 1.100320e+02
9.452739e-01 -1.622617e-02 3.258741e-01 2.024544e+02 1.368912e-02 9.998555e-01 1.007710e-02 -1.018181e+01 -3.259906e-01 -5.064695e-03 9.453595e-01 1.126206e+02
9.451402e-01 -1.753480e-02 3.261940e-01 2.027572e+02 1.436581e-02 9.998233e-01 1.212163e-02 -1.018895e+01 -3.263490e-01 -6.770596e-03 9.452251e-01 1.134866e+02
