9.997334799203915212e-01 2.050764468598883280e-03 -2.299485793299531691e-02 -6.350864000000000509e-01 -2.050562100291936345e-03 9.999978970710956538e-01 3.237992039138763251e-05 -2.247120000000000020e-02 2.299487598003415248e-02 1.478109368657038266e-05 9.997355827718558130e-01 2.578908699999999943e+00
9.996350462130707548e-01 -2.902764559795053038e-04 -2.701277701701276096e-02 -6.362158999999999454e-01 2.600732387108838930e-04 9.999993371704785083e-01 -1.121615136388298727e-03 -2.376599999999999893e-02 2.701308469061346196e-02 1.114180498291407256e-03 9.996344591185895023e-01 2.615270399999999995e+00
9.995904078260825498e-01 -2.692666228197199228e-03 -2.849150979975438591e-02 -6.367688999999999711e-01 2.603585290907509727e-03 9.999916076746366844e-01 -3.163214176830555970e-03 -2.400160000000000141e-02 2.849978816972056211e-02 3.087738473228913549e-03 9.995890295243351487e-01 2.633330299999999902e+00
9.995467573571739095e-01 -3.842352259043264971e-03 -2.985826830002525148e-02 -6.374849999999999683e-01 3.733576786147544801e-03 9.999861926584124872e-01 -3.697958479234179138e-03 -2.433209999999999887e-02 2.987206489583215871e-02 3.584804269360450640e-03 9.995473019908610590e-01 2.651638999999999857e+00
9.991771607280769407e-01 -4.025621885769097887e-03 -4.035834297653123626e-02 -6.356146000000000296e-01 3.811138181726657533e-03 9.999782112618876839e-01 -5.390011802877522386e-03 -2.571910000000000168e-02 4.037916176864370099e-02 5.231765467620909209e-03 9.991707321198681768e-01 2.710461399999999799e+00
9.992752129665283256e-01 -2.246459886979889839e-03 -3.800002853519367924e-02 -6.387294999999999501e-01 1.854342245177069762e-03 9.999447078131178390e-01 -1.035097731501859013e-02 -2.556309999999999832e-02 3.802118048584361004e-02 1.027301000264616189e-02 9.992241265601768951e-01 2.729654599999999931e+00
9.986911235076006976e-01 6.723531420575361902e-04 -5.114281736841032322e-02 -6.344340000000000535e-01 -1.327750985049742450e-03 9.999174233652792232e-01 -1.278215662017309628e-02 -2.654660000000000006e-02 5.113000004349606276e-02 1.283333128198991049e-02 9.986095476730426634e-01 2.772670000000000190e+00
9.978133171061975837e-01 6.023382534036980304e-03 -6.582023297114145133e-02 -6.321449000000000096e-01 -5.191457145761789807e-03 9.999045602320152382e-01 1.280309337324410032e-02 -2.763590000000000144e-02 6.589106903238403645e-02 -1.243339414918333621e-02 9.977493561670188749e-01 2.839719500000000174e+00
9.971842708087831353e-01 9.404648699611790202e-03 -7.439813596046797317e-02 -6.311584999999999557e-01 -9.362925127961524430e-03 9.999557531715682623e-01 9.095779954316288987e-04 -2.623589999999999950e-02 7.440339834042243583e-02 -2.104326934604399844e-04 9.972282035890671636e-01 2.886067600000000066e+00
9.968861955050668522e-01 6.596090839151560505e-03 -7.857738095072400175e-02 -6.323039999999999772e-01 -6.972095549723464868e-03 9.999655163500100752e-01 -4.511761795932000413e-03 -2.563400000000000054e-02 7.854491132517157914e-02 5.045562059807228578e-03 9.968978078060065640e-01 2.932840600000000020e+00
9.981629698693214037e-01 5.521963199219347140e-03 -6.033401614415059844e-02 -6.452227999999999852e-01 -4.937107348496132600e-03 9.999394134746999452e-01 9.838412011219477976e-03 -2.482509999999999925e-02 6.038468806481973872e-02 -9.522463037447265882e-03 9.981297571683828140e-01 2.977066499999999838e+00
9.983067750942462570e-01 4.988518363292746526e-03 -5.795427064043930793e-02 -6.483383999999999814e-01 -4.225379854036446191e-03 9.999028489038637169e-01 1.328303124389901453e-02 -2.526859999999999870e-02 5.801490296480118353e-02 -1.301566127695344931e-02 9.982308668817592157e-01 3.001651299999999800e+00
9.987835642323716900e-01 5.159683028035985837e-03 -4.903844910200590851e-02 -6.572124000000000299e-01 -4.799219746279605354e-03 9.999606158999777561e-01 7.465530039061298202e-03 -2.538829999999999906e-02 4.907503753545938013e-02 -7.221102408040206734e-03 9.987689904932500751e-01 3.079317599999999988e+00
9.991087147814387004e-01 2.260029267379951284e-03 -4.215054347801854701e-02 -6.617193000000000103e-01 -2.174979686877974699e-03 9.999955056905733830e-01 2.063507212477101466e-03 -2.548670000000000102e-02 4.215501762712730444e-02 -1.969991463144668813e-03 9.991091399954720176e-01 3.105469199999999930e+00
9.986182650413175654e-01 -9.198487021316208764e-04 -5.254250283564630003e-02 -6.583731999999999918e-01 7.351766823052191969e-04 9.999934853842815663e-01 -3.533936083500873425e-03 -2.604729999999999893e-02 5.254541122795127611e-02 3.490425097557828260e-03 9.986124356783885325e-01 3.133935000000000137e+00
9.990954958306272893e-01 7.242066585401140668e-04 -4.251665245134694793e-02 -6.745510999999999591e-01 -1.159742523163895516e-03 9.999471006988691624e-01 -1.022011747513593138e-02 -2.629230000000000109e-02 4.250700187301929833e-02 1.026018170605860064e-02 9.990434842703923568e-01 3.221207900000000013e+00
9.986755242435485513e-01 8.195403011859262246e-03 -5.079402175794684587e-02 -6.833981000000000083e-01 -8.889336614789447935e-03 9.998700180868577148e-01 -1.345089683016728946e-02 -2.813289999999999888e-02 5.067718393342839772e-02 1.388460660083853243e-02 9.986185661843652861e-01 3.310570499999999861e+00
9.987873447214901113e-01 1.017175580518956367e-02 -4.817027515008374949e-02 -6.901492999999999656e-01 -1.083856623056308859e-02 9.998487459588809578e-01 -1.360186334730173474e-02 -2.860820000000000030e-02 4.802463436884117642e-02 1.410746569347469045e-02 9.987465213483581739e-01 3.339934299999999912e+00
9.987776863647821468e-01 1.148537460176194368e-02 -4.807514316224190121e-02 -7.019944999999999657e-01 -1.215921494488902445e-02 9.998315658350004353e-01 -1.374748892908619555e-02 -2.974660000000000151e-02 4.790915060546199755e-02 1.431524118513417820e-02 9.987491112176644092e-01 3.401077700000000092e+00
9.986400462626672248e-01 1.383074044261725644e-02 -5.026697344486630997e-02 -7.104953999999999992e-01 -1.436447064249338212e-02 9.998440598790597766e-01 -1.027219098927287071e-02 -3.115949999999999970e-02 5.011706279959839833e-02 1.098027974908218941e-02 9.986829894781291683e-01 3.464211000000000151e+00
9.986768658008690069e-01 1.308951745341073100e-02 -4.973109939454325307e-02 -7.277643999999999780e-01 -1.360448999362418379e-02 9.998571404034480858e-01 -1.003078442859320699e-02 -3.195830000000000198e-02 4.959269670189819096e-02 1.069407859875661643e-02 9.987122714359513154e-01 3.524467200000000133e+00
9.987304285392243353e-01 1.340606494548162581e-02 -4.855727064544508587e-02 -7.455806000000000378e-01 -1.390250700236000600e-02 9.998543389149774363e-01 -9.900568263630109278e-03 -3.257499999999999979e-02 4.841747007957773741e-02 1.056306657988093436e-02 9.987713302931368053e-01 3.581299800000000033e+00
9.986112758381732180e-01 1.308330007144003528e-02 -5.103280345127725326e-02 -7.562109000000000192e-01 -1.323512748800166790e-02 9.999089312860404144e-01 -2.638282544571280905e-03 -3.406039999999999762e-02 5.099363851729332708e-02 3.310044357603694754e-03 9.986934927379462756e-01 3.643507000000000051e+00
9.985890229747822477e-01 1.349187815028270870e-02 -5.136080624608242717e-02 -7.722618999999999456e-01 -1.350659252258962564e-02 9.999087799825767675e-01 6.059854388932271740e-05 -3.411440000000000305e-02 5.135693870061203148e-02 6.331964408613782605e-04 9.986801609672482094e-01 3.710101799999999894e+00
9.984979920500304251e-01 1.341487409585086742e-02 -5.312062711461353753e-02 -7.899388000000000520e-01 -1.357255729298175416e-02 9.999044854950990269e-01 -2.608749759937610720e-03 -3.341090000000000032e-02 5.308055727463751455e-02 3.325814152010915861e-03 9.985846951559191886e-01 3.779896499999999993e+00
9.985862899150637073e-01 1.303334390098748186e-02 -5.153206322695496472e-02 -8.083105999999999902e-01 -1.297705353606586759e-02 9.999147765450191461e-01 1.426789559294273577e-03 -3.443129999999999802e-02 5.154626732548509699e-02 -7.560381491850919067e-04 9.986703213428977932e-01 3.832554299999999969e+00
9.984463850275343555e-01 1.462518882990266819e-02 -5.376727701063464121e-02 -8.259864000000000095e-01 -1.445387483856197183e-02 9.998891509121584642e-01 3.573708202123058834e-03 -3.419389999999999930e-02 5.381358311430130964e-02 -2.791010543231013143e-03 9.985470988053330998e-01 3.898000199999999804e+00
9.984243768204731362e-01 1.737582894675773065e-02 -5.335582760170351491e-02 -8.401383999999999519e-01 -1.759511379916989249e-02 9.998385578095803083e-01 -3.642840602159345877e-03 -3.478110000000000229e-02 5.328391634484042072e-02 4.575902716568125764e-03 9.985689186897840353e-01 3.965482499999999799e+00
9.983029267802869811e-01 1.971539615087207140e-02 -5.479570728193174783e-02 -8.640320999999999696e-01 -1.968187614621351791e-02 9.998056301725000150e-01 1.151358647611857699e-03 -3.541160000000000141e-02 5.480775614160900838e-02 -7.092238361755987420e-05 9.984969227978308659e-01 4.055679800000000057e+00
9.984095674980977275e-01 1.817050963163785449e-02 -5.336823126156553521e-02 -8.838530999999999471e-01 -1.814504078983562863e-02 9.998349026281713181e-01 9.617594554744236584e-04 -3.466489999999999849e-02 5.337689596629412170e-02 8.138891145062238791e-06 9.985744373409334296e-01 4.120908700000000202e+00
9.984085859400874119e-01 1.718597896182454468e-02 -5.371161558023301169e-02 -8.918789000000000300e-01 -1.727828831634448462e-02 9.998499319908052962e-01 -1.254691531485962932e-03 -3.426509999999999972e-02 5.368199208274856277e-02 2.180739577673829026e-03 9.985557010507335463e-01 4.154514299999999771e+00
9.985638248771233627e-01 1.642100148784612218e-02 -5.099645435621742717e-02 -9.051820999999999895e-01 -1.672094774451868965e-02 9.998452837581364161e-01 -5.460627540566591505e-03 -3.522369999999999668e-02 5.089889540348284391e-02 6.305494171583578104e-03 9.986839055426683931e-01 4.214334499999999650e+00
9.986222279759264797e-01 1.322365174856098870e-02 -5.078169775450144113e-02 -9.223249999999999504e-01 -1.379101425472006349e-02 9.998461558903556368e-01 -1.083847208349860911e-02 -3.505040000000000239e-02 5.063056110910548607e-02 1.152387025748947968e-02 9.986509633981562883e-01 4.277227899999999750e+00
9.987669007724928605e-01 1.098219004348829388e-02 -4.841559070338975757e-02 -9.365331999999999546e-01 -1.113256205527975336e-02 9.999340057374581647e-01 -2.837293063209797052e-03 -3.604559999999999709e-02 4.838123586055650960e-02 3.372783967273852886e-03 9.988232477995870884e-01 4.332272500000000193e+00
9.987841484576980289e-01 7.989083329969176236e-03 -4.864565075294922242e-02 -9.470315999999999734e-01 -7.830485903307886700e-03 9.999633899556599204e-01 3.449962159642348380e-03 -3.592039999999999816e-02 4.867143186869683086e-02 -3.064848435351456065e-03 9.988101413301324616e-01 4.400440200000000246e+00
9.990436714421491171e-01 5.001192838386529262e-03 -4.343651253938720508e-02 -9.539429000000000380e-01 -4.971621719371522273e-03 9.999873303141452174e-01 7.887893686410253928e-04 -3.614490000000000064e-02 4.343990710016015083e-02 -5.720851176870940741e-04 9.990558779116148758e-01 4.432056000000000218e+00
9.989069987688617980e-01 4.606826657697915724e-03 -4.651435218006665095e-02 -9.608368999999999938e-01 -4.948896968161967634e-03 9.999615330784014100e-01 -7.241600810024490138e-03 -3.655699999999999922e-02 4.647920211647210698e-02 7.463880467903670664e-03 9.988913726021348971e-01 4.497219600000000206e+00
9.989885393949868853e-01 8.181629867524945268e-03 -4.421491931669184472e-02 -9.691020000000000190e-01 -8.732561604980678197e-03 9.998864463885270837e-01 -1.228155919817851098e-02 -3.785190000000000082e-02 4.410941538136685380e-02 1.265524639167367980e-02 9.989465472253657996e-01 4.561212099999999658e+00
9.989450558146533155e-01 1.136486103710620567e-02 -4.449286905860826841e-02 -9.791661999999999866e-01 -1.157981838182826038e-02 9.999224786515776842e-01 -4.576515435243828575e-03 -4.112299999999999983e-02 4.443740844944795571e-02 5.086906809881419286e-03 9.989992192736711907e-01 4.698341400000000334e+00
9.989109426026794303e-01 8.641441566348979572e-03 -4.585034608682727469e-02 -9.828888999999999543e-01 -8.707429218985334243e-03 9.999613212073107382e-01 -1.239663553531691626e-03 -4.256780000000000286e-02 4.583786017063647827e-02 1.637552131985558785e-03 9.989475506742043764e-01 4.766550999999999760e+00
9.988827752981633834e-01 7.635772470812985692e-03 -4.663578230728745305e-02 -9.847291000000000238e-01 -7.616365903125209107e-03 9.999708187524435354e-01 5.938130996441248755e-04 -4.335599999999999871e-02 4.663895563869802779e-02 -2.379544947501343265e-04 9.989117834897083270e-01 4.800069800000000164e+00
9.957584687127133405e-01 3.274396160851701480e-03 -9.194754111282164855e-02 -9.668088999999999711e-01 -3.854396931873250824e-03 9.999737763731837425e-01 -6.131083937227193269e-03 -4.390610000000000346e-02 9.192505431711091302e-02 6.459481073241012637e-03 9.957449771367469227e-01 4.874527900000000358e+00
9.968676184535228968e-01 1.319657275131653346e-02 -7.797949567944555127e-02 -9.814637000000000500e-01 -1.281615617950779273e-02 9.999034129414957617e-01 5.376888387447376072e-03 -4.851790000000000269e-02 7.804292036811490141e-02 -4.360648526058040833e-03 9.969404632799534483e-01 5.044605699999999970e+00
9.986126408942339605e-01 1.290593284705564801e-02 -5.105125212559512293e-02 -1.001964400000000088e+00 -1.288511606375862366e-02 9.999167119345727661e-01 7.368703930125294595e-04 -4.915180000000000243e-02 5.105651016537714193e-02 -7.804678032451682623e-05 9.986957628219080840e-01 5.099374799999999652e+00
9.985392908544725721e-01 1.277630418563382476e-02 -5.249810159618369110e-02 -1.003260899999999900e+00 -1.273917127351612867e-02 9.999183106496810636e-01 1.041893829527268389e-03 -4.996969999999999884e-02 5.250712461286649591e-02 -3.715896179135748227e-04 9.986204803557979792e-01 5.131573699999999683e+00
9.985215608139725862e-01 1.127318060537727505e-02 -5.317525729760717162e-02 -1.005012400000000028e+00 -1.125168893651436706e-02 9.999364502540339927e-01 7.035264300192640118e-04 -5.048310000000000297e-02 5.317980900402049377e-02 -1.041748547449261055e-04 9.985849473439381008e-01 5.163591399999999609e+00
9.946478051692380085e-01 7.753830252784541313e-03 -1.030321395896855591e-01 -9.847251000000000198e-01 -7.347094034857011569e-03 9.999636497694665005e-01 4.326586295306185208e-03 -4.946670000000000234e-02 1.030619419633669459e-01 -3.546442744323668149e-03 9.946686176122180312e-01 5.257969400000000348e+00
9.949290372109206304e-01 5.133450490265578474e-03 -1.004482881915581688e-01 -9.909687999999999830e-01 -4.614935313934987078e-03 9.999748048649378385e-01 5.393700712648479695e-03 -5.101159999999999722e-02 1.004734456789381086e-01 -4.902787104639668922e-03 9.949276603814007913e-01 5.311260700000000057e+00
9.841963113372339533e-01 2.942867373946903009e-03 -1.770563759987253405e-01 -9.681636000000000131e-01 -2.547311440268551237e-04 9.998843923822019475e-01 1.520318987973491576e-02 -5.672660000000000202e-02 1.770806479043571524e-01 -1.491782162697926489e-02 9.840832803862074041e-01 5.423427600000000126e+00
9.865380529334307758e-01 1.090142171444294719e-02 -1.631681008007364597e-01 -9.441566000000000125e-01 -3.697633924115671655e-03 9.990075130922816404e-01 4.438824493644826646e-02 -8.552220000000000655e-02 1.634900535741506400e-01 -4.318735682788155811e-02 9.855992362986807365e-01 5.340377799999999731e+00
9.831969347873736886e-01 1.845238241280858227e-02 -1.816130419546022889e-01 -9.894260000000000277e-01 -1.808991873894062047e-02 9.998296936344924779e-01 3.652200264954606410e-03 -5.891670000000000240e-02 1.816495038934353434e-01 -3.054669348424342637e-04 9.833632921892195844e-01 5.638964200000000204e+00
9.819258526672166587e-01 2.371510158126596476e-02 -1.877743694457518764e-01 -9.773760000000000225e-01 -2.455278949729727475e-02 9.996962524918558968e-01 -2.136183896774700337e-03 -6.038639999999999980e-02 1.876666736308311156e-01 6.707958760283749995e-03 9.822098670333185844e-01 5.663584700000000360e+00
9.828693965854699011e-01 2.317584358447829715e-02 -1.828404482871935910e-01 -9.827780999999999878e-01 -2.390433297439747626e-02 9.997126640331442937e-01 -1.781077427454287078e-03 -5.682639999999999914e-02 1.827466336783341583e-01 6.121245453439173347e-03 9.831409859391151418e-01 5.735325800000000029e+00
9.912159199462226011e-01 2.202750125009803397e-02 -1.304062469126407442e-01 -9.939107000000000358e-01 -2.253902217429070223e-02 9.997429675373937785e-01 -2.447721175389988915e-03 -5.802329999999999988e-02 1.303188110926067345e-01 5.365449487466075751e-03 9.914576236164645007e-01 5.756085900000000422e+00
9.993467519070710070e-01 1.294724827592249640e-02 3.374075006381521691e-02 -9.887204000000000548e-01 -1.226053838555901838e-02 9.997150719899688953e-01 -2.048057700817314253e-02 -6.112630000000000147e-02 -3.399630349440153909e-02 2.005351834898550650e-02 9.992207502601933022e-01 5.824085700000000365e+00
9.855453449955809964e-01 6.494464587554297022e-03 1.692873146082191083e-01 -9.584513999999999534e-01 -2.103969691878787140e-03 9.996570795252102126e-01 -2.610166022810174805e-02 -6.318519999999999692e-02 -1.693987788299455288e-01 2.536819435530672864e-02 9.852210454746054280e-01 5.871635000000000382e+00
8.589854022678216072e-01 2.572623695636938601e-02 5.113533410694151016e-01 -9.138956999999999775e-01 -8.616059961743726889e-03 9.993217429200856872e-01 -3.580248089026729502e-02 -6.942819999999999547e-02 -5.119275751525058649e-01 2.634795740142017659e-02 8.586244481373964677e-01 5.866061199999999864e+00
5.107174176388259434e-01 3.217185831360072634e-02 8.591464897518807931e-01 -1.067299500000000068e+00 -7.943839119191765247e-03 9.994335476035650645e-01 -3.270289504922906793e-02 -7.079580000000000595e-02 -8.597119370698405039e-01 9.877016614448537804e-03 5.106836886003121023e-01 5.935680399999999857e+00
4.784904849805030058e-01 3.428535839182868250e-02 8.774231419235912766e-01 -1.062637599999999960e+00 1.856336614760763226e-04 9.992334711539327952e-01 -3.914633655664748885e-02 -6.857699999999999907e-02 -8.780927179536716087e-01 1.889402883469936539e-02 4.781173437045834751e-01 5.938541400000000081e+00
4.232285145980156371e-01 2.017361508269495396e-02 9.057983493502582695e-01 -9.005843999999999516e-01 5.206742601430724982e-04 9.997464985599222587e-01 -2.250927620982628649e-02 -7.237929999999999364e-02 -9.060228216383249267e-01 9.998193420347991495e-03 4.231107216779754765e-01 5.958387899999999959e+00
3.728663808942028757e-01 2.507193309156235256e-02 9.275462576981871043e-01 -8.884680000000000355e-01 -2.762089422510178444e-03 9.996604412193644817e-01 -2.591086882232488536e-02 -7.296930000000000083e-02 -9.278809367913974926e-01 7.099326176327655155e-03 3.728090217617605617e-01 5.962232600000000105e+00
3.229456671935237999e-01 2.989157376744040057e-02 9.459453418980589001e-01 -8.757677000000000378e-01 -2.398947602805491519e-03 9.995237470019947557e-01 -3.076563390361778533e-02 -7.342880000000000240e-02 -9.464144658083629702e-01 7.666354857304177525e-03 3.228635716705635650e-01 5.965544699999999700e+00
2.767685488210900879e-01 3.214509298927233083e-02 9.603988043412897690e-01 -8.625793000000000488e-01 -1.048894878307633088e-03 9.994498412363895801e-01 -3.314988193176511555e-02 -7.395240000000000147e-02 -9.609360385598003651e-01 8.167487328838752420e-03 2.766499990018636002e-01 5.968273599999999846e+00
1.704988604545728537e-01 3.274805859489468562e-02 9.848135372962524281e-01 -8.193949999999999845e-01 1.849818445355309177e-02 9.991650660604356471e-01 -3.642784561798363685e-02 -7.555349999999999566e-02 -9.851842242726048804e-01 2.442816863194348029e-02 1.697507255409381743e-01 5.974035299999999715e+00
1.427752541410877152e-01 3.155761053505340419e-02 9.892519113058442226e-01 -8.037632999999999583e-01 1.670885727007798832e-02 9.992722814971755074e-01 -3.428879584000888575e-02 -7.615689999999999960e-02 -9.896140868508673805e-01 2.142486053041034108e-02 1.421440623366888589e-01 5.975774300000000316e+00
1.173277208666489019e-01 2.828840492807663948e-02 9.926902699547642817e-01 -7.877952000000000288e-01 1.049529540492922207e-02 9.995030724393292321e-01 -2.972300386408296621e-02 -7.672600000000000253e-02 -9.930377911694000526e-01 1.390590992945764034e-02 1.169725223222651822e-01 5.977386499999999714e+00
9.344521975434483263e-02 2.453843753284328313e-02 9.953219860871701519e-01 -7.711455999999999866e-01 5.848702286777744674e-03 9.996654558817682501e-01 -2.519462240751259990e-02 -7.738230000000000108e-02 -9.956072436390882574e-01 8.175659003605957598e-03 9.327044018998686958e-02 5.978804099999999622e+00
7.104544495964698614e-02 2.200075530780692262e-02 9.972304204728070776e-01 -7.535239000000000242e-01 9.981848531049294579e-03 9.996909842578020067e-01 -2.276617432881835809e-02 -7.808740000000000125e-02 -9.974231336049854679e-01 1.157163599293395059e-02 7.080388259169179133e-02 5.979734399999999894e+00
5.081404156503153968e-02 2.292045013063263165e-02 9.984450841912319019e-01 -7.353564999999999685e-01 1.764115437212440685e-02 9.995600332343389516e-01 -2.384385943982645154e-02 -7.889630000000000254e-02 -9.985523135280623963e-01 1.882532672695238704e-02 5.038734187648097329e-02 5.980301899999999726e+00
8.614396174650873483e-03 3.704273251531955274e-02 9.992765523849465037e-01 -6.741576999999999709e-01 2.031204691899260451e-02 9.991009648418230915e-01 -3.721132626094809936e-02 -8.163660000000000361e-02 -9.997565768368352757e-01 2.061790532368820011e-02 7.854237808764485962e-03 5.980552199999999985e+00
1.071837326623687045e-03 3.387926579496211565e-02 9.994253581503421691e-01 -6.288327999999999696e-01 2.862153797040825967e-02 9.990154474783863314e-01 -3.389606560897299309e-02 -8.417819999999999470e-02 -9.995897452099805625e-01 2.864142190523427320e-02 1.011053541208895012e-04 5.980038600000000315e+00
6.226423635514196503e-02 3.301226887819627698e-02 9.975135863609201348e-01 -5.102254999999999985e-01 3.090482034741462436e-02 9.989097878846848744e-01 -3.498753703060657194e-02 -8.701349999999999363e-02 -9.975811029437182675e-01 3.300645045574747416e-02 6.117611689137558706e-02 5.953800199999999876e+00
3.839065447749197106e-03 3.356698722862763717e-02 9.994290965070415922e-01 -4.158755000000000090e-01 2.294570505459354523e-02 9.991703617748571853e-01 -3.364643770518072757e-02 -1.004228999999999955e-01 -9.997293414699979230e-01 2.306177614786329017e-02 3.065662223785570184e-03 5.995619800000000055e+00
2.615161836047538886e-03 3.249436462197587833e-02 9.994684973506594572e-01 -3.451034000000000046e-01 2.209103858180450769e-02 9.992261282548394741e-01 -3.254428716718602704e-02 -1.048062000000000021e-01 -9.997525428539545400e-01 2.216440571405259297e-02 1.895303773638334910e-03 6.000536000000000314e+00
5.148276788169288756e-03 2.675513203315442456e-02 9.996287601684942237e-01 -2.991968999999999879e-01 2.403572382439366634e-02 9.993498930793480728e-01 -2.687145665074803028e-02 -1.114456999999999948e-01 -9.996978439640399339e-01 2.416514250287032581e-02 4.501850893365744177e-03 5.995700399999999597e+00
1.654382364640286963e-03 2.370696373150379954e-02 9.997175815647260100e-01 -2.230998999999999899e-01 2.098105094148172006e-02 9.994980615715524097e-01 -2.373647859519811831e-02 -1.147700999999999999e-01 -9.997785047301138706e-01 2.101439471749098203e-02 1.156154952837606942e-03 5.995697500000000346e+00
2.149195594395301653e-03 2.126774413434692063e-02 9.997715059040905849e-01 -1.943788999999999934e-01 2.400393668861951213e-02 9.994846455570195465e-01 -2.131324281304190424e-02 -1.154193000000000024e-01 -9.997095538113787150e-01 2.404425825836364536e-02 1.637578413186235871e-03 5.993800199999999911e+00
2.645324387132418900e-04 1.902279159894119595e-02 9.998190153334614028e-01 -1.360251000000000099e-01 2.212702652400064599e-02 9.995741506317631364e-01 -1.902398712140995762e-02 -1.176983000000000057e-01 -9.997551323798219425e-01 2.212805433319098292e-02 -1.564980265289506178e-04 5.993736700000000361e+00
-3.857908958863201683e-03 2.730373318713011713e-02 9.996197390470594746e-01 -6.684400000000000064e-03 1.815771083106947417e-02 9.994642848983842365e-01 -2.722940965090551307e-02 -1.257807999999999982e-01 -9.998276921929299954e-01 1.804575757920885010e-02 -4.351615510593820346e-03 5.992624300000000126e+00
-1.030414270245422724e-02 1.705035276377361159e-02 9.998015353627929258e-01 5.398959999999999870e-02 1.316885400767241199e-02 9.997702208864489570e-01 -1.691409804823980345e-02 -1.291477000000000042e-01 -9.998601931906738738e-01 1.299195517586697844e-02 -1.052630863200365585e-02 5.996072299999999800e+00
-4.310691907482619607e-03 1.205570963154428688e-02 9.999180355411931842e-01 1.231270000000000003e-01 6.978860259575985631e-03 9.999033374042971545e-01 -1.202544623810667367e-02 -1.303568999999999978e-01 -9.999663561564240410e-01 6.926450247289247034e-03 -4.394410337662191246e-03 5.991002599999999845e+00
-1.193358750075432370e-03 2.952350034736753517e-02 9.995633740899737552e-01 1.797186000000000061e-01 1.182765908260076729e-02 9.994945837327142701e-01 -2.950734772211726503e-02 -1.333235000000000114e-01 -9.999293386912494475e-01 1.178728196859464041e-02 -1.541949504184181308e-03 5.989099999999999646e+00
-5.849404075905555384e-04 3.485344023469996028e-02 9.993922631021946446e-01 2.153604000000000074e-01 1.383052805779475154e-02 9.992971277929992846e-01 -3.484202747120992288e-02 -1.347723999999999867e-01 -9.999041825786921800e-01 1.380174222582761234e-02 -1.066570752311979398e-03 5.988074300000000072e+00
3.267526088109659090e-03 2.143996191714814953e-02 9.997647979931356677e-01 2.833742000000000205e-01 1.859388942254477928e-02 9.995959891108842088e-01 -2.149711212175181921e-02 -1.378418999999999894e-01 -9.998217793934107700e-01 1.865975847711402388e-02 2.867553690878543726e-03 5.985880899999999727e+00
-3.757661644809289110e-03 1.795404038154469611e-02 9.998317520527849611e-01 3.498615999999999948e-01 1.949490474980299093e-02 9.996501104323931575e-01 -1.787751104880654779e-02 -1.410017000000000076e-01 -9.998028949086713579e-01 1.942444713452493033e-02 -4.106359185313546156e-03 5.988353299999999990e+00
-2.922761716443028450e-03 1.962476893965747066e-02 9.998031435777814391e-01 3.921988000000000141e-01 1.594727708492256479e-02 9.996811862478053312e-01 -1.957575581574265075e-02 -1.413727999999999929e-01 -9.998685622708243237e-01 1.588692249134280796e-02 -3.234791527821689883e-03 5.988533000000000328e+00
-7.320856864697746283e-03 1.894245393116758894e-02 9.997937729821246844e-01 4.210684000000000093e-01 1.367451921885614631e-02 9.997289735781774711e-01 -1.884109637088135503e-02 -1.429153999999999980e-01 -9.998796990532909934e-01 1.353376619383156454e-02 -7.577901669391096107e-03 5.990165199999999857e+00
-7.671806421914503099e-03 1.900708169670714889e-02 9.997899150479562236e-01 4.521298000000000261e-01 1.415816999941291524e-02 9.997211834150804277e-01 -1.889713347095414372e-02 -1.441932999999999965e-01 -9.998703363979214442e-01 1.401022043102932366e-02 -7.938772888902434488e-03 5.988456700000000410e+00
-1.018313111743599994e-02 1.908856107158288934e-02 9.997659379459082896e-01 4.828858999999999790e-01 1.250605512014604792e-02 9.997420114933618374e-01 -1.896072362908752390e-02 -1.450780999999999876e-01 -9.998699427555450825e-01 1.231004839239957516e-02 -1.041922658357163911e-02 5.987792500000000295e+00
-1.613548445021568273e-02 1.716531650960828603e-02 9.997224605112567941e-01 5.708299999999999486e-01 9.152056253187258045e-03 9.998132765632529173e-01 -1.701916197086818933e-02 -1.484277999999999986e-01 -9.998279281995953172e-01 8.874903772837151872e-03 -1.628956951940530029e-02 5.984227699999999928e+00
-2.025880874642747506e-02 1.855233756280196683e-02 9.996226245134367527e-01 6.662727000000000510e-01 9.494465010984543679e-03 9.997863056540209348e-01 -1.836295621188811789e-02 -1.515148000000000050e-01 -9.997496865727595328e-01 9.118870414715703893e-03 -2.043062407340412445e-02 5.980342399999999614e+00
-2.276126252225258925e-02 1.799542972655700582e-02 9.995789560796835005e-01 7.007176000000000515e-01 1.182103415327068370e-02 9.997729338334376825e-01 -1.772974691381305756e-02 -1.522618000000000027e-01 -9.996710399326071972e-01 1.141250555475019877e-02 -2.296881879902590295e-02 5.978502299999999714e+00
-2.695577137564731524e-02 1.714828870482218784e-02 9.994895310027215318e-01 7.610179999999999723e-01 1.061965413163764096e-02 9.998013399950507196e-01 -1.686723125546819163e-02 -1.541964000000000112e-01 -9.995802165587656107e-01 1.015956389797904869e-02 -2.713252523696707552e-02 5.977218200000000259e+00
-2.838449048833534966e-02 1.643185385844557478e-02 9.994620127240915197e-01 7.870076999999999767e-01 8.821230887556772218e-03 9.998300628041165705e-01 -1.618738393764313291e-02 -1.551692000000000071e-01 -9.995581556794711497e-01 8.357014532172354210e-03 -2.852461608441114738e-02 5.976597299999999890e+00
-3.024294225424247612e-02 1.476405772564953062e-02 9.994335330792537553e-01 8.135386999999999480e-01 8.313666147599617362e-03 9.998600341096672839e-01 -1.451878594791101290e-02 -1.560628000000000015e-01 -9.995080026688093477e-01 7.869865925712492966e-03 -3.036145272081847146e-02 5.976244900000000193e+00
-2.927931864173333176e-02 1.677432077191112064e-02 9.994305096716411541e-01 8.661301999999999612e-01 8.541081976417026073e-03 9.998268770630299729e-01 -1.653075379590797367e-02 -1.582089000000000134e-01 -9.995347774932834550e-01 8.052208705059300808e-03 -2.941752056890922784e-02 5.973084000000000060e+00
-3.182889439440737822e-02 2.157713140859175358e-02 9.992604009375164464e-01 9.214480999999999922e-01 6.673438079941349833e-03 9.997492532574956403e-01 -2.137512187738537656e-02 -1.599316000000000071e-01 -9.994710534606906505e-01 5.988155914490995296e-03 -3.196490705321841652e-02 5.970159100000000052e+00
-3.258697620932347883e-02 2.225124590862020968e-02 9.992211822399719168e-01 9.485055999999999488e-01 7.065600387966686560e-03 9.997322938579218388e-01 -2.203220163159753248e-02 -1.606207000000000051e-01 -9.994439285286047525e-01 6.342134742491392294e-03 -3.273547088736517008e-02 5.968837299999999679e+00
-3.342424370034854930e-02 2.198970097037526022e-02 9.991993159446682649e-01 9.727991999999999750e-01 8.523233102148281004e-03 9.997278430752124523e-01 -2.171622153298459479e-02 -1.616775000000000018e-01 -9.994049101493077680e-01 7.790560404534279532e-03 -3.360257040818681595e-02 5.968185400000000307e+00
-3.217592141399353706e-02 2.197781950999119771e-02 9.992405543865534590e-01 1.000286599999999915e+00 8.863546926657781683e-03 9.997251694033914005e-01 -2.170306884381349027e-02 -1.622351999999999961e-01 -9.994429186386981634e-01 8.158499307263721023e-03 -3.236187992088734866e-02 5.965333000000000219e+00
-3.649489252284651014e-02 2.000663020817617516e-02 9.991335534188907630e-01 1.079404800000000053e+00 5.309054747861434789e-03 9.997893528066195135e-01 -1.982584051698627406e-02 -1.651816999999999869e-01 -9.993197369998405577e-01 4.580912816683723604e-03 -3.659342127125930766e-02 5.961894000000000027e+00
-3.896135221414829403e-02 1.940387936323380996e-02 9.990523021840760354e-01 1.106583400000000106e+00 6.137210570281467596e-03 9.997972296160777539e-01 -1.917900671129650625e-02 -1.657821999999999907e-01 -9.992218710977363028e-01 5.384154313631810129e-03 -3.907253769933416443e-02 5.960130699999999671e+00
-5.320861002811336227e-02 2.213259126597501986e-02 9.983381151807887433e-01 1.177530600000000094e+00 2.107219906305909246e-03 9.997546112921097405e-01 -2.205168529679666506e-02 -1.680183000000000093e-01 -9.985811952180668749e-01 9.303784261129478123e-04 -5.324219147294373400e-02 5.954991299999999654e+00
-6.424496292180913171e-02 2.677050131313584574e-02 9.975750222407430146e-01 1.229265899999999911e+00 2.906189728462217625e-03 9.996409002962666213e-01 -2.663877842791818537e-02 -1.693217999999999945e-01 -9.979299267986895261e-01 1.187734950622625074e-03 -6.429969273059954471e-02 5.948129699999999964e+00
-8.105001254061564020e-02 2.464221191759202734e-02 9.964053677389409502e-01 1.324417600000000084e+00 -6.428128447997231293e-03 9.996606119018635050e-01 -2.524559717352796440e-02 -1.724403999999999937e-01 -9.966893069717471798e-01 -8.451177657609609817e-03 -8.086410182755643383e-02 5.936507200000000317e+00
-8.340912373399211877e-02 2.164775193878383172e-02 9.962802281054885523e-01 1.349785900000000094e+00 -5.697651629807023999e-03 9.997373165444886078e-01 -2.219988005216381663e-02 -1.730634000000000061e-01 -9.964990992689519711e-01 -7.528130207560469744e-03 -8.326387218803277257e-02 5.933506500000000017e+00
-8.623713839508961865e-02 1.836845989352928546e-02 9.961052934517342639e-01 1.373761400000000021e+00 -3.571083889667607016e-03 9.998178992380328811e-01 -1.874608554071000022e-02 -1.738482000000000083e-01 -9.962682386392125444e-01 -5.173784338998512269e-03 -8.615583923527425636e-02 5.931633500000000225e+00
-8.750861479634342022e-02 1.515550621302418077e-02 9.960484691860392870e-01 1.422340299999999891e+00 -5.202051720374888284e-03 9.998636763835903052e-01 -1.567058730837956812e-02 -1.752149000000000068e-01 -9.961501799399142820e-01 -6.552807041107466292e-03 -8.741784557833875979e-02 5.926155999999999757e+00
-8.857694818464321995e-02 1.875618853001698866e-02 9.958927299875834915e-01 1.446819700000000042e+00 -3.700662455354771646e-03 9.998095988214872332e-01 -1.915910232260775031e-02 -1.759894999999999932e-01 -9.960624625733502935e-01 -5.382517649119716169e-03 -8.849067270662125395e-02 5.923765200000000064e+00
-8.875113237339496419e-02 2.268562802204148604e-02 9.957954603148611028e-01 1.470702600000000082e+00 2.151846851445402692e-03 9.997426384369130226e-01 -2.258376510521897113e-02 -1.767902000000000085e-01 -9.960515077331937306e-01 1.384645996192149925e-04 -8.877710724047394031e-02 5.921224099999999879e+00
-9.018643435997773794e-02 2.649581856296853721e-02 9.955723874516164695e-01 1.548101799999999972e+00 7.781840144738932583e-03 9.996342759537854006e-01 -2.589898265015477472e-02 -1.789494000000000085e-01 -9.958944974350421031e-01 5.411648272896186357e-03 -9.035963723685092042e-02 5.909850099999999884e+00
-8.788421078562387578e-02 2.214387571682156428e-02 9.958845386202289651e-01 1.573520899999999889e+00 8.175002093862741154e-03 9.997352509751069594e-01 -2.150807519293798653e-02 -1.795642000000000071e-01 -9.960971513037036873e-01 6.251137974616695001e-03 -8.804196975686617854e-02 5.905653499999999667e+00
-8.848105581141280096e-02 1.977448125186411637e-02 9.958815555344507908e-01 1.598354800000000075e+00 1.009896177364081292e-02 9.997693439403976257e-01 -1.895441605751684369e-02 -1.805784000000000000e-01 -9.960266631639899115e-01 8.380263015358484224e-03 -8.866034884998608145e-02 5.902940799999999655e+00
-9.450251823963685960e-02 2.065610155687040012e-02 9.953103031290493341e-01 1.673702999999999941e+00 8.109804236437775579e-03 9.997675163644851315e-01 -1.997859598760009375e-02 -1.830691000000000124e-01 -9.954915896789959806e-01 6.183744081165620798e-03 -9.464806489054533589e-02 5.893538500000000013e+00
-9.874153085832897137e-02 2.102517265765325299e-02 9.948909750311687450e-01 1.723663699999999910e+00 8.927762855386881663e-03 9.997552502723665580e-01 -2.024190216446571794e-02 -1.844017000000000017e-01 -9.950730652239321294e-01 6.883434284839042884e-03 -9.890507165102635501e-02 5.886087400000000081e+00
-1.009095996260583605e-01 2.055453061833172404e-02 9.946832480615972472e-01 1.747891800000000107e+00 8.854032716599784247e-03 9.997655206750823975e-01 -1.976132014655483313e-02 -1.852193000000000034e-01 -9.948562000650960080e-01 6.812851116919912964e-03 -1.010679288978294510e-01 5.882843499999999892e+00
-1.034795956954402685e-01 2.220855834282706859e-02 9.943836046571972176e-01 1.796180099999999946e+00 6.399020402861480342e-03 9.997448641810331438e-01 -2.166238863863523267e-02 -1.868283000000000027e-01 -9.946109922037820184e-01 4.121465756348875395e-03 -1.035953073620000664e-01 5.875767200000000301e+00
-1.044185271859158631e-01 2.245361617790888123e-02 9.942799436279803338e-01 1.821227099999999988e+00 5.353936708220846663e-03 9.997433106145096060e-01 -2.201472787169185888e-02 -1.876237000000000044e-01 -9.945190327701369792e-01 3.024566427676806529e-03 -1.045119392982258866e-01 5.872194799999999937e+00
-1.072706127792870112e-01 1.863817167567433791e-02 9.940551464534269632e-01 1.896532799999999908e+00 3.761479457953826634e-03 9.998247244078487528e-01 -1.834043988176266293e-02 -1.901930000000000009e-01 -9.942227451161250729e-01 1.771727788699491851e-03 -1.073219179590035877e-01 5.862212200000000095e+00
-1.095267990920993778e-01 1.679578113529671402e-02 9.938419300958747371e-01 1.922458100000000059e+00 1.064548579213286938e-03 9.998586367679714870e-01 -1.678014352787763480e-02 -1.908037999999999956e-01 -9.939832730066240352e-01 -7.798823942682959337e-04 -1.095291959547303184e-01 5.859081699999999948e+00
-1.116638550488046333e-01 1.610019203793658371e-02 9.936156033859274705e-01 1.948668199999999961e+00 2.107265747102505388e-03 9.998703351008990658e-01 -1.596472412185488340e-02 -1.915763000000000049e-01 -9.937438014431637656e-01 3.111294865647921959e-04 -1.116833035495098381e-01 5.855283700000000202e+00
-1.159308873018091157e-01 1.808835624834005673e-02 9.930925640330051651e-01 2.001462200000000191e+00 2.693242752933402463e-03 9.998362123613613317e-01 -1.789678446985719373e-02 -1.929476999999999998e-01 -9.932536311601830592e-01 5.998492476341609619e-04 -1.159606155899109980e-01 5.847641499999999937e+00
-1.168997850870008015e-01 2.186722406298665516e-02 9.929029483078353202e-01 2.027668199999999921e+00 4.181552623593546431e-03 9.997595459146899621e-01 -2.152591392041250384e-02 -1.936579999999999968e-01 -9.931349127204565086e-01 1.635501217372889796e-03 -1.169631150042560463e-01 5.843565899999999758e+00
-1.171835790881324973e-01 2.566242921405736954e-02 9.927786503138193996e-01 2.053978199999999976e+00 6.045091096312982595e-03 9.996659915355707859e-01 -2.512692262974932506e-02 -1.946099000000000023e-01 -9.930918717146630659e-01 3.056974654397073485e-03 -1.172995705031766311e-01 5.839765100000000153e+00
-1.172011888592440765e-01 3.077560386814622018e-02 9.926312223260612688e-01 2.106561899999999987e+00 9.543503817093601169e-03 9.995084700480152406e-01 -2.986201328056922039e-02 -1.964246000000000048e-01 -9.930623358404410128e-01 5.973316401021803654e-03 -1.174372880575005329e-01 5.831519100000000400e+00
-1.161637759405554776e-01 2.788968875051388990e-02 9.928384271474548495e-01 2.161207399999999890e+00 1.340935894367931147e-02 9.995586190951670780e-01 -2.650954705916985094e-02 -1.986535000000000106e-01 -9.931395502405249154e-01 1.023387775783120811e-02 -1.164864863153051155e-01 5.823243100000000005e+00
-1.145154382093024753e-01 2.377498155624930762e-02 9.931369314770905898e-01 2.216647899999999893e+00 1.170835026375819168e-02 9.996764432943313627e-01 -2.258148038762637644e-02 -2.005231000000000097e-01 -9.933524696429925083e-01 9.042066931603989777e-03 -1.147567517829422012e-01 5.815413999999999639e+00
-1.118792488712608280e-01 1.704757695717323482e-02 9.935755702471210649e-01 2.272264700000000026e+00 1.295674541138961203e-02 9.997928688865936886e-01 -1.569528820566326588e-02 -2.023406000000000093e-01 -9.936373364665535002e-01 1.111752865540063806e-02 -1.120769563123902302e-01 5.808092099999999647e+00
-1.105364154441056401e-01 1.696157912416978650e-02 9.937273296505347853e-01 2.300700700000000154e+00 1.098370463851703130e-02 9.998141502752521115e-01 -1.584370984931714535e-02 -2.031284999999999896e-01 -9.938113800380744545e-01 9.163500586023734518e-03 -1.107021732570234729e-01 5.804346999999999923e+00
-1.065501504818498341e-01 2.755638147377664771e-02 9.939254052857118271e-01 2.357204700000000042e+00 1.271107813196630833e-02 9.995719538460537956e-01 -2.635028609153416621e-02 -2.049227999999999883e-01 -9.942260778741511817e-01 9.826236535640197473e-03 -1.068548134176811049e-01 5.795958999999999861e+00
-1.052107359687870364e-01 3.122452396708001732e-02 9.939596219866956295e-01 2.386813399999999863e+00 1.102877217892460175e-02 9.994821040331000050e-01 -3.023061199831571233e-02 -2.056755000000000111e-01 -9.943887907760883271e-01 7.781569288811638133e-03 -1.055006159141825828e-01 5.791382800000000053e+00
