9.996188784132967742e-01 3.886618586417855785e-03 -2.733115650143942352e-02 -1.297837300000000083e+00 -3.732624752362159043e-03 9.999768844930172484e-01 5.683132243475710541e-03 2.074470000000000133e-02 2.735261289530703174e-02 -5.578949327829676313e-03 9.996102790048714271e-01 5.512605000000000421e-01
9.995109122842946725e-01 -1.293481958658239785e-03 -3.124520969748118340e-02 -1.300187299999999935e+00 1.304600281804294904e-03 9.999990927428513698e-01 3.354572683798530603e-04 1.989240000000000105e-02 3.124474744211677354e-02 -3.760557097271126684e-04 9.995116929478021772e-01 6.158316999999999819e-01
9.999122639316899708e-01 -2.093327102519759904e-03 -1.307984788307006881e-02 -1.306149999999999922e+00 2.104980671269835943e-03 9.999973997388341695e-01 8.772524972660040044e-04 1.835020000000000054e-02 1.307797749562128291e-02 -9.047083575579909723e-04 9.999140703117502804e-01 6.119115000000000526e-01
9.998960592108425693e-01 -3.528465899926525387e-03 1.397929551229999852e-02 -1.303106099999999934e+00 3.702405810369524715e-03 9.999158105038210564e-01 -1.243640204005415362e-02 1.841490000000000141e-02 -1.393423718193777423e-02 1.248686641554144425e-02 9.998249422780358664e-01 6.065182999999999547e-01
9.993843833832189993e-01 -3.556189202383085515e-03 -3.490283323886465838e-02 -1.260832699999999917e+00 2.161392944479107597e-03 9.992005839244401111e-01 -3.991893617817935530e-02 2.498819999999999861e-02 3.501689064269838947e-02 3.981892268023903142e-02 9.985931457637301500e-01 6.112682000000000393e-01
9.990708755807600205e-01 -1.163390320136877118e-03 -4.308169088204819031e-02 -1.253523100000000001e+00 -1.101825901785099789e-03 9.986193428974351471e-01 -5.251851074408799003e-02 2.786960000000000132e-02 4.308330936656906696e-02 5.251718303620007966e-02 9.976902194268352231e-01 6.386165999999999787e-01
9.982118815063762973e-01 8.271068299312614100e-03 -5.919990750573930760e-02 -1.239274299999999940e+00 -1.662763227117501717e-03 9.938394974905572221e-01 1.108164628842087385e-01 -2.203839999999999966e-02 5.975177686019494949e-02 -1.105198744882782413e-01 9.920761475336178359e-01 8.459754000000000440e-01
9.861161405753043896e-01 5.548537516563508201e-03 -1.659643667426647373e-01 -1.251711599999999924e+00 -4.950811422644193355e-03 9.999796843463077956e-01 4.015016925988731597e-03 2.575790000000000024e-02 1.659832725401082509e-01 -3.137614712779035822e-03 9.861235767442081412e-01 9.903410999999999742e-01
9.941707417458698348e-01 7.526342775459647118e-03 -1.075541278654300881e-01 -1.266373500000000041e+00 -9.047037201653472527e-03 9.998657970000760509e-01 -1.365793202774637574e-02 2.837390000000000051e-02 1.074368995007715932e-01 1.455136261072922585e-02 9.941054121529729892e-01 1.011271100000000089e+00
9.959964158488945341e-01 6.521025626687175850e-03 -8.915501018412809453e-02 -1.282031300000000096e+00 -7.595765900007952695e-03 9.999024590985492456e-01 -1.172077766474238954e-02 2.325649999999999940e-02 8.906988243254938820e-02 1.235105313121665806e-02 9.959487976447392032e-01 1.043005100000000018e+00
9.981743258435435973e-01 6.110664177127438611e-03 -6.008889256843977927e-02 -1.307052700000000067e+00 -5.725868533090708139e-03 9.999619985620630258e-01 6.573877189789535322e-03 2.179050000000000084e-02 6.012677985996662394e-02 -6.217814332950521647e-03 9.981713826435779646e-01 1.076536099999999996e+00
9.984723129883654735e-01 7.396029534440419148e-03 5.475709034261436875e-02 -1.342614200000000091e+00 -8.383297172152989404e-03 9.998060248334559308e-01 1.782226234926916758e-02 1.377109999999999966e-02 -5.461465484818995436e-02 -1.825408047118481231e-02 9.983406372686451924e-01 9.606493000000000393e-01
9.969696001750284475e-01 5.539908741039921772e-03 -7.759462441422672330e-02 -1.159387200000000062e+00 -2.050018440144285407e-03 9.989856235029042075e-01 4.498356876581392771e-02 2.046000000000000076e-03 7.776511911672885635e-02 -4.468818015599416993e-02 9.959696545593678119e-01 8.915994000000000419e-01
9.998934655002674754e-01 3.721611140204383363e-03 -1.411408021751614332e-02 -1.256751500000000021e+00 -3.408161608584755337e-03 9.997484574660540080e-01 2.216768433317712825e-02 1.158679999999999953e-02 1.419302942698079904e-02 -2.211721964367864210e-02 9.996546336164896518e-01 1.150840400000000097e+00
9.998873431096142461e-01 -4.183146967365701649e-04 -1.500420281157854689e-02 -1.161069200000000023e+00 -6.237036184841718376e-05 9.994871646111748165e-01 -3.202192822820614654e-02 3.200580000000000092e-02 1.500990336859136208e-02 3.201925655490640149e-02 9.993745394047902630e-01 1.156519499999999923e+00
9.781994432480054513e-01 -1.639896559960123037e-03 -2.076611662506126499e-01 -1.254020799999999936e+00 9.311713372831699866e-04 9.999934042960743064e-01 -3.510596001898820886e-03 1.712489999999999846e-02 2.076655535933501495e-01 3.240694928646734724e-03 9.781945183587703596e-01 1.409520000000000106e+00
9.821772321097459457e-01 7.071426435746147295e-04 -1.879558051099246008e-01 -1.262856999999999896e+00 -1.628772209148757460e-03 9.999873967904647776e-01 -4.749037936281137913e-03 1.599379999999999899e-02 1.879500780162887685e-01 4.970534127352013894e-03 9.821660052985746736e-01 1.423328300000000102e+00
9.597226399711649147e-01 3.198333069187522283e-03 -2.809309968521739309e-01 -1.209516199999999930e+00 -2.428136520306696175e-03 9.999922791625116547e-01 3.089622696050331723e-03 1.313890000000000023e-02 2.809387094720419142e-01 -2.283042037225323836e-03 9.597229960979573038e-01 1.447991999999999946e+00
9.835513568621310210e-01 6.638312118128115308e-03 -1.805066791752684419e-01 -1.233053200000000071e+00 -7.229488594966804182e-03 9.999704414301739952e-01 -2.617395766415429176e-03 1.603740000000000027e-02 1.804839685659538617e-01 3.879314135916028458e-03 9.835702760924196486e-01 1.520134199999999991e+00
9.973166126031910439e-01 1.898249703343513929e-03 -7.318449886253357295e-02 -1.340544600000000086e+00 -1.378819252211959182e-02 9.866441045680741651e-01 -1.623061818540376400e-01 5.733189999999999814e-02 7.189895668693242758e-02 1.628797334511778161e-01 9.840227296451051764e-01 1.770413800000000037e+00
9.287549079375190253e-01 2.575923918975290411e-02 -3.697982998586333281e-01 -1.166949900000000095e+00 -2.568962683178318759e-03 9.980060112348699830e-01 6.306664704736492100e-02 -1.798200000000000146e-02 3.706854750495398587e-01 -5.762345993976380337e-02 9.269691556097577889e-01 1.710563199999999950e+00
9.923758048377505636e-01 1.266845952932214858e-02 -1.225959710014185994e-01 -1.312323600000000035e+00 -1.546432643262023524e-02 9.996409756116956258e-01 -2.188091602476309114e-02 1.376209999999999933e-02 1.222747585587970337e-01 2.360995576555148870e-02 9.922154269150105232e-01 1.804823400000000078e+00
9.986301756881730274e-01 1.537569756698750449e-02 -5.001359944392318874e-02 -1.361345199999999922e+00 -1.548690780060562981e-02 9.998783834997688746e-01 -1.836816992697052394e-03 5.832399999999999737e-03 4.997927462242924418e-02 2.608856879488538529e-03 9.987468477917704757e-01 1.826504499999999975e+00
9.985716081952434875e-01 1.609492493162445123e-02 -5.094798031139746719e-02 -1.365863599999999956e+00 -1.591318964516291387e-02 9.998654928032737477e-01 3.970729981201985212e-03 4.730400000000000056e-03 5.100503604235810673e-02 -3.154313350304641366e-03 9.986934147202563006e-01 1.907728199999999985e+00
9.985306002113409907e-01 1.539315968961437082e-02 -5.195855152281608075e-02 -1.370131500000000058e+00 -1.525954718209710827e-02 9.998791634763409819e-01 2.967265685783096289e-03 3.787500000000000068e-03 5.199794862661847455e-02 -2.170041617735676137e-03 9.986448338914094558e-01 1.989515300000000098e+00
9.984430338506455893e-01 1.597140940263854642e-02 -5.344550717143471685e-02 -1.374721899999999941e+00 -1.579097681738449860e-02 9.998681066802912465e-01 3.796616220078974195e-03 2.753400000000000031e-03 5.349909537806593618e-02 -2.946748252404738505e-03 9.985635500399889786e-01 2.072510700000000039e+00
9.983768368548279204e-01 1.613466430407923743e-02 -5.462018161396930971e-02 -1.379689500000000013e+00 -1.571977332618105724e-02 9.998442954366600910e-01 8.017082345980398872e-03 1.899199999999999977e-03 5.474102993479211532e-02 -7.145452439378154573e-03 9.984750182909509775e-01 2.155012399999999939e+00
9.983342760419210427e-01 1.740342339961848880e-02 -5.500721892467439617e-02 -1.382345699999999900e+00 -1.698680146514664965e-02 9.998234482963159753e-01 8.032484848895585228e-03 1.295200000000000040e-03 5.513730004123467560e-02 -7.084708239416571095e-03 9.984536469227428546e-01 2.196241600000000016e+00
9.982670645774839313e-01 1.967254414351176858e-02 -5.546042541105399709e-02 -1.387389399999999995e+00 -1.968759080655964680e-02 9.998061427546283131e-01 2.750969743671561967e-04 1.758999999999999930e-04 5.545508586312864613e-02 8.172619123749051261e-04 9.984608482734210755e-01 2.278563000000000116e+00
9.982537031990758036e-01 2.014901900832472004e-02 -5.552982155863341734e-02 -1.391990899999999920e+00 -2.002580612562828571e-02 9.997956138218165867e-01 2.774467818478688116e-03 -1.072599999999999942e-03 5.557437483544235696e-02 -1.657593333479084798e-03 9.984531742881037619e-01 2.361095000000000166e+00
9.982829365664264154e-01 1.972685990115028917e-02 -5.515459689593071868e-02 -1.396728200000000086e+00 -1.941617091036140427e-02 9.997924914936521246e-01 6.163299448774318609e-03 -2.124500000000000086e-03 5.526473439266542387e-02 -5.081825592837185476e-03 9.984588044487123781e-01 2.443611900000000059e+00
9.983230507556836164e-01 1.882589114828069413e-02 -5.474186836725504490e-02 -1.401331799999999905e+00 -1.866754225867405317e-02 9.998199564284971919e-01 3.402586272026573988e-03 -3.191400000000000053e-03 5.479606916454327070e-02 -2.374984166484471297e-03 9.984947422266796657e-01 2.525579899999999878e+00
9.983629252135837184e-01 1.760742522077484926e-02 -5.441918904275305086e-02 -1.405944800000000106e+00 -1.768810987653047714e-02 9.998430517411873719e-01 -1.001326053300123945e-03 -4.481200000000000287e-03 5.439301727218170263e-02 1.962259402845184346e-03 9.985176759627563126e-01 2.607637400000000216e+00
9.984218728168534618e-01 1.441114960021880852e-02 -5.427782832876604929e-02 -1.410373899999999958e+00 -1.477636330990951367e-02 9.998707659219431276e-01 -6.333288403387178980e-03 -6.054999999999999619e-03 5.417954381702051042e-02 7.125322579857833530e-03 9.985057870688144321e-01 2.689324099999999884e+00
9.984774619048194522e-01 1.205537982779160758e-02 -5.382774271059040383e-02 -1.414926300000000081e+00 -1.196986439964913343e-02 9.999265328862316782e-01 1.910805163737991494e-03 -7.737199999999999633e-03 5.384682362371856490e-02 -1.263585108898763283e-03 9.985484079093555065e-01 2.771618399999999927e+00
9.985047723948315967e-01 1.108141916668372272e-02 -5.352963341923452217e-02 -1.417184800000000022e+00 -1.067028434362410870e-02 9.999113860831473355e-01 7.960214400710603766e-03 -8.321600000000000177e-03 5.361310042118049707e-02 -7.377135659002406406e-03 9.985345328693930878e-01 2.813007799999999836e+00
9.985685703142151981e-01 4.454414399766321031e-03 -5.330073707726190602e-02 -1.423605699999999974e+00 -4.334433588847674129e-03 9.999878063408903506e-01 2.366401275750277828e-03 -9.585400000000000864e-03 5.331062807816201732e-02 -2.131985433617667684e-03 9.985757014728642300e-01 2.935950300000000013e+00
9.985501208900788850e-01 6.344735518143447203e-03 -5.345465743612724807e-02 -1.428230899999999970e+00 -6.687671163284442458e-03 9.999581739638641054e-01 -6.239020537413136197e-03 -1.092390000000000028e-02 5.341283670449153975e-02 6.587461882948408148e-03 9.985507870014023180e-01 3.018114100000000022e+00
9.986705194055558454e-01 1.331824193925901581e-02 -4.979777205743873836e-02 -1.433664199999999944e+00 -1.348161081298378944e-02 9.999047785443849756e-01 -2.946186347082513281e-03 -1.269160000000000080e-02 4.975379221852845035e-02 3.613623631738518537e-03 9.987549758995565297e-01 3.099940999999999836e+00
9.983871650283344668e-01 1.340013600503803595e-02 5.516797133964438521e-02 -1.461320600000000081e+00 -1.351698772593182274e-02 9.999071178230439783e-01 1.745499822508143157e-03 -1.766950000000000118e-02 -5.513945728334972846e-02 -2.488389410813897362e-03 9.984755621289075345e-01 3.173605400000000021e+00
9.974054147871082021e-01 1.197775402561562265e-02 7.098571660452945853e-02 -1.471502300000000041e+00 -1.227204880570287489e-02 9.999178087283916438e-01 3.711146173618480072e-03 -1.908059999999999964e-02 -7.093543100219498743e-02 -4.572657467312107350e-03 9.974704283497428658e-01 3.202171599999999785e+00
9.960994652384944636e-01 1.147446655450595071e-02 8.748823903174050842e-02 -1.479497899999999921e+00 -1.202327235575266495e-02 9.999111937948647055e-01 5.748516816348878643e-03 -2.040169999999999831e-02 -8.741450836929091917e-02 -6.777989452483417811e-03 9.961489660615711061e-01 3.230532399999999971e+00
9.985030370743238626e-01 9.358477300017138331e-03 -5.388973794681547330e-02 -1.451343100000000108e+00 -9.322927065338862743e-03 9.999561255559413775e-01 9.110401114503278129e-04 -1.841879999999999906e-02 5.389589951272500540e-02 -4.072662217312979140e-04 9.985464767099920813e-01 3.428596000000000199e+00
9.917755957606607664e-01 1.379949663016489733e-02 1.272428447746302982e-01 -1.506302699999999994e+00 -1.398798524082247793e-02 9.999019905544581643e-01 5.878385278881819841e-04 -2.447809999999999916e-02 -1.272222618981801168e-01 -2.362874940915166144e-03 9.918714195396117761e-01 3.361495300000000075e+00
9.843965523054399869e-01 1.070047040115541283e-02 -1.756386282750956596e-01 -1.408924899999999925e+00 -1.014371517524710088e-02 9.999402788537030684e-01 4.067403154598746816e-03 -1.701729999999999909e-02 1.756716620619463709e-01 -2.222309423229604144e-03 9.844463055389159889e-01 3.608567700000000045e+00
9.949930800603711267e-01 1.340890718987776571e-02 -9.904025363431340212e-02 -1.414166599999999940e+00 -1.253950071747825766e-02 9.998772340871726616e-01 9.395620040307139931e-03 -2.033460000000000129e-02 9.915407986428115272e-02 -8.106661591475449596e-03 9.950390698279686363e-01 3.606493700000000135e+00
9.997560973578315524e-01 1.484587877383993643e-02 -1.635070883082182305e-02 -1.432158000000000042e+00 -1.458137733528197880e-02 9.997627854433609462e-01 1.617888369258767278e-02 -2.737250000000000100e-02 1.658701995067199744e-02 -1.593652176494617795e-02 9.997354140187248994e-01 3.756567200000000106e+00
9.807004262027009256e-01 3.504905159396021555e-03 -1.954850114092242519e-01 -1.402218900000000046e+00 -5.215429158048174099e-03 9.999524818115520519e-01 -8.236104517012097365e-03 -1.420530000000000057e-02 1.954468555503983684e-01 9.096689438548802992e-03 9.806721046796020858e-01 3.999814699999999945e+00
9.826063405040532661e-01 1.210143769528004799e-03 -1.856968366808917359e-01 -1.402678700000000056e+00 -3.433846127288610155e-03 9.999261966817873937e-01 -1.165375005178782494e-02 -1.355199999999999981e-02 1.856690289251462789e-01 1.208870305502257950e-02 9.825379763431236757e-01 4.022113799999999628e+00
9.866464757725367241e-01 -1.905790361042507611e-03 -1.628652811643199472e-01 -1.400780399999999926e+00 -2.862477686253232616e-03 9.995742185876358432e-01 -2.903769543908327894e-02 -1.302350000000000035e-02 1.628512759149553790e-01 2.911613810272600106e-02 9.862209247601949613e-01 4.030005000000000059e+00
9.446342200870034844e-01 1.856127270708080035e-02 -3.275998617156486437e-01 -1.409030599999999911e+00 -2.768150106169245742e-03 9.988140377785829083e-01 4.860920984168771303e-02 -2.816719999999999988e-02 3.281135894558597221e-01 -4.501107743585896354e-02 9.435652999779371441e-01 4.344778100000000087e+00
9.431141212013478548e-01 3.133487586430980243e-02 -3.309892444554318192e-01 -1.346990300000000085e+00 -3.041460928275310088e-03 9.963201525453633245e-01 8.565572454544842507e-02 -5.714890000000000247e-02 3.324552660224095457e-01 -7.977643252585475686e-02 9.397389089036467524e-01 4.275492700000000035e+00
9.973953434834654797e-01 3.367493486189474666e-02 -6.378501046129150809e-02 -1.513188800000000001e+00 -3.277210067505011842e-02 9.993480454427419168e-01 1.514838232669432280e-02 -3.752840000000000342e-02 6.425354632115101716e-02 -1.301855720955557086e-02 9.978486853994132932e-01 4.325466200000000150e+00
9.986910465594641684e-01 3.340671774321487403e-02 -3.873221826319062783e-02 -1.520116800000000046e+00 -3.269247252218423355e-02 9.992861783878268511e-01 1.892976289969153236e-02 -3.883930000000000021e-02 3.933695161484292852e-02 -1.763873274012284914e-02 9.990703075084225171e-01 4.355985200000000113e+00
9.994553822015225242e-01 3.167401112808063135e-02 -9.257213806905736919e-03 -1.518494400000000022e+00 -3.150325465561641669e-02 9.993407698595648814e-01 1.804357621414333021e-02 -4.009530000000000038e-02 9.822623606344917796e-03 -1.774211699742848578e-02 9.997943455280878799e-01 4.381673799999999730e+00
9.854899884954667622e-01 1.986433971312475191e-02 1.685671693508745683e-01 -1.490792799999999918e+00 -1.882197323512486628e-02 9.997925855297939979e-01 -7.779411493541644150e-03 -3.684620000000000256e-02 -1.686867389534254524e-01 4.493765393428934656e-03 9.856594696820234480e-01 4.533704799999999757e+00
7.882453038051309147e-01 1.735748312895808027e-02 6.151162969785345380e-01 -1.592510899999999952e+00 -7.238506077189111459e-03 9.997944839116461591e-01 -1.893657755814428384e-02 -3.629849999999999743e-02 -6.153185720087824828e-01 1.047414527649168092e-02 7.882089489607433386e-01 4.583269600000000388e+00
7.509637130465713906e-01 2.294919408687149526e-02 6.599445705345788893e-01 -1.507843000000000044e+00 -7.249539918899603266e-03 9.996222103727011588e-01 -2.651189733986555191e-02 -3.886429999999999746e-02 -6.603036769989024668e-01 1.512517835790346682e-02 7.508463778439439240e-01 4.655355499999999758e+00
7.245419087668230063e-01 2.865388900616191309e-02 6.886348648488189728e-01 -1.488718900000000067e+00 -1.078501764265126645e-02 9.994844536104416921e-01 -3.024087276327407092e-02 -3.944679999999999714e-02 -6.891463602421306067e-01 1.448384050793794127e-02 7.244774065001367003e-01 4.670584200000000408e+00
3.739567602160333015e-01 2.611740061577581817e-02 9.270783261805891629e-01 -1.335299299999999967e+00 -9.068088666190301031e-03 9.996585960998198850e-01 -2.450430598240256261e-02 -4.561049999999999827e-02 -9.274018068004127313e-01 7.567224142127418340e-04 3.740659248241110513e-01 4.755361999999999867e+00
3.258389789903771705e-01 3.102115717814737245e-02 9.449162119351310896e-01 -1.319353199999999893e+00 -8.821677908856717307e-03 9.995177959892335151e-01 -2.977168956739719569e-02 -4.605689999999999784e-02 -9.453841218094269916e-01 1.365030458910452757e-03 3.259555167848295909e-01 4.759356000000000364e+00
2.795768718504171302e-01 3.304517608071488172e-02 9.595544742556985085e-01 -1.303669500000000037e+00 -7.385167927603649915e-03 9.994519863754495193e-01 -3.226741738734969361e-02 -4.679540000000000088e-02 -9.600949078195428754e-01 1.934752687785220790e-03 2.796677040900872324e-01 4.762611399999999939e+00
1.736671274920711938e-01 3.338188194870501252e-02 9.842384765828937621e-01 -1.252445199999999925e+00 1.230277742820382221e-02 9.992738005079683239e-01 -3.606263004709091280e-02 -4.884560000000000290e-02 -9.847275615601529530e-01 1.837176028376127576e-02 1.731303206485543811e-01 4.769259500000000429e+00
1.455899154868782741e-01 3.188231648424300069e-02 9.888311758860164336e-01 -1.234025399999999939e+00 1.071802094887864751e-02 9.993711371386722053e-01 -3.380021125816472238e-02 -4.959979999999999944e-02 -9.892869657159457653e-01 1.551928315856546461e-02 1.451566440600677854e-01 4.771295099999999678e+00
1.202334836411380892e-01 2.888065028815930968e-02 9.923254594388120076e-01 -1.214802900000000019e+00 4.226381395653323880e-03 9.995527977602488567e-01 -2.960307737309628845e-02 -5.018870000000000275e-02 -9.927366453958546000e-01 7.753226979270853858e-03 1.200576543148884623e-01 4.773281100000000166e+00
7.404174415474383542e-02 2.221911359925772891e-02 9.970075882927806887e-01 -1.174424200000000029e+00 3.968558511952834794e-03 9.997372829449299170e-01 -2.257466795384347955e-02 -5.184670000000000251e-02 -9.972472465070338909e-01 5.628150740017656695e-03 7.393411427336482600e-02 4.775264700000000140e+00
5.376379810032526352e-02 2.271861825287043585e-02 9.982952060380273496e-01 -1.152992500000000087e+00 1.187928710889519200e-02 9.996558512197540880e-01 -2.338934928324080953e-02 -5.269680000000000197e-02 -9.984830176580928862e-01 1.311653562452155287e-02 5.347541436584446473e-02 4.775592800000000082e+00
3.672730680700341671e-02 2.503755218050424114e-02 9.990116245147064866e-01 -1.130704799999999954e+00 1.697216130810469403e-02 9.995262730242127081e-01 -2.567440894857354189e-02 -5.352470000000000144e-02 -9.991811901128022644e-01 1.789833833447804917e-02 3.628496671665326634e-02 4.775304300000000168e+00
1.105512052341077814e-02 3.531654048449694994e-02 9.993150285462638616e-01 -1.083998900000000098e+00 1.459920405360587772e-02 9.992638789021841550e-01 -3.547623940558167210e-02 -5.467910000000000131e-02 -9.998323097155915606e-01 1.498139811792797635e-02 1.053138923495400281e-02 4.775793600000000083e+00
3.024541567749731725e-03 2.983929494998505474e-02 9.995501331224924124e-01 -1.007559400000000105e+00 2.492187033256460307e-02 9.992419932192266874e-01 -2.990550729203211855e-02 -5.769649999999999779e-02 -9.996848265965786462e-01 2.500110925848583743e-02 2.278597905173929128e-03 4.774746900000000238e+00
4.695222993260248986e-03 2.965424067341100589e-02 9.995491888302078243e-01 -9.806827000000000183e-01 2.352927702130400145e-02 9.992801943663242037e-01 -2.975678527757735087e-02 -5.878900000000000098e-02 -9.997121225652402243e-01 2.365838450284645650e-02 3.994100501637176670e-03 4.775130700000000061e+00
5.952970865720851913e-03 2.966259702728727202e-02 9.995422414662965549e-01 -9.533230999999999788e-01 1.982350047819703490e-02 9.993600268050900626e-01 -2.977525235696126815e-02 -6.006149999999999683e-02 -9.997857725366282589e-01 1.999167731148574628e-02 5.361144617581747873e-03 4.775512199999999652e+00
9.788575821413450159e-03 2.985436504458129775e-02 9.995063284798016978e-01 -8.366179000000000254e-01 1.714654202105241054e-02 9.994022438305932843e-01 -3.001917925419782945e-02 -6.482279999999999986e-02 -9.998050709413853765e-01 1.743192227381305109e-02 9.270825515077740775e-03 4.776273299999999722e+00
9.654345866867520415e-03 2.622337362455683107e-02 9.996094878909612680e-01 -7.754668000000000117e-01 1.855347341810831274e-02 9.994792911902617982e-01 -2.639914971993357826e-02 -6.734289999999999721e-02 -9.997812571907950252e-01 1.880109458406127240e-02 9.162784098446064007e-03 4.776543099999999598e+00
7.318816328299571246e-03 2.343618948526543858e-02 9.996985445372837953e-01 -7.120204999999999451e-01 1.531432252564505700e-02 9.996054479609549626e-01 -2.354612351023207054e-02 -6.985950000000000493e-02 -9.998559428503354107e-01 1.548203569267675092e-02 6.957019309844381105e-03 4.776904100000000319e+00
6.367136461809181844e-03 2.101368707125062310e-02 9.997589132030524350e-01 -6.798338000000000436e-01 1.805227229275688586e-02 9.996138375413188282e-01 -2.112560676018634259e-02 -7.093049999999999355e-02 -9.998167707326903741e-01 1.818242974933282491e-02 5.985332911853324944e-03 4.776619400000000404e+00
3.794024606576127008e-03 1.839090241912603313e-02 9.998236744974062784e-01 -6.151221000000000050e-01 1.646705293723674940e-02 9.996941514755274261e-01 -1.845100737594802462e-02 -7.344290000000000540e-02 -9.998572105780141328e-01 1.653415295185181946e-02 3.490020246049052588e-03 4.776135400000000253e+00
2.810438712647675419e-03 2.309642592230408409e-02 9.997292916304181265e-01 -5.821954000000000296e-01 1.380037552516497935e-02 9.996371389979005206e-01 -2.313309256144469028e-02 -7.453070000000000528e-02 -9.999008206165282964e-01 1.386165378688489214e-02 2.490679563023068255e-03 4.776307100000000361e+00
1.121774617897104221e-03 2.936708475696789278e-02 9.995680646932371127e-01 -5.160793000000000186e-01 1.537956886409739231e-02 9.994499652570979498e-01 -2.938087488724713814e-02 -7.693079999999999363e-02 -9.998810981728082359e-01 1.540588460500232071e-02 6.695045005259414594e-04 4.775399199999999844e+00
-1.777847328435712589e-03 2.316391605366062770e-02 9.997300997028828462e-01 -4.492946999999999913e-01 8.786947445788170080e-03 9.996934457838925203e-01 -2.314744070761571432e-02 -7.957250000000000434e-02 -9.999598135992575632e-01 8.743423230439646698e-03 -1.980842434843754774e-03 4.774754999999999860e+00
-2.521815274070002104e-03 1.250610530969572046e-02 9.999186155771412343e-01 -3.819332999999999756e-01 3.402157155156678575e-03 9.999161154702682630e-01 -1.249749373036881245e-02 -8.179200000000000359e-02 -9.999910328470028587e-01 3.370363901983295697e-03 -2.564151468444242354e-03 4.773573400000000078e+00
-1.734773786748021332e-03 1.764182074988920532e-02 9.998428660147241631e-01 -3.160725999999999813e-01 3.796197943100906684e-03 9.998372821974195190e-01 -1.763513564604721195e-02 -8.445940000000000392e-02 -9.999912896826080866e-01 3.765008460344704440e-03 -1.801463351812748748e-03 4.772911999999999821e+00
-3.130468077176456272e-04 3.423440996825900112e-02 9.994137817619994646e-01 -2.519788000000000028e-01 7.705268259941706541e-03 9.993842446876052277e-01 -3.423098466633909404e-02 -8.640899999999999970e-02 -9.999702649792836517e-01 7.690035390684213726e-03 -5.766393600090680138e-04 4.771705599999999770e+00
1.830653558912923549e-03 2.086851905701244542e-02 9.997805527314052032e-01 -1.868730999999999864e-01 1.234267763906311821e-02 9.997055990712802043e-01 -2.088955466808159120e-02 -8.910650000000000515e-02 -9.999221504778486036e-01 1.237821060976531176e-02 1.572541209279632035e-03 4.770091500000000373e+00
1.312758486527517083e-03 1.856457376623824040e-02 9.998268016341800291e-01 -1.220614000000000005e-01 1.284301310428275812e-02 9.997448893359075495e-01 -1.857991553094840570e-02 -9.149730000000000363e-02 -9.999166633672824656e-01 1.286517965719310985e-02 1.073998523682950790e-03 4.768025899999999595e+00
-1.208622327295160500e-03 1.968991474334854525e-02 9.998054043109937394e-01 -5.821640000000000148e-02 7.616152233521494841e-03 9.997773180729375708e-01 -1.968015477683083408e-02 -9.370149999999999313e-02 -9.999702662865660452e-01 7.590884288662133259e-03 -1.358314577096675357e-03 4.765710799999999914e+00
-6.169703694691685593e-03 1.988532677940088589e-02 9.997832307731493451e-01 6.897000000000000353e-03 5.770564972714113845e-03 9.997863206203589925e-01 -1.984977784007364507e-02 -9.610970000000000624e-02 -9.999643170314707064e-01 5.646846844127775128e-03 -6.283134926417854871e-03 4.763017200000000173e+00
-1.088325954057204822e-02 1.943830652059488212e-02 9.997518226546943110e-01 6.881470000000000642e-02 2.652227024534875924e-03 9.998080801248133698e-01 -1.941052830154993067e-02 -9.838909999999999323e-02 -9.999372582085249705e-01 2.440318984547384940e-03 -1.093272562862446229e-02 4.761601899999999610e+00
-1.702566733970315230e-02 1.849043627190503220e-02 9.996840653016890732e-01 1.307665000000000077e-01 3.384306905932356162e-03 9.998243259584626008e-01 -1.843539227877732598e-02 -1.006612999999999952e-01 -9.998493252077552684e-01 3.069362829735639529e-03 -1.708525368308044801e-02 4.759588199999999603e+00
-2.032547451063638003e-02 1.971774138398084061e-02 9.995989624647633187e-01 1.920785999999999882e-01 3.584556475727605773e-03 9.998005173177683114e-01 -1.964883014317356930e-02 -1.027205000000000062e-01 -9.997869903338355568e-01 3.183747137794760637e-03 -2.039209928802798721e-02 4.755012500000000308e+00
-2.309971593328541753e-02 1.765699252819384613e-02 9.995772275010376129e-01 2.564454999999999929e-01 5.803760746613191232e-03 9.998295400465050387e-01 -1.752732756555213517e-02 -1.051740000000000036e-01 -9.997163195051873563e-01 5.396430788345069583e-03 -2.319825531692010223e-02 4.747446100000000335e+00
-2.596460556475633716e-02 1.731185103960102348e-02 9.995129509273251722e-01 2.864373000000000058e-01 4.709425175371906823e-03 9.998410606429326553e-01 -1.719519604229874377e-02 -1.063197000000000031e-01 -9.996517696540053732e-01 4.260664971360466832e-03 -2.604200763415953634e-02 4.744125399999999715e+00
-2.459156985256257325e-02 1.663026246511939074e-02 9.995592473998367034e-01 3.196463999999999972e-01 2.981646661686587589e-03 9.998583968668910416e-01 -1.656188388908109987e-02 -1.072919999999999985e-01 -9.996931351546691769e-01 2.573049768619313157e-03 -2.463767317578546834e-02 4.737147799999999798e+00
-2.761625050329396397e-02 1.531409813814085114e-02 9.995012861954479799e-01 3.500087000000000059e-01 2.304574381595987653e-03 9.998809609545065147e-01 -1.525623995656216064e-02 -1.084028999999999965e-01 -9.996159420722836586e-01 1.882104914159483250e-03 -2.764825556944039420e-02 4.731695199999999879e+00
-2.312184792246456053e-02 1.780052624610346107e-02 9.995741700414291220e-01 4.113454000000000277e-01 2.517557876133244207e-03 9.998393398095846152e-01 -1.774701302964247496e-02 -1.104918000000000011e-01 -9.997294844361601651e-01 2.106142088217756100e-03 -2.316294701702481529e-02 4.714872399999999963e+00
-2.602369331772759822e-02 2.058314307115337652e-02 9.994493992231011648e-01 4.472615999999999814e-01 2.568217543324372715e-03 9.997860782665523027e-01 -2.052320547666702799e-02 -1.115856999999999960e-01 -9.996580273497309710e-01 2.032713875528285516e-03 -2.607098827327447577e-02 4.705901599999999796e+00
-2.740294592128662138e-02 2.214514360830326101e-02 9.993791428529026355e-01 4.819328999999999974e-01 4.801116511044655616e-04 9.997547581842207709e-01 -2.214030218431269764e-02 -1.125797000000000048e-01 -9.996243534686604093e-01 -1.268959330831941762e-04 -2.740685771453288400e-02 4.699264499999999956e+00
-2.723217970720577183e-02 2.299002106190138617e-02 9.993647318771898824e-01 5.110147999999999913e-01 1.110439378124146101e-03 9.997355772535452267e-01 -2.296829331727192475e-02 -1.136506000000000044e-01 -9.996285186571969295e-01 4.842572602011454425e-04 -2.725050792414662748e-02 4.693394699999999808e+00
-3.384962844890511413e-02 2.215908686133431435e-02 9.991812535888284774e-01 5.844513999999999543e-01 2.966486747219197057e-03 9.997519992391108445e-01 -2.207124767156128792e-02 -1.156371999999999955e-01 -9.994225345719645048e-01 2.216954413755011302e-03 -3.390696835279860544e-02 4.664661899999999584e+00
-4.204965068269443662e-02 2.128314700197817683e-02 9.988888098938513149e-01 6.471765000000000434e-01 -3.454970505582728377e-03 9.997640117633660450e-01 -2.144723668973978065e-02 -1.187760999999999956e-01 -9.991095485762648831e-01 -4.352980187452526809e-03 -4.196619481462093848e-02 4.627932999999999630e+00
-4.823994332510234823e-02 2.000005630732502176e-02 9.986355219076150647e-01 6.736007999999999996e-01 -9.751126763093889011e-04 9.997980928489973440e-01 -2.007044321324580327e-02 -1.202658000000000060e-01 -9.988353002488745691e-01 -1.941979199541622736e-03 -4.821070102714886119e-02 4.618571799999999783e+00
-2.992794035868754504e-02 1.937219338760819143e-02 9.993643162076778497e-01 7.016096000000000554e-01 6.381971643827175772e-04 9.998123397520823907e-01 -1.936176603117838527e-02 -1.202808999999999962e-01 -9.995518551282197572e-01 5.833369376903943526e-05 -2.993468735286797244e-02 4.580955000000000332e+00
-2.696062369131022735e-02 2.453093484629275539e-02 9.993354581949662752e-01 8.658173999999999593e-01 -2.767416210372981161e-03 9.996931898585927900e-01 -2.461437705630759726e-02 -1.217937000000000047e-01 -9.996326656215746009e-01 -3.429196103820378316e-03 -2.688446459179383297e-02 4.445574800000000160e+00
-4.264061375078240929e-02 2.612601443777331015e-02 9.987488219910718446e-01 8.957891999999999522e-01 -7.643944237130013281e-03 9.996202458875552699e-01 -2.647516058880831219e-02 -1.234206999999999943e-01 -9.990612334464070710e-01 -8.763297398856353948e-03 -4.242471500485256453e-02 4.419604800000000111e+00
-1.265615684403720298e-01 2.376713693124848231e-02 9.916739850354067132e-01 1.100644500000000026e+00 -1.024985140024081698e-02 9.996282182529467875e-01 -2.526590229364377924e-02 -1.254858000000000084e-01 -9.919057969082475390e-01 -1.336220320644230727e-02 -1.262709055375930145e-01 4.385329699999999775e+00
-5.061512072188632111e-02 2.225223297618541055e-02 9.984703038557942723e-01 1.034964299999999948e+00 -1.345914555115689318e-02 9.996457658655227840e-01 -2.296070966161975480e-02 -1.274887000000000103e-01 -9.986275386525955700e-01 -1.460071623948605568e-02 -5.029769507594117339e-02 4.309705300000000072e+00
-3.412882713159830911e-02 5.547379043657223174e-02 9.978766866367912991e-01 1.205248700000000062e+00 -1.354730178302807411e-02 9.983409339472611999e-01 -5.596293612481293561e-02 -1.159902000000000016e-01 -9.993256194919758473e-01 -1.542848598889715733e-02 -3.332068497299178755e-02 4.254118000000000066e+00
-1.930412772738137606e-01 -6.628777659250986026e-03 9.811682447853881106e-01 1.302994299999999939e+00 -1.468721456857956589e-02 9.998846648975526774e-01 3.865569935375347613e-03 -1.376898000000000011e-01 -9.810807056489855293e-01 -1.366441398132348280e-02 -1.931163711181316245e-01 4.253637300000000288e+00
-1.740145306378091672e-01 6.670892352648173998e-03 9.847204894395779062e-01 1.366667499999999924e+00 -1.110925255662809953e-02 9.999001206172333234e-01 -8.736892884510159135e-03 -1.329318999999999917e-01 -9.846804190368240173e-01 -1.245985492940155856e-02 -1.739230415459729340e-01 4.243584600000000151e+00
-1.103797018357496607e-01 2.862693751286424920e-02 9.934771360586439615e-01 1.438458999999999932e+00 1.180605496891085071e-03 9.995881806210781262e-01 -2.867185611891459249e-02 -1.301345999999999892e-01 -9.938887903549932235e-01 -1.991886361616856255e-03 -1.103680424552808681e-01 4.172760499999999873e+00
-1.616338275627929588e-01 2.768252300177465042e-02 9.864624593504089933e-01 1.563715699999999931e+00 -1.639712546584718225e-03 9.995975692702836479e-01 -2.831979610987544679e-02 -1.257752000000000037e-01 -9.868494399502720782e-01 -6.194951912368750618e-03 -1.615233897633329141e-01 4.131712399999999619e+00
-2.188021617665284607e-02 2.431570998635641107e-02 9.994648580054836806e-01 1.619668799999999909e+00 -1.944376650235142903e-03 9.997012621581150560e-01 -2.436402755936973100e-02 -1.260885999999999951e-01 -9.997587086589965200e-01 -2.476426322569391658e-03 -2.182640082936093684e-02 4.039475000000000371e+00
-1.924357853175743538e-01 4.132326091826034331e-02 9.804391141913351149e-01 1.770616100000000026e+00 -7.235967147069047312e-04 9.991067200243088919e-01 -4.225208172459277850e-02 -1.383992000000000000e-01 -9.813093013606886128e-01 -8.840255049973336221e-03 -1.922339849081023955e-01 3.973415900000000001e+00
-1.992390161919913583e-01 3.791949872722744086e-02 9.792169964022903184e-01 1.773425100000000088e+00 9.624211380391475834e-04 9.992581460646261515e-01 -3.849975674000236103e-02 -1.440747000000000000e-01 -9.799504518966253297e-01 -6.728234520444294903e-03 -1.991277044708682498e-01 3.951932199999999895e+00
-1.775838425104732665e-01 1.236276590611222991e-02 9.840280183502733147e-01 1.895014299999999929e+00 -4.700524705303250894e-04 9.999199098372002492e-01 -1.264725115748327466e-02 -1.461857000000000018e-01 -9.841055623914997108e-01 -2.708492258837521573e-03 -1.775638086429591755e-01 3.866173700000000046e+00
-1.123689561645997148e-01 2.507889237867408014e-02 9.933500223222110348e-01 1.854652500000000037e+00 1.326614885047625730e-03 9.996843476545278495e-01 -2.508874543471225488e-02 -1.478335000000000066e-01 -9.936656670044633488e-01 -1.501403210302945310e-03 -1.123667566719581679e-01 3.837756600000000073e+00
-1.314203422293649670e-01 3.068647008628466732e-02 9.908516711405197519e-01 1.977868399999999971e+00 -2.671225615101307724e-03 9.995061900830033430e-01 -3.130879332507821577e-02 -1.382045000000000079e-01 -9.913231351088456211e-01 -6.761400698286717387e-03 -1.312734750761455071e-01 3.795279299999999800e+00
-6.963396295036955452e-02 2.632222474849798405e-02 9.972252762982474206e-01 2.074643099999999851e+00 -2.069409459735115780e-03 9.996458591843189190e-01 -2.653061929418108755e-02 -1.560223000000000027e-01 -9.975704630492596703e-01 -3.911099581239923725e-03 -6.955483126103534364e-02 3.674365299999999834e+00
-6.219511893106566963e-02 2.813356639121956243e-02 9.976674143336851097e-01 2.116757400000000011e+00 -1.953493557156460447e-03 9.995972893209228438e-01 -2.830976943010103664e-02 -1.555662999999999907e-01 -9.980620977895474644e-01 -3.709666342701986932e-03 -6.211511355180054927e-02 3.655312100000000175e+00
-7.485304997658878690e-02 2.157006097545641210e-02 9.969612597181084501e-01 2.174114199999999997e+00 -3.559082854407582749e-03 9.997538815049645811e-01 -2.189770181988404119e-02 -1.571069999999999967e-01 -9.971882238767354467e-01 -5.187377494667520447e-03 -7.475785762239350873e-02 3.644556999999999825e+00
-6.784717105743770516e-02 2.393668835771245451e-02 9.974085403333824429e-01 2.245203500000000130e+00 -4.960333921534266360e-03 9.996917023148128578e-01 -2.432890072112902161e-02 -1.611128000000000005e-01 -9.976833949038591554e-01 -6.598126505109516010e-03 -6.770751996442425646e-02 3.636049700000000051e+00
-1.015170611245907184e-01 1.959056371651093226e-02 9.946408880163210009e-01 2.383164400000000072e+00 -3.858773963449002239e-03 9.997908125824447323e-01 -2.008583927133330768e-02 -1.682433999999999874e-01 -9.948263145716066402e-01 -5.877149734705819535e-03 -1.014202294755377487e-01 3.629376199999999830e+00
-1.063122845601461863e-01 2.893544394260552655e-02 9.939116853299623244e-01 2.457053399999999943e+00 -2.704497738656944789e-04 9.995756163532947269e-01 -2.912926447493470461e-02 -1.738974000000000075e-01 -9.943327536637429631e-01 -3.365601844426987718e-03 -1.062593417808640472e-01 3.626177999999999901e+00
-1.136246055572430053e-01 3.181214325374619872e-02 9.930143184030950643e-01 2.527655799999999786e+00 1.380845596064725692e-03 9.994913352504026793e-01 -3.186163876524516353e-02 -1.759961999999999915e-01 -9.935227940401771818e-01 -2.249066688712220152e-03 -1.136107363836225126e-01 3.615314699999999881e+00
-1.108840917004502297e-01 3.295177921080312544e-02 9.932869164821456209e-01 2.585202900000000081e+00 3.622869073905970669e-03 9.994569421186588754e-01 -3.275203307419538579e-02 -1.789960999999999913e-01 -9.938267419562827332e-01 -3.313098753666629537e-05 -1.109432552023699170e-01 3.608495200000000125e+00
-1.144326902155794884e-01 3.037209124833326751e-02 9.929666134786347964e-01 2.671624200000000116e+00 7.577101466783807068e-03 9.995301490237795683e-01 -2.969964184738870319e-02 -1.855915999999999955e-01 -9.934021073781691413e-01 4.125198868420425907e-03 -1.146090563215171887e-01 3.607119799999999987e+00
-1.284363856818686589e-01 3.239829657538250557e-02 9.911884004627938838e-01 2.735160599999999942e+00 7.844645171026945127e-03 9.994681509777285644e-01 -3.165243629329565073e-02 -1.876537000000000066e-01 -9.916867228994844519e-01 3.710196783731882150e-03 -1.286222300564991983e-01 3.613868000000000080e+00
-1.252207821485789296e-01 1.932304593507442811e-02 9.919407117433425292e-01 2.865856899999999818e+00 6.535654487183119483e-03 9.998046901399747499e-01 -1.865118748319567754e-02 -2.013588000000000044e-01 -9.921073736942600529e-01 4.147465479079442269e-03 -1.253226140470168337e-01 3.605027900000000063e+00
-1.294995694311286139e-01 1.974730101180419140e-02 9.913828249570906248e-01 2.921779900000000207e+00 6.742446429679228859e-03 9.997960994638352972e-01 -1.903415122992564712e-02 -1.969863000000000031e-01 -9.915565545813789239e-01 4.219431199814887776e-03 -1.296063095186913428e-01 3.613488199999999928e+00
-1.279273841471903483e-01 2.740466147786024820e-02 9.914048461221786068e-01 2.980325000000000113e+00 5.770244700822199646e-03 9.996218191912359385e-01 -2.688722508732645927e-02 -1.944218000000000057e-01 -9.917667511372568745e-01 2.281036187307560262e-03 -1.280371360682609483e-01 3.602430299999999974e+00
-8.901541849815003404e-02 3.723886670021672729e-02 9.953338746754689659e-01 3.145722399999999919e+00 3.858587718255038906e-03 9.993062452017752451e-01 -3.704240275076753353e-02 -2.134044999999999970e-01 -9.960227741223688369e-01 5.432380813493627170e-04 -8.909735305814214801e-02 3.580998199999999798e+00
