9.998650723825173170e-01 1.902165062379532028e-03 -1.631621272167459863e-02 -7.096479999999999455e-01 -1.849703435841313411e-03 9.999930734857556125e-01 3.229795304915448941e-03 4.222440000000000221e-02 1.632224331098241360e-02 -3.199179361598800727e-03 9.998616652441023600e-01 -4.438773999999999775e-01
9.999642798279408940e-01 9.088113356738691632e-04 -8.403161913461848834e-03 -7.139121000000000494e-01 -8.983721357933925188e-04 9.999988202231542278e-01 1.245985475585819008e-03 4.156250000000000222e-02 8.404284365330290038e-03 -1.238391802254633313e-03 9.999639165440175059e-01 -4.203594999999999970e-01
9.999357050442082562e-01 -1.205310501666615819e-03 -1.127532723856482753e-02 -7.135540999999999690e-01 1.199850759341283780e-03 9.999991596518053028e-01 -4.909723398024630784e-04 4.108730000000000021e-02 1.127590953748113141e-02 4.774120628085670791e-04 9.999363109427643614e-01 -3.899065999999999921e-01
9.998084348934302978e-01 -4.747789349724629120e-03 -1.898820718867158877e-02 -7.170362000000000124e-01 4.645726881325054798e-03 9.999745442007201834e-01 -5.415549123212081567e-03 3.848540000000000294e-02 1.901343571513080741e-02 5.326297668402578747e-03 9.998050409032023245e-01 -2.390755999999999992e-01
9.995840466767441646e-01 -2.601305501493427885e-03 -2.872223596853610769e-02 -7.155669000000000057e-01 2.352932793981139369e-03 9.999595787941572000e-01 -8.677815685911244650e-03 3.783419999999999839e-02 2.874364863080846808e-02 8.606624628711255151e-03 9.995497629812579721e-01 -2.022256000000000054e-01
9.996239871094332319e-01 -1.259385822785600521e-03 -2.739157430285632175e-02 -7.181129000000000540e-01 9.111662874789666676e-04 9.999186643208344272e-01 -1.272141968629424656e-02 3.739100000000000062e-02 2.740536756615561190e-02 1.269167798944015151e-02 9.995438295234362336e-01 -1.716325999999999963e-01
9.995770800169411219e-01 5.044969029646155165e-04 -2.907587638714627040e-02 -7.186888000000000165e-01 -8.705303750242542743e-04 9.999205196325693379e-01 -1.257762277215712481e-02 3.693149999999999905e-02 2.906722005407244222e-02 1.259761487772286491e-02 9.994980724432241947e-01 -1.378253000000000117e-01
9.995999963964951052e-01 8.447333305160769495e-03 -2.699054953420695901e-02 -7.252783000000000424e-01 -8.172790161821166799e-03 9.999139036575097617e-01 1.026600084605463863e-02 3.429789999999999922e-02 2.707494607746794429e-02 -1.004130631102732006e-02 9.995829727753821059e-01 -4.753099999999999686e-03
9.996000228216973538e-01 1.035960835224575792e-02 -2.631487962446575971e-02 -7.279246000000000327e-01 -1.027870162692990676e-02 9.999420269243033399e-01 3.207971848426288859e-03 3.392680000000000001e-02 2.634658740191206730e-02 -2.936205936889819956e-03 9.996485562571325589e-01 3.089760000000000076e-02
9.994229348067150687e-01 8.967361184849484759e-03 -3.276253677163857431e-02 -7.283387000000000056e-01 -9.071214411035909489e-03 9.999542873954316846e-01 -3.022612876869259970e-03 3.488369999999999665e-02 3.273393424936161394e-02 3.318064627890225399e-03 9.994585934373086955e-01 7.428640000000000243e-02
9.993264802590910989e-01 5.470219679608725322e-03 -3.628584503126804084e-02 -7.308702999999999728e-01 -5.179100828094434020e-03 9.999536844538990943e-01 8.112081217807376454e-03 3.461539999999999756e-02 3.632853929885991595e-02 -7.918689520917780722e-03 9.993085267266973437e-01 1.536330999999999947e-01
9.993787333391789263e-01 4.842907620462777105e-03 -3.490979225315045398e-02 -7.351695999999999787e-01 -4.222927742018607600e-03 9.998324465598672495e-01 1.781139206788530729e-02 3.442540000000000183e-02 3.499020192374073523e-02 -1.765290491363677786e-02 9.992317352433548461e-01 2.333987999999999896e-01
9.993402519718181942e-01 1.902074177445316379e-03 -3.626903503991317501e-02 -7.379139999999999588e-01 -1.378499260449232537e-03 9.998945648478124726e-01 1.445541170609261801e-02 3.495360000000000134e-02 3.629270627401454119e-02 -1.439587793874323902e-02 9.992375083881114284e-01 3.199228000000000072e-01
9.994984449326094200e-01 4.784740028936693319e-03 -3.130439010986942050e-02 -7.406774999999999887e-01 -4.453172103766430377e-03 9.999333402853630703e-01 1.065289838356538871e-02 3.511210000000000025e-02 3.135327471747785533e-02 -1.050815153163602370e-02 9.994531259223108366e-01 3.600458000000000269e-01
9.996716471354766265e-01 1.079362941351435547e-03 -2.560142357533546145e-02 -7.424604999999999677e-01 -9.484640360668995665e-04 9.999864196288706930e-01 5.124546204717444174e-03 3.492200000000000165e-02 2.560660714376648481e-02 -5.098581515758422548e-03 9.996590949604329257e-01 4.018810999999999911e-01
9.998582735011148914e-01 2.297093792264215655e-03 -1.667801761239189745e-02 -7.500639000000000056e-01 -2.414710143050944387e-03 9.999723352949204669e-01 -7.035468694280082660e-03 3.274139999999999689e-02 1.666139508849003720e-02 7.074744160228652393e-03 9.998361595325369056e-01 5.757839999999999625e-01
9.997634371196607583e-01 2.980064051369889829e-03 -2.154504622719536494e-02 -7.542411999999999450e-01 -3.161118567470840805e-03 9.999599378600645405e-01 -8.374365904252953699e-03 3.224559999999999926e-02 2.151922693975421436e-02 8.440491285799432350e-03 9.997328047927455108e-01 6.340126999999999846e-01
9.996004716648329014e-01 5.839482204571712874e-03 -2.765497233819133246e-02 -7.546469999999999567e-01 -6.121167698372253531e-03 9.999301366482691300e-01 -1.011202890533084708e-02 3.117790000000000145e-02 2.759399125628696561e-02 1.027726958663305323e-02 9.995663806753364300e-01 6.902319999999999567e-01
9.994758527433661444e-01 1.215743682780258753e-02 -3.000360832798346783e-02 -7.616378999999999788e-01 -1.248775888435163170e-02 9.998631932342327833e-01 -1.084669043946987106e-02 2.750800000000000120e-02 2.986763567755817972e-02 1.121568300289284802e-02 9.994909368242471670e-01 8.437552999999999859e-01
9.992650747906177688e-01 1.241383255886085481e-02 -3.626578366589639640e-02 -7.653278999999999499e-01 -1.276045232161760780e-02 9.998749413089939031e-01 -9.341980458325273295e-03 2.546790000000000165e-02 3.614527853328502321e-02 9.797882604755663027e-03 9.992985141268923011e-01 9.533660999999999941e-01
9.992223523337847579e-01 1.330631058499771868e-02 -3.711647471343952620e-02 -7.677524999999999489e-01 -1.358387324749822309e-02 9.998815522359421060e-01 -7.236013117669008558e-03 2.422890000000000113e-02 3.701579371205918068e-02 7.734571536856685824e-03 9.992847479167324964e-01 1.005477399999999966e+00
9.992075261384127938e-01 1.413495401242570101e-02 -3.720917606478024720e-02 -7.705543999999999727e-01 -1.436925529966292386e-02 9.998785323236878408e-01 -6.036977750578472433e-03 2.303960000000000036e-02 3.711932394974770677e-02 6.566861753873090048e-03 9.992892634849126487e-01 1.057949999999999946e+00
9.991568153338250546e-01 1.484389857268599011e-02 -3.827945985946741569e-02 -7.777821999999999791e-01 -1.512438206961006643e-02 9.998607789907255627e-01 -7.048099252417712977e-03 1.969279999999999989e-02 3.816950928399819032e-02 7.621109579535282653e-03 9.992422165069866358e-01 1.217805000000000026e+00
9.991404831064971681e-01 1.419848758825614267e-02 -3.894480668743254687e-02 -7.801323999999999481e-01 -1.437210038857899240e-02 9.998879723342926074e-01 -4.181568083566520981e-03 1.850289999999999921e-02 3.888107184911395592e-02 4.737692626482946194e-03 9.992326138194453922e-01 1.271878199999999959e+00
9.990663707503536495e-01 1.477558819429307044e-02 -4.059641399470544088e-02 -7.880025000000000501e-01 -1.468471587826260943e-02 9.998889584221847260e-01 2.535733616381376579e-03 1.567990000000000009e-02 4.062937306052789854e-02 -1.937219376119237975e-03 9.991724081587707307e-01 1.435226600000000019e+00
9.989948595436863865e-01 1.501672326258785863e-02 -4.223468512662750113e-02 -7.931896000000000502e-01 -1.502292471090732433e-02 9.998871349507777451e-01 1.705668657842400427e-04 1.453079999999999997e-02 4.223247966223304256e-02 4.640930727192684900e-04 9.991077030426694927e-01 1.546408800000000028e+00
9.989732062763549969e-01 1.448257095173305538e-02 -4.292770993853523703e-02 -7.959555000000000380e-01 -1.442520047378973054e-02 9.998945967107034649e-01 1.645922243173829997e-03 1.354200000000000022e-02 4.294702240237354557e-02 -1.024991398800864780e-03 9.990768252038489949e-01 1.601879400000000064e+00
9.989008559734429138e-01 1.481323463302383452e-02 -4.447075460603275299e-02 -8.015090000000000270e-01 -1.456817674429642349e-02 9.998768844213298257e-01 5.829599149296670925e-03 1.205900000000000027e-02 4.455163478336053584e-02 -5.175333767161580632e-03 9.989936775368143396e-01 1.713105300000000053e+00
9.988142120687890646e-01 1.736940877955726881e-02 -4.548047282134014963e-02 -8.077018999999999727e-01 -1.728109961647431025e-02 9.998479460301953337e-01 2.334184064118258444e-03 1.012429999999999927e-02 4.551410073207546453e-02 -1.545463635395870859e-03 9.989625008861454658e-01 1.823522099999999924e+00
9.987774129315214466e-01 1.919231810567879892e-02 -4.555583764511077910e-02 -8.137459000000000220e-01 -1.930867698040016761e-02 9.998113320316298624e-01 -2.115498618459900424e-03 8.579099999999999226e-03 4.550664139533727032e-02 2.992535190866585284e-03 9.989595538969772148e-01 1.934815799999999975e+00
9.987699892215895492e-01 1.999607679384992134e-02 -4.537251969155231546e-02 -8.167839999999999545e-01 -1.999642173052442948e-02 9.997999519482271280e-01 4.463208460899910335e-04 7.677699999999999976e-03 4.537236767329710929e-02 4.615161720901332447e-04 9.989700372156024022e-01 1.990389600000000092e+00
9.988121354614080127e-01 1.843921649935431964e-02 -4.510336295568070919e-02 -8.281532999999999811e-01 -1.839303435008081758e-02 9.998297986669686388e-01 1.438744232233593080e-03 4.003699999999999794e-03 4.512221561956680782e-02 -6.074474948320212784e-04 9.989812894469657367e-01 2.213080399999999948e+00
9.988198033081157057e-01 1.835365138031007717e-02 -4.496825547591617317e-02 -8.310216999999999743e-01 -1.840909064478403120e-02 9.998302028890980742e-01 -8.190069457548880853e-04 3.303500000000000013e-03 4.494558822809362891e-02 1.645865047660824334e-03 9.989880806231251631e-01 2.268730199999999808e+00
9.988557573212568652e-01 1.738728623893921743e-02 -4.455174905010603897e-02 -8.341615999999999476e-01 -1.754306619227588571e-02 9.998412780322403215e-01 -3.107985107690463492e-03 2.076000000000000154e-03 4.449063828213590394e-02 3.886003101053020405e-03 9.990022432833405297e-01 2.324224699999999810e+00
9.989044917931722001e-01 1.412107428232505998e-02 -4.461402847241516256e-02 -8.395289000000000224e-01 -1.451480085378929405e-02 9.998584097713653085e-01 -8.513575374155755646e-03 -2.045000000000000105e-04 4.448749073165680912e-02 9.151812421026311525e-03 9.989680212588444297e-01 2.435104799999999958e+00
9.989490042734440189e-01 1.148794398395904318e-02 -4.437244645178015784e-02 -8.448609000000000258e-01 -1.151040974670253583e-02 9.999337215804148249e-01 -2.508262435436290575e-04 -2.719399999999999856e-03 4.436662403832066642e-02 7.613076663571633710e-04 9.990150264545971659e-01 2.545443800000000145e+00
9.989734590073072740e-01 8.280568163973486134e-03 -4.453605718805391661e-02 -8.498656999999999462e-01 -8.005972979731802719e-03 9.999478497346526717e-01 6.340521089966061515e-03 -4.230399999999999612e-03 4.458623773793461004e-02 -5.977457814680829130e-03 9.989876562813226890e-01 2.657407300000000028e+00
9.989986088433479017e-01 3.202098845110409181e-03 -4.462651781218947983e-02 -8.548149000000000441e-01 -3.204696753536651413e-03 9.999948648573500076e-01 1.332847278507028787e-05 -5.563499999999999869e-03 4.462633132774185968e-02 1.296993309840774864e-04 9.990037405987578500e-01 2.768367099999999859e+00
9.989759895714670490e-01 5.296666710142670584e-03 -4.493236674680885223e-02 -8.599200000000000177e-01 -5.677623721556954509e-03 9.999489773496774703e-01 -8.355075476058961351e-03 -7.999100000000000307e-03 4.488582012823739975e-02 8.601628862947676910e-03 9.989550916494293054e-01 2.878845699999999841e+00
9.989780938799265320e-01 1.245548343705456772e-02 -4.344685121361407942e-02 -8.662604000000000415e-01 -1.269239499047366236e-02 9.999060241490597134e-01 -5.181310628197382737e-03 -1.054620000000000037e-02 4.337823253008885049e-02 5.727460411851955507e-03 9.990423039790639059e-01 2.990608200000000050e+00
9.989735391763782113e-01 1.382359620945062574e-02 -4.313671537402169465e-02 -8.718306000000000111e-01 -1.392686093575231689e-02 9.999008233514858901e-01 -2.094279230912039595e-03 -1.314019999999999945e-02 4.310348674872502284e-02 2.692888571566912775e-03 9.990669836308493368e-01 3.102148999999999823e+00
9.989961030590797098e-01 1.193290462103588703e-02 -4.317860419325573323e-02 -8.744650000000000478e-01 -1.201267239201682727e-02 9.999265836685666820e-01 -1.588387519151240575e-03 -1.388559999999999968e-02 4.315648010177217803e-02 2.105483368297913875e-03 9.990661065039745381e-01 3.157931299999999997e+00
9.989580819335727169e-01 8.658144277865122834e-03 -4.480833714010191288e-02 -8.822499000000000313e-01 -8.489757437389788136e-03 9.999561721290813887e-01 3.946877197119942442e-03 -1.723360000000000170e-02 4.484054591830533704e-02 -3.562352960970043957e-03 9.989878052724816548e-01 3.324123099999999997e+00
9.989239617192577914e-01 8.118020791992744054e-03 -4.566198026283420364e-02 -8.881347000000000547e-01 -8.177189541806450038e-03 9.999659510940900331e-01 -1.109154492915865242e-03 -1.928059999999999843e-02 4.565142138312955344e-02 1.481347667685650954e-03 9.989563320459945439e-01 3.434092999999999840e+00
9.986827629967800490e-01 1.466157202578264977e-02 -4.917089788533677425e-02 -9.033109999999999751e-01 -1.431109867051836952e-02 9.998696710224642681e-01 7.472176675630684724e-03 -2.392249999999999932e-02 4.927404334900999799e-02 -6.758644476663908281e-03 9.987624288973219189e-01 3.706293300000000013e+00
9.986201603655718850e-01 1.345751482853395180e-02 -5.076091612726719299e-02 -9.092356999999999800e-01 -1.325481224560082737e-02 9.999027852615912648e-01 4.327814511503940038e-03 -2.515039999999999984e-02 5.081422304604820556e-02 -3.649016408828895369e-03 9.987014566002567761e-01 3.813577899999999854e+00
9.985559427770631657e-01 1.204250257268538703e-02 -5.235462994232083916e-02 -9.152122999999999786e-01 -1.182362316765787034e-02 9.999200247505261041e-01 4.488433813311361840e-03 -2.697580000000000117e-02 5.240449484347422388e-02 -3.862930842523396198e-03 9.986184690288409938e-01 3.918913600000000219e+00
9.984805331930391992e-01 1.021894192840267813e-02 -5.414977433386188727e-02 -9.209988000000000063e-01 -9.716066551632989920e-03 9.999072709228861155e-01 9.541886936579695166e-03 -2.895690000000000069e-02 5.424226106375427264e-02 -9.001265544920079159e-03 9.984872329345435560e-01 4.021079099999999684e+00
9.981399335417261431e-01 7.096821427257674238e-03 -6.055004702680349266e-02 -9.302804000000000073e-01 -6.501086399351850738e-03 9.999285643494075781e-01 1.003005851234042151e-02 -3.123379999999999906e-02 6.061690312896774596e-02 -9.617760849721025684e-03 9.981147678154506098e-01 4.166213499999999570e+00
9.979114974085352419e-01 6.652362655861503334e-03 -6.425254400371929742e-02 -9.333620999999999723e-01 -6.066059770490884150e-03 9.999382079270794366e-01 9.315752596633324403e-03 -3.203500000000000097e-02 6.431054547051998083e-02 -8.906536850861153723e-03 9.978901880180045536e-01 4.211994599999999700e+00
9.984286346819724045e-01 1.160166399692503028e-02 -5.482392579517496312e-02 -9.505451000000000317e-01 -1.095587850349119541e-02 9.998671912937220352e-01 1.206517718975270645e-02 -3.676429999999999976e-02 5.495662083233590622e-02 -1.144557411866451921e-02 9.984231410878781077e-01 4.349586500000000022e+00
9.959945372739704705e-01 1.706973773053941171e-02 -8.776961760324564210e-02 -9.616603000000000234e-01 -1.628167862711279654e-02 9.998205198368542712e-01 9.686849552145439593e-03 -3.661729999999999846e-02 8.791921667924929018e-02 -8.219012530291036275e-03 9.960936999959061344e-01 4.534768599999999594e+00
9.956954372834102562e-01 2.609786777653097523e-02 -8.893535557086980348e-02 -9.739400999999999753e-01 -2.589325856778949136e-02 9.996587470850283319e-01 3.453771436100633481e-03 -3.985450000000000104e-02 8.899514219180691688e-02 -1.136078302730343615e-03 9.960314121514191044e-01 4.650646199999999730e+00
9.975807050325341541e-01 3.332409115365912722e-02 -6.101017862270807779e-02 -9.865745999999999682e-01 -3.275118581719610455e-02 9.994097719901364751e-01 1.036665221713615158e-02 -4.113909999999999789e-02 6.131962796984030684e-02 -8.343416530785128724e-03 9.980833084598871308e-01 4.763622800000000268e+00
9.994241159817770503e-01 3.218086569214805709e-02 1.076235463768965804e-02 -9.922895999999999939e-01 -3.226376649245393108e-02 9.994503414530897523e-01 7.619996130090334746e-03 -4.413820000000000243e-02 -1.051122094544104831e-02 -7.962841993039492666e-03 9.999130499106559933e-01 4.838710800000000312e+00
9.836866107691766281e-01 1.943159318840064279e-02 1.788380971147109921e-01 -9.785930000000000462e-01 -1.762427482471408055e-02 9.997763481180870215e-01 -1.168925491914110486e-02 -4.553050000000000153e-02 -1.790252404839978162e-01 8.346671781148269284e-03 9.838090751460999428e-01 4.966356300000000168e+00
8.772895427719906714e-01 1.399141321215182331e-02 4.797575413677603318e-01 -9.282584000000000390e-01 -7.736810652842521577e-03 9.998573845649183500e-01 -1.501173847104315083e-02 -4.989380000000000204e-02 -4.798991559732455614e-01 9.457847922638524737e-03 8.772726766569438617e-01 5.090023999999999660e+00
6.930592947720715102e-01 3.153626930011558388e-02 7.201904454022347579e-01 -8.460784999999999556e-01 -1.019170639732783039e-02 9.993714467539123181e-01 -3.395350547002076030e-02 -5.406049999999999744e-02 -7.208085342521615146e-01 1.619182298639192108e-02 6.929450785001851632e-01 5.175948100000000274e+00
6.519910298356020872e-01 2.893943535118270044e-02 7.576742084137916278e-01 -8.302772999999999959e-01 -6.095026003924782290e-03 9.994391151459642852e-01 -3.292879855481437024e-02 -5.481969999999999898e-02 -7.582021812629679003e-01 1.685123727821731879e-02 6.518017245530045578e-01 5.187095199999999906e+00
5.625916022718944198e-01 2.640933882847631628e-02 8.263130374596453498e-01 -7.960308999999999857e-01 -4.890068859059615997e-03 9.995784712940087857e-01 -2.861759864289987326e-02 -5.627279999999999782e-02 -8.267204946532390464e-01 1.205929302136665715e-02 5.624835972471806667e-01 5.207892400000000421e+00
5.160081403868368444e-01 2.352414145058734363e-02 8.562605992474086047e-01 -7.772016999999999953e-01 -2.939489568446187681e-03 9.996655715517371865e-01 -2.569249803377714192e-02 -5.700380000000000030e-02 -8.565786353018591814e-01 1.074056903294256377e-02 5.159047215535568220e-01 5.216919899999999721e+00
4.140195762895407250e-01 1.992925592702902288e-02 9.100497872134382105e-01 -7.386154000000000330e-01 -2.784825710210306685e-03 9.997833539766105559e-01 -2.062740548501348220e-02 -5.897150000000000308e-02 -9.102637173889734923e-01 6.005819633854431530e-03 4.139853800990231925e-01 5.232363699999999618e+00
2.672815509408773549e-01 3.176288003329852394e-02 9.630948509771138921e-01 -6.754816000000000153e-01 -5.052803788323149622e-03 9.994890591941908431e-01 -3.156088916662564553e-02 -6.164630000000000110e-02 -9.636052312542288112e-01 3.569314093997152590e-03 2.673054774904219943e-01 5.248567099999999819e+00
1.920137661917275806e-01 3.116249275702875562e-02 9.808973507141492965e-01 -6.290124999999999744e-01 1.030175025020120191e-02 9.993766656048814756e-01 -3.376616925639495947e-02 -6.357630000000000225e-02 -9.813381616622535164e-01 1.658852885692890106e-02 1.915730491893674614e-01 5.254503299999999655e+00
1.615342510491257766e-01 3.261012827689103305e-02 9.863281732120209311e-01 -6.047099000000000224e-01 1.447380587524659500e-02 9.992681101727647341e-01 -3.540837380108112498e-02 -6.432380000000000042e-02 -9.867609612674609343e-01 1.999558765118251286e-02 1.609440331077862663e-01 5.257286999999999821e+00
1.334470865223850722e-01 3.120969493264674072e-02 9.905643997443569493e-01 -5.792836999999999570e-01 1.265595686661065249e-02 9.993688569548900835e-01 -3.319208496715356921e-02 -6.538420000000000343e-02 -9.909751267587283419e-01 1.696592735123475526e-02 1.329678737689485857e-01 5.260233399999999726e+00
6.196838654089452392e-02 2.148088522599787831e-02 9.978469274590295868e-01 -4.961532000000000164e-01 5.827246356189795876e-03 9.997435427769265637e-01 -2.188359832714886072e-02 -6.851440000000000308e-02 -9.980611014709583895e-01 7.170791152113249224e-03 6.182731989040302079e-02 5.266231099999999721e+00
4.202561495146774767e-02 2.214209082042965099e-02 9.988711506005419904e-01 -4.665469999999999895e-01 1.370171102356679271e-02 9.996476117066422917e-01 -2.273577630591591334e-02 -6.978020000000000056e-02 -9.990225777243363359e-01 1.464172883596142130e-02 4.170742108685854266e-02 5.266228700000000096e+00
2.441731403421515748e-02 2.450839109379348082e-02 9.994013876022724840e-01 -4.358497000000000066e-01 1.871639779743293139e-02 9.995130189890922834e-01 -2.496840653303427845e-02 -7.096819999999999518e-02 -9.995266335765355947e-01 1.931485535292163172e-02 2.394671446885665578e-02 5.266144800000000181e+00
9.184371690773871031e-04 3.480032291026794594e-02 9.993938632984030734e-01 -3.711351999999999984e-01 1.650509520322093748e-02 9.992576213047613676e-01 -3.481074685614524156e-02 -7.265679999999999361e-02 -9.998633598174796466e-01 1.652706234305093697e-02 3.433726981533213873e-04 5.266077000000000119e+00
-2.585070266792295797e-03 2.837393075374403800e-02 9.995940363293980280e-01 -1.894029999999999880e-01 2.126561315677803765e-02 9.993728869145335203e-01 -2.831265789672981689e-02 -8.047799999999999399e-02 -9.997705192236778782e-01 2.118378988030061513e-02 -3.186838170547434679e-03 5.264805299999999910e+00
-4.168391308543029365e-04 2.995499094760486689e-02 9.995511616533032662e-01 -1.102014000000000049e-01 1.940047496626894422e-02 9.993633682341938052e-01 -2.994127256297524770e-02 -8.339630000000000654e-02 -9.998117061808300399e-01 1.937928659512813678e-02 -9.977148098161414680e-04 5.264698499999999726e+00
-1.792543616817608015e-03 2.991914093228129415e-02 9.995507149681082115e-01 -6.961649999999999783e-02 1.944110352227826008e-02 9.993644514024327963e-01 -2.987870089128144904e-02 -8.479970000000000563e-02 -9.998093969758525823e-01 1.937881005090077643e-02 -2.373065484397973712e-03 5.265012699999999768e+00
6.367388709176421231e-04 2.771162679656966402e-02 9.996157563303502691e-01 1.423879999999999937e-02 1.933658913770818985e-02 9.994287201847110724e-01 -2.771875881907369041e-02 -8.817930000000000212e-02 -9.998128279253721828e-01 1.934680878693310555e-02 1.005267731503112216e-04 5.265072800000000441e+00
-7.865078867049588984e-04 2.549210210497411533e-02 9.996747141623688604e-01 5.727809999999999846e-02 1.984995007324803773e-02 9.994784555846870644e-01 -2.547148021097950243e-02 -8.974029999999999507e-02 -9.998026609723710267e-01 1.982345964553954010e-02 -1.292114641954889009e-03 5.265342699999999709e+00
-5.367959447396114352e-03 2.053093493010196141e-02 9.997748075053033423e-01 1.889204999999999912e-01 1.944231380952841232e-02 9.996023696001536951e-01 -2.042300476153482633e-02 -9.466589999999999727e-02 -9.997965700306749026e-01 1.932830568502507188e-02 -5.764993863248690786e-03 5.264822500000000183e+00
-7.966334191613912499e-03 1.805805396303096153e-02 9.998052031303976683e-01 2.791481000000000101e-01 1.778427207466402524e-02 9.996813513256507244e-01 -1.791411394669146714e-02 -9.792299999999999616e-02 -9.998101105641619135e-01 1.763809793568972897e-02 -8.284945074601868242e-03 5.264181599999999683e+00
-9.816483317704433054e-03 2.758581470661287949e-02 9.995712378226203620e-01 3.709269000000000038e-01 1.659783430439223245e-02 9.994861829899797101e-01 -2.742046514056068959e-02 -1.010433000000000026e-01 -9.998140569884367279e-01 1.632154524220008271e-02 -1.026930422324923153e-02 5.264033300000000359e+00
-1.521509209342710410e-02 1.745514061796482261e-02 9.997318735734074258e-01 5.568450000000000344e-01 8.879062656409399124e-03 9.998105480352490471e-01 -1.732138227159128741e-02 -1.088077999999999962e-01 -9.998448195689829676e-01 8.613135518620128675e-03 -1.536719485155946252e-02 5.263338100000000352e+00
-1.595351619418997752e-02 1.079482089946646149e-02 9.998144613691035687e-01 6.506906999999999552e-01 2.167244242936029394e-03 9.999397437799331101e-01 -1.076159196927656443e-02 -1.117976999999999999e-01 -9.998703857867947686e-01 1.995156903649260988e-03 -1.597594990905526480e-02 5.263161199999999873e+00
-1.494657667736892619e-02 1.751812848479901430e-02 9.997348223504161080e-01 6.965643999999999725e-01 5.346581395107574686e-03 9.998336176937394626e-01 -1.743992536781453079e-02 -1.136845999999999968e-01 -9.998739990183831416e-01 5.084496419462283465e-03 -1.503775193130452159e-02 5.262447800000000342e+00
-1.330385996748141043e-02 3.386117223808159105e-02 9.993379950370291365e-01 7.882459000000000549e-01 9.402183332321460002e-03 9.993864968531028792e-01 -3.373764746197291386e-02 -1.169710999999999945e-01 -9.998672943238775535e-01 8.947118102826367644e-03 -1.361406695675526635e-02 5.261270999999999809e+00
-1.114087514609763893e-02 2.051498194221617472e-02 9.997274710724364244e-01 8.804625000000000368e-01 1.400471955561743802e-02 9.996946583051060653e-01 -2.035824124048631750e-02 -1.210866000000000026e-01 -9.998398615434109793e-01 1.377409424056172393e-02 -1.142477994118717977e-02 5.259974999999999845e+00
-1.123356383531374722e-02 1.811118810052712164e-02 9.997728701605909096e-01 9.720520999999999745e-01 1.406340590829030686e-02 9.997399290445676545e-01 -1.795257330361253040e-02 -1.247426999999999980e-01 -9.998380007070230002e-01 1.385854031095053174e-02 -1.148534730137329429e-02 5.259590099999999602e+00
-1.224181361876484041e-02 1.911649068677136187e-02 9.997423156909714947e-01 1.016836400000000085e+00 1.124277179203574985e-02 9.997566673607065635e-01 -1.897909771948394497e-02 -1.263943999999999901e-01 -9.998618594994790332e-01 1.100753612922070711e-02 -1.245375712820318004e-02 5.259355499999999850e+00
-1.425821533450701527e-02 1.918423773205993332e-02 9.997142933449109092e-01 1.061534999999999895e+00 9.069583774623014155e-03 9.997772791753971600e-01 -1.905609337705777007e-02 -1.281593000000000038e-01 -9.998572127787196395e-01 8.795286651375151116e-03 -1.442903278429352731e-02 5.259171499999999888e+00
-1.662677456440331270e-02 1.953493709265591294e-02 9.996709141514374952e-01 1.106693699999999891e+00 9.376398996580423417e-03 9.997682053024913307e-01 -1.938088770135472719e-02 -1.297677000000000136e-01 -9.998178001563293726e-01 9.051071705691735025e-03 -1.680608793077642549e-02 5.258884899999999973e+00
-2.105103333048955264e-02 1.987545912060781003e-02 9.995808222052200431e-01 1.195645099999999905e+00 6.009783099022916047e-03 9.997868282234202431e-01 -1.975299010418236911e-02 -1.334419000000000022e-01 -9.997603395328409359e-01 5.591443078336390086e-03 -2.116599304262400949e-02 5.257681400000000060e+00
-2.346079169474454829e-02 1.905899045755167498e-02 9.995430686747793780e-01 1.239850600000000025e+00 4.207091723088370906e-03 9.998112899818714094e-01 -1.896535799872449413e-02 -1.350859000000000087e-01 -9.997159054612910767e-01 3.760227057667679326e-03 -2.353654732932286553e-02 5.257289899999999960e+00
-2.738836127173510313e-02 1.797754108695201122e-02 9.994631987638746828e-01 1.326553899999999953e+00 4.562653474065206209e-03 9.998301027601249613e-01 -1.785910994292963169e-02 -1.385992000000000057e-01 -9.996144556078234711e-01 4.071072480931727834e-03 -2.746573335504587376e-02 5.254876099999999717e+00
-3.045703616390270721e-02 1.929988060241388803e-02 9.993497303531148068e-01 1.412859899999999946e+00 4.698786570882551236e-03 9.998052840441642442e-01 -1.916547422135334716e-02 -1.416389000000000120e-01 -9.995250323793155589e-01 4.112007551140209848e-03 -3.054179171278836868e-02 5.252909700000000015e+00
-3.326872057584120274e-02 1.742743566472724354e-02 9.992944894861567340e-01 1.498065200000000097e+00 7.125516479932427275e-03 9.998266872112316905e-01 -1.719949287357677020e-02 -1.450706999999999969e-01 -9.994210420269032946e-01 6.548284230682078176e-03 -3.338713416113137100e-02 5.250384799999999963e+00
-3.460234960126556958e-02 1.688291872307680699e-02 9.992585473527169082e-01 1.539779699999999973e+00 5.968035518769989646e-03 9.998429654547743572e-01 -1.668613144649371688e-02 -1.467496000000000078e-01 -9.993833398421843039e-01 5.386231149231273177e-03 -3.469767369563203641e-02 5.249136899999999883e+00
-3.702014266412947258e-02 1.479281551602400907e-02 9.992050248303577797e-01 1.621203900000000031e+00 3.279074510630371198e-03 9.998868453689722102e-01 -1.468142119956128942e-02 -1.498056000000000110e-01 -9.993091397097700890e-01 2.732959420495078076e-03 -3.706446040784472373e-02 5.247027400000000341e+00
-3.812023398330926377e-02 1.711391702937573034e-02 9.991265993881701668e-01 1.699128999999999889e+00 3.557860364638892360e-03 9.998493200442605255e-01 -1.699055139351765900e-02 -1.529475999999999891e-01 -9.992668259232282413e-01 2.907069132593275741e-03 -3.817537895522238323e-02 5.244686599999999643e+00
-3.877448866411050549e-02 2.164824028177575119e-02 9.990134597299171748e-01 1.776172499999999932e+00 1.847539599488311896e-03 9.997651407647387689e-01 -2.159282077660235749e-02 -1.558981999999999868e-01 -9.992462787652824918e-01 1.008466342844302824e-03 -3.880537809853501496e-02 5.242426899999999890e+00
-3.903749360042826216e-02 2.274717925778569835e-02 9.989787985383927760e-01 1.814494000000000051e+00 2.231022561789308689e-03 9.997403467416712264e-01 -2.267733747977507264e-02 -1.572849000000000053e-01 -9.992352558990927891e-01 1.343477821546860962e-03 -3.907810685815915619e-02 5.241092199999999757e+00
-3.944786312326314243e-02 2.174325088885104007e-02 9.989850334893874972e-01 1.889705399999999980e+00 4.030313762317048673e-03 9.997585488766663753e-01 -2.160093791944536767e-02 -1.605875999999999970e-01 -9.992135020434749215e-01 3.174112286440652214e-03 -3.952597051569373132e-02 5.238571600000000217e+00
-3.999449780988489911e-02 2.176289970401829033e-02 9.989628703517504649e-01 1.927590399999999926e+00 -2.933501888626854209e-04 9.997624817341648207e-01 -2.179206420719288773e-02 -1.621748000000000078e-01 -9.991998569308354616e-01 -1.164608610891942203e-03 -3.997861423538373593e-02 5.237579300000000160e+00
-3.993678118131832600e-02 2.200229665441218174e-02 9.989599353581738450e-01 1.965094700000000083e+00 -2.524571465067036724e-03 9.997521204620382074e-01 -2.212067292322121570e-02 -1.638431999999999944e-01 -9.991990192388068293e-01 -3.405374221668653126e-03 -3.987133530015174454e-02 5.236612799999999623e+00
-4.109011864907576028e-02 2.015597904800904561e-02 9.989521203030808927e-01 2.039004300000000214e+00 3.369708242250725461e-05 9.997965313886726380e-01 -2.017163076415884326e-02 -1.666785000000000072e-01 -9.991554438694267848e-01 -7.951929295106421880e-04 -4.108243729738225714e-02 5.233950600000000009e+00
-4.457068356628070271e-02 1.942185082408805219e-02 9.988174236951420371e-01 2.075727000000000100e+00 -3.232543226256209129e-03 9.998029646815582705e-01 -1.958526176126129670e-02 -1.683304999999999940e-01 -9.990010034182771337e-01 -4.101649001756371704e-03 -4.449911959512831139e-02 5.232704599999999928e+00
-6.234023733166763753e-02 2.542582013808547189e-02 9.977310371436467484e-01 2.184836600000000129e+00 -1.249131659118666443e-03 9.996726794557067031e-01 -2.555334850750570763e-02 -1.729060000000000041e-01 -9.980541741205881667e-01 -2.839299236358155260e-03 -6.228807189435936476e-02 5.226487200000000222e+00
-7.617192722428550722e-02 2.646288132253774711e-02 9.967434742274697834e-01 2.258366800000000119e+00 -5.718627821795002272e-03 9.996197168835897484e-01 -2.697626574246069983e-02 -1.759349000000000052e-01 -9.970782992316967741e-01 -7.754839113827533686e-03 -7.599162895704170140e-02 5.221774599999999822e+00
-8.639276582576640995e-02 2.588116268458950930e-02 9.959249245957587648e-01 2.333186400000000216e+00 -8.047899158649339177e-03 9.996117598708779139e-01 -2.667509788133153037e-02 -1.791580999999999868e-01 -9.962286491223318885e-01 -1.031963884737338751e-02 -8.615093569981280286e-02 5.216142200000000173e+00
-9.319142790103501772e-02 2.172115963557926660e-02 9.954112461640421960e-01 2.409830299999999870e+00 -1.012062484979617261e-02 9.996896834597122083e-01 -2.276202400644706386e-02 -1.821969999999999978e-01 -9.955967711470420367e-01 -1.219540931277282754e-02 -9.294267735157002441e-02 5.209726800000000324e+00
-9.692620864832346417e-02 1.553685280116630374e-02 9.951702951164170807e-01 2.487872100000000142e+00 -9.062578658616437383e-03 9.998229235640425649e-01 -1.649215522322559913e-02 -1.853162999999999894e-01 -9.952503100954644966e-01 -1.061733115643796223e-02 -9.676824135012729311e-02 5.202644799999999847e+00
-9.760542214056303068e-02 1.581575720846992161e-02 9.950995143163750001e-01 2.527394999999999836e+00 -9.388096935218300659e-03 9.998146007122964418e-01 -1.681153884825305894e-02 -1.862945000000000018e-01 -9.951809107919511455e-01 -1.098298804670699326e-02 -9.743884630304511241e-02 5.198934999999999640e+00
-9.805305605205140440e-02 1.976302007998976401e-02 9.949849351805138964e-01 2.566905499999999840e+00 -7.595774353022736493e-03 9.997588114746338572e-01 -2.060638470973012726e-02 -1.875090000000000090e-01 -9.951522006260306030e-01 -9.578200047261436340e-03 -9.787929133899275769e-02 5.195086500000000385e+00
-9.951831939333731503e-02 2.938445227459848819e-02 9.946017585293360774e-01 2.688031200000000176e+00 5.868793137557526754e-03 9.995638109006512728e-01 -2.894382844192407850e-02 -1.923159000000000118e-01 -9.950184226295684109e-01 2.956670811710261290e-03 -9.964736185909250921e-02 5.182337300000000369e+00
-1.000379532760905382e-01 2.711285049740813288e-02 9.946141469143880975e-01 2.729085700000000170e+00 4.004254016178106224e-03 9.996315377067006569e-01 -2.684687639020517935e-02 -1.940502000000000060e-01 -9.949755644507580765e-01 1.296981126397174847e-03 -1.001096598029037610e-01 5.178356599999999865e+00
-1.012091332702500096e-01 1.949623327329465250e-02 9.946741216251874240e-01 2.851125199999999804e+00 6.821457399276984260e-03 9.997980597944728931e-01 -1.890257522554166306e-02 -1.992980000000000029e-01 -9.948417859446972988e-01 4.872013891676698315e-03 -1.013216878017964007e-01 5.166337000000000401e+00
-1.028609976457708908e-01 2.044222450305451660e-02 9.944856613449404303e-01 2.891169800000000123e+00 5.478259904182092126e-03 9.997852804147150385e-01 -1.998453738498543603e-02 -2.008577000000000001e-01 -9.946806541959780645e-01 3.392421470921192297e-03 -1.029508991938618001e-01 5.162472700000000359e+00
-1.052145728057568841e-01 2.126283431503089155e-02 9.942222012941537290e-01 2.931607699999999816e+00 4.633087905783496094e-03 9.997710198645582969e-01 -2.089120234544611376e-02 -2.023191000000000017e-01 -9.944387503339551238e-01 2.408259926302639894e-03 -1.052889933391329969e-01 5.158495399999999620e+00
-1.075213758612263842e-01 2.128267097065424107e-02 9.939749502121588698e-01 2.971919799999999778e+00 5.422570152479539232e-03 9.997685318605464833e-01 -2.082014491661612204e-02 -2.038878000000000079e-01 -9.941879849735915098e-01 3.151288270268105124e-03 -1.076118948647748486e-01 5.154065600000000025e+00
-1.115066479553150497e-01 2.115002987240390334e-02 9.935385969846194376e-01 3.052569200000000205e+00 5.831384696162952158e-03 9.997702093675445711e-01 -2.062821886885718436e-02 -2.068830000000000113e-01 -9.937465785673401664e-01 3.493522230148475571e-03 -1.116043587326797093e-01 5.145271799999999729e+00
-1.132737743176847334e-01 2.152550126175683046e-02 9.933306120558531571e-01 3.093077699999999819e+00 3.334963890954414228e-03 9.997678929079950594e-01 -2.128469699464431014e-02 -2.083032999999999968e-01 -9.935582167481036286e-01 9.017237591942700581e-04 -1.133192694407700873e-01 5.141103300000000154e+00
-1.146444987942080301e-01 2.299189528378429992e-02 9.931404793117057928e-01 3.133839399999999831e+00 3.342662905168937784e-03 9.997353989116087858e-01 -2.275870751490427502e-02 -2.100198000000000065e-01 -9.934009590799315337e-01 7.105732235667665958e-04 -1.146910178905335975e-01 5.136818899999999743e+00
-1.168197392093205667e-01 2.365567903526288873e-02 9.928713700074380810e-01 3.216130699999999898e+00 2.247915615051975999e-03 9.997200301767302788e-01 -2.355436560014206870e-02 -2.130466000000000026e-01 -9.931505904979636146e-01 -5.197237902718199187e-04 -1.168402091778677487e-01 5.127874900000000125e+00
-1.179108062368359328e-01 2.189389994577661813e-02 9.927828055107241756e-01 3.257923599999999809e+00 2.594416544066710517e-03 9.997602997681772630e-01 -2.173964144690848990e-02 -2.145526000000000100e-01 -9.930208007767893363e-01 1.235348497728022688e-05 -1.179393448854800797e-01 5.123037300000000016e+00
-1.190777132937899524e-01 1.974161522675271091e-02 9.926886555335268092e-01 3.299967999999999790e+00 4.771444455633350179e-05 9.998024245579260061e-01 -1.987736329155798815e-02 -2.158425999999999956e-01 -9.928849358913922618e-01 -2.319585379252487797e-03 -1.190551284221499362e-01 5.118518400000000135e+00
-1.243135493752979687e-01 1.796333700101977043e-02 9.920803697107928310e-01 3.428134899999999874e+00 -3.273694713228705866e-04 9.998353164224529355e-01 -1.814477510587435630e-02 -2.200709000000000137e-01 -9.922429310763291044e-01 -2.580418222169807846e-03 -1.242871963271120483e-01 5.103368299999999635e+00
-1.285506597113261762e-01 2.265687886341690577e-02 9.914440951097300836e-01 3.514419800000000205e+00 6.854404254882807274e-04 9.997407772230670897e-01 -2.275760375876239444e-02 -2.231306000000000123e-01 -9.917027064898058519e-01 -2.245929114238003413e-03 -1.285328663930276338e-01 5.092327599999999954e+00
-1.282617069469929594e-01 2.671290878542537800e-02 9.913805298851018355e-01 3.558076600000000145e+00 2.654813286884391901e-03 9.996428431962557370e-01 -2.659206672896722440e-02 -2.247555999999999998e-01 -9.917368030367005316e-01 -7.788136668082160097e-04 -1.282868151908718168e-01 5.086626100000000150e+00
-1.293434902753650695e-01 3.075798061620342583e-02 9.911227008558525231e-01 3.601889799999999919e+00 3.700744457398180698e-03 9.995268216823646190e-01 -3.053583514514431052e-02 -2.265269000000000033e-01 -9.915929437091852705e-01 -2.817196543523133728e-04 -1.293961151665257159e-01 5.081078999999999901e+00
-1.292997616936278904e-01 3.095916264481765601e-02 9.911221427625876990e-01 3.690618000000000176e+00 9.523215471537819013e-03 9.995051723345680372e-01 -2.997863978782359939e-02 -2.304882000000000042e-01 -9.915598216915882945e-01 5.562438743675695088e-03 -1.295306113710931184e-01 5.069283999999999679e+00
-1.290529968104973113e-01 2.893808211165821431e-02 9.912153708543511854e-01 3.735428999999999888e+00 9.826158753436583723e-03 9.995623546014195115e-01 -2.790243480089815362e-02 -2.324954999999999938e-01 -9.915890129576780954e-01 6.138946763495956721e-03 -1.292808675491192716e-01 5.063463699999999790e+00
-1.283854696275881224e-01 2.721773201189824076e-02 9.913507786109984066e-01 3.780557400000000179e+00 9.248919692008639171e-03 9.996127070647585766e-01 -2.624677807266887972e-02 -2.344089000000000034e-01 -9.916812132298539195e-01 5.799218808912692119e-03 -1.285874814597903759e-01 5.057973900000000356e+00
-1.253662443431225459e-01 2.158117484908062336e-02 9.918757773387923971e-01 3.872159499999999976e+00 8.793937076035797384e-03 9.997482768039370749e-01 -2.064097134974943876e-02 -2.380185999999999968e-01 -9.920715556097771115e-01 6.134812115449352239e-03 -1.255244702450678540e-01 5.046965100000000426e+00
-1.237592017436015407e-01 1.840669389427864247e-02 9.921415491771672368e-01 3.918077499999999880e+00 9.462040413913751918e-03 9.998043821732442993e-01 -1.736856869125283018e-02 -2.396512000000000087e-01 -9.922671665307647437e-01 7.238163237978995600e-03 -1.239091571190296115e-01 5.041491500000000237e+00
-1.221006521584986210e-01 1.820307778392364975e-02 9.923507840988801121e-01 3.963722699999999932e+00 7.546206887418189894e-03 9.998199294669678494e-01 -1.741158816075052962e-02 -2.413022999999999973e-01 -9.924890354578643770e-01 5.362518052158976936e-03 -1.222160296199261698e-01 5.036155700000000124e+00
