9.999152248518465846e-01 5.310697284192887613e-04 -1.301003744901520730e-02 -5.619376000000000371e-01 -4.449042601976883004e-04 9.999779554849199670e-01 6.624998445185903764e-03 -2.597640000000000018e-02 1.301326898517353274e-02 -6.618648588874797428e-03 9.998934184807781733e-01 -4.907028999999999974e-01
9.998859805078441632e-01 1.434627701707338453e-04 -1.509984775753056389e-02 -5.623479999999999590e-01 -6.493058763713581373e-05 9.999864714506255803e-01 5.201220986078353842e-03 -2.636410000000000142e-02 1.510038966006556176e-02 -5.199647503514802718e-03 9.998724628161100858e-01 -4.618325999999999820e-01
9.998522218399048533e-01 -1.980622694949053190e-03 -1.707663946875855043e-02 -5.628743000000000496e-01 2.040022438233529602e-03 9.999919274263598945e-01 3.461703419616510811e-03 -2.665690000000000073e-02 1.706964528797283442e-02 -3.496028583140256552e-03 9.998481909739541651e-01 -4.332428999999999863e-01
9.996940541566156080e-01 -5.724764954102646089e-03 -2.406294142722179008e-02 -5.653951000000000393e-01 5.687558783856792519e-03 9.999825226089839036e-01 -1.614357969356733195e-03 -2.899550000000000044e-02 2.407176268971181893e-02 1.477004669366447330e-03 9.997091420499348846e-01 -2.858433000000000224e-01
9.996745751702947880e-01 -3.980089030881928114e-03 -2.519727464224880489e-02 -5.666253999999999458e-01 3.848847839527567982e-03 9.999787859502567988e-01 -5.254904352965325716e-03 -3.160639999999999977e-02 2.521765509318471890e-02 5.156213800542343122e-03 9.996686867811976906e-01 -2.600154000000000076e-01
9.996605555936440846e-01 -2.421510395273346154e-03 -2.594050650261977078e-02 -5.677902000000000227e-01 2.177648491108467171e-03 9.999532130521018303e-01 -9.424943173673396707e-03 -2.985550000000000009e-02 2.596211542336349445e-02 9.365254624588852800e-03 9.996190577257720866e-01 -2.244967999999999964e-01
9.996154710236175855e-01 -8.043339165707107802e-04 -2.771756008709605132e-02 -5.690315000000000234e-01 5.519216278253367795e-04 9.999583231517693571e-01 -9.113031439552700397e-03 -3.032999999999999932e-02 2.772373482682058757e-02 9.094229294018891380e-03 9.995742541306272821e-01 -1.924489000000000061e-01
9.995634994124837913e-01 2.973645375387013595e-03 -2.939333386077148946e-02 -5.716183000000000236e-01 -2.726082092009598189e-03 9.999605068171859568e-01 8.458917326951859508e-03 -3.336410000000000070e-02 2.941732684485388188e-02 -8.375096363506586220e-03 9.995321298698731649e-01 -1.302351999999999954e-01
9.994594658901631012e-01 8.140048375063237834e-03 -3.185146236833684419e-02 -5.762964000000000420e-01 -7.934895376303607167e-03 9.999469871315364022e-01 6.562039464237954048e-03 -3.282790000000000014e-02 3.190318914962990415e-02 -6.305754436602412430e-03 9.994710721091772943e-01 -2.334740000000000079e-02
9.994184314727576623e-01 7.734533925052917112e-03 -3.321107973997629997e-02 -5.777463000000000459e-01 -7.720017834624628116e-03 9.999700404338126569e-01 5.652958800674634044e-04 -3.300539999999999724e-02 3.321445705059675874e-02 -3.085769938752787019e-04 9.994482000699550506e-01 1.238410000000000032e-02
9.993914735163118568e-01 5.510213746141344807e-03 -3.444299939562169705e-02 -5.789503000000000288e-01 -5.440513716387035750e-03 9.999829593541492700e-01 2.117029007754133146e-03 -3.235119999999999663e-02 3.445407774700646325e-02 -1.928353128890788288e-03 9.994044216336114284e-01 5.079779999999999712e-02
9.993771732602928504e-01 7.976023109432516271e-04 -3.527930550365563495e-02 -5.886959000000000497e-01 -1.550098535603488181e-04 9.998341099546724786e-01 1.821341656837663012e-02 -3.324370000000000103e-02 3.528798008121162427e-02 -1.819660412553658971e-02 9.992115101719387660e-01 2.488633000000000095e-01
9.993906703784019019e-01 3.483615606162981590e-03 -3.472970461891294880e-02 -5.881096000000000101e-01 -2.978429390241538188e-03 9.998891626989246939e-01 1.458736698690765547e-02 -3.040290000000000006e-02 3.477667205147426388e-02 -1.447503849915003117e-02 9.992902763168830527e-01 2.964193999999999996e-01
9.994153012774281697e-01 9.609234963036493026e-05 -3.419131964121709111e-02 -5.897925000000000528e-01 2.176732923676721334e-04 9.999579041699804272e-01 9.172922452421350403e-03 -3.035130000000000119e-02 3.419076177690875962e-02 -9.175001593497867508e-03 9.993732091440484799e-01 3.400622999999999840e-01
9.994752281850273201e-01 -1.631319781513227828e-03 -3.235130662365996723e-02 -5.944551999999999614e-01 1.549060292358764909e-03 9.999955039235856047e-01 -2.567595144254325706e-03 -3.000830000000000164e-02 3.235534973846301843e-02 2.516133618193725201e-03 9.994732614807246840e-01 4.317772000000000276e-01
9.994616468649726304e-01 1.532117577454017270e-03 -3.277299287043830556e-02 -5.984464999999999923e-01 -1.682641075728540103e-03 9.999881609060152776e-01 -4.565825972984211348e-03 -3.129010000000000125e-02 3.276560948566674403e-02 4.618513130236022793e-03 9.994523921485698459e-01 5.727149000000000267e-01
9.994512039691099137e-01 4.340040940570975142e-03 -3.283983753508680492e-02 -6.002359000000000444e-01 -4.569082310638239441e-03 9.999657377269310921e-01 -6.902670430571353384e-03 -3.186080000000000162e-02 3.280875449533769694e-02 7.048930193202312781e-03 9.994367905033294530e-01 6.209999000000000491e-01
9.993996612218252196e-01 1.009507696547927262e-02 -3.314221734830008481e-02 -6.061301000000000050e-01 -1.034011447184273076e-02 9.999203980622848320e-01 -7.230461373320690860e-03 -3.486199999999999716e-02 3.306658709951938724e-02 7.568814968206306892e-03 9.994244913236651762e-01 7.693058999999999870e-01
9.993648490170510268e-01 1.119646800342693344e-02 -3.383101614458405848e-02 -6.098649999999999904e-01 -1.141861793937342523e-02 9.999144492006301066e-01 -6.380395297725886990e-03 -3.684550000000000325e-02 3.375668398230918799e-02 6.762646231236713566e-03 9.994072007457569518e-01 8.702685000000000004e-01
9.993335280470901916e-01 1.258085483960729410e-02 -3.426692009008525802e-02 -6.139791999999999472e-01 -1.269289998880085944e-02 9.999147774596126581e-01 -3.054195109583148979e-03 -3.905100000000000238e-02 3.422557539077842464e-02 3.487106163831580480e-03 9.994080498373886234e-01 9.729472000000000120e-01
9.992687312239866282e-01 1.355777794185879237e-02 -3.575177555427631881e-02 -6.208725999999999967e-01 -1.371596812498406676e-02 9.998971815598167723e-01 -4.183124087248962265e-03 -4.175940000000000207e-02 3.569138574500188565e-02 4.670435313131806633e-03 9.993519460218144301e-01 1.129766000000000048e+00
9.991924691394636904e-01 1.285090234880525289e-02 -3.806919914843540087e-02 -6.300329999999999542e-01 -1.265025768944637655e-02 9.999048188984153152e-01 5.506734433197030439e-03 -4.523239999999999900e-02 3.813634218658581987e-02 -5.020702395942885400e-03 9.992599321258102130e-01 1.342781999999999920e+00
9.991292312547200849e-01 1.316221592756756931e-02 -3.959211189401479203e-02 -6.346456999999999793e-01 -1.304724720772116112e-02 9.999098852018794004e-01 3.160825187368119637e-03 -4.612700000000000133e-02 3.963014752246972472e-02 -2.641504768228697484e-03 9.992109256107575277e-01 1.451185299999999900e+00
9.990795217144309293e-01 1.290974257243891407e-02 -4.090779678224316235e-02 -6.402459999999999818e-01 -1.265104493368114646e-02 9.998983451579167570e-01 6.576504584163318790e-03 -4.746460000000000262e-02 4.098853928782929951e-02 -6.052924679268595690e-03 9.991412821767886587e-01 1.559243799999999958e+00
9.990483455110410471e-01 1.305267505174487891e-02 -4.161767660075641612e-02 -6.430445999999999662e-01 -1.269776268743007600e-02 9.998808242016729020e-01 8.780900666612244040e-03 -4.786580000000000001e-02 4.172733102398593769e-02 -8.244092901997143383e-03 9.990950228971405833e-01 1.613930199999999981e+00
9.990131264197842365e-01 1.444379526217896142e-02 -4.200178590717702082e-02 -6.458711999999999787e-01 -1.408610573486850440e-02 9.998620649218102896e-01 8.799588372177369333e-03 -4.872599999999999848e-02 4.212309184039298576e-02 -8.199262693554289216e-03 9.990787842933548379e-01 1.668350199999999894e+00
9.989737402216865014e-01 1.529164462478486974e-02 -4.263369503296077223e-02 -6.483208999999999778e-01 -1.508807330366040284e-02 9.998731996640470854e-01 5.092606166195712096e-03 -4.938019999999999909e-02 4.270616338981512994e-02 -4.444119513457339861e-03 9.990777914708506291e-01 1.722227900000000034e+00
9.989428917806244534e-01 1.734308764417018256e-02 -4.257130808338110278e-02 -6.592930999999999653e-01 -1.710327007666387344e-02 9.998357788807104019e-01 5.991111974246601281e-03 -5.256040000000000018e-02 4.266822135557341716e-02 -5.256670140868496301e-03 9.990754677727713418e-01 1.940698500000000104e+00
9.989742715928339178e-01 1.545732324033853751e-02 -4.256143622824002520e-02 -6.644906000000000423e-01 -1.520027221690360177e-02 9.998642637327356253e-01 6.356558402660791862e-03 -5.381670000000000204e-02 4.265391447568301492e-02 -5.703092883523741899e-03 9.990736300751126286e-01 2.049762199999999979e+00
9.989946298628077370e-01 1.457159428092382782e-02 -4.239573263176329987e-02 -6.670317999999999525e-01 -1.440106257647186423e-02 9.998869453755006020e-01 4.325027666888846614e-03 -5.430730000000000279e-02 4.245396214654591216e-02 -3.710135814624632763e-03 9.990915353411301547e-01 2.104191999999999840e+00
9.990006555597478188e-01 1.366585864031726744e-02 -4.255507606404686227e-02 -6.723183000000000353e-01 -1.367650815364659933e-02 9.999064713527511250e-01 4.088536421219436537e-05 -5.605960000000000110e-02 4.255165467895680176e-02 5.411603391182069882e-04 9.990941216069535447e-01 2.213292399999999827e+00
9.990472368994276486e-01 1.055723978844126144e-02 -4.234575694999687112e-02 -6.774061000000000110e-01 -1.078879275227409389e-02 9.999280520589168830e-01 -5.243344029183936994e-03 -5.800219999999999682e-02 4.228735501976133015e-02 5.695207960141010842e-03 9.990892573798015874e-01 2.321358000000000033e+00
9.990817013804977886e-01 8.299198837881575572e-03 -4.203423920209520964e-02 -6.824400000000000466e-01 -8.182200707750277371e-03 9.999621600082487793e-01 2.954681575965252289e-03 -6.012189999999999895e-02 4.205717011673209410e-02 -2.608035714203847406e-03 9.991118018477639362e-01 2.430267300000000130e+00
9.990920320679005373e-01 7.099045636545352027e-03 -4.200851115528041191e-02 -6.847735000000000349e-01 -6.725278704885162724e-03 9.999365943016019775e-01 9.032054188009907419e-03 -6.087650000000000006e-02 4.206996654116437750e-02 -8.741334426949673442e-03 9.990764270002878700e-01 2.484665399999999913e+00
9.991255556988406505e-01 2.223028439678491255e-03 -4.175143223937749504e-02 -6.893937999999999455e-01 -1.950436407970020884e-03 9.999765248524360439e-01 6.568526612863855030e-03 -6.202560000000000018e-02 4.176505413981185244e-02 -6.481349288675646719e-03 9.991064369545903379e-01 2.594493400000000172e+00
9.991046470437336957e-01 2.166741342159490651e-03 -4.225173946209129922e-02 -6.942791000000000379e-01 -2.182284865014845823e-03 9.999975670489836821e-01 -3.217590423181734003e-04 -6.361039999999999750e-02 4.225093949705962387e-02 4.136762859571007462e-04 9.991069447179047325e-01 2.703819300000000148e+00
9.991171606648341363e-01 5.750592118872099347e-03 -4.161526108679684116e-02 -6.996776999999999580e-01 -5.977575374059227765e-03 9.999679189350072495e-01 -5.331950247163074960e-03 -6.559969999999999690e-02 4.158326415383167135e-02 5.576001351609214535e-03 9.991194825201035190e-01 2.812255899999999809e+00
9.991400495726351361e-01 9.719185827325409546e-03 -4.030755223089318301e-02 -7.030741999999999825e-01 -9.793810586470661980e-03 9.999506710160476208e-01 -1.654330303304422239e-03 -6.663700000000000179e-02 4.028948515665842917e-02 2.047672193006733806e-03 9.991859508742111373e-01 2.867757800000000135e+00
9.991412820869157718e-01 9.389851936627936074e-03 -4.035503822724475359e-02 -7.103110999999999731e-01 -9.325322613382130282e-03 9.999549215046198425e-01 1.786985407273742341e-03 -6.936190000000000411e-02 4.036999861122767680e-02 -1.409127140349670506e-03 9.991838056998481044e-01 3.032481900000000063e+00
9.991344806917766830e-01 8.444886014552436052e-03 -4.073049708725689361e-02 -7.126748000000000527e-01 -8.314265136774393397e-03 9.999597394125081529e-01 3.375285070075210829e-03 -7.033720000000000250e-02 4.075736115119873298e-02 -3.033719543740231485e-03 9.991644679719754452e-01 3.087032799999999799e+00
9.991148693496852973e-01 5.487303030978899800e-03 -4.170572322604460674e-02 -7.200881000000000087e-01 -5.237475023099285622e-03 9.999676962069693475e-01 6.097163103327032756e-03 -7.293539999999999746e-02 4.173783295457058479e-02 -5.873333633667610250e-03 9.991113337623009905e-01 3.251012300000000188e+00
9.990688616525693622e-01 6.100108763277121982e-03 -4.271063508443041085e-02 -7.252617999999999565e-01 -6.105448788131399851e-03 9.999813615591885974e-01 5.415422272221165562e-06 -7.435509999999999342e-02 4.270987205945123849e-02 2.553572154516821043e-04 9.990874844683812483e-01 3.359202600000000150e+00
9.990027683360476196e-01 8.255822028666254600e-03 -4.387835753015677243e-02 -7.282170999999999506e-01 -8.178072375605653990e-03 9.999646554469890924e-01 1.951150687111931174e-03 -7.545240000000000280e-02 4.389291502204692441e-02 -1.590364554261277426e-03 9.990349757398145902e-01 3.413736600000000010e+00
9.989026233650432074e-01 1.164175943082415565e-02 -4.536538847832669030e-02 -7.363163999999999820e-01 -1.114364428317160538e-02 9.998749850639229164e-01 1.121755033463949988e-02 -7.794969999999999677e-02 4.549030914958498983e-02 -1.069970470503045154e-02 9.989074772433632621e-01 3.574257600000000146e+00
9.987983097657906484e-01 8.880821558214209779e-03 -4.819820969134523680e-02 -7.474229000000000012e-01 -8.495418090291079541e-03 9.999303309181739596e-01 8.195192575064968316e-03 -8.018849999999999589e-02 4.826763180922473417e-02 -7.775880549648551271e-03 9.988041706967420996e-01 3.784604799999999880e+00
9.987774141817511442e-01 7.392905668539220473e-03 -4.887762132296242373e-02 -7.500558999999999976e-01 -6.932954647124787637e-03 9.999301424402391447e-01 9.573107087255105022e-03 -8.069550000000000334e-02 4.894497992926078594e-02 -9.222536810402212279e-03 9.987588967085625491e-01 3.836365900000000106e+00
9.982612879036106834e-01 3.504490961483053627e-03 -5.883977919847526578e-02 -7.637819999999999609e-01 -2.773857063933648538e-03 9.999180940509813098e-01 1.249443501890545698e-02 -8.430870000000000031e-02 5.887874650511256552e-02 -1.230949765643054965e-02 9.981892453224653350e-01 4.076084100000000099e+00
9.975219436838715925e-01 5.629070699649621132e-03 -7.013048860666319662e-02 -7.740422999999999609e-01 -4.588712755153078957e-03 9.998771609528270821e-01 1.498688493867521114e-02 -8.573050000000000115e-02 7.020623607915228714e-02 -1.462793792619932441e-02 9.974252392272945356e-01 4.207513299999999568e+00
9.970346311975755160e-01 1.088875054474385158e-02 -7.617991404752819107e-02 -7.830702000000000496e-01 -9.576102489916278951e-03 9.997996883870543527e-01 1.757502097442771583e-02 -8.679770000000000540e-02 7.635602434528046545e-02 -1.679339789093604873e-02 9.969391853736413456e-01 4.324554899999999868e+00
9.961351950697001634e-01 2.025336308483996137e-02 -8.546621804668805278e-02 -7.987144000000000466e-01 -1.984052584263478261e-02 9.997870391220415875e-01 5.677141698867781486e-03 -8.902079999999999715e-02 8.556299829796829015e-02 -3.959505945812413080e-03 9.963248946176779253e-01 4.490871399999999625e+00
9.961626887492258664e-01 2.659252597238996943e-02 -8.338306246667166743e-02 -8.058075000000000099e-01 -2.603622396874673631e-02 9.996309416064859121e-01 7.752136762183538254e-03 -9.021519999999999539e-02 8.355843814578133022e-02 -5.551409310986207477e-03 9.964874155097491748e-01 4.551044499999999715e+00
9.983978305569798373e-01 2.966710368778374685e-02 -4.818334668632295870e-02 -8.131304999999999783e-01 -2.899637356633034263e-02 9.994734646279518353e-01 1.456035111527603093e-02 -9.163749999999999674e-02 4.858993989621637755e-02 -1.313988064544686571e-02 9.987323772049775394e-01 4.654074200000000161e+00
9.994463144816633227e-01 2.696312505667562698e-02 1.949498284682739044e-02 -8.121017000000000374e-01 -2.708632138178756338e-02 9.996145889685366104e-01 6.083150110424177456e-03 -9.309040000000000370e-02 -1.932344852821413564e-02 -6.607829329023770862e-03 9.997914487174491827e-01 4.740317300000000067e+00
8.832510254390724125e-01 1.061679835835301934e-02 4.687802359885121506e-01 -7.459268000000000010e-01 -7.038056490494049890e-03 9.999311875030933994e-01 -9.385415254003279598e-03 -9.934239999999999737e-02 -4.688476211112344583e-01 4.990375864755628235e-03 8.832649683572109112e-01 4.954786799999999936e+00
8.587022645391220177e-01 1.122229025100400686e-02 5.123519113625963906e-01 -7.353575999999999446e-01 -5.914822852983227588e-03 9.999106440723540823e-01 -1.198827516483482597e-02 -9.987269999999999481e-02 -5.124406655857841608e-01 7.263888237864661590e-03 8.586919122605420895e-01 4.969422299999999737e+00
8.317807139154550500e-01 1.331674801150061274e-02 5.549445991995003435e-01 -7.245279999999999498e-01 -5.873017573987355383e-03 9.998673684853809362e-01 -1.519055965707723915e-02 -1.008060000000000067e-01 -5.550732849118857892e-01 9.376015172650981749e-03 8.317486030746373826e-01 4.983775099999999902e+00
5.161899669767444632e-01 2.097157136066091221e-02 8.562173270771925582e-01 -6.045281999999999600e-01 -5.110638860113411730e-03 9.997577968515315439e-01 -2.140628424115576661e-02 -1.055653000000000008e-01 -8.564588719623312807e-01 6.673891611073864624e-03 5.161721222690882627e-01 5.074484799999999574e+00
4.146660970095052967e-01 1.737995901167067175e-02 9.098076527572496186e-01 -5.662667999999999591e-01 -5.699473667250757290e-03 9.998475832017846843e-01 -1.650231394279513819e-02 -1.073613000000000067e-01 -9.099557923277481475e-01 1.657525355131235154e-03 4.147019515493955977e-01 5.089389800000000186e+00
3.643211878011681781e-01 2.217453755970234808e-02 9.310093243373877003e-01 -5.462295999999999818e-01 -9.356414593509221334e-03 9.997531765146959737e-01 -2.015052244309301077e-02 -1.082021999999999984e-01 -9.312263578878662296e-01 -1.369646957641754495e-03 3.644387389426528845e-01 5.095996900000000274e+00
3.142112450272140922e-01 2.717481358790843626e-02 9.489640788801813054e-01 -5.255651000000000073e-01 -9.661782744717829774e-03 9.996300008525729197e-01 -2.542658745642126933e-02 -1.088942999999999994e-01 -9.493039257543615106e-01 -1.179365061206106083e-03 3.143575442794566133e-01 5.101128100000000387e+00
2.677948112700733185e-01 2.929513534665661306e-02 9.630304948971484258e-01 -5.040198999999999652e-01 -8.354476045810008134e-03 9.995706675478736036e-01 -2.808350597589669151e-02 -1.097216000000000025e-01 -9.634397447618743282e-01 -5.249980183855557092e-04 2.679245837735964031e-01 5.105590799999999874e+00
1.613324474352853533e-01 2.993149518103122020e-02 9.864461196643071750e-01 -4.336273999999999962e-01 1.079681160149219797e-02 9.994266284811602619e-01 -3.209116922180942078e-02 -1.122635000000000022e-01 -9.868410562313379986e-01 1.582781978065296927e-02 1.609167792904406813e-01 5.114421799999999685e+00
1.332113518858017986e-01 2.839124764034301959e-02 9.906809137084362504e-01 -4.081014000000000030e-01 8.923024953368972195e-03 9.995147327532787340e-01 -2.984423955847012588e-02 -1.132796999999999971e-01 -9.910474839050038565e-01 1.281546201143428550e-02 1.328933729686880838e-01 5.117263300000000292e+00
1.077531107116496828e-01 2.517613975896173389e-02 9.938588577453038031e-01 -3.813282000000000060e-01 2.438869492907710934e-03 9.996696047614440639e-01 -2.558775550326463505e-02 -1.140638000000000069e-01 -9.941746924195764556e-01 5.181052300017020135e-03 1.076561082777236500e-01 5.120143399999999900e+00
6.125418409783153079e-02 1.864120399877990455e-02 9.979481100959031181e-01 -3.253574000000000188e-01 2.234974849100807709e-03 9.998205150283819842e-01 -1.881336269264124311e-02 -1.161355000000000026e-01 -9.981196971395429607e-01 3.382786108646349335e-03 6.120152727024297246e-02 5.123297700000000177e+00
4.096770806678391719e-02 1.909519325525560127e-02 9.989779879908758931e-01 -2.960653999999999786e-01 1.007692931821546622e-02 9.997586177084528680e-01 -1.952336582660168032e-02 -1.173230999999999996e-01 -9.991096548383814335e-01 1.086645812710239356e-02 4.076539827478042888e-02 5.123403500000000221e+00
2.364891785848696054e-02 2.147085127120615736e-02 9.994897354299405734e-01 -2.654039999999999733e-01 1.501484039969213855e-02 9.996489513120419002e-01 -2.182953752388789095e-02 -1.183696999999999944e-01 -9.996075646231847855e-01 1.552342379840225897e-02 2.331823453181847139e-02 5.123142699999999827e+00
-1.797167808680787604e-03 3.182370263161134194e-02 9.994918819773787044e-01 -2.011834000000000122e-01 1.257400211535478381e-02 9.994151991055435502e-01 -3.179865197818464162e-02 -1.197417999999999955e-01 -9.999193290754363472e-01 1.251046552456886070e-02 -2.196268127547140736e-03 5.123310599999999937e+00
-8.137278133304821567e-03 3.148278954825765169e-02 9.994711695025730869e-01 -1.674265000000000059e-01 1.514444769791200608e-02 9.993935068486623496e-01 -3.135704342979324377e-02 -1.208955000000000030e-01 -9.998522042824660172e-01 1.488127786827631895e-02 -8.609132389544416064e-03 5.122732599999999969e+00
-6.799477184203160489e-03 2.606942812598066553e-02 9.996370101327812785e-01 -2.154379999999999837e-02 1.781375639835742000e-02 9.995046458225811392e-01 -2.594480799807019622e-02 -1.266011999999999971e-01 -9.998182020712574891e-01 1.763087905525630161e-02 -7.260503476856361438e-03 5.121614499999999737e+00
-4.573758173021288086e-03 2.820374874193713396e-02 9.995917313048745534e-01 5.692780000000000062e-02 1.658360943458954059e-02 9.994668604371266252e-01 -2.812434507813812989e-02 -1.292940999999999951e-01 -9.998520213683101954e-01 1.644820491284320479e-02 -5.039039675315826194e-03 5.121465200000000273e+00
-3.876934784721558849e-03 2.780756679811196078e-02 9.996057765966760433e-01 9.776540000000000230e-02 1.598115956740122148e-02 9.994873525366737566e-01 -2.774229006611045323e-02 -1.308932999999999902e-01 -9.998647768151233128e-01 1.586730437092236101e-02 -4.319344446120476633e-03 5.121526700000000432e+00
-2.804143757911381485e-03 2.531652149563136042e-02 9.996755526255237667e-01 1.814697999999999867e-01 1.593990190634713214e-02 9.995536060006811052e-01 -2.526872094608701574e-02 -1.338724000000000025e-01 -9.998690195745646436e-01 1.586387312091283586e-02 -3.206434874214902919e-03 5.121645499999999629e+00
-4.807515858757716899e-03 2.117059342830044863e-02 9.997643191098395388e-01 2.676150999999999947e-01 1.427253423551256943e-02 9.996754880250215969e-01 -2.110008076835161173e-02 -1.372719000000000023e-01 -9.998865848473834639e-01 1.416773149902417726e-02 -5.108113781783218954e-03 5.121910100000000021e+00
-6.917300227712655514e-03 1.782840726457931430e-02 9.998171327057605584e-01 3.557383000000000073e-01 1.571163378722807702e-02 9.997195698090088900e-01 -1.771796558937767038e-02 -1.399118000000000028e-01 -9.998526369027067595e-01 1.558620015586331502e-02 -7.195473813839226018e-03 5.121201499999999740e+00
-8.092917521537202133e-03 1.624214817092111199e-02 9.998353350971265208e-01 4.000199999999999867e-01 1.711500228682276067e-02 9.997238661731291387e-01 -1.610180426453720198e-02 -1.414282000000000039e-01 -9.998207746304892396e-01 1.698187347277268361e-02 -8.368667196339663050e-03 5.120786200000000399e+00
-1.051555827925869033e-02 1.993248569761092714e-02 9.997460272729218334e-01 4.897843000000000058e-01 1.144458877356783338e-02 9.997382196842241608e-01 -1.981195322076842805e-02 -1.444700999999999902e-01 -9.998792149164213994e-01 1.123334841142778484e-02 -1.074092461513598273e-02 5.120373200000000402e+00
-1.247433463530918211e-02 2.621093321793531786e-02 9.995786001887253525e-01 5.808982999999999786e-01 1.312839052545011417e-02 9.995745093427456096e-01 -2.604698897033206131e-02 -1.476793999999999885e-01 -9.998360047215834046e-01 1.279793936750222780e-02 -1.281313428978791968e-02 5.119303699999999679e+00
-1.534362223183231497e-02 2.002026115063257339e-02 9.996818305842453123e-01 6.737210999999999617e-01 6.808893236015010376e-03 9.997784377634152397e-01 -1.991768953080593971e-02 -1.511516999999999999e-01 -9.998590961879118000e-01 6.501117350540566026e-03 -1.547653848530505805e-02 5.119113900000000328e+00
-1.649839140115160266e-02 9.050226431588006409e-03 9.998229325649174992e-01 7.666863999999999901e-01 1.250191295254166925e-03 9.999584397632076405e-01 -9.030823221423570774e-03 -1.543120000000000047e-01 -9.998631106821072034e-01 1.100975870906500259e-03 -1.650902023840317145e-02 5.118727200000000366e+00
-1.578601656439867704e-02 1.432477085523865129e-02 9.997727754949988777e-01 8.583950000000000191e-01 1.745818004439333992e-03 9.998962403467394067e-01 -1.429897408735419234e-02 -1.577970999999999957e-01 -9.998738689457405959e-01 1.519697470010571670e-03 -1.580938705566214963e-02 5.117992400000000330e+00
-1.417407157977157439e-02 3.081253344034774397e-02 9.994246762402051454e-01 9.491239000000000203e-01 5.487150846743536065e-03 9.995124322650434934e-01 -3.073741894177118086e-02 -1.606431000000000109e-01 -9.998844867635644507e-01 5.048319582229735675e-03 -1.433623377875381522e-02 5.116693500000000228e+00
-1.331152863693121045e-02 2.531846793037212731e-02 9.995908054734230497e-01 9.950687999999999755e-01 7.006320583921459705e-03 9.996572000850495465e-01 -2.522684661218302371e-02 -1.625642999999999949e-01 -9.998868509372564883e-01 6.667645744789526749e-03 -1.348435474906051201e-02 5.116393600000000319e+00
-1.239976784600362383e-02 1.513442206947404264e-02 9.998085791920310328e-01 1.131001399999999935e+00 1.045307598314493269e-02 9.998327753889049152e-01 -1.500514780367796265e-02 -1.677924000000000082e-01 -9.998684808312818806e-01 1.026501469763389969e-02 -1.255589556350111824e-02 5.115194299999999750e+00
-1.352451886192214403e-02 1.605884616516457808e-02 9.997795761313575946e-01 1.175507999999999997e+00 7.462337774610455082e-03 9.998448007186095943e-01 -1.595894704864095348e-02 -1.693500000000000005e-01 -9.998806933352054616e-01 7.244855816873298736e-03 -1.364225640066862866e-02 5.115087499999999565e+00
-1.555150890214942322e-02 1.620849684447059347e-02 9.997476857692191299e-01 1.219838699999999942e+00 5.511890417504759256e-03 9.998547993436885939e-01 -1.612449358639143904e-02 -1.708755000000000135e-01 -9.998638755525133259e-01 5.259739483562498458e-03 -1.563859027128944312e-02 5.114747999999999628e+00
-2.018246968853485562e-02 1.636113503636583977e-02 9.996624336132637900e-01 1.308770800000000012e+00 3.769666437006823599e-03 9.998602312440875162e-01 -1.628826545319094626e-02 -1.742696999999999996e-01 -9.997892065491729152e-01 3.439656500540642925e-03 -2.024132483147311756e-02 5.113766199999999706e+00
-2.435767287019142621e-02 1.584617284215752639e-02 9.995777121257781728e-01 1.396343799999999913e+00 -2.095470977660218725e-06 9.998743661669066141e-01 -1.585092672166982936e-02 -1.772675999999999974e-01 -9.997033078708691400e-01 -3.881862738614851385e-04 -2.435457951718822400e-02 5.112331900000000040e+00
-2.674230817094974677e-02 1.474393042532777531e-02 9.995336239813559231e-01 1.439566300000000076e+00 7.203221761017467029e-04 9.998912491823713777e-01 -1.472993362102033819e-02 -1.788443000000000116e-01 -9.996421009989786555e-01 3.260738108821527315e-04 -2.675002030311912637e-02 5.111513600000000324e+00
-3.043146304909927213e-02 1.581639575145393078e-02 9.994117107989700655e-01 1.525333400000000061e+00 1.409169223376399022e-04 9.998748549865796864e-01 -1.581943450276461494e-02 -1.817863000000000118e-01 -9.995368458436696413e-01 -3.405745140945479199e-04 -3.042988350105935158e-02 5.109113200000000354e+00
-3.285528581220076988e-02 1.497919662579489178e-02 9.993478642908304455e-01 1.610133299999999990e+00 3.008339982660090083e-03 9.998846369878416906e-01 -1.488833792741450779e-02 -1.847370000000000123e-01 -9.994555918522578519e-01 2.517217538858241427e-03 -3.289655804358160296e-02 5.106691800000000114e+00
-3.583989687917633199e-02 1.395979154529924417e-02 9.992600392348839344e-01 1.693948500000000079e+00 1.968157658507651078e-03 9.999014788746646287e-01 -1.389816173779708473e-02 -1.876908999999999939e-01 -9.993556064520382476e-01 1.468592615568031778e-03 -3.586384096284489509e-02 5.104294799999999910e+00
-3.744207082163639871e-02 1.312007144944558543e-02 9.992126675827068816e-01 1.735281800000000096e+00 2.772391073050080659e-04 9.999139052204039091e-01 -1.311889040118738997e-02 -1.890513000000000055e-01 -9.992987613677228875e-01 -2.141775955340572551e-04 -3.744248465169786044e-02 5.103347300000000253e+00
-3.826960426180230079e-02 1.195386441408913258e-02 9.991959480078040912e-01 1.775120400000000043e+00 -5.126751729602491842e-04 9.999280787314304142e-01 -1.198225891212950645e-02 -1.904580999999999913e-01 -9.992673188660838868e-01 -9.708192621957325089e-04 -3.826072341381014930e-02 5.102084200000000180e+00
-3.933691030170280434e-02 1.403989266227863124e-02 9.991273637039208566e-01 1.852425800000000011e+00 -3.005561427278039682e-04 9.999010716054952397e-01 -1.406259820187377024e-02 -1.934011999999999953e-01 -9.992259590072309905e-01 -8.534730306046485818e-04 -3.932879898833896437e-02 5.099580800000000025e+00
-3.989225433113722380e-02 1.684123666279118553e-02 9.990620505214116154e-01 1.890772899999999979e+00 -2.343809492620137908e-04 9.998577650206069700e-01 -1.686400882256186562e-02 -1.947436999999999918e-01 -9.992039597149073860e-01 -9.069044407650460327e-04 -3.988263299212868596e-02 5.098485900000000015e+00
-4.003805570801526048e-02 1.847105314384363262e-02 9.990274141838547672e-01 1.928801699999999952e+00 -2.130109813569744381e-03 9.998252718132681904e-01 -1.857117324528822361e-02 -1.962160000000000015e-01 -9.991958850632361999e-01 -2.871591767936288939e-03 -3.999171455957251098e-02 5.097378700000000151e+00
-4.014438120532899668e-02 1.960823281465014917e-02 9.990014744050819129e-01 1.966709999999999958e+00 -1.255126340695791529e-03 9.998056513790934963e-01 -1.967445369750894096e-02 -1.975592999999999932e-01 -9.991931011148496022e-01 -2.043691834159146528e-03 -4.011196839070441111e-02 5.096102700000000318e+00
-4.029228938830475837e-02 1.927507767703569644e-02 9.990020033995895554e-01 2.004501600000000217e+00 -3.239915439305698919e-04 9.998136117099576392e-01 -1.930380452060100060e-02 -1.990714000000000095e-01 -9.991878834560238287e-01 -1.101462679510485307e-03 -4.027853441520778954e-02 5.094680300000000273e+00
-4.062113567015249865e-02 1.880208171132163528e-02 9.989977002276771989e-01 2.041774999999999896e+00 6.403006594825760844e-04 9.998232175877049821e-01 -1.879158289325751074e-02 -2.004565000000000097e-01 -9.991744158813978816e-01 -1.236765518865690777e-04 -4.062599355311802274e-02 5.093473399999999707e+00
-4.248752735873811970e-02 1.666657557088654582e-02 9.989579747305092905e-01 2.189823599999999981e+00 -4.267817685438411897e-03 9.998487018017181427e-01 -1.686295459350802342e-02 -2.063229000000000035e-01 -9.990878818958544016e-01 -4.979835756205430036e-03 -4.240996916642214565e-02 5.089052200000000248e+00
-4.610590452514479881e-02 1.600025359680543047e-02 9.988084087815621848e-01 2.225920400000000132e+00 -7.688968514004941926e-03 9.998364110178433739e-01 -1.637165129572414751e-02 -2.076879000000000086e-01 -9.989069653031302787e-01 -8.434636198204427393e-03 -4.597533666103015282e-02 5.087670300000000090e+00
-5.740064712507226413e-02 1.928088656069345749e-02 9.981650229912170103e-01 2.297135799999999950e+00 -7.943846590841213695e-03 9.997730198093990328e-01 -1.976876734994266818e-02 -2.103860999999999926e-01 -9.983196186647661508e-01 -9.064009853737425848e-03 -5.723445391027359719e-02 5.084285699999999686e+00
-7.738875944999999701e-02 2.292500518303492232e-02 9.967373897111253545e-01 2.405167599999999961e+00 -1.016822283016035819e-02 9.996654598767868993e-01 -2.378183285216537921e-02 -2.145021000000000011e-01 -9.969491397033583002e-01 -1.197549442361144426e-02 -7.712976324379461346e-02 5.076600100000000282e+00
-8.266175382998973420e-02 2.167401885081577870e-02 9.963419449971002706e-01 2.441821099999999856e+00 -1.060652447416145575e-02 9.996877166008870663e-01 -2.262677431459247934e-02 -2.160150999999999877e-01 -9.965212170808654957e-01 -1.243809407260494659e-02 -8.240605392513244976e-02 5.073757200000000189e+00
-8.736745509920658403e-02 2.231217401688801241e-02 9.959262496189810188e-01 2.478451300000000135e+00 -1.260867511490699686e-02 9.996442856197568227e-01 -2.350156462052524833e-02 -2.173954999999999915e-01 -9.960963553298122219e-01 -1.461058241159833224e-02 -8.705505028577631421e-02 5.070724000000000231e+00
-9.449200271598570677e-02 1.823357073414433316e-02 9.953586279934510950e-01 2.553528299999999973e+00 -1.448615297921683649e-02 9.997012158946450011e-01 -1.968832930015088079e-02 -2.201054000000000066e-01 -9.954202192012101547e-01 -1.627930701999958513e-02 -9.419963571247880196e-02 5.064440300000000228e+00
-9.797544106617567250e-02 1.226776957307057318e-02 9.951132170650686115e-01 2.630063999999999957e+00 -1.330766294388763434e-02 9.998184662888056629e-01 -1.363600289205285122e-02 -2.228567999999999938e-01 -9.950998538110936709e-01 -1.457862468143815253e-02 -9.779439987820137681e-02 5.057234799999999808e+00
-9.997994416583827482e-02 1.579548452430193373e-02 9.948640678169248242e-01 2.707839700000000072e+00 -1.244284095693219683e-02 9.997759483101958944e-01 -1.712392739324106530e-02 -2.250989999999999935e-01 -9.949116475715401586e-01 -1.409098467428870731e-02 -9.976100278862787274e-02 5.050070800000000304e+00
-1.001724984576420202e-01 1.965896786741318236e-02 9.947758519059162197e-01 2.747186699999999870e+00 -6.481970498953606823e-03 9.997706734854142629e-01 -2.041040168570657301e-02 -2.265162000000000009e-01 -9.949489708579049019e-01 -8.492668656506892344e-03 -1.000220973979569772e-01 5.045813100000000162e+00
-1.013309629820067226e-01 2.567296763670010029e-02 9.945214601374193775e-01 2.826679899999999801e+00 1.660466863217869779e-03 9.996699470430356893e-01 -2.563668911482815810e-02 -2.293967000000000089e-01 -9.948513852786936562e-01 -9.464204663586234939e-04 -1.013401475100836890e-01 5.037337299999999907e+00
-1.021554705367022781e-01 1.635159194957296058e-02 9.946340459084132002e-01 2.947345499999999952e+00 1.969625081001668068e-03 9.998662586178636014e-01 -1.623531504331977848e-02 -2.340212000000000125e-01 -9.947664954231546508e-01 3.005299156774426245e-04 -1.021740146284980666e-01 5.025530800000000298e+00
-1.031583312588441881e-01 1.603654155937206394e-02 9.945356645323003564e-01 2.987175199999999808e+00 2.092220929177161966e-03 9.998713095880324975e-01 -1.590556111227296038e-02 -2.354501999999999984e-01 -9.946627475197175050e-01 4.399971900699468919e-04 -1.031786077585787886e-01 5.021514899999999670e+00
-1.049737075383058021e-01 1.717335145852693506e-02 9.943267052258750738e-01 3.026619000000000170e+00 1.031117716633965509e-03 9.998522259364087672e-01 -1.715992675576075155e-02 -2.368892999999999971e-01 -9.944744629812858339e-01 -7.760732507572989936e-04 -1.049759028939154515e-01 5.017622900000000108e+00
-1.072910685536696551e-01 1.771988288095881214e-02 9.940697321412098608e-01 3.066090599999999888e+00 1.987977806354838950e-04 9.998415243274058062e-01 -1.780131203288338321e-02 -2.382884000000000113e-01 -9.942276334361533907e-01 -1.712302933118772102e-03 -1.072775882028070837e-01 5.013702900000000184e+00
-1.094213297967427251e-01 1.774403542433755643e-02 9.938370700433609706e-01 3.105551499999999798e+00 1.091910803219950377e-03 9.998421966641957148e-01 -1.773103213334593573e-02 -2.398283999999999971e-01 -9.939948593007461586e-01 -8.549716812786822828e-04 -1.094234376498651740e-01 5.009399400000000391e+00
-1.113240016242274671e-01 1.800478119677420552e-02 9.936210517679389120e-01 3.145262199999999897e+00 1.163047726233453968e-03 9.998375422214983432e-01 -1.798711996012380271e-02 -2.410564000000000040e-01 -9.937834844584383376e-01 -8.467694666596040087e-04 -1.113268565940619403e-01 5.004987700000000039e+00
-1.133096927008841320e-01 1.755315565240826020e-02 9.934046508179197321e-01 3.184908200000000189e+00 1.239698380922646739e-03 9.998456469711030081e-01 -1.752556363889375135e-02 -2.425531999999999966e-01 -9.935589447475952074e-01 -7.542940931128446630e-04 -1.133139636252546989e-01 5.000606099999999721e+00
-1.149298566241609559e-01 1.799609237125772768e-02 9.932105862885849401e-01 3.224586700000000139e+00 -9.780538279064270035e-04 9.998333547318184467e-01 -1.822926702934839910e-02 -2.437917000000000001e-01 -9.933731280173927480e-01 -3.066500461883294414e-03 -1.148931029603507126e-01 4.996420399999999873e+00
-1.187139102970164450e-01 2.052024112197767952e-02 9.927164384688550447e-01 3.345540999999999876e+00 -1.807726344876912569e-03 9.997803039117864055e-01 -2.088243365889587422e-02 -2.478660000000000030e-01 -9.929268551245121754e-01 -4.273595014978089773e-03 -1.186507343348282006e-01 4.983316399999999646e+00
-1.196807367964718566e-01 1.851637317894246765e-02 9.926397459119555844e-01 3.386658000000000168e+00 -1.602272822257409801e-03 9.998211613217802274e-01 -1.884351599277338946e-02 -2.494110999999999967e-01 -9.928111371059737955e-01 -3.845685565018446689e-03 -1.196296649701833470e-01 4.978349699999999878e+00
-1.206841073816363880e-01 1.623696488486483375e-02 9.925581631304158936e-01 3.427807800000000071e+00 -4.003435942431373892e-03 9.998501312640974970e-01 -1.684302561364148243e-02 -2.507499999999999729e-01 -9.926828893086414585e-01 -6.006328537018331727e-03 -1.206010169582035774e-01 4.973722900000000280e+00
-1.245410346598445073e-01 1.341159846808894635e-02 9.921238126929449175e-01 3.511124099999999970e+00 -5.627045410151847171e-03 9.998830166146446263e-01 -1.422284941740689646e-02 -2.535970000000000169e-01 -9.921985018361029196e-01 -7.354054128771211202e-03 -1.244509977543917234e-01 4.963741800000000204e+00
-1.263099759484396789e-01 1.404796078194072567e-02 9.918913472622765681e-01 3.553066299999999789e+00 -4.434684803710065883e-03 9.998817344461338186e-01 -1.472585113610376528e-02 -2.548328999999999733e-01 -9.919809088619582216e-01 -6.258747387457088383e-03 -1.262327395509725836e-01 4.958421200000000084e+00
-1.287141630173903317e-01 1.533872796637676325e-02 9.915631032178972015e-01 3.595405599999999868e+00 -4.855608476526794559e-03 9.998586390906725185e-01 -1.609735699023104316e-02 -2.561029000000000222e-01 -9.916698479358215801e-01 -6.886600040785758117e-03 -1.286214890087301610e-01 4.953280000000000349e+00
-1.305494508443766077e-01 2.272584322668758788e-02 9.911813037652935643e-01 3.680483300000000124e+00 -1.574352400226330592e-03 9.997312438118642897e-01 -2.312923606396379700e-02 -2.590549999999999797e-01 -9.914405490490848516e-01 -4.579977731242789243e-03 -1.304785863857733652e-01 4.942206399999999888e+00
-1.311326264988100510e-01 2.767473657198585985e-02 9.909784776791039640e-01 3.766971299999999800e+00 1.963129109062931518e-03 9.996155673547015841e-01 -2.765616796013264933e-02 -2.624451999999999896e-01 -9.913628903643834089e-01 -1.681207247517713457e-03 -1.311365439172703651e-01 4.930645900000000026e+00
-1.309480719000450655e-01 2.700417353133924975e-02 9.910213807368385419e-01 3.810887600000000042e+00 5.416878643498079446e-03 9.996335244606660009e-01 -2.652308805754952439e-02 -2.642801000000000178e-01 -9.913744297143346484e-01 1.895095310592138232e-03 -1.310463609656580264e-01 4.924870499999999929e+00
-1.305044821635121532e-01 2.487228829321607576e-02 9.911356866798267662e-01 3.854972800000000088e+00 5.863020831026688473e-03 9.996871565840106388e-01 -2.431489148054548355e-02 -2.661550999999999778e-01 -9.914303833966192636e-01 2.637846855847171892e-03 -1.306094814398885973e-01 4.919085500000000444e+00
-1.298709184329093491e-01 2.303846610914941917e-02 9.912632211601162258e-01 3.899333200000000055e+00 5.123055361339912475e-03 9.997322720148619224e-01 -2.256409971097333989e-02 -2.679960000000000120e-01 -9.915176745016482940e-01 2.147876006587546432e-03 -1.299541756909068368e-01 4.913407799999999881e+00
