9.999931e-01 -2.475044e-03 -2.755837e-03 1.173954e-03 2.468662e-03 9.999942e-01 -2.316828e-03 -2.241474e-02 2.761556e-03 2.310009e-03 9.999935e-01 1.127607e+00
9.999675e-01 -4.648687e-03 -6.595320e-03 -1.508128e-02 4.612815e-03 9.999745e-01 -5.443974e-03 -5.922720e-02 6.620460e-03 5.413373e-03 9.999634e-01 2.251296e+00
9.999413e-01 -7.134576e-03 -8.152763e-03 -2.040073e-02 7.072901e-03 9.999463e-01 -7.569121e-03 -7.423248e-02 8.206328e-03 7.511012e-03 9.999381e-01 2.816072e+00
9.998884e-01 -8.811524e-03 -1.206613e-02 -5.593704e-02 8.715868e-03 9.999303e-01 -7.957589e-03 -1.348021e-01 1.213540e-02 7.851533e-03 9.998955e-01 4.556204e+00
9.998780e-01 -8.278892e-03 -1.324786e-02 -7.008098e-02 8.141373e-03 9.999127e-01 -1.040105e-02 -1.575514e-01 1.333281e-02 1.029192e-02 9.998582e-01 5.150463e+00
9.998748e-01 -6.580037e-03 -1.439059e-02 -8.798198e-02 6.374276e-03 9.998774e-01 -1.429781e-02 -1.803479e-01 1.448291e-02 1.420429e-02 9.997942e-01 5.751285e+00
9.998258e-01 -8.672136e-05 -1.866531e-02 -1.645124e-01 5.358731e-05 9.999984e-01 -1.775663e-03 -2.542635e-01 1.866543e-02 1.774354e-03 9.998242e-01 8.302111e+00
9.998120e-01 1.004604e-03 -1.936675e-02 -1.844755e-01 -8.989153e-04 9.999846e-01 5.465141e-03 -2.738044e-01 1.937194e-02 -5.446702e-03 9.997975e-01 8.978383e+00
9.997369e-01 4.812930e-03 -2.242765e-02 -2.537940e-01 -5.013394e-03 9.999479e-01 -8.890577e-03 -3.091782e-01 2.238369e-02 9.000675e-03 9.997089e-01 1.106423e+01
9.997145e-01 2.620743e-03 -2.375049e-02 -2.701280e-01 -2.819209e-03 9.999613e-01 -8.326642e-03 -3.152238e-01 2.372775e-02 8.391221e-03 9.996832e-01 1.179839e+01
9.997063e-01 1.893748e-03 -2.416094e-02 -2.821162e-01 -1.858131e-03 9.999971e-01 1.496504e-03 -3.207015e-01 2.416371e-02 -1.451169e-03 9.997070e-01 1.255870e+01
9.996966e-01 1.625146e-03 -2.457882e-02 -2.962122e-01 -1.393167e-03 9.999543e-01 9.452361e-03 -3.252216e-01 2.459306e-02 -9.415248e-03 9.996532e-01 1.333520e+01
9.997041e-01 5.747479e-05 -2.432655e-02 -3.585571e-01 6.660546e-05 9.999870e-01 5.099768e-03 -3.310784e-01 2.432653e-02 -5.099877e-03 9.996911e-01 1.658175e+01
9.997240e-01 -2.636624e-03 -2.334610e-02 -3.661096e-01 2.632565e-03 9.999965e-01 -2.046126e-04 -3.374209e-01 2.334656e-02 1.430967e-04 9.997274e-01 1.742810e+01
9.997263e-01 -5.544119e-03 -2.272786e-02 -3.686442e-01 5.399776e-03 9.999649e-01 -6.407463e-03 -3.506532e-01 2.276259e-02 6.282984e-03 9.997212e-01 1.828806e+01
9.997622e-01 -3.422674e-03 -2.153588e-02 -4.065575e-01 3.148129e-03 9.999135e-01 -1.276932e-02 -4.078809e-01 2.157773e-02 1.269848e-02 9.996865e-01 2.099062e+01
9.997643e-01 4.013694e-03 -2.133588e-02 -4.507315e-01 -4.371519e-03 9.998501e-01 -1.675089e-02 -4.913797e-01 2.126545e-02 1.684021e-02 9.996320e-01 2.384921e+01
9.997180e-01 8.169161e-03 -2.229874e-02 -5.464848e-01 -8.471998e-03 9.998727e-01 -1.352028e-02 -6.430976e-01 2.218546e-02 1.370538e-02 9.996599e-01 2.880310e+01
9.997048e-01 8.828655e-03 -2.263483e-02 -5.679163e-01 -9.107452e-03 9.998835e-01 -1.224376e-02 -6.738450e-01 2.252410e-02 1.244629e-02 9.996688e-01 2.981730e+01
9.996909e-01 9.758370e-03 -2.286542e-02 -6.113853e-01 -1.008382e-02 9.998488e-01 -1.416135e-02 -7.344817e-01 2.272378e-02 1.438754e-02 9.996383e-01 3.186663e+01
9.996851e-01 9.563056e-03 -2.320037e-02 -6.341856e-01 -9.875840e-03 9.998614e-01 -1.340487e-02 -7.658540e-01 2.306896e-02 1.362977e-02 9.996410e-01 3.290250e+01
9.996390e-01 9.218534e-03 -2.523677e-02 -7.318157e-01 -9.321934e-03 9.999486e-01 -3.982562e-03 -8.792448e-01 2.519876e-02 4.216380e-03 9.996736e-01 3.712992e+01
9.996235e-01 8.853187e-03 -2.597288e-02 -7.637420e-01 -9.008680e-03 9.999421e-01 -5.875766e-03 -9.173898e-01 2.591936e-02 6.107535e-03 9.996454e-01 3.927699e+01
9.995911e-01 8.601039e-03 -2.727063e-02 -8.119808e-01 -8.683288e-03 9.999581e-01 -2.898948e-03 -9.707248e-01 2.724456e-02 3.134561e-03 9.996239e-01 4.143101e+01
9.995472e-01 1.022000e-02 -2.830096e-02 -8.709114e-01 -1.022405e-02 9.999477e-01 1.828267e-06 -1.026979e+00 2.829950e-02 2.875237e-04 9.995995e-01 4.358049e+01
9.995279e-01 1.094395e-02 -2.871053e-02 -9.059963e-01 -1.106491e-02 9.999305e-01 -4.057536e-03 -1.047970e+00 2.866413e-02 4.373300e-03 9.995795e-01 4.464539e+01
9.994940e-01 1.312039e-02 -2.897767e-02 -9.815092e-01 -1.338944e-02 9.998688e-01 -9.110188e-03 -1.088166e+00 2.885435e-02 9.493571e-03 9.995386e-01 4.677981e+01
9.994919e-01 1.417720e-02 -2.854922e-02 -1.050114e+00 -1.429880e-02 9.998895e-01 -4.059449e-03 -1.131381e+00 2.848852e-02 4.465605e-03 9.995842e-01 4.893463e+01
9.995220e-01 1.204172e-02 -2.847356e-02 -1.079496e+00 -1.212515e-02 9.999227e-01 -2.758982e-03 -1.149441e+00 2.843813e-02 3.102909e-03 9.995907e-01 5.001065e+01
9.995465e-01 1.194244e-02 -2.764414e-02 -1.177502e+00 -1.216294e-02 9.998954e-01 -7.821636e-03 -1.200275e+00 2.754784e-02 8.154322e-03 9.995872e-01 5.323263e+01
9.995598e-01 1.097808e-02 -2.756386e-02 -1.210486e+00 -1.125243e-02 9.998885e-01 -9.817640e-03 -1.221230e+00 2.745301e-02 1.012348e-02 9.995718e-01 5.430647e+01
9.996076e-01 6.482936e-03 -2.724986e-02 -1.319412e+00 -6.848565e-03 9.998875e-01 -1.334574e-02 -1.300079e+00 2.716028e-02 1.352712e-02 9.995396e-01 5.751446e+01
9.996159e-01 5.272756e-03 -2.720940e-02 -1.352181e+00 -5.472263e-03 9.999586e-01 -7.262988e-03 -1.322688e+00 2.716998e-02 7.409094e-03 9.996034e-01 5.860062e+01
9.996383e-01 2.508970e-03 -2.677796e-02 -1.418009e+00 -2.506310e-03 9.999968e-01 1.329272e-04 -1.354327e+00 2.677822e-02 -6.576443e-05 9.996414e-01 6.076851e+01
9.996473e-01 -6.622685e-04 -2.654826e-02 -1.444555e+00 5.799434e-04 9.999950e-01 -3.108548e-03 -1.364859e+00 2.655019e-02 3.092056e-03 9.996427e-01 6.184743e+01
9.996453e-01 -2.548634e-03 -2.651046e-02 -1.469495e+00 2.379543e-03 9.999766e-01 -6.407902e-03 -1.377471e+00 2.652617e-02 6.342545e-03 9.996280e-01 6.292513e+01
9.996614e-01 1.995361e-03 -2.594344e-02 -1.558768e+00 -2.403038e-03 9.998740e-01 -1.569239e-02 -1.436238e+00 2.590886e-02 1.574942e-02 9.995402e-01 6.616971e+01
9.996582e-01 8.312834e-03 -2.478541e-02 -1.623511e+00 -8.549643e-03 9.999186e-01 -9.463685e-03 -1.483749e+00 2.470473e-02 9.672356e-03 9.996480e-01 6.834968e+01
9.996743e-01 6.096033e-03 -2.478355e-02 -1.673162e+00 -6.302831e-03 9.999459e-01 -8.274537e-03 -1.522851e+00 2.473177e-02 8.428047e-03 9.996586e-01 7.052233e+01
9.996733e-01 4.970250e-03 -2.507073e-02 -1.697570e+00 -5.144801e-03 9.999629e-01 -6.902635e-03 -1.542287e+00 2.503550e-02 7.029363e-03 9.996619e-01 7.160597e+01
9.996575e-01 2.220552e-03 -2.607526e-02 -1.754602e+00 -2.302257e-03 9.999925e-01 -3.103834e-03 -1.593458e+00 2.606817e-02 3.162804e-03 9.996552e-01 7.376891e+01
9.996433e-01 1.479137e-03 -2.666623e-02 -1.784427e+00 -1.590559e-03 9.999901e-01 -4.157630e-03 -1.618953e+00 2.665981e-02 4.198561e-03 9.996358e-01 7.484293e+01
9.996101e-01 2.133806e-03 -2.783910e-02 -1.852271e+00 -2.424651e-03 9.999428e-01 -1.041780e-02 -1.670698e+00 2.781528e-02 1.048123e-02 9.995581e-01 7.698007e+01
9.995891e-01 4.233092e-03 -2.834910e-02 -1.892754e+00 -4.483809e-03 9.999513e-01 -8.786135e-03 -1.702097e+00 2.831053e-02 8.909636e-03 9.995595e-01 7.804464e+01
9.995209e-01 7.994852e-03 -2.990165e-02 -2.009246e+00 -7.977963e-03 9.999679e-01 6.841464e-04 -1.780033e+00 2.990617e-02 -4.452634e-04 9.995526e-01 8.124100e+01
9.994882e-01 7.555003e-03 -3.108412e-02 -2.082196e+00 -7.642022e-03 9.999672e-01 -2.681568e-03 -1.819154e+00 3.106284e-02 2.917741e-03 9.995132e-01 8.334260e+01
9.994607e-01 5.955976e-03 -3.229184e-02 -2.152257e+00 -6.031653e-03 9.999793e-01 -2.246562e-03 -1.854735e+00 3.227779e-02 2.440124e-03 9.994760e-01 8.540636e+01
9.994314e-01 4.756684e-03 -3.338168e-02 -2.224921e+00 -4.695592e-03 9.999871e-01 1.908273e-03 -1.889129e+00 3.339033e-02 -1.750440e-03 9.994409e-01 8.741070e+01
9.990684e-01 2.186699e-03 -4.309936e-02 -2.390135e+00 -2.107826e-03 9.999960e-01 1.875411e-03 -1.972736e+00 4.310329e-02 -1.782817e-03 9.990690e-01 9.117072e+01
9.989307e-01 1.832805e-03 -4.619660e-02 -2.434745e+00 -1.755145e-03 9.999970e-01 1.721603e-03 -1.993637e+00 4.619962e-02 -1.638679e-03 9.989309e-01 9.205518e+01
9.981360e-01 8.546321e-03 -6.042826e-02 -2.709824e+00 -8.117173e-03 9.999401e-01 7.343723e-03 -2.104835e+00 6.048741e-02 -6.839525e-03 9.981455e-01 9.611060e+01
9.977683e-01 1.184201e-02 -6.571358e-02 -2.827593e+00 -1.166772e-02 9.999273e-01 3.035422e-03 -2.149905e+00 6.574475e-02 -2.261919e-03 9.978339e-01 9.753308e+01
9.980865e-01 2.769474e-02 -5.528438e-02 -3.162399e+00 -2.768287e-02 9.996162e-01 9.807221e-04 -2.311035e+00 5.529033e-02 5.515859e-04 9.984702e-01 1.016363e+02
9.990500e-01 2.711620e-02 -3.411624e-02 -3.196722e+00 -2.696659e-02 9.996246e-01 4.838232e-03 -2.349063e+00 3.423463e-02 -3.913635e-03 9.994062e-01 1.026043e+02
9.389078e-01 8.082927e-03 3.440738e-01 -2.279365e+00 -2.030353e-03 9.998368e-01 -1.794759e-02 -2.601080e+00 -3.441628e-01 1.615254e-02 9.387711e-01 1.076167e+02
8.787762e-01 5.396942e-03 4.772036e-01 -1.720225e+00 2.468528e-03 9.998712e-01 -1.585389e-02 -2.641910e+00 -4.772278e-01 1.511000e-02 8.786497e-01 1.085153e+02
6.876532e-01 2.243150e-02 7.256927e-01 -2.466359e-01 7.842081e-04 9.994991e-01 -3.163809e-02 -2.712112e+00 -7.260389e-01 2.232512e-02 6.872911e-01 1.100156e+02
6.035009e-01 1.731669e-02 7.971742e-01 3.744581e-01 6.707206e-03 9.996185e-01 -2.679201e-02 -2.732922e+00 -7.973341e-01 2.151581e-02 6.031545e-01 1.104040e+02
5.100162e-01 1.318785e-02 8.600637e-01 1.049532e+00 9.403782e-03 9.997372e-01 -2.090598e-02 -2.753607e+00 -8.601135e-01 1.875023e-02 5.097581e-01 1.107304e+02
3.572424e-01 1.240740e-02 9.339293e-01 2.148919e+00 6.274944e-03 9.998573e-01 -1.568353e-02 -2.788461e+00 -9.339906e-01 1.146317e-02 3.571136e-01 1.111029e+02
3.067219e-01 1.787320e-02 9.516313e-01 2.533142e+00 5.747217e-03 9.997706e-01 -2.062973e-02 -2.796272e+00 -9.517819e-01 1.179682e-02 3.065488e-01 1.111851e+02
2.598207e-01 2.006224e-02 9.654484e-01 2.934626e+00 7.048719e-03 9.997181e-01 -2.267132e-02 -2.806532e+00 -9.656312e-01 1.269565e-02 2.596061e-01 1.112656e+02
1.822823e-01 1.918248e-02 9.830591e-01 3.783818e+00 2.177190e-02 9.994858e-01 -2.354004e-02 -2.829807e+00 -9.830052e-01 2.569399e-02 1.817710e-01 1.113644e+02
1.229001e-01 1.931907e-02 9.922310e-01 4.690755e+00 2.545091e-02 9.994203e-01 -2.261146e-02 -2.856964e+00 -9.920927e-01 2.803212e-02 1.223372e-01 1.114470e+02
9.696370e-02 1.560921e-02 9.951655e-01 5.173439e+00 1.880566e-02 9.996698e-01 -1.751219e-02 -2.871679e+00 -9.951103e-01 2.041278e-02 9.663814e-02 1.114895e+02
7.261944e-02 1.214445e-02 9.972858e-01 5.672652e+00 1.372028e-02 9.998191e-01 -1.317437e-02 -2.886056e+00 -9.972654e-01 1.463975e-02 7.243968e-02 1.115178e+02
4.961925e-02 8.990929e-03 9.987277e-01 6.192944e+00 1.713408e-02 9.998046e-01 -9.851892e-03 -2.902144e+00 -9.986213e-01 1.760112e-02 4.945550e-02 1.115272e+02
1.095538e-02 1.122155e-02 9.998770e-01 7.282318e+00 2.994530e-02 9.994848e-01 -1.154526e-02 -2.930539e+00 -9.994915e-01 3.006809e-02 1.061370e-02 1.115004e+02
-1.522981e-02 2.191925e-02 9.996437e-01 8.447661e+00 2.859550e-02 9.993603e-01 -2.147739e-02 -2.943016e+00 -9.994751e-01 2.825821e-02 -1.584686e-02 1.114822e+02
-2.312930e-02 1.652093e-02 9.995959e-01 1.104173e+01 3.862182e-02 9.991318e-01 -1.561960e-02 -2.993917e+00 -9.989862e-01 3.824493e-02 -2.374729e-02 1.113977e+02
-2.174809e-02 1.639419e-02 9.996290e-01 1.173050e+01 3.415289e-02 9.992941e-01 -1.564567e-02 -3.009754e+00 -9.991800e-01 3.379994e-02 -2.229265e-02 1.113912e+02
-2.066774e-02 1.829032e-02 9.996191e-01 1.244057e+01 3.375051e-02 9.992755e-01 -1.758623e-02 -3.020980e+00 -9.992166e-01 3.337418e-02 -2.127008e-02 1.113766e+02
-1.940800e-02 1.845005e-02 9.996414e-01 1.390220e+01 3.300790e-02 9.992965e-01 -1.780284e-02 -3.051223e+00 -9.992667e-01 3.265054e-02 -2.000334e-02 1.113451e+02
-1.820959e-02 1.570494e-02 9.997108e-01 1.542377e+01 3.246256e-02 9.993587e-01 -1.510811e-02 -3.095311e+00 -9.993071e-01 3.217805e-02 -1.870774e-02 1.113240e+02
-1.880614e-02 1.351924e-02 9.997317e-01 1.620084e+01 3.332321e-02 9.993615e-01 -1.288739e-02 -3.118178e+00 -9.992677e-01 3.307190e-02 -1.924464e-02 1.113091e+02
-2.322968e-02 8.366561e-03 9.996951e-01 1.856541e+01 3.187309e-02 9.994628e-01 -7.623995e-03 -3.176463e+00 -9.992220e-01 3.168626e-02 -2.348387e-02 1.112519e+02
-2.447946e-02 7.293772e-03 9.996737e-01 1.937151e+01 3.473776e-02 9.993757e-01 -6.440963e-03 -3.193647e+00 -9.990966e-01 3.456875e-02 -2.471755e-02 1.112251e+02
-2.654199e-02 5.000474e-03 9.996352e-01 2.018791e+01 3.034893e-02 9.995305e-01 -4.194140e-03 -3.214056e+00 -9.991869e-01 3.022653e-02 -2.668129e-02 1.112066e+02
-2.742417e-02 9.939064e-03 9.995745e-01 2.100565e+01 2.777439e-02 9.995721e-01 -9.177032e-03 -3.232298e+00 -9.992380e-01 2.751089e-02 -2.768849e-02 1.111890e+02
-2.877537e-02 1.693819e-02 9.994424e-01 2.265838e+01 2.997996e-02 9.994212e-01 -1.607467e-02 -3.273148e+00 -9.991363e-01 2.950068e-02 -2.926652e-02 1.111497e+02
-3.049090e-02 -5.349902e-04 9.995349e-01 2.602725e+01 1.837372e-02 9.998306e-01 1.095637e-03 -3.370419e+00 -9.993662e-01 1.839858e-02 -3.047590e-02 1.110993e+02
-2.940461e-02 3.384421e-03 9.995618e-01 2.769648e+01 1.770798e-02 9.998391e-01 -2.864439e-03 -3.417654e+00 -9.994108e-01 1.761599e-02 -2.945981e-02 1.110665e+02
-2.823685e-02 1.516988e-02 9.994861e-01 2.851752e+01 2.033913e-02 9.996865e-01 -1.459832e-02 -3.439638e+00 -9.993944e-01 1.991646e-02 -2.853654e-02 1.110417e+02
-2.636109e-02 1.615497e-02 9.995219e-01 3.017178e+01 2.380199e-02 9.995961e-01 -1.552843e-02 -3.494748e+00 -9.993691e-01 2.338126e-02 -2.673496e-02 1.109962e+02
-2.452145e-02 5.048207e-03 9.996865e-01 3.182438e+01 2.812594e-02 9.995949e-01 -4.357843e-03 -3.550386e+00 -9.993036e-01 2.801026e-02 -2.465351e-02 1.109495e+02
-2.448426e-02 5.625083e-03 9.996844e-01 3.263728e+01 2.725401e-02 9.996162e-01 -4.957200e-03 -3.574008e+00 -9.993287e-01 2.712402e-02 -2.462818e-02 1.109310e+02
-2.711108e-02 6.831514e-03 9.996091e-01 3.425559e+01 2.235531e-02 9.997307e-01 -6.226037e-03 -3.619497e+00 -9.993825e-01 2.217777e-02 -2.725650e-02 1.108957e+02
-3.118245e-02 7.053685e-03 9.994888e-01 3.585953e+01 2.094508e-02 9.997601e-01 -6.402152e-03 -3.668997e+00 -9.992943e-01 2.073473e-02 -3.132271e-02 1.108521e+02
-3.323136e-02 7.280968e-03 9.994211e-01 3.665572e+01 1.909226e-02 9.997956e-01 -6.648872e-03 -3.692321e+00 -9.992653e-01 1.886025e-02 -3.336358e-02 1.108323e+02
-3.528758e-02 6.548349e-03 9.993557e-01 3.745030e+01 1.702129e-02 9.998374e-01 -5.950483e-03 -3.713275e+00 -9.992323e-01 1.680034e-02 -3.539330e-02 1.108119e+02
-3.931675e-02 4.742139e-03 9.992155e-01 3.902353e+01 1.720543e-02 9.998437e-01 -4.068132e-03 -3.764360e+00 -9.990787e-01 1.703198e-02 -3.939220e-02 1.107603e+02
-4.213293e-02 6.779929e-03 9.990890e-01 4.057553e+01 1.752921e-02 9.998280e-01 -6.045719e-03 -3.811300e+00 -9.989583e-01 1.725851e-02 -4.224453e-02 1.106977e+02
-4.335089e-02 5.462525e-03 9.990450e-01 4.134827e+01 1.953435e-02 9.997985e-01 -4.619010e-03 -3.834868e+00 -9.988689e-01 1.931545e-02 -4.344886e-02 1.106618e+02
-4.613078e-02 3.792299e-03 9.989282e-01 4.287606e+01 1.865418e-02 9.998217e-01 -2.934241e-03 -3.885455e+00 -9.987613e-01 1.849882e-02 -4.619330e-02 1.105935e+02
-4.752738e-02 2.697713e-03 9.988663e-01 4.362563e+01 1.682637e-02 9.998566e-01 -1.899772e-03 -3.908535e+00 -9.987282e-01 1.671699e-02 -4.756596e-02 1.105634e+02
-4.844212e-02 1.858945e-03 9.988242e-01 4.435901e+01 1.563944e-02 9.998771e-01 -1.102409e-03 -3.927506e+00 -9.987036e-01 1.556764e-02 -4.846524e-02 1.105329e+02
-4.963267e-02 3.439404e-03 9.987616e-01 4.577870e+01 1.594992e-02 9.998693e-01 -2.650604e-03 -3.968246e+00 -9.986402e-01 1.579861e-02 -4.968105e-02 1.104722e+02
-4.971655e-02 6.537549e-03 9.987420e-01 4.647919e+01 1.624219e-02 9.998516e-01 -5.736295e-03 -3.990288e+00 -9.986313e-01 1.593657e-02 -4.981536e-02 1.104407e+02
-4.991082e-02 8.104079e-03 9.987208e-01 4.717652e+01 1.435816e-02 9.998695e-01 -7.395860e-03 -4.011755e+00 -9.986505e-01 1.397065e-02 -5.002068e-02 1.104123e+02
-5.013018e-02 8.979031e-03 9.987023e-01 4.787113e+01 1.465636e-02 9.998585e-01 -8.253750e-03 -4.034285e+00 -9.986352e-01 1.422358e-02 -5.025469e-02 1.103817e+02
-5.087475e-02 8.507834e-03 9.986688e-01 4.993953e+01 1.311497e-02 9.998832e-01 -7.850075e-03 -4.093812e+00 -9.986190e-01 1.269814e-02 -5.098039e-02 1.102891e+02
-5.083338e-02 8.201674e-03 9.986735e-01 5.062365e+01 1.021682e-02 9.999182e-01 -7.691857e-03 -4.114385e+00 -9.986549e-01 9.812257e-03 -5.091302e-02 1.102629e+02
-5.069705e-02 6.789371e-03 9.986910e-01 5.129886e+01 1.208748e-02 9.999078e-01 -6.184045e-03 -4.131756e+00 -9.986410e-01 1.175814e-02 -5.077445e-02 1.102291e+02
-5.159813e-02 6.404684e-03 9.986474e-01 5.197172e+01 1.276125e-02 9.999020e-01 -5.753386e-03 -4.148661e+00 -9.985864e-01 1.244713e-02 -5.167481e-02 1.101946e+02
-7.232000e-02 1.209615e-02 9.973081e-01 5.462746e+01 1.154160e-02 9.998696e-01 -1.129028e-02 -4.221113e+00 -9.973147e-01 1.069401e-02 -7.245018e-02 1.100294e+02
-8.610102e-02 1.289271e-02 9.962030e-01 5.596874e+01 7.212257e-03 9.998981e-01 -1.231719e-02 -4.259740e+00 -9.962603e-01 6.124346e-03 -8.618523e-02 1.099227e+02
-9.601658e-02 1.227851e-02 9.953040e-01 5.732460e+01 4.243196e-03 9.999199e-01 -1.192612e-02 -4.305330e+00 -9.953707e-01 3.078162e-03 -9.606099e-02 1.097920e+02
-1.027987e-01 8.949224e-03 9.946619e-01 5.870923e+01 2.193170e-03 9.999591e-01 -8.770224e-03 -4.342226e+00 -9.946998e-01 1.279893e-03 -1.028142e-01 1.096525e+02
-1.045341e-01 5.579471e-03 9.945056e-01 5.941860e+01 3.960115e-03 9.999786e-01 -5.193927e-03 -4.360434e+00 -9.945134e-01 3.395412e-03 -1.045540e-01 1.095755e+02
-1.078470e-01 1.980980e-03 9.941655e-01 6.086806e+01 2.647993e-03 9.999950e-01 -1.705346e-03 -4.390954e+00 -9.941640e-01 2.448625e-03 -1.078517e-01 1.094297e+02
-1.085763e-01 5.064896e-03 9.940752e-01 6.159653e+01 4.061801e-03 9.999809e-01 -4.651347e-03 -4.404393e+00 -9.940799e-01 3.532707e-03 -1.085948e-01 1.093511e+02
-1.087612e-01 9.316179e-03 9.940242e-01 6.232941e+01 9.639908e-03 9.999189e-01 -8.316680e-03 -4.420348e+00 -9.940212e-01 8.677766e-03 -1.088422e-01 1.092651e+02
-1.106278e-01 1.354003e-02 9.937697e-01 6.456343e+01 1.662791e-02 9.997924e-01 -1.177106e-02 -4.476878e+00 -9.937228e-01 1.522211e-02 -1.108300e-01 1.090137e+02
-1.115464e-01 5.771519e-03 9.937424e-01 6.680584e+01 1.874394e-02 9.998174e-01 -3.702821e-03 -4.708747e+00 -9.935825e-01 1.821361e-02 -1.116343e-01 1.087907e+02
-1.133140e-01 6.359768e-03 9.935389e-01 6.754618e+01 1.731402e-02 9.998403e-01 -4.425430e-03 -4.789634e+00 -9.934084e-01 1.670068e-02 -1.134060e-01 1.087201e+02
-1.155968e-01 7.492320e-03 9.932679e-01 6.828567e+01 1.688045e-02 9.998419e-01 -5.577361e-03 -4.884585e+00 -9.931528e-01 1.612208e-02 -1.157050e-01 1.086478e+02
-1.177661e-01 7.254734e-03 9.930148e-01 6.902479e+01 1.758561e-02 9.998317e-01 -5.218985e-03 -4.946543e+00 -9.928857e-01 1.684815e-02 -1.178739e-01 1.085668e+02
-1.195878e-01 7.408337e-03 9.927960e-01 6.977011e+01 1.837544e-02 9.998174e-01 -5.247313e-03 -5.019805e+00 -9.926536e-01 1.761554e-02 -1.197021e-01 1.084826e+02
-1.216743e-01 7.133093e-03 9.925444e-01 7.051938e+01 1.797497e-02 9.998260e-01 -4.981908e-03 -5.072470e+00 -9.924073e-01 1.723478e-02 -1.217814e-01 1.083983e+02
-1.234095e-01 7.376899e-03 9.923284e-01 7.127406e+01 1.559289e-02 9.998633e-01 -5.493731e-03 -5.125756e+00 -9.922333e-01 1.479529e-02 -1.235077e-01 1.083160e+02
-1.267926e-01 9.328478e-03 9.918854e-01 7.355163e+01 1.435415e-02 9.998683e-01 -7.568673e-03 -5.250965e+00 -9.918254e-01 1.327801e-02 -1.269098e-01 1.080563e+02
-1.289397e-01 5.671148e-03 9.916362e-01 7.509805e+01 1.260751e-02 9.999122e-01 -4.079163e-03 -5.322302e+00 -9.915723e-01 1.197609e-02 -1.289999e-01 1.078742e+02
-1.306425e-01 3.493916e-03 9.914234e-01 7.587891e+01 9.506667e-03 9.999522e-01 -2.271259e-03 -5.352632e+00 -9.913840e-01 9.128405e-03 -1.306695e-01 1.077830e+02
-1.344690e-01 3.147963e-03 9.909128e-01 7.745431e+01 1.159636e-02 9.999315e-01 -1.602968e-03 -5.407645e+00 -9.908500e-01 1.127543e-02 -1.344963e-01 1.075825e+02
-1.366917e-01 4.086094e-03 9.906052e-01 7.824938e+01 1.100964e-02 9.999360e-01 -2.605389e-03 -5.427471e+00 -9.905525e-01 1.055006e-02 -1.367279e-01 1.074828e+02
-1.383602e-01 7.756543e-03 9.903516e-01 7.904660e+01 1.180350e-02 9.999112e-01 -6.182375e-03 -5.449247e+00 -9.903117e-01 1.083422e-02 -1.384395e-01 1.073781e+02
-1.385896e-01 1.198577e-02 9.902774e-01 7.984877e+01 1.431669e-02 9.998465e-01 -1.009797e-02 -5.474046e+00 -9.902464e-01 1.277801e-02 -1.387399e-01 1.072685e+02
-1.394963e-01 1.663944e-02 9.900828e-01 8.147409e+01 1.722002e-02 9.997483e-01 -1.437570e-02 -5.523123e+00 -9.900729e-01 1.504388e-02 -1.397477e-01 1.070489e+02
-1.390177e-01 1.633615e-02 9.901551e-01 8.229746e+01 2.133374e-02 9.996813e-01 -1.349807e-02 -5.550477e+00 -9.900601e-01 1.924724e-02 -1.393219e-01 1.069330e+02
-1.381253e-01 1.301215e-02 9.903293e-01 8.396282e+01 2.122319e-02 9.997230e-01 -1.017550e-02 -5.600569e+00 -9.901874e-01 1.961245e-02 -1.383632e-01 1.067162e+02
-1.347013e-01 7.330803e-03 9.908591e-01 8.565017e+01 2.069307e-02 9.997753e-01 -4.583676e-03 -5.645151e+00 -9.906702e-01 1.988649e-02 -1.348228e-01 1.064988e+02
-1.311869e-01 3.194230e-03 9.913525e-01 8.734879e+01 1.948757e-02 9.998099e-01 -6.426705e-04 -5.689906e+00 -9.911661e-01 1.923473e-02 -1.312243e-01 1.062858e+02
-1.297945e-01 7.040084e-03 9.915159e-01 8.819557e+01 2.040016e-02 9.997821e-01 -4.428295e-03 -5.717941e+00 -9.913311e-01 1.965231e-02 -1.299099e-01 1.061799e+02
-1.276834e-01 1.337617e-02 9.917248e-01 8.904327e+01 2.072071e-02 9.997268e-01 -1.081634e-02 -5.742522e+00 -9.915985e-01 1.916817e-02 -1.279257e-01 1.060757e+02
-1.234953e-01 1.196673e-02 9.922730e-01 9.162156e+01 1.793269e-02 9.997909e-01 -9.825554e-03 -5.830094e+00 -9.921832e-01 1.658070e-02 -1.236840e-01 1.057772e+02
-1.228619e-01 1.031533e-02 9.923702e-01 9.248727e+01 1.866495e-02 9.997931e-01 -8.081658e-03 -5.857296e+00 -9.922483e-01 1.752960e-02 -1.230290e-01 1.056748e+02
-1.221479e-01 1.038791e-02 9.924575e-01 9.334712e+01 1.873840e-02 9.997911e-01 -8.158425e-03 -5.883872e+00 -9.923350e-01 1.760053e-02 -1.223170e-01 1.055741e+02
-1.217251e-01 9.881780e-03 9.925146e-01 9.421112e+01 1.754070e-02 9.998157e-01 -7.803231e-03 -5.910917e+00 -9.924089e-01 1.645954e-02 -1.218760e-01 1.054745e+02
-1.190352e-01 8.848992e-03 9.928506e-01 9.679086e+01 2.516260e-02 9.996660e-01 -5.892938e-03 -5.986691e+00 -9.925712e-01 2.428123e-02 -1.192181e-01 1.051663e+02
-1.183018e-01 1.141515e-02 9.929121e-01 9.764589e+01 2.579424e-02 9.996318e-01 -8.419119e-03 -6.012871e+00 -9.926426e-01 2.461541e-02 -1.185527e-01 1.050653e+02
-1.174633e-01 1.238153e-02 9.930000e-01 9.849885e+01 2.292434e-02 9.996896e-01 -9.753196e-03 -6.038151e+00 -9.928126e-01 2.161822e-02 -1.177107e-01 1.049697e+02
-1.172208e-01 5.690447e-03 9.930896e-01 1.002020e+02 1.305697e-02 9.999060e-01 -4.188312e-03 -6.095973e+00 -9.930201e-01 1.247578e-02 -1.172840e-01 1.047876e+02
-1.197342e-01 1.068369e-02 9.927485e-01 1.018778e+02 6.446464e-03 9.999294e-01 -9.983472e-03 -6.148741e+00 -9.927851e-01 5.204352e-03 -1.197946e-01 1.046056e+02
-1.204827e-01 1.352048e-02 9.926233e-01 1.027081e+02 5.467535e-03 9.999011e-01 -1.295597e-02 -6.174259e+00 -9.927004e-01 3.866230e-03 -1.205447e-01 1.045111e+02
-1.214188e-01 1.298786e-02 9.925164e-01 1.043613e+02 7.534352e-03 9.998976e-01 -1.216274e-02 -6.235915e+00 -9.925728e-01 6.001179e-03 -1.215042e-01 1.043147e+02
-1.225016e-01 1.645980e-02 9.923318e-01 1.059907e+02 9.949292e-03 9.998326e-01 -1.535600e-02 -6.298760e+00 -9.924185e-01 7.991859e-03 -1.226449e-01 1.041174e+02
-1.243020e-01 1.823554e-02 9.920768e-01 1.076027e+02 7.972666e-03 9.998172e-01 -1.737889e-02 -6.362544e+00 -9.922124e-01 5.749264e-03 -1.244246e-01 1.039256e+02
-1.264559e-01 1.749424e-02 9.918179e-01 1.084014e+02 6.222075e-03 9.998388e-01 -1.684242e-02 -6.396279e+00 -9.919528e-01 4.041340e-03 -1.265443e-01 1.038301e+02
-1.327292e-01 2.076343e-02 9.909348e-01 1.099770e+02 5.471096e-03 9.997806e-01 -2.021597e-02 -6.461637e+00 -9.911373e-01 2.738246e-03 -1.328137e-01 1.036312e+02
-1.393824e-01 2.211545e-02 9.899916e-01 1.115346e+02 4.017233e-03 9.997550e-01 -2.176797e-02 -6.526005e+00 -9.902305e-01 9.429535e-04 -1.394371e-01 1.034269e+02
-1.448094e-01 2.128516e-02 9.892306e-01 1.130783e+02 7.013069e-03 9.997655e-01 -2.048523e-02 -6.588770e+00 -9.894347e-01 3.971085e-03 -1.449247e-01 1.032107e+02
-1.488051e-01 3.176362e-02 9.883563e-01 1.145994e+02 -4.000436e-04 9.994819e-01 -3.218142e-02 -6.664413e+00 -9.888665e-01 -5.184145e-03 -1.487153e-01 1.030043e+02
-1.513491e-01 3.616220e-02 9.878187e-01 1.153566e+02 3.780690e-03 9.993444e-01 -3.600489e-02 -6.698886e+00 -9.884732e-01 -1.714672e-03 -1.513866e-01 1.028870e+02
-1.540003e-01 3.424775e-02 9.874771e-01 1.161173e+02 6.069612e-03 9.994130e-01 -3.371515e-02 -6.732518e+00 -9.880522e-01 8.014589e-04 -1.541177e-01 1.027662e+02
-1.597956e-01 2.329694e-02 9.868752e-01 1.176391e+02 3.079438e-03 9.997284e-01 -2.310175e-02 -6.812258e+00 -9.871453e-01 -6.525398e-04 -1.598240e-01 1.025331e+02
-1.613565e-01 2.713452e-02 9.865231e-01 1.183859e+02 3.127759e-03 9.996310e-01 -2.698349e-02 -6.848109e+00 -9.868913e-01 -1.268356e-03 -1.613818e-01 1.024110e+02
-1.639985e-01 3.001508e-02 9.860038e-01 1.191312e+02 4.911652e-04 9.995393e-01 -3.034543e-02 -6.880154e+00 -9.864605e-01 -4.492314e-03 -1.639377e-01 1.022948e+02
-1.665879e-01 3.260343e-02 9.854874e-01 1.198732e+02 -3.815779e-04 9.994510e-01 -3.312991e-02 -6.916674e+00 -9.860266e-01 -5.895083e-03 -1.664840e-01 1.021780e+02
-1.703598e-01 4.083782e-02 9.845353e-01 1.213457e+02 3.882035e-03 9.991609e-01 -4.077276e-02 -6.993951e+00 -9.853743e-01 -3.124038e-03 -1.703753e-01 1.019311e+02
-1.795086e-01 3.730601e-02 9.830488e-01 1.235470e+02 7.378010e-03 9.993036e-01 -3.657563e-02 -7.116066e+00 -9.837288e-01 6.872995e-04 -1.796589e-01 1.015468e+02
-1.849296e-01 3.586086e-02 9.820973e-01 1.242726e+02 1.000076e-02 9.993509e-01 -3.460773e-02 -7.157447e+00 -9.827009e-01 3.421729e-03 -1.851682e-01 1.014077e+02
-1.911026e-01 3.472870e-02 9.809555e-01 1.249966e+02 8.903726e-03 9.993941e-01 -3.364693e-02 -7.198722e+00 -9.815297e-01 2.304139e-03 -1.912961e-01 1.012695e+02
-1.993640e-01 3.441734e-02 9.793209e-01 1.257124e+02 7.623401e-03 9.994072e-01 -3.357135e-02 -7.237820e+00 -9.798959e-01 7.728352e-04 -1.995082e-01 1.011264e+02
-2.215235e-01 3.605602e-02 9.744882e-01 1.271315e+02 7.392757e-03 9.993496e-01 -3.529536e-02 -7.316019e+00 -9.751270e-01 -6.146005e-04 -2.216460e-01 1.008115e+02
-2.338325e-01 3.646334e-02 9.715929e-01 1.278368e+02 8.066085e-03 9.993349e-01 -3.556323e-02 -7.354262e+00 -9.722435e-01 -4.788901e-04 -2.339711e-01 1.006400e+02
-2.455518e-01 3.680717e-02 9.686844e-01 1.285371e+02 1.095265e-02 9.993204e-01 -3.519487e-02 -7.391647e+00 -9.693216e-01 1.967497e-03 -2.457881e-01 1.004561e+02
-2.668005e-01 3.681275e-02 9.630484e-01 1.299272e+02 1.816236e-02 9.992848e-01 -3.316625e-02 -7.464456e+00 -9.635807e-01 8.642454e-03 -2.672783e-01 1.000660e+02
-2.756318e-01 3.765500e-02 9.605255e-01 1.306177e+02 2.381571e-02 9.991932e-01 -3.233675e-02 -7.501316e+00 -9.609683e-01 1.396256e-02 -2.763062e-01 9.985681e+01
-2.832348e-01 3.770564e-02 9.583091e-01 1.313037e+02 2.916264e-02 9.991034e-01 -3.069152e-02 -7.535702e+00 -9.586071e-01 1.925391e-02 -2.840805e-01 9.964198e+01
-2.897949e-01 3.761505e-02 9.563493e-01 1.319861e+02 2.949442e-02 9.991038e-01 -3.035922e-02 -7.571493e+00 -9.566342e-01 1.940902e-02 -2.906446e-01 9.943215e+01
-2.966293e-01 3.359043e-02 9.544017e-01 1.333449e+02 3.923959e-02 9.989659e-01 -2.296317e-02 -7.633871e+00 -9.541862e-01 3.063878e-02 -2.976407e-01 9.899266e+01
-2.975246e-01 3.271849e-02 9.541533e-01 1.340170e+02 4.590603e-02 9.987468e-01 -1.993319e-02 -7.665957e+00 -9.536099e-01 3.787077e-02 -2.986538e-01 9.876779e+01
-2.985891e-01 2.994413e-02 9.539119e-01 1.346874e+02 4.720854e-02 9.987475e-01 -1.657458e-02 -7.696836e+00 -9.532135e-01 4.008379e-02 -2.996287e-01 9.855353e+01
-2.983373e-01 3.542957e-02 9.538027e-01 1.353466e+02 5.060939e-02 9.984922e-01 -2.125964e-02 -7.725113e+00 -9.531178e-01 4.192883e-02 -2.996805e-01 9.834062e+01
-2.968336e-01 3.904998e-02 9.541304e-01 1.360050e+02 5.058688e-02 9.984036e-01 -2.512421e-02 -7.752705e+00 -9.535884e-01 4.080876e-02 -2.983351e-01 9.813493e+01
-2.961325e-01 3.945679e-02 9.543315e-01 1.366601e+02 5.251239e-02 9.983078e-01 -2.498022e-02 -7.781433e+00 -9.537023e-01 4.271677e-02 -2.977033e-01 9.792651e+01
-2.923629e-01 3.448849e-02 9.556853e-01 1.379665e+02 5.560800e-02 9.982716e-01 -1.901377e-02 -7.844579e+00 -9.546893e-01 4.758482e-02 -2.937755e-01 9.751185e+01
-2.908038e-01 3.523570e-02 9.561337e-01 1.386074e+02 5.699889e-02 9.981848e-01 -1.944944e-02 -7.876691e+00 -9.550834e-01 4.884258e-02 -2.922843e-01 9.731435e+01
-2.884384e-01 3.795384e-02 9.567459e-01 1.392425e+02 5.803494e-02 9.980700e-01 -2.209688e-02 -7.904561e+00 -9.557381e-01 4.915109e-02 -2.900843e-01 9.711981e+01
-2.841890e-01 3.956027e-02 9.579518e-01 1.398731e+02 5.961113e-02 9.979443e-01 -2.352743e-02 -7.934720e+00 -9.569134e-01 5.041834e-02 -2.859630e-01 9.692653e+01
-2.788728e-01 3.891345e-02 9.595393e-01 1.405034e+02 6.114570e-02 9.978707e-01 -2.269708e-02 -7.965446e+00 -9.583795e-01 5.234209e-02 -2.806584e-01 9.673888e+01
-2.732552e-01 3.696237e-02 9.612312e-01 1.411304e+02 6.246963e-02 9.978340e-01 -2.061125e-02 -7.997921e+00 -9.599110e-01 5.441561e-02 -2.749723e-01 9.655453e+01
-2.684718e-01 3.498844e-02 9.626519e-01 1.417523e+02 6.244183e-02 9.978705e-01 -1.885424e-02 -8.029376e+00 -9.612616e-01 5.504790e-02 -2.700849e-01 9.637711e+01
-2.643665e-01 3.405038e-02 9.638210e-01 1.423690e+02 6.234759e-02 9.978894e-01 -1.815265e-02 -8.060370e+00 -9.624049e-01 5.529295e-02 -2.659315e-01 9.620436e+01
-2.604320e-01 3.275240e-02 9.649365e-01 1.429830e+02 6.330765e-02 9.978529e-01 -1.678322e-02 -8.087196e+00 -9.634144e-01 5.671696e-02 -2.619463e-01 9.603450e+01
-2.565355e-01 3.089812e-02 9.660408e-01 1.435939e+02 6.596060e-02 9.977184e-01 -1.439525e-02 -8.112439e+00 -9.642815e-01 6.002772e-02 -2.579883e-01 9.586352e+01
-2.491217e-01 2.804319e-02 9.680661e-01 1.448014e+02 6.736837e-02 9.976611e-01 -1.156397e-02 -8.165921e+00 -9.661263e-01 6.233618e-02 -2.504283e-01 9.553897e+01
-2.455375e-01 2.857835e-02 9.689657e-01 1.453935e+02 6.436852e-02 9.978399e-01 -1.311887e-02 -8.194245e+00 -9.672477e-01 5.914970e-02 -2.468467e-01 9.539074e+01
-2.408650e-01 3.192500e-02 9.700334e-01 1.459803e+02 6.519589e-02 9.977336e-01 -1.664814e-02 -8.221656e+00 -9.683665e-01 5.923223e-02 -2.424005e-01 9.524410e+01
-2.351403e-01 3.558922e-02 9.713096e-01 1.465647e+02 6.756376e-02 9.975106e-01 -2.019302e-02 -8.246532e+00 -9.696104e-01 6.087712e-02 -2.369595e-01 9.509910e+01
-2.285944e-01 3.660572e-02 9.728333e-01 1.471435e+02 6.685380e-02 9.975240e-01 -2.182562e-02 -8.273094e+00 -9.712236e-01 6.004838e-02 -2.304757e-01 9.496498e+01
-2.097253e-01 3.283610e-02 9.772088e-01 1.483017e+02 6.249012e-02 9.978428e-01 -2.011803e-02 -8.330790e+00 -9.757614e-01 5.684662e-02 -2.113248e-01 9.471843e+01
-1.839779e-01 3.008949e-02 9.824697e-01 1.494512e+02 6.353833e-02 9.978049e-01 -1.866093e-02 -8.384287e+00 -9.808746e-01 5.899128e-02 -1.854859e-01 9.449786e+01
-1.686128e-01 2.947232e-02 9.852416e-01 1.500216e+02 6.281771e-02 9.978422e-01 -1.909873e-02 -8.411951e+00 -9.836787e-01 5.867032e-02 -1.701004e-01 9.440439e+01
-1.502165e-01 2.848254e-02 9.882427e-01 1.505932e+02 6.198793e-02 9.978895e-01 -1.933820e-02 -8.438291e+00 -9.867079e-01 5.835419e-02 -1.516650e-01 9.432475e+01
-1.069882e-01 2.734453e-02 9.938842e-01 1.517288e+02 5.816595e-02 9.980818e-01 -2.119866e-02 -8.491499e+00 -9.925575e-01 5.554220e-02 -1.083735e-01 9.419972e+01
-8.495579e-02 2.813820e-02 9.959873e-01 1.522939e+02 5.238013e-02 9.983450e-01 -2.373690e-02 -8.522593e+00 -9.950070e-01 5.015334e-02 -8.628908e-02 9.416541e+01
-4.405511e-02 3.007958e-02 9.985762e-01 1.534149e+02 4.018528e-02 9.987910e-01 -2.831317e-02 -8.579884e+00 -9.982206e-01 3.888071e-02 -4.521060e-02 9.413044e+01
-2.829096e-02 2.964958e-02 9.991599e-01 1.539729e+02 3.328137e-02 9.990337e-01 -2.870349e-02 -8.607328e+00 -9.990456e-01 3.244136e-02 -2.925040e-02 9.412758e+01
-1.508953e-02 2.533972e-02 9.995650e-01 1.550895e+02 1.662867e-02 9.995469e-01 -2.508824e-02 -8.663502e+00 -9.997479e-01 1.624286e-02 -1.550407e-02 9.413926e+01
-2.109399e-02 2.189851e-02 9.995376e-01 1.556469e+02 9.131974e-03 9.997226e-01 -2.170985e-02 -8.688323e+00 -9.997358e-01 8.669800e-03 -2.128812e-02 9.413797e+01
-3.339952e-02 1.870088e-02 9.992671e-01 1.561965e+02 6.110325e-03 9.998100e-01 -1.850682e-02 -8.709648e+00 -9.994234e-01 5.487725e-03 -3.350745e-02 9.412065e+01
-4.679940e-02 1.637794e-02 9.987700e-01 1.567425e+02 5.577396e-03 9.998543e-01 -1.613439e-02 -8.727615e+00 -9.988888e-01 4.815454e-03 -4.688393e-02 9.409311e+01
-7.151987e-02 1.443012e-02 9.973348e-01 1.578214e+02 9.621680e-03 9.998588e-01 -1.377666e-02 -8.765511e+00 -9.973928e-01 8.610728e-03 -7.164862e-02 9.400733e+01
-8.537735e-02 1.386193e-02 9.962522e-01 1.583533e+02 6.951610e-03 9.998871e-01 -1.331677e-02 -8.782045e+00 -9.963245e-01 5.788603e-03 -8.546408e-02 9.396008e+01
-1.188025e-01 1.165166e-02 9.928495e-01 1.594012e+02 2.750125e-03 9.999311e-01 -1.140570e-02 -8.813298e+00 -9.929141e-01 1.375433e-03 -1.188264e-01 9.383820e+01
-1.342507e-01 1.100316e-02 9.908863e-01 1.599158e+02 5.077193e-03 9.999328e-01 -1.041573e-02 -8.829814e+00 -9.909344e-01 3.632599e-03 -1.342976e-01 9.375723e+01
-1.629326e-01 7.570467e-03 9.866081e-01 1.609386e+02 6.761994e-03 9.999556e-01 -6.556186e-03 -8.861136e+00 -9.866141e-01 5.603219e-03 -1.629766e-01 9.357816e+01
-1.889989e-01 6.360769e-03 9.819567e-01 1.619306e+02 5.137210e-03 9.999717e-01 -5.488702e-03 -8.890957e+00 -9.819639e-01 4.007156e-03 -1.890262e-01 9.338617e+01
-2.099177e-01 1.021626e-02 9.776657e-01 1.628990e+02 1.352771e-02 9.998800e-01 -7.543823e-03 -8.919301e+00 -9.776255e-01 1.164199e-02 -2.100308e-01 9.316096e+01
-2.223591e-01 1.113624e-02 9.749012e-01 1.638542e+02 1.540583e-02 9.998500e-01 -7.907419e-03 -8.947930e+00 -9.748431e-01 1.326087e-02 -2.224974e-01 9.293874e+01
-2.279943e-01 9.086305e-03 9.736201e-01 1.648060e+02 1.515764e-02 9.998684e-01 -5.781784e-03 -8.978427e+00 -9.735445e-01 1.343956e-02 -2.281020e-01 9.272888e+01
-2.293559e-01 9.113780e-03 9.732999e-01 1.657438e+02 1.912253e-02 9.998053e-01 -4.855798e-03 -9.013537e+00 -9.731548e-01 1.749824e-02 -2.294855e-01 9.251318e+01
-2.388826e-01 1.377125e-02 9.709508e-01 1.671492e+02 1.685226e-02 9.998076e-01 -1.003439e-02 -9.050522e+00 -9.709022e-01 1.396567e-02 -2.390687e-01 9.218701e+01
-2.497555e-01 1.147022e-02 9.682410e-01 1.681253e+02 1.481258e-02 9.998581e-01 -8.023911e-03 -9.068787e+00 -9.681957e-01 1.233813e-02 -2.498900e-01 9.194609e+01
-2.607071e-01 1.292790e-02 9.653314e-01 1.691260e+02 1.988029e-02 9.997702e-01 -8.020047e-03 -9.096027e+00 -9.652133e-01 1.710018e-02 -2.609042e-01 9.166843e+01
-2.827266e-01 1.816067e-02 9.590286e-01 1.712141e+02 2.443884e-02 9.996325e-01 -1.172488e-02 -9.147581e+00 -9.588892e-01 2.012261e-02 -2.830665e-01 9.106242e+01
-2.981976e-01 1.237120e-02 9.544240e-01 1.733868e+02 2.689337e-02 9.996279e-01 -4.554645e-03 -9.207509e+00 -9.541252e-01 2.430948e-02 -2.984194e-01 9.039703e+01
-3.027064e-01 9.524578e-03 9.530363e-01 1.744808e+02 3.359430e-02 9.994353e-01 6.820323e-04 -9.235795e+00 -9.524916e-01 3.222303e-02 -3.028554e-01 9.003523e+01
-3.044141e-01 9.350867e-03 9.524939e-01 1.755740e+02 3.255291e-02 9.994698e-01 5.917600e-04 -9.260605e+00 -9.519834e-01 3.118658e-02 -3.045571e-01 8.968772e+01
-2.856569e-01 1.651431e-02 9.581897e-01 1.798254e+02 3.729241e-02 9.992857e-01 -6.104944e-03 -9.377338e+00 -9.576061e-01 3.398928e-02 -2.860687e-01 8.839451e+01
-2.779321e-01 1.526490e-02 9.604794e-01 1.808080e+02 3.684002e-02 9.993075e-01 -5.221680e-03 -9.404618e+00 -9.598941e-01 3.393280e-02 -2.783020e-01 8.812317e+01
-2.414348e-01 2.284986e-03 9.704143e-01 1.830265e+02 3.975206e-02 9.991811e-01 7.537411e-03 -9.464732e+00 -9.696025e-01 4.039575e-02 -2.413280e-01 8.756152e+01
-2.125689e-01 3.764842e-03 9.771388e-01 1.838335e+02 3.735659e-02 9.992928e-01 4.276428e-03 -9.483133e+00 -9.764318e-01 3.741160e-02 -2.125592e-01 8.740983e+01
-8.789429e-02 6.290422e-03 9.961099e-01 1.858039e+02 3.127301e-02 9.995045e-01 -3.552410e-03 -9.535840e+00 -9.956388e-01 3.083911e-02 -8.804746e-02 8.723155e+01
6.861960e-02 -8.516294e-03 9.976065e-01 1.876973e+02 1.440293e-02 9.998678e-01 7.544902e-03 -9.601021e+00 -9.975390e-01 1.385073e-02 6.873318e-02 8.738579e+01
1.011490e-01 -1.028528e-02 9.948181e-01 1.880686e+02 1.356385e-02 9.998679e-01 8.958372e-03 -9.611487e+00 -9.947789e-01 1.258743e-02 1.012751e-01 8.745192e+01
1.351236e-01 -1.098431e-02 9.907678e-01 1.884238e+02 1.319666e-02 9.998698e-01 9.285428e-03 -9.620615e+00 -9.907409e-01 1.182014e-02 1.352510e-01 8.752595e+01
3.289804e-01 1.435245e-04 9.443367e-01 1.902336e+02 7.240976e-03 9.999702e-01 -2.674536e-03 -9.651550e+00 -9.443090e-01 7.717786e-03 3.289696e-01 8.815725e+01
3.721213e-01 5.771503e-03 9.281661e-01 1.906013e+02 1.364474e-03 9.999762e-01 -6.765080e-03 -9.662356e+00 -9.281831e-01 3.783886e-03 3.721046e-01 8.835376e+01
4.161375e-01 9.994793e-03 9.092468e-01 1.909490e+02 -1.116839e-03 9.999444e-01 -1.048063e-02 -9.672989e+00 -9.093011e-01 3.345899e-03 4.161255e-01 8.855409e+01
6.241385e-01 1.187157e-02 7.812235e-01 1.927478e+02 1.752189e-03 9.998608e-01 -1.659387e-02 -9.734985e+00 -7.813118e-01 1.172572e-02 6.240308e-01 8.992948e+01
6.619290e-01 1.362857e-02 7.494426e-01 1.931030e+02 -3.337605e-03 9.998783e-01 -1.523486e-02 -9.753497e+00 -7.495591e-01 7.583050e-03 6.618940e-01 9.029644e+01
6.976322e-01 1.360725e-02 7.163268e-01 1.934542e+02 -4.660140e-03 9.998846e-01 -1.445516e-02 -9.771782e+00 -7.164409e-01 6.746199e-03 6.976152e-01 9.068449e+01
8.142510e-01 1.064909e-02 5.804153e-01 1.947637e+02 -3.160408e-03 9.998982e-01 -1.391183e-02 -9.843068e+00 -5.805044e-01 9.493374e-03 8.142018e-01 9.248548e+01
8.694597e-01 9.517999e-03 4.939122e-01 1.956839e+02 -6.036330e-03 9.999444e-01 -8.643494e-03 -9.896652e+00 -4.939670e-01 4.533751e-03 8.694688e-01 9.412166e+01
8.824760e-01 8.530372e-03 4.702801e-01 1.959764e+02 -7.021209e-03 9.999630e-01 -4.963022e-03 -9.912797e+00 -4.703050e-01 1.077812e-03 8.825033e-01 9.471148e+01
8.929201e-01 6.551292e-03 4.501676e-01 1.962715e+02 -6.486757e-03 9.999775e-01 -1.686020e-03 -9.928192e+00 -4.501685e-01 -1.414647e-03 8.929425e-01 9.532711e+01
9.237788e-01 -6.958991e-03 3.828633e-01 1.974182e+02 7.193970e-03 9.999738e-01 8.179753e-04 -9.970244e+00 -3.828589e-01 1.998678e-03 9.238047e-01 9.797014e+01
9.415907e-01 -6.089185e-03 3.367045e-01 1.982071e+02 6.659661e-03 9.999777e-01 -5.394187e-04 -1.000261e+01 -3.366937e-01 2.750248e-03 9.416102e-01 1.001604e+02
9.448573e-01 -3.593169e-03 3.274625e-01 1.984618e+02 3.568112e-03 9.999934e-01 6.772963e-04 -1.001358e+01 -3.274628e-01 5.284742e-04 9.448639e-01 1.009262e+02
9.462461e-01 -7.863739e-04 3.234465e-01 1.987161e+02 5.581754e-05 9.999974e-01 2.267932e-03 -1.002705e+01 -3.234474e-01 -2.127968e-03 9.462438e-01 1.017027e+02
9.470100e-01 -5.571899e-03 3.211557e-01 2.000827e+02 5.777165e-03 9.999832e-01 3.137822e-04 -1.008525e+01 -3.211521e-01 1.558214e-03 9.470264e-01 1.057448e+02
9.468298e-01 -5.244674e-03 3.216922e-01 2.003710e+02 5.463629e-03 9.999850e-01 2.221683e-04 -1.009936e+01 -3.216886e-01 1.547251e-03 9.468443e-01 1.065908e+02
9.465238e-01 -6.084819e-03 3.225766e-01 2.006612e+02 5.676107e-03 9.999814e-01 2.207652e-03 -1.011259e+01 -3.225840e-01 -2.586164e-04 9.465408e-01 1.074441e+02
9.459411e-01 -9.756188e-03 3.241917e-01 2.012524e+02 8.069194e-03 9.999460e-01 6.547610e-03 -1.013595e+01 -3.242381e-01 -3.577688e-03 9.459688e-01 1.091695e+02
9.457563e-01 -1.044029e-02 3.247091e-01 2.015498e+02 8.732001e-03 9.999393e-01 6.717734e-03 -1.015022e+01 -3.247595e-01 -3.517979e-03 9.457901e-01 1.100320e+02
9.451402e-01 -1.753480e-02 3.261940e-01 2.027572e+02 1.436581e-02 9.998233e-01 1.212163e-02 -1.018895e+01 -3.263490e-01 -6.770596e-03 9.452251e-01 1.134866e+02
