9.995207002790000850e-01 5.908638025167547644e-03 -3.038844699001219674e-02 -4.142162999999999817e-01 -5.855947519503256621e-03 9.999811928180111220e-01 1.822604980903997154e-03 1.336080000000000080e-02 3.039864458205432385e-02 -1.643778256072438680e-03 9.995365027854754558e-01 -1.383483000000000074e-01
9.994074805777811710e-01 3.261922961900189273e-03 -3.426437835074169075e-02 -4.158947000000000060e-01 -3.309102044954229105e-03 9.999936533125983740e-01 -1.320294731881175958e-03 1.265469999999999963e-02 3.425985418574088032e-02 1.432896756079007905e-03 9.994119316868587122e-01 -8.940370000000000261e-02
9.993537338684792548e-01 7.484090317742552205e-04 -3.593820372597743285e-02 -4.167084999999999817e-01 -8.605290029652950699e-04 9.999948109811996888e-01 -3.104432397357777176e-03 1.220270000000000035e-02 3.593569385671793737e-02 3.133351974462448165e-03 9.993491922308440634e-01 -6.484170000000000211e-02
9.992032227091869334e-01 -8.407249802642789791e-04 -3.990254263931956868e-02 -4.194682000000000133e-01 6.909671661932659768e-04 9.999926671192044259e-01 -3.766732296742536859e-03 1.097369999999999943e-02 3.990541682466679230e-02 3.736159703176523267e-03 9.991964765844213447e-01 1.064389999999999954e-02
9.991435207206331715e-01 -4.079773482486269984e-04 -4.137702933344786227e-02 -4.208181999999999756e-01 1.391025746008164692e-04 9.999788596665696305e-01 -6.500836132429875514e-03 1.047249999999999917e-02 4.137880680313810178e-02 6.489512649674273811e-03 9.991224552441598794e-01 3.658990000000000159e-02
9.991031564911450058e-01 1.446080826861811854e-03 -4.231774497386148887e-02 -4.220117999999999925e-01 -1.883128158299359270e-03 9.999452862889455229e-01 -1.028971607277076594e-02 9.851999999999999647e-03 4.230054985186382926e-02 1.036017754485895129e-02 9.990512150052512919e-01 6.249919999999999781e-02
9.989755022749724489e-01 8.565805059437839319e-03 -4.443616588039980830e-02 -4.272888000000000241e-01 -8.419419691280322082e-03 9.999584992386439941e-01 3.480398319286787112e-03 7.949700000000000516e-03 4.446413415921623979e-02 -3.102705929108050785e-03 9.990061631388410524e-01 1.711629000000000067e-01
9.989557221690111843e-01 9.250469567129682505e-03 -4.474252963989775594e-02 -4.283187999999999995e-01 -8.799788476289831587e-03 9.999086514232194967e-01 1.025926565457761439e-02 7.284200000000000223e-03 4.483334549821236387e-02 -9.854827334167082925e-03 9.989458711610212927e-01 1.999152999999999902e-01
9.987549780384797904e-01 1.338646418544144415e-02 -4.805513937101447280e-02 -4.337272999999999823e-01 -1.359866826423790365e-02 9.998991623555950614e-01 -4.091618508425863034e-03 7.133500000000000084e-03 4.799552129933521566e-02 4.740010252222853944e-03 9.988363040248456892e-01 2.904829999999999912e-01
9.987454880404418311e-01 1.147298839440310386e-02 -4.874239075139328442e-02 -4.355265999999999860e-01 -1.161254419761548543e-02 9.999292413667182355e-01 -2.580906243513019643e-03 7.239699999999999955e-03 4.870933109906196851e-02 3.143691632662033546e-03 9.988080487595205614e-01 3.214484000000000230e-01
9.987257440708201539e-01 1.021586726086713866e-02 -4.942189986529176016e-02 -4.377581999999999862e-01 -9.896417118228006612e-03 9.999285552325374304e-01 6.704129980269698391e-03 7.059400000000000397e-03 4.948685743112636592e-02 -6.206487467050124385e-03 9.987554908259141939e-01 3.561752999999999725e-01
9.986706339329926019e-01 1.000447695744005952e-02 -5.056555508132686005e-02 -4.381483999999999934e-01 -9.303840136971927577e-03 9.998576922098318942e-01 1.407245136905971652e-02 6.960499999999999673e-03 5.069914672438106951e-02 -1.358329008881616409e-02 9.986215953762379582e-01 3.898135999999999823e-01
9.988154517410453570e-01 9.406639481688901933e-03 -4.774105672262508870e-02 -4.442117999999999900e-01 -8.958516235615200662e-03 9.999138670381410021e-01 9.591845061667889430e-03 7.501400000000000082e-03 4.782717167246662571e-02 -9.152794026544864084e-03 9.988136903403557199e-01 5.281519000000000075e-01
9.988658001058786651e-01 5.922068927334451366e-03 -4.724449680611168129e-02 -4.474396999999999958e-01 -5.727401617515231677e-03 9.999745467464467019e-01 4.254730302883115260e-03 7.455599999999999727e-03 4.726849108607637101e-02 -3.979316380798053783e-03 9.988742937885563000e-01 5.659298999999999857e-01
9.991656585677574087e-01 3.822559877106056735e-03 -4.066171141068355976e-02 -4.464973999999999887e-01 -3.907023583550570632e-03 9.999903716027890299e-01 -1.997966074185523501e-03 6.865699999999999754e-03 4.065368255862381042e-02 2.155165353738682996e-03 9.991709730355065044e-01 5.951113000000000097e-01
9.991167766783535242e-01 5.481365732792465792e-03 -4.166078719323953322e-02 -4.524584999999999857e-01 -5.810451545644378102e-03 9.999528369282321139e-01 -7.782195835117470400e-03 5.639599999999999821e-03 4.161616528096673956e-02 8.017390403601994814e-03 9.991015044721048843e-01 7.137025999999999648e-01
9.987650787752829773e-01 1.229628085669396895e-02 -4.813646119207572183e-02 -4.636891000000000207e-01 -1.291461113007160572e-02 9.998377731709761074e-01 -1.255548325882765125e-02 3.751700000000000174e-03 4.797426641817403858e-02 1.316164190353818521e-02 9.987618539692237896e-01 8.469681000000000015e-01
9.988201199731774338e-01 1.675162520241546896e-02 -4.558235393049833023e-02 -4.714211999999999847e-01 -1.717799018427705257e-02 9.998121373263954004e-01 -8.978123860473358545e-03 -2.032500000000000018e-03 4.542339254168823587e-02 9.750543979846390194e-03 9.989202382082870146e-01 1.051544000000000034e+00
9.985170260256266417e-01 1.712289216687956986e-02 -5.167741577110353951e-02 -4.743007000000000195e-01 -1.755034883548540689e-02 9.998153275014338703e-01 -7.829185714565192397e-03 -2.623700000000000077e-03 5.153381407086867622e-02 8.724531909609237537e-03 9.986331401221708592e-01 1.103016900000000078e+00
9.984738420520321567e-01 1.846564199658110375e-02 -5.204812007659512241e-02 -4.792679000000000245e-01 -1.897840801772310640e-02 9.997759417215223987e-01 -9.374773808250054866e-03 -4.470599999999999921e-03 5.186334704747069813e-02 1.034825688206125922e-02 9.986005742099973714e-01 1.189675000000000038e+00
9.984673335875929867e-01 1.796171321460549378e-02 -5.234845381554851379e-02 -4.824398999999999771e-01 -1.845352224026657398e-02 9.997898684707418049e-01 -8.926725053718744668e-03 -5.062299999999999613e-03 5.217711447953341658e-02 9.879056718784910707e-03 9.985889809941509432e-01 1.233650799999999936e+00
9.983584867463971557e-01 1.779878161655457786e-02 -5.443836252506221995e-02 -4.951335000000000042e-01 -1.779340081116116690e-02 9.998415146137227261e-01 5.835602027376891616e-04 -8.012999999999999290e-03 5.444012150075777656e-02 3.860413229811080035e-04 9.985169623712356612e-01 1.413472099999999898e+00
9.982784539224510700e-01 1.805274382302668110e-02 -5.580525848574434400e-02 -5.012033999999999656e-01 -1.816803735754314239e-02 9.998337316538338237e-01 -1.559315793658863809e-03 -8.949300000000000310e-03 5.576782990914641580e-02 2.570503380586984694e-03 9.984404547390870466e-01 1.504606099999999946e+00
9.981890956059535913e-01 1.791433430659279680e-02 -5.742478593534423165e-02 -5.064399000000000539e-01 -1.784505860307322722e-02 9.998392865732417256e-01 1.718984631697685487e-03 -1.014980000000000049e-02 5.744635146657581931e-02 -6.911230445896929166e-04 9.983483555613821281e-01 1.596377399999999946e+00
9.981104779040498309e-01 1.949006094430369429e-02 -5.827187505595181338e-02 -5.116781999999999719e-01 -1.929234911915004430e-02 9.998060682349282358e-01 3.953629481728078605e-03 -1.153850000000000015e-02 5.833763076791824431e-02 -2.821957654056240095e-03 9.982929216374243353e-01 1.687111100000000086e+00
9.980749755153655034e-01 2.045990875092057806e-02 -5.854686485121600448e-02 -5.146285999999999916e-01 -2.047397789002624799e-02 9.997903214741316047e-01 3.596053550895725835e-04 -1.229079999999999930e-02 5.854194632365125606e-02 8.397741105179317746e-04 9.982845963451915106e-01 1.733008300000000057e+00
9.980348541607838575e-01 2.197250948946982349e-02 -5.868252471560882894e-02 -5.197935000000000194e-01 -2.226160635358921322e-02 9.997430302822022385e-01 -4.277181866297886416e-03 -1.354570000000000080e-02 5.857346466464758566e-02 5.575143845203414487e-03 9.982675327828129941e-01 1.824615799999999899e+00
9.979827814172703704e-01 2.312086213746913227e-02 -5.912523766268270448e-02 -5.237226000000000381e-01 -2.311820013564024751e-02 9.997324727979770564e-01 7.291472624890941306e-04 -1.525119999999999948e-02 5.912627856661579334e-02 6.391926642715386152e-04 9.982503065942933684e-01 1.913687099999999974e+00
9.980322864144657302e-01 2.187904914827532368e-02 -5.876106264084231257e-02 -5.271071000000000506e-01 -2.179943920663627091e-02 9.997603723525487762e-01 1.995576049463793945e-03 -1.597290000000000168e-02 5.879064317210529189e-02 -7.106911146039096442e-04 9.982700812873988028e-01 1.960131999999999985e+00
9.982978286798019907e-01 2.154147450370351782e-02 -5.419787938101541802e-02 -5.337235000000000174e-01 -2.172683796883802601e-02 9.997599299962507402e-01 -2.833175915440312373e-03 -1.862350000000000116e-02 5.412383730916224545e-02 4.005901908217922823e-03 9.985261954424796693e-01 2.093630600000000008e+00
9.984156139873078262e-01 2.061897824660024331e-02 -5.235570152727768434e-02 -5.349557000000000340e-01 -2.092437810597397307e-02 9.997670570300730697e-01 -5.291698999842844864e-03 -1.981849999999999931e-02 5.223439620810599315e-02 6.378825400724394065e-03 9.986144793859548230e-01 2.136647700000000150e+00
9.985463564702647954e-01 1.648179029668845122e-02 -5.131787767021395164e-02 -5.392643999999999771e-01 -1.689899694652105197e-02 9.998275014926900628e-01 -7.706566102124631432e-03 -2.405579999999999871e-02 5.118200740651474012e-02 8.562584160224687505e-03 9.986526344381907450e-01 2.268273799999999785e+00
9.985114786467734760e-01 1.494071932428754287e-02 -5.245571386137893449e-02 -5.446168999999999594e-01 -1.506848358290489159e-02 9.998843808838766556e-01 -2.040996565005255038e-03 -2.459400000000000128e-02 5.241915502128708521e-02 2.828386561186127524e-03 9.986211656160282057e-01 2.317696799999999779e+00
9.983468717177703677e-01 1.146780818662128387e-02 -5.632062771965924003e-02 -5.588123999999999869e-01 -1.124395388921923741e-02 9.999275823806106356e-01 4.289929533714562614e-03 -2.463860000000000008e-02 5.636574520290402873e-02 -3.649571188781875874e-03 9.984035173204566238e-01 2.419808399999999970e+00
9.983789273823217014e-01 8.039038996153999653e-03 -5.634617299287607989e-02 -5.619125999999999843e-01 -7.986059845154278372e-03 9.999674318671190054e-01 1.165355408536436314e-03 -2.504469999999999960e-02 5.635370624080032059e-02 -7.134823732272702534e-04 9.984106122912700387e-01 2.465133400000000030e+00
9.983787186382496737e-01 6.416394304742951971e-03 -5.655761712070909303e-02 -5.647242999999999569e-01 -6.538344360909855574e-03 9.999766814935537873e-01 -1.971426427174999881e-03 -2.568600000000000050e-02 5.654364883225013877e-02 2.338023367220245802e-03 9.983973905331832155e-01 2.511143699999999868e+00
9.983621769421275882e-01 1.157590198073310019e-02 -5.602644147818372500e-02 -5.738737999999999895e-01 -1.220517774030363024e-02 9.998660740648364076e-01 -1.090264052872279635e-02 -2.874130000000000087e-02 5.589273018652321512e-02 1.156859660907111342e-02 9.983697562951279192e-01 2.648808199999999946e+00
9.983341772486998833e-01 1.740894027846428410e-02 -5.500726620676985729e-02 -5.800336999999999854e-01 -1.772427253512290357e-02 9.998291298745706213e-01 -5.249877842371276047e-03 -3.096689999999999859e-02 5.490647229846650629e-02 6.216096254080752913e-03 9.984721525646560458e-01 2.741218599999999839e+00
9.983666373222886969e-01 1.515879503316032093e-02 -5.508419387563306957e-02 -5.854576999999999698e-01 -1.539385171782653786e-02 9.998741131571200480e-01 -3.845408632663767975e-03 -3.276300000000000046e-02 5.501896773909219218e-02 4.687085598240129866e-03 9.984743083412409570e-01 2.833676599999999990e+00
9.983719746111476834e-01 1.441116065685418141e-02 -5.518803094476326665e-02 -5.885112000000000121e-01 -1.456461205854486449e-02 9.998910995590976070e-01 -2.379306218796991678e-03 -3.379669999999999896e-02 5.514773237968990938e-02 3.179224908850382132e-03 9.984731444272084699e-01 2.879951500000000220e+00
9.983386367724504940e-01 1.190754397141749292e-02 -5.637532016666315510e-02 -5.939689999999999692e-01 -1.185018028481749953e-02 9.999288704980801024e-01 1.351729133740793261e-03 -3.560359999999999914e-02 5.638740599231659850e-02 -6.814257130751228634e-04 9.984087319852802400e-01 2.971782699999999888e+00
9.983153875214506590e-01 1.146374494255381939e-02 -5.687679306877151814e-02 -5.967905000000000015e-01 -1.146339215762335641e-02 9.999342378870061943e-01 3.324779280820054747e-04 -3.665410000000000196e-02 5.687686417284556345e-02 3.200831519998057861e-04 9.983811495960045468e-01 3.017370500000000177e+00
9.982398235778128237e-01 1.190835188273030830e-02 -5.809858671924950091e-02 -6.033598000000000017e-01 -1.227368049586220235e-02 9.999070602750574910e-01 -5.935282569341161080e-03 -3.807250000000000217e-02 5.802250761922111977e-02 6.637918915556800109e-03 9.982932067494237893e-01 3.107141700000000117e+00
9.981702584654986721e-01 1.410741537763698754e-02 -5.879724437660573816e-02 -6.065412000000000026e-01 -1.437067596131366871e-02 9.998885061045060807e-01 -4.056973319350311129e-03 -3.914539999999999687e-02 5.873345543499381566e-02 4.894506253117905832e-03 9.982617016700598978e-01 3.152389299999999839e+00
9.980209585698253116e-01 1.777152972617759494e-02 -6.031864543040394572e-02 -6.172360999999999542e-01 -1.749691767999637590e-02 9.998340228418081121e-01 5.077857783179433489e-03 -4.126139999999999669e-02 6.039887521358849182e-02 -4.012418118585318015e-03 9.981662568799724022e-01 3.286042500000000199e+00
9.979200423505195650e-01 1.692287809719066755e-02 -6.220293620115375371e-02 -6.235838000000000214e-01 -1.684274234443559198e-02 9.998565082345166610e-01 1.812449005828394456e-03 -4.167579999999999896e-02 6.222468244560300926e-02 -7.610111611510303681e-04 9.980618767173488060e-01 3.370743800000000068e+00
9.979359187444143409e-01 1.522612860891616252e-02 -6.238643351984757973e-02 -6.290814999999999602e-01 -1.514778121015591256e-02 9.998837715024676553e-01 1.728644095900849212e-03 -4.287509999999999932e-02 6.240550299573639076e-02 -7.800599885843331489e-04 9.980505722167906102e-01 3.454367400000000199e+00
9.978241189680949752e-01 1.382984860218017427e-02 -6.446520684203073392e-02 -6.363026000000000515e-01 -1.344398137940714354e-02 9.998890433428287983e-01 6.415634624320053908e-03 -4.450660000000000033e-02 6.454678125371694775e-02 -5.535005926229470685e-03 9.978993319664971606e-01 3.536188600000000015e+00
9.976678241373559963e-01 9.423566693322008719e-03 -6.760258184278365723e-02 -6.528800999999999632e-01 -9.000391615498114228e-03 9.999379672634638450e-01 6.561598568906394299e-03 -4.872549999999999798e-02 6.766022193136393692e-02 -5.937846056299815600e-03 9.976907518627253779e-01 3.698173000000000155e+00
9.978235188584851922e-01 8.428030621004809625e-03 -6.540025621296635672e-02 -6.557794000000000123e-01 -8.052527012212207236e-03 9.999495584923782099e-01 6.003105830762434439e-03 -4.939110000000000028e-02 6.544755168520693944e-02 -5.463402854370752113e-03 9.978410540800889406e-01 3.726996900000000057e+00
9.976092627732335849e-01 1.745329684170862650e-02 -6.686659299231949294e-02 -6.690047000000000077e-01 -1.671854609538844794e-02 9.997937277840854842e-01 1.153222008367998930e-02 -5.389510000000000134e-02 6.705407553237670293e-02 -1.038673735863500022e-02 9.976952774477491070e-01 3.869740199999999852e+00
9.950134453903624054e-01 1.971444758675854059e-02 -9.777312539112822942e-02 -6.794504999999999573e-01 -1.912566452684082846e-02 9.997928928119844683e-01 6.955604865886278257e-03 -5.219259999999999872e-02 9.789000178162771126e-02 -5.050944366408013225e-03 9.951844228645263524e-01 3.967401999999999873e+00
9.955329084458984790e-01 3.562264617846480630e-02 -8.743715045959778165e-02 -6.983407999999999838e-01 -3.530869208216029509e-02 9.993632607632924048e-01 5.135104673400728119e-03 -5.565400000000000208e-02 8.756440181202419792e-02 -2.024874268565293560e-03 9.961568026267244580e-01 4.139845799999999798e+00
9.971889546843765162e-01 3.554032930464518653e-02 -6.596266859669727700e-02 -7.010355999999999810e-01 -3.504752440498195426e-02 9.993485268474396888e-01 8.613531269706339519e-03 -5.637629999999999725e-02 6.622582342683652756e-02 -6.277490005519172078e-03 9.977849134110357010e-01 4.180258300000000204e+00
9.459920706714936012e-01 1.815280763098365766e-02 3.236811359992611825e-01 -6.717899000000000509e-01 -1.315003725926410308e-02 9.997579869394824792e-01 -1.763644155699696514e-02 -6.270280000000000298e-02 -3.239229518677855246e-01 1.242751486926912258e-02 9.460018383319528379e-01 4.382573599999999736e+00
8.886145981671045302e-01 1.659499757487317012e-02 4.583543410722814571e-01 -6.531392000000000309e-01 -9.527325964162490848e-03 9.997974608853650302e-01 -1.772758492151890741e-02 -6.381610000000000060e-02 -4.585556956186325195e-01 1.138609953702421004e-02 8.885927249044103249e-01 4.418305900000000008e+00
7.027482597496857997e-01 3.441930169497250946e-02 7.106055129884785160e-01 -5.930370000000000363e-01 -1.074795852890276897e-02 9.992286528707764459e-01 -3.777010285284286562e-02 -6.746349999999999569e-02 -7.113574100311665926e-01 1.890531546639211830e-02 7.025761341241723024e-01 4.488911599999999780e+00
6.210943384041237580e-01 2.987223365842102754e-02 7.831663121321041920e-01 -5.678174000000000277e-01 -5.775586313706167901e-03 9.994206728822844221e-01 -3.354044153339155732e-02 -6.915159999999999363e-02 -7.837145305562969178e-01 1.630853371025810586e-02 6.209070512751040383e-01 4.506065399999999777e+00
5.297189697565614086e-01 2.620256671238609114e-02 8.477683873427517280e-01 -5.391249000000000180e-01 -2.433391910324350649e-03 9.995655352154616535e-01 -2.937378785989829683e-02 -7.002719999999999778e-02 -8.481697304690010153e-01 1.349689990740454704e-02 5.295525866323680386e-01 4.521959299999999793e+00
3.801176538638012525e-01 2.786279031650690241e-02 9.245183795560031337e-01 -4.897099999999999786e-01 -5.193508234271157487e-03 9.995947090074627228e-01 -2.799009104141195886e-02 -7.210850000000000593e-02 -9.249235626219606266e-01 5.838033921136584828e-03 3.801083012335244593e-01 4.539143100000000430e+00
3.303440171696356287e-01 3.273975447249710680e-02 9.432926050793084549e-01 -4.723104000000000191e-01 -5.077598621626874115e-03 9.994454043001888000e-01 -3.291051223347657428e-02 -7.300979999999999970e-02 -9.438469411469558867e-01 6.082129586975567465e-03 3.303270491304369783e-01 4.543951500000000365e+00
2.845021530048780778e-01 3.501021641932804823e-02 9.580359125219998218e-01 -4.534764000000000017e-01 -3.549190550900610530e-03 9.993645620681346209e-01 -3.546653815639332075e-02 -7.375710000000000599e-02 -9.586688313395937966e-01 6.690054456977035172e-03 2.844456274744618929e-01 4.548330799999999563e+00
2.083494825615600232e-01 3.414677369836366383e-02 9.774581786257267035e-01 -4.124344999999999817e-01 1.227075917210110161e-02 9.992204380721608770e-01 -3.752258797337084534e-02 -7.638899999999999857e-02 -9.779774647637186069e-01 1.981196569933929563e-02 2.077680544007132202e-01 4.554026099999999744e+00
1.501479132820263407e-01 3.354233134485049700e-02 9.880943862531582633e-01 -3.464636999999999856e-01 1.480004172061553241e-02 9.992360703870470928e-01 -3.616952311712600537e-02 -7.891120000000000079e-02 -9.885527618200867783e-01 2.005461656089522343e-02 1.495367829414365746e-01 4.566014799999999596e+00
1.249680536439115863e-01 3.028381881259610553e-02 9.916984803288639849e-01 -3.221330000000000027e-01 8.657391936423274384e-03 9.994627252221855995e-01 -3.161187207839977198e-02 -8.005160000000000053e-02 -9.921229939545355148e-01 1.253599655264025191e-02 1.246387325718638639e-01 4.568168599999999913e+00
1.008104451066503121e-01 2.643979465731549280e-02 9.945542677078400562e-01 -2.986495000000000122e-01 4.119164367388180453e-03 9.996271577440458689e-01 -2.699218378484539993e-02 -8.110059999999999492e-02 -9.948971236476229496e-01 6.817826562726753137e-03 1.006639488528395798e-01 4.570505100000000098e+00
7.825559409324799043e-02 2.384342980248928615e-02 9.966481590051560202e-01 -2.732096999999999998e-01 8.432886696162888301e-03 9.996623550263555869e-01 -2.457768022271998587e-02 -8.233640000000000403e-02 -9.968976619568744590e-01 1.032796196809264259e-02 7.802810254327052775e-02 4.572246100000000091e+00
4.152286753395401792e-02 2.645042593938835493e-02 9.987873779936261576e-01 -2.184811999999999865e-01 2.132854926275165944e-02 9.993982638984132416e-01 -2.735330150427799090e-02 -8.466569999999999652e-02 -9.989098780461148630e-01 2.243847330953005481e-02 4.093373251284837533e-02 4.570570899999999881e+00
1.443139597750033205e-02 3.656909942409056896e-02 9.992269190616571706e-01 -1.656129000000000073e-01 1.888337521642931283e-02 9.991427951031556232e-01 -3.683874500969051835e-02 -8.628429999999999434e-02 -9.997175365824968463e-01 1.940041135554692459e-02 1.372847728844805992e-02 4.575777099999999820e+00
9.532392921651255957e-03 3.089568357385024180e-02 9.994771584291917144e-01 -3.885589999999999877e-02 2.805362213332935825e-02 9.991208800497903830e-01 -3.115222839112172237e-02 -9.091660000000000019e-02 -9.995609675104302205e-01 2.833590981487549981e-02 8.657276972328875608e-03 4.572081599999999746e+00
1.059358344361625848e-02 3.107458047316812022e-02 9.994609279197662621e-01 -7.882099999999999523e-03 2.454389838211824826e-02 9.992077987054074351e-01 -3.132685842056693454e-02 -9.223870000000000680e-02 -9.996426226617348698e-01 2.486253114046498708e-02 9.822499847697452324e-03 4.572322400000000009e+00
1.172116664397821785e-02 3.246467189322229524e-02 9.994041521483538748e-01 2.434470000000000037e-02 2.354980556266620534e-02 9.991866216600014949e-01 -3.273380139295870711e-02 -9.353359999999999452e-02 -9.996539505801320669e-01 2.391945180263276016e-02 1.094709619016931423e-02 4.572758199999999995e+00
1.555562961107052194e-02 3.349697434556206388e-02 9.993177548193046267e-01 1.018406000000000033e-01 2.261808744159373580e-02 9.991711546913425446e-01 -3.384413912708800209e-02 -9.573329999999999340e-02 -9.996231512464521796e-01 2.312912325320667928e-02 1.478509890566748197e-02 4.568649299999999691e+00
1.590400284608835951e-02 3.086646238826614569e-02 9.993969802801614399e-01 1.730878000000000139e-01 2.257208473642070834e-02 9.992575882363682327e-01 -3.122136035935445947e-02 -9.845389999999999697e-02 -9.996187091507058309e-01 2.305501792822069879e-02 1.519547512274510570e-02 4.567213100000000026e+00
1.605123803784253358e-02 2.873057942052804209e-02 9.994583090672730652e-01 2.134351999999999916e-01 2.317207551763703077e-02 9.993079295746442048e-01 -2.909839867489125848e-02 -9.960330000000000572e-02 -9.996026273843305887e-01 2.362658873808737986e-02 1.537438229470822204e-02 4.565344800000000092e+00
1.219821084860244279e-02 2.296327360583700836e-02 9.996618886990722430e-01 3.266155000000000030e-01 2.240994187407130064e-02 9.994788863986684424e-01 -2.323252350646135694e-02 -1.036603999999999998e-01 -9.996744460859712245e-01 2.268576003974746846e-02 1.167724856827212498e-02 4.562958700000000256e+00
1.065170599794800811e-02 2.161234896988278864e-02 9.997096816232885486e-01 3.644863999999999882e-01 2.379043971741210545e-02 9.994779234588628825e-01 -2.186082103699555496e-02 -1.048179000000000055e-01 -9.996602203435850376e-01 2.401638795413192640e-02 1.013197770680374088e-02 4.562310199999999760e+00
9.158207289046330080e-03 2.068949976476981006e-02 9.997440031521740433e-01 4.015561000000000269e-01 2.080341334812580573e-02 9.995656030551203219e-01 -2.087637856815021883e-02 -1.063951999999999953e-01 -9.997416392410178876e-01 2.098927794225638813e-02 8.723816776206927415e-03 4.562271100000000246e+00
9.289293758541912124e-03 2.557560987742530517e-02 9.996297300505149197e-01 4.438793999999999795e-01 1.798852635957224472e-02 9.995068206263318933e-01 -2.573962783049868475e-02 -1.073266999999999971e-01 -9.997950399661316156e-01 1.822096871297881893e-02 8.824644938022041529e-03 4.560645100000000340e+00
7.351658055901507879e-03 3.175336096037237321e-02 9.994686974545770042e-01 5.203337000000000101e-01 1.961324392183221715e-02 9.992988573123628981e-01 -3.189223161004102469e-02 -1.104879000000000000e-01 -9.997806128279800308e-01 1.983728413684917452e-02 6.723717080759805675e-03 4.560249299999999728e+00
3.300835448939316071e-03 1.467280790431313431e-02 9.998869002009886930e-01 6.767984999999999696e-01 7.549722562944699567e-03 9.998634849266440083e-01 -1.469738750830434232e-02 -1.170275000000000065e-01 -9.999660525110647402e-01 7.597382348534447577e-03 3.189609206248888995e-03 4.561753699999999689e+00
3.260755348368734197e-03 2.000360704183933719e-02 9.997945904934041339e-01 7.560961999999999961e-01 8.125583358876257295e-03 9.997663688518932945e-01 -2.002954337417777939e-02 -1.205953000000000025e-01 -9.999616704502408693e-01 8.189225727490440782e-03 3.097452557856317235e-03 4.563783599999999829e+00
4.219326105736821014e-03 3.115881434844863102e-02 9.995055405427288875e-01 7.933632999999999935e-01 1.043910233135711581e-02 9.994586017465837413e-01 -3.120141883439195990e-02 -1.220172000000000062e-01 -9.999366092056682920e-01 1.056558957950793493e-02 3.891771718445347084e-03 4.563847499999999613e+00
4.786285537769774390e-03 3.040733279220086613e-02 9.995261305154632403e-01 8.714427000000000145e-01 1.352786347674656345e-02 9.994441451701902013e-01 -3.046961756869365906e-02 -1.253025000000000111e-01 -9.998970388897574502e-01 1.366728932496436531e-02 4.372278811131891096e-03 4.564736800000000372e+00
9.147786215137345203e-03 2.003074852942741957e-02 9.997575141606653837e-01 9.440188000000000468e-01 1.800666394411268301e-02 9.996339337218640431e-01 -2.019303358477105709e-02 -1.278475000000000028e-01 -9.997960182262008999e-01 1.818701913736114895e-02 8.783750561765946152e-03 4.560815299999999795e+00
7.713028434095309423e-03 2.053061989680618829e-02 9.997594724927729715e-01 9.835074999999999790e-01 1.690062511743958482e-02 9.996437314862319790e-01 -2.065862945409893334e-02 -1.294849000000000139e-01 -9.998274241402935747e-01 1.705590064859841340e-02 7.363300214613843764e-03 4.561992199999999720e+00
4.379409380422140743e-03 2.142572082970856107e-02 9.997608510340891819e-01 1.058716900000000072e+00 1.142967046722516596e-02 9.997040589281391831e-01 -2.147457090640577521e-02 -1.329512999999999945e-01 -9.999250888974080542e-01 1.152098301062028270e-02 4.133224404709645583e-03 4.564702999999999733e+00
-5.089028104221844260e-04 2.175370327299325571e-02 9.997632306760638743e-01 1.132452999999999932e+00 9.591814154078403404e-03 9.997174746894867958e-01 -2.174782521791511491e-02 -1.362321999999999977e-01 -9.999538679955007892e-01 9.578475577351856785e-03 -7.174165114551822597e-04 4.566901699999999842e+00
-3.034226388093880927e-03 2.194721428804322430e-02 9.997545264989903258e-01 1.169678299999999949e+00 8.095557875251818691e-03 9.997269058026827526e-01 -2.192203815529769617e-02 -1.380180000000000018e-01 -9.999626270080866908e-01 8.027054203665949170e-03 -3.211072701943318286e-03 4.568141899999999644e+00
-4.637405892126136679e-03 2.120393059456920568e-02 9.997644161470903290e-01 1.205707599999999990e+00 6.422456831399848270e-03 9.997551781006948080e-01 -2.117394410819075160e-02 -1.394909000000000010e-01 -9.999686227651548576e-01 6.322751631107489771e-03 -4.772451882507411369e-03 4.568371800000000427e+00
-8.677789032577631553e-03 2.043496227978281593e-02 9.997535237717994905e-01 1.278110300000000032e+00 6.708447215679509169e-03 9.997698594489647927e-01 -2.037706733932910172e-02 -1.429951999999999890e-01 -9.999398445473911545e-01 6.529965851439382962e-03 -8.812878787236244627e-03 4.570489399999999591e+00
-1.308914355444290405e-02 2.120709667234497650e-02 9.996894184554225848e-01 1.354133100000000089e+00 7.021549967627483541e-03 9.997523650258470784e-01 -2.111649737237766833e-02 -1.467395999999999978e-01 -9.998896799932797119e-01 6.742972338319142521e-03 -1.323480891367023737e-02 4.572713399999999595e+00
-1.393752992865877546e-02 2.055293700401272100e-02 9.996916134688719202e-01 1.406009400000000076e+00 9.392624023328169716e-03 9.997473052269773008e-01 -2.042313162454422251e-02 -1.480793999999999999e-01 -9.998587519612175400e-01 9.105079456333400184e-03 -1.412705399755076474e-02 4.570043100000000358e+00
-1.653015687159151842e-02 1.956643696082598777e-02 9.996719004045572232e-01 1.482327900000000032e+00 8.233280553501842389e-03 9.997772734864910360e-01 -1.943235732599986679e-02 -1.512574999999999892e-01 -9.998294689621466391e-01 7.909359302499478078e-03 -1.668757113231467137e-02 4.570089799999999869e+00
-1.778714154778577444e-02 1.901727196007827955e-02 9.996609229947699404e-01 1.516832699999999923e+00 6.799879816640271891e-03 9.997982763835975284e-01 -1.889889348260211099e-02 -1.525616999999999945e-01 -9.998186731753104795e-01 6.461416840284550482e-03 -1.791286862503616018e-02 4.570100300000000004e+00
-1.828737950944792079e-02 1.760847210822540782e-02 9.996777047932454696e-01 1.551225099999999912e+00 5.762222515251230574e-03 9.998301583745443644e-01 -1.750574752526452144e-02 -1.541626000000000107e-01 -9.998161673739638378e-01 5.440231129963222709e-03 -1.838573748562788435e-02 4.570048299999999841e+00
-1.925378870434711967e-02 1.976179505400058045e-02 9.996193090755960409e-01 1.622854500000000089e+00 5.737998808057936766e-03 9.997903629522403302e-01 -1.965465638229790465e-02 -1.573130000000000084e-01 -9.997981631260417501e-01 5.357387802946153056e-03 -1.936314555338991550e-02 4.570242399999999705e+00
-1.945476849799342503e-02 2.260596266861212428e-02 9.995551422680567510e-01 1.656709200000000104e+00 5.764054068730527572e-03 9.997302774187568630e-01 -2.249773528398488903e-02 -1.591036000000000117e-01 -9.997941226389474023e-01 5.323801653031650857e-03 -1.957982309871419968e-02 4.570218999999999809e+00
-1.913144600218986968e-02 2.443928237895100913e-02 9.995182385782999113e-01 1.689921699999999971e+00 3.683304169241775200e-03 9.996961457019811759e-01 -2.437313149761775183e-02 -1.606009999999999938e-01 -9.998101925086892994e-01 3.215236446237701093e-03 -1.921565014077442068e-02 4.570006799999999814e+00
-1.877171626772725435e-02 2.572068801592408693e-02 9.994929058659456356e-01 1.725122999999999962e+00 4.720333706798056014e-03 9.996601905469766347e-01 -2.563633915516922920e-02 -1.616394999999999915e-01 -9.998126530095829967e-01 4.236701968500500987e-03 -1.888674769169362833e-02 4.568547200000000252e+00
-2.350583876003117800e-02 2.457912430686533256e-02 9.994215037673019886e-01 1.845482700000000031e+00 2.666503037105775673e-03 9.996957060621951552e-01 -2.452315318963294022e-02 -1.699318999999999968e-01 -9.997201434930380604e-01 2.088523190381275096e-03 -2.356422638540711656e-02 4.581901099999999616e+00
-2.263643900005443341e-02 2.477225666357589506e-02 9.994368048702182428e-01 1.879495399999999927e+00 -1.570503457594824015e-04 9.996928627630713438e-01 -2.478216043374523170e-02 -1.717621000000000009e-01 -9.997437506504283089e-01 -7.179417587176595977e-04 -2.262559601525182540e-02 4.583282900000000382e+00
-2.296907263670684360e-02 2.344638813595575910e-02 9.994611991396102901e-01 1.913179600000000091e+00 2.069827800027238679e-03 9.997239231654909686e-01 -2.340498373162622214e-02 -1.732220999999999900e-01 -9.997340333884245922e-01 1.531121803635057677e-03 -2.301126139381570734e-02 4.583770799999999923e+00
-2.341517497660472805e-02 2.311493346067586274e-02 9.994585681417332834e-01 1.947127300000000005e+00 2.918013059268750181e-03 9.997299892479165617e-01 -2.305284794003950588e-02 -1.745066000000000117e-01 -9.997215686282862057e-01 2.376646685810534718e-03 -2.347630230530151074e-02 4.583985799999999777e+00
-4.429175020923786094e-02 2.860521711426229977e-02 9.986090238012310660e-01 2.074307699999999866e+00 1.187524574250278103e-03 9.995907838467855688e-01 -2.858066888570781616e-02 -1.809310000000000085e-01 -9.990179330966924010e-01 -8.001509126667402660e-05 -4.430759470787304366e-02 4.582652099999999784e+00
-5.630362940427968699e-02 2.953223270809123349e-02 9.979768276604326083e-01 2.135343100000000049e+00 -3.129503075530445239e-03 9.995523105566671562e-01 -2.975541415151771590e-02 -1.842778999999999945e-01 -9.984087877850464920e-01 -4.798509362629354777e-03 -5.618600165068676766e-02 4.582131399999999743e+00
-6.830391875685150327e-02 2.887717343408116241e-02 9.972465510278363254e-01 2.208705199999999813e+00 -5.708688047055546916e-03 9.995533353612359173e-01 -2.933497313805039780e-02 -1.884099999999999941e-01 -9.976482273643543230e-01 -7.696663087775801673e-03 -6.810855903683787904e-02 4.583767400000000158e+00
-7.486727350614259813e-02 2.497151659014315919e-02 9.968807926311676892e-01 2.273387000000000047e+00 -7.128154798444117507e-03 9.996474626842090094e-01 -2.557615604801385251e-02 -1.917866000000000015e-01 -9.971680303574349535e-01 -9.020737675553064036e-03 -7.466287916269365166e-02 4.583233400000000124e+00
-7.662864266872954078e-02 2.162175426933097416e-02 9.968252358688886039e-01 2.307878300000000049e+00 -5.235338008704612522e-03 9.997423339811341014e-01 -2.208748247060076178e-02 -1.934300999999999937e-01 -9.970459579972646980e-01 -6.911250847071816195e-03 -7.649570087950086084e-02 4.582562399999999592e+00
-7.974591327421051701e-02 1.844601826361784089e-02 9.966445372981685979e-01 2.379127700000000178e+00 -6.767493610009857156e-03 9.997957076855581438e-01 -1.904583743951559355e-02 -1.966919000000000028e-01 -9.967922503442233628e-01 -8.263613238302906436e-03 -7.960478848629126691e-02 4.582959699999999970e+00
-7.970671210719033895e-02 2.214279696477389550e-02 9.965723940525534896e-01 2.411476599999999859e+00 -5.329853087338066314e-03 9.997294923648499809e-01 -2.263923059617448108e-02 -1.981250999999999984e-01 -9.968041094975124139e-01 -7.116083086654468801e-03 -7.956713297822759490e-02 4.581007999999999747e+00
-8.122970248903688129e-02 2.608033444696127717e-02 9.963541296088842536e-01 2.444634900000000055e+00 5.761412840465038321e-04 9.996586521805015391e-01 -2.611986182742792248e-02 -1.995827000000000018e-01 -9.966952410314617872e-01 -1.547667857698817317e-03 -8.121700086459038292e-02 4.579986100000000171e+00
-8.227886201277753719e-02 2.998336989279754006e-02 9.961582135362603285e-01 2.555676500000000129e+00 6.580690153385393079e-03 9.995418870370135211e-01 -2.954167523332396419e-02 -2.057554000000000050e-01 -9.965876195212275412e-01 4.124753126883099613e-03 -8.243848026652855765e-02 4.579215999999999731e+00
-8.267936949802608126e-02 2.223364310324074319e-02 9.963281522539479962e-01 2.663270199999999921e+00 9.206973765719949493e-03 9.997254754841889968e-01 -2.154542415431728170e-02 -2.125219999999999887e-01 -9.965336690215167437e-01 7.391805075203834903e-03 -8.286137655291503368e-02 4.579480199999999890e+00
-8.347904631283727117e-02 2.324899929466074655e-02 9.962382912027100135e-01 2.696776400000000073e+00 7.944778610064387459e-03 9.997115627784239900e-01 -2.266432747641766374e-02 -2.145018999999999953e-01 -9.964778619314810237e-01 6.022896223421204953e-03 -8.363967600096056110e-02 4.579596999999999696e+00
-8.598361958137819283e-02 2.408588889936461724e-02 9.960053650054363494e-01 2.732273800000000197e+00 7.112470376368248276e-03 9.996970964838102214e-01 -2.356115546794559229e-02 -2.164514999999999911e-01 -9.962711628511740081e-01 5.058185224651472536e-03 -8.612888501195747892e-02 4.579951799999999906e+00
-9.004039777673757128e-02 2.382368185203905669e-02 9.956531318442278788e-01 2.770136100000000212e+00 8.128767352240764618e-03 9.996981356298936250e-01 -2.318535657366313854e-02 -2.190616999999999981e-01 -9.959049401973762983e-01 6.005813943803502836e-03 -9.020687495602763839e-02 4.582491400000000326e+00
-9.140273188745692834e-02 2.413024240669403228e-02 9.955216080050212080e-01 2.807363500000000123e+00 8.245765503813767133e-03 9.996904364040610780e-01 -2.347421379970079935e-02 -2.212607000000000046e-01 -9.957798692255056539e-01 6.063230463386118721e-03 -9.157340924953094596e-02 4.583883300000000105e+00
-9.362555637325091495e-02 2.335376734206023180e-02 9.953335404500001093e-01 2.845863099999999868e+00 8.041633691301010647e-03 9.997099785411344142e-01 -2.270002054755707738e-02 -2.230935000000000001e-01 -9.955750033630685891e-01 5.878805679515377094e-03 -9.378620539508120135e-02 4.583238099999999982e+00
-9.549316279909876581e-02 2.367383755933047396e-02 9.951485342770896025e-01 2.882980599999999782e+00 5.798381836919571861e-03 9.997134241406189226e-01 -2.322602766536063790e-02 -2.251596999999999904e-01 -9.954131979367657479e-01 3.552324345164758687e-03 -9.560306671361884501e-02 4.583992000000000289e+00
-9.760280261185805273e-02 2.659402345294609865e-02 9.948700673147700124e-01 2.997124400000000133e+00 4.877027181109321041e-03 9.996436920513800395e-01 -2.624316192383039162e-02 -2.315837000000000034e-01 -9.952134984656234584e-01 2.290602206803549201e-03 -9.769772573271495730e-02 4.583814600000000183e+00
-9.827464614583969471e-02 2.251543644999184218e-02 9.949045929366174823e-01 3.067790500000000087e+00 2.740560318409012222e-03 9.997463550833241008e-01 -2.235430219777210376e-02 -2.351048000000000027e-01 -9.951555573145592914e-01 5.297349096817418473e-04 -9.831142419309313318e-02 4.581473400000000140e+00
-1.009818620543622425e-01 2.054751714790336095e-02 9.946760593656058802e-01 3.106329899999999977e+00 -2.826879516533119252e-04 9.997860692249737058e-01 -2.068177630664371630e-02 -2.369380000000000097e-01 -9.948882266986356360e-01 -2.369667219817324713e-03 -1.009544503908152979e-01 4.580050499999999580e+00
-1.059143609822371795e-01 2.026145119571658854e-02 9.941688094751153226e-01 3.183649299999999904e+00 2.495704664455469443e-03 9.997946540470407095e-01 -2.011022618435578252e-02 -2.412932000000000132e-01 -9.943721232999003234e-01 3.511899795388892520e-04 -1.059431784951070377e-01 4.579289900000000024e+00
-1.063226763642154959e-01 2.171840211896737191e-02 9.940944620608995752e-01 3.220477100000000092e+00 1.814396293800323717e-03 9.997640036484560788e-01 -2.164820950792642473e-02 -2.428331999999999991e-01 -9.943300239140118180e-01 -4.980142657252748656e-04 -1.063369903888190526e-01 4.577231399999999617e+00
-1.091916758806112525e-01 2.507777653405925816e-02 9.937043237515328364e-01 3.261630300000000204e+00 3.461768505375635921e-03 9.996852389462116406e-01 -2.484832372355867680e-02 -2.450577999999999923e-01 -9.940146850410203072e-01 7.267442214193269717e-04 -1.092441200506366616e-01 4.577001600000000003e+00
-1.105621358458383913e-01 2.883903630807189977e-02 9.934507154871992096e-01 3.297062400000000171e+00 5.521454983217767912e-03 9.995813177134259542e-01 -2.840251420489334905e-02 -2.472708999999999879e-01 -9.938538764084359212e-01 2.345050769723277737e-03 -1.106750788787284057e-01 4.576065100000000108e+00
-1.127266514114502460e-01 3.356567782984980208e-02 9.930589344713558475e-01 3.371889799999999937e+00 8.948120515142869713e-03 9.994230250677187399e-01 -3.276504393002601517e-02 -2.512960000000000194e-01 -9.935857452685241675e-01 5.192517338708166341e-03 -1.129619606897798167e-01 4.573244100000000145e+00
-1.121617659930752436e-01 3.274532430975946734e-02 9.931502816719952609e-01 3.407834100000000088e+00 1.260035715340643465e-02 9.994234062214857328e-01 -3.152913091491141989e-02 -2.532526999999999973e-01 -9.936100690154672233e-01 8.977685252430015264e-03 -1.125096969980236006e-01 4.569868099999999878e+00
-1.091254795551141743e-01 2.940211091965489604e-02 9.935930482774802952e-01 3.486492199999999819e+00 1.244375576438382265e-02 9.995245346837595690e-01 -2.821094659330312948e-02 -2.570748999999999951e-01 -9.939500906254515877e-01 9.285496146256677630e-03 -1.094394668617091337e-01 4.562668300000000343e+00
-1.033930865122163617e-01 2.426748772276010949e-02 9.943444869365457572e-01 3.567645999999999873e+00 1.173172760716781685e-02 9.996625304346884455e-01 -2.317739873814188278e-02 -2.603808000000000233e-01 -9.945713831740926603e-01 9.268995875567745402e-03 -1.036428940479285910e-01 4.555927800000000083e+00
