1.000000000000000000e+00 0.000000000000000000e+00 0.000000000000000000e+00 0.000000000000000000e+00 0.000000000000000000e+00 1.000000000000000000e+00 0.000000000000000000e+00 0.000000000000000000e+00 0.000000000000000000e+00 0.000000000000000000e+00 1.000000000000000000e+00 0.000000000000000000e+00
9.999998062638041363e-01 -5.892293413847766006e-04 -2.007016129030386937e-04 -2.221000000000000047e-04 5.895701618574797657e-04 9.999983772209747324e-01 1.702340283653405338e-03 -8.176999999999999807e-04 1.996982183645210432e-04 -1.702458281530879131e-03 9.999985308771315307e-01 5.105450000000000266e-02
9.999986599055027403e-01 -1.525265882516739849e-03 -5.947698600219529421e-04 -2.696999999999999962e-04 1.526331747515061264e-03 9.999972228001728913e-01 1.795745900189477280e-03 -1.633099999999999960e-03 5.920292182719721040e-04 -1.796651309840094357e-03 9.999982107711371526e-01 1.023398999999999975e-01
9.999947845031745830e-01 -3.172594999118593349e-03 -6.046547948359776766e-04 -5.203000000000000159e-04 3.172996634591350798e-03 9.999947452910714629e-01 6.644415715922200516e-04 -2.337800000000000121e-03 6.025436135437885633e-04 -6.663566738284168933e-04 9.999995964549071026e-01 1.535227000000000119e-01
9.999931719796133489e-01 -3.654176897319377955e-03 -5.504410547059846804e-04 -6.698000000000000178e-04 3.654610168132496617e-03 9.999930112617884115e-01 7.881954705045963279e-04 -3.208499999999999980e-03 5.475570021386627845e-04 -7.902017361653409589e-04 9.999995378811660229e-01 2.053202000000000083e-01
9.999915632380952379e-01 -4.067551290890524321e-03 -5.731309855312081113e-04 -6.972999999999999815e-04 4.068429090880617410e-03 9.999905398881067109e-01 1.538836906631517064e-03 -3.911699999999999726e-03 5.668662656019163998e-04 -1.541155666605345574e-03 9.999986517500152328e-01 2.569543000000000244e-01
9.999841096643750094e-01 -5.604268811701071731e-03 -6.104013707122320697e-04 -7.284999999999999809e-04 5.606074089312997055e-03 9.999797944656264592e-01 2.997097560718435874e-03 -4.876400000000000352e-03 5.935924968411948046e-04 -3.000471891140726530e-03 9.999953223972490868e-01 3.091870999999999925e-01
9.999869941644964344e-01 -5.027396182823357096e-03 -8.583644193154162886e-04 -9.636000000000000034e-04 5.030158142705513924e-03 9.999820788832478602e-01 3.246447504162114795e-03 -5.374099999999999711e-03 8.420278586762808704e-04 -3.250722990173132449e-03 9.999943618786689692e-01 3.612698999999999772e-01
9.999903321084827601e-01 -4.229153613282185704e-03 -1.204138398060706138e-03 -1.152699999999999992e-03 4.230824242379956600e-03 9.999900863868624867e-01 1.388255821324168530e-03 -6.113699999999999690e-03 1.198255313575550358e-03 -1.393336897743185573e-03 9.999983113968208270e-01 4.132725999999999900e-01
9.999982924630503867e-01 -1.350091905546006981e-03 -1.261872747277506838e-03 -1.637199999999999897e-03 1.349106728591942510e-03 9.999987847778473160e-01 -7.812514726131397635e-04 -6.925100000000000006e-03 1.262925975111161550e-03 7.795477375834043016e-04 9.999988986610466313e-01 4.654017999999999766e-01
9.999975876831556088e-01 2.004390997740552495e-03 -8.983566094666532546e-04 -2.152299999999999786e-03 -2.005605535662229565e-03 9.999970733296887904e-01 -1.353099587041124447e-03 -8.027499999999999913e-03 8.956418396417237422e-04 1.354898071925143572e-03 9.999986810375850466e-01 5.174788000000000165e-01
9.999897513147699701e-01 4.433996413702324946e-03 -9.148449200626741036e-04 -2.454099999999999858e-03 -4.435577180780476969e-03 9.999886608158340406e-01 -1.733174782924842448e-03 -8.724799999999999570e-03 9.071496556958342150e-04 1.737214885413426767e-03 9.999980795801280964e-01 5.701521999999999979e-01
9.999848879768623577e-01 5.401520526905813184e-03 -1.023422639681168889e-03 -2.590900000000000147e-03 -5.402437793344515467e-03 9.999850056360872763e-01 -8.956388130295986480e-04 -9.588599999999999207e-03 1.018569482676399919e-03 9.011542552623111107e-04 9.999990752181809883e-01 6.229548000000000307e-01
9.999956517349389840e-01 2.876245644277817225e-03 -6.509394813866519044e-04 -2.716800000000000118e-03 -2.874945366789663156e-03 9.999938877993737041e-01 1.989736925247181584e-03 -1.054949999999999985e-02 6.566584748784470718e-04 -1.987856857897555597e-03 9.999978086099788888e-01 6.756014999999999660e-01
9.999987460146355644e-01 -1.521923196998406849e-03 -4.378572128117031478e-04 -2.832799999999999901e-03 1.523669614573155886e-03 9.999907740028559644e-01 4.016259463052492505e-03 -1.141050000000000050e-02 4.317407347003242974e-04 -4.016921576452589342e-03 9.999918389371917904e-01 7.284593999999999792e-01
9.999914565419435464e-01 -4.068618520991369378e-03 -7.301961742194617872e-04 -3.000899999999999922e-03 4.069761219489242618e-03 9.999904855289103445e-01 1.570316933134525582e-03 -1.203809999999999950e-02 7.238002062310948392e-04 -1.573275241270129807e-03 9.999985004580139725e-01 7.811966999999999661e-01
9.999871123398075268e-01 -5.028385054804056058e-03 -7.003556480599593733e-04 -3.197199999999999868e-03 5.027982502294304525e-03 9.999871940929535574e-01 -5.753625450223128152e-04 -1.272599999999999947e-02 7.032398237931151378e-04 5.718337540015166033e-04 9.999995892298696454e-01 8.339083999999999941e-01
9.999999425647021489e-01 1.806240847384172081e-04 2.867848193406602572e-04 -3.688299999999999825e-03 -1.805759023401408783e-04 9.999999695798211796e-01 -1.680258920291005469e-04 -1.459500000000000033e-02 -2.868151601395748838e-04 1.679740959509534693e-04 9.999999447608820535e-01 9.405742999999999743e-01
9.999978002730807169e-01 -1.459747724706660955e-03 1.506182452443158900e-03 -4.376900000000000408e-03 1.451840760349666724e-03 9.999852303800331743e-01 5.237478419868746814e-03 -1.581389999999999879e-02 -1.513805603907339078e-03 -5.235280161769496378e-03 9.999851500068495103e-01 1.048173699999999986e+00
9.999793676111610186e-01 -6.271678122174449525e-03 1.389390339107307668e-03 -4.701499999999999950e-03 6.269453496308890171e-03 9.999790671362467354e-01 1.599763163529609698e-03 -1.761110000000000106e-02 -1.399394454822008166e-03 -1.591019438474715244e-03 9.999977551736334291e-01 1.155665299999999895e+00
9.999926992629444289e-01 -2.884436898129890108e-03 2.506281027969590146e-03 -5.061600000000000300e-03 2.888750444802745242e-03 9.999943497502570278e-01 -1.719182488394496808e-03 -1.931350000000000081e-02 -2.501307993451711877e-03 1.726409957529546468e-03 9.999953814728248513e-01 1.264662100000000011e+00
9.999957698814196938e-01 -3.853709117464523761e-04 2.883003386615389310e-03 -5.237399999999999695e-03 3.914278307524475379e-04 9.999977170520429892e-01 -2.100636797621289673e-03 -2.233030000000000084e-02 -2.882187280550750630e-03 2.101756399440215910e-03 9.999936377880197513e-01 1.427317699999999911e+00
9.999909621288758377e-01 3.273675744697212512e-03 2.712693805749572494e-03 -5.816799999999999575e-03 -3.273509721323909858e-03 9.999946398983704521e-01 -6.564017553929761767e-05 -2.449919999999999876e-02 -2.712894150085624900e-03 5.675955274775414659e-05 9.999963184850649833e-01 1.536564500000000111e+00
9.999640696239439075e-01 7.977019242681501754e-03 2.868209392988549291e-03 -6.329800000000000010e-03 -7.976037265556144840e-03 9.999681283756260974e-01 -3.536417478094199354e-04 -2.600869999999999918e-02 -2.870938985523441896e-03 3.307520963245371803e-04 9.999958241474772302e-01 1.647228399999999926e+00
9.999674774238304087e-01 7.761940449867522733e-03 2.190062801405332719e-03 -6.404400000000000197e-03 -7.761534275494697856e-03 9.999698600398801984e-01 -1.939007806574751837e-04 -2.818400000000000072e-02 -2.191501839312484743e-03 1.768962270059734891e-04 9.999975830107856734e-01 1.757069699999999957e+00
9.999779988761169358e-01 6.599875832826532403e-03 6.658849059019193934e-04 -6.664599999999999691e-03 -6.599651187233035281e-03 9.999781646034922034e-01 -3.389991710856112114e-04 -3.008600000000000163e-02 -6.681077184775666448e-04 3.345971046130557483e-04 9.999997208383880620e-01 1.867856299999999914e+00
9.999750822145015983e-01 6.822818939430679540e-03 -1.812206340508334002e-03 -6.797700000000000270e-03 -6.822296737767841006e-03 9.999766845898144796e-01 2.941835901600115162e-04 -3.184340000000000087e-02 1.814171249544777476e-03 -2.818128503514025652e-04 9.999983146806772361e-01 1.979777099999999956e+00
9.999663887906968807e-01 7.312645651158409740e-03 -3.707627607178540317e-03 -7.660100000000000416e-03 -7.307627701311455656e-03 9.999723670784239626e-01 1.365158215334195350e-03 -3.343700000000000144e-02 3.717508072882144774e-03 -1.338018368507323027e-03 9.999921948898269353e-01 2.090914000000000161e+00
9.999772275970955082e-01 4.175485153880748902e-03 -5.301849767435076397e-03 -8.100800000000000015e-03 -4.162460715679230060e-03 9.999882981717568287e-01 2.465246507773267374e-03 -3.525280000000000080e-02 5.312081326293590852e-03 -2.443121626809151379e-03 9.999829063282529296e-01 2.203286600000000206e+00
9.999812971697926711e-01 -1.971994880569008632e-04 -6.112808109260860732e-03 -8.993799999999999711e-03 2.115983295001757768e-04 9.999972046844685103e-01 2.354962716501584567e-03 -3.701349999999999779e-02 6.112326624591325232e-03 -2.356212132018228270e-03 9.999785436336238176e-01 2.314076899999999881e+00
9.999793668701839611e-01 -3.638946774030522077e-03 -5.293760504764637859e-03 -9.755899999999999642e-03 3.659801353565016960e-03 9.999855602164007262e-01 3.935125505444038441e-03 -3.845289999999999819e-02 5.279364351745082645e-03 -3.954418423349429640e-03 9.999782452068517458e-01 2.424073899999999782e+00
9.999606664300962899e-01 -7.482344319140652421e-03 -4.762364556347876456e-03 -1.032710000000000052e-02 7.494296212370529266e-03 9.999688003276282489e-01 2.496777043539889947e-03 -4.021009999999999862e-02 4.743534226606112118e-03 -2.532369407042079322e-03 9.999855428896096132e-01 2.534737799999999819e+00
9.999834407181499296e-01 -4.737381491999632585e-03 -3.267339298192835622e-03 -1.137510000000000084e-02 4.743375623459359855e-03 9.999870770184288160e-01 1.829257727497299747e-03 -4.153699999999999753e-02 3.258631182724955073e-03 -1.844725653883632320e-03 9.999929891304621954e-01 2.642547800000000002e+00
9.999974504477237014e-01 6.588645506855479424e-04 -2.159860077943402158e-03 -1.236510000000000040e-02 -6.487310426221639835e-04 9.999887957251646364e-01 4.689090761485280139e-03 -4.341710000000000014e-02 2.162925353955172901e-03 -4.687677638122973202e-03 9.999866736273410606e-01 2.750786499999999801e+00
9.999508367718227264e-01 9.911911778736248041e-03 -2.793639601272813111e-04 -1.409129999999999931e-02 -9.910597913664161845e-03 9.999413554593025166e-01 4.366427739763708606e-03 -4.489080000000000154e-02 3.226272235009168023e-04 -4.363444408200027776e-03 9.999904280864748696e-01 2.858158599999999883e+00
9.998972278927488189e-01 1.432147454053906040e-02 6.549957106949200279e-04 -1.450459999999999944e-02 -1.432374242894030557e-02 9.998909299896074909e-01 3.599795459075157480e-03 -4.626059999999999894e-02 -6.033698912876544421e-04 -3.608807490362209505e-03 9.999933062042324350e-01 2.965640099999999890e+00
9.999047750285765535e-01 1.375258150937733181e-02 1.143405824558489962e-03 -1.481870000000000062e-02 -1.375671609684375046e-02 9.998985616491573580e-01 3.690416531668877943e-03 -4.807940000000000130e-02 -1.092537085201973060e-03 -3.705794621172037954e-03 9.999925366966211371e-01 3.071502000000000177e+00
9.999343203015369497e-01 1.143795691990477995e-02 7.267906174624995863e-04 -1.575789999999999830e-02 -1.144004275790932307e-02 9.999302570171081372e-01 2.933687678887753232e-03 -4.976479999999999793e-02 -6.931845356293262752e-04 -2.941809510905437838e-03 9.999954326155701123e-01 3.178124700000000136e+00
9.999391744590122588e-01 1.102752468141001904e-02 -2.026860382621825294e-04 -1.600789999999999852e-02 -1.102691933897411228e-02 9.999353429116649705e-01 2.777957167212612849e-03 -5.140510000000000218e-02 2.333069243984392700e-04 -2.775553193870022514e-03 9.999961209286499786e-01 3.284192299999999953e+00
9.999384347686397501e-01 1.091807319678658912e-02 -1.980492391387740289e-03 -1.716720000000000051e-02 -1.091115847164012172e-02 9.999344533034323357e-01 3.469253172155003194e-03 -5.269070000000000004e-02 2.018240136725680395e-03 -3.447430120446503057e-03 9.999920209343248212e-01 3.391006899999999824e+00
9.999692682941109245e-01 6.749761946470048991e-03 -3.987879261736734446e-03 -1.836110000000000173e-02 -6.730897640800836447e-03 9.999661839137911068e-01 4.725044533018824683e-03 -5.416990000000000000e-02 4.019637333052175632e-03 -4.698057317225301857e-03 9.999808852038896134e-01 3.496753200000000117e+00
9.999799736676410200e-01 2.464636532256903999e-03 -5.829050559732210784e-03 -1.830170000000000061e-02 -2.436524669707479818e-03 9.999853916816341393e-01 4.824911487546511280e-03 -5.599069999999999742e-02 5.840857060222977293e-03 -4.810612236775698575e-03 9.999713707895389048e-01 3.601159800000000022e+00
9.999815900975774774e-01 1.439907825499360744e-03 -5.894584919606198938e-03 -1.911320000000000033e-02 -1.413672050721796703e-03 9.999890879890769302e-01 4.452576120306132000e-03 -5.675000000000000183e-02 5.900931897030429855e-03 -4.444161138862774869e-03 9.999727138449920893e-01 3.652534699999999912e+00
9.999790436678450689e-01 1.768898630017164174e-03 -6.227617745072756492e-03 -2.006080000000000016e-02 -1.749478475297653506e-03 9.999935947638662892e-01 3.122459976529582196e-03 -5.844089999999999702e-02 6.233101170885314152e-03 -3.111499458023786642e-03 9.999757332160197354e-01 3.756181499999999840e+00
9.999780297546828622e-01 3.897846478877688321e-03 -5.361604309320769368e-03 -2.146970000000000128e-02 -3.882502727952676785e-03 9.999883468035903888e-01 2.869221077178786723e-03 -6.012030000000000152e-02 5.372725612765484257e-03 -2.848341596330711267e-03 9.999815102138841505e-01 3.857869399999999782e+00
9.999772090241989542e-01 3.431499373298130869e-03 -5.814313736333132261e-03 -2.140349999999999892e-02 -3.406846063564114308e-03 9.999851877713291648e-01 4.244718817387491648e-03 -6.060349999999999765e-02 5.828793363350198535e-03 -4.224813604238688604e-03 9.999740877232453640e-01 3.909184699999999957e+00
9.999747833921086571e-01 4.481816682735233377e-03 -5.508711203886794937e-03 -2.274889999999999898e-02 -4.458506703911628739e-03 9.999810867244715018e-01 4.236497529346517667e-03 -6.223030000000000228e-02 5.527594221417380348e-03 -4.211830073417045621e-03 9.999758528032344218e-01 4.011331099999999594e+00
9.999768474824312081e-01 3.633570958760819029e-03 -5.753404312771698455e-03 -2.354480000000000114e-02 -3.627986112746233067e-03 9.999929378076827247e-01 9.808422532316201335e-04 -6.417249999999999344e-02 5.756927641050430845e-03 -9.599462733163700119e-04 9.999829679985994257e-01 4.111245199999999933e+00
9.999850891047172841e-01 -1.823865297964654070e-03 -5.147337525889415441e-03 -2.451729999999999882e-02 1.846112561820657067e-03 9.999889618441777372e-01 4.320654836099667093e-03 -6.573060000000000014e-02 5.139400416355690074e-03 -4.330092975734329067e-03 9.999774181741214463e-01 4.212466199999999716e+00
9.999817454746808831e-01 -4.690297101426714639e-03 -3.809177143564899080e-03 -2.501859999999999848e-02 4.703246268977276552e-03 9.999831675735803005e-01 3.397652725385612825e-03 -6.716450000000000198e-02 3.793177025141379437e-03 -3.415506201036256663e-03 9.999869729778717575e-01 4.313412699999999766e+00
9.999979643158404263e-01 -9.420396819140296760e-04 -1.784355741686655724e-03 -2.609859999999999958e-02 9.403591143004038722e-04 9.999991137660350082e-01 -9.424393246982457149e-04 -6.881579999999999642e-02 1.785241975571653754e-03 9.407594710045916620e-04 9.999979639392804209e-01 4.413143599999999722e+00
9.999928954166594774e-01 3.623329612208313778e-03 1.039518507444685573e-03 -2.686320000000000027e-02 -3.623857220999444299e-03 9.999933057296325201e-01 5.061173416116764934e-04 -7.018459999999999976e-02 -1.037677718675630812e-03 -5.098808125084088516e-04 9.999993316230312290e-01 4.513174499999999867e+00
9.999923124078380354e-01 2.738528523417787033e-03 2.806347582029917152e-03 -2.738590000000000121e-02 -2.748652223662118206e-03 9.999897065533601692e-01 3.609944359401276448e-03 -7.180680000000000396e-02 -2.796432759444657072e-03 -3.617630281143029147e-03 9.999895463028455334e-01 4.612954099999999613e+00
9.999749243156267342e-01 4.976124828035765994e-03 5.038742070424186148e-03 -2.744370000000000143e-02 -4.988604668576731953e-03 9.999845131422652189e-01 2.467245242634253689e-03 -7.320050000000000168e-02 -5.026386715833854740e-03 -2.492319666987550045e-03 9.999842617657841437e-01 4.712451899999999583e+00
9.999458770251717921e-01 7.374275835061104047e-03 7.339146835184691756e-03 -2.742719999999999880e-02 -7.382322549762644452e-03 9.999721779011774281e-01 1.069923991353967851e-03 -7.443660000000000554e-02 -7.331052730081376659e-03 -1.124046033062118871e-03 9.999724957149492832e-01 4.812638800000000217e+00
9.999224072842778366e-01 7.799343041971142955e-03 9.713375259324868657e-03 -2.765369999999999981e-02 -7.798754385689760267e-03 9.999695844034286463e-01 -9.847875907120648637e-05 -7.597879999999999912e-02 -9.713847890845979730e-03 2.271888993333896404e-05 9.999528192084892186e-01 4.913207100000000160e+00
9.999133443582164382e-01 6.523481601912671859e-03 1.143450751699764609e-02 -2.707920000000000119e-02 -6.547827385499678174e-03 9.999763723585877173e-01 2.093007665708539970e-03 -7.785400000000000653e-02 -1.142058364955439789e-02 -2.167697476245509288e-03 9.999324333957544386e-01 5.013236499999999651e+00
9.999303217786394971e-01 3.074238203192460658e-03 1.139739650694282860e-02 -2.597440000000000165e-02 -3.105248762677284297e-03 9.999915224694402305e-01 2.704148548635612170e-03 -7.942249999999999310e-02 -1.138898668839031375e-02 -2.739351879775375493e-03 9.999313911131555432e-01 5.113935500000000189e+00
9.999432975965051318e-01 6.273647360423001808e-04 1.063052234442338553e-02 -2.522929999999999964e-02 -6.566158183796958663e-04 9.999960077165578332e-01 2.748346159631116087e-03 -8.072780000000000233e-02 -1.062875568890205707e-02 -2.755170490927215908e-03 9.999397174770445762e-01 5.214386900000000047e+00
9.999638915111874748e-01 -2.286233894519698693e-03 8.184669106420178544e-03 -2.445999999999999910e-02 2.258518756693500117e-03 9.999916903398604617e-01 3.393868626528255463e-03 -8.230490000000000028e-02 -8.192360272089067516e-03 -3.375260850366743320e-03 9.999607456532302319e-01 5.314608100000000057e+00
9.999766203740418913e-01 -4.007889067619807913e-03 5.540354729698918415e-03 -2.385699999999999973e-02 3.988452086703297289e-03 9.999858688905809423e-01 3.514864023256070603e-03 -8.381479999999999486e-02 -5.554363623432990657e-03 -3.492684407667168926e-03 9.999784748685178748e-01 5.414842100000000436e+00
9.999853156210045668e-01 -3.713632266026480923e-03 3.946831355976745080e-03 -2.419800000000000076e-02 3.703934740611803528e-03 9.999901108529344329e-01 2.461516559567525093e-03 -8.525950000000000195e-02 -3.955933492499991329e-03 -2.446861607950723012e-03 9.999891816707190406e-01 5.514376200000000061e+00
9.999370212286636805e-01 -1.105224482176567734e-02 1.949733506597978346e-03 -2.418729999999999838e-02 1.105300750198061170e-02 9.999388411263947507e-01 -3.808306235109707978e-04 -8.696859999999999313e-02 -1.945405229806215601e-03 4.023570583415052348e-04 9.999980267516977994e-01 5.614347500000000046e+00
9.996636500929032554e-01 -2.592503526876764955e-02 -6.922638561834887263e-04 -2.361380000000000076e-02 2.592732481775373091e-02 9.996575861268903740e-01 3.533316678889005663e-03 -8.878999999999999393e-02 6.004254559193566553e-04 -3.550076798011178071e-03 9.999935182009931367e-01 5.715573799999999594e+00
9.995954235739987759e-01 -2.839773821779539506e-02 -1.599260463954076030e-03 -2.353169999999999915e-02 2.839326494870842224e-02 9.995930373353496545e-01 -2.753582437960355560e-03 -9.074100000000000221e-02 1.676805137888512202e-03 2.707060177343863401e-03 9.999949300620107895e-01 5.815912199999999643e+00
9.996952995015501164e-01 -2.468276790631897949e-02 2.629125115132592322e-04 -2.449279999999999860e-02 2.468373480505720724e-02 9.996841538386389558e-01 -4.722901650265132374e-03 -9.289999999999999647e-02 -1.462551863278588240e-04 4.727952242489292210e-03 9.999888124759263031e-01 5.915795300000000090e+00
9.994553448862756317e-01 -3.296939949583548718e-02 1.425578878862191184e-03 -2.452060000000000003e-02 3.296719747186440536e-02 9.994552454381877560e-01 1.541511252944032439e-03 -9.491660000000000375e-02 -1.475624988590345469e-03 -1.493674320546083773e-03 9.999977957315292487e-01 6.016298800000000391e+00
9.992770177408448751e-01 -3.799554693643530240e-02 1.334251836878171853e-03 -2.393810000000000035e-02 3.799185094544024061e-02 9.992744174844950811e-01 2.694034662429040106e-03 -9.648470000000000657e-02 -1.435645047538758887e-03 -2.641396226252199983e-03 9.999954809644258091e-01 6.117628100000000124e+00
9.994884857724650740e-01 -3.179016101261417787e-02 3.486039451454767905e-03 -2.411610000000000142e-02 3.178206938534389875e-02 9.994920538922288378e-01 2.352503321839307087e-03 -9.763429999999999331e-02 -3.559055190667845866e-03 -2.240506435193681620e-03 9.999911565894289422e-01 6.218189699999999931e+00
9.996707862230383990e-01 -2.501645435791120461e-02 5.700542392693717236e-03 -2.491919999999999899e-02 2.501982724688378221e-02 9.996868192962192756e-01 -5.211237322646500303e-04 -9.921000000000000651e-02 -5.685720424752217783e-03 6.635787570312210847e-04 9.999836159890245213e-01 6.318657400000000202e+00
9.997476097326757349e-01 -2.181062743499910528e-02 5.386405544806137195e-03 -2.438720000000000124e-02 2.180901905903349230e-02 9.997620912610861721e-01 3.571623473243655100e-04 -1.009414000000000006e-01 -5.392914006746994844e-03 -2.395999818376854621e-04 9.999854294290315693e-01 6.420406800000000302e+00
9.998666223793792884e-01 -1.575512394427412699e-02 4.302734148474935370e-03 -2.447399999999999923e-02 1.577573060230322288e-02 9.998640434936060251e-01 -4.798005062523114442e-03 -1.029980000000000062e-01 -4.226555999326859873e-03 4.865243890803819596e-03 9.999792325974913298e-01 6.521185899999999869e+00
9.999727526280154377e-01 -5.748445491415208469e-03 4.631347102290033282e-03 -2.517360000000000084e-02 5.771838816023125429e-03 9.999705728047278974e-01 -5.053652270000570136e-03 -1.050703999999999944e-01 -4.602160170127817321e-03 5.080245960232762821e-03 9.999765053353762978e-01 6.622823699999999647e+00
9.999840724043361773e-01 -2.246990736081004233e-03 5.177448239362346209e-03 -2.542420000000000097e-02 2.250991212908570044e-03 9.999971723893342768e-01 -7.669758114556945571e-04 -1.070706000000000019e-01 -5.175710212011345145e-03 7.786179858671794535e-04 9.999863027951099159e-01 6.724720999999999727e+00
9.999654253027105977e-01 -7.901039370545846069e-03 2.592638816749159598e-03 -2.517899999999999999e-02 7.900423131248418551e-03 9.999687604559719389e-01 2.478436889144972045e-04 -1.086635999999999991e-01 -2.594516046638550063e-03 -2.273521761151602982e-04 9.999966083929843208e-01 6.828201800000000432e+00
9.999777604622543947e-01 -6.598095149458159392e-03 -9.714531861427856988e-04 -2.547249999999999862e-02 6.590125920953655847e-03 9.999463637796640603e-01 -7.989981487689762005e-03 -1.110565000000000024e-01 1.024119739163834074e-03 7.983401795371885754e-03 9.999676077126365970e-01 6.930559599999999598e+00
9.999970519266477842e-01 1.795216662935465507e-03 -1.635033683571637808e-03 -2.733390000000000125e-02 -1.807953158447457359e-03 9.999677743241506267e-01 -7.821867972643772524e-03 -1.132150999999999991e-01 1.620939045786376920e-03 7.824800977515618608e-03 9.999680720134379586e-01 7.036253499999999939e+00
9.999902101009791044e-01 4.326194942660096902e-03 -9.293758755061086625e-04 -2.827489999999999865e-02 -4.328576868682526731e-03 9.999873127307944420e-01 -2.576392776013056163e-03 -1.149659999999999987e-01 9.182181068662891976e-04 2.580390428304967995e-03 9.999962492233387401e-01 7.140737099999999948e+00
9.999982465308594470e-01 1.512171803233923256e-03 -1.104659062291596383e-03 -2.830989999999999895e-02 -1.513426382314299800e-03 9.999982097882994525e-01 -1.135764404060933411e-03 -1.167414999999999980e-01 1.102939613811080351e-03 1.137434232701434829e-03 9.999987448829995573e-01 7.245562999999999754e+00
9.999926517752774080e-01 -3.767985183593856435e-03 -7.061749818258211166e-04 -2.855999999999999858e-02 3.767600891093848738e-03 9.999927541994227953e-01 -5.447312899805249568e-04 -1.186545999999999990e-01 7.082224044524167584e-04 5.420667016817976372e-04 9.999996022922792438e-01 7.350334199999999818e+00
9.999386809764202466e-01 -1.107201503631590964e-02 -2.115896321158154301e-04 -2.829730000000000092e-02 1.107243383633434858e-02 9.999365085583246104e-01 2.092859557543897200e-03 -1.203850000000000059e-01 1.884040254950053656e-04 -2.095074037641395798e-03 9.999977875819026085e-01 7.455855800000000144e+00
9.999272666387098996e-01 -1.206013799825454529e-02 -1.204321444842589771e-04 -2.811440000000000120e-02 1.205980694749016723e-02 9.999242779568492390e-01 -2.449369074464636132e-03 -1.219034999999999980e-01 1.499627541629181351e-04 2.447738535206057508e-03 9.999969930390968376e-01 7.561702699999999666e+00
9.999840199886177450e-01 5.204543347003679973e-03 2.207373088776374594e-03 -2.994410000000000127e-02 -5.187741077758725727e-03 9.999580377501466888e-01 -7.550502061871624745e-03 -1.241455000000000058e-01 -2.246577377707955660e-03 7.538930124716149844e-03 9.999690582326338228e-01 7.667414700000000138e+00
9.999008119642665005e-01 1.348236496839782562e-02 4.073336232076667229e-03 -3.057179999999999967e-02 -1.347535755890939997e-02 9.999076842786654984e-01 -1.742888159401500625e-03 -1.263443999999999956e-01 -4.096458453368315850e-03 1.687825623563572524e-03 9.999901850882358945e-01 7.774319199999999874e+00
9.999776402461370006e-01 6.564135527867297204e-03 1.277157993007033490e-03 -3.022530000000000008e-02 -6.561382717101504197e-03 9.999761673206666313e-01 -2.147800621560732627e-03 -1.288249999999999951e-01 -1.291226009276890373e-03 2.139372674885163007e-03 9.999968779051017220e-01 7.935652300000000103e+00
9.999678041518688110e-01 8.009509809646807657e-03 4.882748189749249530e-04 -3.077950000000000130e-02 -8.008351595715888435e-03 9.999652190934873452e-01 -2.329572500096015620e-03 -1.307640999999999942e-01 -5.069165701258961966e-04 2.325587221107906343e-03 9.999971673358220015e-01 8.042744600000000688e+00
9.999621219349276169e-01 8.699196124872668814e-03 2.805034365576368092e-04 -3.151600000000000235e-02 -8.698631765611994013e-03 9.999602569813070829e-01 -1.954037687583554811e-03 -1.328854999999999897e-01 -2.974908455839963498e-04 1.951523676313267038e-03 9.999980515253704683e-01 8.151096300000000738e+00
9.999709896808633980e-01 7.612072113646999906e-03 -2.759616120027903199e-04 -3.177130000000000232e-02 -7.612994102258969185e-03 9.999648605996638295e-01 -3.509969614389689668e-03 -1.345700999999999981e-01 2.492337730557846599e-04 3.511968683175643088e-03 9.999938019600395078e-01 8.259162899999999752e+00
9.999681287201074298e-01 7.903049356989409052e-03 -1.132852535689287798e-03 -3.220279999999999671e-02 -7.907197655447360807e-03 9.999618725975597533e-01 -3.705344305111813157e-03 -1.368388000000000104e-01 1.103525824036815945e-03 3.714183899960536456e-03 9.999924935061826892e-01 8.367996200000000329e+00
9.999544142299210403e-01 9.437382956753460547e-03 -1.450953142977395383e-03 -3.337480000000000308e-02 -9.443557426044501754e-03 9.999461236105158246e-01 -4.309187793997421544e-03 -1.388940999999999926e-01 1.410207515416219597e-03 4.322693515681623987e-03 9.999896627643372060e-01 8.476661699999999300e+00
9.999533921905587874e-01 9.386696238728446662e-03 -2.259066248811270310e-03 -3.393270000000000314e-02 -9.397034368738420296e-03 9.999452201980986166e-01 -4.610026903260076685e-03 -1.408224999999999894e-01 2.215669575416410238e-03 4.631040563185986024e-03 9.999868220489881443e-01 8.586514499999999828e+00
9.999749510296643829e-01 6.696025997548596224e-03 -2.293588685995468814e-03 -3.455420000000000019e-02 -6.707447792244219074e-03 9.999649598011656204e-01 -5.008923433982853321e-03 -1.429525000000000101e-01 2.259968436658188126e-03 5.024182091976537798e-03 9.999848249533449529e-01 8.696538000000000324e+00
9.999883440024970316e-01 4.381250650849023709e-03 -2.028916429550630274e-03 -3.508290000000000020e-02 -4.389107178223623090e-03 9.999828244056430115e-01 -3.884151373347042267e-03 -1.454377000000000031e-01 2.011864140972579023e-03 3.893011231353289865e-03 9.999903983870199742e-01 8.807375900000000257e+00
9.999892016668041617e-01 4.018339538940097523e-03 -2.334415802181190238e-03 -3.563859999999999945e-02 -4.027622805685654277e-03 9.999839460890991294e-01 -3.985701771187720802e-03 -1.476157999999999915e-01 2.318362422660309122e-03 3.995060878574794444e-03 9.999893322852266841e-01 8.917617800000000372e+00
9.999819574570052438e-01 5.861361166963493206e-03 -1.314992671657856790e-03 -3.684049999999999825e-02 -5.866958621464693317e-03 9.999735700377930803e-01 -4.293951840072427265e-03 -1.494965000000000044e-01 1.289789513883030482e-03 4.301589373853881640e-03 9.999899163350941533e-01 9.028710399999999581e+00
9.999870759014537480e-01 5.043662618793627421e-03 -6.399198762327047447e-04 -3.707139999999999741e-02 -5.044701770386495442e-03 9.999859423905143041e-01 -1.632790679475168471e-03 -1.516793999999999920e-01 6.316756351745988433e-04 1.635997782060058135e-03 9.999984622473921947e-01 9.140163400000000493e+00
9.999848969079869754e-01 5.482440173879306669e-03 3.857533701158457045e-04 -3.754260000000000236e-02 -5.480692081523071829e-03 9.999753206545284323e-01 -4.395463136068587448e-03 -1.541338999999999904e-01 -4.098417136551457023e-04 4.393282555543389159e-03 9.999902655016982278e-01 9.250761000000000678e+00
9.999878900331178322e-01 4.897808836014995969e-03 4.808905477044162022e-04 -3.832549999999999846e-02 -4.896553808706990800e-03 9.999846908267624457e-01 -2.577183133306890951e-03 -1.566552999999999973e-01 -4.935057359900524169e-04 2.574797217261563971e-03 9.999965634297842687e-01 9.363108600000000337e+00
9.999835024397827343e-01 5.743284694554442148e-03 9.761753093380170858e-05 -3.886040000000000327e-02 -5.743061233916105061e-03 9.999811905530999745e-01 -2.153087937902705296e-03 -1.588331000000000048e-01 -1.099814918018234846e-04 2.152491793747139930e-03 9.999976773388772333e-01 9.474583600000000772e+00
9.999703715969140427e-01 7.696676551779989273e-03 1.307608009148471945e-04 -3.934340000000000059e-02 -7.696401855459748462e-03 9.999684114586723238e-01 -1.985316926543703731e-03 -1.608623999999999887e-01 -1.460370126082642704e-04 1.984251717102768035e-03 9.999980207071983429e-01 9.586542100000000843e+00
9.999825108082213143e-01 5.909130861224580651e-03 2.454590610363160388e-04 -4.019380000000000175e-02 -5.908815423847287550e-03 9.999817407336790698e-01 -1.266530508152494128e-03 -1.628361999999999865e-01 -2.529386736463560062e-04 1.265057985271769107e-03 9.999991678248144611e-01 9.698906900000000775e+00
9.999988049000689827e-01 1.457850877300478692e-03 5.146544990451607958e-04 -4.080059999999999937e-02 -1.457748226181247589e-03 9.999989175294081711e-01 -1.997751764036540174e-04 -1.643815999999999888e-01 -5.149451843629834812e-04 1.990247009692752028e-04 9.999998476103011402e-01 9.811755200000000343e+00
9.999985144761203149e-01 -1.722651002671778770e-03 -5.932179547211777210e-05 -4.120420000000000332e-02 1.722546657699163290e-03 9.999970436530425388e-01 -1.716251201578030761e-03 -1.666311000000000042e-01 6.227812194954326658e-05 1.716146467485368332e-03 9.999985254802816748e-01 9.924857100000000543e+00
9.999819457760740216e-01 -5.913574315322919252e-03 1.066658668126590137e-03 -4.162899999999999934e-02 5.911566513811319055e-03 9.999807672672362813e-01 1.875760374426202037e-03 -1.683139999999999914e-01 -1.077730601737383062e-03 -1.869420885364206971e-03 9.999976718784416851e-01 1.003760340000000006e+01
9.999716297371857854e-01 -7.354679711069797045e-03 1.627392732037870283e-03 -4.190119999999999956e-02 7.354415975067619092e-03 9.999729418071965359e-01 1.679854955871066429e-04 -1.701845999999999914e-01 -1.628584177247708242e-03 -1.560122066882395993e-04 9.999986616859889432e-01 1.014991659999999918e+01
9.999860676470944121e-01 -3.953304449015600242e-03 3.497984510278327394e-03 -4.228010000000000101e-02 3.955067636363157960e-03 9.999920550425962507e-01 -4.972843018091139058e-04 -1.718041999999999903e-01 -3.495990802697627152e-03 5.111121387978280299e-04 9.999937583868656610e-01 1.026313880000000012e+01
9.999859127257768598e-01 -2.037474516246506537e-03 4.901331205980455873e-03 -4.224170000000000008e-02 2.040111146867955999e-03 9.999977769250932846e-01 -5.330022324466017654e-04 -1.741773000000000071e-01 -4.900234331488330548e-03 5.429939843258041032e-04 9.999878463566592712e-01 1.037596319999999928e+01
9.999778308375633085e-01 -9.678738376612591038e-04 6.587947604236143138e-03 -4.265909999999999841e-02 9.785148012116970211e-04 9.999982216821879932e-01 -1.612185239196343859e-03 -1.760027000000000119e-01 -6.586375496857091276e-03 1.618595902640250104e-03 9.999769996380508674e-01 1.049046419999999991e+01
9.999653699807731222e-01 -1.807115503988702965e-03 8.123618206866885585e-03 -4.224750000000000033e-02 1.824051081312985136e-03 9.999961777688081144e-01 -2.077807841737799779e-03 -1.779254000000000113e-01 -8.119832317754869730e-03 2.092553781786699648e-03 9.999648441529341847e-01 1.060344219999999993e+01
9.999484506905189640e-01 -4.617474766341026111e-03 9.042946887650001736e-03 -4.156689999999999691e-02 4.623205331989808063e-03 9.999891251015182725e-01 -6.129038735397801529e-04 -1.801630999999999927e-01 -9.040018478350359682e-03 6.546796790362051106e-04 9.999589238865909113e-01 1.071563820000000078e+01
9.999425854352105292e-01 -6.114717918409995172e-03 8.799776015614131988e-03 -4.100689999999999891e-02 6.161462481451337493e-03 9.999670004723637540e-01 -5.294747056603186369e-03 -1.822258999999999962e-01 -8.767109742461852775e-03 5.348662550770643190e-03 9.999472634072666954e-01 1.082924369999999925e+01
9.999488435037258149e-01 -6.827912296264529619e-03 7.462572561515548250e-03 -4.078740000000000143e-02 6.869857339020189572e-03 9.999606678645975855e-01 -5.609615310292339653e-03 -1.843071000000000015e-01 -7.423977081246650039e-03 5.660595150907317928e-03 9.999564201638162508e-01 1.094270039999999966e+01
9.999620342319350819e-01 -6.235904817096240074e-03 6.086344209984619578e-03 -4.082399999999999918e-02 6.276306562559254981e-03 9.999582468555778814e-01 -6.641725788671715841e-03 -1.867757999999999918e-01 -6.044672916136406386e-03 6.679673392557993611e-03 9.999594211230302676e-01 1.105552669999999971e+01
9.999702631873224057e-01 -6.350352436724098805e-03 4.375587389880495302e-03 -4.061889999999999945e-02 6.376694715993899178e-03 9.999614704027659506e-01 -6.032866187579596397e-03 -1.891053000000000039e-01 -4.337107973765974740e-03 6.060588574356287790e-03 9.999722289946637588e-01 1.116843609999999920e+01
9.999814672154275774e-01 -5.543919824954231246e-03 2.515984629334771985e-03 -4.021689999999999987e-02 5.552413188931499752e-03 9.999788681097632193e-01 -3.381425985600385129e-03 -1.914109999999999978e-01 -2.497185107265562174e-03 3.395333104600114105e-03 9.999911178503780862e-01 1.128302000000000049e+01
9.999817418250838141e-01 -4.696990154746754319e-03 3.801881107773295073e-03 -3.973809999999999842e-02 4.711350454002180034e-03 9.999817683515861422e-01 -3.777054584502876396e-03 -1.931041000000000007e-01 -3.784071005016275985e-03 3.794897616662774430e-03 9.999856396762445421e-01 1.139803120000000014e+01
9.999574882083307470e-01 -8.126067348925236633e-03 4.357614660182224098e-03 -3.944269999999999721e-02 8.148106245662319058e-03 9.999539816639426704e-01 -5.063883789814325846e-03 -1.956024000000000096e-01 -4.316264669283221070e-03 5.099174822270436357e-03 9.999776838887138863e-01 1.151383210000000012e+01
9.999454119130820606e-01 -9.282466680367786049e-03 4.796770403573424359e-03 -3.927889999999999854e-02 9.317156563504378625e-03 9.999302324957896060e-01 -7.260904522662489993e-03 -1.965919000000000139e-01 -4.729036640573149909e-03 7.305200424624581565e-03 9.999621344127027633e-01 1.157233719999999977e+01
9.999396593510576636e-01 -1.005900503960406936e-02 4.415209451873151544e-03 -3.901330000000000076e-02 1.009452429081821381e-02 9.999162614639731661e-01 -8.097569959768772044e-03 -1.980708999999999942e-01 -4.333386231663538882e-03 8.141650786203527904e-03 9.999574667385822124e-01 1.163108159999999991e+01
9.999646855513792953e-01 -8.398348387664136827e-03 3.088599851916099112e-04 -3.932440000000000241e-02 8.400565822415526768e-03 9.999322141577399181e-01 -8.062107879642343988e-03 -2.010629999999999917e-01 -2.411306581452046663e-04 8.064417769383366852e-03 9.999674529813690205e-01 1.174781890000000040e+01
9.999737444397380770e-01 -7.246400005852182517e-03 -1.086851488777752680e-05 -3.977839999999999848e-02 7.246262589609556333e-03 9.999620388178142028e-01 -4.838657024682445872e-03 -2.023733000000000060e-01 4.593094659807936273e-05 4.838451226918511448e-03 9.999882935715161958e-01 1.180674360000000078e+01
9.999569519824929031e-01 -9.245201651927398984e-03 7.876727097005544040e-04 -4.013560000000000044e-02 9.246196257958264053e-03 9.999564483416570893e-01 -1.268571912963935159e-03 -2.043232000000000104e-01 -7.759102021024925000e-04 1.275800279918945989e-03 9.999988851478806007e-01 1.192481420000000014e+01
9.999495626656184077e-01 -1.000711074393184109e-02 8.543180890010869518e-04 -4.012639999999999957e-02 1.000941701385963008e-02 9.999461522996617724e-01 -2.739356155061845391e-03 -2.052778000000000103e-01 -8.268590455258617187e-04 2.747769215254757327e-03 9.999958830257545950e-01 1.198420519999999989e+01
9.999379716864541523e-01 -1.100782428752289203e-02 1.697228339096401410e-03 -4.065169999999999895e-02 1.101181853616084276e-02 9.999365777080228002e-01 -2.362290010555044648e-03 -2.077848999999999946e-01 -1.671117023632766926e-03 2.380833052174142778e-03 9.999957694919869855e-01 1.210128399999999971e+01
9.999364555777594532e-01 -1.110299924683042991e-02 1.951464658242842371e-03 -4.038869999999999960e-02 1.110743250655744918e-02 9.999357207807579861e-01 -2.275796515139283729e-03 -2.089875999999999956e-01 -1.926071052624701374e-03 2.297327662944956793e-03 9.999955062578578247e-01 1.216075520000000054e+01
9.999573797467624647e-01 -8.523492990447346235e-03 3.548063870742020759e-03 -4.115640000000000270e-02 8.537491372941317935e-03 9.999557569927257639e-01 -3.949088269679414120e-03 -2.113539000000000112e-01 -3.514246867541107912e-03 3.979211523224408104e-03 9.999859078730097828e-01 1.227851199999999920e+01
9.999426773410384772e-01 -9.892745529364577878e-03 4.095804918080281701e-03 -4.105869999999999659e-02 9.900561995470229248e-03 9.999491972717533539e-01 -1.892550593750347938e-03 -2.126622999999999986e-01 -4.076874318590656757e-03 1.932992878230900676e-03 9.999898212653581808e-01 1.233727550000000051e+01
9.999328349416564121e-01 -1.074953748736357309e-02 4.332787711126806149e-03 -4.105469999999999953e-02 1.075489764934261724e-02 9.999414253846633516e-01 -1.215720461168345694e-03 -2.136294999999999999e-01 -4.319465487081808677e-03 1.262237495602140311e-03 9.999898744359416725e-01 1.239615350000000049e+01
9.999194971385131359e-01 -1.189726016363146580e-02 4.410719086695985038e-03 -4.129000000000000031e-02 1.190864161320959874e-02 9.999258044133665368e-01 -2.563186144209663158e-03 -2.145661000000000096e-01 -4.379896938400394159e-03 2.615505473250537023e-03 9.999869877323045442e-01 1.245443530000000010e+01
9.999369283434856870e-01 -1.034068054876441725e-02 4.382882702424973492e-03 -4.131169999999999981e-02 1.035297147758853717e-02 9.999425116296425387e-01 -2.790952773970557972e-03 -2.155487000000000097e-01 -4.353770386578624876e-03 2.836152603563671902e-03 9.999865003697950838e-01 1.251303290000000068e+01
9.999541632664253887e-01 -8.625803144565836328e-03 4.155344300315437500e-03 -4.134319999999999662e-02 8.645151745523944886e-03 9.999517666854258469e-01 -4.661078629728050010e-03 -2.169252999999999876e-01 -4.114938327585259542e-03 4.696788563139854544e-03 9.999805035398207087e-01 1.257197380000000031e+01
