1.000000000000000000e+00 0.000000000000000000e+00 0.000000000000000000e+00 0.000000000000000000e+00 0.000000000000000000e+00 1.000000000000000000e+00 0.000000000000000000e+00 0.000000000000000000e+00 0.000000000000000000e+00 0.000000000000000000e+00 1.000000000000000000e+00 0.000000000000000000e+00
9.999997964700535480e-01 -5.631378818441658447e-04 -2.998926098800719082e-04 -1.998000000000000047e-04 5.636615922892393785e-04 9.999983114400126105e-01 1.749114842691006566e-03 -8.471999999999999930e-04 2.989071106657951071e-04 -1.749283524639757116e-03 9.999984253296050341e-01 5.113369999999999721e-02
9.999986682482367994e-01 -1.486187078693767356e-03 -6.743513326385461651e-04 -2.507000000000000222e-04 1.487410862025298356e-03 9.999972414233034845e-01 1.817898432465741903e-03 -1.642199999999999910e-03 6.716477352279664418e-04 -1.818899048973287138e-03 9.999981202460179741e-01 1.024523999999999990e-01
9.999950257539151899e-01 -3.096592141368976429e-03 -5.996536803820676480e-04 -5.423000000000000086e-04 3.096999787967726677e-03 9.999949730343954402e-01 6.800722403755854201e-04 -2.341900000000000058e-03 5.975447595885313799e-04 -6.819259848499037782e-04 9.999995889585212572e-01 1.536995999999999918e-01
9.999938696345000988e-01 -3.472410517895071873e-03 -4.506202544962385282e-04 -8.136000000000000437e-04 3.472778143163076162e-03 9.999936356355476619e-01 8.176187179210604814e-04 -3.232800000000000083e-03 4.477782787489723850e-04 -8.191786097901611243e-04 9.999995642204142499e-01 2.053223000000000131e-01
9.999917832217483094e-01 -4.010938485854923484e-03 -5.880998645754508588e-04 -7.121999999999999642e-04 4.011843012939878515e-03 9.999907589669321251e-01 1.545023099731489746e-03 -3.895500000000000091e-03 5.818974373129070805e-04 -1.547369768951893524e-03 9.999986335201517251e-01 2.569838999999999873e-01
9.999852797798978177e-01 -5.398988510905544831e-03 -5.395800020651784394e-04 -8.318000000000000524e-04 5.400560239551197884e-03 9.999810503371673320e-01 2.955150702525134124e-03 -4.853800000000000128e-03 5.236149525151403755e-04 -2.958021236361567819e-03 9.999954879586940848e-01 3.090742000000000211e-01
9.999871001188521680e-01 -5.004170525072601343e-03 -8.705591563797411038e-04 -1.036800000000000048e-03 5.006983328604683835e-03 9.999821529689937316e-01 3.259426551270020681e-03 -5.383200000000000311e-03 8.542328932069798587e-04 -3.263743380237456911e-03 9.999943091164629205e-01 3.612187000000000037e-01
9.999909820301791097e-01 -4.077331729265875129e-03 -1.187949614898907175e-03 -1.214999999999999934e-03 4.079047609208963365e-03 9.999906357906905852e-01 1.445579998554000342e-03 -6.163300000000000028e-03 1.182044381494767784e-03 -1.450412665393713751e-03 9.999982495355580481e-01 4.132929000000000186e-01
9.999985385647551794e-01 -1.187202132750293446e-03 -1.230211140325514164e-03 -1.704000000000000003e-03 1.186396828140715877e-03 9.999990816332346988e-01 -6.551299515307300314e-04 -7.016099999999999941e-03 1.230987782216174655e-03 6.536694755059034839e-04 9.999990286921767169e-01 4.653958000000000261e-01
9.999973130881941730e-01 2.172436195432948282e-03 -8.089112244185881449e-04 -2.296299999999999817e-03 -2.173559773241943820e-03 9.999966707603118454e-01 -1.390721469083889498e-03 -8.007300000000000181e-03 8.058872777020320826e-04 1.392475949235475602e-03 9.999987057773757071e-01 5.174792999999999754e-01
9.999887391554719285e-01 4.686729445190054681e-03 -7.457408110060475279e-04 -2.609600000000000114e-03 -4.688040445654700732e-03 9.999874515823470311e-01 -1.766056234436337320e-03 -8.724499999999999617e-03 7.374544253830958443e-04 1.769532410235625294e-03 9.999981624563215599e-01 5.701157999999999504e-01
9.999827298221893868e-01 5.820129314706442604e-03 -8.161814272501498888e-04 -2.729000000000000089e-03 -5.821019061964687914e-03 9.999824614509917886e-01 -1.092029072788121237e-03 -9.485000000000000375e-03 8.098113621931426814e-04 1.096761220897904702e-03 9.999990706597591261e-01 6.230385999999999980e-01
9.999950926806217000e-01 3.095500355409497133e-03 -4.821744750873410853e-04 -2.815999999999999927e-03 -3.094488878828017576e-03 9.999930393758569291e-01 2.084547532362155623e-03 -1.056930000000000022e-02 4.886238364793436774e-04 -2.083045219270842751e-03 9.999977110820609250e-01 6.756537000000000237e-01
9.999996611451341666e-01 -8.184345777627007913e-04 -8.873814721312454695e-05 -3.043099999999999972e-03 8.187623102096576629e-04 9.999926021624859773e-01 3.758357164989916625e-03 -1.129559999999999939e-02 8.566152128332022581e-05 -3.758428546902720015e-03 9.999929334135124748e-01 7.285260000000000069e-01
9.999926980559722400e-01 -3.753853793790234202e-03 -7.158326843345235238e-04 -2.947500000000000033e-03 3.754930281167789211e-03 9.999918124924707108e-01 1.508458354367874085e-03 -1.201980000000000062e-02 7.101642913327124024e-04 -1.511135241512059522e-03 9.999986060675091215e-01 7.816583999999999754e-01
9.999894002811479110e-01 -4.549616992860328057e-03 -7.073263521435994199e-04 -3.145199999999999906e-03 4.549158399262400246e-03 9.999894421753676710e-01 -6.486105575289355472e-04 -1.270839999999999990e-02 7.102698139302979696e-04 6.453859428235074729e-04 9.999995394967821083e-01 8.344890999999999837e-01
9.999979270936164566e-01 -2.033120318980137682e-03 -1.105904095748628998e-04 -3.557700000000000012e-03 2.032875136904450410e-03 9.999955711870979203e-01 -2.173712232007314789e-03 -1.376379999999999965e-02 1.150093382971398634e-04 2.173482909611348067e-03 9.999976313696417041e-01 8.877452000000000121e-01
9.999987218154685609e-01 1.083505616828761694e-03 1.175747850307130036e-03 -4.231200000000000065e-03 -1.087290827485070136e-03 9.999942132208197165e-01 3.223557589109692176e-03 -1.512439999999999965e-02 -1.172248303759977324e-03 -3.224831848661319656e-03 9.999941131294035612e-01 9.952830000000000288e-01
9.999863952076991636e-01 -5.004381664861899497e-03 1.471585425265833696e-03 -4.596300000000000212e-03 4.999168288758030522e-03 9.999812901670240839e-01 3.525284713988532850e-03 -1.652750000000000052e-02 -1.489199762334419410e-03 -3.517880050030010222e-03 9.999927033753903682e-01 1.102693700000000110e+00
9.999811270700572630e-01 -5.883958222476949954e-03 1.767636652152102666e-03 -4.576900000000000066e-03 5.886382819492648119e-03 9.999817371749507577e-01 -1.369603544821202095e-03 -1.795829999999999996e-02 -1.759545680074089437e-03 1.379982682409785014e-03 9.999974998202725285e-01 1.211138000000000048e+00
9.999950395100350997e-01 -1.547094403498066283e-03 2.743620642515550313e-03 -4.933899999999999744e-03 1.558495015497434518e-03 9.999901407741297321e-01 -4.158058179351841604e-03 -1.982990000000000100e-02 -2.737160684001238662e-03 4.162313472441746265e-03 9.999875914719877912e-01 1.320013899999999962e+00
9.999966817006548103e-01 9.813184565375302317e-05 2.574287827757809535e-03 -5.004200000000000315e-03 -9.226787707717541654e-05 9.999974012819463631e-01 -2.277919224410218917e-03 -2.227049999999999863e-02 -2.574504674327297588e-03 2.277674141519495706e-03 9.999940920456414917e-01 1.429238599999999915e+00
9.999901789891045834e-01 3.633769944478271001e-03 2.537250742291351224e-03 -5.783100000000000220e-03 -3.633011649938996945e-03 9.999933545623826969e-01 -3.034096638374207786e-04 -2.426559999999999828e-02 -2.538336402067140410e-03 2.941888225422455475e-04 9.999967351452936359e-01 1.538580099999999895e+00
9.999645176462839125e-01 7.991062373016572656e-03 2.665777669883108870e-03 -6.318500000000000331e-03 -7.990796286241604734e-03 9.999680669776835895e-01 -1.104519200934639194e-04 -2.632179999999999936e-02 -2.666575171727972576e-03 8.914631469491879519e-05 9.999964407085597529e-01 1.649363899999999994e+00
9.999678898556720874e-01 7.714143541593107729e-03 2.170540719281090301e-03 -6.611200000000000236e-03 -7.713331648066233844e-03 9.999701787842459888e-01 -3.821741619778713187e-04 -2.814020000000000063e-02 -2.173424137461383177e-03 3.654197898869244966e-04 9.999975713449987813e-01 1.759395599999999948e+00
9.999806487456266435e-01 6.204075615413816129e-03 4.599782970584649503e-04 -6.733300000000000222e-03 -6.203864478758615124e-03 9.999806504917267969e-01 -4.590290536101193945e-04 -3.005860000000000129e-02 -4.628172476628695121e-04 4.561665278040173254e-04 9.999997888561247272e-01 1.870402499999999968e+00
9.999755100284367648e-01 6.742134066903094497e-03 -1.876958068723660411e-03 -7.082399999999999980e-03 -6.741782955721972032e-03 9.999772552347229171e-01 1.933282385055332922e-04 -3.188769999999999799e-02 1.878218822655874703e-03 -1.806694599861439023e-04 9.999982198247157061e-01 1.982019799999999998e+00
9.999710826585321843e-01 6.485356706506574011e-03 -3.971648916038844103e-03 -7.875000000000000056e-03 -6.480547025745035140e-03 9.999782535480156165e-01 1.222677924765614051e-03 -3.350480000000000125e-02 3.979492049245668579e-03 -1.196904110600419385e-03 9.999913654945126185e-01 2.093546900000000210e+00
9.999792269170825199e-01 3.747839359416729656e-03 -5.243990317500358926e-03 -9.052799999999999736e-03 -3.736116980293153773e-03 9.999905042338411709e-01 2.243406351453178932e-03 -3.530500000000000305e-02 5.252348448417707046e-03 -2.223767587717316412e-03 9.999837337144501515e-01 2.206408300000000100e+00
9.999819286568227827e-01 -3.445197564466582953e-04 -6.001971835859802422e-03 -9.874300000000000785e-03 3.582766246649104385e-04 9.999973111684635763e-01 2.291133715730202854e-03 -3.733619999999999994e-02 6.001166356738919273e-03 -2.293242678077246719e-03 9.999793633072525667e-01 2.318008900000000150e+00
9.999854633407218030e-01 -9.291499775695615318e-04 -5.311288691196143670e-03 -1.055739999999999977e-02 9.440413410555729534e-04 9.999956290606908382e-01 2.801900330049916180e-03 -3.796320000000000250e-02 5.308662090246802669e-03 -2.806873675878257101e-03 9.999819696209423237e-01 2.373370200000000096e+00
9.999796336102902972e-01 -4.595419636052899479e-03 -4.428824110102524796e-03 -1.147120000000000084e-02 4.610121011065084623e-03 9.999838786377132083e-01 3.315003610639470372e-03 -3.992930000000000090e-02 4.413518878738622621e-03 -3.335353511068341829e-03 9.999846980169562194e-01 2.484789099999999973e+00
9.999793886188798053e-01 -5.501496845230469633e-03 -3.309965237474388026e-03 -1.214980000000000053e-02 5.508440291043162525e-03 9.999826395466883122e-01 2.092293191238062556e-03 -4.179499999999999882e-02 3.298397030586526155e-03 -2.110482812061738930e-03 9.999923331902742518e-01 2.595689800000000158e+00
9.999973500142025351e-01 -5.035777685688510924e-04 -2.246413586932714292e-03 -1.288049999999999959e-02 5.108202782285951567e-04 9.999946704161628563e-01 3.224624305753320819e-03 -4.374530000000000085e-02 2.244777765370805679e-03 -3.225763274158201764e-03 9.999922776822245396e-01 2.705681799999999804e+00
9.999796901471448285e-01 6.318915553378773829e-03 -8.310231342048055416e-04 -1.401009999999999929e-02 -6.314578228725349802e-03 9.999669438703560065e-01 5.122232752788873772e-03 -4.557440000000000102e-02 8.633626200059677956e-04 -5.116881160404557899e-03 9.999865359754483984e-01 2.814543200000000134e+00
9.998880446597726568e-01 1.492511789692037467e-02 1.067240469352527012e-03 -1.550750000000000045e-02 -1.492918872522392033e-02 9.998808931243221565e-01 3.913935221042200499e-03 -4.702390000000000042e-02 -1.008697409059661383e-03 -3.929430069475062237e-03 9.999917710205750154e-01 2.922714500000000104e+00
9.998637097651605909e-01 1.642052263932035350e-02 1.711236658775340579e-03 -1.585670000000000135e-02 -1.642748637332893530e-02 9.998564967134859760e-01 4.138075795448318932e-03 -4.868059999999999748e-02 -1.643041723408420222e-03 -4.165623133019946862e-03 9.999899739486435291e-01 3.031613300000000066e+00
9.999067963374761447e-01 1.354823829928404264e-02 1.686379883319820286e-03 -1.629480000000000164e-02 -1.355388986662463269e-02 9.999024079447639268e-01 3.386245080667985713e-03 -5.056399999999999784e-02 -1.640337650748430144e-03 -3.408786477436072035e-03 9.999928447079723393e-01 3.139286300000000196e+00
9.999110661295909086e-01 1.327072032951915649e-02 1.322048985711125934e-03 -1.636030000000000123e-02 -1.327465966089231252e-02 9.999073366037469768e-01 3.016888610568394143e-03 -5.126610000000000195e-02 -1.281890195145932122e-03 -3.034170057328006154e-03 9.999945752700816204e-01 3.192523200000000116e+00
9.999156908388300291e-01 1.293944171760076818e-02 1.087226904622190472e-03 -1.676700000000000065e-02 -1.294278100078848949e-02 9.999113628852659419e-01 3.122625961537886172e-03 -5.209620000000000223e-02 -1.046725499331117122e-03 -3.136434435287111487e-03 9.999945335574401684e-01 3.245922800000000219e+00
9.999137623350163873e-01 1.311846628091216209e-02 6.113390785871129687e-04 -1.683930000000000149e-02 -1.312014283800793345e-02 9.999099386830067049e-01 2.824247661951614832e-03 -5.301249999999999712e-02 -5.742342228623087581e-04 -2.832024961461431563e-03 9.999958249361218243e-01 3.299676900000000135e+00
9.999247868426265340e-01 1.217511470936357559e-02 -1.478931892185821701e-03 -1.759640000000000162e-02 -1.216917876179546623e-02 9.999181174676565753e-01 3.958465384636331887e-03 -5.455310000000000020e-02 1.527005563628318395e-03 -3.940170269383870029e-03 9.999910716162704327e-01 3.407902500000000057e+00
9.999619000399481150e-01 7.955213427631700057e-03 -3.593472946563477238e-03 -1.847309999999999924e-02 -7.936583255650393742e-03 9.999551435247295839e-01 5.169292472250843276e-03 -5.598369999999999735e-02 3.634434580919720069e-03 -5.140575625196826259e-03 9.999801824873925105e-01 3.515280499999999808e+00
9.999773851452430362e-01 3.916258614051424010e-03 -5.467368338634306588e-03 -1.804000000000000048e-02 -3.887671017278639118e-03 9.999787682157377233e-01 5.229639738762712799e-03 -5.788460000000000133e-02 5.487732878324573169e-03 -5.208266141788694091e-03 9.999713789662444396e-01 3.620373499999999911e+00
9.999781417126699656e-01 2.602188181230188045e-03 -6.078216312772273359e-03 -1.919289999999999885e-02 -2.576171421540568440e-03 9.999875042244633638e-01 4.284242726048922978e-03 -5.941310000000000341e-02 6.089288766532812043e-03 -4.268490552681520125e-03 9.999723498930954690e-01 3.727589399999999831e+00
9.999777019862076122e-01 3.591617536671572273e-03 -5.629903538569215604e-03 -2.047190000000000121e-02 -3.576335958884907604e-03 9.999898999998766413e-01 2.722079966850179424e-03 -6.070509999999999795e-02 5.639623346687942101e-03 -2.701884843403496231e-03 9.999804470422412050e-01 3.832747900000000207e+00
9.999769018594369951e-01 4.441776313028217640e-03 -5.144547675650772492e-03 -2.160559999999999911e-02 -4.418950569251041752e-03 9.999803804156567333e-01 4.439781483931587794e-03 -6.204780000000000018e-02 5.164167257994090390e-03 -4.416945431354946799e-03 9.999769107182365779e-01 3.937790899999999983e+00
9.999756331948876920e-01 5.092098625421800917e-03 -4.775306071081082855e-03 -2.263659999999999978e-02 -5.069009945612188567e-03 9.999754650163873437e-01 4.834718547268747682e-03 -6.416049999999999531e-02 4.799807772693732467e-03 -4.810394666656480842e-03 9.999769107076904584e-01 4.041940699999999609e+00
9.999792508195690655e-01 3.690634251026440448e-03 -5.279881547788691301e-03 -2.346140000000000031e-02 -3.682925880389065990e-03 9.999921391198284271e-01 1.468930055945006025e-03 -6.584550000000000125e-02 5.285261326849356039e-03 -1.449454164452495001e-03 9.999849824349024141e-01 4.146104300000000187e+00
9.999866963622019433e-01 -2.079203104184432736e-03 -4.720594566455434474e-03 -2.411539999999999864e-02 2.102769728033512808e-03 9.999853248584941179e-01 4.992837582261632975e-03 -6.763500000000000068e-02 4.710144167662452808e-03 -5.002697482711515251e-03 9.999763935012747629e-01 4.250383900000000104e+00
9.999882648638991345e-01 -3.799902353120845032e-03 -3.005141693030294412e-03 -2.498819999999999861e-02 3.810862572948318060e-03 9.999860777598575945e-01 3.649878478287361602e-03 -6.872269999999999768e-02 2.991230672907732677e-03 -3.661287828471042685e-03 9.999888236927944041e-01 4.353970999999999592e+00
9.999992104087606082e-01 5.736925696811183547e-04 -1.118060235803648456e-03 -2.596709999999999990e-02 -5.747070849603776394e-04 9.999994232783004922e-01 -9.072788066775503563e-04 -7.026549999999999463e-02 1.117539091884028890e-03 9.079206474370818056e-04 9.999989633927007793e-01 4.457328799999999980e+00
9.999844833846682768e-01 5.242456945587139344e-03 1.884047523797730472e-03 -2.678890000000000091e-02 -5.243501788550226222e-03 9.999861014634910950e-01 5.500625801666188816e-04 -7.177799999999999458e-02 -1.881137658900534351e-03 -5.599330516179011228e-04 9.999980738961881110e-01 4.560161599999999815e+00
9.999851804732827754e-01 4.109178182240732710e-03 3.571202666137384286e-03 -2.715700000000000058e-02 -4.122377043401669397e-03 9.999846710285628104e-01 3.696446321671999734e-03 -7.350940000000000252e-02 -3.555958566696880516e-03 -3.711113385975196508e-03 9.999867913108193562e-01 4.663090200000000074e+00
9.999648203291814363e-01 6.028177972514531593e-03 5.832595850866417568e-03 -2.717579999999999996e-02 -6.044104210932233281e-03 9.999780436743990197e-01 2.716794693937092491e-03 -7.499609999999999610e-02 -5.816090466562981280e-03 -2.751951935136966003e-03 9.999792997118647220e-01 4.765526300000000326e+00
9.999300199039795611e-01 8.626792083146827411e-03 8.095292038049229158e-03 -2.706309999999999966e-02 -8.638102683594262726e-03 9.999617616223770433e-01 1.363258999636063600e-03 -7.637990000000000057e-02 -8.083221935269972389e-03 -1.433091562518720458e-03 9.999663033181260818e-01 4.868674300000000343e+00
9.999042831818599764e-01 9.126672310551448009e-03 1.039847715324870685e-02 -2.701349999999999932e-02 -9.129691715873588381e-03 9.999582939856378472e-01 2.429372464573176704e-04 -7.788209999999999578e-02 -1.039582626557076540e-02 -3.378488840007945167e-04 9.999459048640519931e-01 4.971842800000000118e+00
9.998973740509515817e-01 7.813914018960570890e-03 1.200766895428462787e-02 -2.622239999999999988e-02 -7.842072800251120857e-03 9.999666059102834126e-01 2.299773567862135101e-03 -7.983930000000000193e-02 -1.198929773618792778e-02 -2.393702565517952501e-03 9.999252606709267965e-01 5.075291599999999903e+00
9.999147601500999460e-01 4.531900472240850755e-03 1.224476672206564233e-02 -2.519630000000000133e-02 -4.568695848763897061e-03 9.999851271063602276e-01 2.978688355298814410e-03 -8.153449999999999587e-02 -1.223108548778850495e-02 -3.034377067242693179e-03 9.999205933990980011e-01 5.179062400000000288e+00
9.999299061009632172e-01 1.945183071615408984e-03 1.167900456960546500e-02 -2.465320000000000011e-02 -1.981143431706838560e-03 9.999933303389840766e-01 3.068280992774918749e-03 -8.290580000000000171e-02 -1.167295830635787547e-02 -3.091203708188742291e-03 9.999270905941155529e-01 5.282376799999999761e+00
9.999546818138224102e-01 -8.670974248105674156e-04 9.480636090104261476e-03 -2.402309999999999862e-02 8.304801885039056041e-04 9.999921837919003575e-01 3.865573406704105475e-03 -8.456230000000000691e-02 -9.483913816226034743e-03 -3.857524745481530435e-03 9.999475860671719341e-01 5.385897199999999607e+00
9.999725708556724824e-01 -2.444159902222002405e-03 6.991682105862530479e-03 -2.338689999999999866e-02 2.416197288085331768e-03 9.999890606571919527e-01 4.005066367974850945e-03 -8.611399999999999610e-02 -7.001394644077512004e-03 -3.988063229088061913e-03 9.999675373854487459e-01 5.489761800000000136e+00
9.999846953319579956e-01 -2.064934387631714961e-03 5.132752461014563304e-03 -2.352419999999999858e-02 2.049845407387419598e-03 9.999935676306863641e-01 2.943268770888085757e-03 -8.754049999999999332e-02 -5.138797102152187386e-03 -2.932702376077121406e-03 9.999824958573606537e-01 5.593076700000000123e+00
9.999519751466875439e-01 -9.314546399666365911e-03 3.047396529301914323e-03 -2.330950000000000036e-02 9.314829770662190478e-03 9.999566129266191927e-01 -7.880778503890442676e-05 -8.909519999999999940e-02 -3.046530252914677033e-03 1.071899802207421603e-04 9.999953535710683905e-01 5.696537000000000184e+00
9.997110108713485044e-01 -2.403663773328005432e-02 3.671363038361945969e-04 -2.248599999999999904e-02 2.403499379796412982e-02 9.997032434239567777e-01 3.967891222411313625e-03 -9.105710000000000193e-02 -4.624021176018894850e-04 -3.957920426198653814e-03 9.999920604935728097e-01 5.801371600000000406e+00
9.996513483709195125e-01 -2.640159401688031010e-02 -3.708551879506255620e-04 -2.243720000000000089e-02 2.640056091120261683e-02 9.996481702956035997e-01 -2.558516801967306194e-03 -9.273710000000000286e-02 4.382736319703828005e-04 2.547833985937544496e-03 9.999966582235181312e-01 5.905150400000000133e+00
9.997395048195727441e-01 -2.277560157380021169e-02 1.481376409571659317e-03 -2.333649999999999960e-02 2.278211225787695263e-02 9.997301563291820514e-01 -4.537608081202347196e-03 -9.499739999999999573e-02 -1.377629915767916583e-03 4.570174939825559154e-03 9.999886077535256046e-01 6.008810500000000054e+00
9.995047828572855009e-01 -3.136635879984841363e-02 2.518051041928256756e-03 -2.312749999999999875e-02 3.136144611825713441e-02 9.995061727174509025e-01 1.967332479480774117e-03 -9.732849999999999835e-02 -2.578515616054890668e-03 -1.887388500637061798e-03 9.999948944978995780e-01 6.112616100000000330e+00
9.993340179991562211e-01 -3.641499197609929239e-02 2.338552766748966220e-03 -2.234109999999999915e-02 3.640799670595647186e-02 9.993326038369779729e-01 2.967268822457801419e-03 -9.885700000000000043e-02 -2.445045095966143743e-03 -2.880150653401877901e-03 9.999928632178793908e-01 6.217473499999999653e+00
9.995212851996739811e-01 -3.062902985888818486e-02 4.366115286533729309e-03 -2.231369999999999881e-02 3.061718433690129026e-02 9.995273884908515427e-01 2.754574366143811102e-03 -1.000670000000000032e-01 -4.448421750708191069e-03 -2.619577554062173848e-03 9.999866745898997600e-01 6.321566599999999703e+00
9.997270408007377096e-01 -2.249028752358718172e-02 6.326994460759370609e-03 -2.229319999999999913e-02 2.248263393695835652e-02 9.997464165157980975e-01 1.278215583210302398e-03 -1.027485000000000065e-01 -6.354137475443014105e-03 -1.135619182125808613e-03 9.999791674360103411e-01 6.478106000000000364e+00
9.998195383762843447e-01 -1.804981551954653457e-02 5.924089866290409637e-03 -2.254679999999999879e-02 1.805934566414164194e-02 9.998357010068155137e-01 -1.559174907677122893e-03 -1.046342999999999995e-01 -5.894973724843566645e-03 1.665878723082404042e-03 9.999812368904045234e-01 6.582955799999999691e+00
9.999434690522589486e-01 -9.348238902190449118e-03 5.066471075761966487e-03 -2.253290000000000154e-02 9.376622284641662058e-03 9.999403145272799387e-01 -5.607703417226788181e-03 -1.066211999999999993e-01 -5.013746529803921569e-03 5.654892794031444667e-03 9.999714418588276921e-01 6.688308199999999815e+00
9.999815578544738459e-01 -1.406252502959597344e-03 5.908164252754042126e-03 -2.274529999999999955e-02 1.422931611511941453e-03 9.999950119654940073e-01 -2.819806688470777138e-03 -1.087116000000000055e-01 -5.904169422413358542e-03 2.828161598866721013e-03 9.999785709130981637e-01 6.794887499999999747e+00
9.999801000579120469e-01 -3.850322969421296482e-03 4.997449469422339703e-03 -2.232949999999999866e-02 3.848438647994026525e-03 9.999925199952117705e-01 3.866181561350799396e-04 -1.105484000000000050e-01 -4.998900693243340902e-03 -3.673780847766404791e-04 9.999874379336981534e-01 6.900452600000000380e+00
9.999806927012507840e-01 -6.092836971859669909e-03 1.221295361894308854e-03 -2.230669999999999875e-02 6.097482078056156579e-03 9.999740506989154287e-01 -3.836488122056596912e-03 -1.125412999999999969e-01 -1.197888573461082908e-03 3.843860876415439946e-03 9.999918948654175077e-01 7.006619899999999568e+00
9.999992869693336006e-01 4.104857030642803891e-04 -1.121410857819768328e-03 -2.321259999999999990e-02 -4.203061625929016098e-04 9.999614449920921633e-01 -8.771081578511466179e-03 -1.149772000000000016e-01 1.117767218226887712e-03 8.771546660355662370e-03 9.999609045185872125e-01 7.114455699999999716e+00
9.999837560554730720e-01 5.648922989594969135e-03 -7.597988191847149676e-04 -2.406089999999999965e-02 -5.652204225270273871e-03 9.999743984302761346e-01 -4.388060095665937896e-03 -1.170845999999999970e-01 7.349915535881379469e-04 4.392283354357314623e-03 9.999900837680097965e-01 7.221586199999999955e+00
9.999826111289713548e-01 5.882500397878786050e-03 -4.166878369641472432e-04 -2.455720000000000125e-02 -5.883046284636102297e-03 9.999818219599574398e-01 -1.321179797353843124e-03 -1.191891999999999951e-01 4.089084217123582668e-04 1.323608217359846257e-03 9.999990404271343891e-01 7.330478699999999570e+00
9.999992135667822302e-01 1.200964286525374285e-03 -3.613178649266705921e-04 -2.485160000000000147e-02 -1.201035226205171384e-03 9.999992595130220430e-01 -1.961830595589379971e-04 -1.210206999999999949e-01 3.610819885273451797e-04 1.966168607576973938e-04 9.999999154808002499e-01 7.438533299999999571e+00
9.999904244702320089e-01 -4.375219055553000204e-03 9.179357868044689752e-05 -2.472370000000000123e-02 4.375159146598456457e-03 9.999902222174504862e-01 6.430022830423992456e-04 -1.225996000000000030e-01 -9.460595698432631691e-05 -6.425945144395342869e-04 9.999997890609791940e-01 7.547159699999999916e+00
9.999390588439214245e-01 -1.098153131751090396e-02 1.133387954434472884e-03 -2.492300000000000071e-02 1.097932385511457727e-02 9.999378515338434026e-01 1.935850605259479933e-03 -1.240995000000000015e-01 -1.154576120159223757e-03 -1.923288798880378077e-03 9.999974839539241822e-01 7.655684899999999793e+00
9.999968724778838247e-01 -1.924185136417234628e-03 1.597668930587585294e-03 -2.527810000000000126e-02 1.936184386399328198e-03 9.999696751603031064e-01 -7.543205540074427763e-03 -1.257691999999999977e-01 -1.583105957552225027e-03 7.546275330170313690e-03 9.999702733102462382e-01 7.764958899999999886e+00
9.998822969303073904e-01 1.476798799534326592e-02 4.159184528463618150e-03 -2.663410000000000083e-02 -1.475068160604401518e-02 9.998825432141675851e-01 -4.161390119324493916e-03 -1.279201000000000088e-01 -4.220151363343345105e-03 4.099549504213109707e-03 9.999826918583805124e-01 7.875036699999999890e+00
9.998963620533516394e-01 1.374273072723193774e-02 4.289814055606168408e-03 -2.664700000000000055e-02 -1.373655105427669908e-02 9.999045734219768056e-01 -1.466702065166729284e-03 -1.297695000000000098e-01 -4.309561184869147715e-03 1.407622809388162479e-03 9.999897230874027487e-01 7.986223700000000036e+00
9.999625205424161889e-01 8.470682168575403848e-03 1.790266476513940929e-03 -2.601140000000000049e-02 -8.467150078262580121e-03 9.999622097682084876e-01 -1.971396721524656687e-03 -1.318152999999999964e-01 -1.806897896985031624e-03 1.956164379708125439e-03 9.999964542641686105e-01 8.096504200000000040e+00
9.999450588350323743e-01 1.039336521327542326e-02 1.362817283056183418e-03 -2.674539999999999904e-02 -1.038993286752741205e-02 9.999428932343904508e-01 -2.501912277568176142e-03 -1.338217999999999908e-01 -1.388742745001375145e-03 2.487615239511339893e-03 9.999959415737686985e-01 8.207542399999999461e+00
9.999397187629093242e-01 1.092455910273446712e-02 1.101294131819200361e-03 -2.729809999999999875e-02 -1.092230070818962784e-02 9.999382766237279174e-01 -2.036244093662501788e-03 -1.359835000000000071e-01 -1.123471225175925884e-03 2.024092680673623273e-03 9.999973204270231619e-01 8.319552399999999182e+00
9.999491777911642121e-01 1.006474436271553169e-02 5.854534036214633936e-04 -2.762799999999999978e-02 -1.006256862585004283e-02 9.999428633861775495e-01 -3.607585855128503990e-03 -1.377719000000000027e-01 -6.217293821948466359e-04 3.601511344595603303e-03 9.999933212620022438e-01 8.431002599999999347e+00
9.999486686988018347e-01 1.012519312743668208e-02 -3.747420793446734752e-04 -2.775029999999999858e-02 -1.012651132411337106e-02 9.999418767035171962e-01 -3.700943535194459871e-03 -1.401823000000000097e-01 3.372475300521089129e-04 3.704548390857242621e-03 9.999930812687272130e-01 8.544221900000000147e+00
9.999360683884278567e-01 1.127833215754847629e-02 -8.113936389473133410e-04 -2.871680000000000066e-02 -1.128165677459942381e-02 9.999274692807663678e-01 -4.216680943819325206e-03 -1.423503999999999881e-01 7.637776596962995296e-04 4.225565229154798139e-03 9.999907805785914761e-01 8.657003400000000681e+00
9.999260488866126284e-01 1.203641132845304461e-02 -1.738263599118125427e-03 -2.903599999999999931e-02 -1.204467291743311318e-02 9.999158277246257276e-01 -4.823206411586846223e-03 -1.441747999999999919e-01 1.680063189223896187e-03 4.843786546598269349e-03 9.999868574734226412e-01 8.771005600000000513e+00
9.999572787018725650e-01 9.019437620002178010e-03 -2.022502451041326057e-03 -2.937489999999999893e-02 -9.029511411467539342e-03 9.999465906036314466e-01 -5.028306259919426875e-03 -1.466166999999999887e-01 1.977041935760652253e-03 5.046353653110020009e-03 9.999853127021376409e-01 8.884688399999999930e+00
9.999747553262757771e-01 6.899740375762710570e-03 -1.697731693189360796e-03 -2.993200000000000027e-02 -6.906543600577793457e-03 9.999680105021145904e-01 -4.034554242559259228e-03 -1.491001999999999883e-01 1.669840006799360463e-03 4.046177849514877474e-03 9.999904199936926474e-01 8.999003399999999431e+00
9.999761322827029897e-01 6.659392797025748441e-03 -1.840476161463977566e-03 -3.060869999999999910e-02 -6.666899849278192479e-03 9.999693572973430422e-01 -4.103280728690422187e-03 -1.514687999999999868e-01 1.813094406171399152e-03 4.115453062989463291e-03 9.999898878162521987e-01 9.112436300000000600e+00
9.999635852026077520e-01 8.440641738420885665e-03 -1.258505379674636823e-03 -3.124649999999999997e-02 -8.445965535152501896e-03 9.999551438667961811e-01 -4.286714419457625380e-03 -1.536119999999999985e-01 1.222266307340123901e-03 4.297187612683097888e-03 9.999900200720482912e-01 9.227450400000000386e+00
9.999669224442309101e-01 8.127703653261398112e-03 -3.073283884098966892e-04 -3.157770000000000021e-02 -8.128158043623283716e-03 9.999658298678701929e-01 -1.507363088190523523e-03 -1.559876000000000040e-01 2.950664864795799511e-04 1.509811242016197456e-03 9.999988167021909291e-01 9.342567400000000077e+00
9.999593995979786376e-01 8.940301909269114319e-03 1.127012609138769309e-03 -3.233989999999999781e-02 -8.935071141605256326e-03 9.999496665316266464e-01 -4.563869737738772761e-03 -1.583364999999999911e-01 -1.167758256015212362e-03 4.553614504952506123e-03 9.999889504067511758e-01 9.456799500000000691e+00
9.999616423375798924e-01 8.651869147554126435e-03 1.363456557307519664e-03 -3.326529999999999765e-02 -8.647947292115007109e-03 9.999585257902523505e-01 -2.856520088864034166e-03 -1.608071000000000084e-01 -1.388114247050491147e-03 2.844619418988084732e-03 9.999949906270522160e-01 9.572462099999999197e+00
9.999561666405191174e-01 9.300286071514680952e-03 1.081423407587758009e-03 -3.389790000000000164e-02 -9.297899833703406752e-03 9.999543731376403510e-01 -2.191050339752617041e-03 -1.632083000000000006e-01 -1.101751460587576097e-03 2.180899332133860811e-03 9.999970149064557612e-01 9.687234899999999982e+00
9.999265495554026106e-01 1.205199147915308674e-02 1.282573823694183350e-03 -3.435669999999999696e-02 -1.204915238114214263e-02 9.999249888636067007e-01 -2.198766247686529274e-03 -1.652793999999999930e-01 -1.308977128455927333e-03 2.183150819886315545e-03 9.999967602104392617e-01 9.802508400000000677e+00
9.999500963836477352e-01 9.932803013037653020e-03 1.069657252479452609e-03 -3.497560000000000252e-02 -9.931344491053662946e-03 9.999497576896314577e-01 -1.360328286609050353e-03 -1.674920000000000020e-01 -1.083115383331736091e-03 1.349637266646394954e-03 9.999985026690364487e-01 9.918497999999999593e+00
9.999824013647088394e-01 5.771966925885806295e-03 1.371626289026374370e-03 -3.553760000000000252e-02 -5.771982287805816660e-03 9.999833419452693883e-01 7.241513124574031476e-06 -1.693004999999999927e-01 -1.371561642626333531e-03 -1.515838832957464908e-05 9.999990592939993483e-01 1.003444099999999928e+01
9.999966969372480197e-01 2.458100406407776311e-03 7.509041122723692906e-04 -3.572170000000000206e-02 -2.456693579340438281e-03 9.999952362538365724e-01 -1.868723171279560282e-03 -1.712818999999999869e-01 -7.554940443425712821e-04 1.866872257458339476e-03 9.999979720063053579e-01 1.015083030000000086e+01
9.999968325310714112e-01 -1.769422726888485262e-03 1.789991909994487207e-03 -3.608009999999999690e-02 1.766573326094753212e-03 9.999971720838659595e-01 1.592181822086485713e-03 -1.730027000000000093e-01 -1.792804090748823659e-03 -1.589014626937913831e-03 9.999971304388866056e-01 1.026719570000000026e+01
9.999904455481412047e-01 -3.828025420588787413e-03 2.110695101003614866e-03 -3.607819999999999777e-02 3.828356331314287410e-03 9.999926601491380129e-01 -1.527601095791525495e-04 -1.747965999999999964e-01 -2.110094839233637738e-03 1.608391429934408960e-04 9.999977608127628148e-01 1.038326640000000012e+01
9.999915164662778189e-01 5.311336495087418596e-04 4.084714496780482776e-03 -3.653760000000000341e-02 -5.268640071453208366e-04 9.999993138579215124e-01 -1.046278167596530065e-03 -1.765368999999999966e-01 -4.085267407627544631e-03 1.044117202412594069e-03 9.999911101652232404e-01 1.050025750000000002e+01
9.999784075956362761e-01 2.836714638593101304e-03 5.927680200112084297e-03 -3.676499999999999907e-02 -2.829653908725248811e-03 9.999952774863273275e-01 -1.199192978639237539e-03 -1.789690999999999921e-01 -5.931053974838295523e-03 1.182393801731612204e-03 9.999817121045990742e-01 1.061670110000000022e+01
9.999593108007929221e-01 4.650610815643401244e-03 7.729719389774483002e-03 -3.704040000000000110e-02 -4.635290514983642779e-03 9.999872594902321499e-01 -1.998734363736362485e-03 -1.813731000000000093e-01 -7.738916244858685609e-03 1.962823541864767291e-03 9.999681277416287983e-01 1.073436929999999911e+01
9.999474425559089497e-01 4.232744084103815148e-03 9.337880027913412692e-03 -3.656090000000000034e-02 -4.211539664517339847e-03 9.999885109711172948e-01 -2.289292340873153551e-03 -1.838902000000000037e-01 -9.347462733352683226e-03 2.249845169398878054e-03 9.999537805004601321e-01 1.085108950000000050e+01
9.999462306035632464e-01 1.712398675861194659e-03 1.022758976985528763e-02 -3.574179999999999718e-02 -1.704355062418819091e-03 9.999982314723099286e-01 -7.951264514822294809e-04 -1.861800999999999873e-01 -1.022893325556223539e-02 7.776522536122465338e-04 9.999473807063178343e-01 1.096723839999999939e+01
9.999505593120336933e-01 5.457008021789645129e-04 9.928803663353261144e-03 -3.495609999999999690e-02 -4.906824137226535642e-04 9.999845177182166145e-01 -5.542883242012138813e-03 -1.884149999999999991e-01 -9.931674698648723654e-03 5.537737308704424911e-03 9.999353455614917729e-01 1.108401010000000042e+01
9.999609560168792877e-01 4.283679853502671189e-04 8.826264367101453734e-03 -3.477249999999999786e-02 -3.752205359453199187e-04 9.999817954659105945e-01 -6.022287466003351658e-03 -1.905741999999999992e-01 -8.828683444219911219e-03 6.018740536266961247e-03 9.999429129260324345e-01 1.120096679999999978e+01
9.999751113839034922e-01 6.376976714497083372e-04 7.026375625425134927e-03 -3.460860000000000325e-02 -5.886872436566476571e-04 9.999755006283834735e-01 -6.975069199872398554e-03 -1.930479999999999974e-01 -7.030651469024529893e-03 6.970759262353009092e-03 9.999509880265269324e-01 1.131791879999999928e+01
9.999841424595835582e-01 8.003831408330662348e-04 5.574425190024598527e-03 -3.442300000000000221e-02 -7.644025652813747325e-04 9.999788823524597969e-01 -6.453722789495515248e-03 -1.953610000000000069e-01 -5.579472922194518049e-03 6.449359344410320570e-03 9.999636369618433163e-01 1.143439580000000078e+01
9.999908348977460948e-01 2.037787022627334139e-03 3.765308029785018832e-03 -3.407290000000000318e-02 -2.023396217413713991e-03 9.999906497700710162e-01 -3.821811112347965177e-03 -1.977909999999999946e-01 -3.773060860376863026e-03 3.814157375033460761e-03 9.999856080040664397e-01 1.155278780000000083e+01
9.999829255980801079e-01 2.603113031010243633e-03 5.231855775181462088e-03 -3.372939999999999966e-02 -2.581654126322819459e-03 9.999882453869690657e-01 -4.104162504459499955e-03 -1.998912999999999940e-01 -5.242477875638132910e-03 4.090585586289031961e-03 9.999778915232500065e-01 1.167138289999999934e+01
9.999820216780734849e-01 -8.846065827507416717e-04 5.930749685064174576e-03 -3.362169999999999742e-02 9.161788672734984826e-04 9.999854136334029864e-01 -5.322888005128693922e-03 -2.025914000000000048e-01 -5.925954515206490955e-03 5.328225936063102700e-03 9.999682460315717503e-01 1.179000850000000078e+01
9.999778593469509369e-01 -3.010543867720565613e-03 5.934428490619868789e-03 -3.312679999999999791e-02 3.059370754520964429e-03 9.999614043775292282e-01 -8.235897395305761051e-03 -2.051626000000000005e-01 -5.909404917259651092e-03 8.253870664127983467e-03 9.999484749488765090e-01 1.191044710000000073e+01
9.999973893439575434e-01 -1.217625673992692127e-03 1.933570011030425828e-03 -3.340230000000000282e-02 1.233950736673278736e-03 9.999634155163055205e-01 -8.464336627528741899e-03 -2.079361000000000126e-01 -1.923192878778889501e-03 8.466700460196699071e-03 9.999623074458698913e-01 1.203093430000000019e+01
9.999986739796186130e-01 -1.344560318452665240e-04 1.622948113735794146e-03 -3.395429999999999976e-02 1.427429746987186106e-04 9.999869486488898174e-01 -5.107069250143731788e-03 -2.095053000000000054e-01 -1.622240255804395081e-03 5.107294142507354077e-03 9.999856418384687196e-01 1.209121889999999944e+01
9.999959232588589986e-01 -1.930568052852981017e-03 2.103894639833704932e-03 -3.357689999999999980e-02 1.933826772725899578e-03 9.999969320516995941e-01 -1.547966795993412038e-03 -2.116754000000000135e-01 -2.100899729950498739e-03 1.552029053114994733e-03 9.999965887072530535e-01 1.221326919999999916e+01
9.999936726857856506e-01 -2.502937783852699112e-03 2.527823341135991640e-03 -3.388630000000000114e-02 2.510248876287107626e-03 9.999926639121871075e-01 -2.893228713165520421e-03 -2.127440999999999915e-01 -2.520563225338475714e-03 2.899555872499897258e-03 9.999926196411498269e-01 1.227320190000000011e+01
9.999883557157875913e-01 -3.734130563779928559e-03 3.056910493954857842e-03 -3.376570000000000266e-02 3.741841641722439167e-03 9.999898223297014610e-01 -2.520686045575814670e-03 -2.152129999999999876e-01 -3.047466810923239993e-03 2.532095168972388431e-03 9.999921506892399670e-01 1.239389040000000008e+01
9.999874998834384909e-01 -3.512059504426544038e-03 3.558864272142395983e-03 -3.386310000000000014e-02 3.521112560575844711e-03 9.999905731583975665e-01 -2.540740182561275658e-03 -2.164984000000000075e-01 -3.549907492586175124e-03 2.553239584702866535e-03 9.999904395165072346e-01 1.245389459999999993e+01
9.999870198742013550e-01 -1.061062217466566225e-03 4.983395437285515796e-03 -3.439720000000000277e-02 1.081726227703661350e-03 9.999908214396702189e-01 -4.145709201317132261e-03 -2.189356000000000080e-01 -4.978950841491727210e-03 4.151046059037705530e-03 9.999789892118402523e-01 1.257401280000000021e+01
9.999798861335927880e-01 -2.593152786456022312e-03 5.788167833855362675e-03 -3.446769999999999695e-02 2.605618009077381725e-03 9.999943004093398979e-01 -2.147068612200352285e-03 -2.201712999999999865e-01 -5.782567166713599265e-03 2.162107180696575676e-03 9.999809434231742289e-01 1.263396170000000041e+01
9.999719749709434780e-01 -4.574576165936588591e-03 5.926426040443862064e-03 -3.443129999999999802e-02 4.589751847020792468e-03 9.999862167252190348e-01 -2.549615179960708095e-03 -2.224479000000000040e-01 -5.914680946050718952e-03 2.576744551786566261e-03 9.999791882518461739e-01 1.275367160000000055e+01
9.999834828219917870e-01 -1.146021047678895876e-03 5.632114963096247415e-03 -3.413429999999999936e-02 1.172762952107411294e-03 9.999880447445470555e-01 -4.747103857722954207e-03 -2.248194000000000026e-01 -5.626607348786654555e-03 4.753630584734241937e-03 9.999728717750329121e-01 1.287362859999999998e+01
9.999907337040648825e-01 1.557287697662634342e-03 4.013397691807299959e-03 -3.382670000000000121e-02 -1.528284987580430174e-03 9.999727716710249403e-01 -7.219436374466031182e-03 -2.275950999999999946e-01 -4.024531153144653671e-03 7.213235861590522151e-03 9.999658856068053270e-01 1.299313070000000003e+01
