1.000000000000000000e+00 0.000000000000000000e+00 0.000000000000000000e+00 0.000000000000000000e+00 0.000000000000000000e+00 1.000000000000000000e+00 0.000000000000000000e+00 0.000000000000000000e+00 0.000000000000000000e+00 0.000000000000000000e+00 1.000000000000000000e+00 0.000000000000000000e+00
9.999997596630196828e-01 -6.119156958544265824e-04 -3.259341712901834805e-04 -1.397000000000000075e-04 6.124837140478783717e-04 9.999982890460401563e-01 1.745499553778929363e-03 -8.624000000000000372e-04 3.248655150577582987e-04 -1.745698763642604618e-03 9.999984234978691600e-01 5.161190000000000222e-02
9.999985663770635247e-01 -1.552600240331320934e-03 -6.757783004383283295e-04 -2.888000000000000267e-04 1.553797570205278601e-03 9.999972177620352065e-01 1.774875009566692901e-03 -1.645100000000000035e-03 6.730207488958736767e-04 -1.775922487746388508e-03 9.999981965695683428e-01 1.035284999999999955e-01
9.999945681856049484e-01 -3.216168070742862675e-03 -7.210147198441664443e-04 -5.130999999999999494e-04 3.216622822735751199e-03 9.999946279263239868e-01 6.304412019006310104e-04 -2.339100000000000207e-03 7.189832416359364905e-04 -6.327570098644144745e-04 9.999995413407272160e-01 1.552510000000000001e-01
9.999933811928691796e-01 -3.583967178687653184e-03 -6.266974669935426387e-04 -6.888000000000000459e-04 3.584420343509223724e-03 9.999933142328718549e-01 7.234779594176852027e-04 -3.211599999999999785e-03 6.241003557791616023e-04 -7.257195180065257982e-04 9.999995419148586251e-01 2.073319999999999885e-01
9.999919302849376024e-01 -3.971571567605930268e-03 -6.049663526997136947e-04 -7.780999999999999939e-04 3.972410793592738402e-03 9.999911405468147052e-01 1.392400936365223657e-03 -3.851700000000000002e-03 5.994309730590572380e-04 -1.394792874955639141e-03 9.999988476170083018e-01 2.593253999999999837e-01
9.999848223619399734e-01 -5.475318922701246857e-03 -6.131300466039292995e-04 -8.243000000000000327e-04 5.477028693410537427e-03 9.999810175636347775e-01 2.822528846454575632e-03 -4.860299999999999690e-03 5.976641622989731185e-04 -2.825844137991372334e-03 9.999958286925284545e-01 3.118774999999999742e-01
9.999877761064946968e-01 -4.866065261512031795e-03 -8.769529392896980658e-04 -1.049100000000000076e-03 4.868693888401772613e-03 9.999835855486391978e-01 3.020670969913609536e-03 -5.331200000000000348e-03 8.622397625151759963e-04 -3.024903660969294281e-03 9.999950532379816570e-01 3.643616000000000077e-01
9.999910095867908799e-01 -4.065074872861814195e-03 -1.206611730707353143e-03 -1.247999999999999977e-03 4.066505221553258151e-03 9.999910292011898738e-01 1.185349074286467640e-03 -6.113500000000000011e-03 1.201782373698823169e-03 -1.190245110411801595e-03 9.999985695168285282e-01 4.168171999999999988e-01
9.999983408745081181e-01 -1.232667102613846464e-03 -1.341186059068765792e-03 -1.674900000000000000e-03 1.231331474997048210e-03 9.999987456775168981e-01 -9.962259741232626278e-04 -6.944900000000000378e-03 1.342412391774008926e-03 9.945728766509946261e-04 9.999986043759078180e-01 4.693455000000000266e-01
9.999973772918240300e-01 2.074429437384469818e-03 -9.706451373727594499e-04 -2.230499999999999844e-03 -2.075966659075901763e-03 9.999965884397971072e-01 -1.585393073497198173e-03 -8.067100000000000659e-03 9.673530398969496825e-04 1.587403942416802183e-03 9.999982721869172808e-01 5.221225000000000449e-01
9.999899192194926512e-01 4.383863959315239221e-03 -9.711828760268152293e-04 -2.588099999999999862e-03 -4.385710155804484027e-03 9.999885642416072029e-01 -1.907074313787648348e-03 -8.815500000000000419e-03 9.628114154621402170e-04 1.911314415592614254e-03 9.999977099330692454e-01 5.752078000000000468e-01
9.999841939787560419e-01 5.501371680630127471e-03 -1.160475027360157981e-03 -2.628899999999999987e-03 -5.502583456338029123e-03 9.999843161025189220e-01 -1.043611174549345525e-03 -9.714999999999999677e-03 1.154715533627544448e-03 1.049980289895995718e-03 9.999987820859719267e-01 6.285678999999999572e-01
9.999951706798803075e-01 3.025417565846913025e-03 -7.109609477769228717e-04 -2.773999999999999990e-03 -3.024172904696071414e-03 9.999939041755089297e-01 1.745276501166258916e-03 -1.063109999999999923e-02 7.162368040676533659e-04 -1.743118003832773389e-03 9.999982242706559887e-01 6.817081999999999864e-01
9.999989356981081601e-01 -1.339137125416673367e-03 -5.790633905484744151e-04 -2.798800000000000159e-03 1.341257745079665713e-03 9.999923388248989076e-01 3.677406582070364815e-03 -1.147300000000000056e-02 5.741344025631426673e-04 -3.678179341457047270e-03 9.999930706592019547e-01 7.350989999999999469e-01
9.999925535818341427e-01 -3.762767030168256543e-03 -8.569510833146444647e-04 -2.934299999999999929e-03 3.764016724695392040e-03 9.999918482261952457e-01 1.461389494352283071e-03 -1.220369999999999962e-02 8.514452294356686423e-04 -1.464604190444846951e-03 9.999985649867636495e-01 7.885033000000000181e-01
9.999885486848377747e-01 -4.709274622553419679e-03 -8.516053787746650236e-04 -3.153299999999999940e-03 4.708697688736484047e-03 9.999886840367324670e-01 -6.782068713067608903e-04 -1.294000000000000011e-02 8.547896044473665125e-04 6.741891526673806419e-04 9.999994074016836931e-01 8.418849000000000471e-01
9.999969519480339519e-01 -2.445581846380993560e-03 -3.394467176610576177e-04 -3.465900000000000057e-03 2.444811348854408761e-03 9.999944756471528251e-01 -2.252015240726690758e-03 -1.399880000000000048e-02 3.449523300281110002e-04 2.251178493279539124e-03 9.999974065982778493e-01 8.956068999999999836e-01
9.999997463605273529e-01 5.924602293160544835e-04 3.953096984474982348e-04 -3.892899999999999919e-03 -5.923397113900341149e-04 9.999997780795889524e-01 -3.049171022319813250e-04 -1.473389999999999943e-02 -3.954902619765182474e-04 3.046828672602802678e-04 9.999998753778938099e-01 9.494205999999999479e-01
9.999977590807360706e-01 -1.370293839376755026e-03 1.613731173405858225e-03 -4.565800000000000067e-03 1.362095928683174431e-03 9.999862183536974980e-01 5.070285726892977997e-03 -1.598329999999999890e-02 -1.620656714829040194e-03 -5.068076308130733086e-03 9.999858439369767593e-01 1.057864499999999985e+00
9.999807384920557096e-01 -6.013596191916466618e-03 1.536003165183560818e-03 -4.951599999999999578e-03 6.011141697676481918e-03 9.999806566998810098e-01 1.597623724506340393e-03 -1.791989999999999902e-02 -1.545580917759159642e-03 -1.588359819190281056e-03 9.999975441433400780e-01 1.166435499999999958e+00
9.999922123911926253e-01 -3.141374561804035313e-03 2.388916664575340982e-03 -5.111899999999999951e-03 3.145810613190499865e-03 9.999933305769196368e-01 -1.855445301111490830e-03 -1.942239999999999939e-02 -2.383072083209670459e-03 1.862945931026771052e-03 9.999954251894876966e-01 1.276712099999999905e+00
9.999948884235591029e-01 -1.459711280994225972e-03 2.844709076460743939e-03 -5.203199999999999839e-03 1.469480489765652952e-03 9.999930203022634467e-01 -3.435109000761767378e-03 -2.138110000000000011e-02 -2.839674953891384648e-03 3.439271686426445453e-03 9.999900537787478338e-01 1.386666699999999919e+00
9.999966846409693577e-01 7.050674080597889521e-04 2.476607966526592729e-03 -5.613100000000000207e-03 -7.037314220468287749e-04 9.999996064341126756e-01 -5.402718810930360336e-04 -2.358069999999999958e-02 -2.476987919913030238e-03 5.385272230516397829e-04 9.999967872544764935e-01 1.495861600000000013e+00
9.999822480845002026e-01 5.363196799512562687e-03 2.596080884508346082e-03 -5.997699999999999906e-03 -5.361154614374700339e-03 9.999853145080268568e-01 -7.929624728923166969e-04 -2.506759999999999891e-02 -2.600295573580104717e-03 7.790304052762315199e-04 9.999963157804920844e-01 1.607576099999999952e+00
9.999640992291218833e-01 8.224589996435348327e-03 2.038718293781886098e-03 -6.261599999999999978e-03 -8.224062504138037605e-03 9.999661461842290766e-01 -2.669857469213134473e-04 -2.698029999999999873e-02 -2.040845123691679627e-03 2.502096152507936604e-04 9.999978861709306610e-01 1.719835199999999897e+00
9.999770792943069031e-01 6.695091020010817025e-03 1.008286795121697598e-03 -6.565099999999999929e-03 -6.694030855901756706e-03 9.999770422215045196e-01 -1.051180684595886140e-03 -2.864330000000000001e-02 -1.015301397458641874e-03 1.044407087874641392e-03 9.999989391878909561e-01 1.831906599999999941e+00
9.999787124575199027e-01 6.484787765038874802e-03 -7.226060082307135144e-04 -7.243699999999999618e-03 -6.484343005531294224e-03 9.999787866048845952e-01 6.161460942688520891e-04 -3.087600000000000067e-02 7.265862559575393285e-04 -6.114473528174706489e-04 9.999995491021720362e-01 1.944817500000000088e+00
9.999704566914591197e-01 7.241124724636100081e-03 -2.579119422776748449e-03 -8.200000000000000691e-03 -7.240368209990956545e-03 9.999737424243814177e-01 3.025391884571182900e-04 -3.254660000000000192e-02 2.581242425351183613e-03 -2.838564761700849981e-04 9.999966283008371315e-01 2.058021800000000123e+00
9.999698835555264065e-01 6.154086766880780685e-03 -4.728551365129293228e-03 -9.139700000000000601e-03 -6.144214291338715578e-03 9.999789200560226243e-01 2.099541457778956142e-03 -3.426939999999999847e-02 4.741372447833256364e-03 -2.070424994180266286e-03 9.999866162742651055e-01 2.172173499999999979e+00
9.999818600191049400e-01 2.715433666169375475e-03 -5.376434946693077477e-03 -1.009999999999999960e-02 -2.707740402667237374e-03 9.999953005905531933e-01 1.437685195362154583e-03 -3.587819999999999898e-02 5.380313619404738720e-03 -1.423101125652704354e-03 9.999845133843539013e-01 2.285350999999999910e+00
9.999868484096955390e-01 -9.743730434642681310e-05 -5.127720118749118719e-03 -1.116439999999999967e-02 1.113618146358212228e-04 9.999963073087116960e-01 2.715320880991105388e-03 -3.772770000000000290e-02 5.127436610114628063e-03 -2.715856202420702161e-03 9.999831666177670941e-01 2.397814499999999960e+00
9.999821865600598825e-01 -3.843813309510582706e-03 -4.566361987774281324e-03 -1.192589999999999970e-02 3.858941564627522969e-03 9.999870801248942342e-01 3.308799372780185915e-03 -3.999219999999999858e-02 4.553584583880118143e-03 -3.326361755755042216e-03 9.999840999660482010e-01 2.509181700000000070e+00
9.999822203813062416e-01 -4.839037161557376010e-03 -3.484629194303038874e-03 -1.261310000000000035e-02 4.845715281487431025e-03 9.999864343007620615e-01 1.910564800889316900e-03 -4.160289999999999822e-02 3.475336628800366253e-03 -1.927416352712818743e-03 9.999921035195826757e-01 2.620921399999999846e+00
9.999978590317737392e-01 -4.994848170483612499e-05 -2.068680018244139964e-03 -1.350649999999999941e-02 5.645133304822778225e-05 9.999950574741085507e-01 3.143539502095136183e-03 -4.358510000000000162e-02 2.068512778714279906e-03 -3.143649551621624343e-03 9.999929193361225543e-01 2.732714699999999830e+00
9.999773548806881740e-01 6.682979631683667529e-03 -7.921546974448435150e-04 -1.451090000000000019e-02 -6.678901786587670975e-03 9.999649782979308510e-01 5.043257731244984478e-03 -4.544290000000000135e-02 8.258309435342784310e-04 -5.037852802647921867e-03 9.999869689362914649e-01 2.843879499999999894e+00
9.998937120606953277e-01 1.455027278747036794e-02 9.241987305591947265e-04 -1.595589999999999856e-02 -1.455370062106858299e-02 9.998868023391789261e-01 3.817369010734051812e-03 -4.677400000000000307e-02 -8.685503529881452751e-04 -3.830413782087265136e-03 9.999922867455240949e-01 2.953648299999999782e+00
9.998576727020660471e-01 1.678980731510175059e-02 1.654300193394387785e-03 -1.650449999999999834e-02 -1.679613414984729505e-02 9.998513762538814298e-01 3.887837553135617928e-03 -4.853310000000000263e-02 -1.588778281712877310e-03 -3.915070055694244884e-03 9.999910739651782787e-01 3.063517099999999882e+00
9.999000053213863426e-01 1.403367837803539547e-02 1.742190997949519694e-03 -1.695340000000000041e-02 -1.403878887034791523e-02 9.998970800436506323e-01 2.956641208371625380e-03 -5.041059999999999985e-02 -1.700519139930525229e-03 -2.980803811576252568e-03 9.999941115043086137e-01 3.171771800000000141e+00
9.999091978096957822e-01 1.343466213047368220e-02 1.051660121289386355e-03 -1.744969999999999855e-02 -1.343789656595339131e-02 9.999048040999983789e-01 3.131401224122659904e-03 -5.238160000000000038e-02 -1.009490690116604961e-03 -3.145248985965213347e-03 9.999945441537982926e-01 3.279965400000000031e+00
9.999107788637110472e-01 1.334778980364238581e-02 5.204032326934061132e-04 -1.741490000000000052e-02 -1.334918932390432959e-02 9.999070155046644315e-01 2.785585925671955031e-03 -5.328689999999999816e-02 -4.831734278455892964e-04 -2.792284353808432117e-03 9.999959848377022453e-01 3.333720899999999876e+00
9.999153987496545160e-01 1.291879255328963992e-02 -1.516621997891629469e-03 -1.834010000000000154e-02 -1.291341982256058278e-02 9.999104911745169133e-01 3.500461058562249518e-03 -5.451120000000000271e-02 1.561707977094330861e-03 -3.480580138609004094e-03 9.999927232885712503e-01 3.442734000000000183e+00
9.999368105528004813e-01 1.099826295572619433e-02 -2.326609861890781283e-03 -1.847769999999999968e-02 -1.098733040051783766e-02 9.999287759527649699e-01 4.660642903614395545e-03 -5.567029999999999895e-02 2.377703127516770688e-03 -4.634785168900023948e-03 9.999864325551000022e-01 3.495487900000000092e+00
9.999705135977146053e-01 6.385303177098462790e-03 -4.266126868650865073e-03 -1.897570000000000159e-02 -6.362959808327430661e-03 9.999660762409020576e-01 5.230593642419282228e-03 -5.719130000000000047e-02 4.299381071793742515e-03 -5.203294217228498879e-03 9.999772202663860243e-01 3.602675399999999861e+00
9.999779927167433691e-01 3.792564679015384289e-03 -5.443393734429246948e-03 -1.947439999999999935e-02 -3.770177691306508556e-03 9.999844176042139710e-01 4.117075289196115394e-03 -5.829109999999999847e-02 5.458923187636311077e-03 -4.096462121931495649e-03 9.999767093066292967e-01 3.710794400000000159e+00
9.999760869998504109e-01 3.993798973826626769e-03 -5.645794738050867803e-03 -2.042360000000000009e-02 -3.975743584478309833e-03 9.999869585875948985e-01 3.205638420360669687e-03 -6.011289999999999689e-02 5.658523784347030405e-03 -3.183115531719557089e-03 9.999789242199526029e-01 3.816784600000000083e+00
9.999692886906024203e-01 6.044451541681475013e-03 -4.988615155633822733e-03 -2.154239999999999974e-02 -6.030643832172737431e-03 9.999779560574229009e-01 2.778261000748226319e-03 -6.179509999999999864e-02 5.005298250876959003e-03 -2.748091115495638042e-03 9.999836973594322664e-01 3.921506899999999796e+00
9.999657249986297902e-01 6.858478243311586474e-03 -4.637898678370840945e-03 -2.272710000000000008e-02 -6.831748276154907436e-03 9.999601035568506102e-01 5.754868379370310996e-03 -6.342219999999999802e-02 4.677183282282919817e-03 -5.722986174947781307e-03 9.999726853198467325e-01 4.025632400000000111e+00
9.999718137639430626e-01 6.011261248127120795e-03 -4.498490397520589316e-03 -2.384059999999999999e-02 -6.003049554704574693e-03 9.999802947434660583e-01 1.836714679645436209e-03 -6.503470000000000084e-02 4.509442725390910324e-03 -1.809658248794227637e-03 9.999881949619849886e-01 4.129690199999999756e+00
9.999868908573248394e-01 2.688068754408912998e-03 -4.358027061910491919e-03 -2.481320000000000053e-02 -2.679110799134194754e-03 9.999942892767543778e-01 2.060043495867870753e-03 -6.676790000000000502e-02 4.363539712978010444e-03 -2.048340853099282679e-03 9.999883818429706750e-01 4.233279699999999757e+00
9.999953492963293833e-01 -1.106600672333694479e-03 -2.841974782479280304e-03 -2.548310000000000158e-02 1.119790822144921000e-03 9.999885905213907744e-01 4.643801843001023506e-03 -6.848239999999999883e-02 2.836803522787141856e-03 -4.646962663332933861e-03 9.999851790320588574e-01 4.336472500000000174e+00
9.999987133478570600e-01 -4.388580075081688152e-04 -1.542953751590274728e-03 -2.608850000000000058e-02 4.399416702642898794e-04 9.999996567809285031e-01 7.020607892813361542e-04 -6.973619999999999819e-02 1.542645117019987274e-03 -7.027386956239323234e-04 9.999985632011521020e-01 4.439364399999999655e+00
9.999888668775853695e-01 4.530584035597764146e-03 1.319063751020376407e-03 -2.711770000000000153e-02 -4.528989415966811101e-03 9.999890127547355068e-01 -1.209390209769298143e-03 -7.164249999999999785e-02 -1.324528502120613264e-03 1.203402719712688869e-03 9.999983987217886394e-01 4.541881100000000338e+00
9.999775570375698530e-01 5.738323750100821768e-03 3.457898453191002135e-03 -2.722530000000000089e-02 -5.748798971261648641e-03 9.999788938434870378e-01 3.027074155699755863e-03 -7.339990000000000403e-02 -3.440455138724075011e-03 -3.046884982258638280e-03 9.999894398244130178e-01 4.645418199999999942e+00
9.999757716935758767e-01 4.760810536343665529e-03 5.078455363057020160e-03 -2.717819999999999958e-02 -4.776320293606947480e-03 9.999839533225850507e-01 3.046286556947636493e-03 -7.464669999999999639e-02 -5.063871077585004564e-03 -3.070469079994225369e-03 9.999824645609234341e-01 4.749369100000000010e+00
9.999295707638546915e-01 9.057503258266340340e-03 7.669103385659244154e-03 -2.744740000000000027e-02 -9.071770733868833592e-03 9.999571804285505294e-01 1.827644696165055304e-03 -7.601410000000000111e-02 -7.652221100148400706e-03 -1.897088324194197212e-03 9.999689218011351688e-01 4.852985900000000186e+00
9.998919029359297772e-01 1.088453493319157389e-02 9.884803612271191378e-03 -2.739110000000000156e-02 -1.088647812786571606e-02 9.999407303450382756e-01 1.427970686855662493e-04 -7.763670000000000293e-02 -9.882663463689262198e-03 -2.503923310649218393e-04 9.999511339393259979e-01 4.957067000000000334e+00
9.998821350883962955e-01 9.771472967828272183e-03 1.184205417607345212e-02 -2.685929999999999915e-02 -9.787945755618091687e-03 9.999512072472395152e-01 1.333882556042671318e-03 -7.970220000000000082e-02 -1.182844237231323384e-02 -1.449634722003611403e-03 9.999289907339508066e-01 5.060454799999999587e+00
9.998885425383969849e-01 7.515354364949968814e-03 1.290046313934677981e-02 -2.588539999999999938e-02 -7.549012764809399749e-03 9.999682228156968611e-01 2.562374893269750778e-03 -8.138919999999999488e-02 -1.288079604361323273e-02 -2.659475058379353121e-03 9.999135024019311091e-01 5.163860299999999626e+00
9.999115917203111881e-01 4.009280595623385297e-03 1.267810760560511736e-02 -2.507219999999999935e-02 -4.053328915171803930e-03 9.999858319241640148e-01 3.450576132056251254e-03 -8.304219999999999657e-02 -1.266409365328513038e-02 -3.501659612703939949e-03 9.999136758300176675e-01 5.268450299999999586e+00
9.999389586929041673e-01 1.125989829137491287e-03 1.099140732823227461e-02 -2.429589999999999875e-02 -1.160372518519136274e-03 9.999944524777222288e-01 3.122266708459579907e-03 -8.464119999999999977e-02 -1.098783071259767756e-02 -3.134830248222124621e-03 9.999347180769082577e-01 5.372229100000000201e+00
9.999597056992893807e-01 -1.057701214445889082e-03 8.914496392485326409e-03 -2.368589999999999932e-02 1.023473954747107983e-03 9.999920911510852273e-01 3.843193508481477366e-03 -8.604580000000000561e-02 -8.918490839521477781e-03 -3.833914894809161561e-03 9.999528796987009471e-01 5.476988799999999991e+00
9.999765474771363793e-01 -1.762093650880741397e-03 6.618120705458666216e-03 -2.343330000000000066e-02 1.740681335617448762e-03 9.999932369206210314e-01 3.239774916041601900e-03 -8.759039999999999881e-02 -6.623784733392834058e-03 -3.228178895957454879e-03 9.999728517998983657e-01 5.581097100000000033e+00
9.999824040646156931e-01 -4.121015262629944276e-03 4.267176391569220753e-03 -2.292109999999999981e-02 4.119348181890174904e-03 9.999914356921094649e-01 3.993907737302269793e-04 -8.903700000000000503e-02 -4.268785741631076630e-03 -3.818057607655640242e-04 9.999908158041518336e-01 5.685986500000000277e+00
9.998498533586365200e-01 -1.716996668598373341e-02 2.337302444126275556e-03 -2.247700000000000045e-02 1.716391765576805520e-02 9.998493502075552763e-01 2.583954379537748737e-03 -9.097550000000000081e-02 -2.381316740612952117e-03 -2.543449140778615905e-03 9.999939300801026221e-01 5.790386699999999998e+00
9.996328806452300375e-01 -2.709183874582962032e-02 -3.690613624320281919e-04 -2.196729999999999863e-02 2.709198622198825956e-02 9.996328644920301487e-01 4.006370003004537466e-04 -9.218329999999999580e-02 3.580718738935069370e-04 -4.104885240494832014e-04 9.999998516418413530e-01 5.894702900000000412e+00
9.997410632481853465e-01 -2.272496838407931166e-02 1.175698656284546216e-03 -2.258699999999999944e-02 2.272997574899930998e-02 9.997317941459075152e-01 -4.437113504825195009e-03 -9.464279999999999915e-02 -1.074550062908557991e-03 4.462688175012300903e-03 9.999894648227124483e-01 5.998586200000000090e+00
9.996634311332358580e-01 -2.583704823722325628e-02 2.339100962685248565e-03 -2.234430000000000097e-02 2.584019241894042196e-02 9.996652095821247919e-01 -1.324087186987490863e-03 -9.660320000000000018e-02 -2.304107349576013652e-03 1.384084359426585118e-03 9.999963876933793960e-01 6.103714899999999943e+00
9.993931607470762923e-01 -3.472113767399512274e-02 2.784394115754104584e-03 -2.178019999999999956e-02 3.471264543022345439e-02 9.993927036437544320e-01 3.042392292634514810e-03 -9.838349999999999873e-02 -2.888338485004120475e-03 -2.943892363890379237e-03 9.999914954631092812e-01 6.208710700000000138e+00
9.994164930545960113e-01 -3.397531726297101096e-02 3.514431295837306193e-03 -2.133619999999999961e-02 3.396306619084797640e-02 9.994169992846781980e-01 3.488792875120797117e-03 -9.981270000000000420e-02 -3.630915224674905600e-03 -3.367396277523378341e-03 9.999877384732981378e-01 6.313896200000000292e+00
9.996321635478460088e-01 -2.654554766829816254e-02 5.556212706736808442e-03 -2.160470000000000099e-02 2.654316918599250452e-02 9.996475422742705508e-01 5.013926348007230818e-04 -1.015612999999999932e-01 -5.567564118730159058e-03 -3.537287104045254470e-04 9.999844384318103963e-01 6.418873800000000074e+00
9.997478093135147015e-01 -2.138511832554295181e-02 6.855252513992644500e-03 -2.180230000000000015e-02 2.137978087941247787e-02 9.997710642294603822e-01 8.509400920703676140e-04 -1.032228000000000034e-01 -6.871880556032983894e-03 -7.041616962821863361e-04 9.999761404223247441e-01 6.524183299999999797e+00
9.998784892469820829e-01 -1.453200750872614411e-02 5.641586562221568429e-03 -2.192530000000000173e-02 1.455743556708012296e-02 9.998839418017955172e-01 -4.492660304762046211e-03 -1.061050999999999939e-01 -5.575644436567184573e-03 4.574241431101007047e-03 9.999739939140652734e-01 6.681216700000000230e+00
9.999740268788163133e-01 -4.468300836854056240e-03 5.655073420911074268e-03 -2.213029999999999858e-02 4.494815778162002812e-03 9.999789248495115634e-01 -4.684707881535851021e-03 -1.081693999999999989e-01 -5.634021555240222197e-03 4.710004718289308515e-03 9.999730364648182768e-01 6.786833800000000139e+00
9.999783882536231738e-01 -8.484603573813580052e-04 6.519443282056603534e-03 -2.265659999999999896e-02 8.527304337521767570e-04 9.999994237272699094e-01 -6.522238383799334625e-04 -1.101546999999999943e-01 -6.518886139008221378e-03 6.577690703814883947e-04 9.999785355013159904e-01 6.892663500000000276e+00
9.999674199811555697e-01 -7.050139253964579807e-03 3.931222803528947214e-03 -2.219360000000000083e-02 7.047745386683105899e-03 9.999749706020863993e-01 6.224582885641710348e-04 -1.120111000000000023e-01 -3.935512825003271813e-03 -5.947317514838051239e-04 9.999920789851027836e-01 6.999486899999999956e+00
9.999867062258649408e-01 -5.151553062875863058e-03 2.210714501899778916e-04 -2.231239999999999959e-02 5.153133278667014656e-03 9.999557610819282960e-01 -7.868995899978482519e-03 -1.141110999999999931e-01 -1.805241202979131730e-04 7.870030501971254575e-03 9.999690145354205306e-01 7.106947400000000137e+00
9.999957633236361554e-01 2.848086465726005611e-03 -6.014468074292407106e-04 -2.330339999999999842e-02 -2.852664781786372599e-03 9.999658706976972677e-01 -7.753692245565910884e-03 -1.162080999999999947e-01 5.793430945253300133e-04 7.755375121806911895e-03 9.999697588018844341e-01 7.214709799999999618e+00
9.999821041589156412e-01 5.974548737531766227e-03 3.100472391264219867e-04 -2.435069999999999943e-02 -5.973789360717152511e-03 9.999792888487814002e-01 -2.394935105407149101e-03 -1.184969000000000022e-01 -3.243494742016483066e-04 2.393040089130681926e-03 9.999970840740238787e-01 7.322485900000000214e+00
9.999955309353049104e-01 2.986445336924061899e-03 1.387575846988929401e-04 -2.445690000000000017e-02 -2.986347756519800670e-03 9.999952971053146511e-01 -6.982079422474663085e-04 -1.205248000000000014e-01 -1.408420919899136157e-04 6.977904435092361713e-04 9.999997466259689105e-01 7.430881000000000292e+00
9.999970956031926095e-01 -2.391372713955745768e-03 3.002028020258551899e-04 -2.437260000000000121e-02 2.391423653952719827e-03 9.999971261871707373e-01 -1.694411610740106759e-04 -1.224896000000000040e-01 -2.997967423299779379e-04 1.701585810313909213e-04 9.999999405839835598e-01 7.539195499999999939e+00
9.999515015630826564e-01 -9.780993589291554768e-03 1.151818623970833752e-03 -2.425559999999999869e-02 9.777953051470035517e-03 9.999487715712155333e-01 2.616460842461888151e-03 -1.243510000000000032e-01 -1.177351204839235293e-03 -2.605071519771777738e-03 9.999959137149098121e-01 7.648060300000000034e+00
9.999449343166594284e-01 -1.037914406270002039e-02 1.549742874651980186e-03 -2.405229999999999868e-02 1.038215921506299190e-02 9.999442018355266804e-01 -1.950380871681969700e-03 -1.258173999999999959e-01 -1.529413117799847217e-03 1.966363149893542075e-03 9.999968971509251014e-01 7.757949400000000217e+00
9.999753193610240176e-01 6.067158035538915140e-03 3.542634921887774686e-03 -2.563740000000000116e-02 -6.042294113446347939e-03 9.999573318254943999e-01 -6.987503866518363083e-03 -1.281090000000000007e-01 -3.584878054354824137e-03 6.965925768323479039e-03 9.999693117928797337e-01 7.867129799999999840e+00
9.998795519645081731e-01 1.460895468473723952e-02 5.240229601233224559e-03 -2.596050000000000094e-02 -1.460175743709892296e-02 9.998923957670516893e-01 -1.409101477457376213e-03 -1.300341000000000136e-01 -5.260251229976882666e-03 1.332415192400694540e-03 9.999852771049944078e-01 7.977714100000000030e+00
9.999428235222235228e-01 1.002943695503418289e-02 3.709458285022371269e-03 -2.579969999999999833e-02 -1.002507358898293427e-02 9.999490360135382394e-01 -1.193010951812204347e-03 -1.318728000000000122e-01 -3.721234464368418631e-03 1.155755147365419193e-03 9.999924082932332148e-01 8.088347399999999965e+00
9.999645567198993668e-01 8.192295168786892928e-03 1.942061750452118984e-03 -2.533219999999999916e-02 -8.187949846220083511e-03 9.999639805460972530e-01 -2.234969288416291562e-03 -1.338465000000000071e-01 -1.960301326552302357e-03 2.218988569562821249e-03 9.999956166446116734e-01 8.200128599999999324e+00
9.999385292862572605e-01 1.090858585402981577e-02 1.985044962233570645e-03 -2.600509999999999974e-02 -1.090627662629369173e-02 9.999398397873253685e-01 -1.170442757652511313e-03 -1.359535000000000049e-01 -1.997693416815553465e-03 1.148721360227053165e-03 9.999973448265995213e-01 8.312412300000000087e+00
9.999468236111407338e-01 1.022355439686082820e-02 1.352362926316452545e-03 -2.639050000000000076e-02 -1.021975278944843579e-02 9.999438882036618681e-01 -2.788744711358405026e-03 -1.379534000000000038e-01 -1.380797926058886273e-03 2.774775601196635601e-03 9.999951969971907495e-01 8.426409700000000669e+00
9.999507676480084983e-01 9.897959771624187733e-03 7.019063454495423149e-04 -2.652809999999999890e-02 -9.895774212091387398e-03 9.999463789306218819e-01 -3.051707109229171138e-03 -1.403854999999999964e-01 -7.320743826826258066e-04 3.044610959797992063e-03 9.999950971935820387e-01 8.539907499999999985e+00
9.999537791633115180e-01 9.598130187307886071e-03 -5.616350405467691745e-04 -2.633989999999999942e-02 -9.600019920466050169e-03 9.999479162439407487e-01 -3.464739085045806868e-03 -1.424586999999999937e-01 5.283507716809992876e-04 3.469970649483669276e-03 9.999938400556044327e-01 8.654492400000000529e+00
9.999455865361610574e-01 1.040013767262394119e-02 -8.130825563196085633e-04 -2.744740000000000027e-02 -1.040314211976818039e-02 9.999387313507657193e-01 -3.782615319736551927e-03 -1.449090000000000100e-01 7.736930197618304035e-04 3.790868107923131558e-03 9.999925153310396109e-01 8.768294300000000874e+00
9.999525090510527070e-01 9.647163320815594842e-03 -1.382708344464350127e-03 -2.807429999999999995e-02 -9.652568903533489605e-03 9.999455813132280824e-01 -3.957565629648210001e-03 -1.471138999999999919e-01 1.344453817309992916e-03 3.970724368669369467e-03 9.999912128573537062e-01 8.883544000000000551e+00
9.999745754331210712e-01 6.998572950316687101e-03 -1.366917703566018424e-03 -2.851619999999999849e-02 -7.004109413185207085e-03 9.999671130526417429e-01 -4.088430566037211562e-03 -1.492439999999999878e-01 1.338259570246742251e-03 4.097900660615451905e-03 9.999907080925793945e-01 8.999712000000000600e+00
9.999831622653878593e-01 5.705660952657829778e-03 -1.058592843463060590e-03 -2.966840000000000102e-02 -5.708678751609081413e-03 9.999795868712625380e-01 -2.869987402394716131e-03 -1.519606000000000012e-01 1.042196059214603064e-03 2.875982244780577336e-03 9.999953212658055923e-01 9.115536699999999826e+00
9.999789422069113032e-01 6.398158660529405621e-03 -1.085683425918822827e-03 -3.006450000000000095e-02 -6.402546452115287327e-03 9.999711501208488063e-01 -4.087337142356055678e-03 -1.540881000000000056e-01 1.059500672547319597e-03 4.094202210622965160e-03 9.999910574433069632e-01 9.232357000000000369e+00
9.999691349462229706e-01 7.856718161765327210e-03 -3.368425645746573542e-05 -3.066409999999999969e-02 -7.856756365442080572e-03 9.999682305680598349e-01 -1.345077692053454768e-03 -1.561791999999999903e-01 2.311528999563098176e-05 1.345300825154492489e-03 9.999990948152769343e-01 9.348877899999999741e+00
9.999671920734417574e-01 8.039034052427940918e-03 9.943381016139884836e-04 -3.108319999999999833e-02 -8.036824203505779640e-03 9.999652691146746486e-01 -2.206812438372838733e-03 -1.585920000000000107e-01 -1.012044207710807459e-03 2.198748716910913815e-03 9.999970706310101765e-01 9.465266200000000296e+00
9.999632144673631373e-01 8.417175297431356285e-03 1.649506626410353512e-03 -3.147729999999999972e-02 -8.411848708205924008e-03 9.999594676472045585e-01 -3.209963244251936090e-03 -1.607976999999999879e-01 -1.676458591351013324e-03 3.195969763859704549e-03 9.999934876107243742e-01 9.582174300000000144e+00
9.999635246189770843e-01 8.457688041262489617e-03 1.190354816501532206e-03 -3.177370000000000194e-02 -8.455753126411206036e-03 9.999629352116127246e-01 -1.621247063613078486e-03 -1.631855999999999862e-01 -1.204022698154005215e-03 1.611122581547529305e-03 9.999979773046391296e-01 9.698947000000000429e+00
9.999508256674018991e-01 9.818918621625186485e-03 1.391073033023236538e-03 -3.268130000000000340e-02 -9.817236912940436808e-03 9.999510769046945358e-01 -1.210643026210451957e-03 -1.655058000000000085e-01 -1.402892182778863427e-03 1.196927000119231638e-03 9.999982996281943093e-01 9.816301299999999230e+00
9.999302276996905325e-01 1.171063423392086633e-02 1.549444508350646165e-03 -3.331710000000000227e-02 -1.170815075356475971e-02 9.999301734852862333e-01 -1.602298229804198070e-03 -1.669763999999999970e-01 -1.568100244543781498e-03 1.584045303882870327e-03 9.999975159279639314e-01 9.933322900000000288e+00
9.999503851058998416e-01 9.802156481899949869e-03 1.773430254296705973e-03 -3.377959999999999990e-02 -9.799997002007714703e-03 9.999512318256204013e-01 -1.222304865845782020e-03 -1.681523000000000045e-01 -1.785324990904422343e-03 1.204864610143927721e-03 9.999976804552839216e-01 9.991956699999999358e+00
9.999808122892238638e-01 5.912556313587166018e-03 1.848440213448128118e-03 -3.408409999999999912e-02 -5.912586997027352229e-03 9.999825204427341685e-01 1.113549546740025961e-05 -1.700280000000000125e-01 -1.848342064287534061e-03 -2.206434537354974722e-05 9.999982915709296760e-01 1.011009499999999939e+01
9.999965445763118188e-01 2.486844239303252335e-03 8.523151798551203539e-04 -3.381230000000000346e-02 -2.485549784755056602e-03 9.999957611866315821e-01 -1.516460034670217725e-03 -1.721318000000000015e-01 -8.560827669514951312e-04 1.514336322846459226e-03 9.999984869527540621e-01 1.022768400000000000e+01
9.999952650554841949e-01 -2.131927037383972261e-03 2.219178613593012807e-03 -3.441480000000000233e-02 2.126464963599830789e-03 9.999947113877569738e-01 2.460760710687315625e-03 -1.741907000000000039e-01 -2.224413039509473555e-03 -2.456030053552108600e-03 9.999945099364324630e-01 1.034446619999999939e+01
9.999906797868546304e-01 -3.151187481255441920e-03 2.951331374515470899e-03 -3.459799999999999681e-02 3.149197563603069443e-03 9.999948109818433961e-01 6.786487255012133707e-04 -1.760880999999999974e-01 -2.953454609371351878e-03 -6.693480747764315227e-04 9.999954145289993157e-01 1.046117210000000064e+01
9.999895819899421445e-01 4.654216410070453371e-04 4.540847308243538966e-03 -3.472979999999999817e-02 -4.665759123379965975e-04 9.999998591131835646e-01 2.531413263093618767e-04 -1.778710000000000013e-01 -4.540728851046520534e-03 -2.552573390561095764e-04 9.999896582591202288e-01 1.057821940000000005e+01
9.999785646708876374e-01 2.203884935700653382e-03 6.165475646018269383e-03 -3.471729999999999955e-02 -2.204491611109118867e-03 9.999975659097055658e-01 9.160458861796995703e-05 -1.802014999999999867e-01 -6.165258752720941850e-03 -1.051943643836095855e-04 9.999809890786213185e-01 1.069566350000000021e+01
9.999541334697041872e-01 4.879649256320130711e-03 8.241357897107150221e-03 -3.553379999999999733e-02 -4.871037573973498007e-03 9.999875696429170180e-01 -1.064684274842002442e-03 -1.823806000000000038e-01 -8.246450739915589523e-03 1.024491477491082684e-03 9.999654726376339120e-01 1.081448549999999997e+01
9.999441056373964409e-01 3.385499236640483398e-03 1.001618669685337693e-02 -3.522709999999999730e-02 -3.374405082559183040e-03 9.999936746329614046e-01 -1.124315082985987519e-03 -1.847798999999999969e-01 -1.001992970865138444e-02 1.090453568813334667e-03 9.999492046697412428e-01 1.093177129999999941e+01
9.999364497500020654e-01 1.586844725207679514e-03 1.116146877340574127e-02 -3.429669999999999941e-02 -1.590304759209745702e-03 9.999986901250192961e-01 3.011295711598376023e-04 -1.871416999999999942e-01 -1.116097630740544612e-02 -3.188605712104266893e-04 9.999376635249828116e-01 1.104752640000000063e+01
9.999419804778841847e-01 -3.453469535636260741e-04 1.076644850674783258e-02 -3.328559999999999852e-02 3.938404190849862881e-04 9.999897868890821329e-01 -4.502333534109777963e-03 -1.890798999999999952e-01 -1.076478368064510971e-02 4.506312573461677615e-03 9.999319039711149770e-01 1.116464709999999982e+01
9.999507415892482376e-01 1.745171950372044955e-04 9.923907439167753419e-03 -3.288510000000000044e-02 -1.294782819772325073e-04 9.999896908181556965e-01 -4.538886733978641543e-03 -1.903888999999999998e-01 -9.924597245582762739e-03 4.537378225145819420e-03 9.999404555114044246e-01 1.122304339999999989e+01
9.999664061833664075e-01 -9.469029349396466521e-04 8.141859711052367582e-03 -3.211019999999999847e-02 9.898740848008253952e-04 9.999855950680367478e-01 -5.275396261953699088e-03 -1.924929999999999974e-01 -8.136747139913760862e-03 5.283278457189060674e-03 9.999529390499959369e-01 1.134042640000000013e+01
9.999703573471601104e-01 4.328784055644113032e-04 7.687460131854855286e-03 -3.287090000000000151e-02 -3.935127725818663704e-04 9.999868074325507505e-01 -5.121533808590718849e-03 -1.950156000000000112e-01 -7.689575715907658385e-03 5.118356878991424906e-03 9.999573355139551589e-01 1.145760059999999925e+01
9.999817579147157742e-01 1.139265636980905287e-03 5.931771371439829160e-03 -3.265540000000000109e-02 -1.118320510493928501e-03 9.999931331615068419e-01 -3.533127377916333266e-03 -1.972344000000000042e-01 -5.935755809536579289e-03 3.526429304717144074e-03 9.999761652656168343e-01 1.157278250000000064e+01
9.999751086905225295e-01 3.389832447499101752e-03 6.187975061004067322e-03 -3.250390000000000224e-02 -3.374520374946934388e-03 9.999912229914352801e-01 -2.483254383420167855e-03 -1.990388999999999908e-01 -6.196338565378270262e-03 2.462311124043777000e-03 9.999777709590906838e-01 1.168943879999999957e+01
9.999697359289906329e-01 2.228819248153425699e-03 7.453830616787918313e-03 -3.238859999999999656e-02 -2.207942632864662649e-03 9.999936204712240873e-01 -2.807847250743887059e-03 -2.012768000000000057e-01 -7.460041248859340841e-03 2.791304643458348764e-03 9.999682776983241927e-01 1.180610279999999968e+01
9.999723268104134810e-01 8.307470704324367993e-05 7.438999392424022923e-03 -3.197269999999999973e-02 -5.372408525640615166e-05 9.999922145695810949e-01 -3.945619589803281771e-03 -2.022410000000000041e-01 -7.439269257803394174e-03 3.945110748486756885e-03 9.999645460585550039e-01 1.186458299999999966e+01
9.999671547630775148e-01 -2.149923024283459556e-03 7.814552196062547057e-03 -3.150349999999999678e-02 2.202017122489872969e-03 9.999753720499633403e-01 -6.663813782622225908e-03 -2.047879999999999978e-01 -7.800033052980707114e-03 6.680802685820048763e-03 9.999472617892632975e-01 1.198329449999999952e+01
9.999932401504113555e-01 4.164319156676475110e-05 3.676672316959283659e-03 -3.140359999999999679e-02 -1.635636736410219579e-05 9.999763502642298185e-01 -6.877401013447069847e-03 -2.074445000000000039e-01 -3.676871761558358435e-03 6.877294386247564256e-03 9.999695912556411104e-01 1.210194399999999959e+01
9.999932255050079100e-01 -2.240933583004696677e-04 3.674061275667052720e-03 -3.141370000000000273e-02 2.263058409280910462e-04 9.999997933200761580e-01 -6.017852369737928826e-04 -2.098009999999999875e-01 -3.673925660237618677e-03 6.026126217093298338e-04 9.999930695401200165e-01 1.222235680000000002e+01
9.999911268677005305e-01 -5.933325856860083899e-04 4.170628526858941032e-03 -3.164739999999999914e-02 5.938647542243801532e-04 9.999998156786474857e-01 -1.263618800644497467e-04 -2.105895000000000128e-01 -4.170552783502019453e-03 1.288375481238346234e-04 9.999912949072937707e-01 1.228232099999999960e+01
9.999864580316100149e-01 -2.597821871989603078e-03 4.509442860980478543e-03 -3.130999999999999756e-02 2.604958889165399395e-03 9.999953627812296908e-01 -1.577531369731455810e-03 -2.126923000000000008e-01 -4.505323804211362748e-03 1.589256920117407225e-03 9.999885880948147232e-01 1.240219019999999972e+01
9.999840601567399068e-01 -2.754329186863092947e-03 4.928803421927611603e-03 -3.146150000000000335e-02 2.760847607814063704e-03 9.999953226566551390e-01 -1.316201085900088391e-03 -2.137969999999999871e-01 -4.925155117155051790e-03 1.329787780997894854e-03 9.999869871710979075e-01 1.246153349999999982e+01
9.999821801897581519e-01 -2.631085426506723189e-03 5.358795799116782693e-03 -3.122549999999999978e-02 2.638489871998935671e-03 9.999955736760048897e-01 -1.375136208985520405e-03 -2.150055999999999912e-01 -5.355153978511427784e-03 1.389250832761299665e-03 9.999846960368894422e-01 1.252170279999999991e+01
9.999817726926639727e-01 -6.701120829373374962e-04 6.000436003633698862e-03 -3.163490000000000052e-02 6.854806590022780163e-04 9.999964893961389434e-01 -2.559553020324009404e-03 -2.159230000000000038e-01 -5.998699751074058548e-03 2.563619549390536590e-03 9.999787215016640030e-01 1.258112719999999918e+01
9.999773974921433162e-01 -2.984430324873503905e-04 6.716802557495637344e-03 -3.149740000000000179e-02 3.179528309973332634e-04 9.999957335749058984e-01 -2.903745509342050852e-03 -2.174158999999999953e-01 -6.715907298145274221e-03 2.905815503799767923e-03 9.999732260542881779e-01 1.264051719999999968e+01
9.999710205971488186e-01 -1.456394017383236738e-03 7.472408069869295941e-03 -3.128290000000000237e-02 1.463184388569762273e-03 9.999985215334022959e-01 -9.033396120066876974e-04 -2.186025000000000051e-01 -7.471081403756968040e-03 9.142469445970154759e-04 9.999716731463860198e-01 1.269999980000000050e+01
9.999671026334423507e-01 -2.444507402243003506e-03 7.734211946856460809e-03 -3.115590000000000026e-02 2.446252192535741578e-03 9.999969845619254283e-01 -2.161417749926044770e-04 -2.195379000000000080e-01 -7.733660264650376107e-03 2.350544974299378464e-04 9.999700671761601045e-01 1.275971599999999917e+01
