1.000000e+00 1.197625e-11 1.704638e-10 -5.551115e-17 1.197625e-11 1.000000e+00 3.562503e-10 0.000000e+00 1.704638e-10 3.562503e-10 1.000000e+00 2.220446e-16
9.999996e-01 -9.035185e-04 -2.101169e-04 1.289128e-03 9.037964e-04 9.999987e-01 1.325646e-03 -1.821616e-02 2.089193e-04 -1.325834e-03 9.999991e-01 1.310643e+00
9.999985e-01 -1.646347e-03 -5.538205e-04 4.448326e-04 1.647375e-03 9.999969e-01 1.859719e-03 -4.203318e-02 5.507574e-04 -1.860627e-03 9.999981e-01 2.625299e+00
9.999939e-01 -3.413454e-03 -7.312197e-04 2.037581e-03 3.413847e-03 9.999940e-01 5.361920e-04 -6.302801e-02 7.293855e-04 -5.386841e-04 9.999996e-01 3.941730e+00
9.999932e-01 -3.635348e-03 -6.434003e-04 2.777892e-03 3.635872e-03 9.999930e-01 8.141188e-04 -8.483761e-02 6.404366e-04 -8.164517e-04 9.999995e-01 5.261017e+00
9.999922e-01 -3.925219e-03 -5.162240e-04 4.157928e-03 3.926062e-03 9.999909e-01 1.640787e-03 -1.014678e-01 5.097792e-04 -1.642800e-03 9.999985e-01 6.581638e+00
9.999848e-01 -5.504052e-03 -4.169862e-04 7.571022e-03 5.505158e-03 9.999812e-01 2.694454e-03 -1.165874e-01 4.021483e-04 -2.696707e-03 9.999963e-01 7.908775e+00
9.999864e-01 -5.184552e-03 -5.975596e-04 8.323818e-03 5.186662e-03 9.999801e-01 3.583038e-03 -1.328035e-01 5.789716e-04 -3.586087e-03 9.999934e-01 9.238962e+00
9.999889e-01 -4.630870e-03 -8.604706e-04 7.728339e-03 4.632472e-03 9.999875e-01 1.867105e-03 -1.497649e-01 8.518139e-04 -1.871070e-03 9.999979e-01 1.056963e+01
9.999977e-01 -1.900807e-03 -9.601046e-04 6.780918e-03 1.900055e-03 9.999979e-01 -7.842219e-04 -1.634547e-01 9.615936e-04 7.823964e-04 9.999992e-01 1.190426e+01
9.999986e-01 1.543588e-03 -6.218670e-04 3.419395e-03 -1.544659e-03 9.999973e-01 -1.724973e-03 -1.767480e-01 6.192031e-04 1.725931e-03 9.999983e-01 1.324208e+01
9.999920e-01 3.962554e-03 -5.304797e-04 -1.862182e-03 -3.963388e-03 9.999909e-01 -1.579139e-03 -1.959202e-01 5.242178e-04 1.581229e-03 9.999986e-01 1.458048e+01
9.999865e-01 5.189813e-03 -3.869434e-04 -5.851755e-03 -5.190150e-03 9.999861e-01 -8.728856e-04 -2.177602e-01 3.824083e-04 8.748826e-04 9.999996e-01 1.593066e+01
9.999955e-01 2.993090e-03 2.876761e-05 -4.267715e-03 -2.993137e-03 9.999939e-01 1.769063e-03 -2.364140e-01 -2.347214e-05 -1.769141e-03 9.999984e-01 1.728222e+01
9.999996e-01 -8.993856e-04 2.524904e-04 4.827890e-04 8.983692e-04 9.999916e-01 3.998216e-03 -2.537475e-01 -2.560839e-04 -3.997986e-03 9.999920e-01 1.863469e+01
9.999934e-01 -3.638641e-03 -3.959215e-05 5.006086e-03 3.638708e-03 9.999917e-01 1.831392e-03 -2.699101e-01 3.292839e-05 -1.831523e-03 9.999983e-01 1.998670e+01
9.999869e-01 -5.119262e-03 -2.320356e-04 4.134686e-03 5.119134e-03 9.999867e-01 -5.539281e-04 -2.931092e-01 2.348686e-04 5.527336e-04 9.999998e-01 2.134127e+01
9.999992e-01 1.424853e-04 1.245425e-03 -7.369324e-03 -1.415313e-04 9.999997e-01 -7.660729e-04 -3.468119e-01 -1.245534e-03 7.658967e-04 9.999989e-01 2.407210e+01
9.999966e-01 -1.050891e-03 2.369238e-03 -5.061181e-03 1.037930e-03 9.999845e-01 5.465290e-03 -3.871399e-01 -2.374945e-03 -5.462811e-03 9.999823e-01 2.682030e+01
9.999804e-01 -5.933229e-03 1.984892e-03 5.281593e-03 5.930623e-03 9.999815e-01 1.317193e-03 -4.328977e-01 -1.992671e-03 -1.305395e-03 9.999972e-01 2.957012e+01
9.999909e-01 -2.864263e-03 3.173275e-03 6.827076e-03 2.868672e-03 9.999949e-01 -1.385713e-03 -4.850133e-01 -3.169290e-03 1.394804e-03 9.999940e-01 3.233531e+01
9.999934e-01 -1.021449e-03 3.498427e-03 1.017340e-02 1.035312e-03 9.999916e-01 -3.963092e-03 -5.431160e-01 -3.494350e-03 3.966688e-03 9.999860e-01 3.511083e+01
9.999955e-01 -1.889567e-04 2.986144e-03 1.511478e-02 1.891381e-04 1.000000e+00 -6.045352e-05 -5.999006e-01 -2.986132e-03 6.101873e-05 9.999955e-01 3.790589e+01
9.999824e-01 5.051551e-03 3.101410e-03 1.942949e-02 -5.049835e-03 9.999871e-01 -5.613031e-04 -6.437120e-01 -3.104205e-03 5.456323e-04 9.999950e-01 4.070437e+01
9.999615e-01 8.308311e-03 2.843621e-03 2.134431e-02 -8.308996e-03 9.999654e-01 2.285387e-04 -6.941320e-01 -2.841624e-03 -2.521567e-04 9.999959e-01 4.351858e+01
9.999779e-01 6.426238e-03 1.720933e-03 3.086036e-02 -6.424858e-03 9.999790e-01 -8.074730e-04 -7.390250e-01 -1.726085e-03 7.963989e-04 9.999982e-01 4.634127e+01
9.999819e-01 6.010565e-03 -2.411952e-04 3.359221e-02 -6.010374e-03 9.999816e-01 7.926521e-04 -7.839856e-01 2.459554e-04 -7.911873e-04 9.999997e-01 4.917963e+01
9.999749e-01 6.638251e-03 -2.479480e-03 2.895795e-02 -6.636601e-03 9.999777e-01 6.739965e-04 -8.265408e-01 2.483900e-03 -6.575234e-04 9.999967e-01 5.202831e+01
9.999753e-01 5.497092e-03 -4.387406e-03 2.082938e-02 -5.484306e-03 9.999807e-01 2.921095e-03 -8.668316e-01 4.403379e-03 -2.896960e-03 9.999861e-01 5.488464e+01
9.999794e-01 4.003115e-03 -5.028578e-03 1.680870e-02 -3.988904e-03 9.999880e-01 2.833038e-03 -8.868800e-01 5.039859e-03 -2.812920e-03 9.999834e-01 5.631660e+01
9.999835e-01 3.749396e-04 -5.730769e-03 1.007535e-02 -3.587007e-04 9.999959e-01 2.834406e-03 -9.249469e-01 5.731809e-03 -2.832302e-03 9.999796e-01 5.917365e+01
9.999862e-01 -1.858791e-03 -4.917931e-03 2.764210e-03 1.878972e-03 9.999898e-01 4.102186e-03 -9.647484e-01 4.910257e-03 -4.111369e-03 9.999795e-01 6.202795e+01
9.999827e-01 -3.792549e-03 -4.488790e-03 -1.308243e-03 3.809033e-03 9.999860e-01 3.669129e-03 -9.878100e-01 4.474812e-03 -3.686163e-03 9.999832e-01 6.345198e+01
9.999807e-01 -5.220464e-03 -3.359595e-03 -5.953934e-03 5.228046e-03 9.999838e-01 2.251723e-03 -1.029700e+00 3.347786e-03 -2.269242e-03 9.999918e-01 6.628940e+01
9.999977e-01 -6.481361e-04 -2.068772e-03 -1.936440e-02 6.556852e-04 9.999931e-01 3.650429e-03 -1.076075e+00 2.066392e-03 -3.651776e-03 9.999912e-01 6.911593e+01
9.999777e-01 6.659933e-03 -5.287413e-04 -3.513442e-02 -6.656920e-03 9.999626e-01 5.510824e-03 -1.118231e+00 5.654236e-04 -5.507180e-03 9.999847e-01 7.193978e+01
9.998649e-01 1.636598e-02 1.544958e-03 -5.327678e-02 -1.637256e-02 9.998565e-01 4.344501e-03 -1.177226e+00 -1.473634e-03 -4.369207e-03 9.999894e-01 7.614450e+01
9.998793e-01 1.540192e-02 2.040510e-03 -5.287325e-02 -1.541125e-02 9.998705e-01 4.635585e-03 -1.218035e+00 -1.968848e-03 -4.666470e-03 9.999872e-01 7.893496e+01
9.999076e-01 1.348987e-02 1.677215e-03 -4.883212e-02 -1.349578e-02 9.999026e-01 3.560725e-03 -1.258287e+00 -1.629018e-03 -3.583030e-03 9.999923e-01 8.171095e+01
9.999140e-01 1.308010e-02 9.085344e-04 -5.269073e-02 -1.308305e-02 9.999089e-01 3.317811e-03 -1.300031e+00 -8.650540e-04 -3.329411e-03 9.999941e-01 8.448367e+01
9.999145e-01 1.305409e-02 -7.454492e-04 -7.518042e-02 -1.305069e-02 9.999051e-01 4.397269e-03 -1.343695e+00 8.027813e-04 -4.387163e-03 9.999901e-01 8.725015e+01
9.999385e-01 1.093064e-02 -1.877975e-03 -8.437620e-02 -1.092024e-02 9.999254e-01 5.458590e-03 -1.362982e+00 1.937501e-03 -5.437745e-03 9.999833e-01 8.862909e+01
9.999700e-01 6.803260e-03 -3.711637e-03 -1.110475e-01 -6.779632e-03 9.999569e-01 6.342125e-03 -1.399781e+00 3.754624e-03 -6.316769e-03 9.999730e-01 9.137524e+01
9.999809e-01 4.282217e-03 -4.468492e-03 -1.454603e-01 -4.259218e-03 9.999777e-01 5.143990e-03 -1.435964e+00 4.490421e-03 -5.124857e-03 9.999768e-01 9.410339e+01
9.999787e-01 4.738575e-03 -4.487410e-03 -1.913409e-01 -4.720319e-03 9.999805e-01 4.070437e-03 -1.476213e+00 4.506611e-03 -4.049167e-03 9.999817e-01 9.681382e+01
9.999676e-01 7.060840e-03 -3.876949e-03 -2.344056e-01 -7.047185e-03 9.999689e-01 3.524911e-03 -1.517683e+00 3.901718e-03 -3.497473e-03 9.999863e-01 9.951513e+01
9.999550e-01 8.833811e-03 -3.458298e-03 -2.694021e-01 -8.811343e-03 9.999403e-01 6.459623e-03 -1.556018e+00 3.515155e-03 -6.428858e-03 9.999732e-01 1.022054e+02
9.999610e-01 8.173871e-03 -3.338205e-03 -3.053256e-01 -8.165524e-03 9.999635e-01 2.507096e-03 -1.596046e+00 3.358576e-03 -2.479739e-03 9.999913e-01 1.048845e+02
9.999796e-01 5.504928e-03 -3.239048e-03 -3.343086e-01 -5.496405e-03 9.999814e-01 2.634819e-03 -1.638432e+00 3.253493e-03 -2.616961e-03 9.999913e-01 1.075653e+02
9.999973e-01 1.561465e-03 -1.709519e-03 -3.737761e-01 -1.552202e-03 9.999842e-01 5.406523e-03 -1.686739e+00 1.717934e-03 -5.403854e-03 9.999839e-01 1.102446e+02
9.999966e-01 2.581200e-03 -3.337541e-04 -4.137129e-01 -2.580678e-03 9.999954e-01 1.556832e-03 -1.733997e+00 3.377714e-04 -1.555964e-03 9.999987e-01 1.129050e+02
9.999690e-01 7.570197e-03 2.161282e-03 -4.295899e-01 -7.568322e-03 9.999710e-01 -8.754176e-04 -1.775004e+00 -2.167846e-03 8.590337e-04 9.999973e-01 1.155601e+02
9.999479e-01 9.079888e-03 4.667313e-03 -4.334151e-01 -9.097321e-03 9.999516e-01 3.727156e-03 -1.811794e+00 -4.633246e-03 -3.769420e-03 9.999822e-01 1.182274e+02
9.999422e-01 8.587162e-03 6.468939e-03 -4.334146e-01 -8.611020e-03 9.999562e-01 3.668979e-03 -1.846322e+00 -6.437149e-03 -3.724469e-03 9.999724e-01 1.209045e+02
9.999167e-01 1.035031e-02 7.709247e-03 -4.472932e-01 -1.037511e-02 9.999411e-01 3.183679e-03 -1.880929e+00 -7.675841e-03 -3.263396e-03 9.999652e-01 1.222684e+02
9.998641e-01 1.313728e-02 9.963119e-03 -4.622549e-01 -1.315502e-02 9.999120e-01 1.716443e-03 -1.940325e+00 -9.939693e-03 -1.847274e-03 9.999489e-01 1.249835e+02
9.998388e-01 1.339481e-02 1.195754e-02 -4.708495e-01 -1.340614e-02 9.999097e-01 8.676732e-04 -2.006026e+00 -1.194484e-02 -1.027837e-03 9.999281e-01 1.276925e+02
9.998371e-01 1.188958e-02 1.357740e-02 -4.742800e-01 -1.193361e-02 9.999238e-01 3.166744e-03 -2.073189e+00 -1.353872e-02 -3.328255e-03 9.999028e-01 1.304070e+02
9.998649e-01 8.812545e-03 1.387257e-02 -4.656937e-01 -8.863631e-03 9.999541e-01 3.625222e-03 -2.127702e+00 -1.383999e-02 -3.747692e-03 9.998972e-01 1.331097e+02
9.998996e-01 5.636614e-03 1.300499e-02 -4.661197e-01 -5.686390e-03 9.999766e-01 3.793553e-03 -2.198388e+00 -1.298330e-02 -3.867122e-03 9.999082e-01 1.358146e+02
9.999391e-01 2.791727e-03 1.067837e-02 -4.645723e-01 -2.842435e-03 9.999847e-01 4.736388e-03 -2.254854e+00 -1.066498e-02 -4.766451e-03 9.999318e-01 1.385124e+02
9.999650e-01 4.853852e-04 8.355191e-03 -4.674418e-01 -5.268857e-04 9.999875e-01 4.965534e-03 -2.314866e+00 -8.352676e-03 -4.969760e-03 9.999528e-01 1.412129e+02
9.999816e-01 -1.461826e-04 6.061113e-03 -4.747020e-01 1.219015e-04 9.999919e-01 4.006239e-03 -2.367455e+00 -6.061650e-03 -4.005425e-03 9.999736e-01 1.439099e+02
9.999656e-01 -7.298614e-03 3.947404e-03 -4.813925e-01 7.295542e-03 9.999730e-01 7.925721e-04 -2.426593e+00 -3.953082e-03 -7.637455e-04 9.999919e-01 1.466011e+02
9.997630e-01 -2.173080e-02 1.320181e-03 -4.832843e-01 2.172460e-02 9.997536e-01 4.543876e-03 -2.489366e+00 -1.418598e-03 -4.514118e-03 9.999888e-01 1.493030e+02
9.996841e-01 -2.513252e-02 3.807422e-04 -4.979854e-01 2.513320e-02 9.996823e-01 -1.884703e-03 -2.545628e+00 -3.332535e-04 1.893677e-03 9.999982e-01 1.519917e+02
9.997705e-01 -2.133187e-02 2.001939e-03 -5.203405e-01 2.133904e-02 9.997657e-01 -3.630061e-03 -2.611885e+00 -1.924034e-03 3.671947e-03 9.999914e-01 1.546843e+02
9.995597e-01 -2.951217e-02 3.081805e-03 -5.104870e-01 2.950365e-02 9.995608e-01 2.776577e-03 -2.666163e+00 -3.162394e-03 -2.684429e-03 9.999914e-01 1.573829e+02
9.993665e-01 -3.546242e-02 3.006804e-03 -4.908894e-01 3.545071e-02 9.993639e-01 3.864764e-03 -2.711383e+00 -3.141945e-03 -3.755721e-03 9.999880e-01 1.600786e+02
9.995379e-01 -2.997704e-02 5.043696e-03 -4.836516e-01 2.995749e-02 9.995435e-01 3.909706e-03 -2.760604e+00 -5.158595e-03 -3.756801e-03 9.999796e-01 1.627788e+02
9.996963e-01 -2.370307e-02 6.750227e-03 -4.687840e-01 2.369904e-02 9.997189e-01 6.776078e-04 -2.810667e+00 -6.764391e-03 -5.174273e-04 9.999770e-01 1.654807e+02
9.997748e-01 -2.006189e-02 6.919389e-03 -4.494840e-01 2.004972e-02 9.997973e-01 1.825343e-03 -2.861986e+00 -6.954607e-03 -1.686199e-03 9.999744e-01 1.682000e+02
9.998753e-01 -1.463466e-02 5.933089e-03 -4.389717e-01 1.465566e-02 9.998864e-01 -3.510450e-03 -2.914240e+00 -5.881041e-03 3.596966e-03 9.999762e-01 1.709198e+02
9.999686e-01 -5.143146e-03 6.037007e-03 -3.881120e-01 5.167231e-03 9.999787e-01 -3.980535e-03 -2.960771e+00 -6.016406e-03 4.011605e-03 9.999739e-01 1.736528e+02
9.999765e-01 -1.477610e-03 6.696021e-03 -3.588782e-01 1.474495e-03 9.999988e-01 4.701385e-04 -3.008539e+00 -6.696708e-03 -4.602534e-04 9.999775e-01 1.764086e+02
9.999673e-01 -6.892799e-03 4.231974e-03 -3.214042e-01 6.885778e-03 9.999749e-01 1.671888e-03 -3.022953e+00 -4.243392e-03 -1.642692e-03 9.999897e-01 1.791607e+02
9.999803e-01 -6.249158e-03 6.762724e-04 -3.089995e-01 6.253708e-03 9.999563e-01 -6.947885e-03 -3.062100e+00 -6.328241e-04 6.951976e-03 9.999756e-01 1.819214e+02
9.999966e-01 2.593231e-03 -4.985571e-05 -3.186558e-01 -2.593500e-03 9.999756e-01 -6.476319e-03 -3.114466e+00 3.306026e-05 6.476426e-03 9.999790e-01 1.847039e+02
9.999868e-01 5.091028e-03 6.512883e-04 -3.087277e-01 -5.090224e-03 9.999863e-01 -1.231497e-03 -3.164478e+00 -6.575487e-04 1.228166e-03 9.999990e-01 1.874988e+02
9.999954e-01 2.954010e-03 6.755492e-04 -3.070211e-01 -2.954257e-03 9.999955e-01 3.634327e-04 -3.221858e+00 -6.744723e-04 -3.654260e-04 9.999997e-01 1.903048e+02
9.999968e-01 -2.296786e-03 1.039530e-03 -3.007558e-01 2.295944e-03 9.999970e-01 8.102725e-04 -3.281162e+00 -1.041387e-03 -8.078824e-04 9.999991e-01 1.931213e+02
9.999546e-01 -9.368607e-03 1.771587e-03 -2.945301e-01 9.362221e-03 9.999497e-01 3.580279e-03 -3.344375e+00 -1.805040e-03 -3.563529e-03 9.999920e-01 1.959592e+02
9.999866e-01 -4.404760e-03 2.705777e-03 -3.150034e-01 4.421524e-03 9.999709e-01 -6.220738e-03 -3.471363e+00 -2.678297e-03 6.232618e-03 9.999770e-01 2.002242e+02
9.998989e-01 1.319129e-02 5.303121e-03 -3.485808e-01 -1.317803e-02 9.999099e-01 -2.527297e-03 -3.555576e+00 -5.335981e-03 2.457157e-03 9.999828e-01 2.030948e+02
9.999049e-01 1.262628e-02 5.556508e-03 -3.481359e-01 -1.262551e-02 9.999203e-01 -1.752367e-04 -3.604083e+00 -5.558278e-03 1.050669e-04 9.999846e-01 2.059704e+02
9.999698e-01 7.056709e-03 3.265357e-03 -3.421980e-01 -7.056163e-03 9.999751e-01 -1.791660e-04 -3.650886e+00 -3.266540e-03 1.561204e-04 9.999947e-01 2.088679e+02
9.999572e-01 8.865968e-03 2.639868e-03 -3.479510e-01 -8.863573e-03 9.999603e-01 -9.180181e-04 -3.708945e+00 -2.647902e-03 8.945807e-04 9.999961e-01 2.117849e+02
9.999520e-01 9.528196e-03 2.287637e-03 -3.575809e-01 -9.528055e-03 9.999546e-01 -7.338614e-05 -3.778065e+00 -2.288232e-03 5.158657e-05 9.999974e-01 2.147142e+02
9.999636e-01 8.359215e-03 1.687676e-03 -3.559812e-01 -8.356573e-03 9.999638e-01 -1.567357e-03 -3.837087e+00 -1.700717e-03 1.553197e-03 9.999974e-01 2.176615e+02
9.999614e-01 8.743635e-03 8.939218e-04 -3.669047e-01 -8.742048e-03 9.999602e-01 -1.766652e-03 -3.899694e+00 -9.093329e-04 1.758769e-03 9.999980e-01 2.206192e+02
9.999510e-01 9.892701e-03 3.480351e-04 -3.755068e-01 -9.891997e-03 9.999491e-01 -1.976626e-03 -3.961696e+00 -3.675712e-04 1.973087e-03 9.999980e-01 2.235894e+02
9.999545e-01 9.535271e-03 3.060761e-06 -3.771503e-01 -9.535239e-03 9.999517e-01 -2.380069e-03 -3.990503e+00 -2.575488e-05 2.379932e-03 9.999972e-01 2.250789e+02
9.999586e-01 9.094606e-03 -3.650914e-04 -3.785266e-01 -9.095365e-03 9.999563e-01 -2.127619e-03 -4.048136e+00 3.457260e-04 2.130852e-03 9.999977e-01 2.280602e+02
9.999775e-01 6.708944e-03 -8.900665e-05 -3.766086e-01 -6.709141e-03 9.999746e-01 -2.414917e-03 -4.099044e+00 7.280319e-05 2.415460e-03 9.999971e-01 2.310454e+02
9.999877e-01 4.961834e-03 1.048822e-04 -3.739626e-01 -4.961702e-03 9.999869e-01 -1.231555e-03 -4.153624e+00 -1.109912e-04 1.231020e-03 9.999992e-01 2.340378e+02
9.999818e-01 6.028187e-03 2.363445e-04 -3.784077e-01 -6.027547e-03 9.999784e-01 -2.625311e-03 -4.220226e+00 -2.521649e-04 2.623838e-03 9.999965e-01 2.370446e+02
9.999700e-01 7.615056e-03 1.421637e-03 -3.829065e-01 -7.615902e-03 9.999708e-01 5.892762e-04 -4.285388e+00 -1.417108e-03 -6.000848e-04 9.999988e-01 2.400603e+02
9.999683e-01 7.596371e-03 2.404236e-03 -3.818797e-01 -7.594896e-03 9.999709e-01 -6.227482e-04 -4.347138e+00 -2.408896e-03 6.044691e-04 9.999969e-01 2.430873e+02
9.999578e-01 8.594224e-03 3.260437e-03 -3.770780e-01 -8.589250e-03 9.999619e-01 -1.537157e-03 -4.404696e+00 -3.273523e-03 1.509088e-03 9.999935e-01 2.461231e+02
9.999620e-01 8.179632e-03 3.022564e-03 -3.683885e-01 -8.180107e-03 9.999665e-01 1.440039e-04 -4.458219e+00 -3.021285e-03 -1.687226e-04 9.999954e-01 2.491682e+02
9.999463e-01 9.971468e-03 2.839532e-03 -3.629857e-01 -9.973122e-03 9.999501e-01 5.680798e-04 -4.511301e+00 -2.833726e-03 -5.963674e-04 9.999958e-01 2.522241e+02
9.999290e-01 1.155157e-02 2.931934e-03 -3.565283e-01 -1.155344e-02 9.999330e-01 6.206596e-04 -4.558441e+00 -2.924568e-03 -6.544886e-04 9.999955e-01 2.552885e+02
9.999600e-01 8.473834e-03 2.849624e-03 -3.474488e-01 -8.479116e-03 9.999623e-01 1.846164e-03 -4.611578e+00 -2.833873e-03 -1.870251e-03 9.999942e-01 2.583612e+02
9.999882e-01 4.111334e-03 2.589962e-03 -3.346776e-01 -4.116750e-03 9.999893e-01 2.088632e-03 -4.662237e+00 -2.581348e-03 -2.099269e-03 9.999945e-01 2.614352e+02
9.999954e-01 9.355651e-04 2.883662e-03 -3.253738e-01 -9.427296e-04 9.999964e-01 2.484078e-03 -4.715745e+00 -2.881328e-03 -2.486784e-03 9.999928e-01 2.645113e+02
9.999919e-01 -2.066105e-03 3.459414e-03 -3.208179e-01 2.052234e-03 9.999898e-01 4.008459e-03 -4.788372e+00 -3.467660e-03 -4.001325e-03 9.999860e-01 2.675981e+02
9.999885e-01 -1.938031e-03 4.395994e-03 -3.166024e-01 1.927536e-03 9.999953e-01 2.390467e-03 -4.866052e+00 -4.400606e-03 -2.381965e-03 9.999875e-01 2.706771e+02
9.999785e-01 1.232933e-03 6.440203e-03 -3.140401e-01 -1.248098e-03 9.999964e-01 2.351180e-03 -4.950219e+00 -6.437281e-03 -2.359167e-03 9.999765e-01 2.737649e+02
9.999614e-01 3.182729e-03 8.193149e-03 -3.114206e-01 -3.198390e-03 9.999931e-01 1.899045e-03 -5.039836e+00 -8.187048e-03 -1.925175e-03 9.999646e-01 2.768535e+02
9.999461e-01 3.002326e-03 9.935417e-03 -3.011292e-01 -3.010760e-03 9.999951e-01 8.339534e-04 -5.134136e+00 -9.932865e-03 -8.638208e-04 9.999503e-01 2.799451e+02
9.999325e-01 1.490615e-03 1.152157e-02 -2.764899e-01 -1.517343e-03 9.999962e-01 2.311413e-03 -5.210037e+00 -1.151808e-02 -2.328738e-03 9.999310e-01 2.830498e+02
9.999287e-01 -5.783054e-04 1.192680e-02 -2.447296e-01 5.738058e-04 9.999997e-01 3.807036e-04 -5.277598e+00 -1.192702e-02 -3.738321e-04 9.999288e-01 2.861454e+02
9.999418e-01 -1.171813e-03 1.072948e-02 -2.170805e-01 1.198557e-03 9.999962e-01 -2.486478e-03 -5.355148e+00 -1.072652e-02 2.499193e-03 9.999394e-01 2.892536e+02
9.999558e-01 -2.681787e-03 9.007871e-03 -1.926927e-01 2.703689e-03 9.999934e-01 -2.419995e-03 -5.424878e+00 -9.001322e-03 2.444243e-03 9.999565e-01 2.923692e+02
9.999614e-01 -2.412034e-03 8.447233e-03 -1.828271e-01 2.434845e-03 9.999934e-01 -2.691088e-03 -5.462578e+00 -8.440686e-03 2.711552e-03 9.999607e-01 2.939316e+02
9.999723e-01 -2.819612e-03 6.887209e-03 -1.681708e-01 2.832591e-03 9.999942e-01 -1.875372e-03 -5.542654e+00 -6.881881e-03 1.894829e-03 9.999745e-01 2.970723e+02
9.999769e-01 -3.466837e-03 5.851379e-03 -1.571664e-01 3.473314e-03 9.999933e-01 -1.096977e-03 -5.573209e+00 -5.847537e-03 1.117276e-03 9.999823e-01 2.986502e+02
9.999815e-01 -1.358135e-03 5.923153e-03 -1.436567e-01 1.352001e-03 9.999985e-01 1.039545e-03 -5.638056e+00 -5.924556e-03 -1.031517e-03 9.999819e-01 3.018211e+02
9.999714e-01 -2.066171e-03 7.276388e-03 -1.245796e-01 2.065775e-03 9.999978e-01 6.192163e-05 -5.704927e+00 -7.276500e-03 -4.688778e-05 9.999735e-01 3.050095e+02
9.999552e-01 -5.428677e-03 7.758261e-03 -1.009905e-01 5.450080e-03 9.999814e-01 -2.740138e-03 -5.775938e+00 -7.743241e-03 2.782299e-03 9.999662e-01 3.082116e+02
9.999537e-01 -5.687325e-03 7.763489e-03 -9.649990e-02 5.716383e-03 9.999767e-01 -3.725647e-03 -5.821106e+00 -7.742119e-03 3.769853e-03 9.999629e-01 3.098189e+02
9.999850e-01 -4.221316e-03 3.496670e-03 -9.658434e-02 4.236103e-03 9.999820e-01 -4.231981e-03 -5.907766e+00 -3.478743e-03 4.246730e-03 9.999849e-01 3.130445e+02
9.999867e-01 -3.716961e-03 3.583983e-03 -1.079811e-01 3.709068e-03 9.999907e-01 2.206630e-03 -5.990688e+00 -3.592151e-03 -2.193306e-03 9.999912e-01 3.162953e+02
9.999815e-01 -4.767094e-03 3.790247e-03 -1.086696e-01 4.755540e-03 9.999840e-01 3.051853e-03 -6.032426e+00 -3.804734e-03 -3.033771e-03 9.999882e-01 3.179241e+02
9.999660e-01 -6.964861e-03 4.412163e-03 -1.039698e-01 6.957070e-03 9.999742e-01 1.779038e-03 -6.106845e+00 -4.424440e-03 -1.748280e-03 9.999887e-01 3.211823e+02
9.999660e-01 -6.841180e-03 4.609291e-03 -1.009179e-01 6.831105e-03 9.999742e-01 2.198320e-03 -6.143404e+00 -4.624211e-03 -2.166758e-03 9.999870e-01 3.228139e+02
9.999691e-01 -5.531858e-03 5.582557e-03 -9.648438e-02 5.524152e-03 9.999837e-01 1.395066e-03 -6.224088e+00 -5.590184e-03 -1.364183e-03 9.999835e-01 3.260682e+02
9.999692e-01 -4.739913e-03 6.254823e-03 -9.411052e-02 4.736022e-03 9.999886e-01 6.369864e-04 -6.268819e+00 -6.257771e-03 -6.073430e-04 9.999802e-01 3.276976e+02
9.999576e-01 -5.867213e-03 7.096038e-03 -8.496956e-02 5.850059e-03 9.999799e-01 2.435870e-03 -6.305428e+00 -7.110188e-03 -2.394254e-03 9.999719e-01 3.293242e+02
9.999510e-01 -6.766778e-03 7.224057e-03 -7.442718e-02 6.741273e-03 9.999710e-01 3.549352e-03 -6.342113e+00 -7.247865e-03 -3.500477e-03 9.999676e-01 3.309508e+02
9.999441e-01 -7.988538e-03 6.922601e-03 -6.421231e-02 7.974252e-03 9.999660e-01 2.089082e-03 -6.372244e+00 -6.939054e-03 -2.033762e-03 9.999739e-01 3.325694e+02
9.999652e-01 -4.787434e-03 6.833316e-03 -5.434961e-02 4.781851e-03 9.999882e-01 8.332573e-04 -6.450780e+00 -6.837225e-03 -8.005516e-04 9.999763e-01 3.358024e+02
9.999750e-01 -3.571959e-03 6.109299e-03 -4.949748e-02 3.593288e-03 9.999875e-01 -3.483711e-03 -6.492551e+00 -6.096779e-03 3.505576e-03 9.999753e-01 3.374097e+02
9.999843e-01 -1.994183e-03 5.234120e-03 -4.548042e-02 2.006544e-03 9.999952e-01 -2.357182e-03 -6.532188e+00 -5.229394e-03 2.367648e-03 9.999835e-01 3.390211e+02
9.999894e-01 -1.462301e-03 4.362284e-03 -4.257007e-02 1.457657e-03 9.999983e-01 1.067779e-03 -6.571397e+00 -4.363838e-03 -1.061409e-03 9.999899e-01 3.406287e+02
9.999978e-01 2.062417e-04 2.091700e-03 -3.681003e-02 -2.126335e-04 9.999953e-01 3.056043e-03 -6.628918e+00 -2.091059e-03 -3.056480e-03 9.999932e-01 3.438528e+02
9.999999e-01 -4.441106e-04 2.716568e-04 -3.514659e-02 4.438341e-04 9.999994e-01 1.017490e-03 -6.652782e+00 -2.721082e-04 -1.017369e-03 9.999995e-01 3.454525e+02
9.999919e-01 -3.062606e-03 -2.625489e-03 -3.707175e-02 3.071647e-03 9.999893e-01 3.446059e-03 -6.708152e+00 2.614908e-03 -3.454094e-03 9.999906e-01 3.486551e+02
9.999866e-01 -4.006270e-03 -3.273666e-03 -5.261018e-02 4.011489e-03 9.999907e-01 1.588782e-03 -6.773059e+00 3.267271e-03 -1.601892e-03 9.999934e-01 3.518478e+02
9.999843e-01 -4.565924e-03 -3.263315e-03 -7.506606e-02 4.570743e-03 9.999884e-01 1.470618e-03 -6.843564e+00 3.256563e-03 -1.485510e-03 9.999936e-01 3.550379e+02
9.999796e-01 -5.401737e-03 -3.418004e-03 -9.729989e-02 5.402475e-03 9.999854e-01 2.062371e-04 -6.921763e+00 3.416841e-03 -2.246978e-04 9.999941e-01 3.582218e+02
9.999797e-01 -5.468744e-03 -3.269773e-03 -1.223014e-01 5.467336e-03 9.999849e-01 -4.395206e-04 -6.995935e+00 3.272128e-03 4.216354e-04 9.999946e-01 3.614037e+02
9.999604e-01 -8.343867e-03 -3.084171e-03 -1.419952e-01 8.343344e-03 9.999652e-01 -1.830997e-04 -7.072717e+00 3.085592e-03 1.573608e-04 9.999952e-01 3.645867e+02
9.999393e-01 -1.055761e-02 -3.163105e-03 -1.668615e-01 1.055852e-02 9.999442e-01 2.692067e-04 -7.146884e+00 3.160086e-03 -3.025873e-04 9.999950e-01 3.677811e+02
9.999697e-01 -7.434945e-03 -2.307470e-03 -2.029185e-01 7.436476e-03 9.999721e-01 6.546484e-04 -7.225081e+00 2.302539e-03 -6.717872e-04 9.999971e-01 3.709753e+02
9.999798e-01 -6.100116e-03 -1.805530e-03 -2.229981e-01 6.101847e-03 9.999809e-01 9.540591e-04 -7.268840e+00 1.799676e-03 -9.650559e-04 9.999979e-01 3.726154e+02
9.999827e-01 -5.698435e-03 -1.435322e-03 -2.378134e-01 5.699452e-03 9.999835e-01 7.046586e-04 -7.306808e+00 1.431283e-03 -7.128262e-04 9.999987e-01 3.742253e+02
9.999820e-01 -5.879431e-03 -1.199967e-03 -2.519893e-01 5.879326e-03 9.999827e-01 -9.211550e-05 -7.344936e+00 1.200488e-03 8.505955e-05 9.999993e-01 3.757811e+02
9.999832e-01 -5.717950e-03 -9.178671e-04 -2.625878e-01 5.717644e-03 9.999836e-01 -3.368161e-04 -7.379336e+00 9.197784e-04 3.315630e-04 9.999995e-01 3.773873e+02
9.999912e-01 -4.183305e-03 -3.813569e-04 -2.783585e-01 4.183203e-03 9.999912e-01 -2.705875e-04 -7.448411e+00 3.824859e-04 2.689904e-04 9.999999e-01 3.806071e+02
9.999958e-01 -2.891363e-03 -5.685947e-05 -2.877925e-01 2.891389e-03 9.999957e-01 4.518743e-04 -7.485057e+00 5.555304e-05 -4.520360e-04 9.999999e-01 3.822202e+02
9.999985e-01 -1.738505e-03 2.114522e-04 -2.960866e-01 1.738539e-03 9.999985e-01 -1.625976e-04 -7.522079e+00 -2.111689e-04 1.629656e-04 1.000000e+00 3.838408e+02
9.999995e-01 -8.743833e-04 4.812968e-04 -3.039652e-01 8.747432e-04 9.999993e-01 -7.476725e-04 -7.558709e+00 -4.806424e-04 7.480937e-04 9.999996e-01 3.854512e+02
9.999997e-01 -1.279523e-04 8.073792e-04 -3.110174e-01 1.284791e-04 9.999998e-01 -6.525093e-04 -7.596748e+00 -8.072952e-04 6.526134e-04 9.999995e-01 3.870678e+02
9.999988e-01 1.116543e-03 1.060919e-03 -3.164538e-01 -1.116826e-03 9.999993e-01 2.659665e-04 -7.631598e+00 -1.060621e-03 -2.671503e-04 9.999994e-01 3.886857e+02
9.999964e-01 2.241238e-03 1.452395e-03 -3.206582e-01 -2.242667e-03 9.999970e-01 9.825513e-04 -7.664429e+00 -1.450189e-03 -9.858042e-04 9.999985e-01 3.903059e+02
9.999941e-01 2.903367e-03 1.839558e-03 -3.238003e-01 -2.903950e-03 9.999957e-01 3.144580e-04 -7.696195e+00 -1.838637e-03 -3.197974e-04 9.999983e-01 3.919359e+02
9.999935e-01 2.925452e-03 2.091742e-03 -3.237896e-01 -2.926418e-03 9.999956e-01 4.584597e-04 -7.731691e+00 -2.090391e-03 -4.645773e-04 9.999977e-01 3.935579e+02
