1.000000000000000000e+00 0.000000000000000000e+00 0.000000000000000000e+00 0.000000000000000000e+00 0.000000000000000000e+00 1.000000000000000000e+00 0.000000000000000000e+00 0.000000000000000000e+00 0.000000000000000000e+00 0.000000000000000000e+00 1.000000000000000000e+00 0.000000000000000000e+00
9.999998165967004526e-01 -5.714309813003253359e-04 -2.006818353743981267e-04 -2.323000000000000087e-04 5.717685585394748212e-04 9.999984150015039930e-01 1.686142104111899506e-03 -8.174999999999999758e-04 1.997180034568264196e-04 -1.686256538431611055e-03 9.999985583247635867e-01 5.101279999999999704e-02
9.999986604776766042e-01 -1.512432433378299796e-03 -6.257723123657847391e-04 -2.585999999999999974e-04 1.513565469739585690e-03 9.999972090286212145e-01 1.814126383913122753e-03 -1.635600000000000075e-03 6.230268222718937437e-04 -1.815071101214249787e-03 9.999981586755428697e-01 1.023324000000000039e-01
9.999945564757406480e-01 -3.244585863748058671e-03 -5.997344909752018883e-04 -4.763999999999999789e-04 3.245004764009545850e-03 9.999944907767035485e-01 6.988278207558495242e-04 -2.353500000000000123e-03 5.974637800355542781e-04 -7.007701579500094907e-04 9.999995759790187844e-01 1.534485999999999906e-01
9.999931969827899891e-01 -3.639967479945765885e-03 -5.971807799619642618e-04 -6.325000000000000327e-04 3.640419811330369414e-03 9.999930862792839603e-01 7.581142590954870891e-04 -3.159499999999999982e-03 5.944171399716439465e-04 -7.602830903734546491e-04 9.999995343188347041e-01 2.050586000000000075e-01
9.999909971541237619e-01 -4.186455270649186607e-03 -6.922448757731340880e-04 -5.659000000000000401e-04 4.187523771953179617e-03 9.999900320242098850e-01 1.549353697211747162e-03 -3.875099999999999812e-03 6.857516755411795966e-04 -1.552238540492516033e-03 9.999985601490398723e-01 2.566072999999999826e-01
9.999839314272147561e-01 -5.635283391515336256e-03 -6.168212616466350580e-04 -6.886000000000000410e-04 5.637059529820028815e-03 9.999798580947664162e-01 2.916670126734604695e-03 -4.805199999999999923e-03 6.003725749675203763e-04 -2.920100318179543169e-03 9.999955562735781678e-01 3.085918000000000272e-01
9.999865451438360031e-01 -5.108970720182577641e-03 -8.988600977599623667e-04 -9.441000000000000173e-04 5.111782084933284842e-03 9.999819617382362802e-01 3.153709254944880511e-03 -5.277300000000000393e-03 8.827316756427479013e-04 -3.158261599185062558e-03 9.999946230697742688e-01 3.604519999999999946e-01
9.999901961579572562e-01 -4.262381296660914566e-03 -1.199872348240475567e-03 -1.115600000000000012e-03 4.263996049730546002e-03 9.999900026619489291e-01 1.346444890560925377e-03 -6.072700000000000320e-03 1.194121291192480313e-03 -1.351547941180977156e-03 9.999983736949298319e-01 4.121981000000000117e-01
9.999983792112984160e-01 -1.323093998492457348e-03 -1.221063899794221216e-03 -1.659000000000000101e-03 1.322104746787071796e-03 9.999987974765691678e-01 -8.106074599813302330e-04 -6.882400000000000323e-03 1.222134941301705790e-03 8.089917717798694036e-04 9.999989259586724577e-01 4.641348000000000140e-01
9.999979078717816661e-01 1.811710726061780590e-03 -9.497138014734526337e-04 -2.097599999999999812e-03 -1.813086475140129926e-03 9.999973054828649177e-01 -1.449739439851762020e-03 -7.904599999999999474e-03 9.470847339601667870e-04 1.451458320059676333e-03 9.999984981484981716e-01 5.162276999999999560e-01
9.999899527026223645e-01 4.391384331979568748e-03 -9.001319102731721380e-04 -2.442499999999999793e-03 -4.392989963857637722e-03 9.999887493745938105e-01 -1.789626612804133717e-03 -8.644999999999999907e-03 8.922628449586718271e-04 1.793562902341338215e-03 9.999979934975524731e-01 5.685932000000000208e-01
9.999847630117655317e-01 5.423240601935436569e-03 -1.030633628665830531e-03 -2.535499999999999993e-03 -5.424316091756224353e-03 9.999847437217073143e-01 -1.043608531948918196e-03 -9.445999999999999536e-03 1.024958164869382111e-03 1.049183113074672862e-03 9.999989243371991687e-01 6.211885000000000323e-01
9.999954120386161938e-01 2.981696303869554344e-03 -5.342179983992860134e-04 -2.770100000000000166e-03 -2.980694369233771041e-03 9.999938156182391902e-01 1.866597533584448331e-03 -1.043260000000000021e-02 5.397803215579412024e-04 -1.864996629127272905e-03 9.999981152106127702e-01 6.735206000000000248e-01
9.999989635431103530e-01 -1.384442735580593232e-03 -3.952606948631163532e-04 -2.793400000000000136e-03 1.385951418845490042e-03 9.999916570546435457e-01 3.842519976893224703e-03 -1.130399999999999981e-02 3.899376483564044571e-04 -3.843063806407780256e-03 9.999925393767746806e-01 7.262899999999999912e-01
9.999912399799781859e-01 -4.092929649216184643e-03 -8.762934395095942942e-04 -2.791899999999999937e-03 4.094250276959766552e-03 9.999904775421815106e-01 1.510609025969041584e-03 -1.197909999999999947e-02 8.701022785715176178e-04 -1.514183557661139164e-03 9.999984750839265857e-01 7.790010000000000545e-01
9.999864750261129309e-01 -5.142031210879181337e-03 -7.805638190403832184e-04 -3.036800000000000090e-03 5.141534200931305136e-03 9.999865790779671748e-01 -6.374088211299284903e-04 -1.267000000000000071e-02 7.838309192065660153e-04 6.333869046206616876e-04 9.999994922149306742e-01 8.314937000000000022e-01
9.999998300599803880e-01 3.400133911099383120e-05 5.819999305443675089e-04 -3.790700000000000146e-03 -3.399866191068588446e-05 9.999999994114199264e-01 -4.609894070251682700e-06 -1.460260000000000030e-02 -5.820000869443854455e-04 4.590106067975573148e-06 9.999998306274004989e-01 9.375160999999999634e-01
9.999967956049264917e-01 -1.958004860879493728e-03 1.604679670115126064e-03 -4.380600000000000119e-03 1.949578524197251132e-03 9.999843918619109040e-01 5.235950357126619575e-03 -1.571590000000000140e-02 -1.614906640303823571e-03 -5.232805130050017725e-03 9.999850048010789916e-01 1.044214200000000092e+00
9.999767442475322454e-01 -6.663136843256743137e-03 1.453812750487216499e-03 -4.677999999999999867e-03 6.660780819124395742e-03 9.999765054132913056e-01 1.619450617154548095e-03 -1.747380000000000114e-02 -1.464569214830489319e-03 -1.609729427528818185e-03 9.999976319012885417e-01 1.150953399999999904e+00
9.999892055762070742e-01 -4.069146539137692004e-03 2.242939479677847139e-03 -4.768699999999999849e-03 4.072828441269261274e-03 9.999903621122027131e-01 -1.639436242676425371e-03 -1.914530000000000051e-02 -2.236246756165781793e-03 1.648553653611718002e-03 9.999961407282014214e-01 1.259457300000000002e+00
9.999935429565800504e-01 -2.229238748422342035e-03 2.818605993963716090e-03 -4.832999999999999623e-03 2.238348087999174167e-03 9.999922692211391517e-01 -3.232846391920481469e-03 -2.103879999999999986e-02 -2.811377417499514447e-03 3.239134538628370488e-03 9.999908020399272957e-01 1.366921700000000017e+00
9.999973514457057844e-01 -5.207759379074806440e-04 2.241850573969496156e-03 -5.043100000000000013e-03 5.212234012169068322e-04 9.999998443594096953e-01 -1.990158844677641697e-04 -2.335649999999999879e-02 -2.241746582362657420e-03 2.001838623445732085e-04 9.999974672461333647e-01 1.474938800000000105e+00
9.999898415860501988e-01 3.857775544805425953e-03 2.331156912793147951e-03 -5.418100000000000346e-03 -3.857005118013394785e-03 9.999925056498393250e-01 -3.348965149313841536e-04 -2.487390000000000087e-02 -2.332431397872306977e-03 3.259018287704197191e-04 9.999972267720407260e-01 1.584478599999999959e+00
9.999712890964068679e-01 7.267018508996626186e-03 2.147422841505544026e-03 -6.120399999999999799e-03 -7.267277437207207008e-03 9.999735866288207431e-01 1.127977970890150155e-04 -2.668709999999999832e-02 -2.146546417149732770e-03 -1.284004761265539044e-04 9.999976879232255200e-01 1.694757700000000034e+00
9.999858166874954213e-01 5.268616951151367141e-03 7.798071972898572854e-04 -6.095399999999999950e-03 -5.268145298103232323e-03 9.999859398139975264e-01 -6.056562013661583293e-04 -2.847039999999999987e-02 -7.829872035847049378e-04 6.015394735351543409e-04 9.999995125405316543e-01 1.805567300000000097e+00
9.999865477487069887e-01 5.113579457051166920e-03 -8.692679445040056704e-04 -6.947000000000000050e-03 -5.112785429398456795e-03 9.999865126314847474e-01 9.132252046819896042e-04 -3.046710000000000043e-02 8.739260700132226714e-04 -9.087685392661459631e-04 9.999992051961672512e-01 1.916475799999999952e+00
9.999808799663725267e-01 5.398105204383845182e-03 -3.016647457287589210e-03 -7.727099999999999767e-03 -5.395041721197132989e-03 9.999849236479022574e-01 1.022742257690134734e-03 -3.227619999999999795e-02 3.022122847552348533e-03 -1.006447763933565652e-03 9.999949269053282075e-01 2.028253100000000142e+00
9.999788576702818288e-01 4.129028236605001949e-03 -5.023478701010197431e-03 -8.681899999999999340e-03 -4.116121318758114885e-03 9.999882083670529331e-01 2.576950162637316969e-03 -3.375750000000000278e-02 5.034059765979091369e-03 -2.556218432131756018e-03 9.999840618677877657e-01 2.140834299999999857e+00
9.999840970297758647e-01 2.396038525945207165e-03 -5.105358648112105595e-03 -9.547800000000000384e-03 -2.383138793564319215e-03 9.999939565880716641e-01 2.531291532893979127e-03 -3.436670000000000003e-02 5.111392866359966598e-03 -2.519084499590728155e-03 9.999837638063178158e-01 2.196457399999999893e+00
9.999802904038740392e-01 -1.321930432251727057e-03 -6.137695309816337819e-03 -1.032330000000000053e-02 1.336054737702687496e-03 9.999964677378072597e-01 2.297709652352749720e-03 -3.625960000000000294e-02 6.134636217553321447e-03 -2.305864662320742439e-03 9.999785243827176151e-01 2.307918299999999867e+00
9.999759845343832998e-01 -4.421364864146675767e-03 -5.336842439947700294e-03 -1.120250000000000065e-02 4.441766244663342307e-03 9.999828506038173082e-01 3.816963569579113948e-03 -3.788880000000000026e-02 5.319874727708067026e-03 -3.840576910024595236e-03 9.999784742192602272e-01 2.419803400000000160e+00
9.999684980769923959e-01 -6.036635099121229718e-03 -5.153822884431394184e-03 -1.115990000000000038e-02 6.054451837596511003e-03 9.999757257111274722e-01 3.448420138290226276e-03 -3.889809999999999796e-02 5.132880925002579996e-03 -3.479515078857824649e-03 9.999807730692754637e-01 2.474899499999999808e+00
9.999619466162713577e-01 -7.727368593780114571e-03 -4.048838600514443643e-03 -1.165479999999999988e-02 7.737273203274699397e-03 9.999670988408126959e-01 2.436357786975388608e-03 -4.044890000000000291e-02 4.029878754384839078e-03 -2.467592045725765411e-03 9.999888354710370075e-01 2.583500400000000141e+00
9.999893338586485214e-01 -3.661002409387402023e-03 -2.815888899577188680e-03 -1.285670000000000042e-02 3.670966226653396471e-03 9.999869910372305437e-01 3.541435198975576362e-03 -4.172580000000000039e-02 2.802887064987192277e-03 -3.551734458575513467e-03 9.999897644508350947e-01 2.692913100000000171e+00
9.999899449036561139e-01 4.335408817958227856e-03 -1.146438818307531386e-03 -1.417209999999999998e-02 -4.329340092848150273e-03 9.999768779674393926e-01 5.244077121219541116e-03 -4.360229999999999662e-02 1.169147528505233872e-03 -5.239061067978756023e-03 9.999855925628041708e-01 2.800576400000000188e+00
9.998995496273092032e-01 1.413713899971250944e-02 1.015852354957506561e-03 -1.600599999999999939e-02 -1.414089917756318308e-02 9.998928110860767493e-01 3.794905642193103276e-03 -4.564329999999999776e-02 -9.620943582923952454e-04 -3.808889508237762404e-03 9.999922833378064313e-01 2.962386400000000197e+00
9.999098287265022478e-01 1.332161274387033169e-02 1.693827039355362465e-03 -1.702429999999999916e-02 -1.332774344930180536e-02 9.999044789130417943e-01 3.661188903613353529e-03 -4.700780000000000236e-02 -1.644892302399351882e-03 -3.683433661775417298e-03 9.999918632897832893e-01 3.070498199999999844e+00
9.999393891525637512e-01 1.097106277207733800e-02 9.240145285228796700e-04 -1.725379999999999969e-02 -1.097378067117976870e-02 9.999353172066502982e-01 2.989571978808190644e-03 -4.879359999999999947e-02 -8.911559788409310814e-04 -2.999530711090076830e-03 9.999951043162834674e-01 3.176316499999999987e+00
9.999473858872516274e-01 1.025260389493449012e-02 3.310145394872214693e-04 -1.800739999999999980e-02 -1.025350614122847934e-02 9.999433701302113953e-01 2.849937621574338744e-03 -5.057980000000000115e-02 -3.017765126176787387e-04 -2.853181734248459982e-03 9.999958841339937621e-01 3.282497199999999893e+00
9.999492162908739656e-01 9.941142346295247720e-03 -1.654849877700615649e-03 -1.885910000000000017e-02 -9.934971584648335727e-03 9.999438154179528526e-01 3.696261219019975931e-03 -5.201820000000000055e-02 1.691501959579254800e-03 -3.679632622653561044e-03 9.999917995288176709e-01 3.389559000000000211e+00
9.999682493037078679e-01 7.464374910206996762e-03 -2.789890979481380283e-03 -1.890820000000000001e-02 -7.451064079867990124e-03 9.999609520727792411e-01 4.751418080817307148e-03 -5.283899999999999708e-02 2.825248405931815761e-03 -4.730479563520905394e-03 9.999848201520580293e-01 3.442118400000000022e+00
9.999848773002588675e-01 3.256631549256603590e-03 -4.431650001820674339e-03 -1.981899999999999981e-02 -3.233321388497126334e-03 9.999809547884608296e-01 5.256966155195151071e-03 -5.459250000000000214e-02 4.448685601943305062e-03 -5.242557706937216351e-03 9.999763621131774194e-01 3.546801600000000221e+00
9.999829091247222079e-01 4.853120736497412041e-04 -5.826313641469271429e-03 -2.026709999999999970e-02 -4.594815418941885121e-04 9.999900644483110668e-01 4.433946478646816000e-03 -5.591630000000000211e-02 5.828407601588933909e-03 -4.431193615045020059e-03 9.999731967347803563e-01 3.652439100000000050e+00
9.999817648575202167e-01 5.726897475303864733e-04 -6.011819931777034713e-03 -2.115910000000000013e-02 -5.525035740644342053e-04 9.999942063443251206e-01 3.358871474743499539e-03 -5.756440000000000168e-02 6.013708692619228018e-03 -3.355488673244648185e-03 9.999762877206258560e-01 3.756136699999999884e+00
9.999804921152078974e-01 3.158778649292177856e-03 -5.388646070340496856e-03 -2.233819999999999903e-02 -3.143984572213860771e-03 9.999912717662078343e-01 2.751681742507611998e-03 -5.915680000000000244e-02 5.397290990515652039e-03 -2.734686242906923370e-03 9.999816952030254891e-01 3.858636900000000036e+00
9.999754580261314141e-01 4.701079954871466120e-03 -5.194534886463751146e-03 -2.347360000000000071e-02 -4.670823435019244747e-03 9.999721461352679697e-01 5.821542928232698033e-03 -6.092129999999999768e-02 5.221757737358016273e-03 -5.797137300796558618e-03 9.999695627594112901e-01 3.961700899999999859e+00
9.999778271906825111e-01 3.921312071042556968e-03 -5.382233610966433851e-03 -2.419929999999999998e-02 -3.911040968997393785e-03 9.999905133642382760e-01 1.917534893031669048e-03 -6.244249999999999801e-02 5.389701804399273100e-03 -1.896442239738921559e-03 9.999836771774283095e-01 4.064744499999999761e+00
9.999844071676324830e-01 6.192095002043110363e-04 -5.549955062288947950e-03 -2.533279999999999907e-02 -6.079850770948688060e-04 9.999977671011418545e-01 2.023893988433975860e-03 -6.421730000000000493e-02 5.551195884185671815e-03 -2.020488140337865432e-03 9.999825507737273300e-01 4.167345000000000077e+00
9.999860999274127193e-01 -3.445508205512473696e-03 -3.991043117814867779e-03 -2.640520000000000020e-02 3.463650089390500186e-03 9.999836606777969816e-01 4.547692325866705028e-03 -6.591500000000000137e-02 3.975308795650520609e-03 -4.561452689465052453e-03 9.999816948671315098e-01 4.268652399999999680e+00
9.999945274843932141e-01 -2.122962829592983658e-03 -2.537327351626895381e-03 -2.733019999999999894e-02 2.124231229594556770e-03 9.999976201615170535e-01 4.973057263767784652e-04 -6.715250000000000385e-02 2.536265551625578336e-03 -5.026928748634598926e-04 9.999966573228759037e-01 4.368709100000000234e+00
9.999969553420168245e-01 2.467373281167946700e-03 -3.709161432273675856e-05 -2.806449999999999917e-02 -2.467421821648317116e-03 9.999960158738696592e-01 -1.371154966271847988e-03 -6.894690000000000540e-02 3.370831541694702653e-05 1.371242312232513662e-03 9.999990592786928145e-01 4.468634100000000053e+00
9.999875063227888772e-01 4.222277783648996363e-03 2.675737028914045718e-03 -2.895620000000000138e-02 -4.229288660977232467e-03 9.999876244191323593e-01 2.619947709837005655e-03 -7.061870000000000647e-02 -2.664641768104497252e-03 -2.631231441332152182e-03 9.999929881280916755e-01 4.568796599999999763e+00
9.999875011558541082e-01 2.833997232491773655e-03 4.118979455749222258e-03 -2.891600000000000073e-02 -2.845579311145094922e-03 9.999920067816392422e-01 2.808745487567618302e-03 -7.196260000000000157e-02 -4.110986554908469502e-03 -2.820431264217835524e-03 9.999875724012918798e-01 4.670174600000000176e+00
9.999722617500390598e-01 4.875589914204187664e-03 5.630661906017218193e-03 -2.931800000000000031e-02 -4.888735538749671566e-03 9.999853512775864761e-01 2.323250970972506185e-03 -7.279520000000000435e-02 -5.619252205011714130e-03 -2.350713345022981474e-03 9.999814489036413789e-01 4.720060300000000097e+00
9.999416190731615917e-01 7.564836582260636537e-03 7.715678377690724302e-03 -2.906069999999999834e-02 -7.571341389305476406e-03 9.999710055116869389e-01 8.142023779996560798e-04 -7.415729999999999544e-02 -7.709295357609719304e-03 -8.725728791577735521e-04 9.999699022378921720e-01 4.820979600000000254e+00
9.999205035012788123e-01 7.761437226323056153e-03 9.937140933437114618e-03 -2.881629999999999955e-02 -7.760254628066508807e-03 9.999698763575596283e-01 -1.575612723339939159e-04 -7.577520000000000089e-02 -9.938064492481276171e-03 8.043400284605480867e-05 9.999506129827185896e-01 4.921633700000000111e+00
9.999133107416311450e-01 6.205504260881391718e-03 1.161304088421295788e-02 -2.816029999999999922e-02 -6.229020043556535158e-03 9.999786196300061158e-01 1.989872399029674489e-03 -7.777710000000000179e-02 -1.160044443145131013e-02 -2.062037762901557537e-03 9.999305864355071405e-01 5.021724700000000041e+00
9.999258633556443732e-01 2.838481815694807175e-03 1.184106470935615378e-02 -2.713760000000000130e-02 -2.865808654871074106e-03 9.999932681223058228e-01 2.291473504929878759e-03 -7.915700000000000514e-02 -1.183448069088187220e-02 -2.325237848500554504e-03 9.999272665227830759e-01 5.123066399999999909e+00
9.999391847514474962e-01 3.556107912970058577e-04 1.102271924597532371e-02 -2.648520000000000041e-02 -3.851772768588770262e-04 9.999963337670645380e-01 2.680315446918857779e-03 -8.077610000000000345e-02 -1.102172568502198316e-02 -2.684398143851499455e-03 9.999356557146711344e-01 5.223478799999999644e+00
9.999599214299121908e-01 -1.944399888574752273e-03 8.739270161584501359e-03 -2.577720000000000011e-02 1.918757267286624359e-03 9.999938326295403357e-01 2.941610686704143086e-03 -8.201129999999999531e-02 -8.744935930759324336e-03 -2.924724253020743320e-03 9.999574851380486074e-01 5.324255499999999586e+00
9.999729634695926350e-01 -4.090534409579446584e-03 6.110634834854998705e-03 -2.512570000000000081e-02 4.070999744423525052e-03 9.999865746348099993e-01 3.205855770383858345e-03 -8.361399999999999388e-02 -6.123666460691702500e-03 -3.180892702315880633e-03 9.999761910319138192e-01 5.424886200000000436e+00
9.999840410765730159e-01 -3.600961627765852067e-03 4.353236442256049402e-03 -2.525729999999999989e-02 3.591405416553976847e-03 9.999911286095004570e-01 2.201024632186991334e-03 -8.510800000000000309e-02 -4.361123628237905878e-03 -2.185355269265166524e-03 9.999881023407459768e-01 5.524814100000000394e+00
9.999357201587867339e-01 -1.109735572859219845e-02 2.324703499719273352e-03 -2.515360000000000165e-02 1.109908736052106319e-02 9.999381343440378878e-01 -7.333105264898770155e-04 -8.679030000000000078e-02 -2.316421872640366583e-03 7.590654766363675926e-04 9.999970290002416773e-01 5.625116799999999806e+00
9.996744047549207535e-01 -2.551626420951879845e-02 6.883810623685115136e-05 -2.489140000000000102e-02 2.551592118647775728e-02 9.996694588903289880e-01 3.148130861690856975e-03 -8.858620000000000383e-02 -1.491438912458719626e-04 -3.145349377558037760e-03 9.999950422544067186e-01 5.725793799999999933e+00
9.996019565639557847e-01 -2.819755856480226502e-02 -9.089139100371246673e-04 -2.464560000000000015e-02 2.819476857052396340e-02 9.995980993203028575e-01 -2.948704883918375035e-03 -9.065719999999999335e-02 9.916948955735014216e-04 2.921904553950473507e-03 9.999952394961746371e-01 5.826309199999999855e+00
9.996890230579714709e-01 -2.492104334732360080e-02 8.937426247482524759e-04 -2.546369999999999884e-02 2.492494626800250898e-02 9.996784639847934306e-01 -4.660010573090450116e-03 -9.313319999999999932e-02 -7.773229288150972039e-04 4.680837904151884631e-03 9.999887426994262807e-01 5.926536999999999722e+00
9.994352842135497683e-01 -3.354672247492034021e-02 1.931341547144391256e-03 -2.535559999999999897e-02 3.354338268583854921e-02 9.994357539383950106e-01 1.736441068205767232e-03 -9.529970000000000108e-02 -1.988503701891953818e-03 -1.670676743909387278e-03 9.999966273404350403e-01 6.026974199999999726e+00
9.992595149205180105e-01 -3.843370789582546687e-02 1.808849963243332930e-03 -2.466940000000000105e-02 3.842879117194364369e-02 9.992577509387803314e-01 2.678655975217084009e-03 -9.668569999999999942e-02 -1.910458027361129065e-03 -2.607160552935514509e-03 9.999947764183455545e-01 6.128408000000000300e+00
9.994596181779238364e-01 -3.265126673010163710e-02 3.790305074604695141e-03 -2.465070000000000108e-02 3.264226581249774634e-02 9.994641869041064330e-01 2.412794798526643903e-03 -9.789749999999999841e-02 -3.867054986039985317e-03 -2.287766822321414626e-03 9.999899059534059775e-01 6.228970499999999966e+00
9.996466662809398995e-01 -2.590850001686882328e-02 5.940725568402542914e-03 -2.540109999999999937e-02 2.591291787248980669e-02 9.996639808564686813e-01 -6.678813753583004833e-04 -9.943050000000000499e-02 -5.921425566260355572e-03 8.215869241050695023e-04 9.999821306974386870e-01 6.329657599999999995e+00
9.997358319958083994e-01 -2.230701724124743018e-02 5.537436721768970727e-03 -2.482459999999999875e-02 2.230483250628537834e-02 9.997511122874643830e-01 4.559899609274478162e-04 -1.013595000000000051e-01 -5.546230297730223371e-03 -3.323579043763272203e-04 9.999845643147238228e-01 6.431822300000000325e+00
9.998481522789297582e-01 -1.685523925671863002e-02 4.424171561874959933e-03 -2.494410000000000030e-02 1.687539108863770829e-02 9.998472120101136174e-01 -4.557829659898262990e-03 -1.033565000000000039e-01 -4.346672292186153953e-03 4.631797189201249283e-03 9.999798262439010266e-01 6.533145400000000436e+00
9.999668452457434187e-01 -6.628719986655183700e-03 4.729532811398175045e-03 -2.555059999999999970e-02 6.651132219483970633e-03 9.999666520903890410e-01 -4.738897270246079582e-03 -1.054318999999999951e-01 -4.697962268315492192e-03 4.770196901336634654e-03 9.999775869348512813e-01 6.634845699999999624e+00
9.999799220748815110e-01 -2.702526713522465304e-03 5.731648670040119520e-03 -2.607049999999999992e-02 2.706246002929673690e-03 9.999961325096046183e-01 -6.412475380650159993e-04 -1.074298999999999948e-01 -5.729893514342335875e-03 6.567459144484574145e-04 9.999833683642534998e-01 6.736582799999999871e+00
9.999594141052534635e-01 -8.482954488093767675e-03 3.034736468162984192e-03 -2.572949999999999890e-02 8.482072226594489922e-03 9.999639805285521765e-01 3.034736170943018322e-04 -1.089943000000000023e-01 -3.037201511441565537e-03 -2.777204464343813965e-04 9.999953491283509743e-01 6.839916699999999850e+00
9.999773628170580686e-01 -6.704876475341129544e-03 -5.643446572485477306e-04 -2.583070000000000158e-02 6.700140371964988587e-03 9.999454495140911447e-01 -8.012871835866797188e-03 -1.113400999999999974e-01 6.180391878455016551e-04 8.008909258599424680e-03 9.999677371795800962e-01 6.942554999999999588e+00
9.999978066461718829e-01 1.523063778541038343e-03 -1.437699402509724734e-03 -2.721720000000000042e-02 -1.534509992284175707e-03 9.999668681772960754e-01 -7.994237097675230275e-03 -1.132654000000000022e-01 1.425476035947481060e-03 7.996425727583741233e-03 9.999670120527247574e-01 7.048796199999999956e+00
9.999892833506512924e-01 4.591625750918190696e-03 -5.917404959068295941e-04 -2.826590000000000005e-02 -4.593141801268504909e-03 9.999861060595753859e-01 -2.586645743267600508e-03 -1.155426999999999982e-01 5.798553650963422616e-04 2.589335971099433406e-03 9.999964795472954249e-01 7.153236899999999565e+00
9.999980961778309752e-01 1.884744741488158680e-03 -5.053493574664251562e-04 -2.875110000000000166e-02 -1.885252974925248409e-03 9.999977157586331655e-01 -1.007123992673318721e-03 -1.174806999999999935e-01 5.034500314773004883e-04 1.008074786667874584e-03 9.999993651614437207e-01 7.258433300000000088e+00
9.999943451895740854e-01 -3.358248007725437786e-03 -1.782110924321501011e-04 -2.887879999999999961e-02 3.358142494756371881e-03 9.999941879031605252e-01 -5.891000621363139513e-04 -1.192322999999999994e-01 1.801884007620432513e-04 5.884982726446073191e-04 9.999998106009436727e-01 7.363746599999999809e+00
9.999448552988039474e-01 -1.047951550130564284e-02 6.827271138646185235e-04 -2.888040000000000052e-02 1.047818490975169041e-02 9.999432509326959817e-01 1.924202470798490761e-03 -1.209259000000000028e-01 -7.028530793580669124e-04 -1.916942620286223031e-03 9.999979156620975029e-01 7.469487700000000174e+00
9.999920148646740392e-01 -3.646895016681977672e-03 1.634124728076871832e-03 -2.917319999999999983e-02 3.659435761005501615e-03 9.999633639752149028e-01 -7.738167566227931518e-03 -1.234326000000000034e-01 -1.605844575507305158e-03 7.744085750380607855e-03 9.999687247104731558e-01 7.627145299999999573e+00
9.999033235035846845e-01 1.322821731968666127e-02 4.284613521515832739e-03 -3.034859999999999988e-02 -1.321068807997498838e-02 9.999043538991112534e-01 -4.093992434570710437e-03 -1.258996000000000004e-01 -4.338359936568339341e-03 4.036993948949796351e-03 9.999824405022904594e-01 7.734385500000000135e+00
9.999176104187543768e-01 1.211179282756889852e-02 4.251687776674929753e-03 -3.029230000000000117e-02 -1.210530162000929971e-02 9.999255281056690370e-01 -1.549165997428864463e-03 -1.277108999999999883e-01 -4.270134323048470001e-03 1.497570399360299538e-03 9.999897615654683714e-01 7.842227000000000281e+00
9.999770862919681313e-01 6.465933788692890608e-03 2.004642428442649470e-03 -2.975370000000000098e-02 -6.461985793573552309e-03 9.999771812753462941e-01 -1.969687339916825937e-03 -1.297281999999999880e-01 -2.017332552983374522e-03 1.956688236182413734e-03 9.999960508624606836e-01 7.949514899999999606e+00
9.999683094220842561e-01 7.910605576822877030e-03 8.958074272714097513e-04 -2.992490000000000080e-02 -7.908457537337038393e-03 9.999659035512321603e-01 -2.376559350855353327e-03 -1.316724999999999979e-01 -9.145769070738868746e-04 2.369399581315866869e-03 9.999967747421514286e-01 8.057333899999999716e+00
9.999586948113544649e-01 9.048925418102041901e-03 8.518332878087214906e-04 -3.053579999999999836e-02 -9.046874327957823980e-03 9.999562398844769051e-01 -2.381676088933280550e-03 -1.335225999999999913e-01 -8.733476207844748356e-04 2.373871284649958172e-03 9.999968009944117942e-01 8.166275000000000617e+00
9.999679155300874589e-01 8.006614254354348786e-03 2.490754781423918057e-04 -3.072520000000000112e-02 -8.005630167871764791e-03 9.999610028766273695e-01 -3.728620600825506299e-03 -1.356131999999999893e-01 -2.789193917668903355e-04 3.726506963848130304e-03 9.999930176505340551e-01 8.274153699999999390e+00
9.999636113838988871e-01 8.517670570456156026e-03 -4.745483368621816874e-04 -3.110469999999999902e-02 -8.519346654976885785e-03 9.999570496326461999e-01 -3.649605806904682604e-03 -1.380638999999999894e-01 4.434418148615483935e-04 3.653515844586326198e-03 9.999932275677322346e-01 8.383294100000000526e+00
9.999571214076297121e-01 9.203643955445241220e-03 -1.023857464901063805e-03 -3.209850000000000203e-02 -9.207721247878306731e-03 9.999494002415640903e-01 -4.051521437405131848e-03 -1.402324000000000070e-01 9.865168971729364189e-04 4.060775108003305059e-03 9.999912684068466007e-01 8.492454499999999129e+00
9.999600234789230990e-01 8.813645955365639190e-03 -1.507013272988399653e-03 -3.216310000000000002e-02 -8.820136334435815101e-03 9.999516149860094849e-01 -4.355787174949266732e-03 -1.412985999999999964e-01 1.468549990113176976e-03 4.368905108257022454e-03 9.999893779581269238e-01 8.548096700000000325e+00
9.999608201354233117e-01 8.668098482329066393e-03 -1.795066236205239722e-03 -3.297239999999999893e-02 -8.676483467568064586e-03 9.999512319252299442e-01 -4.717245578936877723e-03 -1.432023000000000046e-01 1.754089145037259238e-03 4.732635620415544253e-03 9.999872625845569463e-01 8.658478699999999861e+00
9.999821721036664668e-01 5.514405345992277364e-03 -2.290591302088232709e-03 -3.302159999999999818e-02 -5.524319078412676283e-03 9.999753033826449533e-01 -4.344481960729902614e-03 -1.458098999999999923e-01 2.266577497681511975e-03 4.357058464986856769e-03 9.999879392612591733e-01 8.770093900000000886e+00
9.999890699981945907e-01 4.198107869762902726e-03 -2.058099720520894117e-03 -3.397630000000000094e-02 -4.204658400150222859e-03 9.999860758560970009e-01 -3.188877806102035067e-03 -1.482890000000000041e-01 2.044683810230709612e-03 3.197496557940092323e-03 9.999927976160019050e-01 8.881226500000000357e+00
9.999859307058450719e-01 5.000951266561277399e-03 -1.768863136104671663e-03 -3.450740000000000057e-02 -5.008590128506002111e-03 9.999780356059687625e-01 -4.340775340009075424e-03 -1.503174999999999928e-01 1.747116278163286622e-03 4.349573778806128770e-03 9.999890143359841943e-01 8.992391599999999485e+00
9.999800330998583897e-01 6.271971031806214229e-03 -7.718685006943562998e-04 -3.533390000000000142e-02 -6.273162643021828154e-03 9.999791204078664064e-01 -1.551186244146325523e-03 -1.523916999999999911e-01 7.621233892066589478e-04 1.555997328409368646e-03 9.999984990190002865e-01 9.104864100000000349e+00
9.999789997948488329e-01 6.455740834631107893e-03 5.686647254685928349e-04 -3.615039999999999920e-02 -6.454178736874084839e-03 9.999755068961025950e-01 -2.707246703784587424e-03 -1.545119000000000076e-01 -5.861280801994318357e-04 2.703519587268882977e-03 9.999961737105371729e-01 9.216584199999999782e+00
9.999763466229044662e-01 6.841769845098975324e-03 7.045424725858174348e-04 -3.623269999999999963e-02 -6.839329894764065686e-03 9.999707999506067813e-01 -3.409224652933610586e-03 -1.568840999999999986e-01 -7.278470303364274882e-04 3.404325414862403691e-03 9.999939403852255992e-01 9.328928899999999302e+00
9.999787992302195949e-01 6.484539085502708314e-03 5.931634990546975905e-04 -3.700490000000000029e-02 -6.483386678975720102e-03 9.999771306748936883e-01 -1.924532248992508535e-03 -1.591560999999999948e-01 -6.056296383956988241e-04 1.920645739099136832e-03 9.999979721642868746e-01 9.441160200000000557e+00
9.999704161365768895e-01 7.682261141198253734e-03 3.869307427662949323e-04 -3.757390000000000035e-02 -7.681619674755047616e-03 9.999691627067888167e-01 -1.632897625759703077e-03 -1.612871999999999917e-01 -3.994631568474564303e-04 1.629877063532957603e-03 9.999985919639807763e-01 9.553546000000000760e+00
9.999567235415830480e-01 9.293071461922181031e-03 4.357370603083970625e-04 -3.827660000000000090e-02 -9.292321245567215088e-03 9.999553918532809726e-01 -1.693242280516942542e-03 -1.629605000000000081e-01 -4.514530444008719111e-04 1.689119994244814944e-03 9.999984715307288496e-01 9.665509200000000689e+00
9.999865952934199331e-01 5.164560868542936688e-03 3.695192943691189350e-04 -3.888450000000000240e-02 -5.164203674118955124e-03 9.999862034933736377e-01 -9.611572822310427084e-04 -1.648437000000000097e-01 -3.744781515820511933e-04 9.592361253020583638e-04 9.999994698159443418e-01 9.778989799999999732e+00
9.999999510653340140e-01 2.713646697378895630e-04 -1.556616386755443351e-04 -3.930569999999999897e-02 -2.714353432666501229e-04 9.999998600221826628e-01 -4.541788959592211626e-04 -1.670775999999999928e-01 1.555383687802640172e-04 4.542211258044559236e-04 9.999998847454857342e-01 9.891909599999999969e+00
9.999950230507856919e-01 -3.045901155433606688e-03 8.224109738101568427e-04 -4.046770000000000228e-02 3.045691505973628557e-03 9.999953290892148461e-01 2.560527352800793838e-04 -1.689781999999999951e-01 -8.231870437241111012e-04 -2.535466508012666656e-04 9.999996290385245734e-01 1.000382139999999964e+01
9.999795620369967830e-01 -6.159249100557835817e-03 1.714397507413232841e-03 -4.099459999999999910e-02 6.156684696294693719e-03 9.999799267838856975e-01 1.497084782142389138e-03 -1.709265000000000090e-01 -1.723584012039430010e-03 -1.486499179881742381e-03 9.999974097858161937e-01 1.011524769999999940e+01
9.999848506713149288e-01 -4.847913091681423439e-03 2.606945822909432272e-03 -4.098750000000000310e-02 4.847650285915435647e-03 9.999882443369921825e-01 1.071192114803073893e-04 -1.726698999999999873e-01 -2.607434481160564570e-03 -9.448002703237121797e-05 9.999965961736824172e-01 1.022789670000000051e+01
9.999904557714424103e-01 -7.339752006589755386e-04 4.306930046751183266e-03 -4.112419999999999964e-02 7.356212596047546817e-04 9.999996569960628578e-01 -3.806167611117415193e-04 -1.745649999999999979e-01 -4.306649206193609997e-03 3.837813977244012957e-04 9.999906526985407051e-01 1.034077549999999945e+01
9.999790670978357943e-01 7.646332581074798563e-04 6.425006001756518141e-03 -4.134020000000000056e-02 -7.585586842788173082e-04 9.999992630920588876e-01 -9.478417914942727316e-04 -1.765797000000000061e-01 -6.425726018475775257e-03 9.429482063156083543e-04 9.999789102245185690e-01 1.045362470000000066e+01
9.999620121737304856e-01 1.442082642719661693e-03 8.596197247377843770e-03 -4.173000000000000320e-02 -1.426288852114362959e-03 9.999972842507822701e-01 -1.843147083257937278e-03 -1.792384999999999950e-01 -8.598831872678638910e-03 1.830816405802238034e-03 9.999613533540752108e-01 1.056678299999999915e+01
9.999474327944335439e-01 2.634429295089697558e-04 1.024998759241232266e-02 -4.128010000000000013e-02 -2.573502104590080710e-04 9.999997894402340437e-01 -5.957267465783160770e-04 -1.814173000000000036e-01 -1.025014237417664134e-02 5.930575944238577080e-04 9.999472900428295619e-01 1.068014529999999951e+01
9.999432730564081773e-01 -1.124427296108925899e-03 1.059180496861909272e-02 -4.079599999999999893e-02 1.153538186095461483e-03 9.999955733890132370e-01 -2.742727115842297052e-03 -1.835123999999999922e-01 -1.058867408558401661e-02 2.754789580806886636e-03 9.999401437663529846e-01 1.079417510000000036e+01
9.999512765006471904e-01 -1.564850405394091135e-03 9.746582372046386916e-03 -4.031599999999999767e-02 1.615500238383239980e-03 9.999852218700611139e-01 -5.190972978596265948e-03 -1.858242999999999978e-01 -9.738315239615685792e-03 5.206465662373164528e-03 9.999390271069533709e-01 1.090684989999999921e+01
9.999656380560206781e-01 -1.809400477507029864e-03 8.090041849549972977e-03 -3.999559999999999921e-02 1.856552653500109741e-03 9.999813127749267450e-01 -5.824715716569198350e-03 -1.885496999999999868e-01 -8.079351425718176230e-03 5.839535156676759105e-03 9.999503107203345786e-01 1.102165989999999951e+01
9.999711807864972712e-01 -1.666581365879630291e-03 7.406760628602272745e-03 -3.999620000000000258e-02 1.712577865955453894e-03 9.999792632435763329e-01 -6.208072155449977786e-03 -1.896683000000000119e-01 -7.396260779038920166e-03 6.220577898004063175e-03 9.999532987780496152e-01 1.107919599999999960e+01
9.999808679991527560e-01 -1.083555259243409660e-03 6.090118526037797790e-03 -3.977909999999999779e-02 1.116426137400289720e-03 9.999848150008513459e-01 -5.396606377404078447e-03 -1.923842000000000052e-01 -6.084178526370861810e-03 5.403302297028627840e-03 9.999668929999363520e-01 1.119235040000000048e+01
9.999856612922134458e-01 -1.688147564292485003e-03 5.082063338428161742e-03 -3.980670000000000042e-02 1.707834010316857049e-03 9.999910459341139202e-01 -3.871867067707979171e-03 -1.937615000000000032e-01 -5.075481550338576536e-03 3.880490870749458976e-03 9.999795904305418537e-01 1.124982450000000078e+01
9.999842955059212724e-01 8.617095037481320744e-04 5.537706949394181205e-03 -4.016120000000000106e-02 -8.478824435701699585e-04 9.999965186520357596e-01 -2.498755524371659015e-03 -1.957189000000000012e-01 -5.539840872092260254e-03 2.494020958180294227e-03 9.999815448409895557e-01 1.136489579999999933e+01
9.999773665317432947e-01 -4.876759216141648891e-04 6.710335046397603205e-03 -4.014059999999999850e-02 5.087172277316661002e-04 9.999949586502560051e-01 -3.134307077326840482e-03 -1.974634000000000111e-01 -6.708772691159177633e-03 3.137649800129053458e-03 9.999725733852454779e-01 1.148055169999999947e+01
9.999670033897665178e-01 -3.922966231757452592e-03 7.113541145948085349e-03 -3.960120000000000307e-02 3.967729354630568535e-03 9.999723492238337119e-01 -6.289508051943414925e-03 -1.995439999999999992e-01 -7.088670923311969456e-03 6.317525125517814942e-03 9.999549187942571304e-01 1.159661670000000022e+01
9.999666908451168013e-01 -4.522905732164614334e-03 6.794153663582006009e-03 -3.935609999999999803e-02 4.571360297056252867e-03 9.999641088164772373e-01 -7.133284229785072199e-03 -2.009573000000000054e-01 -6.761646641233930166e-03 7.164105150425635095e-03 9.999514766887904749e-01 1.165620900000000049e+01
9.999933344569776894e-01 -2.200630199512465870e-03 2.913463289646465049e-03 -3.961889999999999856e-02 2.222930144531140226e-03 9.999680904075805010e-01 -7.673118543946194116e-03 -2.032738000000000045e-01 -2.896484625828115844e-03 7.679543823815964711e-03 9.999663169244604743e-01 1.177421089999999992e+01
9.999928805043231117e-01 -2.485544515986720920e-03 2.839191632421999775e-03 -3.961259999999999781e-02 2.489645126130868736e-03 9.999958616219389862e-01 -1.441667833403237906e-03 -2.057199000000000111e-01 -2.835596553196447107e-03 1.448726149065141531e-03 9.999949302795152484e-01 1.189457319999999996e+01
9.999908362186826771e-01 -2.816275943726321510e-03 3.224293483609963311e-03 -3.975000000000000061e-02 2.819710159180444011e-03 9.999954616866184587e-01 -1.061056447571601417e-03 -2.064956000000000014e-01 -3.221290623007469316e-03 1.070138297374264745e-03 9.999942390287788196e-01 1.195434569999999930e+01
9.999811146949324492e-01 -4.962713202732933412e-03 3.625152568869587262e-03 -3.944319999999999771e-02 4.970834138095963847e-03 9.999851485769314374e-01 -2.234599190886106708e-03 -2.087916999999999967e-01 -3.614009055287671635e-03 2.252577021943826495e-03 9.999909323765433511e-01 1.207469080000000083e+01
9.999792502048689968e-01 -5.007884824104043460e-03 4.052190678711530339e-03 -3.964349999999999818e-02 5.015659070822481129e-03 9.999855961925807613e-01 -1.910646868008878318e-03 -2.100756000000000012e-01 -4.042564012282845107e-03 1.930931629412181326e-03 9.999899645392693603e-01 1.213399219999999978e+01
9.999826201045591834e-01 -3.071020111355046104e-03 5.032725334882124681e-03 -3.981969999999999954e-02 3.086545568612282259e-03 9.999904932415597525e-01 -3.080042687190932479e-03 -2.124591000000000118e-01 -5.023218616941874624e-03 3.095522892451498843e-03 9.999825923548613105e-01 1.225393299999999996e+01
9.999807343232732793e-01 -2.393353220202793473e-03 5.727376594074052273e-03 -3.970869999999999955e-02 2.413416472025065561e-03 9.999909672176835462e-01 -3.498700326444897576e-03 -2.139320000000000110e-01 -5.718951234235211852e-03 3.512455466629074187e-03 9.999774778730645686e-01 1.231318470000000076e+01
9.999720178898124923e-01 -3.654933980844056116e-03 6.527242524390465019e-03 -3.953670000000000101e-02 3.663812928204132277e-03 9.999923785079120053e-01 -1.348851702772069575e-03 -2.152467000000000130e-01 -6.522262813139626837e-03 1.372728554601481635e-03 9.999777876053606018e-01 1.237246700000000033e+01
9.999649093064774119e-01 -4.804374488106376642e-03 6.862808569841935546e-03 -3.950730000000000214e-02 4.809140277311631934e-03 9.999882061030788138e-01 -6.781036346562389081e-04 -2.161555000000000004e-01 -6.859469766782439609e-03 7.110840486381249511e-04 9.999762207342703935e-01 1.243197250000000054e+01
9.999569315527930824e-01 -6.299045015722488060e-03 6.815942444926306916e-03 -3.935249999999999859e-02 6.311613921019602370e-03 9.999784178454358408e-01 -1.824108837444283690e-03 -2.171694000000000124e-01 -6.804305198522321053e-03 1.867049873129383863e-03 9.999751074679491536e-01 1.249086480000000066e+01
