1.000000000000000000e+00 0.000000000000000000e+00 0.000000000000000000e+00 0.000000000000000000e+00 0.000000000000000000e+00 1.000000000000000000e+00 0.000000000000000000e+00 0.000000000000000000e+00 0.000000000000000000e+00 0.000000000000000000e+00 1.000000000000000000e+00 0.000000000000000000e+00
9.999998171435110494e-01 -5.517831267854429560e-04 -2.474839902130105481e-04 -1.874000000000000015e-04 5.522163647592071185e-04 9.999983093901023690e-01 1.753931020186480332e-03 -8.633000000000000049e-04 2.465157822716426933e-04 -1.754067364178223815e-03 9.999984312375950202e-01 5.150149999999999867e-02
9.999986938028796457e-01 -1.477193776258167029e-03 -6.559657629004433379e-04 -2.473999999999999962e-04 1.478404131769762639e-03 9.999971986528217727e-01 1.848515007294211036e-03 -1.679799999999999956e-03 6.532333104485094815e-04 -1.849482375263402766e-03 9.999980763487427149e-01 1.033290000000000042e-01
9.999948219021845830e-01 -3.161385291551877755e-03 -6.015079854679625899e-04 -5.035999999999999895e-04 3.161806412148919238e-03 9.999947561612787528e-01 7.004499673307875351e-04 -2.380900000000000030e-03 5.992904390329096805e-04 -7.023481921377532902e-04 9.999995737789024730e-01 1.550008999999999970e-01
9.999932259557504644e-01 -3.633362056626821945e-03 -5.888317050192010604e-04 -6.796000000000000391e-04 3.633825280293458398e-03 9.999930875301424882e-01 7.875314374849007966e-04 -3.189200000000000108e-03 5.859662478944306164e-04 -7.896658142476324768e-04 9.999995165356122540e-01 2.072044000000000108e-01
9.999912662479152337e-01 -4.129900037470210679e-03 -6.413685147597550200e-04 -6.823999999999999988e-04 4.130879674513375337e-03 9.999902917849922135e-01 1.533678219436393009e-03 -3.878400000000000163e-03 6.350283504803968127e-04 -1.536314240832540321e-03 9.999986182378191035e-01 2.594242999999999966e-01
9.999838374059605295e-01 -5.644577353536512146e-03 -6.809356425003101421e-04 -7.479000000000000188e-04 5.646564348331037375e-03 9.999796999527819086e-01 2.952286131869183688e-03 -4.825900000000000155e-03 6.642574120335062926e-04 -2.956083362189396071e-03 9.999954101560898367e-01 3.120654999999999957e-01
9.999866462745978790e-01 -5.087110060948651230e-03 -9.102657359632827750e-04 -9.882999999999998991e-04 5.090041921402223626e-03 9.999817705270939161e-01 3.248089705766726322e-03 -5.395900000000000349e-03 8.937257524776420986e-04 -3.252679622424383375e-03 9.999943106485922328e-01 3.645008000000000137e-01
9.999903548307935708e-01 -4.222771816808239265e-03 -1.207660368958825238e-03 -1.160599999999999913e-03 4.224405525473824696e-03 9.999901612343294888e-01 1.353452066403702629e-03 -6.091199999999999740e-03 1.201933167830034890e-03 -1.358540659265034586e-03 9.999983548606153905e-01 4.167972999999999817e-01
9.999984717217300645e-01 -1.254829517493313666e-03 -1.217356597807033643e-03 -1.718799999999999929e-03 1.253969507037696728e-03 9.999989638809848591e-01 -7.069635296609760085e-04 -7.031899999999999783e-03 1.218242455185524278e-03 7.054359211711347302e-04 9.999990091222498156e-01 4.695437000000000083e-01
9.999975119923110167e-01 2.021893887870281504e-03 -9.423132674875835850e-04 -2.159299999999999848e-03 -2.023302453624074761e-03 9.999968337407140195e-01 -1.496247214886606801e-03 -7.963400000000000686e-03 9.392850307809278180e-04 1.498150076958221655e-03 9.999984366437669747e-01 5.222345999999999933e-01
9.999903740271008923e-01 4.292564160295138723e-03 -9.087057107409672683e-04 -2.543300000000000075e-03 -4.294211439106545430e-03 9.999891260664928172e-01 -1.818652492430255238e-03 -8.725600000000000023e-03 9.008891470264534986e-04 1.822537160588495351e-03 9.999979333763860945e-01 5.754719999999999835e-01
9.999842435501772320e-01 5.525847953318348271e-03 -9.887647731019748483e-04 -2.651800000000000164e-03 -5.526907096873484235e-03 9.999841522833141649e-01 -1.071671667952386279e-03 -9.558099999999999929e-03 9.828272087449977691e-04 1.077119593253119453e-03 9.999989369314646881e-01 6.287582000000000448e-01
9.999956351121589426e-01 2.866309981098458595e-03 -7.169544769167907885e-04 -2.674800000000000181e-03 -2.864881034092305045e-03 9.999939236586037339e-01 1.986228217272847756e-03 -1.059580000000000070e-02 7.226432662205320824e-04 -1.984165558326225938e-03 9.999977704343879781e-01 6.818629999999999969e-01
9.999988277513737200e-01 -1.422121558924856416e-03 -5.675087223856535622e-04 -2.758000000000000035e-03 1.424272430259636161e-03 9.999917360573569169e-01 3.807790046451604415e-03 -1.141430000000000049e-02 5.620888922092040626e-04 -3.808593869802179375e-03 9.999925893069468996e-01 7.352735999999999716e-01
9.999912614030791458e-01 -4.108023065215767392e-03 -7.754121318636280442e-04 -2.865599999999999831e-03 4.109156330373970462e-03 9.999904833661227288e-01 1.465609579885589295e-03 -1.211980000000000002e-02 7.693839945914939102e-04 -1.468783062184523570e-03 9.999986253613477594e-01 7.886518000000000139e-01
9.999965367411481898e-01 -2.615708072482516525e-03 -2.908212320579272626e-04 -3.213999999999999843e-03 2.615084289960014057e-03 9.999943228791812189e-01 -2.124980838541494759e-03 -1.391530000000000024e-02 2.963779105638999004e-04 2.124212957147654426e-03 9.999976999370782105e-01 8.954621999999999860e-01
9.999999836620403482e-01 8.141492813831659951e-05 1.613924678006738243e-04 -3.405200000000000154e-03 -8.138506913881600436e-05 9.999999795745203590e-01 -1.850065658857226231e-04 -1.465900000000000016e-02 -1.614075268004219646e-04 1.849934279259423710e-04 9.999999698625204880e-01 9.496655000000000513e-01
9.999972236040121087e-01 -1.597291429135704651e-03 1.732467707571503247e-03 -4.416699999999999966e-03 1.588295840202993969e-03 9.999853152925574085e-01 5.181362327471314075e-03 -1.588540000000000091e-02 -1.740718412426980194e-03 -5.178596270704514948e-03 9.999850759086725827e-01 1.057888600000000068e+00
9.999818472394872426e-01 -5.857767371187537139e-03 1.411294770006218295e-03 -4.684999999999999928e-03 5.852963146386575694e-03 9.999771435918130003e-01 3.384540790955449692e-03 -1.652369999999999881e-02 -1.431088365488594966e-03 -3.376219095919491715e-03 9.999932765427508308e-01 1.111542500000000100e+00
9.999769708577807004e-01 -6.493749030622894026e-03 1.972049092831730608e-03 -4.945299999999999696e-03 6.496572643019436245e-03 9.999778762896138762e-01 -1.428802018328598471e-03 -1.833020000000000135e-02 -1.962727182067260188e-03 1.441580674430897012e-03 9.999970347691876649e-01 1.221006899999999895e+00
9.999931309431575599e-01 -2.484870588929077948e-03 2.750179022763823977e-03 -5.110899999999999818e-03 2.496310102199630985e-03 9.999882148441613383e-01 -4.163965497120948947e-03 -2.020999999999999880e-02 -2.739799696078345365e-03 4.170802194282641553e-03 9.999875488758255271e-01 1.331354900000000008e+00
9.999962535134594432e-01 -1.001358501933607677e-03 2.547594982664414930e-03 -5.133099999999999816e-03 1.007438287191286851e-03 9.999966452730991717e-01 -2.386317381439322181e-03 -2.241490000000000149e-02 -2.545196876980777932e-03 2.388874985859163868e-03 9.999939076060210263e-01 1.440976599999999941e+00
9.999940233101799469e-01 2.584605131915167393e-03 2.296336262699809772e-03 -5.695699999999999721e-03 -2.583787011771584291e-03 9.999965975160282072e-01 -3.591671537726537074e-04 -2.460719999999999921e-02 -2.297256754721338067e-03 3.532317633317581741e-04 9.999972989157142056e-01 1.552086499999999925e+00
9.999720242154289673e-01 7.017379583911289784e-03 2.589820509793519521e-03 -6.465900000000000120e-03 -7.016521962924439360e-03 9.999753260753783124e-01 -3.400882012858527322e-04 -2.652320000000000025e-02 -2.592143136757909562e-03 3.219071545645999627e-04 9.999965885790523812e-01 1.663073800000000046e+00
9.999766715950466622e-01 6.608800508555093614e-03 1.726273886227536625e-03 -6.429500000000000319e-03 -6.608321728755046226e-03 9.999781247849254262e-01 -2.829055555923659670e-04 -2.853730000000000155e-02 -1.728105789994669687e-03 2.714911826248616916e-04 9.999984699702876290e-01 1.773765899999999895e+00
9.999850816448204727e-01 5.459808894970195198e-03 1.642395574504447160e-04 -6.643900000000000326e-03 -5.459750810643811819e-03 9.999850334790552076e-01 -3.520496820913689585e-04 -3.056069999999999967e-02 -1.661592233414220228e-04 3.511477230322408542e-04 9.999999245431917538e-01 1.885212700000000074e+00
9.999810667735478109e-01 5.747705475940651995e-03 -2.197720682695476335e-03 -7.036899999999999579e-03 -5.747040619227183553e-03 9.999834379719098054e-01 3.087166994142264082e-04 -3.234329999999999844e-02 2.199458696647532251e-03 -2.960804643778802226e-04 9.999975373558679381e-01 1.997704499999999994e+00
9.999746050910313100e-01 5.872593881710227136e-03 -4.037550511945668143e-03 -7.936699999999999658e-03 -5.867329553657970286e-03 9.999819231652044005e-01 1.314453014776472079e-03 -3.392450000000000326e-02 4.045196774544456385e-03 -1.290729994918692362e-03 9.999909851589341425e-01 2.109989399999999904e+00
9.999782128208689613e-01 3.248388054617664614e-03 -5.746464880905518408e-03 -8.456099999999999381e-03 -3.235972655352188903e-03 9.999924129977089127e-01 2.168508241505913339e-03 -3.558270000000000183e-02 5.753465438731349135e-03 -2.149865592608856454e-03 9.999811376787959283e-01 2.223597999999999963e+00
9.999767992845407516e-01 -1.324185713187415884e-03 -6.681872854390954845e-03 -9.067600000000000313e-03 1.339396982518280136e-03 9.999965207902160591e-01 2.272536729353720995e-03 -3.751829999999999748e-02 6.678840346083841396e-03 -2.281433685214434917e-03 9.999750937658254957e-01 2.335386999999999880e+00
9.999666747247824006e-01 -5.569262722364583251e-03 -5.969317598408741855e-03 -9.882399999999999518e-03 5.591425436918751740e-03 9.999775133418202788e-01 3.702535927334016288e-03 -3.860020000000000118e-02 5.948562973086023338e-03 -3.735789533566024039e-03 9.999753289332273809e-01 2.445683700000000016e+00
9.999303390281419901e-01 -1.041043725816162037e-02 -5.562363450804557602e-03 -1.042620000000000005e-02 1.042478142170745296e-02 9.999423936149199887e-01 2.556048507775598045e-03 -4.028659999999999880e-02 5.535433440534639343e-03 -2.613856874115162102e-03 9.999812631888994607e-01 2.557233300000000042e+00
9.999601250500399496e-01 -7.900333030021470387e-03 -4.163297722160590707e-03 -1.164849999999999913e-02 7.909101743327734413e-03 9.999665301694140584e-01 2.093955719693630854e-03 -4.182810000000000000e-02 4.146615429755453643e-03 -2.126800168586422471e-03 9.999891410918023693e-01 2.665030499999999858e+00
9.999934433611562534e-01 -2.183255626661780458e-03 -2.889053403202636143e-03 -1.289509999999999962e-02 2.197124396783537836e-03 9.999860373105038391e-01 4.806020018739197951e-03 -4.357910000000000256e-02 2.878520293999268370e-03 -4.812336117117447208e-03 9.999842776474102690e-01 2.773945100000000163e+00
9.999735540413199342e-01 7.206775160662763809e-03 -9.765294440818653166e-04 -1.467259999999999918e-02 -7.202293462533307898e-03 9.999638578656205867e-01 4.517735205227182624e-03 -4.511919999999999820e-02 1.009052452082954705e-03 -4.510582477757535749e-03 9.999893181723794600e-01 2.881448300000000184e+00
9.999329619755308318e-01 1.157792450861660875e-02 1.523775389076011697e-04 -1.552000000000000081e-02 -1.157844182545418425e-02 9.999249543132692208e-01 4.003177050921796418e-03 -4.673820000000000058e-02 -1.060176219403524613e-04 -4.004672980310449923e-03 9.999919756450971198e-01 2.989290500000000073e+00
9.999459528609151437e-01 1.039400819420085477e-02 2.365390780209298790e-04 -1.560689999999999994e-02 -1.039486945199583241e-02 9.999380121052814374e-01 3.989816538898571796e-03 -4.838400000000000339e-02 -1.950542296627948374e-04 -3.992059693565494158e-03 9.999920126747265936e-01 3.096655800000000180e+00
9.999637264112257728e-01 8.514600661407334056e-03 2.178011756066533479e-04 -1.679939999999999906e-02 -8.515226161649317935e-03 9.999590833133171763e-01 3.053297005927973779e-03 -4.998389999999999778e-02 -1.917946591980445258e-04 -3.055040878156538558e-03 9.999953149590459223e-01 3.202508200000000027e+00
9.999710786221968073e-01 7.560615037739610612e-03 -8.240263414003762320e-04 -1.707140000000000046e-02 -7.558057934624637202e-03 9.999667453238653136e-01 3.063332605619019551e-03 -5.164339999999999903e-02 8.471596172349077141e-04 -3.057015970991434559e-03 9.999949684743099088e-01 3.309393399999999819e+00
9.999698630113144082e-01 7.319185699363757631e-03 -2.588936042349644206e-03 -1.841299999999999881e-02 -7.309479041880171009e-03 9.999662948164219634e-01 3.739083745129692573e-03 -5.277459999999999790e-02 2.616215830061141643e-03 -3.720047286662848170e-03 9.999896582779821408e-01 3.417187199999999869e+00
9.999832757981046427e-01 3.037351626212676532e-03 -4.921648015691564189e-03 -1.930629999999999846e-02 -3.012203795871689922e-03 9.999824121288912737e-01 5.109017633186311094e-03 -5.437460000000000210e-02 4.937079337397128932e-03 -5.094107182109116477e-03 9.999748373432369997e-01 3.524045500000000164e+00
9.999779054856495764e-01 -9.259535954131348960e-04 -6.582640083767695750e-03 -1.928840000000000068e-02 9.580304136457366013e-04 9.999876754552691205e-01 4.871459257123835103e-03 -5.604080000000000172e-02 6.578048210511494055e-03 -4.877657993999703380e-03 9.999664683049296343e-01 3.628768200000000110e+00
9.999731021077352677e-01 -1.873255641213437917e-03 -7.091260419379353565e-03 -2.042930000000000093e-02 1.902710876582252913e-03 9.999895815596573367e-01 4.149272642474140585e-03 -5.773439999999999822e-02 7.083413891121273336e-03 -4.162653654114256349e-03 9.999662482115098117e-01 3.733535499999999896e+00
9.999766004693803056e-01 -9.235405959217951296e-04 -6.778317377430525918e-03 -2.174989999999999910e-02 9.404469981023603651e-04 9.999964541736170442e-01 2.491425221999448141e-03 -5.904550000000000076e-02 6.775992410359717340e-03 -2.497741572048468427e-03 9.999739232669490052e-01 3.837545200000000101e+00
9.999807861983682766e-01 3.319564302139755055e-04 -6.190075849439351068e-03 -2.256230000000000041e-02 -3.132397681558077751e-04 9.999953774903416193e-01 3.024380729490898801e-03 -6.014669999999999739e-02 6.191051198384520983e-03 -3.022383641715557876e-03 9.999762677594810079e-01 3.887878199999999840e+00
9.999793904554521440e-01 1.635313305224640051e-03 -6.208414832808947445e-03 -2.383570000000000133e-02 -1.597455058495776160e-03 9.999801313007424808e-01 6.097962043665969452e-03 -6.171089999999999909e-02 6.218263558146530645e-03 -6.087918703765667593e-03 9.999621345051911137e-01 3.991109100000000076e+00
9.999799527337630556e-01 8.043780866146298721e-04 -6.280693152415736669e-03 -2.409470000000000015e-02 -7.748096568286702308e-04 9.999886131649986520e-01 4.708843843056846439e-03 -6.248209999999999875e-02 6.284409325999761389e-03 -4.703883101904587048e-03 9.999691893669458986e-01 4.041946399999999606e+00
9.999809343929042527e-01 2.321009424174073812e-04 -6.170654734040308814e-03 -2.530599999999999863e-02 -2.258968200076629342e-04 9.999994683649123806e-01 1.006101644693551929e-03 -6.392269999999999897e-02 6.170884970643639861e-03 -1.004688531473110638e-03 9.999804551988172863e-01 4.142693500000000029e+00
9.999707434227461667e-01 -4.930123790407922937e-03 -5.848604788460145566e-03 -2.603690000000000171e-02 4.955779752386807804e-03 9.999781262432256845e-01 4.380328998278905893e-03 -6.560459999999999903e-02 5.826881293297304747e-03 -4.409185242035534337e-03 9.999733029135803308e-01 4.244214099999999767e+00
9.999640682248150947e-01 -7.430604322290914818e-03 -4.080242478450176596e-03 -2.688950000000000021e-02 7.444042554913933921e-03 9.999668863113335693e-01 3.288238321242275154e-03 -6.690920000000000201e-02 4.055673768688516576e-03 -3.318493667646112057e-03 9.999862694607660751e-01 4.345211499999999560e+00
9.999925510933471706e-01 -3.192938174567184692e-03 -2.168617908444464473e-03 -2.789979999999999891e-02 3.190248367338657451e-03 9.999941390370351568e-01 -1.242661230422880151e-03 -6.843359999999999721e-02 2.172572938735890021e-03 1.235733544213577341e-03 9.999968764398384780e-01 4.445636300000000318e+00
9.999997467872171475e-01 5.014104140589676533e-04 5.049882160573529412e-04 -2.839650000000000160e-02 -5.017894178733728295e-04 9.999995923484275018e-01 7.506732703858556193e-04 -7.029180000000000150e-02 -5.046116148027854744e-04 -7.509264780487561386e-04 9.999995907381876714e-01 4.545287100000000358e+00
9.999979875279881858e-01 -3.494472995628128864e-04 1.975557277987423626e-03 -2.872459999999999944e-02 3.421511692646439788e-04 9.999931247792760436e-01 3.692333511046617684e-03 -7.172720000000000484e-02 -1.976833971569604605e-03 -3.691650141096155472e-03 9.999912318849024651e-01 4.645793000000000283e+00
9.999892991896157657e-01 1.631534715416664734e-03 4.328926048515749012e-03 -2.887249999999999886e-02 -1.642853623523021951e-03 9.999952380603718272e-01 2.612448765424515724e-03 -7.309939999999999494e-02 -4.324643133578214005e-03 -2.619532601950405690e-03 9.999872176736632756e-01 4.745206800000000058e+00
9.999718834455648686e-01 3.706976622836023923e-03 6.518484689507608731e-03 -2.875329999999999900e-02 -3.716569183594357895e-03 9.999920275839613293e-01 1.460096579466351992e-03 -7.445599999999999441e-02 -6.513020177548558762e-03 -1.484281925902150362e-03 9.999776884887638939e-01 4.845526699999999742e+00
9.999500457434017386e-01 4.390521051613406785e-03 8.979384314303142517e-03 -2.899190000000000100e-02 -4.393369126966461917e-03 9.999903048601036515e-01 2.974785894745776574e-04 -7.595159999999999412e-02 -8.977991171906538753e-03 -3.369134789784129129e-04 9.999596402674584272e-01 4.946315300000000192e+00
9.999390153452212271e-01 3.139116950782975309e-03 1.058827347582133420e-02 -2.844829999999999928e-02 -3.163582656812465813e-03 9.999923630542555397e-01 2.294684714615850829e-03 -7.770879999999999455e-02 -1.058098933006691895e-02 -2.328041652394399232e-03 9.999413097211564683e-01 5.046868299999999863e+00
9.999440557896015491e-01 -3.034591089290973056e-04 1.057323051916524842e-02 -2.743920000000000040e-02 2.733322380237899053e-04 9.999958994424074099e-01 2.850681998784842901e-03 -7.926519999999999400e-02 -1.057405222844375742e-02 -2.847632514870379085e-03 9.999400384065688652e-01 5.148216699999999868e+00
9.999461086548205868e-01 -3.117107669374648195e-03 9.902697908107509564e-03 -2.686070000000000124e-02 3.088001712668652764e-03 9.999908716031452593e-01 2.953126445715369922e-03 -8.060820000000000485e-02 -9.911812725443643404e-03 -2.922387749658448847e-03 9.999466063837290086e-01 5.249065400000000103e+00
9.999532890708037192e-01 -5.878003637384246645e-03 7.672597325595205929e-03 -2.640100000000000086e-02 5.849439086332224903e-03 9.999758976501599284e-01 3.740077690675043705e-03 -8.223049999999999804e-02 -7.694396588240170164e-03 -3.695022597480820958e-03 9.999635708710328252e-01 5.349710899999999825e+00
9.999560653597069360e-01 -7.876666174497878870e-03 5.081877636166709858e-03 -2.592360000000000150e-02 7.857934864900568278e-03 9.999622977239520649e-01 3.695401235745740271e-03 -8.360679999999999501e-02 -5.110793479728025293e-03 -3.655305816165316506e-03 9.999802590698467775e-01 5.450401799999999852e+00
9.999674458396692334e-01 -7.387809045936504122e-03 3.244616832372680410e-03 -2.604619999999999852e-02 7.378857043733060526e-03 9.999689603511572322e-01 2.762390803984199079e-03 -8.508889999999999509e-02 -3.264924136375660108e-03 -2.738359312903301899e-03 9.999909207881125806e-01 5.550287700000000157e+00
9.998879145476985419e-01 -1.493869571955133181e-02 9.968508680397428125e-04 -2.582459999999999964e-02 1.493886616626266713e-02 9.998883955026340864e-01 -1.637584643144606995e-04 -8.682120000000000115e-02 -9.942932771297718648e-04 1.786319310782883123e-04 9.999994897356260237e-01 5.651421100000000308e+00
9.995680244526135017e-01 -2.934785698003504820e-02 -1.570917750457640925e-03 -2.526429999999999995e-02 2.935330742856006106e-02 9.995627346079251074e-01 3.566921099627060315e-03 -8.837889999999999635e-02 1.465549352200645620e-03 -3.611491908606729879e-03 9.999924046168001679e-01 5.752960200000000413e+00
9.994870557503299224e-01 -3.194175471836652874e-02 -2.312940346976959625e-03 -2.534660000000000038e-02 3.193559780635153028e-02 9.994864112191482741e-01 -2.651675134422503549e-03 -9.026549999999999851e-02 2.396451603500488262e-03 2.576449840239168794e-03 9.999938094438048930e-01 5.853563300000000247e+00
9.996034476833028926e-01 -2.815569842675276144e-02 -4.516921032355877331e-04 -2.630269999999999830e-02 2.815337631723196718e-02 9.995934229725540465e-01 -4.513995121054078033e-03 -9.251249999999999751e-02 5.786031409311654088e-04 4.499488428069350204e-03 9.999897098582020138e-01 5.954168799999999706e+00
9.993293280312569582e-01 -3.661245047742994058e-02 6.500820210173233671e-04 -2.651289999999999897e-02 3.661124241188624256e-02 9.993279949065466683e-01 1.782000313980760392e-03 -9.465310000000000390e-02 -7.148885608344225260e-04 -1.757004865862808046e-03 9.999982009325051324e-01 6.055318399999999990e+00
9.991265331462957366e-01 -4.178597380545734374e-02 3.211793789599728271e-04 -2.576600000000000071e-02 4.178488467888399893e-02 9.991225199299139659e-01 2.865934624323729970e-03 -9.614000000000000323e-02 -4.406534195961575129e-04 -2.850010882113421847e-03 9.999958416226216729e-01 6.157278999999999947e+00
9.993502351401065686e-01 -3.596189334283633049e-02 2.418626182815815980e-03 -2.594650000000000081e-02 3.595556369504557953e-02 9.993499774607355057e-01 2.611510788586382005e-03 -9.734160000000000035e-02 -2.510968893725740256e-03 -2.522850852873986804e-03 9.999936651093289663e-01 6.258303200000000288e+00
9.995529253096382405e-01 -2.958582137353600594e-02 4.316095295291330278e-03 -2.669260000000000035e-02 2.958756285595229296e-02 9.995621343379043067e-01 -3.401795089819267251e-04 -9.893649999999999667e-02 -4.304140935179513391e-03 4.677301641749934472e-04 9.999906277557323309e-01 6.359614800000000123e+00
9.996508905669654332e-01 -2.608316715693480975e-02 4.214899730278406573e-03 -2.638280000000000139e-02 2.608027442500503862e-02 9.996595780235739692e-01 7.398321744771566271e-04 -1.007505000000000067e-01 -4.232762052056754029e-03 -6.296481504466436546e-04 9.999908435923887673e-01 6.461590799999999746e+00
9.998009806249501530e-01 -1.970141628180197349e-02 3.139002688632096336e-03 -2.663890000000000008e-02 1.971571985280954828e-02 9.997950769661050341e-01 -4.592871109195148689e-03 -1.026355999999999935e-01 -3.047873369026822109e-03 4.653844736483597928e-03 9.999845259788249230e-01 6.563267200000000301e+00
9.999471181798131880e-01 -9.686467043753482428e-03 3.454446424122450173e-03 -2.757269999999999860e-02 9.702820407921189036e-03 9.999416490086260323e-01 -4.749089811885772762e-03 -1.045897999999999967e-01 -3.408242951798297424e-03 4.782356544634334787e-03 9.999827563242585926e-01 6.665485399999999672e+00
9.999708170527277229e-01 -6.376187493188877932e-03 4.208239055948989268e-03 -2.813840000000000091e-02 6.378918157964294337e-03 9.999794523807910007e-01 -6.357824686768113282e-04 -1.065370000000000067e-01 -4.204098718430160711e-03 6.626079271975987084e-04 9.999909432113376351e-01 6.767453699999999905e+00
9.999250393134253567e-01 -1.215010419247243741e-02 1.513513183554045629e-03 -2.789329999999999934e-02 1.214944070330504187e-02 9.999260929978406320e-01 4.468027200362396662e-04 -1.082218000000000069e-01 -1.518830023933840897e-03 -4.283808887203220672e-04 9.999987548218109978e-01 6.870804299999999643e+00
9.999436509673941265e-01 -1.047062421719057584e-02 -1.749548084682624053e-03 -2.862369999999999845e-02 1.045651772866579635e-02 9.999142293123703951e-01 -7.886396872995780211e-03 -1.104340999999999934e-01 1.831973522825125619e-03 7.867658301596604925e-03 9.999673713806170872e-01 6.974552199999999758e+00
9.999975089966074426e-01 -3.288921623335133932e-04 -2.207675366863609892e-03 -3.098340000000000122e-02 3.191058581315418200e-04 9.999901288585741899e-01 -4.431744223607585187e-03 -1.134855000000000030e-01 2.209111140528452304e-03 4.431028701975271364e-03 9.999877428311864103e-01 7.131859799999999971e+00
9.999962580982137972e-01 -2.199657877321611887e-03 -1.626436224732009028e-03 -3.228980000000000045e-02 2.197937504036047776e-03 9.999970240146319744e-01 -1.058788273399618226e-03 -1.162003999999999954e-01 1.628760356447601617e-03 1.055209506341625407e-03 9.999981168345263294e-01 7.290079099999999812e+00
9.999697687419769609e-01 -7.613019681455716892e-03 -1.582255809589795019e-03 -3.219650000000000289e-02 7.612465421425958917e-03 9.999709613865209734e-01 -3.560251741546497338e-04 -1.181824999999999959e-01 1.584920289732848252e-03 3.439695434273945139e-04 9.999986848554494046e-01 7.396281199999999778e+00
9.998876876545195191e-01 -1.496220733358200917e-02 -8.628027612732279113e-04 -3.218870000000000064e-02 1.496413220512226964e-02 9.998854557106351404e-01 2.269406460509003180e-03 -1.198765999999999998e-01 8.287486021577697469e-04 -2.282062672733211652e-03 9.999970526785126879e-01 7.502093300000000298e+00
9.998706684002528489e-01 -1.607485145895255763e-02 -4.956040801317398601e-04 -3.217409999999999715e-02 1.607368934604959387e-02 9.998682425257214845e-01 -2.265855099483621640e-03 -1.213077000000000044e-01 5.319620647416088569e-04 2.257595866796137732e-03 9.999973101350142501e-01 7.608391300000000079e+00
9.999988697602230081e-01 6.667914076624674967e-04 1.347541277743873099e-03 -3.358450000000000324e-02 -6.567992462744793366e-04 9.999723891652646524e-01 -7.401994451674100313e-03 -1.234494000000000008e-01 -1.352439657304295830e-03 7.401101021549995503e-03 9.999716969047884874e-01 7.714311099999999755e+00
9.999513016796454101e-01 9.268740025698312540e-03 3.388912438961599709e-03 -3.456100000000000144e-02 -9.263429047929500754e-03 9.999558460318240805e-01 -1.579515448821682596e-03 -1.254986999999999908e-01 -3.403402923091321079e-03 1.548045579144384423e-03 9.999930101772852575e-01 7.821570900000000215e+00
9.999897775717456749e-01 4.208280478790495972e-03 1.653822064972840363e-03 -3.436970000000000303e-02 -4.206096417232046102e-03 9.999902806442728664e-01 -1.321881203930469094e-03 -1.272909999999999875e-01 -1.659368837753662273e-03 1.314911556032479596e-03 9.999977587488184660e-01 7.929707500000000131e+00
9.999963393054350780e-01 2.704889131317324887e-03 7.035990653500230651e-05 -3.436039999999999928e-02 -2.704701413646302868e-03 9.999931070783296683e-01 -2.543695361346497760e-03 -1.292037000000000047e-01 -7.723983548596625559e-05 2.543495747116044595e-03 9.999967623264548466e-01 8.038593300000000497e+00
9.999864783289279524e-01 5.199259535039712533e-03 1.042093847825033634e-04 -3.518550000000000150e-02 -5.199102071054245537e-03 9.999854212790254548e-01 -1.458275373415590746e-03 -1.311067999999999956e-01 -1.117898176829043062e-04 1.457713859867412753e-03 9.999989312860986246e-01 8.146025699999999148e+00
9.999868199467382146e-01 5.078205628219285318e-03 -7.561484029208650733e-04 -3.551159999999999733e-02 -5.080548242323619339e-03 9.999821982680469068e-01 -3.129085579176280486e-03 -1.331249999999999933e-01 7.402448021703267279e-04 3.132885986101081616e-03 9.999948185180915772e-01 8.256255100000000624e+00
9.999890723388182856e-01 4.472768480482810886e-03 -1.359979804888755998e-03 -3.592820000000000041e-02 -4.477593498816539487e-03 9.999836181232688581e-01 -3.565759604316219838e-03 -1.352397999999999934e-01 1.344008708700070902e-03 3.571810075636299656e-03 9.999927178801726324e-01 8.366789799999999389e+00
9.999871149793836400e-01 4.531673512955608496e-03 -2.287752255148188269e-03 -3.635270000000000168e-02 -4.540679786788364217e-03 9.999819015014099755e-01 -3.947011109465639080e-03 -1.373897000000000035e-01 2.269824284567116979e-03 3.957348202568250657e-03 9.999895935923136525e-01 8.477905299999999755e+00
9.999833711973099559e-01 5.062848968902852916e-03 -2.761320188068313794e-03 -3.737929999999999725e-02 -5.074286794883285830e-03 9.999785101658082986e-01 -4.151002299891522196e-03 -1.398214999999999875e-01 2.740244950041402505e-03 4.164945004260071221e-03 9.999875720681358215e-01 8.588499099999999942e+00
9.999832993854146368e-01 4.808512846833305765e-03 -3.206112047616308143e-03 -3.829130000000000034e-02 -4.823021609468881865e-03 9.999780946051615160e-01 -4.533075378273305166e-03 -1.417499000000000120e-01 3.184244465273917621e-03 4.548462820816559331e-03 9.999845859177795004e-01 8.700506199999999524e+00
9.999925820978023960e-01 1.478771745289240731e-03 -3.556540945227280523e-03 -3.861629999999999924e-02 -1.494815153837340035e-03 9.999887011974246676e-01 -4.512538658391095948e-03 -1.440349999999999964e-01 3.549827745905734938e-03 4.517821556120834268e-03 9.999834938694545095e-01 8.813260100000000818e+00
9.999941972219618114e-01 2.110570482241493735e-04 -3.400143721460048823e-03 -3.985419999999999935e-02 -2.221417565991902000e-04 9.999946614379208176e-01 -3.260022806367914722e-03 -1.466755999999999893e-01 3.399437518791058235e-03 3.260759203078144805e-03 9.999889055754445089e-01 8.925591499999999456e+00
9.999947351927426231e-01 1.209588203517593559e-03 -3.011060141276845122e-03 -4.083760000000000168e-02 -1.222802903258509918e-03 9.999896129599058492e-01 -4.390754531683979146e-03 -1.489212000000000036e-01 3.005717860388365786e-03 4.394413348290294834e-03 9.999858272953012772e-01 9.038475000000000037e+00
9.999947345731250437e-01 2.462115800561745765e-03 -2.113956435158864406e-03 -4.153249999999999997e-02 -2.465475992341530521e-03 9.999956992045618831e-01 -1.588395577502240731e-03 -1.510922000000000098e-01 2.110036529615760565e-03 1.593599122761218956e-03 9.999965040877291100e-01 9.151590300000000511e+00
9.999960377423292579e-01 2.694938197214524246e-03 -8.135156759859463703e-04 -4.239860000000000156e-02 -2.697051649038868446e-03 9.999929618302648704e-01 -2.608103206671675504e-03 -1.533393999999999868e-01 8.064812733705995461e-04 2.610286966490175508e-03 9.999962679879901284e-01 9.264336600000000033e+00
9.999952301491338291e-01 3.071020811443240552e-03 -3.294087985410296343e-04 -4.282129999999999964e-02 -3.072162068944226873e-03 9.999890789867874608e-01 -3.521892584766340810e-03 -1.555612000000000106e-01 3.185893956397033806e-04 3.522887783079999002e-03 9.999937438616628427e-01 9.377821000000000851e+00
9.999944212378190089e-01 3.290016763679379057e-03 -5.773066206286838397e-04 -4.353569999999999662e-02 -3.291170733279596278e-03 9.999925651217386191e-01 -2.009451778418299642e-03 -1.578733999999999971e-01 5.706911983874384366e-04 2.011340582818655232e-03 9.999978144079195719e-01 9.491127000000000535e+00
9.999899720975460315e-01 4.451968274707222839e-03 -4.854717603513618025e-04 -4.448049999999999921e-02 -4.452806162411785534e-03 9.999885746147650911e-01 -1.738722867629791417e-03 -1.601120000000000043e-01 4.777254746042833614e-04 1.740867143532649633e-03 9.999983705786522625e-01 9.604768800000000439e+00
9.999810077267115016e-01 6.159970640986025398e-03 -1.973513939252735465e-04 -4.545649999999999691e-02 -6.160364559401963758e-03 9.999788992202461868e-01 -2.061800853605018618e-03 -1.615929000000000115e-01 1.846465969312093849e-04 2.062977451852626622e-03 9.999978550125331322e-01 9.718063400000000129e+00
9.999970040240144797e-01 2.390225734402026767e-03 -5.279809974381041672e-04 -4.577080000000000037e-02 -2.390570417760354369e-03 9.999969292667149068e-01 -6.531693643506589035e-04 -1.640955000000000052e-01 5.264181539256874770e-04 6.544295832245439551e-04 9.999996473028617272e-01 9.833380699999999308e+00
9.999950896411444745e-01 -2.835955552275234905e-03 -1.333435302126383159e-03 -4.603899999999999659e-02 2.835237485783243926e-03 9.999958348563984245e-01 -5.400909682048814090e-04 -1.660735000000000128e-01 1.334961422156880810e-03 5.363077104109575726e-04 9.999989651254850287e-01 9.947716700000000856e+00
9.999864971023656457e-01 -5.196174573419127737e-03 7.336718020635617558e-05 -4.786289999999999989e-02 5.196190472939709801e-03 9.999864759030048234e-01 -2.182101237498138761e-04 -1.678986000000000089e-01 -7.223233008480338521e-05 2.185884071236648333e-04 9.999999735007990553e-01 1.006180860000000088e+01
9.999652993295272685e-01 -8.295660516601457632e-03 7.629897786146479580e-04 -4.825720000000000010e-02 8.294994494480905853e-03 9.999652157605821712e-01 8.719720344700347290e-04 -1.698830000000000062e-01 -7.701968225734489269e-04 -8.656127804428514908e-04 9.999993287554591603e-01 1.017606160000000060e+01
9.999857414714333759e-01 -4.285844780957707816e-03 3.185653518718343114e-03 -4.901420000000000082e-02 4.287724213806957084e-03 9.999906375050132690e-01 -5.833724227752278826e-04 -1.729050000000000031e-01 -3.183123449399738718e-03 5.970233084718806543e-04 9.999947556303858676e-01 1.034837249999999997e+01
9.999894560616870987e-01 -2.330083186166196762e-03 3.957079452910625302e-03 -4.863619999999999749e-02 2.333104140432581703e-03 9.999969902782933628e-01 -7.589857868496875095e-04 -1.751957000000000098e-01 -3.955299043182223216e-03 7.682100626059770081e-04 9.999918826984440789e-01 1.046443179999999984e+01
9.999781484364909101e-01 -1.114287339564063112e-03 6.516211572089627459e-03 -4.977469999999999811e-02 1.126499430393255530e-03 9.999976156642499392e-01 -1.870739118216883500e-03 -1.769079000000000068e-01 -6.514111494338364027e-03 1.878038748266513697e-03 9.999770193968956500e-01 1.058005619999999958e+01
9.999649830251753357e-01 -1.955882148706874872e-03 8.136783669318407852e-03 -4.936070000000000041e-02 1.971281703638587575e-03 9.999962804130364535e-01 -1.884995633041212969e-03 -1.796639999999999904e-01 -8.133066574534889709e-03 1.900969518970378790e-03 9.999651191631546698e-01 1.069468780000000052e+01
9.999590818677475124e-01 -3.009185167922949142e-03 8.531084036418097247e-03 -4.877829999999999666e-02 3.020351595583907825e-03 9.999945984886335903e-01 -1.296329354581419709e-03 -1.803439000000000014e-01 -8.527137060604155980e-03 1.322043184486902277e-03 9.999627693746242496e-01 1.075283720000000010e+01
9.999488998698725650e-01 -4.365542306780843818e-03 9.118096807960683614e-03 -4.837790000000000146e-02 4.393935252087302276e-03 9.999855533244412786e-01 -3.096203386654290679e-03 -1.828306000000000098e-01 -9.104448474899547866e-03 3.136109497254774454e-03 9.999536358427770777e-01 1.086751369999999994e+01
9.999503988556068812e-01 -5.612336870498358180e-03 8.228092328400249053e-03 -4.799339999999999856e-02 5.657880670102108031e-03 9.999687454173387113e-01 -5.522370396535018766e-03 -1.851345000000000074e-01 -8.196841759819403425e-03 5.568650045180260216e-03 9.999508997555024425e-01 1.098233130000000024e+01
9.999524556080586768e-01 -6.377955175454278099e-03 7.376192187921496238e-03 -4.777490000000000209e-02 6.421437413607510546e-03 9.999620572263557827e-01 -5.886361284979388722e-03 -1.861724999999999908e-01 -7.338369366308826122e-03 5.933447177996827027e-03 9.999554702783666205e-01 1.104116250000000043e+01
9.999674358446494216e-01 -5.722236929271714602e-03 5.690628682513880141e-03 -4.751179999999999987e-02 5.758410956763896672e-03 9.999631895658193104e-01 -6.360834584110507464e-03 -1.889820000000000111e-01 -5.654021005443128980e-03 6.393396427461213102e-03 9.999635776010000754e-01 1.115692810000000001e+01
9.999713506142944297e-01 -5.449558634348673596e-03 5.253595084758642605e-03 -4.767500000000000210e-02 5.480714880344714039e-03 9.999673716828425540e-01 -5.934419441541809864e-03 -1.900668000000000080e-01 -5.221083702084499539e-03 5.963042880826633849e-03 9.999685907090167802e-01 1.121452140000000064e+01
9.999751842150685910e-01 -6.186922412393928115e-03 3.369413168902477430e-03 -4.749910000000000243e-02 6.202566776707696926e-03 9.999699404432985661e-01 -4.652566518217634943e-03 -1.923500999999999961e-01 -3.340526817769561615e-03 4.673350071305975607e-03 9.999835002037237297e-01 1.132939819999999997e+01
9.999893582611378839e-01 -3.121727836261060755e-03 3.396789630502568876e-03 -4.736730000000000107e-02 3.133446480924560393e-03 9.999891391635172821e-01 -3.450082340880936908e-03 -1.940514000000000128e-01 -3.385982520444904675e-03 3.460689284519752242e-03 9.999882793073363585e-01 1.144519810000000071e+01
9.999876121836940301e-01 -3.000838969700456681e-03 3.971201912755335448e-03 -4.702680000000000055e-02 3.015132505467347894e-03 9.999889808396372759e-01 -3.598218347752254326e-03 -1.951968000000000036e-01 -3.960360479605198880e-03 3.610147473657255961e-03 9.999856410869558676e-01 1.150277230000000017e+01
9.999708748027592575e-01 -6.203304065319475286e-03 4.446185429952185901e-03 -4.668169999999999958e-02 6.224171585363136999e-03 9.999696079432001117e-01 -4.694984344884506507e-03 -1.974694999999999923e-01 -4.416925885758821689e-03 4.722521423555783686e-03 9.999790940600327138e-01 1.161816119999999941e+01
9.999586609758026601e-01 -7.693067283877937264e-03 4.846963507746115257e-03 -4.651279999999999998e-02 7.727873477070957946e-03 9.999441917879485775e-01 -7.203699123969485758e-03 -1.980700999999999989e-01 -4.791274465325359722e-03 7.240858050812932177e-03 9.999623061214286679e-01 1.167675400000000074e+01
9.999687968282343631e-01 -7.403899555144769808e-03 2.754567347265375176e-03 -4.672339999999999827e-02 7.427841724099521793e-03 9.999338184194351831e-01 -8.785553394624738902e-03 -2.012365000000000126e-01 -2.689337690774398163e-03 8.805739747766971534e-03 9.999576123067814848e-01 1.179382039999999954e+01
9.999873494582910416e-01 -5.026100508826319112e-03 1.980834596629486486e-04 -4.720989999999999909e-02 5.027036222726100935e-03 9.999746305390146972e-01 -5.046502271521894831e-03 -2.035386999999999891e-01 -1.727142067576575173e-04 5.047434203261272345e-03 9.999872467075600069e-01 1.191121769999999991e+01
9.999770075929603763e-01 -6.712304672555977590e-03 9.639768728201342706e-04 -4.738980000000000276e-02 6.714012211601480366e-03 9.999758780001825054e-01 -1.779173343581801894e-03 -2.053733000000000086e-01 -9.520112662227728879e-04 1.785604588599907843e-03 9.999979526433052657e-01 1.203115840000000070e+01
9.999706253791550425e-01 -7.600474874079719487e-03 9.905354663441998716e-04 -4.727039999999999714e-02 7.603397198810915233e-03 9.999666514734534273e-01 -2.980652949610221054e-03 -2.064451999999999954e-01 -9.678480555940411918e-04 2.988096828650080392e-03 9.999950672615760539e-01 1.209060000000000024e+01
9.999614064156691073e-01 -8.571798286669048139e-03 1.926123913379077738e-03 -4.785280000000000089e-02 8.577219883595971206e-03 9.999592263020772309e-01 -2.824364073478617069e-03 -2.088112000000000024e-01 -1.901835499058498243e-03 2.840775859473670863e-03 9.999941564900520774e-01 1.220881939999999943e+01
9.999598187595609700e-01 -8.674296324614782713e-03 2.262178069624541914e-03 -4.767400000000000110e-02 8.680314879865582908e-03 9.999587756867943655e-01 -2.664406229105019917e-03 -2.100965999999999945e-01 -2.238972963726866636e-03 2.683935587916368506e-03 9.999938917262582994e-01 1.226841259999999956e+01
9.999720191925689505e-01 -6.414433230931839390e-03 3.849139938015160890e-03 -4.852080000000000282e-02 6.430647845427875549e-03 9.999704396509608850e-01 -4.215043600253398116e-03 -2.125084999999999891e-01 -3.821989040355800761e-03 4.239678123379254059e-03 9.999837086318884571e-01 1.238643740000000015e+01
9.999580781867855039e-01 -7.946679540150842352e-03 4.548862855341503225e-03 -4.853869999999999713e-02 7.955945496611941531e-03 9.999663055949087331e-01 -2.022524690714576183e-03 -2.138329999999999953e-01 -4.532637228534600049e-03 2.058630407760929718e-03 9.999876085435253081e-01 1.244560339999999954e+01
9.999411723179914002e-01 -9.820584766324734829e-03 4.605216408433718787e-03 -4.827200000000000241e-02 9.831512021690561390e-03 9.999488935535293388e-01 -2.356194482576180228e-03 -2.163197000000000036e-01 -4.581841844545768948e-03 2.401332113598411873e-03 9.999866200751846845e-01 1.256364630000000027e+01
9.999727032451898312e-01 -6.195780098323790640e-03 4.025552568390182093e-03 -4.793220000000000119e-02 6.214900385421838307e-03 9.999693834053574593e-01 -4.754709781736968753e-03 -2.187063999999999953e-01 -3.995970183439992093e-03 4.779598401798686690e-03 9.999805936424019936e-01 1.268246940000000045e+01
9.999829560760268299e-01 -4.656181812247137293e-03 3.522432168560725961e-03 -4.809440000000000243e-02 4.683307968138664991e-03 9.999591380439402100e-01 -7.732326227966555658e-03 -2.199629999999999919e-01 -3.486285118343211524e-03 7.748691073428439803e-03 9.999639011497976071e-01 1.274112509999999965e+01
