1.000000000000000000e+00 0.000000000000000000e+00 0.000000000000000000e+00 0.000000000000000000e+00 0.000000000000000000e+00 1.000000000000000000e+00 0.000000000000000000e+00 0.000000000000000000e+00 0.000000000000000000e+00 0.000000000000000000e+00 1.000000000000000000e+00 0.000000000000000000e+00
9.999998182831846272e-01 -5.455802987921019994e-04 -2.564678053175242236e-04 -2.190000000000000106e-04 5.460192363807677340e-04 9.999983811246417886e-01 1.714529407487661895e-03 -8.580999999999999869e-04 2.555319766616891077e-04 -1.714669132284053765e-03 9.999984973054587556e-01 5.192709999999999687e-02
9.999986902115899357e-01 -1.492234679214590656e-03 -6.267461740556055060e-04 -3.152000000000000179e-04 1.493363025817096880e-03 9.999972582054482695e-01 1.803731814621232273e-03 -1.647299999999999980e-03 6.240528644805797259e-04 -1.804665411677113408e-03 9.999981768687251638e-01 1.040843000000000046e-01
9.999948895543376848e-01 -3.139190946146344901e-03 -6.052647449121303490e-04 -5.433999999999999811e-04 3.139601077159490713e-03 9.999948416984315580e-01 6.778507247780523768e-04 -2.374699999999999988e-03 6.031337199159853869e-04 -6.797475505038490717e-04 9.999995870864064607e-01 1.559648999999999897e-01
9.999936759367999972e-01 -3.521820518281307787e-03 -4.948400178178229266e-04 -7.261000000000000310e-04 3.522168308880904361e-03 9.999935495266856211e-01 7.037296527000290588e-04 -3.165900000000000138e-03 4.923584163352912524e-04 -7.054681120979537515e-04 9.999996299488977947e-01 2.083347999999999867e-01
9.999916517732280186e-01 -4.041950329912716820e-03 -5.991839297536711737e-04 -6.828999999999999567e-04 4.042830917383602972e-03 9.999907387358745181e-01 1.475791534559654089e-03 -3.906699999999999930e-03 5.932133044730421431e-04 -1.478201613633662714e-03 9.999987315081779737e-01 2.606110999999999844e-01
9.999845215223188699e-01 -5.536392390459001292e-03 -5.523360189750692968e-04 -7.324000000000000215e-04 5.537953403027182780e-03 9.999805587165980780e-01 2.865878738921503500e-03 -4.830799999999999678e-03 5.364586516118479949e-04 -2.868893190617304023e-03 9.999957408229177558e-01 3.134477999999999986e-01
9.999876576278711182e-01 -4.904777940990891899e-03 -7.923037757343391304e-04 -9.636999999999999516e-04 4.907179742640169207e-03 9.999832825598042874e-01 3.058461687181087373e-03 -5.324599999999999646e-03 7.772894550266998227e-04 -3.062311915547103261e-03 9.999950090209624998e-01 3.661338000000000092e-01
9.999910853906291974e-01 -4.081100825044198591e-03 -1.083399892590886267e-03 -1.182000000000000108e-03 4.082479061116205815e-03 9.999908563874437828e-01 1.272991053526535427e-03 -6.129500000000000400e-03 1.078194781563204113e-03 -1.277402662684878291e-03 9.999986028682491535e-01 4.188281999999999838e-01
9.999987312403432194e-01 -1.159687779715087592e-03 -1.092081479240436786e-03 -1.701400000000000048e-03 1.158711213868388046e-03 9.999989286884964912e-01 -8.944328829401786704e-04 -6.969600000000000274e-03 1.093117572165106313e-03 8.931663410633672523e-04 9.999990036734339727e-01 4.715027999999999997e-01
9.999973327110055488e-01 2.170145691177362800e-03 -7.905937980579151331e-04 -2.165900000000000117e-03 -2.171449893075089350e-03 9.999962769479635583e-01 -1.652542154857207903e-03 -7.958399999999999155e-03 7.870045973992129996e-04 1.654254481867964118e-03 9.999983220315286081e-01 5.245007999999999893e-01
9.999893646382747026e-01 4.541215708583301765e-03 -8.049659793277529410e-04 -2.446100000000000097e-03 -4.542755742677464549e-03 9.999878350000400706e-01 -1.921775792084200228e-03 -8.759499999999999925e-03 7.962289885012586652e-04 1.925412117128747500e-03 9.999978294014327806e-01 5.777151000000000369e-01
9.999842608545813638e-01 5.543488705067825366e-03 -8.647404774567552486e-04 -2.547600000000000125e-03 -5.544465931796432705e-03 9.999839888270389832e-01 -1.131807004549114639e-03 -9.598100000000000034e-03 8.584524726013697139e-04 1.136583714991188472e-03 9.999989856178911340e-01 6.311830000000000496e-01
9.999953778230615820e-01 3.011187865387486302e-03 -4.208089254035640540e-04 -2.755099999999999910e-03 -3.010402680403969407e-03 9.999937496250127511e-01 1.854234777215815321e-03 -1.062369999999999981e-02 4.263897444507140731e-04 -1.852959402297617037e-03 9.999981923649858828e-01 6.844200000000000284e-01
9.999989632090392488e-01 -1.427440168115451120e-03 -1.897245710424926718e-04 -2.851300000000000189e-03 1.428153947143451057e-03 9.999916959487542556e-01 3.816858634727271840e-03 -1.154059999999999982e-02 1.842746582287041587e-04 -3.817125633337745301e-03 9.999926977707135345e-01 7.380191999999999863e-01
9.999915901595990420e-01 -4.040444954056043175e-03 -7.031462507260709607e-04 -2.802799999999999823e-03 4.041535554043209494e-03 9.999906214776104196e-01 1.556581892483685069e-03 -1.226030000000000002e-02 6.968503728001546223e-04 -1.559410592450399726e-03 9.999985413180172422e-01 7.916992000000000473e-01
9.999880611898932514e-01 -4.818669177179278444e-03 -8.111134565305179499e-04 -2.931099999999999851e-03 4.818101030031301212e-03 9.999881472113053560e-01 -7.009560365770655700e-04 -1.291899999999999993e-02 8.144815178221220245e-04 6.970396414156697015e-04 9.999994253776326447e-01 8.451644999999999852e-01
9.999974556384798596e-01 -2.249788299535548236e-03 -1.648307430788371831e-04 -3.393300000000000136e-03 2.249405957926504072e-03 9.999948613217984894e-01 -2.284185376349162112e-03 -1.393439999999999956e-02 1.699688296003713328e-04 2.283808793300254499e-03 9.999973776605580733e-01 8.988705000000000167e-01
9.999988189441644248e-01 8.155700042581983398e-04 1.302672577575472203e-03 -4.242199999999999790e-03 -8.196275090942105454e-04 9.999948054268075204e-01 3.117263246454551971e-03 -1.531979999999999974e-02 -1.300123464348237196e-03 -3.118327271072527437e-03 9.999942928407181686e-01 1.007424099999999934e+00
9.999862233352070362e-01 -5.048131193740654568e-03 1.438579591185555097e-03 -4.555000000000000021e-03 5.043420991369035322e-03 9.999819704843837531e-01 3.259234706626227759e-03 -1.666530000000000095e-02 -1.455006698682592692e-03 -3.251934442734252632e-03 9.999936539188070128e-01 1.115738700000000083e+00
9.999791012683265645e-01 -6.128580765893574048e-03 2.058524808152018340e-03 -4.680600000000000038e-03 6.131352973518000224e-03 9.999803011079410053e-01 -1.343095970410967607e-03 -1.839920000000000097e-02 -2.050252985363012342e-03 1.355689443612193620e-03 9.999969792798518720e-01 1.225006199999999934e+00
9.999939198821558017e-01 -2.165682056209322724e-03 2.733133723760826882e-03 -4.767099999999999810e-03 2.177101792711806216e-03 9.999888845617117550e-01 -4.182221994079419330e-03 -2.016750000000000140e-02 -2.724045980653924844e-03 4.188146876006566127e-03 9.999875194217376917e-01 1.335110800000000042e+00
9.999964400477869830e-01 -3.556501284462303754e-04 2.644504630184109101e-03 -4.932100000000000026e-03 3.631485125159376079e-04 9.999959139677820907e-01 -2.835519511159840470e-03 -2.186849999999999905e-02 -2.643485371774634187e-03 2.836469764768674486e-03 9.999924831839301920e-01 1.445363600000000082e+00
9.999927768242921067e-01 2.926075131438311827e-03 2.425774838441254692e-03 -5.538799999999999973e-03 -2.924713808961200770e-03 9.999955636573205631e-01 -5.645483270572798076e-04 -2.431660000000000071e-02 -2.427415987693105296e-03 5.574495520580981375e-04 9.999968984460000376e-01 1.556089899999999915e+00
9.999689375778491041e-01 7.454709309645355698e-03 2.559528967676054888e-03 -5.998599999999999766e-03 -7.453574698023042282e-03 9.999721193261316143e-01 -4.525424020197621033e-04 -2.631709999999999952e-02 -2.562831178340996274e-03 4.334507046043021422e-04 9.999966220027135533e-01 1.667828899999999948e+00
9.999735814925883037e-01 6.964443764209745681e-03 2.081547487078375894e-03 -6.350399999999999968e-03 -6.963463410353139087e-03 9.999756406213951010e-01 -4.778505655401706705e-04 -2.832799999999999901e-02 -2.084824745266454765e-03 4.633431616782804764e-04 9.999977194068474518e-01 1.778720300000000032e+00
9.999843878190682878e-01 5.583043866339076206e-03 2.318174058190341049e-04 -6.367300000000000217e-03 -5.582911621910498223e-03 9.999842545390797977e-01 -5.672492773693800982e-04 -3.029739999999999864e-02 -2.349807333458325766e-04 5.659462052819201573e-04 9.999998122444561099e-01 1.890668299999999968e+00
9.999800281457810192e-01 6.071154098626858030e-03 -1.756245277212674068e-03 -6.866299999999999661e-03 -6.071185358987295395e-03 9.999815701066024909e-01 -1.246879045417428661e-05 -3.205439999999999678e-02 1.756137209851164503e-03 2.313103204311321823e-05 9.999984577223384186e-01 2.003354499999999927e+00
9.999750086779422009e-01 5.975115398743555128e-03 -3.778890779207524486e-03 -7.684800000000000311e-03 -5.971208592596947626e-03 9.999816268956905896e-01 1.044288749188219912e-03 -3.374850000000000072e-02 3.785061095039073554e-03 -1.021698105940478099e-03 9.999923146932115925e-01 2.115890299999999780e+00
9.999793775824097342e-01 3.303957928624606192e-03 -5.507111030489109799e-03 -8.323999999999999802e-03 -3.292404404782154920e-03 9.999923630726776924e-01 2.105675558416267214e-03 -3.557919999999999833e-02 5.514026036538754658e-03 -2.087500497681185705e-03 9.999826187782168141e-01 2.230170199999999880e+00
9.999819731285124469e-01 -7.694967053756449852e-04 -5.954938524229202480e-03 -9.461900000000000518e-03 7.812955481529243029e-04 9.999977360081290234e-01 1.979281658268739266e-03 -3.745459999999999762e-02 5.953401991581743456e-03 -1.983898544971152839e-03 9.999803103818044603e-01 2.343080500000000121e+00
9.999804224242326844e-01 -3.765836269868344088e-03 -4.997323827982176440e-03 -1.039059999999999984e-02 3.782116565236119058e-03 9.999875587929853982e-01 3.252361224174866224e-03 -3.874740000000000129e-02 4.985013795381202685e-03 -3.271198012058237990e-03 9.999822242925250348e-01 2.455498700000000145e+00
9.999670889668004214e-01 -6.695759946987624514e-03 -4.581242407399444168e-03 -1.073280000000000067e-02 6.706520242082448374e-03 9.999747791263565722e-01 2.337455333679145514e-03 -4.112450000000000133e-02 4.565475824662435823e-03 -2.368102600548167153e-03 9.999867741728226678e-01 2.568206299999999942e+00
9.999709455978466055e-01 -6.550187912564404968e-03 -3.899102263160194801e-03 -1.120200000000000015e-02 6.557710358827012823e-03 9.999766554585394207e-01 1.919628298199516124e-03 -4.197100000000000136e-02 3.886437314330270544e-03 -1.945141707848206539e-03 9.999905559697742641e-01 2.623620299999999794e+00
9.999936709287553516e-01 -2.418386564361192127e-03 -2.609503565315826265e-03 -1.240190000000000042e-02 2.426799525886587199e-03 9.999918529296623060e-01 3.225634567287566108e-03 -4.384470000000000034e-02 2.601681474207665976e-03 -3.231946894031688822e-03 9.999913928493489035e-01 2.733507400000000143e+00
9.999970660185165672e-01 1.639158265068967144e-03 -1.783567924327060647e-03 -1.267320000000000078e-02 -1.631231318071602824e-03 9.999888266737346765e-01 4.436847087130848383e-03 -4.483469999999999817e-02 1.790820690514443409e-03 -4.433924657647579301e-03 9.999885665713307281e-01 2.788176800000000011e+00
9.999514870110117748e-01 9.845362067224222580e-03 -3.040891836439678256e-04 -1.394100000000000027e-02 -9.843953605780369348e-03 9.999421724297572478e-01 4.329939244943192996e-03 -4.620819999999999789e-02 3.467014185008897450e-04 -4.326735746832471689e-03 9.999905795335790604e-01 2.899020199999999825e+00
9.998890486583986714e-01 1.487754927557950919e-02 7.408782322876254853e-04 -1.447960000000000046e-02 -1.487998274501849648e-02 9.998835226597192483e-01 3.395177034921572669e-03 -4.752780000000000199e-02 -6.902800231252952286e-04 -3.405824590787173527e-03 9.999939619179439854e-01 3.009149100000000132e+00
9.998808109182281134e-01 1.538335309757212638e-02 1.310116400142922110e-03 -1.505910000000000061e-02 -1.538807781240906711e-02 9.998748391258014401e-01 3.676022904160359140e-03 -4.830399999999999971e-02 -1.253402866499517135e-03 -3.695744935474552361e-03 9.999923851963204990e-01 3.063758400000000215e+00
9.999155282033189707e-01 1.295117656464530795e-02 1.097033941624406131e-03 -1.523309999999999942e-02 -1.295385679611705046e-02 9.999130387715723378e-01 2.472344778917475675e-03 -4.991620000000000085e-02 -1.064918768444776545e-03 -2.486346756092267744e-03 9.999963420072220943e-01 3.172651099999999946e+00
9.999249518108805912e-01 1.224254612081347726e-02 4.591410327733855008e-04 -1.586109999999999950e-02 -1.224377048412322172e-02 9.999212164547338633e-01 2.766038325360903761e-03 -5.208030000000000298e-02 -4.252415082448779632e-04 -2.771452356618671429e-03 9.999960691030213011e-01 3.280721400000000010e+00
9.999250238061313523e-01 1.223106214369580266e-02 -5.898178910568524025e-04 -1.666269999999999904e-02 -1.222966255493895121e-02 9.999225215062884642e-01 2.320848615971927899e-03 -5.331729999999999803e-02 6.181586365031523219e-04 -2.313461333799666456e-03 9.999971328841683604e-01 3.389148699999999792e+00
9.999518354866312464e-01 9.364439466439115206e-03 -2.938363557563176444e-03 -1.725930000000000172e-02 -9.351288781898860897e-03 9.999463393510598097e-01 4.457781570752527775e-03 -5.550279999999999797e-02 2.979950508741775576e-03 -4.430089377699487907e-03 9.999857469999614556e-01 3.497198599999999935e+00
9.999682552304788308e-01 6.872012936390553897e-03 -4.032861206889152075e-03 -1.795170000000000099e-02 -6.851835027966169875e-03 9.999640453223875847e-01 4.996040355678142524e-03 -5.631540000000000157e-02 4.067049060619552445e-03 -4.968249257848244595e-03 9.999793875931894949e-01 3.551017799999999891e+00
9.999782375160474190e-01 3.257200903371559441e-03 -5.737171478575768535e-03 -1.775149999999999992e-02 -3.230346259795216415e-03 9.999838129372980999e-01 4.683879420386229467e-03 -5.801810000000000300e-02 5.752334946900678966e-03 -4.665244437107887027e-03 9.999725726923718305e-01 3.657810700000000192e+00
9.999768106710252846e-01 2.743737281446781678e-03 -6.232978897356327395e-03 -1.900179999999999925e-02 -2.721022226194889666e-03 9.999896370972038984e-01 3.649895374801692075e-03 -5.960429999999999895e-02 6.242928659615108213e-03 -3.632850662062012386e-03 9.999739137786635146e-01 3.764970299999999881e+00
9.999779958895194110e-01 2.880610618281196234e-03 -5.975769343447127208e-03 -2.023629999999999873e-02 -2.868154387447766508e-03 9.999936986350896895e-01 2.091980048474300323e-03 -6.099580000000000279e-02 5.981757867884742244e-03 -2.074794587253406958e-03 9.999799566992484401e-01 3.871115899999999943e+00
9.999741549490621662e-01 4.338810415794657621e-03 -5.732726932691586778e-03 -2.135130000000000014e-02 -4.317518935932627630e-03 9.999837557430327761e-01 3.721193396789434452e-03 -6.237920000000000270e-02 5.748779361471345779e-03 -3.696346065270118397e-03 9.999766440080583019e-01 3.976606799999999886e+00
9.999724318975942161e-01 5.054515365886354077e-03 -5.439422692464189468e-03 -2.238899999999999918e-02 -5.032194074555873010e-03 9.999788942689361582e-01 4.109505988761011711e-03 -6.450369999999999715e-02 5.460079450638094176e-03 -4.082020466837053829e-03 9.999767620506493371e-01 4.081052299999999633e+00
9.999759869590207906e-01 3.940511089341489775e-03 -5.700690983282012680e-03 -2.324089999999999837e-02 -3.936241281754047222e-03 9.999919641515718771e-01 7.600242450446523072e-04 -6.634489999999999832e-02 5.703640057359102983e-03 -7.375666993683931052e-04 9.999834621059789930e-01 4.185526399999999647e+00
9.999872821495232600e-01 -7.668016689951481302e-04 -4.984732130238167871e-03 -2.429069999999999840e-02 7.867902812072658002e-04 9.999916534280046676e-01 4.009243741518007595e-03 -6.803869999999999363e-02 4.981616230020160380e-03 -4.013114691350070859e-03 9.999795389957790714e-01 4.290803399999999712e+00
9.999911224947132249e-01 -2.718853930383647970e-03 -3.219124891757072122e-03 -2.530460000000000001e-02 2.726730068228766513e-03 9.999932938893469903e-01 2.444814812864627620e-03 -6.910729999999999651e-02 3.212456209586324676e-03 -2.453570793643938732e-03 9.999918300243567648e-01 4.394613299999999612e+00
9.999988508581590940e-01 4.722936591758929463e-04 -1.440562758370862468e-03 -2.610689999999999886e-02 -4.745058064546558334e-04 9.999987082981739439e-01 -1.535658237736712119e-03 -7.113189999999999791e-02 1.439835615944972964e-03 1.536340028440986950e-03 9.999977832639010966e-01 4.497746000000000244e+00
9.999849622782601699e-01 5.288985115152908430e-03 1.449777154657818637e-03 -2.704470000000000138e-02 -5.288975546472131882e-03 9.999860132165854232e-01 -1.043397186634547401e-05 -7.273799999999999710e-02 -1.449812062060650214e-03 2.765979044360759878e-06 9.999989490181147023e-01 4.601057499999999578e+00
9.999852915989551061e-01 4.478863617523414810e-03 3.058817818784097947e-03 -2.746120000000000158e-02 -4.487893856962187587e-03 9.999855729044112573e-01 2.951743851552873082e-03 -7.442250000000000254e-02 -3.045553230782069125e-03 -2.965428085819009872e-03 9.999909653800810316e-01 4.704470599999999614e+00
9.999647384281417084e-01 6.471834746450466636e-03 5.351378827258153857e-03 -2.755780000000000035e-02 -6.482444571281463508e-03 9.999770528279455784e-01 1.967671191157063532e-03 -7.597850000000000437e-02 -5.338521585462955611e-03 -2.002291824605593237e-03 9.999837453752589145e-01 4.807133199999999995e+00
9.999304697244202345e-01 9.002675058406421973e-03 7.616269329070850594e-03 -2.736250000000000140e-02 -9.007412240979098886e-03 9.999592596144468715e-01 5.879081971405451497e-04 -7.743360000000000520e-02 -7.610666292858878079e-03 -6.564701973068488459e-04 9.999708229770800649e-01 4.909966899999999690e+00
9.999080911825052320e-01 9.372434566479697152e-03 9.796257349405410042e-03 -2.728979999999999947e-02 -9.366333460356026860e-03 9.999559114848258767e-01 -6.684938746600497216e-04 -7.896240000000000203e-02 -9.802090862062955157e-03 5.766774211805327736e-04 9.999517920669394044e-01 5.012924199999999608e+00
9.999013841553159310e-01 8.065119787701391027e-03 1.149677376890621480e-02 -2.656340000000000090e-02 -8.084076649829788005e-03 9.999660378820866002e-01 1.603367431666122408e-03 -8.114609999999999879e-02 -1.148345196371976587e-02 -1.696150114606100002e-03 9.999326244331593339e-01 5.115881400000000134e+00
9.999174868635575253e-01 5.232175224823629699e-03 1.173216974323026789e-02 -2.553559999999999858e-02 -5.256403208662447334e-03 9.999841139551143288e-01 2.035205815864937241e-03 -8.281059999999999810e-02 -1.172133481200793477e-02 -2.096706899332652016e-03 9.999291045521192522e-01 5.219353199999999582e+00
9.999355830063586525e-01 2.671987604799077806e-03 1.103133355371587430e-02 -2.494220000000000118e-02 -2.694323129796716114e-03 9.999943495015528594e-01 2.010370074981566134e-03 -8.418950000000000045e-02 -1.102589953726135046e-02 -2.039962550131508255e-03 9.999371320699058652e-01 5.322492099999999837e+00
9.999619415734821715e-01 -2.117975721330433395e-04 8.721843060972764988e-03 -2.416859999999999842e-02 1.885982645256098305e-04 9.999964426919526472e-01 2.660645435739981534e-03 -8.577719999999999789e-02 -8.722375552933852444e-03 -2.658899251296411356e-03 9.999584243454749943e-01 5.425802199999999686e+00
9.999789906250957650e-01 -1.948407378162390598e-03 6.182395741419819887e-03 -2.350450000000000109e-02 1.930768423707316652e-03 9.999940525939308156e-01 2.857780618038736811e-03 -8.744409999999999683e-02 -6.187927093043221749e-03 -2.845783803373941757e-03 9.999768052674200547e-01 5.529099900000000289e+00
9.999890936327832103e-01 -1.878256889040212565e-03 4.276069052717276255e-03 -2.360220000000000026e-02 1.871331455391507439e-03 9.999969319823128755e-01 1.623004789170841029e-03 -8.883510000000000018e-02 -4.279104353587997144e-03 -1.614985145560839629e-03 9.999895404897547468e-01 5.632168300000000016e+00
9.999560348312399594e-01 -9.103715614980542256e-03 2.247391062013551471e-03 -2.354689999999999908e-02 9.106481099562446432e-03 9.999577867804444464e-01 -1.223380210080031536e-03 -9.063880000000000547e-02 -2.236158886879659798e-03 1.243792248192189531e-03 9.999967262817793801e-01 5.735349199999999925e+00
9.997197317516606230e-01 -2.367147936131318992e-02 -3.449800495678449937e-04 -2.299640000000000017e-02 2.367235396022032007e-02 9.997158463491933045e-01 2.801109833320511097e-03 -9.264680000000000137e-02 2.785756086190868588e-04 -2.808491261016704543e-03 9.999960173783029038e-01 5.839024499999999840e+00
9.996511552530602529e-01 -2.638337652222804905e-02 -1.218706079576834878e-03 -2.284189999999999832e-02 2.637914648277404558e-02 9.996463442674062838e-01 -3.365564388118857508e-03 -9.473600000000000076e-02 1.307070029646987793e-03 3.332241902468970323e-03 9.999935938454010964e-01 5.942373800000000372e+00
9.997420795728459986e-01 -2.270689949950536676e-02 4.135776597181676150e-04 -2.361469999999999889e-02 2.270880405608177374e-02 9.997275205274837040e-01 -5.403232209721416449e-03 -9.706499999999999850e-02 -2.907743175369685530e-04 5.411230459798386377e-03 9.999853169098070760e-01 6.045749200000000378e+00
9.995087002211342497e-01 -3.131109672507766811e-02 1.404779033068216448e-03 -2.347919999999999868e-02 3.130960368642934227e-02 9.995091587400614097e-01 1.072525866191767138e-03 -9.935360000000000025e-02 -1.437671470694168062e-03 -1.028015859678507813e-03 9.999984381408476564e-01 6.149336299999999866e+00
9.993408190978769756e-01 -3.628191150718716729e-02 1.245063118476039555e-03 -2.276560000000000042e-02 3.627928746047649755e-02 9.993395479056189634e-01 2.069128597539069813e-03 -1.009289000000000019e-01 -1.319312754604708149e-03 -2.022594664701905885e-03 9.999970842580881980e-01 6.253935799999999823e+00
9.995272961250917243e-01 -3.059729982448321228e-02 2.998256879240982897e-03 -2.267200000000000118e-02 3.059184358576699791e-02 9.995302496638746037e-01 1.849084340004331518e-03 -1.022702999999999945e-01 -3.053425435016038619e-03 -1.756488065192089200e-03 9.999937956521478544e-01 6.357940700000000334e+00
9.996988696037532041e-01 -2.400357613474073809e-02 5.098867101787175025e-03 -2.348700000000000093e-02 2.401079489107721399e-02 9.997107752131968450e-01 -1.359283387554456601e-03 -1.037703999999999988e-01 -5.064764720754870962e-03 1.481301918167224081e-03 9.999860768545483225e-01 6.461640400000000284e+00
9.997835261020605602e-01 -2.017598475463982730e-02 5.082378784661380385e-03 -2.334690000000000029e-02 2.017903071485340968e-02 9.997962320367315137e-01 -5.487481780987599677e-04 -1.056403999999999954e-01 -5.070271623812415245e-03 6.511868660418611591e-04 9.999869340653037009e-01 6.566129700000000291e+00
9.998841556885456061e-01 -1.465846482000768801e-02 4.099342889407543884e-03 -2.373559999999999906e-02 1.468097248927790859e-02 9.998770168867648911e-01 -5.515446345792335107e-03 -1.077835000000000043e-01 -4.017990763230348643e-03 5.574989752891552734e-03 9.999763873409620585e-01 6.670258500000000090e+00
9.999800927501285575e-01 -4.505278869265973152e-03 4.417755737277121938e-03 -2.448480000000000101e-02 4.529841385241392335e-03 9.999742508703968191e-01 -5.565800320989303801e-03 -1.101301999999999975e-01 -4.392566501335381721e-03 5.585701253980186048e-03 9.999747523317938924e-01 6.774227100000000057e+00
9.999853297538842112e-01 -7.462431901906403132e-04 5.365016133876169060e-03 -2.521019999999999858e-02 7.553508698242407480e-04 9.999982768870114835e-01 -1.695779487842241336e-03 -1.120682999999999957e-01 -5.363741425452317468e-03 1.699807079943140660e-03 9.999841703416169070e-01 6.878798999999999886e+00
9.999732686152948968e-01 -7.303571794904490343e-03 3.462569565733293630e-04 -2.463680000000000037e-02 7.305092437226336742e-03 9.999626672918665582e-01 -4.615154062366860592e-03 -1.150759999999999977e-01 -3.125369208243889926e-04 4.617560131982947728e-03 9.999892901722001737e-01 7.038678599999999896e+00
9.999969603787244310e-01 -1.393657488604892409e-03 -2.033949880443144346e-03 -2.549989999999999896e-02 1.374710739944313845e-03 9.999559289489157177e-01 -9.287105592838689958e-03 -1.176584999999999992e-01 2.046803286390984095e-03 9.284281270809787920e-03 9.999548053375169054e-01 7.145636099999999935e+00
9.999886845014462899e-01 4.479067006459346717e-03 -1.602756319172862287e-03 -2.667129999999999848e-02 -4.487277279286076490e-03 9.999766386935154960e-01 -5.156201105188742279e-03 -1.198256000000000043e-01 1.579623906442349833e-03 5.163334772217850754e-03 9.999854222749170463e-01 7.251990799999999737e+00
9.999875723237726666e-01 4.835858913973527240e-03 -1.212298053941694102e-03 -2.739379999999999940e-02 -4.838505140732493257e-03 9.999858974394186806e-01 -2.189472603969293881e-03 -1.219443999999999945e-01 1.201692976826140239e-03 2.195311104278759810e-03 9.999968682666685593e-01 7.359809399999999613e+00
9.999988710595247854e-01 5.819385440534775595e-04 -1.385361760276292977e-03 -2.771380000000000024e-02 -5.836609301376925133e-04 9.999990569015538844e-01 -1.243195849985190629e-03 -1.236580000000000040e-01 1.384636990160855721e-03 1.244003028024656850e-03 9.999982676169352214e-01 7.467362900000000359e+00
9.999896706589161965e-01 -4.525465212523959585e-03 -4.227766344356923825e-04 -2.828730000000000133e-02 4.525311276283604245e-03 9.999896943476161981e-01 -3.643575357208716841e-04 -1.255185000000000051e-01 4.244211647994876628e-04 3.624405762764476829e-04 9.999998442517396002e-01 7.575373599999999819e+00
9.999348893835908747e-01 -1.140558133555394718e-02 3.601497244477753525e-04 -2.833870000000000139e-02 1.140524531370285671e-02 9.999345333100790878e-01 9.216687521023224231e-04 -1.270203000000000026e-01 -3.706383145539813434e-04 -9.175011457247585775e-04 9.999995104093237774e-01 7.683587600000000073e+00
9.999961154509856565e-01 -2.694148535936131354e-03 7.145954136708187890e-04 -2.876859999999999834e-02 2.700196727061485429e-03 9.999593533040811444e-01 -8.602364635314349237e-03 -1.287899000000000127e-01 -6.913903196405134450e-04 8.604260767204450003e-03 9.999627436440198247e-01 7.792542000000000080e+00
9.998898336214118165e-01 1.447994258938683707e-02 3.263722284963642677e-03 -3.002890000000000073e-02 -1.446316761897107478e-02 9.998823652062773792e-01 -5.106126900692320968e-03 -1.311771999999999938e-01 -3.337274782042031710e-03 5.058360614713860136e-03 9.999816376238718219e-01 7.901773000000000380e+00
9.998994888459332708e-01 1.374377625156888300e-02 3.481496802850692334e-03 -3.014500000000000166e-02 -1.373511231843693031e-02 9.999025426684656770e-01 -2.500370919917562287e-03 -1.331637999999999988e-01 -3.515522043931817910e-03 2.452300855127372697e-03 9.999908136204425091e-01 8.012190800000000834e+00
9.999624377744538162e-01 8.613816045484393863e-03 9.618800892710782950e-04 -2.954460000000000072e-02 -8.610801897232418095e-03 9.999581367595224979e-01 -3.094966738200681348e-03 -1.351314999999999877e-01 -9.884992960033441196e-04 3.086567925464397955e-03 9.999947479699997643e-01 8.122337299999999871e+00
9.999508119686136842e-01 9.915122771411634395e-03 2.529500701446285452e-04 -3.007850000000000107e-02 -9.914205936942664665e-03 9.999450744823317194e-01 -3.399491015409837179e-03 -1.373851000000000100e-01 -2.866425475091809345e-04 3.396816002051895964e-03 9.999941897216694242e-01 8.232981699999999847e+00
9.999439808565335763e-01 1.058461382023666991e-02 -3.315214843961797558e-05 -3.069730000000000028e-02 -1.058466570423986092e-02 9.999393236487470471e-01 -3.051863826559665909e-03 -1.395201000000000080e-01 8.473368521306656102e-07 3.052043768170736599e-03 9.999953425032135357e-01 8.344862900000000749e+00
9.999531220365316386e-01 9.665412037599832931e-03 -5.775288190309293447e-04 -3.109140000000000167e-02 -9.667911581121407458e-03 9.999431640903814200e-01 -4.494449307325402293e-03 -1.415899999999999936e-01 5.340552902177635262e-04 4.499822114252902822e-03 9.999897331402393119e-01 8.455722800000000206e+00
9.999504605440968641e-01 9.848283392460450633e-03 -1.444912409238407070e-03 -3.137729999999999686e-02 -9.855017511796812166e-03 9.999402514326701796e-01 -4.729925433937488648e-03 -1.438858000000000081e-01 1.398244431693415266e-03 4.743930753101086202e-03 9.999877699419723598e-01 8.568048499999999734e+00
9.999370476216359327e-01 1.110061224495159822e-02 -1.636215607259093379e-03 -3.281089999999999701e-02 -1.110896300923050646e-02 9.999248444377897282e-01 -5.186175558294247104e-03 -1.463124000000000091e-01 1.578522912648363087e-03 5.204025734864406449e-03 9.999852130814560480e-01 8.679835300000000586e+00
9.999281640788767467e-01 1.169795743772342363e-02 -2.612369352158570336e-03 -3.323249999999999815e-02 -1.171312123420960825e-02 9.999141881584286962e-01 -5.866780243302468709e-03 -1.481230000000000047e-01 2.543515834350968188e-03 5.896957796670029839e-03 9.999793779953387585e-01 8.792869599999999508e+00
9.999582486125858649e-01 8.665505431804450265e-03 -2.900008148490424310e-03 -3.379610000000000253e-02 -8.682636814212416759e-03 9.999446159407465728e-01 -5.947845749962584437e-03 -1.507113999999999954e-01 2.848306444613456830e-03 5.972777136661997117e-03 9.999781063021696559e-01 8.905864700000000411e+00
9.999752798981480506e-01 6.562504678775237660e-03 -2.524504894295815684e-03 -3.451420000000000182e-02 -6.574973945017843074e-03 9.999660680222246523e-01 -4.963116137438474719e-03 -1.533486000000000016e-01 2.491848759978603986e-03 4.979592002606119013e-03 9.999844970564517599e-01 9.019408200000000875e+00
9.999750665400792826e-01 6.525853094218202546e-03 -2.698062185442640613e-03 -3.522759999999999780e-02 -6.539225623304618928e-03 9.999662304721842476e-01 -4.977594147559948751e-03 -1.558522999999999992e-01 2.665488024987004365e-03 4.995113276292085375e-03 9.999839718800224153e-01 9.132064800000000204e+00
9.999609954175865401e-01 8.617037188649282961e-03 -1.937605109074354379e-03 -3.622550000000000076e-02 -8.626738415593264778e-03 9.999500095284277190e-01 -5.055475092025417047e-03 -1.581690000000000040e-01 1.893945030406957945e-03 5.071993117759252337e-03 9.999853438216157464e-01 9.245581599999999511e+00
9.999690361474010691e-01 7.783741655596985824e-03 -1.157632185405706865e-03 -3.636679999999999774e-02 -7.786526729648214455e-03 9.999667535612335456e-01 -2.421110013158684834e-03 -1.604995999999999923e-01 1.138748403395934469e-03 2.430048980219873776e-03 9.999963990505303935e-01 9.359374000000000748e+00
9.999653204838941933e-01 8.324953642722647193e-03 2.301660038003530359e-04 -3.733000000000000207e-02 -8.323645038243178765e-03 9.999518477822550988e-01 -5.197985199194893671e-03 -1.630947000000000091e-01 -2.734279066156765445e-04 5.195889115467955052e-03 9.999864638951266871e-01 9.472393000000000285e+00
9.999698831964147772e-01 7.746741081248074805e-03 4.697901326603797379e-04 -3.831169999999999715e-02 -7.745119838973759351e-03 9.999643616627628129e-01 -3.359839737734572965e-03 -1.657966999999999913e-01 -4.958011986439194883e-04 3.356099969224491872e-03 9.999942453705260581e-01 9.587244000000000099e+00
9.999662072293958870e-01 8.220814685325917442e-03 5.104083211675697487e-05 -3.894489999999999758e-02 -8.220627739741605960e-03 9.999618343448828384e-01 -2.958231428031223281e-03 -1.681074999999999930e-01 -7.535795647611325432e-05 2.957711873514823429e-03 9.999956231212473456e-01 9.701190000000000424e+00
9.999426917710697582e-01 1.070464203422374569e-02 -1.543131443538361199e-04 -3.922520000000000173e-02 -1.070503048626544190e-02 9.999388189174528430e-01 -2.785811238684746463e-03 -1.702506000000000019e-01 1.244825912235756628e-04 2.787303515691262785e-03 9.999961077140229193e-01 9.815240899999999158e+00
9.999625922343141626e-01 8.640286071414921346e-03 -3.994854625039440934e-04 -3.995499999999999746e-02 -8.641142667491994930e-03 9.999602561976239645e-01 -2.194693277468844073e-03 -1.723340999999999901e-01 3.805068076763282355e-04 2.198063189772054074e-03 9.999975118632961069e-01 9.929985999999999535e+00
9.999889747675650975e-01 4.694633367736504581e-03 1.037345483769272074e-04 -4.075970000000000287e-02 -4.694540284887766673e-03 9.999885933403293015e-01 -8.800458755245204852e-04 -1.742805000000000049e-01 -1.078648578446140925e-04 8.795491867978993917e-04 9.999996073791230788e-01 1.004509829999999937e+01
9.999988896925917636e-01 1.441287799298651652e-03 -3.785539108057574265e-04 -4.126029999999999975e-02 -1.442308761906272883e-03 9.999952858458448501e-01 -2.710725276094507266e-03 -1.762759999999999883e-01 3.746451909765803091e-04 2.711268257978560574e-03 9.999962543256920577e-01 1.016101459999999967e+01
9.999956775739778925e-01 -2.871330133016255625e-03 6.326899936047734093e-04 -4.166290000000000271e-02 2.870663335027950989e-03 9.999953259577607501e-01 1.052309198201489913e-03 -1.781919999999999893e-01 -6.357085634950650817e-04 -1.050488409705748090e-03 9.999992461740775385e-01 1.027591709999999914e+01
9.999895150892540441e-01 -4.444931764133998320e-03 1.101041856988183628e-03 -4.176710000000000145e-02 4.445844100120598455e-03 9.999897747595701825e-01 -8.275545550050939511e-04 -1.801299000000000095e-01 -1.097352175042376650e-03 8.324409386133239377e-04 9.999990514296939192e-01 1.039089489999999927e+01
9.999945922551178867e-01 -8.472786156725984350e-04 3.177668873232290976e-03 -4.257190000000000280e-02 8.523186088100694361e-04 9.999983805873915443e-01 -1.585047501952577395e-03 -1.818926999999999905e-01 -3.176320750422022970e-03 1.587747316733353333e-03 9.999936950025978266e-01 1.050637719999999931e+01
9.999853377059217951e-01 2.146761550381582392e-03 4.971497563039003510e-03 -4.292080000000000201e-02 -2.138021296376196954e-03 9.999961608333686192e-01 -1.762720471235911576e-03 -1.846151000000000042e-01 -4.975262617163171523e-03 1.752065458045324892e-03 9.999860884174943676e-01 1.062141420000000025e+01
9.999724426853329184e-01 3.118556232950006266e-03 6.737097071469216013e-03 -4.322739999999999916e-02 -3.100995408270999960e-03 9.999917715600989965e-01 -2.615461636634748739e-03 -1.865593000000000112e-01 -6.745198099859825262e-03 2.594497854451726683e-03 9.999738851007444751e-01 1.073784919999999943e+01
9.999617299977409113e-01 2.417617053158245977e-03 8.407952646718638498e-03 -4.303590000000000193e-02 -2.395532607731384444e-03 9.999936572509113830e-01 -2.635693736388929152e-03 -1.892226999999999937e-01 -8.414271415308647792e-03 2.615451343654207495e-03 9.999611789718730881e-01 1.085375600000000063e+01
9.999568584432964036e-01 2.457199312385860098e-04 9.285519583125012577e-03 -4.218779999999999752e-02 -2.318748024233258879e-04 9.999988599466964612e-01 -1.492092283834783569e-03 -1.912664000000000031e-01 -9.285875633951123226e-03 1.489874834632178664e-03 9.999557754154370093e-01 1.096883009999999992e+01
9.999559246610529861e-01 -1.207092082689034110e-04 9.387979790436618358e-03 -4.198890000000000261e-02 1.612870386963999553e-04 9.999906484877656432e-01 -4.321680634801327442e-03 -1.920416000000000067e-01 -9.387370331980933111e-03 4.323004314722269162e-03 9.999465930298203631e-01 1.102690699999999957e+01
9.999624279286304374e-01 -4.410297851787465194e-04 8.657264221862331910e-03 -4.190470000000000306e-02 4.997559203405598947e-04 9.999768739655130467e-01 -6.782461071067742014e-03 -1.944532999999999956e-01 -8.654072746322218068e-03 6.786532759005146562e-03 9.999395231702826736e-01 1.114265819999999962e+01
9.999750394503406081e-01 -2.198649199200934396e-03 6.714642059603353336e-03 -4.138460000000000055e-02 2.247693221243308222e-03 9.999707901704117941e-01 -7.305250245228461781e-03 -1.972229000000000065e-01 -6.698384243451413478e-03 7.320160357607387314e-03 9.999507722387468434e-01 1.125959869999999974e+01
9.999801880004259846e-01 -1.781487792023171875e-03 6.037375910075969652e-03 -4.137760000000000049e-02 1.827268492823831605e-03 9.999695573907062540e-01 -7.585867233881746045e-03 -1.985892999999999964e-01 -6.023677986730911239e-03 7.596748849463155588e-03 9.999530012507739096e-01 1.131890010000000046e+01
9.999883466965170387e-01 -1.939372291425167823e-03 4.421007383132547625e-03 -4.099760000000000210e-02 1.969393743261968303e-03 9.999749647197357927e-01 -6.796427153079093522e-03 -2.013185000000000113e-01 -4.407715899472289603e-03 6.805054656530135429e-03 9.999671310956531611e-01 1.143412969999999973e+01
9.999961598847393329e-01 -1.245629301485753080e-03 2.475605666935208529e-03 -4.063030000000000114e-02 1.255962980471624036e-03 9.999904873996083854e-01 -4.177040493628228490e-03 -2.035050999999999943e-01 -2.470379073455415773e-03 4.180133722383200939e-03 9.999882117851672803e-01 1.155173779999999972e+01
9.999917337661329286e-01 -3.211123979030796509e-04 4.053305593160365546e-03 -4.060769999999999658e-02 3.388846709903956412e-04 9.999903296828501764e-01 -4.384711845090059901e-03 -2.056279000000000023e-01 -4.051858411075083023e-03 4.386049203168870120e-03 9.999821723489894509e-01 1.167043879999999945e+01
9.999834252120775036e-01 -3.632610271984118913e-03 4.466927773473246266e-03 -4.044179999999999997e-02 3.658927697757668671e-03 9.999759148345306325e-01 -5.897626551937203837e-03 -2.082395999999999969e-01 -4.445396407985788279e-03 5.913872965782102434e-03 9.999726319041538636e-01 1.178858660000000036e+01
9.999765746559811097e-01 -4.957537232190379478e-03 4.719424104953488450e-03 -4.012729999999999769e-02 4.994726750826872577e-03 9.999563109308273745e-01 -7.901198282222516092e-03 -2.094927000000000039e-01 -4.680047433044275465e-03 7.924585427760101261e-03 9.999576481540718431e-01 1.184869480000000053e+01
9.999740015760072431e-01 -5.775468574959361119e-03 4.317422241016077335e-03 -3.999910000000000271e-02 5.812348875151546017e-03 9.999463069895849765e-01 -8.579028991930292072e-03 -2.111576000000000009e-01 -4.267642513272165532e-03 8.603900315003238167e-03 9.999538789998009269e-01 1.190898040000000080e+01
9.999920946524007981e-01 -3.974986068045993984e-03 1.005905697465079722e-04 -4.029039999999999705e-02 3.975720634694238434e-03 9.999529350743089351e-01 -8.849931169778788367e-03 -2.140558999999999934e-01 -6.540748235578094721e-05 8.850261128000460817e-03 9.999608335329076558e-01 1.202928640000000016e+01
9.999962182028421243e-01 -2.743339925986681884e-03 -1.940774698799216391e-04 -4.082820000000000199e-02 2.742234230638988021e-03 9.999811981057092902e-01 -5.484850635573722440e-03 -2.155608999999999997e-01 2.091206305924915847e-04 5.484297687099876951e-03 9.999849392603076259e-01 1.208982939999999928e+01
9.999877995599474323e-01 -4.919555843871403246e-03 4.457595241514172553e-04 -4.090479999999999811e-02 4.920409355240099210e-03 9.999860239139325424e-01 -1.934308295157715143e-03 -2.176315000000000055e-01 -4.362373565006503074e-04 1.936478015078138982e-03 9.999980298729922445e-01 1.221143340000000066e+01
9.999854017035209042e-01 -5.370757464332945666e-03 5.927428677762760188e-04 -4.098670000000000091e-02 5.372787463123005619e-03 9.999795180727859556e-01 -3.478015209119128363e-03 -2.186488000000000043e-01 -5.740511511145615208e-04 3.481149117470790262e-03 9.999937760136800025e-01 1.227192780000000027e+01
9.999752850966342477e-01 -6.928917135849877069e-03 1.191345134574523955e-03 -4.117989999999999845e-02 6.932580773898219632e-03 9.999711670795499163e-01 -3.099085893645410830e-03 -2.212080999999999908e-01 -1.169837475261079800e-03 3.107268396412055794e-03 9.999944881665069341e-01 1.239200499999999927e+01
9.999854061541165740e-01 -4.950669613134671930e-03 2.162949182976963390e-03 -4.157349999999999934e-02 4.959672216227583620e-03 9.999789775995243657e-01 -4.176842170536628276e-03 -2.237017000000000033e-01 -2.142225546980494957e-03 4.187508733313635018e-03 9.999889377589705752e-01 1.251307199999999931e+01
9.999857753264831395e-01 -4.479905091579914830e-03 2.894753022739084396e-03 -4.158959999999999740e-02 4.493239674707993903e-03 9.999792491427195174e-01 -4.616500968090631908e-03 -2.250790000000000013e-01 -2.874011467940014528e-03 4.629442119001822391e-03 9.999851540516733195e-01 1.257270429999999983e+01
9.999705341198869002e-01 -6.586890085056711433e-03 3.942558940005146291e-03 -4.183209999999999706e-02 6.593807041932069068e-03 9.999767397918567502e-01 -1.744013745031644004e-03 -2.276048999999999989e-01 -3.930979608418232706e-03 1.769958829033555642e-03 9.999907072793534635e-01 1.269268229999999953e+01
9.999594010207680794e-01 -8.163177986711647044e-03 3.815604191200904719e-03 -4.183270000000000044e-02 8.173839636957235671e-03 9.999627097059987646e-01 -2.787031220784111189e-03 -2.290715999999999863e-01 -3.792710874289039521e-03 2.818106206938437650e-03 9.999888367485061380e-01 1.275244140000000037e+01
