1.000000e+00 1.197625e-11 1.704638e-10 -5.551115e-17 1.197625e-11 1.000000e+00 3.562503e-10 0.000000e+00 1.704638e-10 3.562503e-10 1.000000e+00 2.220446e-16
9.999996e-01 -9.035185e-04 -2.101169e-04 1.289128e-03 9.037964e-04 9.999987e-01 1.325646e-03 -1.821616e-02 2.089193e-04 -1.325834e-03 9.999991e-01 1.310643e+00
9.999985e-01 -1.646347e-03 -5.538205e-04 4.448326e-04 1.647375e-03 9.999969e-01 1.859719e-03 -4.203318e-02 5.507574e-04 -1.860627e-03 9.999981e-01 2.625299e+00
9.999939e-01 -3.413454e-03 -7.312197e-04 2.037581e-03 3.413847e-03 9.999940e-01 5.361920e-04 -6.302801e-02 7.293855e-04 -5.386841e-04 9.999996e-01 3.941730e+00
9.999932e-01 -3.635348e-03 -6.434003e-04 2.777892e-03 3.635872e-03 9.999930e-01 8.141188e-04 -8.483761e-02 6.404366e-04 -8.164517e-04 9.999995e-01 5.261017e+00
9.999922e-01 -3.925219e-03 -5.162240e-04 4.157928e-03 3.926062e-03 9.999909e-01 1.640787e-03 -1.014678e-01 5.097792e-04 -1.642800e-03 9.999985e-01 6.581638e+00
9.999848e-01 -5.504052e-03 -4.169862e-04 7.571022e-03 5.505158e-03 9.999812e-01 2.694454e-03 -1.165874e-01 4.021483e-04 -2.696707e-03 9.999963e-01 7.908775e+00
9.999864e-01 -5.184552e-03 -5.975596e-04 8.323818e-03 5.186662e-03 9.999801e-01 3.583038e-03 -1.328035e-01 5.789716e-04 -3.586087e-03 9.999934e-01 9.238962e+00
9.999889e-01 -4.630870e-03 -8.604706e-04 7.728339e-03 4.632472e-03 9.999875e-01 1.867105e-03 -1.497649e-01 8.518139e-04 -1.871070e-03 9.999979e-01 1.056963e+01
9.999977e-01 -1.900807e-03 -9.601046e-04 6.780918e-03 1.900055e-03 9.999979e-01 -7.842219e-04 -1.634547e-01 9.615936e-04 7.823964e-04 9.999992e-01 1.190426e+01
9.999986e-01 1.543588e-03 -6.218670e-04 3.419395e-03 -1.544659e-03 9.999973e-01 -1.724973e-03 -1.767480e-01 6.192031e-04 1.725931e-03 9.999983e-01 1.324208e+01
9.999920e-01 3.962554e-03 -5.304797e-04 -1.862182e-03 -3.963388e-03 9.999909e-01 -1.579139e-03 -1.959202e-01 5.242178e-04 1.581229e-03 9.999986e-01 1.458048e+01
9.999865e-01 5.189813e-03 -3.869434e-04 -5.851755e-03 -5.190150e-03 9.999861e-01 -8.728856e-04 -2.177602e-01 3.824083e-04 8.748826e-04 9.999996e-01 1.593066e+01
9.999955e-01 2.993090e-03 2.876761e-05 -4.267715e-03 -2.993137e-03 9.999939e-01 1.769063e-03 -2.364140e-01 -2.347214e-05 -1.769141e-03 9.999984e-01 1.728222e+01
9.999996e-01 -8.993856e-04 2.524904e-04 4.827890e-04 8.983692e-04 9.999916e-01 3.998216e-03 -2.537475e-01 -2.560839e-04 -3.997986e-03 9.999920e-01 1.863469e+01
9.999934e-01 -3.638641e-03 -3.959215e-05 5.006086e-03 3.638708e-03 9.999917e-01 1.831392e-03 -2.699101e-01 3.292839e-05 -1.831523e-03 9.999983e-01 1.998670e+01
9.999959e-01 -2.848774e-03 4.262615e-04 -7.654745e-04 2.849650e-03 9.999938e-01 -2.066802e-03 -3.222297e-01 -4.203707e-04 2.068008e-03 9.999978e-01 2.270575e+01
9.999992e-01 1.424853e-04 1.245425e-03 -7.369324e-03 -1.415313e-04 9.999997e-01 -7.660729e-04 -3.468119e-01 -1.245534e-03 7.658967e-04 9.999989e-01 2.407210e+01
9.999966e-01 -1.050891e-03 2.369238e-03 -5.061181e-03 1.037930e-03 9.999845e-01 5.465290e-03 -3.871399e-01 -2.374945e-03 -5.462811e-03 9.999823e-01 2.682030e+01
9.999804e-01 -5.933229e-03 1.984892e-03 5.281593e-03 5.930623e-03 9.999815e-01 1.317193e-03 -4.328977e-01 -1.992671e-03 -1.305395e-03 9.999972e-01 2.957012e+01
9.999909e-01 -2.864263e-03 3.173275e-03 6.827076e-03 2.868672e-03 9.999949e-01 -1.385713e-03 -4.850133e-01 -3.169290e-03 1.394804e-03 9.999940e-01 3.233531e+01
9.999934e-01 -1.021449e-03 3.498427e-03 1.017340e-02 1.035312e-03 9.999916e-01 -3.963092e-03 -5.431160e-01 -3.494350e-03 3.966688e-03 9.999860e-01 3.511083e+01
9.999955e-01 -1.889567e-04 2.986144e-03 1.511478e-02 1.891381e-04 1.000000e+00 -6.045352e-05 -5.999006e-01 -2.986132e-03 6.101873e-05 9.999955e-01 3.790589e+01
9.999824e-01 5.051551e-03 3.101410e-03 1.942949e-02 -5.049835e-03 9.999871e-01 -5.613031e-04 -6.437120e-01 -3.104205e-03 5.456323e-04 9.999950e-01 4.070437e+01
9.999615e-01 8.308311e-03 2.843621e-03 2.134431e-02 -8.308996e-03 9.999654e-01 2.285387e-04 -6.941320e-01 -2.841624e-03 -2.521567e-04 9.999959e-01 4.351858e+01
9.999779e-01 6.426238e-03 1.720933e-03 3.086036e-02 -6.424858e-03 9.999790e-01 -8.074730e-04 -7.390250e-01 -1.726085e-03 7.963989e-04 9.999982e-01 4.634127e+01
9.999819e-01 6.010565e-03 -2.411952e-04 3.359221e-02 -6.010374e-03 9.999816e-01 7.926521e-04 -7.839856e-01 2.459554e-04 -7.911873e-04 9.999997e-01 4.917963e+01
9.999749e-01 6.638251e-03 -2.479480e-03 2.895795e-02 -6.636601e-03 9.999777e-01 6.739965e-04 -8.265408e-01 2.483900e-03 -6.575234e-04 9.999967e-01 5.202831e+01
9.999753e-01 5.497092e-03 -4.387406e-03 2.082938e-02 -5.484306e-03 9.999807e-01 2.921095e-03 -8.668316e-01 4.403379e-03 -2.896960e-03 9.999861e-01 5.488464e+01
9.999825e-01 1.719377e-03 -5.654443e-03 1.322910e-02 -1.705846e-03 9.999956e-01 2.396848e-03 -9.072442e-01 5.658540e-03 -2.387160e-03 9.999812e-01 5.774550e+01
9.999856e-01 -8.364906e-04 -5.300789e-03 6.524255e-03 8.549023e-04 9.999936e-01 3.472042e-03 -9.446035e-01 5.297852e-03 -3.476522e-03 9.999799e-01 6.060318e+01
9.999827e-01 -3.792549e-03 -4.488790e-03 -1.308243e-03 3.809033e-03 9.999860e-01 3.669129e-03 -9.878100e-01 4.474812e-03 -3.686163e-03 9.999832e-01 6.345198e+01
9.999807e-01 -5.220464e-03 -3.359595e-03 -5.953934e-03 5.228046e-03 9.999838e-01 2.251723e-03 -1.029700e+00 3.347786e-03 -2.269242e-03 9.999918e-01 6.628940e+01
9.999977e-01 -6.481361e-04 -2.068772e-03 -1.936440e-02 6.556852e-04 9.999931e-01 3.650429e-03 -1.076075e+00 2.066392e-03 -3.651776e-03 9.999912e-01 6.911593e+01
9.999777e-01 6.659933e-03 -5.287413e-04 -3.513442e-02 -6.656920e-03 9.999626e-01 5.510824e-03 -1.118231e+00 5.654236e-04 -5.507180e-03 9.999847e-01 7.193978e+01
9.998986e-01 1.421691e-02 8.503240e-04 -4.677589e-02 -1.422070e-02 9.998882e-01 4.621051e-03 -1.153311e+00 -7.845315e-04 -4.632673e-03 9.999890e-01 7.474245e+01
9.998598e-01 1.663766e-02 1.883621e-03 -5.458511e-02 -1.664595e-02 9.998514e-01 4.472345e-03 -1.197942e+00 -1.808931e-03 -4.503071e-03 9.999882e-01 7.754079e+01
9.998967e-01 1.423630e-02 1.959369e-03 -4.954250e-02 -1.424345e-02 9.998917e-01 3.684603e-03 -1.236655e+00 -1.906701e-03 -3.712129e-03 9.999913e-01 8.032545e+01
9.999076e-01 1.348987e-02 1.677215e-03 -4.883212e-02 -1.349578e-02 9.999026e-01 3.560725e-03 -1.258287e+00 -1.629018e-03 -3.583030e-03 9.999923e-01 8.171095e+01
9.999140e-01 1.308010e-02 9.085344e-04 -5.269073e-02 -1.308305e-02 9.999089e-01 3.317811e-03 -1.300031e+00 -8.650540e-04 -3.329411e-03 9.999941e-01 8.448367e+01
9.999145e-01 1.305409e-02 -7.454492e-04 -7.518042e-02 -1.305069e-02 9.999051e-01 4.397269e-03 -1.343695e+00 8.027813e-04 -4.387163e-03 9.999901e-01 8.725015e+01
9.999566e-01 8.790731e-03 -3.086647e-03 -9.813229e-02 -8.771544e-03 9.999424e-01 6.176185e-03 -1.382640e+00 3.140763e-03 -6.148840e-03 9.999762e-01 9.000634e+01
9.999761e-01 5.509752e-03 -4.188780e-03 -1.283351e-01 -5.485989e-03 9.999689e-01 5.663659e-03 -1.418059e+00 4.219856e-03 -5.640542e-03 9.999752e-01 9.274128e+01
9.999772e-01 4.941455e-03 -4.604768e-03 -1.697048e-01 -4.919521e-03 9.999765e-01 4.762664e-03 -1.456190e+00 4.628195e-03 -4.739901e-03 9.999781e-01 9.546076e+01
9.999761e-01 5.462031e-03 -4.246260e-03 -2.120314e-01 -5.447632e-03 9.999794e-01 3.395396e-03 -1.496478e+00 4.264719e-03 -3.372181e-03 9.999852e-01 9.816545e+01
9.999651e-01 7.529260e-03 -3.627207e-03 -2.485715e-01 -7.511447e-03 9.999598e-01 4.900143e-03 -1.534999e+00 3.663956e-03 -4.872725e-03 9.999814e-01 1.008603e+02
9.999597e-01 8.302254e-03 -3.413289e-03 -2.867601e-01 -8.284616e-03 9.999524e-01 5.149958e-03 -1.575247e+00 3.455884e-03 -5.121471e-03 9.999809e-01 1.035459e+02
9.999651e-01 7.633274e-03 -3.387356e-03 -3.153955e-01 -7.628806e-03 9.999700e-01 1.330447e-03 -1.613299e+00 3.397411e-03 -1.304558e-03 9.999934e-01 1.062208e+02
9.999916e-01 3.142105e-03 -2.625883e-03 -3.508131e-01 -3.129622e-03 9.999838e-01 4.744784e-03 -1.661275e+00 2.640749e-03 -4.736525e-03 9.999853e-01 1.089064e+02
9.999993e-01 6.761649e-04 -1.000188e-03 -3.943149e-01 -6.721988e-04 9.999919e-01 3.960469e-03 -1.710102e+00 1.002858e-03 -3.959792e-03 9.999917e-01 1.115766e+02
9.999895e-01 4.532670e-03 7.482827e-04 -4.219683e-01 -4.532188e-03 9.999895e-01 -6.455749e-04 -1.753986e+00 -7.512008e-04 6.421774e-04 9.999995e-01 1.142286e+02
9.999531e-01 8.996724e-03 3.596945e-03 -4.334779e-01 -9.001425e-03 9.999586e-01 1.292099e-03 -1.794230e+00 -3.585171e-03 -1.324415e-03 9.999927e-01 1.168930e+02
9.999525e-01 8.077879e-03 5.449540e-03 -4.306137e-01 -8.102033e-03 9.999574e-01 4.424713e-03 -1.825847e+00 -5.413565e-03 -4.468654e-03 9.999754e-01 1.195613e+02
9.999167e-01 1.035031e-02 7.709247e-03 -4.472932e-01 -1.037511e-02 9.999411e-01 3.183679e-03 -1.880929e+00 -7.675841e-03 -3.263396e-03 9.999652e-01 1.222684e+02
9.998641e-01 1.313728e-02 9.963119e-03 -4.622549e-01 -1.315502e-02 9.999120e-01 1.716443e-03 -1.940325e+00 -9.939693e-03 -1.847274e-03 9.999489e-01 1.249835e+02
9.998388e-01 1.339481e-02 1.195754e-02 -4.708495e-01 -1.340614e-02 9.999097e-01 8.676732e-04 -2.006026e+00 -1.194484e-02 -1.027837e-03 9.999281e-01 1.276925e+02
9.998371e-01 1.188958e-02 1.357740e-02 -4.742800e-01 -1.193361e-02 9.999238e-01 3.166744e-03 -2.073189e+00 -1.353872e-02 -3.328255e-03 9.999028e-01 1.304070e+02
9.998649e-01 8.812545e-03 1.387257e-02 -4.656937e-01 -8.863631e-03 9.999541e-01 3.625222e-03 -2.127702e+00 -1.383999e-02 -3.747692e-03 9.998972e-01 1.331097e+02
9.998996e-01 5.636614e-03 1.300499e-02 -4.661197e-01 -5.686390e-03 9.999766e-01 3.793553e-03 -2.198388e+00 -1.298330e-02 -3.867122e-03 9.999082e-01 1.358146e+02
9.999391e-01 2.791727e-03 1.067837e-02 -4.645723e-01 -2.842435e-03 9.999847e-01 4.736388e-03 -2.254854e+00 -1.066498e-02 -4.766451e-03 9.999318e-01 1.385124e+02
9.999650e-01 4.853852e-04 8.355191e-03 -4.674418e-01 -5.268857e-04 9.999875e-01 4.965534e-03 -2.314866e+00 -8.352676e-03 -4.969760e-03 9.999528e-01 1.412129e+02
9.999816e-01 -1.461826e-04 6.061113e-03 -4.747020e-01 1.219015e-04 9.999919e-01 4.006239e-03 -2.367455e+00 -6.061650e-03 -4.005425e-03 9.999736e-01 1.439099e+02
9.999656e-01 -7.298614e-03 3.947404e-03 -4.813925e-01 7.295542e-03 9.999730e-01 7.925721e-04 -2.426593e+00 -3.953082e-03 -7.637455e-04 9.999919e-01 1.466011e+02
9.997630e-01 -2.173080e-02 1.320181e-03 -4.832843e-01 2.172460e-02 9.997536e-01 4.543876e-03 -2.489366e+00 -1.418598e-03 -4.514118e-03 9.999888e-01 1.493030e+02
9.996841e-01 -2.513252e-02 3.807422e-04 -4.979854e-01 2.513320e-02 9.996823e-01 -1.884703e-03 -2.545628e+00 -3.332535e-04 1.893677e-03 9.999982e-01 1.519917e+02
9.997705e-01 -2.133187e-02 2.001939e-03 -5.203405e-01 2.133904e-02 9.997657e-01 -3.630061e-03 -2.611885e+00 -1.924034e-03 3.671947e-03 9.999914e-01 1.546843e+02
9.995597e-01 -2.951217e-02 3.081805e-03 -5.104870e-01 2.950365e-02 9.995608e-01 2.776577e-03 -2.666163e+00 -3.162394e-03 -2.684429e-03 9.999914e-01 1.573829e+02
9.993665e-01 -3.546242e-02 3.006804e-03 -4.908894e-01 3.545071e-02 9.993639e-01 3.864764e-03 -2.711383e+00 -3.141945e-03 -3.755721e-03 9.999880e-01 1.600786e+02
9.995379e-01 -2.997704e-02 5.043696e-03 -4.836516e-01 2.995749e-02 9.995435e-01 3.909706e-03 -2.760604e+00 -5.158595e-03 -3.756801e-03 9.999796e-01 1.627788e+02
9.996963e-01 -2.370307e-02 6.750227e-03 -4.687840e-01 2.369904e-02 9.997189e-01 6.776078e-04 -2.810667e+00 -6.764391e-03 -5.174273e-04 9.999770e-01 1.654807e+02
9.997748e-01 -2.006189e-02 6.919389e-03 -4.494840e-01 2.004972e-02 9.997973e-01 1.825343e-03 -2.861986e+00 -6.954607e-03 -1.686199e-03 9.999744e-01 1.682000e+02
9.998753e-01 -1.463466e-02 5.933089e-03 -4.389717e-01 1.465566e-02 9.998864e-01 -3.510450e-03 -2.914240e+00 -5.881041e-03 3.596966e-03 9.999762e-01 1.709198e+02
9.999686e-01 -5.143146e-03 6.037007e-03 -3.881120e-01 5.167231e-03 9.999787e-01 -3.980535e-03 -2.960771e+00 -6.016406e-03 4.011605e-03 9.999739e-01 1.736528e+02
9.999765e-01 -1.477610e-03 6.696021e-03 -3.588782e-01 1.474495e-03 9.999988e-01 4.701385e-04 -3.008539e+00 -6.696708e-03 -4.602534e-04 9.999775e-01 1.764086e+02
9.999673e-01 -6.892799e-03 4.231974e-03 -3.214042e-01 6.885778e-03 9.999749e-01 1.671888e-03 -3.022953e+00 -4.243392e-03 -1.642692e-03 9.999897e-01 1.791607e+02
9.999803e-01 -6.249158e-03 6.762724e-04 -3.089995e-01 6.253708e-03 9.999563e-01 -6.947885e-03 -3.062100e+00 -6.328241e-04 6.951976e-03 9.999756e-01 1.819214e+02
9.999907e-01 4.303533e-03 2.334260e-04 -3.141305e-01 -4.302714e-03 9.999849e-01 -3.405586e-03 -3.137555e+00 -2.480782e-04 3.404550e-03 9.999942e-01 1.860994e+02
9.999898e-01 4.448722e-03 7.330863e-04 -3.089327e-01 -4.448418e-03 9.999900e-01 -4.171905e-04 -3.193945e+00 -7.349346e-04 4.139258e-04 9.999997e-01 1.889003e+02
9.999997e-01 3.667254e-04 6.633030e-04 -3.030042e-01 -3.672563e-04 9.999996e-01 8.003941e-04 -3.250530e+00 -6.630089e-04 -8.006366e-04 9.999995e-01 1.917128e+02
9.999851e-01 -5.294323e-03 1.369557e-03 -2.979338e-01 5.291893e-03 9.999844e-01 1.772738e-03 -3.314135e+00 -1.378920e-03 -1.765463e-03 9.999975e-01 1.945397e+02
9.999160e-01 -1.280487e-02 1.997357e-03 -2.955048e-01 1.279759e-02 9.999115e-01 3.617325e-03 -3.384557e+00 -2.043500e-03 -3.591458e-03 9.999915e-01 1.973809e+02
9.999866e-01 -4.404760e-03 2.705777e-03 -3.150034e-01 4.421524e-03 9.999709e-01 -6.220738e-03 -3.471363e+00 -2.678297e-03 6.232618e-03 9.999770e-01 2.002242e+02
9.998989e-01 1.319129e-02 5.303121e-03 -3.485808e-01 -1.317803e-02 9.999099e-01 -2.527297e-03 -3.555576e+00 -5.335981e-03 2.457157e-03 9.999828e-01 2.030948e+02
9.999049e-01 1.262628e-02 5.556508e-03 -3.481359e-01 -1.262551e-02 9.999203e-01 -1.752367e-04 -3.604083e+00 -5.558278e-03 1.050669e-04 9.999846e-01 2.059704e+02
9.999698e-01 7.056709e-03 3.265357e-03 -3.421980e-01 -7.056163e-03 9.999751e-01 -1.791660e-04 -3.650886e+00 -3.266540e-03 1.561204e-04 9.999947e-01 2.088679e+02
9.999572e-01 8.865968e-03 2.639868e-03 -3.479510e-01 -8.863573e-03 9.999603e-01 -9.180181e-04 -3.708945e+00 -2.647902e-03 8.945807e-04 9.999961e-01 2.117849e+02
9.999520e-01 9.528196e-03 2.287637e-03 -3.575809e-01 -9.528055e-03 9.999546e-01 -7.338614e-05 -3.778065e+00 -2.288232e-03 5.158657e-05 9.999974e-01 2.147142e+02
9.999636e-01 8.359215e-03 1.687676e-03 -3.559812e-01 -8.356573e-03 9.999638e-01 -1.567357e-03 -3.837087e+00 -1.700717e-03 1.553197e-03 9.999974e-01 2.176615e+02
9.999614e-01 8.743635e-03 8.939218e-04 -3.669047e-01 -8.742048e-03 9.999602e-01 -1.766652e-03 -3.899694e+00 -9.093329e-04 1.758769e-03 9.999980e-01 2.206192e+02
9.999510e-01 9.892701e-03 3.480351e-04 -3.755068e-01 -9.891997e-03 9.999491e-01 -1.976626e-03 -3.961696e+00 -3.675712e-04 1.973087e-03 9.999980e-01 2.235894e+02
9.999496e-01 1.003812e-02 -2.604534e-04 -3.787707e-01 -1.003868e-02 9.999470e-01 -2.264917e-03 -4.017067e+00 2.377044e-04 2.267418e-03 9.999974e-01 2.265691e+02
9.999692e-01 7.840322e-03 -2.576861e-04 -3.786614e-01 -7.841006e-03 9.999654e-01 -2.764804e-03 -4.075078e+00 2.360006e-04 2.766740e-03 9.999962e-01 2.295511e+02
9.999869e-01 5.120322e-03 1.128453e-04 -3.745701e-01 -5.120128e-03 9.999855e-01 -1.666319e-03 -4.124994e+00 -1.213754e-04 1.665719e-03 9.999986e-01 2.325421e+02
9.999858e-01 5.337975e-03 2.022159e-05 -3.764692e-01 -5.337943e-03 9.999848e-01 -1.389784e-03 -4.186333e+00 -2.763958e-05 1.389656e-03 9.999990e-01 2.355390e+02
9.999731e-01 7.300761e-03 7.680277e-04 -3.814943e-01 -7.299344e-03 9.999717e-01 -1.833168e-03 -4.253315e+00 -7.813891e-04 1.827513e-03 9.999980e-01 2.385499e+02
9.999712e-01 7.345183e-03 1.934962e-03 -3.820924e-01 -7.347076e-03 9.999725e-01 9.725281e-04 -4.315103e+00 -1.927765e-03 -9.867155e-04 9.999977e-01 2.415712e+02
9.999670e-01 7.564991e-03 2.950398e-03 -3.796393e-01 -7.559141e-03 9.999694e-01 -1.989576e-03 -4.377646e+00 -2.965359e-03 1.967208e-03 9.999937e-01 2.446020e+02
9.999617e-01 8.101687e-03 3.326840e-03 -3.721572e-01 -8.099747e-03 9.999670e-01 -5.968841e-04 -4.432022e+00 -3.331566e-03 5.699152e-04 9.999943e-01 2.476477e+02
9.999599e-01 8.505824e-03 2.798118e-03 -3.658944e-01 -8.507187e-03 9.999637e-01 4.745749e-04 -4.487063e+00 -2.793979e-03 -4.983592e-04 9.999960e-01 2.506964e+02
9.999354e-01 1.095121e-02 3.044268e-03 -3.598899e-01 -1.095307e-02 9.999398e-01 5.963360e-04 -4.535745e+00 -3.037554e-03 -6.296408e-04 9.999952e-01 2.537570e+02
9.999459e-01 9.972903e-03 2.944504e-03 -3.518994e-01 -9.975714e-03 9.999498e-01 9.406382e-04 -4.584940e+00 -2.934975e-03 -9.699600e-04 9.999952e-01 2.568230e+02
9.999798e-01 5.649029e-03 2.911618e-03 -3.407995e-01 -5.657374e-03 9.999799e-01 2.865668e-03 -4.637604e+00 -2.895371e-03 -2.882081e-03 9.999917e-01 2.599003e+02
9.999932e-01 2.887471e-03 2.307492e-03 -3.291338e-01 -2.889040e-03 9.999956e-01 6.765815e-04 -4.686551e+00 -2.305528e-03 -6.832424e-04 9.999971e-01 2.629731e+02
9.999945e-01 -1.234139e-04 3.329163e-03 -3.249046e-01 1.067289e-04 9.999874e-01 5.011498e-03 -4.748173e+00 -3.329740e-03 -5.011114e-03 9.999819e-01 2.660572e+02
9.999887e-01 -2.908690e-03 3.750876e-03 -3.173943e-01 2.899428e-03 9.999927e-01 2.472455e-03 -4.824679e+00 -3.758040e-03 -2.461551e-03 9.999899e-01 2.691377e+02
9.999849e-01 -4.661324e-04 5.479803e-03 -3.155943e-01 4.509532e-04 9.999960e-01 2.770953e-03 -4.906588e+00 -5.481073e-03 -2.768439e-03 9.999812e-01 2.722185e+02
9.999697e-01 2.424589e-03 7.402642e-03 -3.112309e-01 -2.441393e-03 9.999944e-01 2.261700e-03 -4.987626e+00 -7.397117e-03 -2.279703e-03 9.999701e-01 2.753072e+02
9.999530e-01 3.540242e-03 9.029623e-03 -3.062026e-01 -3.552063e-03 9.999928e-01 1.293327e-03 -5.082755e+00 -9.024980e-03 -1.325339e-03 9.999584e-01 2.783952e+02
9.999391e-01 2.412082e-03 1.077454e-02 -2.897536e-01 -2.422969e-03 9.999965e-01 9.974198e-04 -5.172038e+00 -1.077210e-02 -1.023464e-03 9.999415e-01 2.814958e+02
9.999296e-01 6.994984e-05 1.186441e-02 -2.599233e-01 -1.024084e-04 9.999962e-01 2.735204e-03 -5.241690e+00 -1.186417e-02 -2.736226e-03 9.999259e-01 2.846005e+02
9.999319e-01 -1.492295e-03 1.157237e-02 -2.301583e-01 1.517665e-03 9.999964e-01 -2.183831e-03 -5.316244e+00 -1.156907e-02 2.201245e-03 9.999307e-01 2.876999e+02
9.999459e-01 -2.783388e-03 1.002137e-02 -2.045251e-01 2.801633e-03 9.999944e-01 -1.806982e-03 -5.390475e+00 -1.001629e-02 1.834961e-03 9.999482e-01 2.908103e+02
9.999614e-01 -2.412034e-03 8.447233e-03 -1.828271e-01 2.434845e-03 9.999934e-01 -2.691088e-03 -5.462578e+00 -8.440686e-03 2.711552e-03 9.999607e-01 2.939316e+02
9.999723e-01 -2.819612e-03 6.887209e-03 -1.681708e-01 2.832591e-03 9.999942e-01 -1.875372e-03 -5.542654e+00 -6.881881e-03 1.894829e-03 9.999745e-01 2.970723e+02
9.999842e-01 -1.884748e-03 5.291489e-03 -1.498301e-01 1.882308e-03 9.999981e-01 4.661426e-04 -5.605662e+00 -5.292358e-03 -4.561742e-04 9.999859e-01 3.002367e+02
9.999759e-01 -7.817355e-04 6.894868e-03 -1.362308e-01 7.782359e-04 9.999995e-01 5.102687e-04 -5.674045e+00 -6.895264e-03 -5.048898e-04 9.999761e-01 3.034130e+02
9.999651e-01 -3.784307e-03 7.453066e-03 -1.113075e-01 3.790433e-03 9.999925e-01 -8.078684e-04 -5.740563e+00 -7.449952e-03 8.360910e-04 9.999719e-01 3.066086e+02
9.999552e-01 -5.428677e-03 7.758261e-03 -1.009905e-01 5.450080e-03 9.999814e-01 -2.740138e-03 -5.775938e+00 -7.743241e-03 2.782299e-03 9.999662e-01 3.082116e+02
9.999708e-01 -5.147094e-03 5.644397e-03 -9.324941e-02 5.173322e-03 9.999758e-01 -4.641742e-03 -5.863046e+00 -5.620369e-03 4.670807e-03 9.999733e-01 3.114331e+02
9.999922e-01 -2.484768e-03 3.084130e-03 -1.065230e-01 2.488109e-03 9.999963e-01 -1.079636e-03 -5.952029e+00 -3.081436e-03 1.087301e-03 9.999947e-01 3.146682e+02
9.999815e-01 -4.767094e-03 3.790247e-03 -1.086696e-01 4.755540e-03 9.999840e-01 3.051853e-03 -6.032426e+00 -3.804734e-03 -3.033771e-03 9.999882e-01 3.179241e+02
9.999660e-01 -6.964861e-03 4.412163e-03 -1.039698e-01 6.957070e-03 9.999742e-01 1.779038e-03 -6.106845e+00 -4.424440e-03 -1.748280e-03 9.999887e-01 3.211823e+02
9.999627e-01 -6.976154e-03 5.098733e-03 -9.883113e-02 6.966045e-03 9.999737e-01 1.998024e-03 -6.185282e+00 -5.112538e-03 -1.962430e-03 9.999850e-01 3.244397e+02
9.999692e-01 -4.739913e-03 6.254823e-03 -9.411052e-02 4.736022e-03 9.999886e-01 6.369864e-04 -6.268819e+00 -6.257771e-03 -6.073430e-04 9.999802e-01 3.276976e+02
9.999510e-01 -6.766778e-03 7.224057e-03 -7.442718e-02 6.741273e-03 9.999710e-01 3.549352e-03 -6.342113e+00 -7.247865e-03 -3.500477e-03 9.999676e-01 3.309508e+02
9.999502e-01 -7.183819e-03 6.934729e-03 -5.844895e-02 7.168776e-03 9.999719e-01 2.191934e-03 -6.413497e+00 -6.950281e-03 -2.142110e-03 9.999736e-01 3.341893e+02
9.999750e-01 -3.571959e-03 6.109299e-03 -4.949748e-02 3.593288e-03 9.999875e-01 -3.483711e-03 -6.492551e+00 -6.096779e-03 3.505576e-03 9.999753e-01 3.374097e+02
9.999894e-01 -1.462301e-03 4.362284e-03 -4.257007e-02 1.457657e-03 9.999983e-01 1.067779e-03 -6.571397e+00 -4.363838e-03 -1.061409e-03 9.999899e-01 3.406287e+02
9.999978e-01 2.062417e-04 2.091700e-03 -3.681003e-02 -2.126335e-04 9.999953e-01 3.056043e-03 -6.628918e+00 -2.091059e-03 -3.056480e-03 9.999932e-01 3.438528e+02
9.999977e-01 -1.439658e-03 -1.625805e-03 -3.454790e-02 1.443853e-03 9.999956e-01 2.581640e-03 -6.677644e+00 1.622082e-03 -2.583980e-03 9.999954e-01 3.470554e+02
9.999897e-01 -3.341987e-03 -3.057511e-03 -4.156332e-02 3.349607e-03 9.999913e-01 2.490201e-03 -6.737239e+00 3.049163e-03 -2.500416e-03 9.999922e-01 3.502532e+02
9.999863e-01 -4.071348e-03 -3.294287e-03 -6.277075e-02 4.076787e-03 9.999903e-01 1.645910e-03 -6.805862e+00 3.287555e-03 -1.659316e-03 9.999932e-01 3.534464e+02
9.999810e-01 -5.215829e-03 -3.293599e-03 -8.570356e-02 5.218715e-03 9.999860e-01 8.679440e-04 -6.882552e+00 3.289027e-03 -8.851150e-04 9.999942e-01 3.566308e+02
9.999796e-01 -5.401737e-03 -3.418004e-03 -9.729989e-02 5.402475e-03 9.999854e-01 2.062371e-04 -6.921763e+00 3.416841e-03 -2.246978e-04 9.999941e-01 3.582218e+02
9.999797e-01 -5.468744e-03 -3.269773e-03 -1.223014e-01 5.467336e-03 9.999849e-01 -4.395206e-04 -6.995935e+00 3.272128e-03 4.216354e-04 9.999946e-01 3.614037e+02
9.999604e-01 -8.343867e-03 -3.084171e-03 -1.419952e-01 8.343344e-03 9.999652e-01 -1.830997e-04 -7.072717e+00 3.085592e-03 1.573608e-04 9.999952e-01 3.645867e+02
9.999393e-01 -1.055761e-02 -3.163105e-03 -1.668615e-01 1.055852e-02 9.999442e-01 2.692067e-04 -7.146884e+00 3.160086e-03 -3.025873e-04 9.999950e-01 3.677811e+02
9.999697e-01 -7.434945e-03 -2.307470e-03 -2.029185e-01 7.436476e-03 9.999721e-01 6.546484e-04 -7.225081e+00 2.302539e-03 -6.717872e-04 9.999971e-01 3.709753e+02
9.999798e-01 -6.100116e-03 -1.805530e-03 -2.229981e-01 6.101847e-03 9.999809e-01 9.540591e-04 -7.268840e+00 1.799676e-03 -9.650559e-04 9.999979e-01 3.726154e+02
9.999827e-01 -5.698435e-03 -1.435322e-03 -2.378134e-01 5.699452e-03 9.999835e-01 7.046586e-04 -7.306808e+00 1.431283e-03 -7.128262e-04 9.999987e-01 3.742253e+02
9.999820e-01 -5.879431e-03 -1.199967e-03 -2.519893e-01 5.879326e-03 9.999827e-01 -9.211550e-05 -7.344936e+00 1.200488e-03 8.505955e-05 9.999993e-01 3.757811e+02
9.999832e-01 -5.717950e-03 -9.178671e-04 -2.625878e-01 5.717644e-03 9.999836e-01 -3.368161e-04 -7.379336e+00 9.197784e-04 3.315630e-04 9.999995e-01 3.773873e+02
9.999855e-01 -5.335829e-03 -6.929259e-04 -2.704012e-01 5.335561e-03 9.999857e-01 -3.900621e-04 -7.414418e+00 6.949976e-04 3.863599e-04 9.999997e-01 3.789929e+02
9.999912e-01 -4.183305e-03 -3.813569e-04 -2.783585e-01 4.183203e-03 9.999912e-01 -2.705875e-04 -7.448411e+00 3.824859e-04 2.689904e-04 9.999999e-01 3.806071e+02
9.999958e-01 -2.891363e-03 -5.685947e-05 -2.877925e-01 2.891389e-03 9.999957e-01 4.518743e-04 -7.485057e+00 5.555304e-05 -4.520360e-04 9.999999e-01 3.822202e+02
9.999985e-01 -1.738505e-03 2.114522e-04 -2.960866e-01 1.738539e-03 9.999985e-01 -1.625976e-04 -7.522079e+00 -2.111689e-04 1.629656e-04 1.000000e+00 3.838408e+02
9.999995e-01 -8.743833e-04 4.812968e-04 -3.039652e-01 8.747432e-04 9.999993e-01 -7.476725e-04 -7.558709e+00 -4.806424e-04 7.480937e-04 9.999996e-01 3.854512e+02
9.999997e-01 -1.279523e-04 8.073792e-04 -3.110174e-01 1.284791e-04 9.999998e-01 -6.525093e-04 -7.596748e+00 -8.072952e-04 6.526134e-04 9.999995e-01 3.870678e+02
9.999988e-01 1.116543e-03 1.060919e-03 -3.164538e-01 -1.116826e-03 9.999993e-01 2.659665e-04 -7.631598e+00 -1.060621e-03 -2.671503e-04 9.999994e-01 3.886857e+02
9.999964e-01 2.241238e-03 1.452395e-03 -3.206582e-01 -2.242667e-03 9.999970e-01 9.825513e-04 -7.664429e+00 -1.450189e-03 -9.858042e-04 9.999985e-01 3.903059e+02
9.999941e-01 2.903367e-03 1.839558e-03 -3.238003e-01 -2.903950e-03 9.999957e-01 3.144580e-04 -7.696195e+00 -1.838637e-03 -3.197974e-04 9.999983e-01 3.919359e+02
