1.000000000000000000e+00 0.000000000000000000e+00 0.000000000000000000e+00 0.000000000000000000e+00 0.000000000000000000e+00 1.000000000000000000e+00 0.000000000000000000e+00 0.000000000000000000e+00 0.000000000000000000e+00 0.000000000000000000e+00 1.000000000000000000e+00 0.000000000000000000e+00
9.999998125441569297e-01 -5.661920800995685552e-04 -2.331055111109947803e-04 -1.844000000000000099e-04 5.666073641019265649e-04 9.999982457690990145e-01 1.785333251694930365e-03 -8.752000000000000231e-04 2.320942606426559134e-04 -1.785464996322988799e-03 9.999983791221869200e-01 5.160109999999999697e-02
9.999985024818668355e-01 -1.577331150696651080e-03 -7.120817824801976489e-04 -1.834000000000000127e-04 1.578666225934953959e-03 9.999969900133740541e-01 1.878237774898708400e-03 -1.677300000000000058e-03 7.091170361727928365e-04 -1.879359101663686952e-03 9.999979825791630583e-01 1.034999999999999948e-01
9.999946675254722805e-01 -3.189329894390343333e-03 -7.022075511552343472e-04 -4.139999999999999800e-04 3.189861112185134878e-03 9.999946260955526744e-01 7.566809768611516742e-04 -2.394799999999999880e-03 6.997904722989324328e-04 -7.589168864392298493e-04 9.999994671690851655e-01 1.552324999999999955e-01
9.999932958081781953e-01 -3.615770707283979570e-03 -5.783950981824085950e-04 -6.597999999999999915e-04 3.616216266638901285e-03 9.999931641262715942e-01 7.711553932403965566e-04 -3.200199999999999833e-03 5.756028232649095140e-04 -7.732418250293072743e-04 9.999995353891270033e-01 2.075060999999999989e-01
9.999912800884366293e-01 -4.107213505175394755e-03 -7.553438373687339311e-04 -6.078999999999999768e-04 4.108365574526718841e-03 9.999903900917069821e-01 1.530051156562425288e-03 -3.902399999999999879e-03 7.490523318098847409e-04 -1.533141043270029287e-03 9.999985441985130841e-01 2.598483999999999794e-01
9.999839261137072333e-01 -5.622886112387812281e-03 -7.284682442286812432e-04 -6.694999999999999563e-04 5.625055328157417371e-03 9.999796468322417198e-01 3.010759674944295337e-03 -4.907800000000000357e-03 7.115242588283184240e-04 -3.014808954514217130e-03 9.999952023185895156e-01 3.125061000000000089e-01
9.999868624153740448e-01 -5.055798359696250452e-03 -8.449257966852714158e-04 -1.069899999999999931e-03 5.058554287190946200e-03 9.999817864887490249e-01 3.292069150785380174e-03 -5.445900000000000046e-03 8.282663698072198141e-04 -3.296300003959497498e-03 9.999942241738721815e-01 3.649510000000000254e-01
9.999908026874690936e-01 -4.129155806166510088e-03 -1.159574404508280625e-03 -1.273100000000000100e-03 4.130823392182652286e-03 9.999904321555987963e-01 1.439407989834045427e-03 -6.193299999999999673e-03 1.153619770022140927e-03 -1.444184748224022720e-03 9.999982917444605324e-01 4.174014999999999809e-01
9.999982769584683240e-01 -1.353570469030292807e-03 -1.270404297804602961e-03 -1.761900000000000055e-03 1.352828321790799449e-03 9.999989138968222724e-01 -5.848595624033190842e-04 -7.087399999999999776e-03 1.271194566646657127e-03 5.831399157518080308e-04 9.999990220056279577e-01 4.699122000000000021e-01
9.999974554091056733e-01 2.111798980599111260e-03 -7.933979954629777212e-04 -2.431500000000000068e-03 -2.112997449264823399e-03 9.999966233901167456e-01 -1.512762421653897956e-03 -7.966300000000000811e-03 7.902006663275275679e-04 1.514435020233079708e-03 9.999985410336739156e-01 5.224596000000000240e-01
9.999901757744796837e-01 4.346389358098157012e-03 -8.702034665114676427e-04 -2.692700000000000128e-03 -4.347985764759964948e-03 9.999888526011484480e-01 -1.841111954261908518e-03 -8.716099999999999196e-03 8.621915766012732373e-04 1.844877499047698106e-03 9.999979265241997206e-01 5.758256000000000485e-01
9.999849886751315253e-01 5.402907028640728873e-03 -9.116030040163714161e-04 -2.841300000000000162e-03 -5.403851090103901217e-03 9.999848620811283562e-01 -1.036340669158204719e-03 -9.573099999999999318e-03 9.059899519585925230e-04 1.041251279198741365e-03 9.999990474885366298e-01 6.291959000000000302e-01
9.999957005455033521e-01 2.892103719231250546e-03 -4.843826846353323657e-04 -3.010000000000000089e-03 -2.891086807909888905e-03 9.999936427924814852e-01 2.087101265378228567e-03 -1.067620000000000027e-02 4.904157186461004323e-04 -2.085691899591778867e-03 9.999977046882272402e-01 6.822169999999999623e-01
9.999988102309705917e-01 -1.495889589713888211e-03 -3.766310908391157903e-04 -2.981500000000000209e-03 1.497304198468815250e-03 9.999917192523355425e-01 3.784112431650682278e-03 -1.138199999999999976e-02 3.709673576592767484e-04 -3.784671860744494645e-03 9.999927692949214242e-01 7.358335999999999766e-01
9.999906995035422463e-01 -4.230935421607891732e-03 -8.367149302189430104e-04 -2.931200000000000125e-03 4.232242026043283624e-03 9.999898177829593671e-01 1.566032514592347437e-03 -1.215109999999999975e-02 8.300806281685438413e-04 -1.569559129803983202e-03 9.999984237239020191e-01 7.893565999999999638e-01
9.999972366667254642e-01 -2.331528411696746385e-03 -3.010551086362831257e-04 -3.387900000000000113e-03 2.330865652878879105e-03 9.999949000086425510e-01 -2.183351097121966761e-03 -1.387870000000000076e-02 3.061441183734800735e-04 2.182643344782886005e-03 9.999975711689544910e-01 8.966024999999999689e-01
9.999999732054204449e-01 1.746080835665420928e-04 1.519907088135662317e-04 -3.566000000000000159e-03 -1.745919107668045397e-04 9.999999790969403834e-01 -1.064132678731755040e-04 -1.475399999999999975e-02 -1.520092862532647859e-04 1.063867286736061758e-04 9.999999827875203362e-01 9.510022000000000197e-01
9.999975766169486580e-01 -1.607347207320617777e-03 1.504391965222996903e-03 -4.480699999999999787e-03 1.599440030329990622e-03 9.999849784154339893e-01 5.242588585161405725e-03 -1.596890000000000115e-02 -1.512796026993360951e-03 -5.240169695630598513e-03 9.999851259242518164e-01 1.059619199999999983e+00
9.999770120538357121e-01 -6.658615934345499081e-03 1.279920982590148498e-03 -4.763700000000000052e-03 6.656503250840777215e-03 9.999764874699196282e-01 1.647868864042165756e-03 -1.781699999999999950e-02 -1.290863414285367897e-03 -1.639311184740002876e-03 9.999978231628732228e-01 1.168748899999999979e+00
9.999887605473311014e-01 -4.291401969183063908e-03 2.015601188564831829e-03 -4.835700000000000068e-03 4.294970500000480640e-03 9.999892110337282869e-01 -1.769475782762367898e-03 -1.929689999999999878e-02 -2.007985910453023194e-03 1.778112842467710706e-03 9.999964031471827441e-01 1.279603100000000104e+00
9.999926704706190161e-01 -2.710308505897713726e-03 2.704298955868139794e-03 -5.011200000000000376e-03 2.719274001543133933e-03 9.999908010743596698e-01 -3.317124592927881126e-03 -2.122299999999999881e-02 -2.695283648223800732e-03 3.324454009808809705e-03 9.999908416838587666e-01 1.388757500000000089e+00
9.999973595389266556e-01 -7.488055450200670118e-04 2.172603376189553848e-03 -5.308700000000000398e-03 7.499934133460318952e-04 9.999995697046978327e-01 -5.459856217016230417e-04 -2.326539999999999858e-02 -2.172193604267496497e-03 5.476136182697979513e-04 9.999974908439873689e-01 1.498749600000000015e+00
9.999902902754774781e-01 3.814332202009499111e-03 2.206858540773224721e-03 -5.689800000000000066e-03 -3.813248613894209323e-03 9.999926070233108311e-01 -4.950088189295638250e-04 -2.524480000000000127e-02 -2.208730353597798506e-03 4.865887122586316695e-04 9.999974423675543900e-01 1.610098699999999994e+00
9.999739929375329739e-01 6.979558240430422389e-03 1.816374227701866850e-03 -6.019700000000000224e-03 -6.979550974830448298e-03 9.999756425840070628e-01 -1.033884668301246669e-05 -2.698930000000000079e-02 -1.816402146101766917e-03 -2.338898711632519996e-06 9.999983503375258209e-01 1.722464800000000018e+00
9.999864764484960311e-01 5.155633539023128827e-03 6.829077044575247160e-04 -6.220599999999999741e-03 -5.155131443611003263e-03 9.999864421328924502e-01 -7.349627190617276156e-04 -2.877009999999999984e-02 -6.866876441299472498e-04 7.314323007752097103e-04 9.999994967333077911e-01 1.834337799999999907e+00
9.999875624946201746e-01 4.871799856655122281e-03 -1.067905531771720694e-03 -6.898299999999999571e-03 -4.870969263909757062e-03 9.999878333321684520e-01 7.790032511692170526e-04 -3.083769999999999914e-02 1.071687686847220362e-03 -7.737918272900704518e-04 9.999991263654733897e-01 1.947038499999999894e+00
9.999837708863422714e-01 4.765087739674005521e-03 -3.122803670517002982e-03 -7.721999999999999698e-03 -4.763273204312020587e-03 9.999884825348474005e-01 5.882397761836578778e-04 -3.253249999999999892e-02 3.125570717880030418e-03 -5.733554625273712228e-04 9.999949510228545169e-01 2.060470299999999977e+00
9.999787416398681072e-01 4.182930343053459406e-03 -5.001935834346470273e-03 -8.815899999999999778e-03 -4.171820696100384494e-03 9.999888126825560164e-01 2.229444283085542985e-03 -3.412500000000000255e-02 5.011205486242322794e-03 -2.208529709321786511e-03 9.999850049956237052e-01 2.174514299999999789e+00
9.999827703196639828e-01 6.304459158916882145e-04 -5.836231811473177600e-03 -9.707099999999999757e-03 -6.203482515189524251e-04 9.999983079873575598e-01 1.731817100286669022e-03 -3.579559999999999687e-02 5.837313753513114975e-03 -1.728166765431923954e-03 9.999814694321960129e-01 2.287591899999999789e+00
9.999810930472272652e-01 -2.403640116410642267e-03 -5.660040835833966139e-03 -1.058749999999999969e-02 2.419932256913494891e-03 9.999929438338476251e-01 2.873362209513711032e-03 -3.753719999999999973e-02 5.653094368969633493e-03 -2.887004798384199336e-03 9.999798536607372723e-01 2.400359900000000213e+00
9.999703315057986153e-01 -5.884185968107587261e-03 -4.971163211574161633e-03 -1.139130000000000004e-02 5.901708506683495808e-03 9.999763980559810417e-01 3.517551376789081544e-03 -3.977170000000000011e-02 4.950347956004932243e-03 -3.546785372550315465e-03 9.999814570123966018e-01 2.512264699999999795e+00
9.999626245157859916e-01 -7.592680486150153209e-03 -4.135308275859696930e-03 -1.188849999999999976e-02 7.601968262656078924e-03 9.999686071550003552e-01 2.234901121329571031e-03 -4.124560000000000032e-02 4.118209566635572944e-03 -2.266254073087375660e-03 9.999889521601933451e-01 2.623804600000000153e+00
9.999931954334850825e-01 -2.439653156887963952e-03 -2.767160855785893384e-03 -1.302080000000000078e-02 2.449530719469616372e-03 9.999906209378794930e-01 3.571811239229767763e-03 -4.336550000000000127e-02 2.758420921846734940e-03 -3.578565180124573374e-03 9.999897924405376504e-01 2.733650700000000100e+00
9.999881586886826268e-01 4.698815114263771471e-03 -1.266340767768118743e-03 -1.420480000000000007e-02 -4.691923094725596911e-03 9.999744581039279323e-01 5.391567251632351128e-03 -4.504849999999999827e-02 1.291642400715376426e-03 -5.385561834911951722e-03 9.999846635742124512e-01 2.843884500000000148e+00
9.999216248246668437e-01 1.251816294280303811e-02 1.995107405497321788e-04 -1.532649999999999985e-02 -1.251889107559832869e-02 9.999128030158439540e-01 4.202824197539664283e-03 -4.629719999999999669e-02 -1.468817056900925352e-04 -4.204992453685642284e-03 9.999911481929372181e-01 2.953885800000000117e+00
9.998905113545953904e-01 1.477306967722292509e-02 8.495383204074944241e-04 -1.572439999999999949e-02 -1.477645788014199206e-02 9.998822893507917087e-01 4.130827415428950031e-03 -4.807109999999999855e-02 -7.884133194675572954e-04 -4.142928303939901608e-03 9.999911072352124508e-01 3.063448199999999844e+00
9.999250113954097907e-01 1.222466452717518512e-02 7.274359680247527134e-04 -1.627220000000000055e-02 -1.222684956641520784e-02 9.999205081573326881e-01 3.079207050816610940e-03 -4.972859999999999780e-02 -6.897358695932865073e-04 -3.087870395526864237e-03 9.999949946478985385e-01 3.172276699999999838e+00
9.999312968115000588e-01 1.172011377951075878e-02 2.014692708539336471e-04 -1.612620000000000026e-02 -1.172065669052358913e-02 9.999269701934753174e-01 2.946266525543691801e-03 -5.056360000000000021e-02 -1.669239786879266269e-04 -2.948425459796585098e-03 9.999956394523394909e-01 3.225524899999999917e+00
9.999319311562621104e-01 1.165933883328225222e-02 -4.391720379152619564e-04 -1.678270000000000109e-02 -1.165824888715226611e-02 9.999291418385495289e-01 2.407599407528138256e-03 -5.208299999999999735e-02 4.672119362592749522e-04 -2.402315548097989657e-03 9.999970052920228447e-01 3.333465799999999923e+00
9.999387179234644485e-01 1.077560482458036172e-02 -2.539042780779735605e-03 -1.752540000000000001e-02 -1.076642989101904944e-02 9.999355602137030008e-01 3.599917708745059390e-03 -5.371950000000000336e-02 2.577670456035988707e-03 -3.572360672222947564e-03 9.999902968800484793e-01 3.442008500000000026e+00
9.999676929264615932e-01 6.511598432889365365e-03 -4.712980922786659012e-03 -1.820389999999999855e-02 -6.488658079182602761e-03 9.999671066304833822e-01 4.866515528676134197e-03 -5.517690000000000095e-02 4.744514691853800835e-03 -4.835777384059400039e-03 9.999770521554134373e-01 3.549291399999999985e+00
9.999752686496847787e-01 2.413985676536463138e-03 -6.605661370699275614e-03 -1.800420000000000145e-02 -2.381570323250016118e-03 9.999851065532895378e-01 4.910681663650638858e-03 -5.710710000000000092e-02 6.617417304831745353e-03 -4.894828368776231280e-03 9.999661246479573107e-01 3.655302499999999899e+00
9.999748838481192781e-01 1.501728703523765853e-03 -6.926505889790568818e-03 -1.930770000000000056e-02 -1.473446237551277261e-03 9.999905646112967617e-01 4.086519859840977327e-03 -5.881630000000000191e-02 6.932577379686187535e-03 -4.076211388144825899e-03 9.999676614129047181e-01 3.760834899999999870e+00
9.999762698040886022e-01 1.752359706943156566e-03 -6.662511850505444151e-03 -2.069949999999999915e-02 -1.735216510426582006e-03 9.999951714749355514e-01 2.577993498089698170e-03 -6.015829999999999789e-02 6.666997252330795175e-03 -2.566371421235019972e-03 9.999744821171017151e-01 3.866103900000000149e+00
9.999761907005980666e-01 2.808060670378069272e-03 -6.303398067121036147e-03 -2.172879999999999950e-02 -2.780292124857840393e-03 9.999864118246764022e-01 4.409777965972820103e-03 -6.160090000000000010e-02 6.315695339514313875e-03 -4.392147684243071816e-03 9.999704100777674354e-01 3.970254199999999845e+00
9.999749873461102334e-01 4.009339087290617228e-03 -5.826652746634448585e-03 -2.305139999999999967e-02 -3.982188851271236014e-03 9.999811953109629670e-01 4.663817793459204379e-03 -6.370199999999999474e-02 5.845242005216738992e-03 -4.640498307391054296e-03 9.999721490728427087e-01 4.072400599999999926e+00
9.999764959086191451e-01 2.485900702410953709e-03 -6.389673545432854491e-03 -2.379960000000000062e-02 -2.479269400951772308e-03 9.999963800418169013e-01 1.045526900497839237e-03 -6.518060000000000520e-02 6.392249491138152738e-03 -1.029660604234765905e-03 9.999790392530651939e-01 4.176231900000000330e+00
9.999810267418043352e-01 -2.367744817140168215e-03 -5.686821685952293988e-03 -2.481049999999999922e-02 2.393820171811173857e-03 9.999866336809689615e-01 4.582803114752074039e-03 -6.699059999999999737e-02 5.675894765756439066e-03 -4.596329392510643472e-03 9.999733286316808689e-01 4.279604899999999823e+00
9.999836676731002072e-01 -4.272749413812708223e-03 -3.795787072699315437e-03 -2.594609999999999972e-02 4.284805255252596874e-03 9.999857840081979310e-01 3.173676958078139668e-03 -6.807180000000000175e-02 3.782172785459148555e-03 -3.189889332945508409e-03 9.999877598126211131e-01 4.382253600000000304e+00
9.999972786365349808e-01 -8.661151821833207136e-04 -2.166232678045591602e-03 -2.664170000000000080e-02 8.642835384322453823e-04 9.999992683638556645e-01 -8.463366461639023827e-04 -7.006629999999999803e-02 2.166964118169948175e-03 8.444621037302256147e-04 9.999972955714759859e-01 4.484724499999999558e+00
9.999911305616603352e-01 4.169402792578073488e-03 5.957166823740288504e-04 -2.750599999999999920e-02 -4.169778572282633461e-03 9.999911073789188309e-01 6.309593820573724480e-04 -7.150140000000000662e-02 -5.930806610817474563e-04 -6.334377924593530620e-04 9.999996235058754568e-01 4.587168700000000321e+00
9.999911180160002688e-01 3.497990072664598597e-03 2.351160258558368434e-03 -2.803100000000000036e-02 -3.505984390856413391e-03 9.999880580386348861e-01 3.404681126144498606e-03 -7.299609999999999432e-02 -2.339222640313555392e-03 -3.412894016988119329e-03 9.999914400592976316e-01 4.688899000000000150e+00
9.999749700458622215e-01 5.359828968268130246e-03 4.618605331456210154e-03 -2.812200000000000116e-02 -5.370896403891193931e-03 9.999827272005548107e-01 2.387210162369348288e-03 -7.437820000000000542e-02 -4.605730517030992392e-03 -2.411956461374177834e-03 9.999864847648856081e-01 4.790278400000000047e+00
9.999442682186983067e-01 7.916386510765659884e-03 6.985075603322647361e-03 -2.814269999999999966e-02 -7.923391447421535699e-03 9.999681333916002890e-01 9.757403802755582273e-04 -7.563050000000000328e-02 -6.977128674669331662e-03 -1.031031488821036995e-03 9.999751280154552946e-01 4.891869999999999941e+00
9.999219172343697393e-01 8.404032463819179760e-03 9.248333508764713592e-03 -2.835729999999999848e-02 -8.401640516920671348e-03 9.999646613535189132e-01 -2.974571679361562955e-04 -7.713490000000000624e-02 -9.250506524872239775e-03 2.197327681365945494e-04 9.999571890068813529e-01 4.994133500000000225e+00
9.999180098710640507e-01 6.866397469264981686e-03 1.080861329148104059e-02 -2.769140000000000143e-02 -6.888513073623639925e-03 9.999742533868591909e-01 2.010211687378229018e-03 -7.911160000000000414e-02 -1.079453209385313438e-02 -2.084502143828901709e-03 9.999395646376270097e-01 5.096091699999999669e+00
9.999314722466793315e-01 3.878524881173906359e-03 1.104571660574501200e-02 -2.685090000000000046e-02 -3.904136512374953554e-03 9.999897382310357630e-01 2.298075437699277981e-03 -8.062500000000000222e-02 -1.103669011438922730e-02 -2.341041941258406589e-03 9.999363534715337565e-01 5.198674699999999760e+00
9.999453276869703089e-01 1.286405817971732245e-03 1.037722492139748175e-02 -2.636660000000000045e-02 -1.311556757038230677e-03 9.999962184115200881e-01 2.417225999469316180e-03 -8.203230000000000244e-02 -1.037407614541419575e-02 -2.430704163597773460e-03 9.999432334994813321e-01 5.300798399999999688e+00
9.999672728872892602e-01 -1.766345296307026986e-03 7.895136392233855285e-03 -2.553019999999999942e-02 1.741221755627227284e-03 9.999934027115763291e-01 3.187895876736563175e-03 -8.370489999999999875e-02 -7.900715230628923072e-03 -3.174044362859092597e-03 9.999637514136335836e-01 5.403148700000000026e+00
9.999786592081502112e-01 -3.381590852334292845e-03 5.589809619093636002e-03 -2.520609999999999865e-02 3.363164080717675683e-03 9.999888908757971206e-01 3.302612959371538717e-03 -8.520759999999999446e-02 -5.600915606976518239e-03 -3.283743032066826183e-03 9.999789231659150790e-01 5.505568499999999865e+00
9.999881778121967324e-01 -3.175458885285969892e-03 3.682485126953203691e-03 -2.521759999999999974e-02 3.167318722319122180e-03 9.999925325952200295e-01 2.214237094150415738e-03 -8.657869999999999455e-02 -3.689488847200914339e-03 -2.202547312936386885e-03 9.999907681860771280e-01 5.607634100000000288e+00
9.999432564762842368e-01 -1.055927698260973602e-02 1.409076722042619046e-03 -2.496519999999999989e-02 1.056042020869250170e-02 9.999439120724940011e-01 -8.063709891357579394e-04 -8.824709999999999499e-02 -1.400482995224557265e-03 8.212056750954693091e-04 9.999986821334412301e-01 5.710218900000000097e+00
9.996931784371639873e-01 -2.475094850917474582e-02 -9.692956704685791024e-04 -2.468390000000000167e-02 2.475360294496127544e-02 9.996895780251308095e-01 2.829616436761847684e-03 -8.977340000000000320e-02 8.989590890653130235e-04 -2.852741809587543056e-03 9.999955268583575752e-01 5.812891999999999726e+00
9.996165568997558148e-01 -2.763691358861235930e-02 -1.714695066966337444e-03 -2.483020000000000019e-02 2.763132165909895632e-02 9.996130492957981950e-01 -3.203395218747804533e-03 -9.193830000000000058e-02 1.802563521353390662e-03 3.154787608011203493e-03 9.999933990181634202e-01 5.915316100000000077e+00
9.997140746121970789e-01 -2.391159042277489141e-02 6.975479836264595473e-05 -2.570659999999999959e-02 2.391162528397687212e-02 9.997001248711846477e-01 -5.281525235814047564e-03 -9.417649999999999633e-02 5.655578761283364581e-05 5.281683064263013871e-03 9.999860502154275244e-01 6.017717400000000438e+00
9.994799929512230285e-01 -3.222992412374270366e-02 9.877657621041257240e-04 -2.569650000000000059e-02 3.222888295639536604e-02 9.994799604993259701e-01 1.052456007966384721e-03 -9.635180000000000133e-02 -1.021172662170752136e-03 -1.020074136288526192e-03 9.999989583270326721e-01 6.120309400000000011e+00
9.992915905676537092e-01 -3.762332252928008575e-02 8.958920841931469412e-04 -2.523480000000000167e-02 3.762130434359419601e-02 9.992897075959081832e-01 2.172038759075424312e-03 -9.797000000000000153e-02 -9.769750536296505691e-04 -2.136795437572626064e-03 9.999972398086919290e-01 6.224027600000000326e+00
9.995038148022846736e-01 -3.136060455864023155e-02 2.938822450701831547e-03 -2.525530000000000136e-02 3.135519010399641371e-02 9.995065545031884824e-01 1.870710749101392283e-03 -9.924800000000000288e-02 -2.996038922043770675e-03 -1.777635193494832636e-03 9.999939318635370222e-01 6.326881900000000059e+00
9.996815619394857633e-01 -2.477295788244179148e-02 4.803673176307766621e-03 -2.595429999999999959e-02 2.477908582058807596e-02 9.996922064247145689e-01 -1.220376819598308939e-03 -1.008003999999999983e-01 -4.771962293013711637e-03 1.339018835060566681e-03 9.999877176267883971e-01 6.429959799999999781e+00
9.997697665095083286e-01 -2.092968569565988035e-02 4.728871980079509679e-03 -2.562949999999999950e-02 2.093110538614134652e-02 9.997808889280666023e-01 -2.509213405587597734e-04 -1.027769000000000044e-01 -4.722584127078689742e-03 3.498440878352992349e-04 9.999887873412766082e-01 6.533589400000000325e+00
9.998754727511026674e-01 -1.535856626860041332e-02 3.626766181033773059e-03 -2.583270000000000011e-02 1.537875483757618691e-02 9.998660251210952365e-01 -5.605863732460139408e-03 -1.047273999999999983e-01 -3.540182255846120556e-03 5.660940797623174696e-03 9.999777101810225499e-01 6.636554699999999585e+00
9.999773740842855529e-01 -5.396693534843113524e-03 4.015845911862286725e-03 -2.678269999999999956e-02 5.419601427442669386e-03 9.999689798551382180e-01 -5.715526908509763367e-03 -1.068704999999999933e-01 -3.984876392624982049e-03 5.737161873715986883e-03 9.999756025692678740e-01 6.739837200000000195e+00
9.999864610935269571e-01 -2.209264880656891875e-03 4.711345702785372895e-03 -2.723899999999999932e-02 2.215918885641307567e-03 9.999965541989358497e-01 -1.407584365806048565e-03 -1.089629000000000014e-01 -4.708219741719399908e-03 1.418005268572554347e-03 9.999879108908876768e-01 6.842902699999999783e+00
9.999659390225339450e-01 -7.990663815491343136e-03 2.066418778885059735e-03 -2.697940000000000060e-02 7.991199580225955001e-03 9.999680383168344511e-01 -2.511454774997527728e-04 -1.106141000000000069e-01 -2.064345913583280189e-03 2.676500881177002302e-04 9.999978334173426076e-01 6.946852200000000366e+00
9.999787345365860336e-01 -6.345088596318887095e-03 -1.506759872343999647e-03 -2.761689999999999978e-02 6.331520350007138059e-03 9.999408360049317768e-01 -8.845130853501480955e-03 -1.129663999999999946e-01 1.562793865321843731e-03 8.835402676900604158e-03 9.999597458572377917e-01 7.051599999999999646e+00
9.999924814338002621e-01 3.339535517530712976e-03 -1.970933382394038976e-03 -2.994580000000000158e-02 -3.350028294479375467e-03 9.999801056026813573e-01 -5.344689820418699680e-03 -1.159335999999999978e-01 1.953045390376768062e-03 5.351252318612021233e-03 9.999837747245331476e-01 7.210007199999999727e+00
9.999903909288631043e-01 4.111802291100940566e-03 -1.520240723871731613e-03 -3.090789999999999857e-02 -4.115372270449523841e-03 9.999887642506101182e-01 -2.352675841136581646e-03 -1.183633999999999936e-01 1.510549904914142670e-03 2.358909590626491470e-03 9.999960768845685966e-01 7.316004799999999975e+00
9.999986363909926235e-01 -5.830640542561614124e-04 -1.545073611150579685e-03 -3.114329999999999876e-02 5.813353698068632900e-04 9.999992048885956164e-01 -1.119049312659097396e-03 -1.203864999999999935e-01 1.545724860074082540e-03 1.118149580774257818e-03 9.999981802364301675e-01 7.421204600000000262e+00
9.999789735540463020e-01 -6.419151628541110328e-03 -9.202946081144214438e-04 -3.142530000000000323e-02 6.419180154737872714e-03 9.999793964575183214e-01 2.804636169697746550e-05 -1.223235000000000017e-01 9.200956129370056269e-04 -3.395330886658940746e-05 9.999995761355280344e-01 7.527308900000000413e+00
9.999169248628003714e-01 -1.288881744239525964e-02 1.475054488210981031e-04 -3.190239999999999743e-02 1.288864230168542194e-02 9.999162968113768368e-01 1.132373896634785836e-03 -1.237584000000000045e-01 -1.620880625749520124e-04 -1.130378679550556910e-03 9.999993479855378009e-01 7.633129099999999667e+00
9.999920341077828123e-01 -3.922363512598035090e-03 7.394494261847166282e-04 -3.241170000000000162e-02 3.928353778586919642e-03 9.999579915701928279e-01 -8.281493313190738115e-03 -1.254444000000000115e-01 -7.069353358739167937e-04 8.284332162655033693e-03 9.999654344441359921e-01 7.739753699999999625e+00
9.999116249763941866e-01 1.290381125044410930e-02 3.199045526341472330e-03 -3.364910000000000123e-02 -1.288834600919713629e-02 9.999053789538905335e-01 -4.808708373729810200e-03 -1.277821000000000096e-01 -3.260793494520257754e-03 4.767052998371106194e-03 9.999833210766551073e-01 7.847022100000000222e+00
9.999215840077508854e-01 1.208944551396708665e-02 3.266671485636807749e-03 -3.369370000000000004e-02 -1.208246521431080057e-02 9.999246968521122714e-01 -2.148175867183375019e-03 -1.298297999999999952e-01 -3.292395750091556186e-03 2.108537971249436517e-03 9.999923570697171193e-01 7.955559700000000234e+00
9.999743712529646222e-01 7.090172064911853290e-03 9.931250313791315822e-04 -3.338569999999999732e-02 -7.087322575721317040e-03 9.999708405221154894e-01 -2.843934633829780546e-03 -1.317313999999999985e-01 -1.013260058266957867e-03 2.836823149893057637e-03 9.999954628589423633e-01 8.063219099999999528e+00
9.999649755458648315e-01 8.366469630192338927e-03 2.233102888186916748e-04 -3.390800000000000064e-02 -8.365765719990229596e-03 9.999605476368998991e-01 -2.986157000135524538e-03 -1.339142000000000110e-01 -2.482850705527133556e-04 2.984184250057512425e-03 9.999955164893917781e-01 8.171912199999999515e+00
9.999600288738178522e-01 8.939724312019500102e-03 -1.482696813739820300e-04 -3.436709999999999765e-02 -8.940080974587396451e-03 9.999566295434038077e-01 -2.610360964236762421e-03 -1.360745999999999900e-01 1.249273434750674172e-04 2.611582168126840020e-03 9.999965820100276126e-01 8.282428700000000532e+00
9.999653812346575021e-01 8.293743881893403044e-03 -6.709281985764112798e-04 -3.478780000000000067e-02 -8.296475668243699295e-03 9.999568603037116699e-01 -4.176843668325931451e-03 -1.379217000000000082e-01 6.362575833178899659e-04 4.182265410629733456e-03 9.999910518761269129e-01 8.392392199999999747e+00
9.999631000908451028e-01 8.458932985878419436e-03 -1.498302188161761313e-03 -3.509330000000000088e-02 -8.465271794137672196e-03 9.999550261122662764e-01 -4.276087729265629252e-03 -1.403516999999999959e-01 1.462063664143764714e-03 4.288613477269421180e-03 9.999897350294575382e-01 8.503052699999999575e+00
9.999511678656467506e-01 9.712796592211003430e-03 -1.823037708732703393e-03 -3.641570000000000223e-02 -9.721707039662295588e-03 9.999405199611074435e-01 -4.944183668211629690e-03 -1.425127999999999950e-01 1.774907424095014145e-03 4.961665271697033447e-03 9.999861156942967400e-01 8.613374699999999606e+00
9.999435784967025675e-01 1.027772358576953086e-02 -2.684813048141167138e-03 -3.675550000000000345e-02 -1.029191357114902887e-02 9.999328526514128512e-01 -5.326040128642298838e-03 -1.445085999999999871e-01 2.629893201814630013e-03 5.353371489297780242e-03 9.999822123795225615e-01 8.724879299999999560e+00
9.999692684972060208e-01 7.271811006181749977e-03 -2.929646028640325948e-03 -3.731430000000000163e-02 -7.287226231139775669e-03 9.999594767253040528e-01 -5.285947513212214954e-03 -1.471635000000000026e-01 2.891088898484869395e-03 5.307134061489306512e-03 9.999817377997632928e-01 8.836465799999999149e+00
9.999837706051256658e-01 5.172599486727227913e-03 -2.388041227735133304e-03 -3.820830000000000060e-02 -5.182933812703368823e-03 9.999771426425174692e-01 -4.341818697201478734e-03 -1.496819000000000066e-01 2.365528154258501360e-03 4.354125291736726279e-03 9.999877228593835321e-01 8.948469199999999901e+00
9.999841633479598091e-01 4.976134499707508124e-03 -2.628904471780356585e-03 -3.901000000000000301e-02 -4.987403233076925443e-03 9.999783286252850178e-01 -4.297451427573184199e-03 -1.521094000000000057e-01 2.607462803496894514e-03 4.310494776992274124e-03 9.999873103057388413e-01 9.060345599999999777e+00
9.999745567697831961e-01 6.836602640372213373e-03 -2.036339218642019278e-03 -3.982909999999999923e-02 -6.845676122327704581e-03 9.999665207358883201e-01 -4.482647185586261830e-03 -1.541590999999999934e-01 2.005624965918661150e-03 4.496473251327954938e-03 9.999878795249451668e-01 9.172580699999999254e+00
9.999826911543866492e-01 5.750059413930664123e-03 -1.246678934909785635e-03 -4.010679999999999801e-02 -5.752684523599414790e-03 9.999812219705281890e-01 -2.112422093503088169e-03 -1.561601999999999990e-01 1.234508972191061642e-03 2.119557280529954513e-03 9.999969917277412579e-01 9.285476700000000250e+00
9.999815155505680231e-01 6.077440209640731783e-03 1.824217288354935788e-04 -4.116480000000000139e-02 -6.076467224959043040e-03 9.999693875124298081e-01 -4.929562260468893162e-03 -1.585917000000000021e-01 -2.123752643502881858e-04 4.928362660568178649e-03 9.999878329950984135e-01 9.397540100000000507e+00
9.999825921879392787e-01 5.871212568733246914e-03 5.866720226611137588e-04 -4.228939999999999783e-02 -5.869525029589707857e-03 9.999787471848922138e-01 -2.837931369908596943e-03 -1.615003999999999884e-01 -6.033216525572970227e-04 2.834438481611498833e-03 9.999958009719227547e-01 9.510685900000000359e+00
9.999779403227759822e-01 6.631620427347099944e-03 3.748043837822729002e-04 -4.297259999999999969e-02 -6.630697572999002046e-03 9.999751076120442228e-01 -2.412054306173158722e-03 -1.636554000000000064e-01 -3.907908826148327459e-04 2.409515882515823101e-03 9.999970207534110145e-01 9.623234699999999364e+00
9.999618875796535411e-01 8.723347942158459975e-03 3.557932215301981300e-04 -4.351329999999999781e-02 -8.722474481812429389e-03 9.999591100410163413e-01 -2.386772903473441572e-03 -1.656861000000000028e-01 -3.765993236558777373e-04 2.383578540485673490e-03 9.999970883589065496e-01 9.736101200000000233e+00
9.999746617699120099e-01 7.105706439431282856e-03 4.298303698507224455e-04 -4.427210000000000173e-02 -7.104999373460270384e-03 9.999734392543837558e-01 -1.624736797898943420e-03 -1.678060000000000107e-01 -4.413638559628222237e-04 1.621641685435642327e-03 9.999985877370981546e-01 9.849896400000000440e+00
9.999960426350410492e-01 2.783629922657589358e-03 4.075766319131119407e-04 -4.458859999999999907e-02 -2.783564593096615747e-03 9.999961129534420401e-01 -1.607674182355213574e-04 -1.696568999999999994e-01 -4.080225646397566265e-04 1.596322661386069942e-04 9.999999040175585607e-01 9.964294399999999996e+00
9.999995435594327686e-01 -8.158449805160967322e-04 -4.972704432309468054e-04 -4.476850000000000274e-02 8.149541581411929615e-04 9.999980676587544304e-01 -1.789002089800412155e-03 -1.717411000000000076e-01 4.987290307098556129e-04 1.788596020611851788e-03 9.999982760953285421e-01 1.007901670000000038e+01
9.999867501698959105e-01 -5.063318557773427084e-03 9.285956238922600612e-04 -4.545049999999999785e-02 5.061844490286397658e-03 9.999859358931362241e-01 1.582954921859884784e-03 -1.733944000000000041e-01 -9.365975690561443873e-04 -1.578233541333604528e-03 9.999983159805233557e-01 1.019388389999999944e+01
9.999758548228085964e-01 -6.790015091675372094e-03 1.478332319889428701e-03 -4.583790000000000087e-02 6.789902422363719089e-03 9.999769450484878863e-01 8.121938378350356241e-05 -1.754220999999999975e-01 -1.478849717851101224e-03 -7.117969052721493436e-05 9.999989039678811586e-01 1.030838110000000007e+01
9.999895481930821672e-01 -2.867390024525829761e-03 3.561120475739631367e-03 -4.648490000000000261e-02 2.870194592578925990e-03 9.999955746787763111e-01 -7.826914237580236437e-04 -1.770281999999999967e-01 -3.558860435056843911e-03 7.929043519513762290e-04 9.999933528854542120e-01 1.042467590000000044e+01
9.999869761989736983e-01 -6.249606528623418041e-04 5.065259777701536757e-03 -4.657000000000000028e-02 6.294350733835297421e-04 9.999994131123628449e-01 -8.818086064167881882e-04 -1.795557999999999876e-01 -5.064705709280828590e-03 8.849853740768390828e-04 9.999867826911343904e-01 1.054014019999999974e+01
9.999709853203454513e-01 2.058346782425176259e-03 7.334284285510245596e-03 -4.693610000000000143e-02 -2.043621162032935052e-03 9.999958822740518949e-01 -2.014707791846804402e-03 -1.818317000000000128e-01 -7.338401052238407649e-03 1.999660837171392432e-03 9.999710741949152659e-01 1.065582850000000015e+01
9.999614904291981299e-01 1.101985251905803495e-03 8.706508319707846957e-03 -4.634060000000000262e-02 -1.085992872117144811e-03 9.999977150319871999e-01 -1.841344695061917927e-03 -1.845485000000000042e-01 -8.708517560312467251e-03 1.831818579691781588e-03 9.999604022973073159e-01 1.077195640000000054e+01
9.999547585172703368e-01 -9.000846044703740339e-04 9.469464946467142860e-03 -4.549759999999999915e-02 9.078948007010962653e-04 9.999992512444733084e-01 -8.205105263098212351e-04 -1.865920000000000079e-01 -9.468719327260391103e-03 8.290706831873345065e-04 9.999548269777509546e-01 1.088807390000000019e+01
9.999552703976364310e-01 -2.325023650709159145e-03 9.167958824808293203e-03 -4.473699999999999899e-02 2.374107080951951172e-03 9.999828888215210876e-01 -5.346557746213718466e-03 -1.889687999999999923e-01 -9.155371077018725420e-03 5.368084312775570598e-03 9.999436798396462711e-01 1.100473399999999913e+01
9.999622813004058752e-01 -3.092835838670971588e-03 8.116054642679570302e-03 -4.460639999999999744e-02 3.139479806185794912e-03 9.999785938416072550e-01 -5.740690298949861076e-03 -1.910119999999999874e-01 -8.098125896433060883e-03 5.765953957233605626e-03 9.999505858450850049e-01 1.112121490000000001e+01
9.999755193638385498e-01 -2.588124809220894527e-03 6.500944776975640764e-03 -4.462580000000000019e-02 2.631014904205869562e-03 9.999747740534620233e-01 -6.597652408361892769e-03 -1.934705999999999926e-01 -6.483705236609553328e-03 6.614594976233405428e-03 9.999571034297947136e-01 1.123720649999999921e+01
9.999840275614731988e-01 -2.441552017291338111e-03 5.097395970668300302e-03 -4.467659999999999687e-02 2.473204463801041524e-03 9.999776438571221782e-01 -6.212491097691066715e-03 -1.957396999999999887e-01 -5.082113892383702605e-03 6.224998771527327952e-03 9.999677102330252199e-01 1.135320089999999915e+01
9.999929225835824109e-01 -1.161781737261297119e-03 3.578413886083871114e-03 -4.463240000000000263e-02 1.175409920640088342e-03 9.999920560884558718e-01 -3.808696824500415728e-03 -1.976838999999999957e-01 -3.573960585067021897e-03 3.812875971948839846e-03 9.999863442980403416e-01 1.147139740000000074e+01
9.999869089105772879e-01 -5.714349746196136426e-04 5.084827385338035882e-03 -4.422920000000000323e-02 5.933585080847208820e-04 9.999905311456945833e-01 -4.311095525788556822e-03 -1.992437999999999987e-01 -5.082315727085994286e-03 4.314056214442751024e-03 9.999777792460334824e-01 1.158959480000000042e+01
9.999766418409454793e-01 -3.708425149155302261e-03 5.741372259177711206e-03 -4.404240000000000238e-02 3.739903191380987597e-03 9.999779819387576429e-01 -5.481675091495872600e-03 -2.017013000000000000e-01 -5.720917463522891787e-03 5.503019226092206208e-03 9.999684934450548957e-01 1.170811460000000004e+01
9.999684724826343185e-01 -4.760101098808714772e-03 6.355743723289718553e-03 -4.424650000000000111e-02 4.808952312047834639e-03 9.999588440869158212e-01 -7.693120954439207695e-03 -2.027992000000000128e-01 -6.318862113344963366e-03 7.723442877907618631e-03 9.999502089662786197e-01 1.176818470000000083e+01
9.999777219398467976e-01 -5.001084326473023353e-03 4.420947811732137828e-03 -4.479530000000000317e-02 5.040360310623288181e-03 9.999475304706400003e-01 -8.918019601213841852e-03 -2.065816000000000041e-01 -4.376116078630322079e-03 8.940104094922310396e-03 9.999504608463553046e-01 1.188768579999999986e+01
9.999954845286550542e-01 -2.219450281426586444e-03 2.026070765941728486e-03 -4.515720000000000151e-02 2.230129058165200052e-03 9.999835542351904749e-01 -5.283728185631609599e-03 -2.089468999999999910e-01 -2.014310473649842930e-03 5.288222726397419186e-03 9.999839884986717609e-01 1.200851059999999926e+01
9.999886568527687203e-01 -4.023792739974890384e-03 2.548579561501784774e-03 -4.475119999999999792e-02 4.028581035862276519e-03 9.999901246470722649e-01 -1.876470935112020677e-03 -2.109634999999999982e-01 -2.541003863253672550e-03 1.886716809315780712e-03 9.999949917869831451e-01 1.213109210000000004e+01
9.999757868687169093e-01 -6.177549696397882130e-03 3.203678516790266564e-03 -4.459339999999999832e-02 6.187161646284920595e-03 9.999763619239141477e-01 -2.999103895481129711e-03 -2.134552999999999867e-01 -3.185075674634736849e-03 3.018852954630888916e-03 9.999903708635324850e-01 1.225247479999999989e+01
9.999773561917294495e-01 -5.191484379387360619e-03 4.282008143106156607e-03 -4.483530000000000154e-02 5.204045130212547367e-03 9.999821737540401934e-01 -2.927471336702476296e-03 -2.160245000000000082e-01 -4.266733889260201050e-03 2.949688811227472573e-03 9.999865470684269342e-01 1.237406730000000010e+01
9.999800274369572417e-01 -3.167182111061607550e-03 5.469340422534413326e-03 -4.501779999999999671e-02 3.191170786712720694e-03 9.999853032685156462e-01 -4.382884436609168176e-03 -2.187389999999999890e-01 -5.455378647924348165e-03 4.400250498552427288e-03 9.999754380180333468e-01 1.249562929999999916e+01
9.999651456945379824e-01 -5.385600436738182013e-03 6.379867086167518436e-03 -4.479389999999999761e-02 5.396302183909552040e-03 9.999840597094306061e-01 -1.661399947581999881e-03 -2.210641999999999885e-01 -6.370817752949077192e-03 1.695769731330870611e-03 9.999782682869547967e-01 1.261721520000000041e+01
9.999667792510837927e-01 -5.139923280411918746e-03 6.326261367173767643e-03 -4.467200000000000337e-02 5.158380496254343778e-03 9.999824767481904075e-01 -2.904704324171513558e-03 -2.234889999999999932e-01 -6.311220553124294828e-03 2.937241090969120415e-03 9.999757702614116006e-01 1.273799039999999927e+01
9.999840352754367778e-01 -1.614588558325078362e-03 5.415006744340833747e-03 -4.436890000000000278e-02 1.657372746648035989e-03 9.999673745387717139e-01 -7.905882216067137633e-03 -2.261990999999999863e-01 -5.402065330278718602e-03 7.914730685436114146e-03 9.999540863101387123e-01 1.285965919999999940e+01
9.999941338810555136e-01 6.084290195932748227e-05 3.424690003339948743e-03 -4.410320000000000212e-02 -4.835676432174444087e-05 9.999933525796429468e-01 -3.645882355364192962e-03 -2.291958000000000051e-01 -3.424889064048606668e-03 3.645695361257271939e-03 9.999874894418588900e-01 1.298055360000000036e+01
9.999969523943603722e-01 2.007984516739323190e-03 1.436384409478118265e-03 -4.461489999999999900e-02 -2.004810101792272627e-03 9.999955526374778580e-01 -2.208040244387490803e-03 -2.316280000000000006e-01 -1.440811731978995820e-03 2.205153837177411223e-03 9.999965306730355108e-01 1.310079960000000021e+01
9.999966834425916273e-01 8.401118113797383471e-05 -2.574110708298787357e-03 -4.503010000000000346e-02 -9.078852319589414605e-05 9.999965298360903310e-01 -2.632883062601066183e-03 -2.340724000000000138e-01 2.573880584096820568e-03 2.633108030202988437e-03 9.999932209174420272e-01 1.322156999999999982e+01
9.999900008055022660e-01 -2.178122123792564525e-03 -3.905646300584378165e-03 -4.567969999999999670e-02 2.168263575536281528e-03 9.999944573499458533e-01 -2.526638568196340126e-03 -2.370020999999999933e-01 3.911127980317914872e-03 2.518144833233386740e-03 9.999891809537343468e-01 1.334082790000000074e+01
