1.000000000000000000e+00 0.000000000000000000e+00 0.000000000000000000e+00 0.000000000000000000e+00 0.000000000000000000e+00 1.000000000000000000e+00 0.000000000000000000e+00 0.000000000000000000e+00 0.000000000000000000e+00 0.000000000000000000e+00 1.000000000000000000e+00 0.000000000000000000e+00
9.999997898592605239e-01 -5.779549159767627441e-04 -2.936827368167945060e-04 -1.566000000000000118e-04 5.784446186155568987e-04 9.999984380583637478e-01 1.670114563687275780e-03 -8.251000000000000521e-04 2.927170271791726050e-04 -1.670284091926858448e-03 9.999985622328635415e-01 5.169300000000000284e-02
9.999985853885007270e-01 -1.518349402976380998e-03 -7.237652160027153005e-04 -1.964000000000000034e-04 1.519648422765904928e-03 9.999972295576463610e-01 1.797650050205017256e-03 -1.659600000000000007e-03 7.210337499724176575e-04 -1.798747375897536034e-03 9.999981223073416414e-01 1.036588999999999983e-01
9.999944423381257330e-01 -3.244947583963766428e-03 -7.652503107850374417e-04 -3.606999999999999855e-04 3.245442785522264281e-03 9.999945243869389211e-01 6.467590476756869718e-04 -2.362799999999999970e-03 7.631474213612787034e-04 -6.492390293078417664e-04 9.999994980472221018e-01 1.554418999999999940e-01
9.999931926157590301e-01 -3.619752672262806573e-03 -7.156205230461795382e-04 -5.151999999999999462e-04 3.620234892302540836e-03 9.999932199869413507e-01 6.737057765124601551e-04 -3.181600000000000140e-03 7.131770228448382773e-04 -6.762919047255536772e-04 9.999995170037802028e-01 2.078239000000000058e-01
9.999916595893575400e-01 -4.024706518682151339e-03 -6.946143973455427270e-04 -6.126000000000000369e-04 4.025674485184410796e-03 9.999909200027016221e-01 1.397804381779542979e-03 -3.880100000000000042e-03 6.889823378415008527e-04 -1.400589014973436597e-03 9.999987818261326655e-01 2.598679999999999879e-01
9.999846267696130830e-01 -5.501611254517617920e-03 -6.917355287540993868e-04 -6.993999999999999783e-04 5.503535209593331777e-03 9.999809047759334879e-01 2.810904427776444829e-03 -4.836100000000000294e-03 6.762578164739547299e-04 -2.814668205933306203e-03 9.999958101503506613e-01 3.125551999999999775e-01
9.999873946145555470e-01 -4.925265784813801472e-03 -9.758939194549237943e-04 -8.901000000000000058e-04 4.928291409982879685e-03 9.999829805074288425e-01 3.122601360617272611e-03 -5.416899999999999667e-03 9.604976685945501016e-04 -3.127371488643837082e-03 9.999946484815809278e-01 3.650396000000000196e-01
9.999907229763999039e-01 -4.125166538110677968e-03 -1.239742783823253973e-03 -1.033300000000000017e-03 4.126812985305933733e-03 9.999906022803854988e-01 1.328444765942576314e-03 -6.197399999999999611e-03 1.234251077171982791e-03 -1.333548628547852376e-03 9.999983491348042319e-01 4.174687999999999732e-01
9.999983870027399080e-01 -1.245711100109110278e-03 -1.293907173423886753e-03 -1.588400000000000012e-03 1.244687747431001603e-03 9.999989122142595166e-01 -7.914055276111979119e-04 -7.043899999999999641e-03 1.294891628580546825e-03 7.897937406711764150e-04 9.999988497400971177e-01 4.702466000000000146e-01
9.999974533452368197e-01 2.055664078976523253e-03 -9.314226942732469665e-04 -2.106799999999999819e-03 -2.057132233328273514e-03 9.999966389886726370e-01 -1.578042563748846853e-03 -8.015599999999999462e-03 9.281756383376264059e-04 1.579954604666478296e-03 9.999983211153065099e-01 5.228106000000000142e-01
9.999901260188999164e-01 4.363760952618572081e-03 -8.399137175978939416e-04 -2.452199999999999866e-03 -4.365413602439175214e-03 9.999885192860232808e-01 -1.975970704830964497e-03 -8.729400000000000007e-03 8.312814109834774055e-04 1.979617764901248165e-03 9.999976950397039266e-01 5.761631999999999865e-01
9.999835903481274491e-01 5.631782983954635759e-03 -1.049788021512973110e-03 -2.488300000000000147e-03 -5.632969409802305628e-03 9.999834955094204503e-01 -1.130647774148018942e-03 -9.611700000000000799e-03 1.043403132401168627e-03 1.136542644423614232e-03 9.999988097896520545e-01 6.296694999999999931e-01
9.999988468349821913e-01 -1.371730541994197611e-03 -6.516778544688791447e-04 -2.459900000000000107e-03 1.374263459233332919e-03 9.999914415114478095e-01 3.902345935633977185e-03 -1.172759999999999948e-02 6.463193099860858621e-04 -3.903237012647745204e-03 9.999921734754591007e-01 7.364026999999999656e-01
9.999918499978120989e-01 -3.948784291980349942e-03 -8.408570440692494192e-04 -2.674000000000000161e-03 3.949997548381517509e-03 9.999911530573915019e-01 1.446141872851781701e-03 -1.229580000000000083e-02 8.351391027437464953e-04 -1.449451470054966993e-03 9.999986008155786754e-01 7.897697999999999663e-01
9.999882182037741485e-01 -4.737753173917884364e-03 -1.056952460625972586e-03 -2.717699999999999977e-03 4.737018293806250988e-03 9.999885375639304685e-01 -6.967054152875977588e-04 -1.304160000000000041e-02 1.060241163668528778e-03 6.916904037046965300e-04 9.999991987262091264e-01 8.433072999999999819e-01
9.999973398126463797e-01 -2.298420034678646043e-03 -1.939922033221010806e-04 -3.263799999999999861e-03 2.297973909966413882e-03 9.999947845041508021e-01 -2.269422923583559997e-03 -1.406819999999999946e-02 1.992072786712933356e-04 2.268971097471427032e-03 9.999974060399451359e-01 8.967197000000000084e-01
9.999998502295831537e-01 3.324500059577612790e-04 4.347617791654041059e-04 -3.516299999999999981e-03 -3.323500019465718382e-04 9.999999183051108131e-01 -2.300722665027375236e-04 -1.491740000000000080e-02 -4.348382311739582852e-04 2.299277389665663738e-04 9.999998790244664093e-01 9.509189000000000114e-01
9.999994575902020344e-01 5.359793985442779960e-04 8.930539659213847497e-04 -3.919399999999999967e-03 -5.388190926935984082e-04 9.999947904927195541e-01 3.182555797970980198e-03 -1.546789999999999971e-02 -8.913435292078174949e-04 -3.183035266249177077e-03 9.999945368816804958e-01 1.004934800000000017e+00
9.999846769041940142e-01 -5.412058105204557712e-03 1.164295443889525701e-03 -4.150899999999999902e-03 5.408286206580310146e-03 9.999801948272228902e-01 3.218756532761685597e-03 -1.675460000000000144e-02 -1.181692482198908869e-03 -3.212410368457385441e-03 9.999941419940929777e-01 1.113348100000000063e+00
9.999785980007209751e-01 -6.307761935750494722e-03 1.736571298415880669e-03 -4.312599999999999767e-03 6.310167615150857542e-03 9.999791338764298931e-01 -1.383328021029228564e-03 -1.845019999999999993e-02 -1.727809359068874315e-03 1.394256471012584155e-03 9.999975353588186344e-01 1.222800399999999899e+00
9.999952989115727942e-01 -1.949813425750389481e-03 2.366512699919011507e-03 -4.390899999999999664e-03 1.959773304207959761e-03 9.999892020504175250e-01 -4.213676680196062202e-03 -2.029250000000000151e-02 -2.358271263071373604e-03 4.218294699742755963e-03 9.999883222050525156e-01 1.332969700000000035e+00
9.999972042845358677e-01 -5.502389471110719554e-04 2.299708723556459673e-03 -4.659800000000000400e-03 5.561593315808695042e-04 9.999965311575534921e-01 -2.574560090206949158e-03 -2.233500000000000069e-02 -2.298284122995914933e-03 2.575831896936015258e-03 9.999940414723123006e-01 1.443157400000000035e+00
9.999931267976311933e-01 3.053453677155288683e-03 2.103040213171807060e-03 -5.425700000000000314e-03 -3.052135731469224691e-03 9.999951440172829553e-01 -6.296104591945453008e-04 -2.448149999999999979e-02 -2.104952487216681274e-03 6.231873675751073774e-04 9.999975904033626684e-01 1.554212699999999892e+00
9.999693376062923633e-01 7.424988315633796430e-03 2.488653400040178893e-03 -6.282000000000000257e-03 -7.424097891601051831e-03 9.999723737175241212e-01 -3.668408869705662260e-04 -2.649999999999999925e-02 -2.491308437097817814e-03 3.483536322906978034e-04 9.999968360110036425e-01 1.665675299999999970e+00
9.999725293906589485e-01 7.172462377666011420e-03 1.869825523592538773e-03 -6.614400000000000314e-03 -7.171438503076408254e-03 9.999741316037626948e-01 -5.537084948772728193e-04 -2.833830000000000029e-02 -1.873748607552701241e-03 5.402839454135947590e-04 9.999980985778993414e-01 1.777086500000000013e+00
9.999812980685962582e-01 6.109066470107133578e-03 2.877844834620175659e-04 -6.937999999999999723e-03 -6.108875375998539317e-03 9.999811226564467859e-01 -6.602820555074735004e-04 -3.034900000000000098e-02 -2.918127578215680483e-04 6.585116674131486977e-04 9.999997406038154679e-01 1.889326499999999909e+00
9.999753375694520052e-01 6.681411601773943124e-03 -2.164022150593618993e-03 -7.142400000000000138e-03 -6.681305123147983360e-03 9.999776782396433417e-01 5.642963537922947287e-05 -3.214519999999999877e-02 2.164350875430273193e-03 -4.196975140589922359e-05 9.999976569091689749e-01 2.003020999999999940e+00
9.999714900618804636e-01 6.336414521843716958e-03 -4.107178402491758196e-03 -8.103499999999999592e-03 -6.331492832709394690e-03 9.999792235783572236e-01 1.210210781290342076e-03 -3.383089999999999709e-02 4.114761467190565514e-03 -1.184171707637820658e-03 9.999908331957023666e-01 2.116347300000000153e+00
9.999736211295583432e-01 5.447690902697809555e-03 -4.804134559658250134e-03 -8.557199999999999182e-03 -5.437030537643011523e-03 9.999827343702000215e-01 2.229273520871054119e-03 -3.476660000000000167e-02 4.816196006328708409e-03 -2.203094488845859684e-03 9.999859752170037197e-01 2.174078699999999920e+00
9.999821582457201208e-01 1.535271222299345976e-03 -5.772879048234930664e-03 -9.258499999999999369e-03 -1.525513979478473631e-03 9.999974012259902345e-01 1.694210247915181903e-03 -3.654129999999999878e-02 5.775465118065048649e-03 -1.685373412542319526e-03 9.999819015957890356e-01 2.287370000000000125e+00
9.999845135406220109e-01 -1.153404165385214656e-03 -5.444477730405112778e-03 -1.012949999999999962e-02 1.169384224614718843e-03 9.999950155275099117e-01 2.932824691406505074e-03 -3.831960000000000227e-02 5.441067860340228698e-03 -2.939145958705260357e-03 9.999808779179593099e-01 2.401092300000000179e+00
9.999801365045378754e-01 -3.991872398627116167e-03 -4.877658364310441183e-03 -1.095950000000000049e-02 4.007677494721721342e-03 9.999867370849178094e-01 3.234837763744629561e-03 -4.017459999999999781e-02 4.864680612758626524e-03 -3.254321590212977140e-03 9.999828719900772933e-01 2.513205800000000156e+00
9.999775465893941950e-01 -5.466578558547011309e-03 -3.875930329524713593e-03 -1.159969999999999925e-02 5.474154871103716243e-03 9.999831216542800494e-01 1.946801224728467563e-03 -4.171470000000000039e-02 3.865222568399771449e-03 -1.967974955294627196e-03 9.999905935202951790e-01 2.625686200000000081e+00
9.999957418324770808e-01 -1.102691597763805079e-03 -2.701923047390350496e-03 -1.232789999999999928e-02 1.112102718079620517e-03 9.999933121287155613e-01 3.484096064358285956e-03 -4.414640000000000231e-02 2.698063093820819713e-03 -3.487086044458622899e-03 9.999902802959939052e-01 2.736182700000000079e+00
9.999836467494552794e-01 5.564645574128915424e-03 -1.319451891811187745e-03 -1.335090000000000061e-02 -5.557670888603706040e-03 9.999708684443123774e-01 5.232070051295206053e-03 -4.578419999999999712e-02 1.348528069579396594e-03 -5.224651410574758514e-03 9.999854421388760795e-01 2.847516999999999854e+00
9.999078617626483423e-01 1.357438318013491629e-02 6.408219295262490719e-05 -1.420440000000000071e-02 -1.357453235873331762e-02 9.998991804590614541e-01 4.166651957986573264e-03 -4.727859999999999702e-02 -7.516001959379914316e-06 -4.167137935821360085e-03 9.999913174147732065e-01 2.958330199999999799e+00
9.998744964902621657e-01 1.581481090132949921e-02 9.396938330733732147e-04 -1.474679999999999915e-02 -1.581891632281383700e-02 9.998645882177228383e-01 4.535098077808457154e-03 -4.934879999999999822e-02 -8.678448689371182165e-04 -4.549393845197138506e-03 9.999892748729481973e-01 3.068356300000000036e+00
9.999133324090487829e-01 1.314960032728795976e-02 6.447339480364192065e-04 -1.494509999999999936e-02 -1.315178860785653527e-02 9.999073289944447884e-01 3.516230881153142602e-03 -5.118160000000000071e-02 -5.984371691475075814e-04 -3.524405542486328414e-03 9.999936101988485815e-01 3.177777499999999922e+00
9.999229967212728276e-01 1.240870579947294869e-02 1.569978709191007546e-04 -1.546840000000000021e-02 -1.240917718097067635e-02 9.999169458156722534e-01 3.480487372374796787e-03 -5.294879999999999726e-02 -1.137964877464108524e-04 -3.482167577832825413e-03 9.999939307612417672e-01 3.286286800000000063e+00
9.999217045119358493e-01 1.246550877359130921e-02 -1.093589027183509413e-03 -1.627150000000000124e-02 -1.246197350544694937e-02 9.999172833936151861e-01 3.182072765086975744e-03 -5.429629999999999873e-02 1.133164725181798815e-03 -3.168195345664169549e-03 9.999943392219564631e-01 3.395983499999999822e+00
9.999452652159471766e-01 9.953294128612493602e-03 -3.224671797011684649e-03 -1.697289999999999910e-02 -9.937171257668176577e-03 9.999382347873686516e-01 4.977874819335799048e-03 -5.590669999999999668e-02 3.274018876684739194e-03 -4.945558240535842184e-03 9.999824109723552956e-01 3.504834900000000086e+00
9.999700568935303568e-01 5.601206250136001388e-03 -5.339644641094386940e-03 -1.735980000000000162e-02 -5.572268913033423185e-03 9.999697922270694983e-01 5.418897721150001470e-03 -5.729000000000000065e-02 5.369835706106091885e-03 -5.388981526678373810e-03 9.999710614525775254e-01 3.611863899999999905e+00
9.999764557523976860e-01 2.522609525190102654e-03 -6.381565799748229947e-03 -1.808219999999999966e-02 -2.492147056465644772e-03 9.999854847900594423e-01 4.776966845059073610e-03 -5.880790000000000323e-02 6.393523592045759554e-03 -4.760950574545400743e-03 9.999682275981096602e-01 3.719326000000000132e+00
9.999747206195922500e-01 3.141628337521571498e-03 -6.378737583363147494e-03 -1.940800000000000164e-02 -3.117921042857441181e-03 9.999882082498825486e-01 3.723161232071702138e-03 -6.061590000000000034e-02 6.390359155715337296e-03 -3.703178712724563074e-03 9.999727245166653011e-01 3.825302600000000108e+00
9.999716243983645114e-01 5.363571991927747543e-03 -5.289848162629519866e-03 -2.126279999999999837e-02 -5.346737917325103742e-03 9.999806136187220362e-01 3.191360269175513333e-03 -6.226410000000000278e-02 5.306862702172037392e-03 -3.162986280659816143e-03 9.999809161809282143e-01 3.930606800000000067e+00
9.999724450426181743e-01 4.978318998750442398e-03 -5.506858944517955060e-03 -2.142080000000000026e-02 -4.952785365266059933e-03 9.999769668468109218e-01 4.640656524416921294e-03 -6.290700000000000458e-02 5.529834772734474463e-03 -4.613254360935173035e-03 9.999740690695871903e-01 3.983625899999999831e+00
9.999673414808925020e-01 6.216737352147399739e-03 -5.164121254446615503e-03 -2.279509999999999870e-02 -6.192327593381553169e-03 9.999696433961008379e-01 4.729414895225740254e-03 -6.465220000000000689e-02 5.193366019496159502e-03 -4.697282508999539238e-03 9.999754819426415198e-01 4.088612099999999749e+00
9.999677771276775928e-01 6.174438531642737621e-03 -5.130401071092493583e-03 -2.319620000000000015e-02 -6.163855695992934494e-03 9.999788482730808115e-01 2.076027312410575528e-03 -6.535399999999999543e-02 5.143110857280541910e-03 -2.044337364982767771e-03 9.999846844304406401e-01 4.141346500000000042e+00
9.999801235864018700e-01 3.459782211402416627e-03 -5.270895481252448750e-03 -2.429660000000000153e-02 -3.449780218895687114e-03 9.999922340122898712e-01 1.905500341407547057e-03 -6.703199999999999437e-02 5.277447163727942009e-03 -1.887279035927558407e-03 9.999842932412862373e-01 4.246789899999999562e+00
9.999935344296837503e-01 -5.168954781782375291e-04 -3.558639893762445723e-03 -2.533689999999999901e-02 5.338998511150894362e-04 9.999884377767830346e-01 4.779044224320342336e-03 -6.893860000000000265e-02 3.556128481624080441e-03 -4.780913282383318468e-03 9.999822482516419475e-01 4.350221200000000010e+00
9.999979447395749288e-01 6.936703268151769896e-04 -1.905082177663344973e-03 -2.642509999999999998e-02 -6.919287912787074534e-04 9.999993423161039896e-01 9.146594487935798398e-04 -7.040929999999999411e-02 1.905715396840245443e-03 -9.133393877217352427e-04 9.999977670275014274e-01 4.453589899999999879e+00
9.999827395778643213e-01 5.824394564387585377e-03 7.726411245923292016e-04 -2.750319999999999848e-02 -5.823553907443507899e-03 9.999824534161825262e-01 -1.085854336166098026e-03 -7.231070000000000553e-02 -7.789520114733581441e-04 1.081336076621706608e-03 9.999991119726322486e-01 4.556587200000000060e+00
9.999700305894765329e-01 7.072393084894235474e-03 3.149472802578278958e-03 -2.793079999999999868e-02 -7.081884187663955652e-03 9.999703849389515176e-01 3.012666824879775378e-03 -7.395160000000000622e-02 -3.128072766729589945e-03 -3.034880738670986573e-03 9.999905022847307423e-01 4.660320800000000041e+00
9.999706254190141586e-01 5.935168709290929157e-03 4.849955824326364524e-03 -2.801270000000000149e-02 -5.951127816647172261e-03 9.999769034230812093e-01 3.282788158811205531e-03 -7.540729999999999655e-02 -4.830359905389208265e-03 -3.311554435300233766e-03 9.999828504681500529e-01 4.764256500000000116e+00
9.999197420632872646e-01 1.019362443986779852e-02 7.523260786915686622e-03 -2.882459999999999883e-02 -1.020955415605684889e-02 9.999457135931999474e-01 2.082035187199971112e-03 -7.663970000000000504e-02 -7.501628891351238247e-03 -2.158677225785837414e-03 9.999695323741675246e-01 4.868801099999999771e+00
9.998714032878092128e-01 1.264243161987767088e-02 9.866398025821430245e-03 -2.866640000000000160e-02 -1.264635559887722881e-02 9.999199753891745424e-01 3.354217932374267794e-04 -7.860499999999999432e-02 -9.861367924074344177e-03 -4.601526370122173567e-04 9.999512696537850021e-01 4.972860299999999789e+00
9.998711738023718931e-01 1.111797090651217915e-02 1.157698242155553135e-02 -2.788329999999999975e-02 -1.113410586905251229e-02 9.999371291632511705e-01 1.330190682712360361e-03 -8.039689999999999337e-02 -1.156146554567315070e-02 -1.458918667230345214e-03 9.999320997301559544e-01 5.076955800000000352e+00
9.998816293378056663e-01 9.013775486655557778e-03 1.246912844794081932e-02 -2.672630000000000144e-02 -9.046076074794559552e-03 9.999558664321861468e-01 2.536473044408252709e-03 -8.208290000000000031e-02 -1.244571494226463099e-02 -2.648969484940805977e-03 9.999190402928848087e-01 5.180756599999999601e+00
9.999111563130378411e-01 5.221993545887671298e-03 1.226418624003767013e-02 -2.596820000000000031e-02 -5.265357347628472906e-03 9.999799911425490961e-01 3.506184043826313101e-03 -8.373940000000000550e-02 -1.224563157723588744e-02 -3.570447864640357606e-03 9.999186448953336637e-01 5.285368400000000300e+00
9.999397029998965403e-01 2.519576315487652429e-03 1.068840959493148370e-02 -2.524619999999999989e-02 -2.553140917395159588e-03 9.999918491406692977e-01 3.127798535838382989e-03 -8.540399999999999381e-02 -1.068044174809788978e-02 -3.154898954848442665e-03 9.999379854654237842e-01 5.388888800000000145e+00
9.999624809128047076e-01 3.705673674526558455e-04 8.654446633660472718e-03 -2.474020000000000039e-02 -4.038239191288935863e-04 9.999925407139665934e-01 3.841281383617704218e-03 -8.672159999999999591e-02 -8.652958624137599766e-03 -3.844632134804027487e-03 9.999551715506035388e-01 5.493302800000000374e+00
9.999799656352089672e-01 -5.839189867097599750e-05 6.329685505021759480e-03 -2.446229999999999932e-02 3.880749767524013300e-05 9.999952124010699217e-01 3.094134599068361444e-03 -8.810690000000000188e-02 -6.329835873420191876e-03 -3.093826970791570003e-03 9.999751803982388498e-01 5.597890399999999822e+00
9.999881184886458829e-01 -2.803649532796017880e-03 3.987785204231165601e-03 -2.394040000000000057e-02 2.801933723093767963e-03 9.999959796200078577e-01 4.357880588110338380e-04 -8.975089999999999457e-02 -3.988990968806801693e-03 -4.246093711460754072e-04 9.999919537965956673e-01 5.702998599999999918e+00
9.998768732641112322e-01 -1.559360545316292555e-02 1.754360440614094203e-03 -2.334409999999999957e-02 1.558901101302824325e-02 9.998750964059071045e-01 2.602752949037791339e-03 -9.159409999999999774e-02 -1.794727617269078600e-03 -2.575083736333297433e-03 9.999950739361322949e-01 5.808180799999999699e+00
9.996771654565899112e-01 -2.540122447151149307e-02 -5.853716986582662265e-04 -2.320420000000000121e-02 2.540147189949434545e-02 9.996772426628045549e-01 4.191985583327802580e-04 -9.276009999999999811e-02 5.745346089691926979e-04 -4.339325293118299811e-04 9.999997408062378801e-01 5.912697299999999601e+00
9.997753112564072842e-01 -2.118633999468701179e-02 6.826417678880809196e-04 -2.362600000000000117e-02 2.118917553093539741e-02 9.997655557228903866e-01 -4.455606627527344300e-03 -9.520109999999999684e-02 -5.880837295389085458e-04 4.469070119116790550e-03 9.999898407332933337e-01 6.017282999999999937e+00
9.997088820038243506e-01 -2.406053874272355217e-02 1.800477179386273611e-03 -2.337219999999999923e-02 2.406314798518522854e-02 9.997094007785963798e-01 -1.441840470659311443e-03 -9.704640000000000488e-02 -1.765262503614663941e-03 1.484745873762209059e-03 9.999973396854531238e-01 6.122707799999999700e+00
9.994709580966323337e-01 -3.244282759283942386e-02 2.294963873622260595e-03 -2.291539999999999896e-02 3.243693382824446025e-02 9.994705047519911734e-01 2.560362205272235896e-03 -9.873850000000000682e-02 -2.376814090757694859e-03 -2.484566075070950876e-03 9.999940888256273475e-01 6.227879999999999860e+00
9.994948848901736849e-01 -3.160601145147298036e-02 3.321914885697160175e-03 -2.277730000000000032e-02 3.159593499972781355e-02 9.994960907461623023e-01 3.043267098399539058e-03 -1.003359000000000056e-01 -3.416426476807702881e-03 -2.936770891401784857e-03 9.999898516519354352e-01 6.333084600000000286e+00
9.996967449359807079e-01 -2.399751682368128636e-02 5.526061047610441278e-03 -2.313669999999999963e-02 2.399884248761807032e-02 9.997119712137346736e-01 -1.736985997172030521e-04 -1.018667000000000045e-01 -5.520301047885106498e-03 3.062649933957904799e-04 9.999847161222488179e-01 6.438586199999999593e+00
9.997831107179772081e-01 -1.985254477379095467e-02 6.293487831844058432e-03 -2.276790000000000064e-02 1.984850130523104633e-02 9.998027510253482131e-01 7.042997102399084714e-04 -1.037571000000000049e-01 -6.306228589353948984e-03 -5.792306537366131514e-04 9.999799477853686946e-01 6.544834599999999725e+00
9.998510656049081069e-01 -1.626961789996946017e-02 5.757268633550371301e-03 -2.314959999999999934e-02 1.628195086368890154e-02 9.998652311636058165e-01 -2.101805467106931252e-03 -1.056520999999999988e-01 -5.722297161305922933e-03 2.195232000981611580e-03 9.999812179594472772e-01 6.650759700000000052e+00
9.999610488053698454e-01 -7.297012575860776888e-03 4.965327736651628000e-03 -2.356969999999999898e-02 7.328371825144512804e-03 9.999531306938043151e-01 -6.327035802951933192e-03 -1.076225999999999988e-01 -4.918926555363515273e-03 6.363177125236826361e-03 9.999676565461583788e-01 6.757720899999999808e+00
9.999798774578858573e-01 1.096082005555547301e-03 6.248462494781121222e-03 -2.445490000000000164e-02 -1.090306680187739120e-03 9.999989753841367346e-01 -9.276109205629512163e-04 -1.108803000000000011e-01 -6.249472830145512935e-03 9.207795142741741776e-04 9.999800479281730770e-01 6.917302099999999676e+00
9.999847973172858451e-01 -4.206251066319843974e-03 3.565471395723425994e-03 -2.400209999999999844e-02 4.205716909483565684e-03 9.999911435620416622e-01 1.572983070642820390e-04 -1.127434999999999965e-01 -3.566101454519037331e-03 -1.423005523687542956e-04 9.999936313152043565e-01 7.024589100000000030e+00
9.999970681926475535e-01 -2.414009261817686401e-03 -1.901720098629027661e-04 -2.403960000000000125e-02 2.412345719817119739e-03 9.999625651659869163e-01 -8.309564055203796581e-03 -1.150930000000000009e-01 2.102242553962089134e-04 8.309080932528781563e-03 9.999654568932965226e-01 7.133405200000000335e+00
9.999819238790043086e-01 5.924784222306872343e-03 -1.024132395891041167e-03 -2.511690000000000103e-02 -5.933060710577199061e-03 9.999481459342876022e-01 -8.276728410752394460e-03 -1.172057999999999989e-01 9.750414605621415430e-04 8.282655039288683296e-03 9.999652228551002553e-01 7.241418799999999933e+00
9.999653765642014802e-01 8.308233002898934502e-03 -4.679072389903760911e-04 -2.573380000000000112e-02 -8.309604485567395268e-03 9.999609453914095614e-01 -3.009678589479198099e-03 -1.192875999999999936e-01 4.428838540710713337e-04 3.013462508157724838e-03 9.999953614380437950e-01 7.350062399999999663e+00
9.999817065571212638e-01 6.031846869448955102e-03 -4.509705655285833003e-04 -2.590109999999999982e-02 -6.032494350082190891e-03 9.999807553229499435e-01 -1.448445946085774204e-03 -1.211272999999999933e-01 4.422250826002271430e-04 1.451139926411201169e-03 9.999988493142831780e-01 7.458534700000000406e+00
9.999998069521355282e-01 6.073437044814889753e-04 -1.312604901962660523e-04 -2.612779999999999964e-02 -6.074560762724453156e-04 9.999994476222444639e-01 -8.577600604881910080e-04 -1.231393999999999961e-01 1.307394625181979182e-04 8.578396298817873508e-04 9.999996235091103136e-01 7.566691399999999845e+00
9.999768721614576972e-01 -6.771716656789578993e-03 6.316610703279256075e-04 -2.594509999999999872e-02 6.770598944137351700e-03 9.999755389240139181e-01 1.755147733211461468e-03 -1.249746000000000051e-01 -6.435309823586014876e-04 -1.750830416662255140e-03 9.999982602288499667e-01 7.676029699999999956e+00
9.999695526800943535e-01 -7.763039881998839639e-03 7.930476420179408299e-04 -2.558879999999999835e-02 7.765226913246653720e-03 9.999659497904356265e-01 -2.792939436840414895e-03 -1.264191000000000065e-01 -7.713389383433360766e-04 2.799012594213189098e-03 9.999957852734878694e-01 7.785753299999999655e+00
9.999589635496751727e-01 8.622968898761008277e-03 2.777701213273937181e-03 -2.723029999999999895e-02 -8.601528519150105495e-03 9.999338170442513274e-01 -7.640368999455636120e-03 -1.290055999999999981e-01 -2.843400041054819534e-03 7.616162989629074107e-03 9.999669540227426046e-01 7.895287500000000236e+00
9.998468929935554472e-01 1.687173541668979260e-02 4.640594268285583475e-03 -2.779799999999999979e-02 -1.686255475097039186e-02 9.998557958650899913e-01 -2.010403506268909624e-03 -1.310724000000000056e-01 -4.673844071442212304e-03 1.931843424480314325e-03 9.999872114995166372e-01 8.006699599999999251e+00
9.999164870599125399e-01 1.250441922672296258e-02 3.264721361149370768e-03 -2.793510000000000090e-02 -1.249864988737282509e-02 9.999203015802705652e-01 -1.781639305139313349e-03 -1.329533999999999994e-01 -3.286739532798299730e-03 1.740685905929932695e-03 9.999930836539923096e-01 8.117279099999999303e+00
9.999435953892008566e-01 1.054055417594147726e-02 1.304897613659845119e-03 -2.740619999999999862e-02 -1.053672533230475689e-02 9.999402612735520668e-01 -2.907112562664328215e-03 -1.349251999999999951e-01 -1.335462238200583540e-03 2.893199240369768305e-03 9.999949229564947251e-01 8.229713399999999623e+00
9.999118638992933183e-01 1.320083613448881123e-02 1.415047275380689395e-03 -2.816770000000000038e-02 -1.319817146400836978e-02 9.999111401635097929e-01 -1.876178807225645099e-03 -1.370124000000000064e-01 -1.439688663504359476e-03 1.857337411571195447e-03 9.999972387933337981e-01 8.341198000000000334e+00
9.999150895537201045e-01 1.301388373828043891e-02 6.726907331106780517e-04 -2.854929999999999968e-02 -1.301152447572664038e-02 9.999095658783238028e-01 -3.400043505534309889e-03 -1.391726000000000074e-01 -7.168776698011884588e-04 3.391002074384420230e-03 9.999939935776304134e-01 8.454808200000000440e+00
9.999244233199620080e-01 1.229409996340123136e-02 5.248172490288020961e-05 -2.881399999999999934e-02 -1.229378623020869511e-02 9.999162112887103326e-01 -4.053791084558714362e-03 -1.411870000000000069e-01 -1.023150403510938707e-04 4.052839513380027646e-03 9.999917819779877703e-01 8.568418499999999938e+00
9.999209535129174320e-01 1.256291141156900062e-02 -5.098849703335465305e-04 -2.951890000000000069e-02 -1.256493566423856276e-02 9.999123099874760445e-01 -4.182669872599385080e-03 -1.437082000000000082e-01 4.572937474408074899e-04 4.188745919087733666e-03 9.999911226056228397e-01 8.683179900000000728e+00
9.999171646813093117e-01 1.278332018838685379e-02 -1.500166874920665690e-03 -2.993960000000000024e-02 -1.279008380990950995e-02 9.999076727457474334e-01 -4.589089268999384588e-03 -1.459482000000000002e-01 1.441364571133474382e-03 4.607896390386372748e-03 9.999883448115925999e-01 8.798080399999999912e+00
9.999196691140407323e-01 1.255870799622480979e-02 -1.712942594763053545e-03 -3.091930000000000026e-02 -1.256710893345872396e-02 9.999086039945613846e-01 -4.985120931532372943e-03 -1.479235999999999884e-01 1.650179360547363331e-03 5.006247208536478144e-03 9.999861071019762182e-01 8.913174599999999614e+00
9.999358649509184627e-01 1.121210051657292768e-02 -1.598370065054620544e-03 -3.136200000000000099e-02 -1.122065505954344782e-02 9.999222078003743297e-01 -5.447499211554272108e-03 -1.488605000000000067e-01 1.537167815607545784e-03 5.465084595082445387e-03 9.999838848528886937e-01 8.971069299999999913e+00
9.999635331646435921e-01 8.395479501225816890e-03 -1.564693205501496275e-03 -3.160770000000000246e-02 -8.401931015912569509e-03 9.999560364623962805e-01 -4.163255651375400920e-03 -1.517789999999999973e-01 1.529671888573432958e-03 4.176250274990706696e-03 9.999901094698656623e-01 9.087546299999999633e+00
9.999624551476946621e-01 8.492487290801861710e-03 -1.722194707477610158e-03 -3.235230000000000050e-02 -8.500110814145096783e-03 9.999538883046537041e-01 -4.468711285320784571e-03 -1.541440000000000032e-01 1.684164820363082300e-03 4.483182354072676179e-03 9.999885322666646204e-01 9.203608499999999637e+00
9.999424861688158694e-01 1.068020639641720747e-02 -9.785427212451456355e-04 -3.318839999999999985e-02 -1.068462764036712427e-02 9.999321975707825549e-01 -4.630226069231288544e-03 -1.563390000000000057e-01 9.290246035900905346e-04 4.640415131797494958e-03 9.999888016676439229e-01 9.320070299999999364e+00
9.999498496635980116e-01 1.001485239418113161e-02 -2.982063803357588901e-05 -3.333479999999999777e-02 -1.001488889210053711e-02 9.999483679350622545e-01 -1.721471604279940131e-03 -1.589331999999999967e-01 1.257881431481865713e-05 1.721683922276477088e-03 9.999985178220242021e-01 9.436678900000000425e+00
9.999412465220870461e-01 1.076613826352569234e-02 1.262446333713466333e-03 -3.407469999999999943e-02 -1.075988133781158318e-02 9.999302883421679056e-01 -4.862448924684141874e-03 -1.611972000000000127e-01 -1.314708123909100581e-03 4.848579466152530201e-03 9.999873813302392334e-01 9.553109199999999746e+00
9.999425057312822940e-01 1.063963555217451243e-02 1.335435195500366164e-03 -3.472719999999999974e-02 -1.063563599992563280e-02 9.999390378017865011e-01 -2.967141202316828617e-03 -1.638992999999999978e-01 -1.366923085459768525e-03 2.952767406062387946e-03 9.999947063289504889e-01 9.670382500000000547e+00
9.999355829272670304e-01 1.130979027074058979e-02 9.584570613546567223e-04 -3.519119999999999887e-02 -1.130743015774239926e-02 9.999331088925154098e-01 -2.433056468027723629e-03 -1.663406000000000051e-01 -9.859103074706086507e-04 2.422062051371796573e-03 9.999965807922969185e-01 9.787156100000000691e+00
9.999077857106259959e-01 1.354823196492016719e-02 9.303149453200083721e-04 -3.554859999999999964e-02 -1.354632791715774422e-02 9.999061971343242705e-01 -2.023346815237022506e-03 -1.686890000000000056e-01 -9.576404511104701046e-04 2.010557882432761033e-03 9.999975202878094160e-01 9.904229199999999622e+00
9.999321449531773931e-01 1.162105221390448938e-02 8.103300436231917038e-04 -3.629059999999999925e-02 -1.161974659105518247e-02 9.999312120007222138e-01 -1.597734623320572851e-03 -1.705829000000000095e-01 -8.288416601223074854e-04 1.588210379200877135e-03 9.999983953033594331e-01 1.002202510000000046e+01
9.999666825992366004e-01 8.079898201286305620e-03 1.161437271050962247e-03 -3.681639999999999913e-02 -8.079566395272561041e-03 9.999673176919863238e-01 -2.900943959637048764e-04 -1.725315000000000043e-01 -1.163743245788481434e-03 2.807008212270548845e-04 9.999992834540967213e-01 1.014021589999999939e+01
9.999889186140960007e-01 4.703405531858684610e-03 2.015574697023336359e-04 -3.688810000000000006e-02 -4.702962581498500161e-03 9.999866415880807047e-01 -2.144478572596381343e-03 -1.745462999999999876e-01 -2.116411295959301942e-04 2.143506891563724207e-03 9.999976802904284590e-01 1.025881670000000057e+01
9.999985794857954025e-01 2.887115179662536903e-04 1.660623994392693798e-03 -3.751270000000000299e-02 -2.912881269122780570e-04 9.999987539082706434e-01 1.551558291845269279e-03 -1.765885000000000093e-01 -1.660173972353217288e-03 -1.552039807887508694e-03 9.999974174940734484e-01 1.037634470000000064e+01
9.999972840170663346e-01 -2.284009058776665486e-04 2.319437758836834229e-03 -3.778719999999999996e-02 2.291987794875793925e-04 9.999999146572789988e-01 -3.437344241105771687e-04 -1.785409000000000024e-01 -2.319359051635856185e-03 3.442651028371703230e-04 9.999972510237858936e-01 1.049389739999999982e+01
9.999891887271816771e-01 2.710602851821106597e-03 3.778235161121045339e-03 -3.784030000000000032e-02 -2.707382047099897698e-03 9.999959675370283518e-01 -8.573168221090343884e-04 -1.804033999999999915e-01 -3.780543770950583245e-03 8.470784273780381478e-04 9.999924949453039558e-01 1.061303810000000070e+01
9.999699383488949156e-01 5.383288058095805906e-03 5.580556261771808628e-03 -3.804310000000000330e-02 -5.376228765510660326e-03 9.999847297756248032e-01 -1.279210628326316350e-03 -1.828372000000000053e-01 -5.587357404724811218e-03 1.249169826040629405e-03 9.999836103716788216e-01 1.073114589999999957e+01
9.999387698683728232e-01 7.578005219882264810e-03 8.064139818528310785e-03 -3.868560000000000054e-02 -7.558952468029391143e-03 9.999685733472626348e-01 -2.390513632300334413e-03 -1.850217999999999863e-01 -8.082001714390380301e-03 2.329410811252173152e-03 9.999646269211531768e-01 1.084952640000000024e+01
9.999485250903684674e-01 5.650658930785396050e-03 8.427171722746557708e-03 -3.800069999999999837e-02 -5.628786326476918622e-03 9.999807339852224697e-01 -2.616949152463278905e-03 -1.861938999999999955e-01 -8.441796851831391557e-03 2.569379696278276896e-03 9.999610664190324849e-01 1.090777489999999972e+01
9.999350550190411191e-01 4.854808358933726010e-03 1.031099315610917340e-02 -3.767279999999999934e-02 -4.841032445173976996e-03 9.999873565332922931e-01 -1.360580178792133348e-03 -1.884114000000000066e-01 -1.031746814543548114e-02 1.310575963527637255e-03 9.999459146582437841e-01 1.102597710000000042e+01
9.999412722877452087e-01 3.787920435784334142e-03 1.015399597880412355e-02 -3.673579999999999901e-02 -3.777967555825890653e-03 9.999923642555318404e-01 -9.991955658280688921e-04 -1.895859000000000016e-01 -1.015770331878864535e-02 9.607754179884841865e-04 9.999479476322173932e-01 1.108447360000000081e+01
9.999455853380495585e-01 2.463415923006208839e-03 1.013695935355921757e-02 -3.637150000000000105e-02 -2.402896455757945991e-03 9.999792443820954002e-01 -5.978034261890388841e-03 -1.919144000000000128e-01 -1.015147533949318018e-02 5.953350905474069470e-03 9.999307501829454159e-01 1.120222000000000051e+01
9.999610318302258882e-01 1.639604474511541839e-03 8.674475096345196645e-03 -3.579569999999999974e-02 -1.587949890204528973e-03 9.999809882426416996e-01 -5.958319260985656812e-03 -1.946221999999999952e-01 -8.684079466250334278e-03 5.944312444412302304e-03 9.999446244234663217e-01 1.132008270000000039e+01
9.999720250628333362e-01 1.675346157493374545e-03 7.289877021509743801e-03 -3.593029999999999835e-02 -1.623810088646616360e-03 9.999736907763301375e-01 -7.069723895630718874e-03 -1.972795999999999994e-01 -7.301529465267743782e-03 7.057688744696432454e-03 9.999484370191548122e-01 1.143751720000000027e+01
9.999820200745297427e-01 2.118201960530554078e-03 5.610057764161034688e-03 -3.533879999999999660e-02 -2.081356685383218847e-03 9.999762812426463698e-01 -6.565432695254214829e-03 -1.997024000000000021e-01 -5.623831612969006424e-03 6.553638118030851237e-03 9.999627104774492237e-01 1.155437949999999958e+01
9.999879691085178379e-01 3.033784816198484974e-03 3.854580121222153221e-03 -3.498470000000000052e-02 -3.018985588084371202e-03 9.999880722081085915e-01 -3.839422812020120302e-03 -2.021340000000000081e-01 -3.866182127222711224e-03 3.827739698506828474e-03 9.999852004127659511e-01 1.167201419999999956e+01
9.999763402242192178e-01 4.136990693791522608e-03 5.495843863870723475e-03 -3.471710000000000074e-02 -4.113742563576343672e-03 9.999825719817094782e-01 -4.234720175616948044e-03 -2.039516000000000107e-01 -5.513267080160680692e-03 4.212011496261523942e-03 9.999759311329738942e-01 1.179031179999999956e+01
9.999825709003167251e-01 9.704948786053820475e-04 5.823747529180123977e-03 -3.401359999999999800e-02 -9.386897251480139396e-04 9.999846451201509501e-01 -5.461536919747290823e-03 -2.063620999999999928e-01 -5.828958499846470173e-03 5.455975038108395840e-03 9.999681272816601796e-01 1.190887930000000061e+01
9.999786412314026762e-01 -4.103057200463659251e-04 6.522938771264434089e-03 -3.409979999999999956e-02 4.588836310055366039e-04 9.999721617595680456e-01 -7.447491638765047460e-03 -2.075385999999999898e-01 -6.519701435707213506e-03 7.450325839342688931e-03 9.999509918681399601e-01 1.196925069999999991e+01
9.999908283910260431e-01 -1.326139288328816873e-04 4.280834892320176804e-03 -3.419259999999999661e-02 1.713822723850914312e-04 9.999589683848523203e-01 -9.057161521055356185e-03 -2.109779999999999989e-01 -4.279458136976983448e-03 9.057812111523021875e-03 9.999498198798808524e-01 1.208915140000000044e+01
9.999951548172211213e-01 2.397104978259328306e-03 1.986008510856278331e-03 -3.450949999999999851e-02 -2.386472335807304432e-03 9.999828999956157372e-01 -5.338957402794766369e-03 -2.133472999999999897e-01 -1.998772591470989596e-03 5.334191980200464478e-03 9.999837755204060707e-01 1.220979400000000048e+01
9.999956203765054674e-01 7.065027571722982958e-04 2.874035779563095111e-03 -3.469629999999999936e-02 -7.002949137764628764e-04 9.999974211099253996e-01 -2.160407492174185561e-03 -2.149735999999999869e-01 -2.875554701590585759e-03 2.158385357764335162e-03 9.999935362580127940e-01 1.233166690000000010e+01
9.999932061012980489e-01 -1.614245729500562868e-03 3.313904339542831246e-03 -3.446559999999999901e-02 1.625344209598413850e-03 9.999930708423988568e-01 -3.349107849785699313e-03 -2.175890000000000046e-01 -3.308475093933233978e-03 3.354471331515664675e-03 9.999889006957221049e-01 1.245296289999999928e+01
9.999903134342476019e-01 -9.257342863274341986e-04 4.303028434299407609e-03 -3.470829999999999749e-02 9.390589219267670177e-04 9.999947677524602119e-01 -3.095583312465655188e-03 -2.202446999999999877e-01 -4.300140232180935107e-03 3.099594124136890224e-03 9.999859505564311357e-01 1.257393839999999940e+01
9.999819553676031481e-01 1.332543862446249885e-03 5.857752644116800619e-03 -3.526060000000000305e-02 -1.305837369366074198e-03 9.999887476427116173e-01 -4.560633368953263475e-03 -2.228606999999999949e-01 -5.863763974595807837e-03 4.552901801697433956e-03 9.999724432989313128e-01 1.269497110000000006e+01
9.999768228378569379e-01 -5.736994433065540060e-04 6.784147408054122530e-03 -3.503679999999999989e-02 5.874932152389541768e-04 9.999977640940899137e-01 -2.031417865199564108e-03 -2.251614999999999867e-01 -6.782966816040450139e-03 2.035356423271734386e-03 9.999749240282992391e-01 1.281621460000000035e+01
9.999781509485481390e-01 -5.805461005144419654e-04 6.584875985761006259e-03 -3.480899999999999966e-02 6.010460439764150030e-04 9.999949782249398789e-01 -3.111634386474205344e-03 -2.276071000000000066e-01 -6.583036470785712940e-03 3.115524213875712871e-03 9.999734782181460835e-01 1.293709469999999939e+01
9.999814168844044504e-01 2.548689974691453666e-03 5.538056091418688126e-03 -3.437640000000000140e-02 -2.504446408146024806e-03 9.999650126181719445e-01 -7.981308647580970944e-03 -2.303350999999999871e-01 -5.558204210670639536e-03 7.967290565313506212e-03 9.999528132102035727e-01 1.305854609999999916e+01
9.999833312962618237e-01 4.469864635532429242e-03 3.654783135935149412e-03 -3.422039999999999804e-02 -4.456082942741107500e-03 9.999829637389151538e-01 -3.770352336721218868e-03 -2.333481000000000027e-01 -3.671573836668844473e-03 3.754003473043670755e-03 9.999862134067080133e-01 1.317822549999999993e+01
