1.000000000000000000e+00 0.000000000000000000e+00 0.000000000000000000e+00 0.000000000000000000e+00 0.000000000000000000e+00 1.000000000000000000e+00 0.000000000000000000e+00 0.000000000000000000e+00 0.000000000000000000e+00 0.000000000000000000e+00 1.000000000000000000e+00 0.000000000000000000e+00
9.999997975364662839e-01 -5.655510131703723109e-04 -2.916831808700318888e-04 -1.636999999999999946e-04 5.660484992350052090e-04 9.999983806199500558e-01 1.708316883390825639e-03 -8.300000000000000086e-04 2.907165681798901807e-04 -1.708481644345736248e-03 9.999984982860464777e-01 5.150710000000000011e-02
9.999986129973492677e-01 -1.497549071891409204e-03 -7.289376893896005582e-04 -2.003999999999999922e-04 1.498848856672685371e-03 9.999972820856045663e-01 1.785853719827780505e-03 -1.641700000000000060e-03 7.262613046186993694e-04 -1.786943810266264495e-03 9.999981396864378036e-01 1.032953999999999956e-01
9.999946160054650202e-01 -3.216188364208596908e-03 -6.512238389895881260e-04 -4.675999999999999818e-04 3.216602671651287802e-03 9.999946243735651219e-01 6.361534604117086286e-04 -2.338999999999999933e-03 6.491743488962770786e-04 -6.382447637052912235e-04 9.999995856080573509e-01 1.549455000000000138e-01
9.999933191599368332e-01 -3.615804493879213374e-03 -5.362773114352988165e-04 -7.171000000000000291e-04 3.616182738854481406e-03 9.999932123479438051e-01 7.060314719358567982e-04 -3.165199999999999958e-03 5.337207996024573861e-04 -7.079660318093649067e-04 9.999996069630257001e-01 2.071701999999999988e-01
9.999918542113567232e-01 -3.988551194658696182e-03 -6.188459422855126669e-04 -7.071999999999999511e-04 3.989430596274164999e-03 9.999910249184621458e-01 1.426368129609844031e-03 -3.850600000000000030e-03 6.131512457853427467e-04 -1.428825353653066788e-03 9.999987912510988064e-01 2.592423999999999840e-01
9.999845846371113733e-01 -5.517273836627227188e-03 -6.246419417155549270e-04 -7.981999999999999946e-04 5.519071718847577343e-03 9.999805237902061883e-01 2.914084354836159966e-03 -4.853500000000000175e-03 6.085519746893896728e-04 -2.917486876843270686e-03 9.999955589575473258e-01 3.118719999999999826e-01
9.999871513634829290e-01 -5.000087276269336682e-03 -8.344070807897410085e-04 -1.036100000000000085e-03 5.002669079062411518e-03 9.999826151828625775e-01 3.121319292937518863e-03 -5.341399999999999620e-03 8.187857058934323992e-04 -3.125453450742887718e-03 9.999947805517263033e-01 3.644412000000000207e-01
9.999904376880165424e-01 -4.217187824100267907e-03 -1.157522952430546344e-03 -1.178299999999999964e-03 4.218789716040336965e-03 9.999901417992350661e-01 1.384961254962321963e-03 -6.173299999999999621e-03 1.151670899595613534e-03 -1.389831357458511584e-03 9.999983710101416623e-01 4.168061000000000127e-01
9.999985082833615646e-01 -1.261273615680530901e-03 -1.180093182002201618e-03 -1.727699999999999982e-03 1.260325357672476563e-03 9.999988826264563091e-01 -8.039439232933803326e-04 -7.009500000000000106e-03 1.181105856656237702e-03 8.024554226751598332e-04 9.999989805266054077e-01 4.695842000000000072e-01
9.999973863432329857e-01 2.138746699547901774e-03 -8.081270061351525629e-04 -2.283400000000000100e-03 -2.140049196881242850e-03 9.999964070481528466e-01 -1.614335844831750726e-03 -7.967099999999999529e-03 8.046714471136374221e-04 1.616061057062403213e-03 9.999983704239332472e-01 5.222160000000000135e-01
9.999889313935795832e-01 4.648462143410597540e-03 -7.272482575138036840e-04 -2.651600000000000051e-03 -4.649907777064687768e-03 9.999871912686663089e-01 -1.998913772161641650e-03 -8.679900000000000809e-03 7.179470673884249480e-04 2.002273284300299175e-03 9.999977377242927901e-01 5.752144999999999619e-01
9.999835395093684687e-01 5.685893887331461803e-03 -7.689740030029683848e-04 -2.778300000000000040e-03 -5.686856913586393718e-03 9.999830408943414239e-01 -1.256018371764799088e-03 -9.481099999999999250e-03 7.618193747092092500e-04 1.260370742211503218e-03 9.999989155478281599e-01 6.286422999999999872e-01
9.999949979192035432e-01 3.146671887401246859e-03 -3.203008041674140619e-04 -2.942100000000000010e-03 -3.146117813221576808e-03 9.999935787851755853e-01 1.715905335999418600e-03 -1.052819999999999971e-02 3.256981385293732730e-04 -1.714889048836708372e-03 9.999984765369759332e-01 6.817722999999999978e-01
9.999992286420495979e-01 -1.236580837088850637e-03 -1.165467248453704984e-04 -3.003399999999999820e-03 1.237014248934671743e-03 9.999920333912529768e-01 3.795121839293304818e-03 -1.147719999999999990e-02 1.118528214223254080e-04 -3.795263081855201979e-03 9.999927917075631667e-01 7.352501000000000175e-01
9.999917259166011263e-01 -4.019332748730499068e-03 -6.269470410353677981e-04 -2.931299999999999965e-03 4.020248156661780474e-03 9.999908445601672913e-01 1.465742338267382551e-03 -1.219220000000000026e-02 6.210499948780563847e-04 -1.468250693279081432e-03 9.999987292675953654e-01 7.887610000000000454e-01
9.999877989908967368e-01 -4.900785311133897676e-03 -6.198166471581749524e-04 -3.092899999999999990e-03 4.900384259575762610e-03 9.999877837892968691e-01 -6.469206126721555690e-04 -1.293249999999999955e-02 6.229794943834693430e-04 6.438753798463143661e-04 9.999995986604418574e-01 8.420680999999999861e-01
9.999970494882775007e-01 -2.429200379231952114e-03 -5.069844485429297948e-07 -3.413600000000000141e-03 2.429193284191273009e-03 9.999945915052421697e-01 -2.217200994933359124e-03 -1.396460000000000062e-02 5.893007204245774691e-06 2.217193221492614729e-03 9.999975420067246379e-01 8.958492999999999595e-01
9.999993147787691328e-01 5.505143933152017999e-04 1.033138855647704017e-03 -3.981400000000000390e-03 -5.502854361848729097e-04 9.999998239766321184e-01 -2.218843023298044123e-04 -1.473220000000000085e-02 -1.033260824293206429e-03 2.213156290241500191e-04 9.999994416955748644e-01 9.495999000000000523e-01
9.999967962692787316e-01 -1.668242889787268507e-03 1.903790124810233369e-03 -4.363200000000000238e-03 1.658142787246314614e-03 9.999846089584699671e-01 5.294564068267395077e-03 -1.612929999999999919e-02 -1.912593442358768081e-03 -5.291390350045948807e-03 9.999841714619726041e-01 1.057919899999999913e+00
9.999829698105906495e-01 -5.589034769908868099e-03 1.680112833148508398e-03 -4.625899999999999630e-03 5.583301619152053995e-03 9.999786402815228348e-01 3.397899902338934273e-03 -1.666549999999999976e-02 -1.699067927110224597e-03 -3.388461458758327497e-03 9.999928157227538916e-01 1.111584499999999975e+00
9.999760715371052155e-01 -6.614793116375433484e-03 2.025059319109074295e-03 -4.505300000000000277e-03 6.617524563397769906e-03 9.999771992676413923e-01 -1.345107243583508081e-03 -1.840870000000000006e-02 -2.016115540137885555e-03 1.358475937021282444e-03 9.999970449062624001e-01 1.221002300000000096e+00
9.999941349788344924e-01 -1.905753873880244040e-03 2.845717854035749884e-03 -4.618899999999999569e-03 1.917432535688978366e-03 9.999897284861749558e-01 -4.106869198932549224e-03 -2.027019999999999864e-02 -2.837861942320084926e-03 4.112301584058492172e-03 9.999875176797349274e-01 1.331159900000000063e+00
9.999959274090493011e-01 -7.947494488241362530e-04 2.741083477171701518e-03 -4.851699999999999589e-03 8.008480387087656312e-04 9.999972051095495917e-01 -2.224503429603902436e-03 -2.243989999999999874e-02 -2.739307893269082687e-03 2.226689561437995065e-03 9.999937690035187732e-01 1.440809400000000018e+00
9.999930488700824460e-01 2.811339122155682210e-03 2.449200656750530163e-03 -5.340400000000000355e-03 -2.810650784621286386e-03 9.999960096593802916e-01 -2.844424079902406434e-04 -2.453579999999999997e-02 -2.449990547675247148e-03 2.775565830465178416e-04 9.999969602497097432e-01 1.552106999999999903e+00
9.999675714060924925e-01 7.605844685853151675e-03 2.647123498425022533e-03 -5.976099999999999815e-03 -7.604831331544791885e-03 9.999710057555174503e-01 -3.926687121499636626e-04 -2.631609999999999852e-02 -2.650033324316740119e-03 3.725250507364660964e-04 9.999964192678224562e-01 1.663375999999999966e+00
9.999732613042353613e-01 6.996910296570481996e-03 2.126011023758249841e-03 -6.171399999999999629e-03 -6.996195982808756444e-03 9.999754674133407573e-01 -3.432393347295579393e-04 -2.838190000000000157e-02 -2.128360482043927925e-03 3.283561671735876070e-04 9.999976811292543566e-01 1.774199999999999999e+00
9.999809290508233639e-01 6.141522370178397437e-03 6.505671591851548653e-04 -6.423299999999999843e-03 -6.141218798975269129e-03 9.999810332111445099e-01 -4.675998663393787281e-04 -3.035689999999999916e-02 -6.534265950546260448e-04 4.635956734981090308e-04 9.999996790563167037e-01 1.886103700000000050e+00
9.999787778030024832e-01 6.258467931467130187e-03 -1.809840535586967197e-03 -6.554199999999999610e-03 -6.258265551110015097e-03 9.999804099653791800e-01 1.174638836259575840e-04 -3.216320000000000290e-02 1.810540224696995625e-03 -1.061349281074127520e-04 9.999983553383834378e-01 1.999200099999999924e+00
9.999739829214363551e-01 6.188271482064464264e-03 -3.706585531609327827e-03 -7.534299999999999851e-03 -6.184445936589189237e-03 9.999803325422637057e-01 1.042668269837150954e-03 -3.358409999999999868e-02 3.712964946814526108e-03 -1.019717964825277243e-03 9.999925870058117283e-01 2.111850500000000075e+00
9.999798535786991183e-01 3.453029729916808673e-03 -5.326257824001706317e-03 -8.045399999999999427e-03 -3.440931241487880845e-03 9.999914830991498693e-01 2.278973750171291082e-03 -3.561799999999999689e-02 5.334081824904959510e-03 -2.260600550059159875e-03 9.999832184873095331e-01 2.225663200000000064e+00
9.999844231653107762e-01 8.755112144140292157e-04 -5.512432027164644935e-03 -8.711099999999999399e-03 -8.660814363777822071e-04 9.999981581194522517e-01 1.712793229922162687e-03 -3.655289999999999928e-02 5.513921443604092448e-03 -1.707992334977141702e-03 9.999833395774638811e-01 2.281032999999999866e+00
9.999820039302462771e-01 -1.106559672141956067e-04 -5.998297333898237708e-03 -9.031400000000000192e-03 1.237428401296206658e-04 9.999976130064316404e-01 2.181437404207644398e-03 -3.749949999999999811e-02 5.998041626935201633e-03 -2.182140393255993689e-03 9.999796306725181605e-01 2.337234000000000034e+00
9.999844900952197246e-01 -2.732090386662745611e-03 -4.853375229921516772e-03 -1.013769999999999949e-02 2.749079880646745390e-03 9.999901055480622247e-01 3.497336956185116957e-03 -3.918030000000000124e-02 4.843772167756654583e-03 -3.510625029019748700e-03 9.999821065314580260e-01 2.448893299999999940e+00
9.999657073345352698e-01 -6.891002810871254929e-03 -4.593281528835860793e-03 -1.038410000000000027e-02 6.902867237823792808e-03 9.999728668240659424e-01 2.572166315751169864e-03 -4.130120000000000319e-02 4.575432093208154673e-03 -2.603784921891686734e-03 9.999861427666091318e-01 2.561135099999999998e+00
9.999755718643723590e-01 -5.878472073202347867e-03 -3.781433670706000130e-03 -1.091750000000000012e-02 5.886249396618952606e-03 9.999805768865769329e-01 2.048882043828666091e-03 -4.211619999999999947e-02 3.769315927614980133e-03 -2.071090455122762217e-03 9.999907513781137736e-01 2.616748299999999805e+00
9.999946147878095992e-01 -1.811290838932832830e-03 -2.736717171575694680e-03 -1.200689999999999917e-02 1.820698796186997993e-03 9.999924287671271284e-01 3.439108069810439729e-03 -4.416149999999999937e-02 2.730467226311733987e-03 -3.444072287143530153e-03 9.999903414107593758e-01 2.727318299999999862e+00
9.999968986477107968e-01 1.749909663341550538e-03 -1.772148732528666931e-03 -1.261160000000000059e-02 -1.741678396640091407e-03 9.999877381853746749e-01 4.635734597804479391e-03 -4.501299999999999746e-02 1.780239119538804936e-03 -4.632633707595294574e-03 9.999876846509704320e-01 2.781911399999999812e+00
9.999433321232827909e-01 1.064573741405878092e-02 -2.858491180643243695e-05 -1.416809999999999944e-02 -1.064551150387375682e-02 9.999338234311294649e-01 4.361403813425175115e-03 -4.639039999999999830e-02 7.501337990944664282e-05 -4.360852360924088490e-03 9.999904886246063773e-01 2.892755000000000187e+00
9.998833718720965269e-01 1.524299249335117797e-02 9.454276992363036102e-04 -1.479280000000000005e-02 -1.524646237397211425e-02 9.998766265668556086e-01 3.778495780579373912e-03 -4.787849999999999745e-02 -8.877154757557285079e-04 -3.792469529533910779e-03 9.999924145392812269e-01 3.003259900000000204e+00
9.998944558286397832e-01 1.446458948880708674e-02 1.361195823038987380e-03 -1.518279999999999977e-02 -1.446979218790469916e-02 9.998877275685135180e-01 3.893246962745760664e-03 -4.993589999999999834e-02 -1.304728779179542943e-03 -3.912532273907595205e-03 9.999914948508404899e-01 3.111996200000000101e+00
9.999191791129266038e-01 1.267436250624397708e-02 9.978863618590890459e-04 -1.583499999999999838e-02 -1.267710098910743328e-02 9.999157568495973258e-01 2.787528369149866545e-03 -5.137930000000000275e-02 -9.624721517211776373e-04 -2.799953384819270624e-03 9.999956169445943788e-01 3.220185499999999923e+00
9.999337671386157034e-01 1.150711309064269411e-02 -2.183673415750479957e-04 -1.582300000000000026e-02 -1.150648613250907643e-02 9.999301989802504842e-01 2.682898469744830674e-03 -5.281210000000000071e-02 2.492245154139920691e-04 -2.680208132914749849e-03 9.999963771791902101e-01 3.328053000000000150e+00
9.999380689964458835e-01 1.092397503915006930e-02 -2.127190871312151493e-03 -1.677999999999999978e-02 -1.091564440434931831e-02 9.999328589174958370e-01 3.889262696333039507e-03 -5.453899999999999720e-02 2.169534258029798355e-03 -3.865802171259748784e-03 9.999901742990657816e-01 3.436771600000000149e+00
9.999695620122500683e-01 6.604973751351209642e-03 -4.153236180716715284e-03 -1.806019999999999848e-02 -6.584083889267206870e-03 9.999657065806110134e-01 5.023495006311075144e-03 -5.590259999999999674e-02 4.186273804703277007e-03 -4.995996845805831567e-03 9.999787573379490535e-01 3.544888499999999887e+00
9.999799734758338943e-01 1.967510249161511307e-03 -6.015110197643090857e-03 -1.775639999999999857e-02 -1.937658271989870819e-03 9.999857988273426201e-01 4.964637354573774898e-03 -5.749119999999999925e-02 6.024792750903114162e-03 -4.952882702112425088e-03 9.999695849500862543e-01 3.650549199999999939e+00
9.999788815992097790e-01 1.587881480382634250e-03 -6.301982862396405399e-03 -1.888259999999999939e-02 -1.562495484442834271e-03 9.999906542293706124e-01 4.031136536590116358e-03 -5.903660000000000158e-02 6.308324932561407139e-03 -4.021204585667566105e-03 9.999720170835909583e-01 3.757150699999999954e+00
9.999802853876438302e-01 1.955284974552316726e-03 -5.967050922737508582e-03 -2.012179999999999871e-02 -1.941093321152299054e-03 9.999952762423874875e-01 2.383201550353806087e-03 -6.034919999999999868e-02 5.971682574018025678e-03 -2.371571963765973113e-03 9.999793571137635118e-01 3.862184000000000061e+00
9.999783842628596764e-01 3.672533946936458460e-03 -5.453760303600705545e-03 -2.091840000000000019e-02 -3.658220404970004801e-03 9.999898444542575371e-01 2.632187648797448300e-03 -6.132479999999999876e-02 5.463371716183390223e-03 -2.612179694894680056e-03 9.999816638752594411e-01 3.913442900000000169e+00
9.999757506400479556e-01 4.684812367849710765e-03 -5.152733735677331173e-03 -2.202319999999999972e-02 -4.654691223250278370e-03 9.999721008685904522e-01 5.842202844299224616e-03 -6.302330000000000432e-02 5.179959603022180406e-03 -5.818076790124336768e-03 9.999696585401856019e-01 4.017450300000000141e+00
9.999781819390730631e-01 3.797918259146546190e-03 -5.404762966395824063e-03 -2.263570000000000165e-02 -3.787636890875223893e-03 9.999910004336927116e-01 1.911245249939504207e-03 -6.471520000000000050e-02 5.411973079105584540e-03 -1.890732270676237503e-03 9.999835677044256466e-01 4.121561500000000322e+00
9.999842399158535011e-01 -6.773437247897302503e-05 -5.613851794225249367e-03 -2.358129999999999948e-02 7.946496929131093511e-05 9.999978140773780888e-01 2.089384068154048063e-03 -6.638729999999999631e-02 5.613697999660893084e-03 -2.089797243845753494e-03 9.999820594101918037e-01 4.224897900000000206e+00
9.999866136337167699e-01 -3.423014906775305281e-03 -3.880144626110891733e-03 -2.483729999999999966e-02 3.440544486811367500e-03 9.999838654155213113e-01 4.520128567504675191e-03 -6.806919999999999638e-02 3.864609554122522793e-03 -4.533417869609420586e-03 9.999822563002873643e-01 4.327780200000000299e+00
9.999928974625880151e-01 -2.774032773583179345e-03 -2.551424415690733624e-03 -2.559499999999999970e-02 2.775557012081365967e-03 9.999959716797633957e-01 5.940601977887620270e-04 -6.925879999999999537e-02 2.549766195277980603e-03 -6.011376023817483925e-04 9.999965686570791989e-01 4.430492400000000330e+00
9.999969300283239049e-01 2.461584169137753016e-03 2.837909542930476515e-04 -2.674640000000000004e-02 -2.461211094243643312e-03 9.999961163689531363e-01 -1.307549984031880150e-03 -7.127550000000000552e-02 -2.870084964947359498e-04 1.306847500445312230e-03 9.999991048874661281e-01 4.533089600000000274e+00
9.999908704373301482e-01 3.540578019986250890e-03 2.392352247297246416e-03 -2.718059999999999921e-02 -3.547798218653781723e-03 9.999891446140549700e-01 3.020559857099833732e-03 -7.310139999999999694e-02 -2.381631749552185449e-03 -3.029019863750674266e-03 9.999925764068824385e-01 4.636108899999999977e+00
9.999873933785690117e-01 2.838705536109968012e-03 4.141839544739667027e-03 -2.748659999999999992e-02 -2.851669665816034070e-03 9.999910433203227367e-01 3.127500479534386663e-03 -7.454170000000000240e-02 -4.132924394684148704e-03 -3.139272210510227114e-03 9.999865318622727095e-01 4.739328900000000289e+00
9.999537476769709832e-01 6.953109333488812806e-03 6.645056612035430028e-03 -2.786140000000000144e-02 -6.966722544191671605e-03 9.999736763090943947e-01 2.027674990430557156e-03 -7.591090000000000337e-02 -6.630783043717880347e-03 -2.073875471458399428e-03 9.999758655871431312e-01 4.842001899999999637e+00
9.999179562588739190e-01 9.058353494456701169e-03 9.056874905069938614e-03 -2.805090000000000014e-02 -9.060474409580339047e-03 9.999589344005785918e-01 1.931733231448524990e-04 -7.748670000000000557e-02 -9.054753146826331062e-03 -2.752170577908924780e-04 9.999589670086573845e-01 4.944712199999999669e+00
9.999073337817310225e-01 7.979359882159411596e-03 1.102967204322231540e-02 -2.771550000000000055e-02 -7.991867095226883391e-03 9.999674700693012008e-01 1.090350188446841378e-03 -7.930239999999999512e-02 -1.102061295220392242e-02 -1.178396822891661453e-03 9.999385768491410031e-01 5.047123899999999885e+00
9.999108334139027443e-01 5.741984782560633806e-03 1.205631918420566398e-02 -2.678250000000000075e-02 -5.772948815643203120e-03 9.999801230857916501e-01 2.535053312449726901e-03 -8.112560000000000604e-02 -1.204152330424050621e-02 -2.604427783955757820e-03 9.999241064563008097e-01 5.149196599999999790e+00
9.999271541122703999e-01 2.171442801652093656e-03 1.187313375208929982e-02 -2.616109999999999963e-02 -2.210071883751259757e-03 9.999923046370081670e-01 3.241334452637735248e-03 -8.266249999999999987e-02 -1.186600401165029996e-02 -3.267338813829615083e-03 9.999242583545371321e-01 5.252557300000000318e+00
9.999490942992210751e-01 -4.495075193107073695e-04 1.008001751772347014e-02 -2.530550000000000160e-02 4.196804495134894941e-04 9.999955283128862948e-01 2.960949603028334345e-03 -8.437939999999999330e-02 -1.008130341214989213e-02 -2.956568487530878645e-03 9.999448114892595108e-01 5.355405799999999772e+00
9.999623622271721635e-01 -2.632720603657542208e-03 8.266977154737072120e-03 -2.500089999999999951e-02 2.602821357929213132e-03 9.999900408958499742e-01 3.625386889021108439e-03 -8.573260000000000602e-02 -8.276439453809538577e-03 -3.603732972829103414e-03 9.999592559992772633e-01 5.458530399999999894e+00
9.999769618740192989e-01 -3.429165452250267695e-03 5.858032562841633539e-03 -2.461110000000000034e-02 3.411587578054574906e-03 9.999896564295694956e-01 3.008006660377705345e-03 -8.736299999999999621e-02 -5.868286922389141097e-03 -2.987952170418082740e-03 9.999783174401452035e-01 5.561698400000000042e+00
9.999766214550274146e-01 -5.774979453724179285e-03 3.661441751282016287e-03 -2.427939999999999959e-02 5.774552487883761673e-03 9.999833190462464882e-01 1.271723932503434436e-04 -8.884699999999999542e-02 -3.662115092899593041e-03 -1.060262325707215153e-04 9.999932888132222475e-01 5.665434399999999648e+00
9.998256082656826749e-01 -1.858660450277621265e-02 1.814163502849810332e-03 -2.395819999999999894e-02 1.858214622213124126e-02 9.998243495329716124e-01 2.444160950013705633e-03 -9.082729999999999970e-02 -1.859273497102303377e-03 -2.410023657065872918e-03 9.999953674332874298e-01 5.768745400000000245e+00
9.996029100047501004e-01 -2.817069475761057457e-02 -6.589893085658521388e-04 -2.373580000000000134e-02 2.817091097137443267e-02 9.996030695423530066e-01 3.211487950939158863e-04 -9.212180000000000368e-02 6.496807509596535385e-04 -3.395855992630937873e-04 9.999997312982351616e-01 5.872054600000000235e+00
9.997102729234470520e-01 -2.406098660269863354e-02 6.626726429276384289e-04 -2.417750000000000107e-02 2.406379749821357938e-02 9.996997349939459321e-01 -4.623148602324308153e-03 -9.441829999999999667e-02 -5.512361489396877100e-04 4.637755571282303931e-03 9.999890936215100057e-01 5.975532099999999680e+00
9.996273506882027426e-01 -2.724739749311753251e-02 1.655018409864702795e-03 -2.385069999999999898e-02 2.724950934176254003e-02 9.996278600209267395e-01 -1.267166372515013753e-03 -9.649130000000000207e-02 -1.619875525506461484e-03 1.311792603458760819e-03 9.999978275993639532e-01 6.079546500000000187e+00
9.993594972680519550e-01 -3.572468071358049502e-02 2.083844538162342875e-03 -2.339849999999999916e-02 3.571860791897304988e-02 9.993577310746952769e-01 2.882080770508140769e-03 -9.821109999999999562e-02 -2.185467564887468798e-03 -2.805802763878221130e-03 9.999936755811873468e-01 6.183762100000000039e+00
9.993825259659353533e-01 -3.502746627879273211e-02 2.764669968489411479e-03 -2.299249999999999905e-02 3.501843110299869555e-02 9.993813772271896712e-01 3.251512658788762063e-03 -9.953030000000000210e-02 -2.876851930698390031e-03 -3.152690529336451067e-03 9.999908920912206067e-01 6.288453600000000421e+00
9.996089372314959087e-01 -2.748926794784174385e-02 5.129595950077945818e-03 -2.357400000000000120e-02 2.748855767900319422e-02 9.996220963669301129e-01 2.089299214192285735e-04 -1.012276000000000009e-01 -5.133400787724444470e-03 -6.784302256203623125e-05 9.999868217100047474e-01 6.392604799999999976e+00
9.997245680768378495e-01 -2.268417631961379063e-02 6.017983738822328156e-03 -2.334119999999999945e-02 2.267949921181160525e-02 9.997424305610577155e-01 8.443052589452731569e-04 -1.028266000000000041e-01 -6.035586059488646550e-03 -7.075878528627499052e-04 9.999815353397026874e-01 6.497508500000000353e+00
9.998064678631919389e-01 -1.892183341833012997e-02 5.384332736476928408e-03 -2.345240000000000172e-02 1.893271552264432292e-02 9.998188048241907211e-01 -1.977322145092508861e-03 -1.047949999999999993e-01 -5.345942561116310762e-03 2.078879509691590206e-03 9.999835494437483430e-01 6.602077500000000043e+00
9.999369223285844432e-01 -1.015559768597593115e-02 4.797415937673361885e-03 -2.394630000000000022e-02 1.018438820291597477e-02 9.999300439280905950e-01 -6.015437382194468129e-03 -1.067392999999999953e-01 -4.735989967340299353e-03 6.063916688691974900e-03 9.999703992186077528e-01 6.707367900000000382e+00
9.999817645826740709e-01 -2.602491917996543978e-03 5.449544745952673505e-03 -2.416029999999999914e-02 2.619078125863419457e-03 9.999919534131574972e-01 -3.038673840372686352e-03 -1.089398000000000033e-01 -5.441592771606626119e-03 3.052891212327128821e-03 9.999805342722195567e-01 6.813590999999999731e+00
9.999765296092568700e-01 -4.610222960521576964e-03 5.068143139388348734e-03 -2.426359999999999975e-02 4.609723216250422549e-03 9.999893690883573383e-01 1.102820871349919561e-04 -1.107496000000000036e-01 -5.068597685416684553e-03 -8.691676167839615592e-05 9.999871507989389618e-01 6.918174300000000443e+00
9.999741312383305658e-01 -7.095978386413041503e-03 1.176411869038032328e-03 -2.428779999999999828e-02 7.100700056919076811e-03 9.999665507510225870e-01 -4.059241037976605258e-03 -1.128596999999999934e-01 -1.147568232273801824e-03 4.067489378263073295e-03 9.999910692687760116e-01 7.024045899999999953e+00
9.999987194675361568e-01 -1.114815347965547772e-03 -1.148150699103499392e-03 -2.539949999999999847e-02 1.104762802606440095e-03 9.999613771806938889e-01 -8.719153975008456237e-03 -1.154908000000000046e-01 1.157826600959126250e-03 8.717874375664576292e-03 9.999613283042161349e-01 7.131157899999999827e+00
9.999898705989443970e-01 4.363136715422708152e-03 -1.105322355268854645e-03 -2.586669999999999942e-02 -4.368019366236001490e-03 9.999805401271247840e-01 -4.454186107486986929e-03 -1.176162999999999931e-01 1.085866622893432798e-03 4.458969058703275007e-03 9.999894691888564502e-01 7.237869700000000073e+00
9.999891867694070680e-01 4.595886077075437594e-03 -7.100531152834391397e-04 -2.651359999999999828e-02 -4.596887188687367835e-03 9.999884334579779432e-01 -1.414771512956996321e-03 -1.197566000000000047e-01 7.035427737256012013e-04 1.418020248775324430e-03 9.999987471222849811e-01 7.345431300000000441e+00
9.999999315197428684e-01 2.515761605266392275e-04 -2.714220790941233993e-04 -2.729250000000000079e-02 -2.516238183646400781e-04 9.999999529310419355e-01 -1.755658505151934607e-04 -1.217342000000000007e-01 2.713778981359767778e-04 1.756341347523290115e-04 9.999999477533422221e-01 7.452874699999999741e+00
9.999876051788734177e-01 -4.978599458297653518e-03 5.510041232874799956e-05 -2.701440000000000091e-02 4.978570017493695599e-03 9.999874705273352760e-01 5.221387963262761949e-04 -1.231567999999999968e-01 -5.769924187818410542e-05 -5.218580032485209625e-04 9.999998621675014743e-01 7.561549199999999971e+00
9.999316928423915840e-01 -1.163737155840316971e-02 1.086845233066740949e-03 -2.732909999999999853e-02 1.163542249221164761e-02 9.999307169677758012e-01 1.782752853764946622e-03 -1.246196999999999999e-01 -1.107516490489501891e-03 -1.769985175514409825e-03 9.999978202774753022e-01 7.669801200000000208e+00
9.999944101166440280e-01 -3.066581599784023310e-03 1.332596246815725104e-03 -2.747590000000000102e-02 3.076565717026676604e-03 9.999667209572443705e-01 -7.555906392045662681e-03 -1.262639000000000122e-01 -1.309381095776713470e-03 7.559963975337874106e-03 9.999705657997327579e-01 7.778911599999999815e+00
9.998922401095345913e-01 1.406218205356956838e-02 4.214641696402992438e-03 -2.918600000000000014e-02 -1.404379524278946342e-02 9.998918713243237777e-01 -4.360902970779344766e-03 -1.282619999999999871e-01 -4.275509784270962663e-03 4.301243475346877045e-03 9.999816094912197251e-01 7.888498300000000185e+00
9.999106601078253664e-01 1.270053211097988202e-02 4.167527664084574521e-03 -2.892700000000000132e-02 -1.269449412885699166e-02 9.999183380573198887e-01 -1.472085425417150439e-03 -1.303963999999999956e-01 -4.185883603894968372e-03 1.419049254000400925e-03 9.999902322911305985e-01 7.999202699999999666e+00
9.999664421393282820e-01 7.982143553727356206e-03 1.843903332940267188e-03 -2.849640000000000159e-02 -7.978113407534622586e-03 9.999657920201036054e-01 -2.182772563382736220e-03 -1.322283999999999959e-01 -1.861263460678181303e-03 2.167988444302447731e-03 9.999959177538852995e-01 8.109256699999999540e+00
9.999590956346356974e-01 8.974921820898467545e-03 1.121532821680725584e-03 -2.898680000000000007e-02 -8.972080305450418763e-03 9.999565912173391524e-01 -2.513454990994695194e-03 -1.343368000000000062e-01 -1.144042199350746693e-03 2.503289697172099253e-03 9.999962123468958408e-01 8.220160500000000425e+00
9.999541574264911858e-01 9.547458690820456381e-03 7.273774969523091362e-04 -2.933699999999999850e-02 -9.545911773133903058e-03 9.999522289234928918e-01 -2.101294686124839748e-03 -1.364715999999999985e-01 -7.474047735592701490e-04 2.094254875957057577e-03 9.999975277382534555e-01 8.333153700000000441e+00
9.999645031051290767e-01 8.421984566882794593e-03 2.504109973407546430e-04 -2.971170000000000061e-02 -8.421040008202672345e-03 9.999582050826748558e-01 -3.560080478798734790e-03 -1.382307999999999870e-01 -2.803834742831271378e-04 3.557845385969146419e-03 9.999936315403799014e-01 8.444711699999999155e+00
9.999636160755257519e-01 8.493282866846082330e-03 -7.941481614524010905e-04 -2.988330000000000153e-02 -8.496134567360823925e-03 9.999572118647782615e-01 -3.659253616839956182e-03 -1.407599999999999962e-01 7.630351052841314718e-04 3.665867668478851003e-03 9.999929895712595940e-01 8.557672500000000682e+00
9.999519809912096324e-01 9.754459229532897943e-03 -9.414015587851982557e-04 -3.136599999999999805e-02 -9.758460995542105401e-03 9.999429483439471467e-01 -4.344248636155388990e-03 -1.428827000000000014e-01 8.989720540629272559e-04 4.353226660034490575e-03 9.999901205846447594e-01 8.669702499999999645e+00
9.999479707264661288e-01 1.000930174303360162e-02 -1.967160044173123842e-03 -3.141900000000000248e-02 -1.001838239847026649e-02 9.999389479830453897e-01 -4.661793719007111675e-03 -1.449584999999999901e-01 1.920378645087433269e-03 4.681258930828064574e-03 9.999871988984069260e-01 8.783866899999999589e+00
9.999702492533987241e-01 7.400557410504580297e-03 -2.175398379489760625e-03 -3.191179999999999711e-02 -7.411287624183795705e-03 9.999602022539336721e-01 -4.966560582905705547e-03 -1.472041000000000044e-01 2.138556486810918190e-03 4.982535327107905608e-03 9.999853003508936133e-01 8.897214899999999815e+00
9.999858094297868760e-01 5.012106920443216984e-03 -1.805470374183481934e-03 -3.252519999999999717e-02 -5.019038708303094967e-03 9.999799720787247992e-01 -3.855475570823836684e-03 -1.498347999999999902e-01 1.786110158574837330e-03 3.864482585121765089e-03 9.999909377513631625e-01 9.011648199999999775e+00
9.999863217593825127e-01 4.907393189847729029e-03 -1.809360721618191292e-03 -3.337009999999999976e-02 -4.914553798267351850e-03 9.999800248189453233e-01 -3.974559606491485410e-03 -1.521491000000000093e-01 1.789819852564643234e-03 3.983397442115703922e-03 9.999904644993938829e-01 9.125322300000000553e+00
9.999752526225168525e-01 6.909527054306164109e-03 -1.323849847779196226e-03 -3.402379999999999988e-02 -6.915155492529629147e-03 9.999668652229618537e-01 -4.295239303807067352e-03 -1.541317000000000104e-01 1.294127910135284146e-03 4.304287635444790927e-03 9.999898991194379194e-01 9.239918700000000484e+00
9.999791900687262647e-01 6.439448241966170584e-03 -3.910701129255760434e-04 -3.433119999999999922e-02 -6.440079950838623578e-03 9.999779239502615269e-01 -1.636148633733047839e-03 -1.563869999999999982e-01 3.805255851992242499e-04 1.638633108386050585e-03 9.999985850399064624e-01 9.354653400000000119e+00
9.999781705599339876e-01 6.524579662301735992e-03 1.043198848684202514e-03 -3.527609999999999774e-02 -6.519714693615934024e-03 9.999681624101620647e-01 -4.600813662567298373e-03 -1.587090999999999918e-01 -1.073184010999965075e-03 4.593911870519067422e-03 9.999888720629867001e-01 9.468451500000000465e+00
9.999786621730680780e-01 6.426466040391176984e-03 1.172916362206102110e-03 -3.598520000000000191e-02 -6.423052319512480984e-03 9.999751918544467211e-01 -2.891379353053374641e-03 -1.612380999999999953e-01 -1.191468615548552231e-03 2.883783954140282848e-03 9.999951320844737701e-01 9.583833699999999567e+00
9.999738218040881144e-01 7.197248337768556888e-03 7.451998997074318117e-04 -3.640150000000000330e-02 -7.195447810936416756e-03 9.999712532061110215e-01 -2.391295088438146008e-03 -1.635497999999999952e-01 -7.623892221998843956e-04 2.385870441659777765e-03 9.999968631875350011e-01 9.698494000000000170e+00
9.999534092311086475e-01 9.603830791082085955e-03 9.725231201740693575e-04 -3.689479999999999843e-02 -9.601936309852045215e-03 9.999520295186850039e-01 -1.934290713531767710e-03 -1.658507999999999927e-01 -9.910530684854252162e-04 1.924862488380394776e-03 9.999976563563617304e-01 9.813171399999999878e+00
9.999690882025177308e-01 7.851034911548142314e-03 4.288242564528456802e-04 -3.728820000000000051e-02 -7.850440665383116856e-03 9.999682459342938978e-01 -1.370293563709801352e-03 -1.679391000000000078e-01 -4.395688621469853036e-04 1.366884746091508521e-03 9.999989692021218346e-01 9.929012300000000124e+00
9.999942605620797398e-01 3.230854820282127397e-03 1.020009818404958276e-03 -3.830250000000000321e-02 -3.230735660930841944e-03 9.999947741449422001e-01 -1.184478588977079468e-04 -1.697118999999999989e-01 -1.020387175817361524e-03 1.151517969787545123e-04 9.999994727748986456e-01 1.004476449999999943e+01
9.999998964769176713e-01 -4.549959116495578496e-04 4.987430775638818939e-06 -3.826559999999999684e-02 4.550037454497395280e-04 9.999984463829639791e-01 -1.702998311785803827e-03 -1.718319000000000096e-01 -4.212565757672759619e-06 1.703000404785852276e-03 9.999985498848863452e-01 1.016129880000000085e+01
9.999905139057142511e-01 -4.021997619602894411e-03 1.672014872340410289e-03 -3.925309999999999910e-02 4.019180267103759918e-03 9.999905034990148600e-01 1.684963432052991083e-03 -1.736900999999999862e-01 -1.678775912962362799e-03 -1.678227319149791898e-03 9.999971826282808562e-01 1.027728839999999977e+01
9.999867696551604235e-01 -4.396490985793265888e-03 2.670464687814089536e-03 -3.917489999999999861e-02 4.398279749722995222e-03 9.999901068518824987e-01 -6.643294392001537459e-04 -1.764113999999999960e-01 -2.667517550120349773e-03 6.760661006513490326e-04 9.999962136352054110e-01 1.045115470000000002e+01
9.999887898100479067e-01 -1.060397908110419210e-05 4.734991213439072866e-03 -3.962419999999999831e-02 1.419595026439676814e-05 9.999997121861252669e-01 -7.585684817685433992e-04 -1.786175000000000124e-01 -4.734981806798592430e-03 7.586271957715394953e-04 9.999885021499332893e-01 1.056586069999999999e+01
9.999790403920618687e-01 1.346496317450876544e-03 6.332908039621443219e-03 -3.980589999999999823e-02 -1.340289388953902006e-03 9.999986174381093607e-01 -9.842490659265686493e-04 -1.807918000000000025e-01 -6.334224571726854505e-03 9.757405070053078600e-04 9.999794625538757087e-01 1.068173889999999915e+01
9.999683331161165478e-01 1.236252174077404585e-03 7.861580346058771873e-03 -3.938219999999999915e-02 -1.218926840696162375e-03 9.999968190134903567e-01 -2.208207476144906280e-03 -1.831440000000000012e-01 -7.864285239770944791e-03 2.198554857801067724e-03 9.999666591312956765e-01 1.079692359999999951e+01
9.999520596811678486e-01 1.865913673646535115e-04 9.789970533750696688e-03 -3.935389999999999722e-02 -1.746042458265099429e-04 9.999992341140979679e-01 -1.225269184652449115e-03 -1.851779000000000064e-01 -9.790191660402838489e-03 1.223501074435372248e-03 9.999513264116276501e-01 1.091313360000000010e+01
9.999511889142624899e-01 -1.425710600907162309e-03 9.776867506273968778e-03 -3.848290000000000044e-02 1.458250245078758413e-03 9.999934191973438580e-01 -3.321907317770726644e-03 -1.873659000000000019e-01 -9.772067088160137777e-03 3.336002291304953921e-03 9.999466874756557377e-01 1.102928829999999927e+01
9.999595126665772327e-01 -1.765518018381244869e-03 8.823603217971076260e-03 -3.769159999999999872e-02 1.816030956839197663e-03 9.999819915265150128e-01 -5.720022222749508896e-03 -1.897529000000000021e-01 -8.813345516046676084e-03 5.735814570897292651e-03 9.999447111575835434e-01 1.114398380000000088e+01
9.999698450894117796e-01 -1.941866291742314109e-03 7.519179952823082554e-03 -3.777289999999999814e-02 1.992881353011816126e-03 9.999750085445823222e-01 -6.783119501774476784e-03 -1.922522999999999871e-01 -7.505820126459158102e-03 6.797899790930312172e-03 9.999487242967319833e-01 1.126024529999999935e+01
9.999754572378146689e-01 -2.018909334591438044e-03 6.708869287894572882e-03 -3.765439999999999759e-02 2.065840702854051213e-03 9.999733946953730523e-01 -6.995870467781940306e-03 -1.936267000000000127e-01 -6.694566768192469590e-03 7.009558225041830591e-03 9.999530233312342586e-01 1.131893829999999923e+01
9.999851418109121370e-01 -1.879959178132499477e-03 5.116826252528267061e-03 -3.715419999999999834e-02 1.911608534038093882e-03 9.999790300626276718e-01 -6.187502551042857284e-03 -1.962377999999999900e-01 -5.105086700791653873e-03 6.197191984691495341e-03 9.999677659311235756e-01 1.143364240000000009e+01
9.999948939462198760e-01 -4.862016665870774897e-04 3.158431482215825602e-03 -3.654310000000000197e-02 4.969956056240191090e-04 9.999940364358836931e-01 -3.417614377972874595e-03 -1.987073000000000034e-01 -3.156750996900852067e-03 3.419166654017386647e-03 9.999891720526455918e-01 1.154973979999999933e+01
9.999888167856825216e-01 1.432859963803546281e-04 4.727131550309944183e-03 -3.653030000000000166e-02 -1.259128008249940428e-04 9.999932381287037764e-01 -3.675301734006605238e-03 -2.006739999999999913e-01 -4.727626205325756795e-03 3.674665425946264941e-03 9.999820730315469586e-01 1.166650390000000037e+01
9.999823796369402551e-01 -3.066604320542712283e-03 5.082947332360543587e-03 -3.601320000000000215e-02 3.090950959534322518e-03 9.999837558495517920e-01 -4.788951784032482659e-03 -2.031795000000000129e-01 -5.068178943967571216e-03 4.804578541897594826e-03 9.999756144962869131e-01 1.178332230000000003e+01
9.999739385542926184e-01 -4.255650191176732142e-03 5.831951102855299079e-03 -3.634910000000000224e-02 4.295443529017563614e-03 9.999674640904255840e-01 -6.827878546995347353e-03 -2.045212999999999892e-01 -5.802704292377721534e-03 6.852751419235605240e-03 9.999596833977264509e-01 1.184281829999999935e+01
9.999853363728117284e-01 -4.184860465067930663e-03 3.437147399014085000e-03 -3.631380000000000025e-02 4.213833038952872340e-03 9.999552866588927724e-01 -8.465712849565609072e-03 -2.074946000000000013e-01 -3.401565885657232505e-03 8.480072276778216622e-03 9.999582579906554081e-01 1.196195220000000070e+01
9.999977601690676066e-01 -1.948916310302982067e-03 8.254586987272701046e-04 -3.650710000000000066e-02 1.952671400291347602e-03 9.999876373658398432e-01 -4.572984789833447333e-03 -2.101458999999999966e-01 -8.165361292396895645e-04 4.574586396713788833e-03 9.999892031557383598e-01 1.208156199999999991e+01
9.999910246422478721e-01 -3.874826132388649574e-03 1.713580284387268213e-03 -3.691690000000000249e-02 3.876755222458368091e-03 9.999918537973034871e-01 -1.123880766670142580e-03 -2.120440000000000103e-01 -1.709211482650552314e-03 1.130513810754791085e-03 9.999979002651112614e-01 1.220225240000000078e+01
9.999803767174186842e-01 -5.835538206331155643e-03 2.278743937283223865e-03 -3.696289999999999992e-02 5.840796977788754139e-03 9.999802790228339289e-01 -2.307954956094112383e-03 -2.145142999999999911e-01 -2.265230838901291337e-03 2.321219347143862067e-03 9.999947403211623120e-01 1.232211299999999987e+01
9.999833201430758933e-01 -4.784931600335996273e-03 3.234789824816643872e-03 -3.721069999999999933e-02 4.792222293672898127e-03 9.999859862763381679e-01 -2.249856979284637921e-03 -2.169076000000000060e-01 -3.223979081609519570e-03 2.265321283905956298e-03 9.999922371090498308e-01 1.244167140000000060e+01
9.999862370279407608e-01 -2.755610403885746813e-03 4.464567840353507282e-03 -3.762630000000000141e-02 2.772360802018799652e-03 9.999891256328753419e-01 -3.750017544062071457e-03 -2.194245999999999974e-01 -4.454185703644587303e-03 3.762343325553940600e-03 9.999830023567490844e-01 1.256148819999999944e+01
9.999744477091209172e-01 -4.700703151299987816e-03 5.385844290541167388e-03 -3.744469999999999743e-02 4.706835693349366127e-03 9.999882882432962194e-01 -1.126531845141340001e-03 -2.216895999999999867e-01 -5.380485721048696400e-03 1.151853343817489444e-03 9.999848616890557595e-01 1.268165680000000073e+01
9.999746440501021683e-01 -4.702694700221381197e-03 5.347515257394771029e-03 -3.736330000000000207e-02 4.714839658064387887e-03 9.999863294270914249e-01 -2.260806478094465680e-03 -2.239163999999999877e-01 -5.336810271154804330e-03 2.285961830206347661e-03 9.999831462752962752e-01 1.280107880000000087e+01
9.999906778904292803e-01 -1.075018256203926197e-03 4.181921566510627374e-03 -3.699739999999999973e-02 1.105362233141341226e-03 9.999730316013598630e-01 -7.260457583324636532e-03 -2.266537000000000135e-01 -4.174003662332272276e-03 7.265012438705090864e-03 9.999648980277718868e-01 1.292138959999999948e+01
