1.000000000000000000e+00 0.000000000000000000e+00 0.000000000000000000e+00 0.000000000000000000e+00 0.000000000000000000e+00 1.000000000000000000e+00 0.000000000000000000e+00 0.000000000000000000e+00 0.000000000000000000e+00 0.000000000000000000e+00 1.000000000000000000e+00 0.000000000000000000e+00
9.999998093749958850e-01 -5.748138650974195631e-04 -2.254750374414320267e-04 -2.149999999999999947e-04 5.751857001055686548e-04 9.999984691440865214e-01 1.652534687676372217e-03 -8.061000000000000240e-04 2.245247924206067870e-04 -1.652664062679207613e-03 9.999986091440895564e-01 5.192120000000000068e-02
9.999986662512491131e-01 -1.493019047415755727e-03 -6.621101470206229318e-04 -2.511999999999999802e-04 1.494178751372984316e-03 9.999973445671178629e-01 1.754505221351847178e-03 -1.642500000000000080e-03 6.594888791172982302e-04 -1.755492192195446397e-03 9.999982416592447798e-01 1.040400999999999965e-01
9.999942279051612370e-01 -3.306347615856538354e-03 -7.824460388015465123e-04 -3.938999999999999793e-04 3.306842554623294714e-03 9.999943326003626343e-01 6.321071699091983893e-04 -2.365700000000000094e-03 7.803516383329548367e-04 -6.346909471844707591e-04 9.999994941092331668e-01 1.560210999999999959e-01
9.999932515356055873e-01 -3.598332670546698121e-03 -7.408678958261918522e-04 -5.714999999999999594e-04 3.598854384335240138e-03 9.999932762451031465e-01 7.040679690958682839e-04 -3.213399999999999937e-03 7.383294436365662019e-04 -7.067294933933549426e-04 9.999994777013914149e-01 2.085667999999999966e-01
9.999911690235652184e-01 -4.131853298484355723e-03 -7.678953074478190406e-04 -6.015000000000000381e-04 4.132925981369541153e-03 9.999904785537191421e-01 1.400615841804159385e-03 -3.865200000000000059e-03 7.621008567880318369e-04 -1.403777127465788942e-03 9.999987243052165242e-01 2.608342000000000160e-01
9.999842164981234127e-01 -5.563698670812994296e-03 -7.823117885845696584e-04 -6.763999999999999613e-04 5.565846636582584550e-03 9.999806717362536013e-01 2.770831126032485738e-03 -4.823799999999999616e-03 7.668805984030337792e-04 -2.775141620051460329e-03 9.999958552329786254e-01 3.137653000000000247e-01
9.999872260810748203e-01 -4.957911225043647521e-03 -9.832552882018126116e-04 -1.036299999999999982e-03 4.960846627046027607e-03 9.999831775396647027e-01 3.005767525645187000e-03 -5.334900000000000059e-03 9.683364188734595521e-04 -3.010606908894507706e-03 9.999949992728063286e-01 3.664525000000000143e-01
9.999905731250960939e-01 -4.145839167609104668e-03 -1.290611691410318640e-03 -1.142599999999999909e-03 4.147339662890127225e-03 9.999907244751882196e-01 1.162126201772986428e-03 -6.087600000000000303e-03 1.285781731984537166e-03 -1.167467851611835679e-03 9.999984918909393672e-01 4.190666000000000113e-01
9.999980856293845255e-01 -1.330494664162533555e-03 -1.434754862244340054e-03 -1.668800000000000014e-03 1.329103761551303454e-03 9.999986463354690880e-01 -9.699538238914945940e-04 -6.936300000000000278e-03 1.436043438454743994e-03 9.680450289560827088e-04 9.999985003329078248e-01 4.720001999999999809e-01
9.999973810521070039e-01 2.010093326131992195e-03 -1.094264020806824320e-03 -2.215200000000000068e-03 -2.011902671740932284e-03 9.999966067714831652e-01 -1.654899742876958990e-03 -7.967000000000000123e-03 1.090933804790369423e-03 1.657096961487815627e-03 9.999980319446102328e-01 5.248089000000000226e-01
9.999902101830315804e-01 4.303192790436176536e-03 -1.030567758326363537e-03 -2.611899999999999899e-03 -4.305181953568787238e-03 9.999888590095573626e-01 -1.935785398779345896e-03 -8.771599999999999189e-03 1.022226219008958749e-03 1.940203229509678559e-03 9.999975953296014186e-01 5.782825999999999800e-01
9.999841083088394367e-01 5.526375303660348640e-03 -1.114587716797093469e-03 -2.761299999999999952e-03 -5.527578944093435379e-03 9.999841399081982329e-01 -1.079723611835979981e-03 -9.667600000000000152e-03 1.108603081430354536e-03 1.085867424796514496e-03 9.999987959448469743e-01 6.318582000000000365e-01
9.999952031336806213e-01 3.004828690880920802e-03 -7.514746617273119654e-04 -2.857699999999999910e-03 -3.003561669413161699e-03 9.999940755197184172e-01 1.681529887295866955e-03 -1.058800000000000019e-02 7.565229188804168834e-04 -1.679264720732286326e-03 9.999983038700970273e-01 6.852593000000000156e-01
9.999987168544207661e-01 -1.456359854929664124e-03 -6.673121344721434731e-04 -2.845100000000000146e-03 1.458834293879460913e-03 9.999920065912576428e-01 3.722708166521579431e-03 -1.153219999999999940e-02 6.618851976481531299e-04 -3.723676887571542721e-03 9.999928480436357514e-01 7.390402999999999833e-01
9.999873078105149249e-01 -4.956942579804370953e-03 -9.016308219290945000e-04 -3.131699999999999848e-03 4.956225663495170998e-03 9.999874013152239005e-01 -7.956368504581228266e-04 -1.294170000000000043e-02 9.055633887486819709e-04 7.911580662658123124e-04 9.999992770116702401e-01 8.462030000000000385e-01
9.999964972585070333e-01 -2.613286650442650082e-03 -4.197661246971364792e-04 -3.302199999999999927e-03 2.612304993499894954e-03 9.999938912610651931e-01 -2.322348633163546019e-03 -1.399899999999999929e-02 4.258325231361869963e-04 2.321243941432979060e-03 9.999972152427358818e-01 9.002575000000000438e-01
9.999997508503664090e-01 5.968542232786513881e-04 3.769141034039745139e-04 -3.847999999999999858e-03 -5.967457226727145101e-04 9.999997805004480211e-01 -2.879124837739866134e-04 -1.478789999999999966e-02 -3.770858624533728097e-04 2.876874901616754206e-04 9.999998875210739380e-01 9.543941999999999704e-01
9.999975403253014150e-01 -1.486385721053170086e-03 1.646208017044601540e-03 -4.636099999999999770e-03 1.478403659346857156e-03 9.999871971565484907e-01 4.839405501739258396e-03 -1.592800000000000119e-02 -1.653380164137241860e-03 -4.836959838419544778e-03 9.999869349914299876e-01 1.063211099999999965e+00
9.999785473154864102e-01 -6.437772219597241892e-03 1.208303628330558571e-03 -4.740799999999999875e-03 6.436156066269504809e-03 9.999783943369419115e-01 1.336695328902959062e-03 -1.781939999999999913e-02 -1.216882862183969911e-03 -1.328889822472402232e-03 9.999983766226521187e-01 1.172032100000000021e+00
9.999903830529619508e-01 -3.842329672108317148e-03 2.114309410001401299e-03 -4.889100000000000390e-03 3.846847610514098070e-03 9.999903175844789827e-01 -2.136937236872041290e-03 -1.931760000000000074e-02 -2.106078121026486952e-03 2.145050112161562064e-03 9.999954815872741376e-01 1.282712199999999969e+00
9.999937883150726847e-01 -2.311293967229377608e-03 2.661062093719429415e-03 -4.907299999999999857e-03 2.321091183835690113e-03 9.999905184110035039e-01 -3.684511339205020098e-03 -2.135499999999999898e-02 -2.652520873791869814e-03 3.690665019946841579e-03 9.999896715090234034e-01 1.391974100000000103e+00
9.999980041767932981e-01 -2.412099567194123659e-04 1.983295284844640433e-03 -5.001900000000000096e-03 2.427897739080478446e-04 9.999996534322049824e-01 -7.963595894379935959e-04 -2.365180000000000060e-02 -1.983102507636265097e-03 7.968395238588444653e-04 9.999977161730008168e-01 1.502121299999999993e+00
9.999884334737478842e-01 4.320620326345002080e-03 2.113092216485243369e-03 -5.459099999999999717e-03 -4.318954286802421938e-03 9.999903593489664066e-01 -7.923654419067484517e-04 -2.547639999999999974e-02 -2.116495355134777843e-03 7.832299283042654667e-04 9.999974534959031880e-01 1.613786299999999896e+00
9.999696971265508161e-01 7.564778348945058913e-03 1.838193995639928477e-03 -5.920400000000000142e-03 -7.563906556951697883e-03 9.999712776833187267e-01 -4.807556434584640565e-04 -2.718419999999999864e-02 -1.841778008332631755e-03 4.668371475644701946e-04 9.999981949567937622e-01 1.725969800000000109e+00
9.999846432198176149e-01 5.493793982936692397e-03 7.290762698261483467e-04 -6.232099999999999966e-03 -5.492962057297644599e-03 9.999842658030180242e-01 -1.138206587638221834e-03 -2.912750000000000061e-02 -7.353178708990096811e-04 1.134184320162822139e-03 9.999990864663610424e-01 1.838409399999999971e+00
9.999851373905140894e-01 5.352533004692606143e-03 -1.037009406075990953e-03 -6.887599999999999799e-03 -5.352227891447731804e-03 9.999856326870069090e-01 2.967762868077521415e-04 -3.125270000000000131e-02 1.038583011907425824e-03 -2.912215652708030752e-04 9.999994182674943888e-01 1.951807000000000070e+00
9.999794527165246638e-01 5.709340386579496093e-03 -2.915060395628382185e-03 -7.788999999999999917e-03 -5.708600356605929987e-03 9.999836714537458926e-01 2.621218331887254036e-04 -3.316369999999999735e-02 2.916509339698307099e-03 -2.454755324831017641e-04 9.999957168483445402e-01 2.065362200000000037e+00
9.999784058434664225e-01 4.394633957285669357e-03 -4.886209076679227069e-03 -8.911799999999999236e-03 -4.384914378695526499e-03 9.999883899484206529e-01 1.998122683145800958e-03 -3.485520000000000285e-02 4.894933365333995444e-03 -1.976653926934164064e-03 9.999860661362246494e-01 2.179844399999999904e+00
9.999826108854767970e-01 5.912233541887517742e-04 -5.867570332818210395e-03 -9.646399999999999419e-03 -5.831712843094361866e-04 9.999988861316213562e-01 1.373916580339338634e-03 -3.654219999999999691e-02 5.868376088686161514e-03 -1.370470890619812426e-03 9.999818418209500681e-01 2.293793899999999830e+00
9.999819296814141945e-01 -2.111886436888379959e-03 -5.628520792608211407e-03 -1.064679999999999967e-02 2.126491014856866923e-03 9.999943848872306917e-01 2.590025091143426713e-03 -3.839950000000000307e-02 5.623019348968050571e-03 -2.601947287457300872e-03 9.999808055776442384e-01 2.406684400000000057e+00
9.999705047883052922e-01 -5.832108145626315604e-03 -4.997606226955034550e-03 -1.141859999999999924e-02 5.848590494846287943e-03 9.999774853314806755e-01 3.289805366857754491e-03 -4.059019999999999989e-02 4.978307206829868728e-03 -3.318937285627978403e-03 9.999821003961263388e-01 2.518898500000000151e+00
9.999627319162505135e-01 -7.683882560821447827e-03 -3.936080205033583648e-03 -1.217150000000000003e-02 7.691566902493514324e-03 9.999685358972848492e-01 1.940879703862074699e-03 -4.204009999999999692e-02 3.921042868092559225e-03 -1.971081995225319652e-03 9.999903700829296804e-01 2.631891700000000167e+00
9.999936196244967324e-01 -2.507514251110798138e-03 -2.544225339420140650e-03 -1.303099999999999918e-02 2.515671341610622742e-03 9.999916900297353139e-01 3.208000806543101751e-03 -4.433539999999999703e-02 2.536160089243241680e-03 -3.214380773066319915e-03 9.999916177889930369e-01 2.742872499999999825e+00
9.999886891495781693e-01 4.611521390746182308e-03 -1.164235101265792202e-03 -1.409400000000000062e-02 -4.605623812781952514e-03 9.999768012769245651e-01 5.018479577039395602e-03 -4.606629999999999753e-02 1.187350918416623345e-03 -5.013060784861488907e-03 9.999867296216304879e-01 2.854913699999999999e+00
9.999191138910338283e-01 1.271030350949036054e-02 4.624500691664219310e-04 -1.553679999999999992e-02 -1.271193698619398245e-02 9.999122812891115819e-01 3.719729192257962766e-03 -4.733559999999999851e-02 -4.151306166357942836e-04 -3.725306953975697326e-03 9.999929748526585893e-01 2.966269500000000114e+00
9.998969599532305796e-01 1.431170026295350457e-02 1.115666559017030766e-03 -1.602570000000000036e-02 -1.431591060592349481e-02 9.998900641482770801e-01 3.861906404558284895e-03 -4.912819999999999687e-02 -1.060273460358007605e-03 -3.877480256266646347e-03 9.999919204508862514e-01 3.077094100000000054e+00
9.999315716286727440e-01 1.165923225523506426e-02 9.562235256851653971e-04 -1.653400000000000009e-02 -1.166194561846578548e-02 9.999278414372005930e-01 2.882870640992277536e-03 -5.086700000000000249e-02 -9.225424676047095556e-04 -2.893824797605205543e-03 9.999953873360798440e-01 3.187328599999999845e+00
9.999350696013369344e-01 1.137551896802062139e-02 6.739062083450467764e-04 -1.668559999999999835e-02 -1.137729244631648269e-02 9.999316608919820437e-01 2.689007696754776907e-03 -5.172229999999999883e-02 -6.432712961362932772e-04 -2.696500326426748157e-03 9.999961575366324018e-01 3.241415299999999888e+00
9.999363805184160459e-01 1.127978597117613307e-02 3.666297802877166716e-05 -1.717000000000000123e-02 -1.127984063349880134e-02 9.999336984055451349e-01 2.316028560078083661e-03 -5.338620000000000171e-02 -1.053624075405886736e-05 -2.316294768091072074e-03 9.999973173301690554e-01 3.349960799999999850e+00
9.999479548228684678e-01 9.910511079592501313e-03 -2.422687702532776936e-03 -1.766720000000000096e-02 -9.902000360140052540e-03 9.999448485510682438e-01 3.500035006820032685e-03 -5.496249999999999747e-02 2.457241223509724817e-03 -3.475863392375149775e-03 9.999909401285829169e-01 3.460485900000000115e+00
9.999742517612417725e-01 5.781508090553004638e-03 -4.250879761101207174e-03 -1.875100000000000031e-02 -5.761586518121776350e-03 9.999724323915147872e-01 4.683863553898734086e-03 -5.642450000000000243e-02 4.277842369544147469e-03 -4.659251141139920602e-03 9.999799955216429614e-01 3.569037199999999910e+00
9.999792851228945789e-01 9.636026682916657479e-04 -6.364023491653179009e-03 -1.847050000000000081e-02 -9.323818417490926588e-04 9.999875260396233756e-01 4.906977608944206558e-03 -5.832650000000000334e-02 6.368672483793534449e-03 -4.900942261561997033e-03 9.999677098665451513e-01 3.676511300000000038e+00
9.999782635647493922e-01 6.657413599178374714e-04 -6.559663594283367608e-03 -1.978850000000000053e-02 -6.398490285284970077e-04 9.999919998892943251e-01 3.948512457911831225e-03 -5.994839999999999891e-02 6.562239804301803203e-03 -3.944229436948177778e-03 9.999706896019000535e-01 3.783818199999999798e+00
9.999790493699085570e-01 9.334265430362949714e-04 -6.405430207479010686e-03 -2.108370000000000036e-02 -9.177624055641305911e-04 9.999965826197170227e-01 2.447950378268617770e-03 -6.125119999999999870e-02 6.407693299547227196e-03 -2.442020429129871002e-03 9.999764887250113254e-01 3.890596599999999849e+00
9.999800767141301394e-01 1.512957094393816218e-03 -6.128387686245746757e-03 -2.185099999999999890e-02 -1.485420407050755832e-03 9.999887925573994751e-01 4.495362700454615459e-03 -6.294969999999999732e-02 6.135120293582044942e-03 -4.486169905926977453e-03 9.999711168721616694e-01 3.995731800000000167e+00
9.999786452702091877e-01 3.231123164620524485e-03 -5.680567458638063373e-03 -2.275150000000000089e-02 -3.197214123270779307e-03 9.999770784258393830e-01 5.968286585988290607e-03 -6.396309999999999496e-02 5.699721520130867670e-03 -5.949997144333982538e-03 9.999660547781485942e-01 4.048248300000000022e+00
9.999814484157446559e-01 1.957056305698847299e-03 -5.768254065627803108e-03 -2.343759999999999941e-02 -1.945723633353769284e-03 9.999961673711738053e-01 1.969619888674513895e-03 -6.538760000000000405e-02 5.772086615073955367e-03 -1.958359920846516888e-03 9.999814237487256730e-01 4.154014100000000376e+00
9.999821299432049004e-01 -1.204974151325455137e-03 -5.855581230409910229e-03 -2.499849999999999989e-02 1.218613265230012550e-03 9.999965517866774567e-01 2.326240844115950567e-03 -6.753389999999999393e-02 5.852757979029782689e-03 -2.333334963022956361e-03 9.999801501889871158e-01 4.259404199999999641e+00
9.999790434806964390e-01 -4.979689038723904108e-03 -4.137063754511151326e-03 -2.614050000000000054e-02 4.999031389665530879e-03 9.999765614582321049e-01 4.678270977146888575e-03 -6.893610000000000015e-02 4.113670453064465979e-03 -4.698854248440698274e-03 9.999804990519342018e-01 4.364145299999999672e+00
9.999748411502478174e-01 -6.153065312172360107e-03 -3.529426837426074236e-03 -2.634560000000000027e-02 6.165238952996953889e-03 9.999750477108936275e-01 3.448736616262008860e-03 -6.979879999999999418e-02 3.508118468502906782e-03 -3.470409609835497459e-03 9.999878246068553134e-01 4.416070900000000243e+00
9.999962044362270541e-01 -2.205234984140122621e-03 -1.651681508152791876e-03 -2.732019999999999935e-02 2.203560367103804627e-03 9.999970570230659606e-01 -1.015020647897972410e-03 -7.154290000000000649e-02 1.653915006334580155e-03 1.011377215411928682e-03 9.999981208388744047e-01 4.519968000000000430e+00
9.999950584858777747e-01 2.758664294309216402e-03 1.507572597630538799e-03 -2.843690000000000107e-02 -2.759728556553996386e-03 9.999959439071817169e-01 7.043205794831178821e-04 -7.325500000000000067e-02 -1.505623498741785488e-03 -7.084775902217870262e-04 9.999986155777337293e-01 4.624077800000000238e+00
9.999947933156763114e-01 1.545600402891034826e-03 2.832747947189058566e-03 -2.874739999999999934e-02 -1.556389863924133874e-03 9.999915284778994051e-01 3.810593526711734264e-03 -7.489560000000000661e-02 -2.826834294612079381e-03 -3.814982546346211943e-03 9.999887273944850774e-01 4.729011100000000134e+00
9.999792830552244327e-01 3.906020017395029492e-03 5.116294360486899409e-03 -2.882490000000000052e-02 -3.919932159244351316e-03 9.999886395736230504e-01 2.711983694927291334e-03 -7.647710000000000619e-02 -5.105643174602259721e-03 -2.731983037710683862e-03 9.999832341976816474e-01 4.832810900000000132e+00
9.999528691740541264e-01 6.301440503704144533e-03 7.385883708476269176e-03 -2.873090000000000019e-02 -6.311208101432189480e-03 9.999792392304679423e-01 1.299907825587208725e-03 -7.771530000000000105e-02 -7.377539080023569167e-03 -1.346460408954906676e-03 9.999718790853520112e-01 4.937397999999999954e+00
9.999294797674171953e-01 6.956424746068614121e-03 9.625156976106540377e-03 -2.864389999999999992e-02 -6.957329496011943268e-03 9.999757956590160646e-01 6.051777930933212372e-05 -7.923209999999999975e-02 -9.624503018147502129e-03 -1.274789001150709812e-04 9.999536752724016431e-01 5.041619299999999804e+00
9.999170737203474379e-01 5.712039534105392211e-03 1.154202265194224919e-02 -2.815900000000000000e-02 -5.738915174432005981e-03 9.999808947686933402e-01 2.296725979308918576e-03 -8.124159999999999715e-02 -1.152868314933691921e-02 -2.362774209308942785e-03 9.999307509837258579e-01 5.145628000000000313e+00
9.999300118588226871e-01 2.463633725645849627e-03 1.157159854474026223e-02 -2.702740000000000004e-02 -2.495474586993069732e-03 9.999931379396461706e-01 2.738006611648110492e-03 -8.281910000000000660e-02 -1.156477369430316052e-02 -2.766691613754115615e-03 9.999292982140857156e-01 5.250458700000000256e+00
9.999407247242756425e-01 1.391060098825932579e-04 1.088704217905392402e-02 -2.637650000000000064e-02 -1.692891299069190010e-04 9.999961450101436666e-01 2.771516920801761572e-03 -8.411749999999999783e-02 -1.088661467495658300e-02 -2.773195696269858176e-03 9.999368935120602764e-01 5.354449699999999979e+00
9.999589382613283117e-01 -2.991517343829487412e-03 8.554099324801105186e-03 -2.559490000000000029e-02 2.961612511591171955e-03 9.999894666068174232e-01 3.506497788955216174e-03 -8.579440000000000677e-02 -8.564498970061354410e-03 -3.481019878473629037e-03 9.999572650158592424e-01 5.458309200000000416e+00
9.999712971723923038e-01 -4.419859017304167588e-03 6.153834384366913685e-03 -2.511899999999999897e-02 4.398864664079589655e-03 9.999844734092796505e-01 3.420954549927149313e-03 -8.718009999999999649e-02 -6.168858973114350538e-03 -3.393786474236459329e-03 9.999752133889805439e-01 5.562476199999999871e+00
9.999821341396147867e-01 -4.190101527328857559e-03 4.263150334208869185e-03 -2.509839999999999988e-02 4.180255251954282866e-03 9.999885809267052839e-01 2.315919303995075257e-03 -8.862040000000000195e-02 -4.272805589995576012e-03 -2.298056871529679732e-03 9.999882309642474931e-01 5.666531599999999891e+00
9.999280263447972716e-01 -1.184033046004927779e-02 1.936157223820023912e-03 -2.470139999999999836e-02 1.184124225145029470e-02 9.999297841592220681e-01 -4.601447968266104494e-04 -9.048190000000000399e-02 -1.930573008458775662e-03 4.830381852478087164e-04 9.999980197790246939e-01 5.770726699999999987e+00
9.996609363377756408e-01 -2.603317932246929090e-02 -5.347285722079934923e-04 -2.426239999999999994e-02 2.603474038176725042e-02 9.996560571390695760e-01 3.155902156813275832e-03 -9.202780000000000682e-02 4.523864893605593330e-04 -3.168753624622512848e-03 9.999948771603436315e-01 5.875112099999999948e+00
9.995684659004304695e-01 -2.933660972132377462e-02 -1.498435023227751971e-03 -2.410759999999999986e-02 2.933260789442025326e-02 9.995662563697141900e-01 -2.626259916152326023e-03 -9.441299999999999693e-02 1.574830648767947070e-03 2.581173588452567464e-03 9.999954287152187371e-01 5.978879000000000055e+00
9.996681729826794038e-01 -2.575715020540745789e-02 3.363610676180129417e-04 -2.500049999999999842e-02 2.575843745556054623e-02 9.996573664246257707e-01 -4.653241110163165717e-03 -9.663470000000000393e-02 -2.163915888063486714e-04 4.660361174567431708e-03 9.999891170449820565e-01 6.082441799999999787e+00
9.994295476519268195e-01 -3.374721347392541093e-02 1.305704028615059737e-03 -2.485199999999999909e-02 3.374513684067770303e-02 9.994292201016444777e-01 1.581058703085467436e-03 -9.868069999999999620e-02 -1.358315084570157214e-03 -1.536095623316811485e-03 9.999978976929736474e-01 6.186689399999999672e+00
9.992391687780081133e-01 -3.898316974152399306e-02 1.181548449687911404e-03 -2.424089999999999925e-02 3.897993040385164254e-02 9.992364778325280028e-01 2.650734719779733288e-03 -1.001722000000000029e-01 -1.283980352775556917e-03 -2.602661281706093385e-03 9.999957887654858935e-01 6.291496300000000375e+00
9.994408196524481314e-01 -3.326334744385476411e-02 3.405543902545403023e-03 -2.448219999999999910e-02 3.325489795928352615e-02 9.994437551862584979e-01 2.508382129564030050e-03 -1.015004000000000045e-01 -3.487086772709287966e-03 -2.393728476598019645e-03 9.999910551049043805e-01 6.395501099999999717e+00
9.996206230838969864e-01 -2.703515492406295684e-02 5.264057711812852522e-03 -2.509849999999999928e-02 2.703731637319332914e-02 9.996343671647259788e-01 -3.398624919995301124e-04 -1.031151000000000012e-01 -5.252944764342551767e-03 4.820595497764485014e-04 9.999860869981607170e-01 6.499492599999999953e+00
9.997143602423523845e-01 -2.327740012644981607e-02 5.418539339822123560e-03 -2.503110000000000057e-02 2.327447594335039713e-02 9.997289313808643829e-01 6.021043409114503354e-04 -1.048981999999999970e-01 -5.431085967506814674e-03 -4.758186924606460917e-04 9.999851383404583238e-01 6.604669999999999597e+00
9.998418980192251837e-01 -1.716841159726728919e-02 4.628672438181931185e-03 -2.539989999999999956e-02 1.719013305249205217e-02 9.998412174840632938e-01 -4.694586842694250910e-03 -1.068719999999999948e-01 -4.547338886732259396e-03 4.773412114284252515e-03 9.999782678867757957e-01 6.709490299999999685e+00
9.999631649448533777e-01 -7.117139581818353669e-03 4.797403218923421489e-03 -2.592929999999999888e-02 7.140288181107668636e-03 9.999628647134575221e-01 -4.825502952685051250e-03 -1.090625999999999957e-01 -4.762881287913489983e-03 4.859580046521766103e-03 9.999768494538304742e-01 6.814559499999999659e+00
9.999785735649681095e-01 -3.808611926015477780e-03 5.324179389222363605e-03 -2.615229999999999985e-02 3.812546539579331727e-03 9.999924664558754728e-01 -7.290544411356371639e-04 -1.110161999999999954e-01 -5.321362593842784462e-03 7.493375018044988716e-04 9.999855606924797913e-01 6.920036299999999585e+00
9.999469540656351629e-01 -9.952075187287317062e-03 2.654289796751866087e-03 -2.577810000000000171e-02 9.950860589737440046e-03 9.999503783115794020e-01 4.704126410915018472e-04 -1.127100000000000046e-01 -2.658839668383786766e-03 -4.439752198811778173e-04 9.999963667222105945e-01 7.026924099999999562e+00
9.999701914976009132e-01 -7.689402425304543015e-03 -6.994330512006338577e-04 -2.619950000000000057e-02 7.683559073491219582e-03 9.999384388943636237e-01 -8.005082227388160554e-03 -1.151278000000000024e-01 7.609442920227241962e-04 7.999469472708527207e-03 9.999677142047834755e-01 7.133495299999999872e+00
9.999965919919896473e-01 2.417819897513736813e-03 -9.849626131930575620e-04 -2.832930000000000170e-02 -2.422164031584968236e-03 9.999872389616807355e-01 -4.433399959226930719e-03 -1.184927000000000064e-01 9.742308814123521506e-04 4.435770591178489312e-03 9.999896873535507602e-01 7.295589399999999891e+00
9.999965332547303687e-01 2.529790650179015738e-03 -7.305051587757074253e-04 -2.884540000000000021e-02 -2.531003144787373049e-03 9.999954130914596728e-01 -1.663676387382355144e-03 -1.202575000000000033e-01 7.262930550456323658e-04 1.665519530694254020e-03 9.999983492701830512e-01 7.404917700000000380e+00
9.999964376183377857e-01 -2.485964503019056325e-03 -9.719727998332881262e-04 -2.886390000000000136e-02 2.485630969822592851e-03 9.999968515747134079e-01 -3.442082836100463991e-04 -1.223198999999999953e-01 9.728254292242469355e-04 3.417910917156780559e-04 9.999994683946256124e-01 7.513399099999999997e+00
9.999687480542978069e-01 -7.902662687811456629e-03 -2.254709802750107630e-04 -2.912340000000000068e-02 7.902813389740437691e-03 9.999685441157256660e-01 6.755143247714870446e-04 -1.240602999999999984e-01 2.201255260364942548e-04 -6.772750687164035216e-04 9.999997464215849563e-01 7.622779399999999761e+00
9.998985195589952246e-01 -1.422340925820418135e-02 8.032513947283997577e-04 -2.909909999999999927e-02 1.422185554131484390e-02 9.998970439577623548e-01 1.907959509666650117e-03 -1.255412999999999946e-01 -8.303063840979479481e-04 -1.896342163795003031e-03 9.999978572365574303e-01 7.731833499999999582e+00
9.999855379991757776e-01 -5.208830384705124758e-03 1.338610668618601300e-03 -2.964309999999999862e-02 5.218660008617922313e-03 9.999586479503882464e-01 -7.447682656098438339e-03 -1.273187000000000069e-01 -1.299761598609094774e-03 7.454560701669157505e-03 9.999713696624178416e-01 7.841681499999999971e+00
9.999232898711123418e-01 1.172904020023977575e-02 3.980450893123422401e-03 -3.098479999999999984e-02 -1.171245952795682554e-02 9.999227384546348629e-01 -4.163581774125509755e-03 -1.295208999999999944e-01 -4.028978175341873733e-03 4.116641515242254121e-03 9.999834101611374537e-01 7.952117000000000324e+00
9.999337247886571634e-01 1.074433744746236541e-02 4.135848534106853491e-03 -3.097139999999999962e-02 -1.073810155566368163e-02 9.999411789458528821e-01 -1.527030896284341851e-03 -1.314398999999999984e-01 -4.152012194378664270e-03 1.482518530410881392e-03 9.999902814195469336e-01 8.063608199999999115e+00
9.999811602558433821e-01 5.875366748005237533e-03 1.777413557297005892e-03 -3.052819999999999839e-02 -5.871371301101220574e-03 9.999802436796477734e-01 -2.244827262140267846e-03 -1.333206000000000113e-01 -1.790567625596364279e-03 2.234349115218471540e-03 9.999959007674028566e-01 8.174326900000000506e+00
9.999738206984669642e-01 7.176707988086191044e-03 9.234609703711393154e-04 -3.092479999999999882e-02 -7.174386685137259904e-03 9.999711563293715022e-01 -2.492926992838460226e-03 -1.354671000000000070e-01 -9.413253434302912758e-04 2.486236463660940546e-03 9.999964662611785515e-01 8.286120399999999719e+00
9.999675434265180574e-01 8.027865896226530837e-03 6.822482590262502009e-04 -3.141689999999999761e-02 -8.026395044810249665e-03 9.999655152824404869e-01 -2.131954152419289570e-03 -1.376499999999999946e-01 -6.993397739202575174e-04 2.126408962447103122e-03 9.999974946512641960e-01 8.399577100000000129e+00
9.999761409989534888e-01 6.906961032331650034e-03 1.064055405810303333e-04 -3.174180000000000057e-02 -6.906534682870088364e-03 9.999697083126281028e-01 -3.589183170548438349e-03 -1.395048000000000121e-01 -1.311926656745390372e-04 3.588362642666943422e-03 9.999935532002339755e-01 8.512130700000000161e+00
9.999726730925518892e-01 7.348204038086381812e-03 -8.105341146415297919e-04 -3.204529999999999879e-02 -7.351268585392705876e-03 9.999655866667860327e-01 -3.845039965443893416e-03 -1.418793999999999889e-01 7.822520832602830989e-04 3.850893346366976531e-03 9.999922793212522310e-01 8.626648899999999287e+00
9.999610806904849492e-01 8.777505805570528369e-03 -8.902225286926837913e-04 -3.351459999999999856e-02 -8.781477050026763320e-03 9.999510460926913646e-01 -4.559723560909636347e-03 -1.439960000000000129e-01 8.501559487938490506e-04 4.567363568322197961e-03 9.999892081542167688e-01 8.739788100000000171e+00
9.999594824765926093e-01 8.804249210990242741e-03 -1.875793425683643014e-03 -3.368809999999999860e-02 -8.813516356203861951e-03 9.999487057644597110e-01 -4.990768419890844777e-03 -1.459238999999999953e-01 1.831757239370782140e-03 5.007098542352692895e-03 9.999857867137929013e-01 8.854911799999999999e+00
9.999780342442687875e-01 6.249394398148713781e-03 -2.208188991995545421e-03 -3.398140000000000188e-02 -6.260893456931209897e-03 9.999666738821373357e-01 -5.239497897319457531e-03 -1.483734999999999915e-01 2.175371712820315523e-03 5.253208043800142862e-03 9.999838356509367365e-01 8.969563499999999578e+00
9.999899240331487915e-01 4.099795810127054678e-03 -1.828525770287606602e-03 -3.457179999999999975e-02 -4.107365918405956294e-03 9.999829299287110729e-01 -4.155646327924730592e-03 -1.509690999999999950e-01 1.811457255818758579e-03 4.163114880199892016e-03 9.999896934954403127e-01 9.085068700000000774e+00
9.999891989388787206e-01 4.256783665190955364e-03 -1.865957772139374042e-03 -3.547190000000000065e-02 -4.264773475355193057e-03 9.999816648877211112e-01 -4.299022631424569314e-03 -1.533499999999999863e-01 1.847623550280379700e-03 4.306934084631119063e-03 9.999890182427040308e-01 9.199791899999999245e+00
9.999798709404404962e-01 6.158215120677767128e-03 -1.527776314595485517e-03 -3.591790000000000260e-02 -6.164893348841990299e-03 9.999712915265583923e-01 -4.405702294087164399e-03 -1.555321000000000065e-01 1.500601191985081106e-03 4.415032189483652884e-03 9.999891277843117043e-01 9.315242800000000045e+00
9.999861353854365698e-01 5.211484879166605570e-03 -7.546272282397139229e-04 -3.618299999999999988e-02 -5.212874558498979856e-03 9.999846989396637964e-01 -1.851438734446469309e-03 -1.577124000000000026e-01 7.449669366736920689e-04 1.855346842041269949e-03 9.999980013541822643e-01 9.431504199999999116e+00
9.999813826010309770e-01 6.053789814485757009e-03 7.655587583651966540e-04 -3.709509999999999891e-02 -6.050121322784663899e-03 9.999706209536662893e-01 -4.706725137349499974e-03 -1.602773000000000114e-01 -7.940297916750339293e-04 4.702005787001950141e-03 9.999886302644990232e-01 9.546545999999999310e+00
9.999846424550844493e-01 5.489338202166069332e-03 7.629024047515909485e-04 -3.782250000000000195e-02 -5.487007327198713778e-03 9.999803723787644705e-01 -3.024501251270413082e-03 -1.627869999999999873e-01 -7.794899410532485275e-04 3.020268751271790002e-03 9.999951351742176753e-01 9.663150800000000373e+00
9.999800428552275688e-01 6.288952954661183870e-03 6.024632696191060347e-04 -3.850939999999999919e-02 -6.287373454662513114e-03 9.999768835044502424e-01 -2.588704650727338599e-03 -1.651372000000000118e-01 -6.187295845415518181e-04 2.584865076005039061e-03 9.999964678168818955e-01 9.779001199999999727e+00
9.999608209364362343e-01 8.817468560885060799e-03 7.802821966107376540e-04 -3.903439999999999688e-02 -8.815546905225903410e-03 9.999581827844004067e-01 -2.432861541761570639e-03 -1.672356999999999871e-01 -8.017012475393624216e-04 2.425887610221049307e-03 9.999967361668798960e-01 9.895200700000000182e+00
9.999742901967542119e-01 7.145092227473480613e-03 6.054771330497142482e-04 -3.967380000000000212e-02 -7.144010075673641082e-03 9.999729130197052562e-01 -1.770973439576164869e-03 -1.693301999999999863e-01 -6.181145010607200533e-04 1.766602373458382638e-03 9.999982485237249863e-01 1.001216029999999968e+01
9.999963420011571680e-01 2.638762963093650629e-03 5.940659300733341702e-04 -4.025530000000000080e-02 -2.638432254262657820e-03 9.999963643266792657e-01 -5.567842158194503651e-04 -1.711798999999999960e-01 -5.955329918108210425e-04 5.552147763923691781e-04 9.999996685384489048e-01 1.012938590000000083e+01
9.999996599520132312e-01 -8.102272873620062132e-04 1.537127216357234757e-04 -4.050750000000000184e-02 8.105715151886496101e-04 9.999971340721112156e-01 -2.252736421070559904e-03 -1.731287999999999994e-01 -1.518870525865620761e-04 2.252860250185755118e-03 9.999974507722589889e-01 1.024587730000000008e+01
9.999875501221265894e-01 -4.896848157731192343e-03 9.594158990483452401e-04 -4.074409999999999837e-02 4.895518531066469191e-03 9.999870600335964976e-01 1.383352332636751713e-03 -1.750085999999999864e-01 -9.661775505604101172e-04 -1.378638271756363462e-03 9.999985829277241445e-01 1.036320779999999964e+01
9.999788913052903849e-01 -6.264224277300691618e-03 1.725235649418001890e-03 -4.112350000000000033e-02 6.264909394904899509e-03 9.999802984299189790e-01 -3.919978109880151271e-04 -1.769428999999999863e-01 -1.722746097362708867e-03 4.027979814543597718e-04 9.999984349486104040e-01 1.048008440000000085e+01
9.999906636524116266e-01 -2.212501759798502290e-03 3.711797943343327685e-03 -4.171980000000000133e-02 2.217886744106390730e-03 9.999964931634818255e-01 -1.447286816335469593e-03 -1.785286000000000095e-01 -3.708582802046676234e-03 1.455505651418034698e-03 9.999920639269589406e-01 1.059795090000000073e+01
9.999848715859301906e-01 -9.098311588020485208e-05 5.499847392717986151e-03 -4.205640000000000073e-02 9.901612458309694677e-05 9.999989288112102193e-01 -1.460332920634810523e-03 -1.810781999999999947e-01 -5.499708635703772462e-03 1.460855401688332823e-03 9.999838094221413787e-01 1.071533679999999933e+01
9.999709531266235407e-01 1.574910098662084257e-03 7.457383000299063446e-03 -4.242119999999999919e-02 -1.556264584016312652e-03 9.999956504486119391e-01 -2.505419007301739557e-03 -1.832518999999999953e-01 -7.461296373724462909e-03 2.493740571660268534e-03 9.999690546783859268e-01 1.083342840000000074e+01
9.999593114313590769e-01 2.564911459086990984e-04 9.017188808844034051e-03 -4.179780000000000301e-02 -2.335034792763078537e-04 9.999967207770783517e-01 -2.550276693833457460e-03 -1.858622000000000052e-01 -9.017813362863389900e-03 2.548067381764990494e-03 9.999560922334392865e-01 1.095027639999999991e+01
9.999500137937211708e-01 -1.900584830075023124e-03 9.816195354637152759e-03 -4.086429999999999924e-02 1.914166828813663014e-03 9.999972234610445820e-01 -1.374421897800585197e-03 -1.881730000000000069e-01 -9.813555894179273875e-03 1.393143031197088865e-03 9.999508754299915037e-01 1.106687930000000009e+01
9.999512374722193675e-01 -3.019971465798014509e-03 9.402257714132484720e-03 -3.992480000000000334e-02 3.075527794837543648e-03 9.999778653922746230e-01 -5.899987651939044182e-03 -1.905371999999999899e-01 -9.384231804488834747e-03 5.928616858561300447e-03 9.999383919500161033e-01 1.118342209999999959e+01
9.999609117873882180e-01 -3.763224083925115031e-03 8.000815072810413611e-03 -3.963160000000000294e-02 3.811866746327303469e-03 9.999742927361348066e-01 -6.073181931675603398e-03 -1.929067999999999894e-01 -7.977754649234858678e-03 6.103442582768589184e-03 9.999495504371185284e-01 1.130036070000000059e+01
9.999746928016296499e-01 -3.172218603639462287e-03 6.367949859820021957e-03 -3.955340000000000245e-02 3.218498275840900660e-03 9.999683896884595802e-01 -7.270549684692523447e-03 -1.952339999999999909e-01 -6.344684793972611356e-03 7.290860923093864070e-03 9.999532930701640066e-01 1.141690159999999921e+01
9.999814809720141140e-01 -3.626358456194975557e-03 4.887457147083520276e-03 -3.925660000000000260e-02 3.658767186700247545e-03 9.999712717723023836e-01 -6.638452587589716881e-03 -1.977819000000000105e-01 -4.863243330424680405e-03 6.656211717736616219e-03 9.999660212776620982e-01 1.153361319999999957e+01
9.999927320804663511e-01 -2.336466926044242307e-03 3.012757631818518966e-03 -3.887109999999999871e-02 2.348714900703119304e-03 9.999889663347667490e-01 -4.068260935567943187e-03 -2.002286000000000066e-01 -3.003219032936908089e-03 4.075307476516881744e-03 9.999871861901091785e-01 1.165222359999999924e+01
9.999884017536445624e-01 -1.785240605289362473e-03 4.473172718850931991e-03 -3.873660000000000297e-02 1.805140166093623880e-03 9.999884758045879396e-01 -4.448564599717440109e-03 -2.022797000000000067e-01 -4.465179410975740094e-03 4.456587707913957190e-03 9.999801003014157086e-01 1.177066609999999969e+01
9.999753673461130310e-01 -4.966435407774196301e-03 4.959760109790252967e-03 -3.827269999999999978e-02 4.993864934426037183e-03 9.999722208553100122e-01 -5.533428477511628286e-03 -2.050764999999999949e-01 -4.932140916779436009e-03 5.558060546578580223e-03 9.999723905933290968e-01 1.188959499999999991e+01
9.999652983424622832e-01 -7.034749641261242754e-03 4.462556257946522116e-03 -3.716359999999999802e-02 7.072996869173251398e-03 9.999378872678192920e-01 -8.613612578859102670e-03 -2.078161000000000036e-01 -4.401684468385738506e-03 8.644877318666192856e-03 9.999529445278843021e-01 1.201052089999999950e+01
9.999853481041637293e-01 -5.412408114967410221e-03 9.703294066262175871e-05 -3.720840000000000258e-02 5.413049087813373399e-03 9.999472216462089724e-01 -8.732286161149646272e-03 -2.106327000000000060e-01 -4.976512294292611215e-05 8.732683460673342987e-03 9.999618681544852894e-01 1.213016320000000015e+01
9.999834363154586070e-01 -5.754889863244714437e-03 -9.130930450541821129e-05 -3.737689999999999763e-02 5.754654713504819136e-03 9.999805740822564903e-01 -2.394871029763165262e-03 -2.133228000000000069e-01 1.050897497513421293e-04 2.394305908355351658e-03 9.999971281235570109e-01 1.225123499999999943e+01
9.999777226251642670e-01 -6.661866005536460841e-03 4.168869323032910385e-04 -3.802019999999999705e-02 6.663240583922622889e-03 9.999720622204012477e-01 -3.387625067617524438e-03 -2.155794000000000044e-01 -3.943073811305943606e-04 3.390327418150320196e-03 9.999941750838786669e-01 1.237304780000000015e+01
9.999690923471873383e-01 -7.794038171850150090e-03 1.033111474186739973e-03 -3.831439999999999846e-02 7.797419930807160393e-03 9.999641188016917814e-01 -3.310793194813292477e-03 -2.177805999999999909e-01 -1.007269956369583660e-03 3.318746469966262110e-03 9.999939856464653554e-01 1.249328140000000076e+01
9.999790007924798108e-01 -6.175242647021171073e-03 1.965795595709783801e-03 -3.909170000000000006e-02 6.183465497817294300e-03 9.999720420876092586e-01 -4.204735137212712789e-03 -2.204904000000000031e-01 -1.939775376429996251e-03 4.216802270348832260e-03 9.999892278670314827e-01 1.261306949999999993e+01
9.999660836907658945e-01 -7.501449050855526698e-03 3.399960336482007236e-03 -3.901639999999999969e-02 7.509213321483078699e-03 9.999692138113511763e-01 -2.276652103554756452e-03 -2.234482000000000135e-01 -3.382777474900351255e-03 2.302105915369218395e-03 9.999916285274140781e-01 1.273269750000000045e+01
9.999495666352100631e-01 -9.547257286267225168e-03 3.116739380382107637e-03 -3.870429999999999704e-02 9.556082166085985707e-03 9.999503379610802378e-01 -2.828940642050692400e-03 -2.255250000000000032e-01 -3.089575972592460782e-03 2.858581786664530187e-03 9.999911414760024320e-01 1.285265449999999987e+01
9.999894042400064853e-01 -4.000663397464819526e-03 2.277301055407949734e-03 -3.884050000000000002e-02 4.018850227783428430e-03 9.999596158303253324e-01 -8.038379893658985365e-03 -2.295132000000000005e-01 -2.245050236280249009e-03 8.047446852780155285e-03 9.999650985652390744e-01 1.303054140000000061e+01
9.999933084668506389e-01 -3.307993049588651285e-03 1.562115074517566151e-03 -3.900030000000000163e-02 3.319153250511707766e-03 9.999685957841523143e-01 -7.196573293601171532e-03 -2.312788000000000066e-01 -1.538259803082499310e-03 7.201710036819673234e-03 9.999728841970284554e-01 1.308922100000000022e+01
9.999989132427518079e-01 -1.395818428341885241e-03 -4.745568780592918350e-04 -3.965640000000000137e-02 1.395380579042454711e-03 9.999986016612779638e-01 -9.217312669034377886e-04 -2.339475000000000027e-01 4.758427839563561870e-04 9.210680777540075897e-04 9.999994626034761636e-01 1.320771219999999957e+01
9.999987593341249648e-01 -5.821851049057627167e-04 -1.463690785127387496e-03 -4.022180000000000200e-02 5.786137258545903661e-04 9.999968576949086474e-01 -2.439222512388005727e-03 -2.350297000000000081e-01 1.465106264778644413e-03 2.438372574549191492e-03 9.999959538932248204e-01 1.326637170000000054e+01
9.999939754929605407e-01 -1.084475927262271849e-03 -3.297406518364602666e-03 -4.058570000000000233e-02 1.071116505586090350e-03 9.999912227820740851e-01 -4.050563941441135199e-03 -2.362086999999999937e-01 3.301770315395329957e-03 4.047007632242709610e-03 9.999863599279786852e-01 1.332525060000000039e+01
