9.999999905352799923e-01 -3.119911545099552199e-05 1.340002052800257570e-04 -6.999999999999999895e-06 3.120088425098707457e-05 9.999999994261600245e-01 -1.319790953696784034e-05 1.529999999999999920e-05 -1.339997934400277257e-04 1.320209033694787463e-05 9.999999909348800120e-01 1.725999999999999941e-04
9.999997284255425223e-01 -7.162003219663417783e-04 -1.737985613793918303e-04 -9.181000000000000359e-04 7.161996267662971115e-04 9.999997435207634844e-01 -4.062237640831282369e-06 -1.933000000000000039e-03 1.738014261795757997e-04 3.937762072838858520e-06 9.999999848887789478e-01 6.131509999999999738e-02
9.999931323942122807e-01 -1.074677253762274225e-03 3.546862446108963157e-03 -7.449999999999999483e-05 1.068518272883631996e-03 9.999979189886933906e-01 1.737897287830758109e-03 -4.704700000000000028e-03 -3.548722743732717153e-03 -1.734095465302213810e-03 9.999921997094803894e-01 1.600939999999999863e-01
9.999943999296834196e-01 -1.215985148672056566e-04 3.344446602010049500e-03 -1.124800000000000019e-03 1.244011221355939328e-04 9.999996413134912832e-01 -8.377930828435420103e-04 -4.884200000000000000e-03 -3.344343528007534018e-03 8.382044440535798766e-04 9.999940563721749776e-01 2.416453000000000073e-01
9.999929185832365786e-01 -2.170945303516964842e-04 3.757080428372239472e-03 -4.668000000000000166e-04 2.201046384470965874e-04 9.999996551463349315e-01 -8.007878367064047518e-04 -5.553200000000000323e-03 -3.756905286069962911e-03 8.016091168232975656e-04 9.999926215155267029e-01 3.010103000000000084e-01
9.999908037353081314e-01 -5.943742327063752722e-04 4.247253710814955820e-03 -5.649000000000000158e-04 5.924229772456941984e-04 9.999997184140543283e-01 4.606591235124690600e-04 -5.922700000000000360e-03 -4.247526318761080631e-03 -4.581387164807576681e-04 9.999908742729045619e-01 3.604531000000000263e-01
9.999954354077332797e-01 -2.853689717747456920e-03 9.927833060905074444e-04 -1.260999999999999968e-03 2.852703272436839851e-03 9.999954373941333241e-01 9.936171069901968914e-04 -8.167499999999999413e-03 -9.956142513331668695e-04 -9.907804553471292758e-04 9.999990135526893864e-01 4.796083999999999903e-01
9.999969475424149712e-01 -2.466399463249768602e-03 -1.475789283963353294e-04 -5.248899999999999920e-03 2.466396954049583298e-03 9.999969582907958232e-01 -1.718200798628700859e-05 -6.688600000000000274e-03 1.476208571994254274e-04 1.681796731945778519e-05 9.999999889626192129e-01 5.382949000000000206e-01
9.999949072727427613e-01 -2.177930563975516692e-03 -2.332819546591340196e-03 -2.208200000000000007e-03 2.179263649458127328e-03 9.999974634878110447e-01 5.690587754995915168e-04 -9.998399999999999302e-03 2.331574258866266850e-03 -5.741397062770864975e-04 9.999971170583807911e-01 5.988584999999999603e-01
9.999922398035978599e-01 -8.339433950937732033e-04 -3.850307909446750842e-03 -2.835999999999999979e-03 8.368532250271070068e-04 9.999993654366146068e-01 7.541903261209718760e-04 -1.199199999999999919e-02 3.849676514141216806e-03 -7.574066160472843305e-04 9.999923031333564083e-01 7.180147000000000057e-01
9.999896464125650475e-01 -1.643898712141325050e-03 -4.243190391353048908e-03 -3.436999999999999951e-03 1.650092032700571556e-03 9.999975778952812089e-01 1.456502610519768131e-03 -1.289880000000000020e-02 4.240785771135915060e-03 -1.463489185150644058e-03 9.999899369170912600e-01 7.776998000000000522e-01
9.999902897664850743e-01 -1.864178777195498035e-03 -3.993145405282257435e-03 -4.872200000000000142e-03 1.867411822653853052e-03 9.999979315071994002e-01 8.060734501705088670e-04 -1.096530000000000074e-02 3.991634480471066559e-03 -8.135224699484774934e-04 9.999917024832581935e-01 8.436052000000000550e-01
9.999806963198533127e-01 -1.456723857745696564e-03 -6.040276753896887431e-03 -3.952599999999999690e-03 1.459261865502032348e-03 9.999988488340905146e-01 4.157947831211852331e-04 -1.244390000000000079e-02 6.039664102355706519e-03 -4.246011022757253603e-04 9.999816709177397067e-01 8.978730000000000322e-01
9.999838714378332938e-01 -1.331915907682978397e-03 -5.521128889795803157e-03 -2.864199999999999906e-03 1.314870208617979980e-03 9.999943619912563531e-01 -3.089838512717093741e-03 -6.558099999999999867e-03 5.525213166690107203e-03 3.082529110169423582e-03 9.999799848165700222e-01 9.780834000000000472e-01
9.999767746632258758e-01 -1.074646356477285255e-03 -6.730176025963273238e-03 -4.945899999999999602e-03 1.077341048335052212e-03 9.999993409519547516e-01 3.967769167370510143e-04 -1.620049999999999962e-02 6.729745195586014049e-03 -4.040183963548262588e-04 9.999772733911195255e-01 1.017951800000000073e+00
9.999711488318080432e-01 -1.489645845413275788e-03 -7.448654861733867288e-03 -5.568100000000000306e-03 1.488732622560118898e-03 9.999988836263328240e-01 -1.281454899932850692e-04 -1.831819999999999976e-02 7.448837437648500592e-03 1.170527373593459889e-04 9.999722501747156933e-01 1.076810599999999951e+00
9.999538054383410035e-01 -1.186036561154429902e-03 -9.538359746624758273e-03 -7.039100000000000391e-03 1.183936161244418007e-03 9.999992736434142326e-01 -2.258490866113676534e-04 -2.054279999999999995e-02 9.538620683648364740e-03 2.145458445888233443e-04 9.999544833068823024e-01 1.196301800000000082e+00
9.999467126109929938e-01 -2.411025852011183194e-03 -1.003787292253931554e-02 -7.845400000000000637e-03 2.427707688965637014e-03 9.999956917979799798e-01 1.650036622768141217e-03 -2.179669999999999871e-02 1.003385139640065524e-02 -1.674317717899656858e-03 9.999482579045450015e-01 1.255901699999999899e+00
9.999367058309744927e-01 -2.737569725240088930e-03 -1.091283848953796681e-02 -8.643299999999999594e-03 2.758340945726732787e-03 9.999944120205199738e-01 1.888778166359315674e-03 -2.304039999999999908e-02 1.090760684689449922e-02 -1.918759946954597768e-03 9.999386693558458550e-01 1.315337100000000037e+00
9.999282826126566492e-01 -3.234378969573816192e-03 -1.153119351950343541e-02 -9.493400000000000796e-03 3.241504757098060980e-03 9.999945667157528195e-01 5.993211856708878342e-04 -2.386869999999999964e-02 1.152919243541238037e-02 -6.366566225697607023e-04 9.999333339728865289e-01 1.375094299999999992e+00
9.999120301974846470e-01 -3.496897912804310116e-03 -1.279466964527704691e-02 -1.002570000000000024e-02 3.492148186178514052e-03 9.999938249908224552e-01 -3.935495776745383950e-04 -2.483490000000000003e-02 1.279596684077131778e-02 3.488340748014028252e-04 9.999180674172249983e-01 1.434468599999999983e+00
9.998970021386507367e-01 -3.553841014402806496e-03 -1.390522664984410184e-02 -1.227699999999999972e-02 3.559975812480233211e-03 9.999935765464476045e-01 4.164589517884148768e-04 -2.715319999999999886e-02 1.390365730136289973e-02 -4.659183279475414717e-04 9.999032309347529734e-01 1.552822099999999983e+00
9.998840025924755626e-01 -4.245817340941078141e-03 -1.462718000018069057e-02 -1.312400000000000025e-02 4.252735722357244008e-03 9.999908594358271063e-01 4.419091214627803585e-04 -2.822399999999999909e-02 1.462517003409220286e-02 -5.040633920544470821e-04 9.998929194276608978e-01 1.612420699999999929e+00
9.998617482469409623e-01 -5.410273643213586725e-03 -1.572301916543312333e-02 -1.523090000000000034e-02 5.419351525918976106e-03 9.999851721922745629e-01 5.348127013861284995e-04 -3.054640000000000133e-02 1.571989254446570783e-02 -6.199473304988469642e-04 9.998762426639098422e-01 1.730671899999999930e+00
9.998616872121428578e-01 -6.242782315084665495e-03 -1.541538563427949371e-02 -1.687179999999999930e-02 6.257184222632151266e-03 9.999800309478181770e-01 8.862004314020755944e-04 -3.147620000000000279e-02 1.540954544725858105e-02 -9.825347663264120176e-04 9.998807831609435315e-01 1.789912200000000064e+00
9.998645703735086210e-01 -6.015677836017807589e-03 -1.531837236693508152e-02 -1.791090000000000043e-02 6.050705566367208313e-03 9.999791824858454969e-01 2.241329312972500584e-03 -3.256690000000000279e-02 1.530457036143024509e-02 -2.333712731529100255e-03 9.998801547740302498e-01 1.848983299999999996e+00
9.998724912855712077e-01 -4.734362565972410203e-03 -1.525080265032716965e-02 -2.010239999999999944e-02 4.770927613250075180e-03 9.999858292847079166e-01 2.362092183673127586e-03 -3.415870000000000017e-02 1.523940353473307759e-02 -2.434551471824098097e-03 9.998809096782659278e-01 1.967791700000000032e+00
9.998969384598968002e-01 -1.067030515534208917e-03 -1.431690973654674293e-02 -2.289419999999999997e-02 1.127308119688447781e-03 9.999905326574216602e-01 4.202829038803352832e-03 -3.620040000000000063e-02 1.431228964662162664e-02 -4.218535457364678068e-03 9.998886749652013961e-01 2.085812100000000058e+00
9.999203917494217109e-01 -7.660451199860890186e-04 -1.259457575932039670e-02 -2.388869999999999882e-02 8.563121264898993076e-04 9.999739765656538992e-01 7.163303777945252693e-03 -3.687529999999999974e-02 1.258876059130293289e-02 -7.173518407813831571e-03 9.998950263604813316e-01 2.145049799999999784e+00
9.999405113547655821e-01 -3.558406671197610798e-04 -1.090170303161759613e-02 -2.470119999999999955e-02 4.621374755794467517e-04 9.999523656037090369e-01 9.749510372319756049e-03 -3.745079999999999937e-02 1.089771446330016491e-02 -9.753968472674555759e-03 9.998930442394878826e-01 2.204272700000000196e+00
9.999559777653252990e-01 5.621709796691049736e-05 -9.382929767946458083e-03 -2.527360000000000023e-02 6.621677520649366035e-05 9.999148722238404563e-01 1.304775539775234437e-02 -3.803680000000000255e-02 9.382864526944895145e-03 -1.304780231375347009e-02 9.998708500141657574e-01 2.263272499999999798e+00
9.999675180233279503e-01 -6.002172881792013168e-04 -8.037576591992509970e-03 -2.561099999999999835e-02 7.137392609758306996e-04 9.998999331129790891e-01 1.412849379541868122e-02 -3.865240000000000342e-02 8.028292130491816378e-03 -1.413377160798961335e-02 9.998678827853211271e-01 2.321449499999999944e+00
9.999750884125727657e-01 -2.695510618101684339e-03 -6.523555531685112929e-03 -2.663360000000000033e-02 2.780737902639197033e-03 9.999104435068109087e-01 1.309093055246676914e-02 -3.813079999999999942e-02 6.487684562623564563e-03 -1.310874473473273676e-02 9.998930296589209066e-01 2.382312499999999833e+00
9.999839382088610007e-01 -1.287219058713640540e-03 -5.519636889469688515e-03 -2.710210000000000050e-02 1.350327134069406526e-03 9.999335928725644473e-01 1.144493169903216048e-02 -3.832370000000000221e-02 5.504538212030701816e-03 -1.145220118839167245e-02 9.999192703148653827e-01 2.441550700000000074e+00
9.999880292986355057e-01 -9.558766153037386590e-04 -4.798703921638145659e-03 -2.776999999999999955e-02 1.008488020141559303e-03 9.999392835428537740e-01 1.097324836671239104e-02 -3.863779999999999992e-02 4.787923489829469872e-03 -1.097795644465037260e-02 9.999282775584231731e-01 2.500381500000000035e+00
9.999878512590646418e-01 -1.422243503489110548e-03 -4.719592958679321576e-03 -2.823490000000000028e-02 1.470909223154870946e-03 9.999456240100486060e-01 1.032402291801826945e-02 -3.887670000000000015e-02 4.704653051615001816e-03 -1.033083958695088685e-02 9.999355679207998504e-01 2.559810900000000000e+00
9.999832376466832873e-01 -2.183328266828380142e-03 -5.362602291440785734e-03 -2.875269999999999909e-02 2.232207138099062075e-03 9.999558679252323889e-01 9.125757677458216227e-03 -3.923909999999999898e-02 5.342441103982090156e-03 -9.137575147397485054e-03 9.999439799526151917e-01 2.619082000000000132e+00
9.999729713272544895e-01 -2.029657332298306742e-03 -7.066619138968273199e-03 -2.951600000000000057e-02 2.099064631607622418e-03 9.999494976505720611e-01 9.828330277365260673e-03 -3.987140000000000128e-02 7.046314115487538506e-03 -9.842897920942209403e-03 9.999267307247585723e-01 2.678001899999999935e+00
9.999613545096662781e-01 -2.083842462682002766e-03 -8.540906730794163917e-03 -3.015560000000000115e-02 2.176054267739454921e-03 9.999392948481399257e-01 1.080145390346093359e-02 -4.020760000000000306e-02 8.517879725451314374e-03 -1.081962195252042860e-02 9.999051862580707883e-01 2.736936099999999872e+00
9.999515120679143276e-01 -2.503904728808220743e-03 -9.523863407288833335e-03 -3.116000000000000020e-02 2.611950911013944006e-03 9.999321830627775354e-01 1.134931662022999575e-02 -4.093589999999999729e-02 9.494799920487890718e-03 -1.137364217903953818e-02 9.998902384952325084e-01 2.795896299999999890e+00
9.999460311207751806e-01 -1.502669242994351733e-03 -1.027992368434478727e-02 -3.221630000000000327e-02 1.618838781137666100e-03 9.999348238993555071e-01 1.130165095752581547e-02 -4.143360000000000098e-02 1.026227103571518591e-02 -1.131768255921760183e-02 9.998832911168574755e-01 2.854693399999999937e+00
9.999380211235077143e-01 -8.748635692650632862e-04 -1.109903263074935378e-02 -3.286170000000000063e-02 9.974788953130285692e-04 9.999384861979411232e-01 1.104666719074772624e-02 -4.181290000000000007e-02 1.108868556036608083e-02 -1.105705358153382528e-02 9.998773837919519014e-01 2.913631000000000082e+00
9.999329217832586547e-01 -2.284957897626282552e-03 -1.135477438796618326e-02 -3.349909999999999693e-02 2.406096883110182567e-03 9.999402178716916278e-01 1.066636679018882414e-02 -4.245499999999999968e-02 1.132972337635058772e-02 -1.069297199658873418e-02 9.998786414951044144e-01 2.972234199999999937e+00
9.999235710562115464e-01 -3.626262885204085268e-03 -1.181957121390946920e-02 -3.432779999999999859e-02 3.739910990253401783e-03 9.999468543465271919e-01 9.607369477120587115e-03 -4.291249999999999926e-02 1.178410420771421226e-02 -9.650839340301850533e-03 9.998839913650229283e-01 3.030735299999999910e+00
9.999224505149958420e-01 -3.833051517426412560e-03 -1.184907895789582243e-02 -3.552899999999999808e-02 3.967072534384320087e-03 9.999281938981071649e-01 1.130793452299748598e-02 -4.376030000000000197e-02 1.180488422614250042e-02 -1.135406375419038653e-02 9.998658559750268626e-01 3.089235500000000023e+00
9.999184086828063478e-01 -3.538426692878533526e-03 -1.227418077850312393e-02 -3.640290000000000192e-02 3.692083938133714893e-03 9.999148210775354872e-01 1.251875016420747784e-02 -4.392839999999999939e-02 1.222883859726776705e-02 -1.256304604859802450e-02 9.998463008785614115e-01 3.147604900000000150e+00
9.999176612627396210e-01 -3.106171769980346428e-03 -1.245079884137876430e-02 -3.743200000000000000e-02 3.242801830402377954e-03 9.999345862896908965e-01 1.096847199720231598e-02 -4.443129999999999996e-02 1.241591443035270845e-02 -1.100794434034118620e-02 9.998623256380141378e-01 3.205719499999999833e+00
9.999180603799622258e-01 1.085912786010781493e-03 -1.275512914068372729e-02 -3.940860000000000196e-02 -9.548185296306487642e-04 9.999467100704341194e-01 1.027936480968833291e-02 -4.553290000000000115e-02 1.276561191442912753e-02 -1.026634368879024081e-02 9.998658116666024886e-01 3.321949000000000041e+00
9.999132609751859579e-01 4.314769488928162262e-03 -1.244400619684067448e-02 -4.141050000000000286e-02 -4.178920032959352292e-03 9.999316179118796777e-01 1.092227666234535204e-02 -4.636280000000000262e-02 1.249028235580467057e-02 -1.086932676793266224e-02 9.998629158951161111e-01 3.437495499999999815e+00
9.999211471471662893e-01 4.952836223676002590e-03 -1.153988306857807282e-02 -4.248930000000000068e-02 -4.816000353871045282e-03 9.999181242806087777e-01 1.185541546047279814e-02 -4.674110000000000070e-02 1.159765616348950278e-02 -1.179890454620030789e-02 9.998631307449150629e-01 3.494908099999999962e+00
9.999332185557040509e-01 6.929496287572699427e-03 -9.248811276647584192e-03 -4.348169999999999813e-02 -6.813606472811901439e-03 9.998986137984628986e-01 1.250347514677269643e-02 -4.705709999999999754e-02 9.334516359414830530e-03 -1.243962238626329479e-02 9.998790539856422521e-01 3.552529100000000106e+00
9.999615758293443069e-01 5.586363222387977397e-03 -6.755694697223624777e-03 -4.412920000000000037e-02 -5.516582958812673264e-03 9.999316951462361436e-01 1.030399701247331802e-02 -4.759519999999999723e-02 6.812795120439334683e-03 -1.026633273969203113e-02 9.999240912362922229e-01 3.609894499999999784e+00
9.999877442586490028e-01 2.458615213994059384e-03 -4.297271660993260203e-03 -4.457490000000000063e-02 -2.435752567240395509e-03 9.999828958713654625e-01 5.317431160719039707e-03 -4.812029999999999780e-02 4.310271677057102291e-03 -5.306898901177688893e-03 9.999766289179575773e-01 3.666600199999999976e+00
9.999918502258556829e-01 3.612613493015378718e-03 -1.802361123624151434e-03 -4.490090000000000053e-02 -3.604152348370237829e-03 9.999825731281759555e-01 4.675844929191232818e-03 -4.861300000000000343e-02 1.819221734590313264e-03 -4.669310838034804179e-03 9.999874439054613484e-01 3.723899600000000198e+00
9.999948243298399930e-01 3.132239365819797835e-03 7.351122959979444760e-04 -4.492240000000000122e-02 -3.138100774668044993e-03 9.999621683870140165e-01 8.112590108535495947e-03 -4.929920000000000135e-02 -7.096739114173457492e-04 -8.114854976910491208e-03 9.999668221954381986e-01 3.781072899999999848e+00
9.999877963416827775e-01 2.448417909171344588e-03 4.290969289946082281e-03 -4.522589999999999943e-02 -2.491504264551411447e-03 9.999462450888993992e-01 1.006475728026326281e-02 -5.030049999999999799e-02 -4.266095897296907045e-03 -1.007532542168932711e-02 9.999401423302507474e-01 3.837300100000000214e+00
9.999600147293140617e-01 2.873612210379484881e-03 8.468252205405459032e-03 -4.528100000000000180e-02 -2.942281488385846237e-03 9.999628029468583534e-01 8.107755688580730105e-03 -5.084899999999999837e-02 -8.444638665632678287e-03 -8.132347479477814930e-03 9.999312741395179893e-01 3.894144499999999898e+00
9.998839775185178746e-01 9.754358951548689318e-04 1.520131660621712108e-02 -4.388740000000000002e-02 -9.989062389651416542e-04 9.999983207500936500e-01 1.536451534779787170e-03 -5.219939999999999997e-02 -1.519979236942944206e-02 -1.551457961858479593e-03 9.998832728324436037e-01 4.005638099999999646e+00
9.998276769513084750e-01 3.196569165099106386e-04 1.856109429979188249e-02 -4.315419999999999673e-02 -3.303151037133635515e-04 9.999997823346464809e-01 5.711589901305972987e-04 -5.312359999999999999e-02 -1.856090768476310535e-02 -5.771915760607996583e-04 9.998275649109712448e-01 4.061562099999999731e+00
9.997551326835204533e-01 1.546237524324159613e-04 2.212805378815720786e-02 -4.216190000000000215e-02 -2.093536916961423250e-04 9.999969250787775765e-01 2.471032986740452977e-03 -5.436049999999999910e-02 -2.212760366574220705e-02 -2.475060501274659215e-03 9.997520908862991273e-01 4.117854099999999740e+00
9.995529221563306255e-01 9.372328318217145642e-04 2.988440066923346225e-02 -3.975159999999999805e-02 -9.589549923279292809e-04 9.999992863393195597e-01 7.125490679226515909e-04 -5.618480000000000002e-02 -2.988371151753100793e-02 -7.408882982363457605e-04 9.995531075788152142e-01 4.228134200000000398e+00
9.993435995600675747e-01 4.832675676349998286e-04 3.622342433820261581e-02 -3.599990000000000134e-02 -4.161844621989061539e-04 9.999981846284901055e-01 -1.859443523647335249e-03 -5.829800000000000260e-02 -3.622425718797891298e-02 1.843147357723185983e-03 9.993419865086210496e-01 4.338623499999999744e+00
9.991055193287611269e-01 -1.575202264849571683e-03 4.225730687858794687e-02 -3.215939999999999771e-02 1.540500724552115340e-03 9.999984489856610370e-01 8.537469120299931479e-04 -6.039839999999999792e-02 -4.225858616096848930e-02 -7.878858400549667738e-04 9.991063963020049288e-01 4.448988400000000176e+00
9.990022118238260918e-01 -2.416512780618086664e-03 4.459530510137190568e-02 -2.961060000000000081e-02 2.298306275795435928e-03 9.999937091986855764e-01 2.701731170449664116e-03 -6.118459999999999871e-02 -4.460155332907114051e-02 -2.596541745447093329e-03 9.990014811858880517e-01 4.503593399999999747e+00
9.987592608579596298e-01 -4.950274324750873062e-03 4.955233228186151778e-02 -2.457700000000000162e-02 4.900267903004814837e-03 9.999873544811520576e-01 1.130598189281010807e-03 -6.254469999999999474e-02 -4.955730243809768759e-02 -8.863757084538145033e-04 9.987708886992864299e-01 4.612788199999999783e+00
9.986446833905401332e-01 -6.131857640263539341e-03 5.168362078732021553e-02 -2.194300000000000070e-02 6.268327144408574261e-03 9.999772815602194775e-01 -2.478797741714394362e-03 -6.337600000000000178e-02 -5.166724698122251297e-02 2.799408029066035794e-03 9.986604322311304349e-01 4.667377499999999735e+00
9.985287910946927248e-01 -5.900292788452448853e-03 5.390213261070503359e-02 -8.050200000000000411e-03 6.044900928077823546e-03 9.999785537827511339e-01 -2.520148274843615581e-03 -6.856080000000000507e-02 -5.388610700116699959e-02 2.842273661702796050e-03 9.985430431146625763e-01 4.943054700000000246e+00
9.990909398818998977e-01 -3.142479212833648380e-03 4.251374683909870528e-02 1.707699999999999930e-03 3.218072337627470893e-03 9.999933603328943210e-01 -1.709766228450466594e-03 -7.234150000000000302e-02 -4.250809165714056898e-02 1.845024260832708526e-03 9.990944189760770922e-01 5.167381299999999733e+00
9.997833771476585252e-01 -1.928361777630199780e-03 2.072390407421822664e-02 8.996499999999999289e-03 1.903030213148418619e-03 9.999974179684704145e-01 1.241987278630367862e-03 -7.734119999999999884e-02 -2.072624556524090347e-02 -1.202280020215872394e-03 9.997844654061806002e-01 5.452163699999999835e+00
9.999831667035427030e-01 5.751716211657780312e-03 -7.642448398852986482e-04 9.140999999999999820e-03 -5.751835211695074945e-03 9.999834462619362485e-01 -1.536027297279233487e-04 -8.310410000000000019e-02 7.633487094656717141e-04 1.579959544680456908e-04 9.999996961679669116e-01 5.795804000000000400e+00
9.999675056382141269e-01 7.817407994851671704e-03 -1.968705140511425259e-03 8.779000000000000345e-03 -7.816864330087710394e-03 9.999694076061080850e-01 2.836969058732838312e-04 -8.424310000000000132e-02 1.970862687568397924e-03 -2.682985863340627756e-04 9.999980218561111966e-01 5.853951900000000208e+00
9.998929741427647899e-01 1.382734534457414656e-02 -4.779621392772496341e-03 6.197900000000000111e-03 -1.379617200003840742e-02 9.998837354227215757e-01 6.494711329264758054e-03 -8.728450000000000097e-02 4.868870308574775943e-03 -6.428075748387496180e-03 9.999674864434799915e-01 6.085760600000000409e+00
9.999063766026595745e-01 1.230050915247279594e-02 -5.994622918103538305e-03 5.289699999999999611e-03 -1.227244854229966528e-02 9.999136659991824105e-01 4.695482387577055473e-03 -8.852169999999999483e-02 6.051862202407291315e-03 -4.621474079270861991e-03 9.999710080503423359e-01 6.201185699999999912e+00
9.999448807860713551e-01 7.148139071429540636e-03 -7.690220903538208010e-03 4.363699999999999871e-03 -7.089562459772304204e-03 9.999458543494674778e-01 7.617510974235648831e-03 -8.978389999999999982e-02 7.744255539346624022e-03 -7.562570801593574733e-03 9.999414152984225090e-01 6.317850100000000246e+00
9.999665035779208289e-01 1.970248016898684239e-03 -7.944170497910024373e-03 2.906199999999999842e-03 -1.885665165443460058e-03 9.999416089377530792e-01 1.064062882828961491e-02 -9.086070000000000257e-02 7.964671307203472286e-03 -1.062529235971894186e-02 9.999118296996183375e-01 6.434096300000000213e+00
9.999554472836488239e-01 -4.774923892200624506e-03 -8.142699158235055037e-03 2.389800000000000084e-03 4.837298159992273194e-03 9.999589789859053557e-01 7.657734128129042341e-03 -9.168089999999999573e-02 8.105800038809592503e-03 -7.696781618928039657e-03 9.999375258277095613e-01 6.550743100000000041e+00
9.999466447389941948e-01 -6.697171690747578086e-03 -7.864830994517884449e-03 1.558399999999999933e-03 6.757748346722707890e-03 9.999475117986081907e-01 7.701070383706464136e-03 -9.251760000000000539e-02 7.812842793122519447e-03 -7.753808039736575196e-03 9.999394171390448838e-01 6.666244500000000350e+00
9.999546792447633337e-01 -6.106347813677854078e-03 -7.304243484494279959e-03 1.098800000000000037e-03 6.176968174056681957e-03 9.999340184573625168e-01 9.685235974801713679e-03 -9.299359999999999571e-02 7.244620119721689386e-03 -9.729915112131974284e-03 9.999264194085640822e-01 6.723554599999999937e+00
9.999768436383149606e-01 -3.908836173712859803e-03 -5.570743839039145849e-03 -3.329000000000000145e-04 3.961429942853924961e-03 9.999473920256791715e-01 9.461514352930865818e-03 -9.380700000000000149e-02 5.533467263929473141e-03 -9.483363370130358516e-03 9.999397214628635844e-01 6.838005100000000169e+00
9.999838530215925392e-01 -3.472140206585242264e-03 -4.498659631020350026e-03 -1.595000000000000064e-03 3.496605446332253127e-03 9.999790793203634509e-01 5.441936415565621493e-03 -9.515500000000000347e-02 4.479670349773249259e-03 -5.457578582502845693e-03 9.999750733841185069e-01 6.956690799999999619e+00
9.999799364720015626e-01 -4.861178611230810610e-03 -4.061477066457876497e-03 -2.033000000000000085e-03 4.851966855441840719e-03 9.999856416044902163e-01 -2.274863180437755681e-03 -9.672039999999999804e-02 4.072477266400023263e-03 2.255111386546051425e-03 9.999891646420719926e-01 7.071092600000000061e+00
9.999797933143969031e-01 -5.147265457691141757e-03 -3.730766838601291650e-03 -2.997200000000000211e-03 5.137073224266262492e-03 9.999830611698202754e-01 -2.736394000111765264e-03 -9.935159999999999825e-02 3.744788590090781556e-03 2.717173484225959487e-03 9.999892967060557414e-01 7.185660799999999959e+00
9.999843033882548360e-01 -3.991794950446445403e-03 -3.931736280609142604e-03 -3.930300000000000286e-03 3.986572427305807784e-03 9.999911621453174693e-01 -1.335242127611779156e-03 -1.012582000000000065e-01 3.937031545277867688e-03 1.319547017386801975e-03 9.999913792519815603e-01 7.299785100000000249e+00
9.999852860140037158e-01 -3.003465295878947512e-03 -4.517405417663623683e-03 -4.893999999999999913e-03 2.998111851065503146e-03 9.999947959606203529e-01 -1.191376097552923705e-03 -1.034829000000000027e-01 4.520960165671275392e-03 1.177814880942943277e-03 9.999890867760941049e-01 7.413193699999999886e+00
9.999775603470998364e-01 -3.042552688870454620e-03 -5.968389682136988547e-03 -5.993199999999999743e-03 3.044212986405359003e-03 9.999953301607831246e-01 2.691169259287165289e-04 -1.054288000000000031e-01 5.967543008290183276e-03 -2.872799364165983275e-04 9.999821527910798258e-01 7.525099299999999936e+00
9.999725682415536721e-01 -1.581401179199761874e-03 -7.236154690280506216e-03 -7.443899999999999822e-03 1.577777089842303127e-03 9.999986270315706083e-01 -5.065120219858334875e-04 -1.073379000000000000e-01 7.236945753977413326e-03 4.950810883815168120e-04 9.999736904093377010e-01 7.638147400000000253e+00
9.999637081351928636e-01 -1.095572868762886669e-03 -8.448794742675224193e-03 -9.155200000000000490e-03 1.081206519789740250e-03 9.999979623528398864e-01 -1.704782282175061484e-03 -1.093892999999999949e-01 8.450645240228109659e-03 1.695585520486805669e-03 9.999628551025114831e-01 7.751795800000000014e+00
9.999512775433258005e-01 -8.696832203856346560e-04 -9.832913635684155038e-03 -1.056619999999999955e-02 8.338931466555727159e-04 9.999930153305653935e-01 -3.643338071530933826e-03 -1.117830999999999964e-01 9.836013506019833028e-03 3.634960959857140832e-03 9.999450184370787253e-01 7.865532899999999827e+00
9.999361497954175615e-01 -5.631677497826780530e-04 -1.128623827507185817e-02 -1.216820000000000054e-02 5.396140385138090047e-04 9.999976706119326764e-01 -2.089877364319355467e-03 -1.141515000000000030e-01 1.128738893657568049e-02 2.083653712606850679e-03 9.999341244493060721e-01 7.979152199999999695e+00
9.999091306146310476e-01 6.742285358233682290e-04 -1.346387497617589600e-02 -1.492300000000000050e-02 -6.893403056965346923e-04 9.999991376834569401e-01 -1.117784543330079851e-03 -1.175117999999999996e-01 1.346310972381775488e-02 1.126964162627589611e-03 9.999087331493512476e-01 8.150137900000000712e+00
9.998999114745087402e-01 8.273308777539762010e-04 -1.412382939887254010e-02 -1.595720000000000124e-02 -8.538263781476769293e-04 9.999978870076610127e-01 -1.870016237692681679e-03 -1.186810999999999977e-01 1.412225243315387915e-02 1.881888368626021381e-03 9.998985050905828675e-01 8.207173299999999116e+00
9.998924175897381250e-01 1.839167046416386201e-03 -1.455234383610286113e-02 -1.717449999999999879e-02 -1.875930087501268212e-03 9.999950828072805553e-01 -2.513015632070856979e-03 -1.197064000000000045e-01 1.454765042388606565e-02 2.540044455437941683e-03 9.998909510748203999e-01 8.264118200000000414e+00
9.998814550686486724e-01 1.888883199382820855e-03 -1.528096626725164095e-02 -1.927159999999999984e-02 -1.934199532751781870e-03 9.999937743139274415e-01 -2.951305737033704021e-03 -1.223010000000000069e-01 1.527529646092985055e-02 2.980512312511824410e-03 9.998788835976013534e-01 8.377264999999999517e+00
9.998741727697808557e-01 -2.536879854312457713e-03 -1.565895489970779361e-02 -2.133900000000000033e-02 2.465349427180049940e-03 9.999864469097856645e-01 -4.585635064455252999e-03 -1.246285000000000032e-01 1.567037587769362292e-02 4.546453271204065061e-03 9.998668756802100432e-01 8.490539599999999965e+00
9.998695325925630595e-01 -2.405946686204472103e-03 -1.597276474729832085e-02 -2.384839999999999877e-02 2.459887445258215292e-03 9.999913354898358753e-01 3.358258329996595837e-03 -1.267157999999999896e-01 1.596454656061534888e-02 -3.397111390206720202e-03 9.998667875708825425e-01 8.603723499999999191e+00
9.998702042960149194e-01 -1.303404048131187164e-03 -1.605850861483371778e-02 -2.510079999999999950e-02 1.348107291293531695e-03 9.999952457993541710e-01 2.773262594924491911e-03 -1.277252000000000109e-01 1.605481758776893669e-02 -2.794551229904605923e-03 9.998672078409446273e-01 8.660339399999999799e+00
9.998698154843065344e-01 2.334684629186273351e-04 -1.613374029342213092e-02 -2.751369999999999857e-02 -2.689148573717824371e-04 9.999975550450246331e-01 -2.194900629273371321e-03 -1.297251000000000098e-01 1.613318840707735416e-02 2.198953489667832776e-03 9.998674336307648014e-01 8.771430000000000504e+00
9.998686872837043715e-01 1.372177163639161823e-04 -1.620460924737280803e-02 -2.872800000000000006e-02 -1.687720921946474543e-04 9.999980925015902189e-01 -1.945895465301536236e-03 -1.308545999999999876e-01 1.620431132577440300e-02 1.948374830288236064e-03 9.998668031942944401e-01 8.827100800000000191e+00
9.998694858019590015e-01 -2.715919337965486667e-04 -1.615356307281933315e-02 -2.990019999999999831e-02 2.583907218882146761e-04 9.999996309795892158e-01 -8.193136884756365345e-04 -1.320716999999999863e-01 1.615377963081389076e-02 8.150328255831885494e-04 9.998691870065464782e-01 8.882829700000000273e+00
9.998703738799126217e-01 -4.311117079188217884e-04 -1.609501723947335400e-02 -3.091069999999999929e-02 4.560592675507132792e-04 9.999987003595391943e-01 1.546379376822723918e-03 -1.333061000000000107e-01 1.609432965948350003e-02 -1.553519207437373652e-03 9.998692710204089007e-01 8.938637699999999242e+00
9.998808305969087984e-01 -1.087467021385969332e-03 -1.539941623287554087e-02 -3.203860000000000041e-02 1.123265688928380950e-03 9.999966866976907065e-01 2.316218433760859358e-03 -1.343748999999999916e-01 1.539684639879313269e-02 -2.333240047276594845e-03 9.998787392038366306e-01 8.993989900000000759e+00
9.999028485269910727e-01 -1.129532562391797343e-03 -1.389307970896336286e-02 -3.333219999999999933e-02 1.154411072856967790e-03 9.999977444356306089e-01 1.782823245907558642e-03 -1.353646000000000016e-01 1.389103461531854961e-02 -1.798688367055215976e-03 9.999018971266502298e-01 9.049035099999999332e+00
9.999199660056687922e-01 -2.264404481100195082e-03 -1.244725092412602568e-02 -3.428389999999999910e-02 2.265504831238901711e-03 9.999974309802697192e-01 7.430155006214756981e-05 -1.362298999999999871e-01 1.244705069812989881e-02 -1.024949105165615055e-04 9.999225272108391849e-01 9.103735900000000214e+00
9.999367169540007705e-01 -2.428906648363909643e-03 -1.098464836706149368e-02 -3.542390000000000122e-02 2.414615540169990932e-03 9.999962214023048190e-01 -1.314082533805861763e-03 -1.374498000000000109e-01 1.098779864429735333e-02 1.287475672010018543e-03 9.999388034711655937e-01 9.158035299999999879e+00
9.999519290149316841e-01 -2.771662718767283796e-03 -9.405187137446249443e-03 -3.638330000000000036e-02 2.754668469721090196e-03 9.999945508226801838e-01 -1.819375323571778341e-03 -1.386430999999999913e-01 9.410178581669601319e-03 1.793379691948415776e-03 9.999541151114592630e-01 9.212288900000000780e+00
9.999711433634708158e-01 -3.100188144430243188e-03 -6.935508187732726017e-03 -3.754230000000000067e-02 3.105366754517001858e-03 9.999949074607960009e-01 7.360365439013703652e-04 -1.408919999999999895e-01 6.933191016618110540e-03 -7.575526009142164851e-04 9.999756781924168392e-01 9.320565200000000772e+00
9.999864459138900763e-01 -2.324344648101547145e-03 -4.658906573793895195e-03 -3.881330000000000197e-02 2.328039373944119222e-03 9.999969798134616950e-01 7.877795557205480911e-04 -1.424873000000000112e-01 4.657061431832755852e-03 -7.986149960319335883e-04 9.999888369341470851e-01 9.426747300000000607e+00
9.999946688488060564e-01 -1.854859105827661022e-03 -2.687335420845474686e-03 -3.955949999999999744e-02 1.858735003881379624e-03 9.999972350223417239e-01 1.440504028764852916e-03 -1.449182999999999999e-01 2.684656058408339471e-03 -1.445491393633975812e-03 9.999953515774355761e-01 9.532414400000000398e+00
9.999973324051584234e-01 -2.081808517583691280e-03 -1.000627734530419371e-03 -4.021700000000000275e-02 2.082987809487109841e-03 9.999971356053545257e-01 1.178958384165465631e-03 -1.466362999999999972e-01 9.981705027316621192e-04 -1.181039534555023340e-03 9.999988043999178400e-01 9.635839499999999447e+00
9.999958444123152601e-01 -2.861696742518269904e-03 -3.490699851627752795e-04 -4.053729999999999833e-02 2.862295112744561460e-03 9.999944142496479671e-01 1.725901558899439921e-03 -1.484762000000000026e-01 3.441290284759730830e-04 -1.726893528076713612e-03 9.999984497057755606e-01 9.737172100000000441e+00
9.999943732078614422e-01 -3.121858755868082026e-03 -1.227823490910567254e-03 -4.115280000000000327e-02 3.125326116073275876e-03 9.999911052168919401e-01 2.832282430695488157e-03 -1.506593999999999989e-01 1.218970583981562536e-03 -2.836103842853043844e-03 9.999952353015028050e-01 9.835302399999999778e+00
9.999949618142215391e-01 -2.740180730333142533e-03 -1.602421835388331134e-03 -4.139999999999999930e-02 2.743010490613056410e-03 9.999946778412135417e-01 1.766403888109104427e-03 -1.515624000000000138e-01 1.597573041148698299e-03 -1.770790448543014097e-03 9.999971560267386650e-01 9.883482900000000626e+00
9.999917646561653495e-01 -2.895884290581039310e-03 -2.843320949876322872e-03 -4.207840000000000191e-02 2.897703426544517760e-03 9.999955994749684107e-01 6.358817110737780172e-04 -1.533416999999999975e-01 2.841466997913543856e-03 -6.441155752284716349e-04 9.999957555812052368e-01 9.977977799999999675e+00
9.999777998278882585e-01 -3.463082649090320261e-03 -5.692706732426965933e-03 -4.272449999999999859e-02 3.472076261968860388e-03 9.999927387278454427e-01 1.570725314658139851e-03 -1.552899000000000085e-01 5.687225844550406785e-03 -1.590455956197823996e-03 9.999825628039943348e-01 1.007015900000000030e+01
9.999584114151689462e-01 -4.931589103995984678e-03 -7.671692705069336170e-03 -4.312529999999999836e-02 4.955096739497055584e-03 9.999830775393921956e-01 3.048220980862363476e-03 -1.561105000000000131e-01 7.656530307775946155e-03 -3.086108189174829181e-03 9.999659261594321391e-01 1.011554530000000085e+01
9.999108427768976792e-01 -4.416874199968029435e-03 -1.260149671649868873e-02 -4.419929999999999692e-02 4.478101721444723363e-03 9.999782860128322293e-01 4.834677632568349162e-03 -1.578170999999999879e-01 1.257986892486023627e-02 -4.890677370274966462e-03 9.999089099376469170e-01 1.020367150000000045e+01
9.998741793048355753e-01 -4.171699110042103101e-03 -1.530432899596634658e-02 -4.489909999999999735e-02 4.240415227011842467e-03 9.999810622125925308e-01 4.460279686025854333e-03 -1.585688000000000097e-01 1.528543222104067345e-02 -4.524615200248824527e-03 9.998729336366224407e-01 1.024657249999999920e+01
9.996992542453250197e-01 -3.277920362080366263e-03 -2.430342155830662182e-02 -4.769969999999999766e-02 3.390359920928568988e-03 9.999837335495972424e-01 4.586730405705244373e-03 -1.608410999999999869e-01 2.428799129091298997e-02 -4.667748312400604727e-03 9.996941060168078597e-01 1.037073900000000037e+01
9.996184770870588654e-01 -3.386414742075602707e-03 -2.741226844578481883e-02 -4.897150000000000114e-02 3.500113251263509574e-03 9.999854661993050620e-01 4.100804480443450209e-03 -1.616350000000000009e-01 2.739798301659169058e-02 -4.195185973606954319e-03 9.996158016664549173e-01 1.040972900000000045e+01
9.995161192102736125e-01 -3.711384894927005195e-03 -3.088289269151852853e-02 -5.015130000000000282e-02 3.820891540052037249e-03 9.999866185963288689e-01 3.487608940149915498e-03 -1.624015000000000042e-01 3.086953557592500910e-02 -3.603921536599056803e-03 9.995169250807535155e-01 1.044793319999999959e+01
9.992182684426761385e-01 -2.958516166218341835e-04 -3.953181607567662903e-02 -5.477930000000000299e-02 3.820154333814147199e-04 9.999975680834024550e-01 2.172070783745511970e-03 -1.644328999999999930e-01 3.953107732694419174e-02 -2.185474571319620703e-03 9.992159514470679849e-01 1.055707360000000072e+01
9.991908170420450430e-01 2.826266313191187415e-04 -4.021978693426517953e-02 -5.776850000000000041e-02 -1.260898841418547727e-04 9.999924083917407502e-01 3.894516687222107556e-03 -1.659521999999999942e-01 4.022058229553043124e-02 -3.886294002414584798e-03 9.991832672131450988e-01 1.062571430000000028e+01
9.992197459603433529e-01 4.642923261212151490e-04 -3.949283119229107797e-02 -6.059260000000000340e-02 -3.039561571131624068e-04 9.999916884553846641e-01 4.065787845376821023e-03 -1.672093000000000051e-01 3.949439065995888343e-02 -4.050611408783350888e-03 9.992115820253554270e-01 1.069149299999999947e+01
9.992435141156418288e-01 9.132051498076217610e-04 -3.887885741862066868e-02 -6.222020000000000328e-02 -8.272644464009263959e-04 9.999971791522019871e-01 2.226504249809413416e-03 -1.679065999999999892e-01 3.888078100242832458e-02 -2.192656834313853539e-03 9.992414508639281268e-01 1.072342489999999948e+01
9.992786199058867336e-01 4.366854331451190804e-04 -3.797432165054374920e-02 -6.354139999999999788e-02 -4.315579707714356245e-04 9.999998966226725239e-01 1.432213749578047850e-04 -1.685902999999999985e-01 3.797438026754802742e-02 -1.267299367159282521e-04 9.992787050582129238e-01 1.075508400000000009e+01
9.993283742678230608e-01 9.749070158620179796e-04 -3.663126996897788507e-02 -6.495610000000000273e-02 -1.021157310352799417e-03 9.999987049715511889e-01 -1.243902314483140772e-03 -1.691967000000000054e-01 3.663000984134772570e-02 1.280473166796748143e-03 9.993280756425748645e-01 1.078664110000000065e+01
9.994896317288753940e-01 5.980862694595725539e-04 -3.193929177817435988e-02 -6.833759999999999835e-02 -6.573529369546774088e-04 9.999980816791173011e-01 -1.845135551026971148e-03 -1.712404999999999899e-01 3.193812695812559693e-02 1.865189239640438089e-03 9.994881075408086346e-01 1.088028339999999972e+01
9.996086700952776516e-01 5.176885375830403467e-04 -2.796852997439449456e-02 -7.017220000000000402e-02 -5.874024590923704542e-04 9.999967412878303374e-01 -2.484425903775861616e-03 -1.724238999999999911e-01 2.796715267419263434e-02 2.499882456907805139e-03 9.996057167498594298e-01 1.094233700000000020e+01
9.996839922224266539e-01 5.118626827802761920e-04 -2.513272151648819272e-02 -7.100739999999999830e-02 -5.604521209162207415e-04 9.999979876135484114e-01 -1.926307938459596858e-03 -1.731469999999999954e-01 2.513168493459068051e-02 1.939784897247354926e-03 9.996822673464309528e-01 1.097309590000000057e+01
9.998686766555249239e-01 -2.297801883166351606e-03 -1.604211799093341675e-02 -7.279979999999999785e-02 2.284447191006846404e-03 9.999970287565068672e-01 -8.507521315904060816e-04 -1.749999999999999889e-01 1.604402518574479450e-02 8.139930365929780483e-04 9.998709550092829135e-01 1.106353949999999919e+01
9.999721339974491086e-01 -1.421073077695784613e-03 -7.328832096285130444e-03 -7.389650000000000385e-02 1.403305169447095118e-03 9.999960654423669659e-01 -2.428957469119690394e-03 -1.767152999999999918e-01 7.332254986639099269e-03 2.418605195817933370e-03 9.999701937486525916e-01 1.115309719999999949e+01
