9.999999996564600258e-01 -8.003222597414476942e-07 2.619999015153582652e-05 -2.519999999999999928e-05 7.996777397416558830e-07 9.999999996971000726e-01 2.460001047205271406e-05 3.099999999999999966e-06 -2.620000983153581998e-05 -2.459998951205272274e-05 9.999999993542000309e-01 -6.399999999999999710e-05
9.999993354674667767e-01 -7.811128364489789127e-04 8.478958435875597098e-04 7.499999999999999343e-05 7.808869292376854464e-04 9.999996595350029160e-01 2.667311040542800354e-04 -1.113800000000000076e-03 -8.481039019979608141e-04 -2.660688160211712632e-04 9.999996049635002660e-01 6.417530000000000456e-02
9.999987806873128493e-01 -6.901231694785919194e-04 1.400840425780117094e-03 -2.900000000000000017e-05 6.894764677899452993e-04 9.999996555506527329e-01 4.620830836000108799e-04 -2.181100000000000053e-03 -1.401158837503763176e-03 -4.611166736675402847e-04 9.999989120620708105e-01 1.283694999999999975e-01
9.999939646205774357e-01 1.736824944865529769e-04 3.469950548715927587e-03 -3.648999999999999791e-04 -1.719169586320535518e-04 9.999998556313719478e-01 -5.090990028443519774e-04 -4.354300000000000184e-03 -3.470038469348681823e-03 5.084993868937671708e-04 9.999938501117868750e-01 2.567607000000000084e-01
9.999921640736652018e-01 1.439464004089315366e-04 3.956143412686242457e-03 -1.703999999999999948e-04 -1.412530195400740784e-04 9.999997580883082104e-01 -6.810806924125970170e-04 -5.640300000000000001e-03 -3.956240494762956923e-03 6.805165383116876937e-04 9.999919424967326220e-01 3.209247000000000072e-01
9.999904578116124432e-01 -3.971263926499381497e-04 4.350468520739653351e-03 -2.059999999999999928e-04 3.944716567003357373e-04 9.999997354991769782e-01 6.110594800383712007e-04 -6.373499999999999825e-03 -4.350710037884150498e-03 -6.093375126688979453e-04 9.999903499684194008e-01 3.846705999999999737e-01
9.999961936500351145e-01 -2.540955923345642256e-03 1.075280631821884814e-03 -7.734999999999999905e-04 2.539838627834842266e-03 9.999962346693962445e-01 1.039166384386335917e-03 -8.709099999999999134e-03 -1.077917059014562185e-03 -1.036431389670941332e-03 9.999988819517692251e-01 5.114239000000000424e-01
9.999967509474431138e-01 -2.275070762235343984e-03 -1.149846765617821252e-03 -1.080599999999999920e-03 2.275725116646256166e-03 9.999972491695304777e-01 5.680920396601719241e-04 -9.813600000000000448e-03 1.148551152994613765e-03 -5.707069290640887169e-04 9.999991775615868494e-01 5.750492000000000381e-01
9.999953224428516085e-01 -1.987398543898380790e-03 -2.324938589531621788e-03 -1.527499999999999995e-03 1.988196811563717505e-03 9.999979653637354193e-01 3.410891788058875089e-04 -1.088360000000000022e-02 2.324255978989956707e-03 -3.457100188325491221e-04 9.999972391555523865e-01 6.389300999999999453e-01
9.999922018213777131e-01 -7.581838738863653452e-04 -3.875752010443777457e-03 -2.478699999999999914e-03 7.598131762187839474e-04 9.999996235913987119e-01 4.189283927628207455e-04 -1.323150000000000021e-02 3.875432926825678540e-03 -4.218699733296756558e-04 9.999924014938090799e-01 7.661761999999999739e-01
9.999896465156125069e-01 -1.479756959254043642e-03 -4.303159411636393351e-03 -3.123799999999999927e-03 1.484234896961046527e-03 9.999983602057580523e-01 1.037609062085201664e-03 -1.435389999999999930e-02 4.301616946109762009e-03 -1.043985218581914166e-03 9.999902030452659796e-01 8.297324000000000366e-01
9.999871120456044205e-01 -1.797312253039869785e-03 -4.748200854726095620e-03 -3.599000000000000202e-03 1.802675639797775850e-03 9.999977417758967313e-01 1.125523720211229215e-03 -1.547029999999999933e-02 4.746167214651055531e-03 -1.134068680526533575e-03 9.999880938216206827e-01 8.933124999999999538e-01
9.999851800028592974e-01 -1.394829625205354709e-03 -5.262530281687312871e-03 -4.401799999999999984e-03 1.395959988700998678e-03 9.999990033599214234e-01 2.111276242107950317e-04 -1.659280000000000130e-02 5.262230549773770465e-03 -2.184707770125708084e-04 9.999861305038988402e-01 9.572465999999999475e-01
9.999807941821708956e-01 -1.663868443222904546e-03 -5.970159846973292772e-03 -4.894400000000000139e-03 1.660915384652165592e-03 9.999984958986364303e-01 -4.995603566232466883e-04 -1.781249999999999847e-02 5.970982069960596023e-03 4.896348318193722475e-04 9.999820536543901905e-01 1.020651100000000033e+00
9.999767126037213405e-01 -9.594693938819899700e-04 -6.756749864899356389e-03 -5.688699999999999660e-03 9.593193929285684070e-04 9.999995395294202227e-01 -2.544110708426752869e-05 -1.878619999999999943e-02 6.756771163578421599e-03 1.895863344855965526e-05 9.999771725814611267e-01 1.084154000000000062e+00
9.999651006565053457e-01 -1.210019371883099730e-03 -8.266397168352550631e-03 -7.335099999999999780e-03 1.202759292792079720e-03 9.999988866819473632e-01 -8.831788886530189892e-04 -2.094470000000000012e-02 8.267456628787460751e-03 8.732055802774704419e-04 9.999654427393507294e-01 1.211610999999999994e+00
9.999496837511119285e-01 -2.118133732224265937e-03 -9.805277943213130259e-03 -9.040199999999999972e-03 2.136611183382218331e-03 9.999959608484796370e-01 1.874347720421160176e-03 -2.366029999999999869e-02 9.801268219077275551e-03 -1.895203476784396721e-03 9.999501704310467254e-01 1.338115900000000025e+00
9.999410028038575593e-01 -2.295849256863330065e-03 -1.061696697770075914e-02 -9.822100000000000275e-03 2.317280539822410418e-03 9.999953016173344089e-01 2.006727225172191473e-03 -2.483580000000000162e-02 1.061230995191850962e-02 -2.031211324861846405e-03 9.999416248251886685e-01 1.401377400000000106e+00
9.999321078020171338e-01 -2.607579025679955184e-03 -1.135695021738260431e-02 -1.078639999999999981e-02 2.617531422702424476e-03 9.999962031226655723e-01 8.615506391511134265e-04 -2.549560000000000021e-02 1.135466053505952526e-02 -8.912193206446140025e-04 9.999351366024978871e-01 1.464710500000000026e+00
9.999160537404613303e-01 -3.161777059038085782e-03 -1.256537456392636289e-02 -1.150310000000000048e-02 3.160490321087449771e-03 9.999949981642809460e-01 -1.222593559908473110e-04 -2.656029999999999849e-02 1.256569827081407097e-02 8.253634808509057428e-05 9.999210450904201242e-01 1.527852800000000011e+00
9.999091239270752052e-01 -2.844622216045140754e-03 -1.317770889938476610e-02 -1.275360000000000035e-02 2.842848430401560995e-03 9.999959473423745138e-01 -1.533350205538673051e-04 -2.760709999999999900e-02 1.317809167484827564e-02 1.158588570084528521e-04 9.999131584675413631e-01 1.590815199999999985e+00
9.998972776251351391e-01 -3.665454139315792691e-03 -1.385635752267360896e-02 -1.380209999999999944e-02 3.672357098710812319e-03 9.999931451180439357e-01 4.727687198608464259e-04 -2.873039999999999969e-02 1.385452962691729670e-02 -5.236056488458458794e-04 9.999038843038572377e-01 1.653928400000000076e+00
9.998831091173724372e-01 -4.217301957113566910e-03 -1.469634192508598863e-02 -1.472329999999999993e-02 4.226851028493287810e-03 9.999908753931207039e-01 6.187575317088437818e-04 -2.984279999999999919e-02 1.469359833939390403e-02 -6.808044525759685862e-04 9.998918114841914839e-01 1.716729900000000031e+00
9.998692965224205143e-01 -4.781962012880626965e-03 -1.544418049192902362e-02 -1.714589999999999864e-02 4.794124763280974318e-03 9.999882264124154707e-01 7.506026283802221585e-04 -3.226810000000000095e-02 1.544040930526164798e-02 -8.245458501513504550e-04 9.998804497961878424e-01 1.842554500000000095e+00
9.998661582995466146e-01 -5.463971922946876669e-03 -1.542110560664378127e-02 -1.855400000000000105e-02 5.483260092820504972e-03 9.999842362549121733e-01 1.208759874603659032e-03 -3.320549999999999891e-02 1.541425788224960736e-02 -1.293156025086682681e-03 9.998803570434986465e-01 1.906117400000000073e+00
9.998754031401152487e-01 -4.198775141410066893e-03 -1.521671721179491954e-02 -2.061870000000000022e-02 4.244952087888731636e-03 9.999864793172271726e-01 3.003591934365869732e-03 -3.476499999999999729e-02 1.520390006423969972e-02 -3.067811931741494438e-03 9.998797077412802103e-01 2.034309899999999782e+00
9.998777438295750608e-01 -3.833187873733188283e-03 -1.515928972621002901e-02 -2.203820000000000084e-02 3.876968356847368229e-03 9.999883955561617022e-01 2.859697426882897107e-03 -3.606530000000000152e-02 1.514815205358449948e-02 -2.918119897807709955e-03 9.998810019525440351e-01 2.096842300000000048e+00
9.999014952966892578e-01 -7.437556438681094603e-05 -1.403546122222151631e-02 -2.541190000000000115e-02 1.388186102786595824e-04 9.999894538425407875e-01 4.590526450262555694e-03 -3.792000000000000232e-02 1.403497177904188160e-02 -4.592022645038020684e-03 9.998909605027885839e-01 2.222288799999999842e+00
9.999217733366371208e-01 3.671712219391082711e-04 -1.250249545525336514e-02 -2.629149999999999890e-02 -2.756119248683841765e-04 9.999731395779483112e-01 7.324217411294979899e-03 -3.830290000000000084e-02 1.250484887480539029e-02 -7.320198625367068876e-03 9.998950162125538332e-01 2.285935400000000062e+00
9.999433698429098794e-01 1.118602174284063534e-03 -1.058328098375429724e-02 -2.735049999999999981e-02 -1.014541807429993839e-03 9.999511422897818802e-01 9.832788937084710468e-03 -3.862360000000000099e-02 1.059376288796313667e-02 -9.821494923684771089e-03 9.998956497681833477e-01 2.349641099999999927e+00
9.999567537283726715e-01 1.293436248385954621e-03 -9.209652310815457169e-03 -2.807149999999999923e-02 -1.170081982161008888e-03 9.999097077242912190e-01 1.338683334017255581e-02 -3.927959999999999785e-02 9.226135765843109307e-03 -1.337547836131084376e-02 9.998679787839174216e-01 2.412527600000000216e+00
9.999791218733575793e-01 -1.668140172638272198e-03 -6.242845965827895430e-03 -2.931299999999999878e-02 1.751365680656902539e-03 9.999093549402550130e-01 1.334970491118180752e-02 -3.992899999999999922e-02 6.220010903627136434e-03 -1.336035970052621216e-02 9.998914002295605785e-01 2.538328400000000151e+00
9.999862341508305441e-01 -9.385998447603233555e-05 -5.246208072861064872e-03 -2.971789999999999848e-02 1.541350823580432509e-04 9.999339753606758530e-01 1.149004620406976311e-02 -3.989290000000000197e-02 5.244783238306892706e-03 -1.149069665854014592e-02 9.999202248875079801e-01 2.601884399999999875e+00
9.999898395315190980e-01 1.965893820533707627e-04 -4.503574840210566692e-03 -3.043360000000000162e-02 -1.470045457229366250e-04 9.999394016118251516e-01 1.100779241485523585e-02 -4.032990000000000186e-02 4.505465945942833776e-03 -1.100701852455384863e-02 9.999292706585851676e-01 2.664354100000000170e+00
9.999895790823006836e-01 -1.071049077667070418e-04 -4.564017456352905192e-03 -3.077420000000000155e-02 1.552907665924189778e-04 9.999442430345428789e-01 1.055872657344415592e-02 -4.067760000000000126e-02 4.562632089153462883e-03 -1.055932529159306181e-02 9.999338393302855676e-01 2.727460400000000007e+00
9.999846382179305992e-01 -1.194295388256369928e-03 -5.412669090200613632e-03 -3.129799999999999943e-02 1.245268263797482886e-03 9.999548199895030853e-01 9.423761813178542848e-03 -4.118730000000000308e-02 5.401169790480797074e-03 -9.430357272443760583e-03 9.999409461196238080e-01 2.790605300000000177e+00
9.999742714501140828e-01 -1.059387638532838325e-03 -7.094655428196398536e-03 -3.194620000000000098e-02 1.131769793678431488e-03 9.999472757344353147e-01 1.020611818544580815e-02 -4.185620000000000313e-02 7.083469132256445602e-03 -1.021388511353512121e-02 9.999227475239974572e-01 2.853139599999999998e+00
9.999638004281161674e-01 -1.092976290089008647e-03 -8.438201004238903707e-03 -3.277250000000000302e-02 1.187767157649551562e-03 9.999361607035918142e-01 1.123671333352417243e-02 -4.221489999999999965e-02 8.425380854171774653e-03 -1.124632918733459858e-02 9.999012616440047241e-01 2.915841100000000186e+00
9.999478190912898246e-01 -2.895399076156335901e-04 -1.021152590043020170e-02 -3.493079999999999796e-02 4.084391549291283615e-04 9.999321290995725198e-01 1.164346906435092220e-02 -4.329800000000000315e-02 1.020746158601538306e-02 -1.164703228456391397e-02 9.998800699918627410e-01 3.041154899999999994e+00
9.999380485929064699e-01 2.620608238907444140e-04 -1.112790637697439258e-02 -3.552369999999999833e-02 -1.343264880385571999e-04 9.999341173055921184e-01 1.147793555832217136e-02 -4.383780000000000315e-02 1.113018115776813824e-02 -1.147572971148096491e-02 9.998722051817343637e-01 3.103625500000000148e+00
9.999282483534402965e-01 -2.627838841097274690e-03 -1.168728402349526914e-02 -3.859610000000000124e-02 2.761975777779410168e-03 9.999303354480825190e-01 1.147587645838579751e-02 -4.561130000000000045e-02 1.165631308019766076e-02 -1.150733304073511473e-02 9.998658468272960675e-01 3.290645399999999832e+00
9.999256056401212289e-01 -2.491847273809852555e-03 -1.194043057853478099e-02 -3.982970000000000260e-02 2.648745637531449600e-03 9.999101274157914387e-01 1.314234522006811623e-02 -4.617480000000000195e-02 1.190660874407403064e-02 -1.317299466711330594e-02 9.998423400115219462e-01 3.352361000000000146e+00
9.999238946929328575e-01 -2.009851287131011240e-03 -1.217231777108250708e-02 -4.081850000000000062e-02 2.149600758888716833e-03 9.999318064870846845e-01 1.147874522989545537e-02 -4.663269999999999915e-02 1.214841712709842196e-02 -1.150403725998314086e-02 9.998600267477577574e-01 3.414038199999999801e+00
9.999259291986720699e-01 -1.851978495607462243e-04 -1.216970903220904350e-02 -4.193039999999999962e-02 3.123861538366619426e-04 9.999453468944112799e-01 1.045015019539208279e-02 -4.720730000000000065e-02 1.216710857447255052e-02 -1.045317779299099678e-02 9.998713379945266544e-01 3.475535600000000169e+00
9.999226720741625218e-01 1.897423257204630068e-03 -1.229022607806360724e-02 -4.301230000000000331e-02 -1.763651776448356325e-03 9.999391894662836844e-01 1.088608753974765891e-02 -4.778879999999999934e-02 1.231013421853418936e-02 -1.086357006212219575e-02 9.998652126366969206e-01 3.537002999999999897e+00
9.999222867757837641e-01 3.503192378689686838e-03 -1.196444951701713943e-02 -4.451250000000000345e-02 -3.366963301722216383e-03 9.999294930798233727e-01 1.138738017509930041e-02 -4.851810000000000150e-02 1.200349812397273619e-02 -1.134621136262141221e-02 9.998635804551051498e-01 3.598383899999999969e+00
9.999168237131632608e-01 5.169201792357947488e-03 -1.181630264543348519e-02 -4.557549999999999796e-02 -5.029608592634011825e-03 9.999175751470877893e-01 1.181295684292990415e-02 -4.891979999999999940e-02 1.187639224611148833e-02 -1.175254290772451311e-02 9.998604047777962522e-01 3.659684200000000054e+00
9.999243571741438519e-01 5.588009866291361247e-03 -1.095691907469058778e-02 -4.645040000000000280e-02 -5.450766251208147284e-03 9.999068169097277137e-01 1.251585573306759382e-02 -4.911440000000000250e-02 1.102583680043280577e-02 -1.245518539366239665e-02 9.998616400680945260e-01 3.721014300000000219e+00
9.999338098487743354e-01 7.688379110844448597e-03 -8.559482926155279406e-03 -4.754320000000000074e-02 -7.574232763805152993e-03 9.998830079713724173e-01 1.328914474900501352e-02 -4.944729999999999959e-02 8.660653517772983270e-03 -1.322343362248390095e-02 9.998750591368288365e-01 3.782302899999999912e+00
9.999623745159577082e-01 6.249932542766366284e-03 -6.015637590350060397e-03 -4.818179999999999685e-02 -6.182557709453384912e-03 9.999186773929589211e-01 1.115412842336889650e-02 -4.994080000000000047e-02 6.084860933237607079e-03 -1.111651671732640130e-02 9.999196955373449436e-01 3.843189000000000188e+00
9.999884624223374097e-01 3.271752760208699543e-03 -3.517194348542658239e-03 -4.858479999999999743e-02 -3.250599224197351939e-03 9.999766966835061943e-01 6.003306974217981380e-03 -5.040349999999999692e-02 3.536753722412861855e-03 -5.991804721376809729e-03 9.999757945316916086e-01 3.903485299999999825e+00
9.999911013123435888e-01 4.130248325016117744e-03 -8.592699806800281398e-04 -4.902940000000000076e-02 -4.125300347806698520e-03 9.999753448872198414e-01 5.682562338061858398e-03 -5.114670000000000327e-02 8.827191888603256155e-04 -5.678967023964365257e-03 9.999834849338133935e-01 3.964100800000000202e+00
9.999918358903484572e-01 3.670726908042006194e-03 1.689353905197657274e-03 -4.894740000000000202e-02 -3.685982025454791026e-03 9.999516420086667079e-01 9.117410853919908145e-03 -5.176080000000000264e-02 -1.655804686082993022e-03 -9.123563346507148827e-03 9.999570085272185826e-01 4.024750199999999722e+00
9.999809626237637916e-01 3.365396144676548185e-03 5.171895091753985624e-03 -4.912649999999999656e-02 -3.421271469936638249e-03 9.999354679430801918e-01 1.083304440045707202e-02 -5.266019999999999729e-02 -5.135103852865132920e-03 -1.085053262483796042e-02 9.999279457291798678e-01 4.084459800000000307e+00
9.999462938604535278e-01 4.206573114904706319e-03 9.471754714549692616e-03 -4.907380000000000075e-02 -4.289231756543555353e-03 9.999527502272258506e-01 8.723520157938386560e-03 -5.304049999999999737e-02 -9.434611050927944886e-03 -8.763678202459285888e-03 9.999170895922728786e-01 4.144768700000000194e+00
9.999127247687498166e-01 3.409766775142968748e-03 1.276386838201960632e-02 -4.843680000000000208e-02 -3.485252599863151654e-03 9.999765421140405230e-01 5.896459612490601368e-03 -5.383550000000000141e-02 -1.274346341657305558e-02 -5.940430303077108565e-03 9.999011528286008144e-01 4.204567400000000177e+00
9.998672611204996175e-01 1.777341892886584104e-03 1.619571533419841836e-02 -4.766879999999999729e-02 -1.814536735560178145e-03 9.999957495464099066e-01 2.282179999279568446e-03 -5.447199999999999959e-02 -1.619159028094220576e-02 -2.311264785696224601e-03 9.998662362832662076e-01 4.264247400000000354e+00
9.998047179827675990e-01 1.392744261806019802e-03 1.971258894259882849e-02 -4.675630000000000064e-02 -1.419517917680576625e-03 9.999980889469777257e-01 1.344273511581276035e-03 -5.544799999999999729e-02 -1.971067904157659811e-02 -1.371993372346113314e-03 9.998047843283739411e-01 4.323372799999999572e+00
9.997308479063619080e-01 1.136802802459934564e-03 2.317195338798543405e-02 -4.561420000000000058e-02 -1.213435924482404379e-03 9.999938406660373591e-01 3.293357442647801021e-03 -5.691759999999999875e-02 -2.316806676621564406e-02 -3.320588709278427409e-03 9.997260696675563940e-01 4.383232600000000367e+00
9.995184748606597003e-01 1.800075651327042586e-03 3.097705828302960498e-02 -4.304840000000000055e-02 -1.854283058598628960e-03 9.999967994044162145e-01 1.721283027924227485e-03 -5.893480000000000246e-02 -3.097386069832605907e-02 -1.777894421253806275e-03 9.995186136560276768e-01 4.501079599999999736e+00
9.993000958977811266e-01 1.665437779543976976e-03 3.737037136138621207e-02 -3.906140000000000306e-02 -1.634384468074422765e-03 9.999982933055836520e-01 -8.614948232296362361e-04 -6.103789999999999910e-02 -3.737174234760755331e-02 7.998143049495945846e-04 9.993011123635265891e-01 4.618483099999999730e+00
9.991843839311095321e-01 3.186960634370102421e-04 4.037902105088916893e-02 -3.692349999999999799e-02 -3.323711710217728404e-04 9.999998896673265580e-01 3.319559298512227553e-04 -6.192779999999999813e-02 -4.037891080271574507e-02 -3.451060037720694884e-04 9.991843796138090150e-01 4.677070099999999897e+00
9.989600192672145607e-01 -8.407018344575389966e-04 4.558698417390613655e-02 -3.188579999999999887e-02 6.860989059289382061e-04 9.999939610510318877e-01 3.406923797011698896e-03 -6.357809999999999850e-02 -4.558957308352110105e-02 -3.372103481938421889e-03 9.989545634032458432e-01 4.793522799999999862e+00
9.987101341299030599e-01 -3.355424155797958382e-03 5.066368635389505853e-02 -2.653290000000000162e-02 3.252840939978207582e-03 9.999924895374390221e-01 2.107105724520126795e-03 -6.538760000000000405e-02 -5.067037607962236040e-02 -1.939586927619217421e-03 9.987135480158962908e-01 4.909118199999999987e+00
9.987227538515589531e-01 -3.702144762080542429e-03 5.039002940383068008e-02 -2.606600000000000149e-03 3.721883517442885463e-03 9.999930293973449125e-01 -2.978922682214121083e-04 -7.303110000000000157e-02 -5.038857531465747164e-02 4.850576063507557392e-04 9.987295711036484613e-01 5.378410800000000158e+00
9.996457012158486144e-01 -1.128599951401941916e-03 2.659320031181091823e-02 9.047799999999999940e-03 1.069203977888138644e-03 9.999969025083927932e-01 2.247615730843610139e-03 -7.891629999999999479e-02 -2.659565459860074518e-02 -2.218385847764767910e-03 9.996438115252364032e-01 5.740055599999999814e+00
9.999790012125255867e-01 6.223203980400284462e-03 1.808000613421643487e-03 1.049079999999999978e-02 -6.225528614998935596e-03 9.999797981756136656e-01 1.282978613536193144e-03 -8.449769999999999504e-02 -1.799979850896233843e-03 -1.294207432095745161e-03 9.999975425468100587e-01 6.104847399999999702e+00
9.999561949846963449e-01 9.343656359012835616e-03 -5.515410886784491429e-04 9.912900000000000530e-03 -9.342933932541173936e-03 9.999555111539799590e-01 1.298190400019380965e-03 -8.652060000000000306e-02 5.636463962382317911e-04 -1.292980520816436633e-03 9.999990052515616012e-01 6.228029699999999558e+00
9.998914870655457587e-01 1.413590852537585825e-02 -4.146104679553714797e-03 7.187500000000000312e-03 -1.410513718198594564e-02 9.998734342155569665e-01 7.359392302744065251e-03 -9.025500000000000189e-02 4.249611620956508795e-03 -7.300112338213515448e-03 9.999643239440697551e-01 6.536034100000000180e+00
9.998912832987725263e-01 1.398391001812686156e-02 -4.676734302754419724e-03 6.666599999999999956e-03 -1.395641112920216996e-02 9.998854225534670181e-01 5.861770506197535799e-03 -9.076239999999999308e-02 4.758168925785473576e-03 -5.795862807173467537e-03 9.999718835061284228e-01 6.597214199999999806e+00
9.999414433792478407e-01 8.705227835349259660e-03 -6.428749564352922996e-03 6.067399999999999703e-03 -8.647545895928339735e-03 9.999225875904741434e-01 8.946439311167508901e-03 -9.208470000000000544e-02 6.506132691877745608e-03 -8.890322531002511908e-03 9.999393143599717426e-01 6.721620599999999612e+00
9.999700695900185510e-01 3.828320927791251452e-03 -6.723383300639244713e-03 4.751400000000000241e-03 -3.749091510916894264e-03 9.999238499887452836e-01 1.175748852978276450e-02 -9.285670000000000035e-02 6.767882754322065118e-03 -1.173193004407364730e-02 9.999082745834563246e-01 6.846126599999999840e+00
9.999763261878160669e-01 -2.511665410961756544e-03 -6.406137742958905451e-03 3.970800000000000024e-03 2.568254765206119672e-03 9.999576218000658656e-01 8.840739302649695472e-03 -9.351249999999999840e-02 6.383661283259033092e-03 -8.856982602432799181e-03 9.999403995877957918e-01 6.970431300000000441e+00
9.999731899745234465e-01 -4.570114110431794906e-03 -5.721310094125720523e-03 3.066000000000000149e-03 4.621729617866911048e-03 9.999484473175185295e-01 9.041146090134984450e-03 -9.451009999999999966e-02 5.679696075922059141e-03 -9.067346045092994009e-03 9.999427605059120205e-01 7.094180099999999989e+00
9.999762677072785433e-01 -4.459855917996679957e-03 -5.251067264080408470e-03 2.631500000000000158e-03 4.517554332415665320e-03 9.999289867407074039e-01 1.102783653106302088e-02 -9.500179999999999736e-02 5.201511806663460663e-03 -1.105129679688703244e-02 9.999254037747177248e-01 7.156657199999999719e+00
9.999895774856036867e-01 -2.073051858584504942e-03 -4.067846623895312111e-03 1.765300000000000029e-03 2.116876120193779583e-03 9.999394509217039984e-01 1.079876501702238360e-02 -9.551550000000000318e-02 4.045213919642630038e-03 -1.080726359411726505e-02 9.999334174323566415e-01 7.279351700000000314e+00
9.999937185467884238e-01 -1.927765488154470526e-03 -2.974321298891266160e-03 9.045000000000000305e-04 1.947806449179759637e-03 9.999753223102004762e-01 6.749875602350120969e-03 -9.686630000000000240e-02 2.961235722277341664e-03 -6.755626605530254229e-03 9.999727959260510390e-01 7.402371900000000338e+00
9.999918654923282135e-01 -3.143158859609905455e-03 -2.527746339450517160e-03 5.389999999999999826e-04 3.140827443235689586e-03 9.999946390608072111e-01 -9.257713636477054100e-04 -9.844650000000000623e-02 2.530642634819718975e-03 9.178246178809608326e-04 9.999963767163487782e-01 7.524812700000000021e+00
9.999920962947989045e-01 -3.299768236658095263e-03 -2.217854259858671479e-03 -2.900000000000000017e-04 3.296616884953095222e-03 9.999935535905579709e-01 -1.423058130115091710e-03 -1.009778999999999954e-01 2.222535724678701471e-03 1.415735466881731840e-03 9.999965280079928798e-01 7.647440900000000319e+00
9.999949396857689132e-01 -2.093016642015849832e-03 -2.395805541268010430e-03 -1.281199999999999917e-03 2.092578173988897394e-03 9.999977933494443860e-01 -1.855069479029451511e-04 -1.028839000000000004e-01 2.396188523691552413e-03 1.804925987947176192e-04 9.999971128473225113e-01 7.769957999999999920e+00
9.999951678793490562e-01 -1.499675765041395695e-03 -2.723084749340431033e-03 -1.629100000000000079e-03 1.500720775835129956e-03 9.999988010485836298e-01 3.817571849413416304e-04 -1.040528000000000008e-01 2.722508972495726962e-03 -3.858419301022596366e-04 9.999962195283038646e-01 7.830748999999999960e+00
9.999941167776451589e-01 -1.474916486852025001e-03 -3.096939045937305551e-03 -2.113600000000000201e-03 1.474679256638522073e-03 9.999989095486379043e-01 -7.888361739004366745e-05 -1.051665999999999990e-01 3.097052015623735690e-03 7.431616153006475321e-05 9.999952013614468171e-01 7.890907300000000291e+00
9.999871555586130611e-01 -1.380433445028315335e-03 -4.876794161947503418e-03 -2.813200000000000076e-03 1.387556989142727654e-03 9.999979750114105226e-01 1.457620897235145088e-03 -1.071885999999999950e-01 4.874772137858256367e-03 -1.464369004732986876e-03 9.999870460261082172e-01 8.012096400000000784e+00
9.999829715963235444e-01 1.831649752547106648e-05 -5.835767463868156944e-03 -4.320799999999999641e-03 -1.288336735010077290e-05 9.999995664977900933e-01 9.310414871648557298e-04 -1.093700999999999979e-01 5.835781987469161082e-03 -9.309504486785660305e-04 9.999825383374736365e-01 8.133472400000000491e+00
9.999743960363824957e-01 6.571941526828788691e-04 -7.125683652663633051e-03 -5.799999999999999600e-03 -6.599973636087485282e-04 9.999997057412519652e-01 -3.910510062386789599e-04 -1.113171000000000022e-01 7.125424559434182133e-03 3.957439262076105487e-04 9.999745355315767803e-01 8.255531299999999462e+00
9.999632330405066050e-01 9.856395495587608711e-04 -8.518279277876900438e-03 -7.399300000000000148e-03 -1.005540840103643415e-03 9.999967745403739450e-01 -2.332337125611396150e-03 -1.136753000000000069e-01 8.515952958797099251e-03 2.340816850368087915e-03 9.999609988002915451e-01 8.377293599999999785e+00
9.999491163067520949e-01 1.567142352546621121e-03 -9.965383193453608568e-03 -9.099700000000000497e-03 -1.573617609886124270e-03 9.999985558018241738e-01 -6.419671982188921615e-04 -1.160545000000000049e-01 9.964362747480106502e-03 6.576162350393845212e-04 9.999501382648656733e-01 8.498008699999999749e+00
9.999310684668595295e-01 1.579268016658226872e-03 -1.163461332646047348e-02 -1.097710000000000005e-02 -1.579477443044374329e-03 9.999987525859025395e-01 -8.811688257144797658e-06 -1.182729000000000003e-01 1.163458489726235286e-02 2.718769016165147078e-05 9.999323155569570520e-01 8.617630000000000123e+00
9.999132978828263463e-01 2.710871767372398811e-03 -1.288595713756574522e-02 -1.303460000000000035e-02 -2.722610002853521980e-03 9.999958945382116937e-01 -8.934771928215751646e-04 -1.199593000000000048e-01 1.288348213266429960e-02 9.284831622563893350e-04 9.999165734235805347e-01 8.738074299999999184e+00
9.999028622219841012e-01 3.619711396819343292e-03 -1.345971060935985918e-02 -1.595509999999999984e-02 -3.628911831705244895e-03 9.999931982084271365e-01 -6.591932942644138094e-04 -1.226199000000000039e-01 1.345723296973370779e-02 7.079733647741605091e-04 9.999091967046374041e-01 8.858161900000000699e+00
9.999044996782888717e-01 2.354526789869221693e-03 -1.361791932369246262e-02 -1.827509999999999898e-02 -2.403352041110934628e-03 9.999907390467085433e-01 -3.570114813842470078e-03 -1.248328999999999966e-01 1.360938727780557946e-02 3.602502520931482460e-03 9.999008983661877847e-01 8.978641500000000164e+00
9.998992891822101603e-01 -6.956183407513835508e-04 -1.417489358107245842e-02 -1.896489999999999981e-02 6.479459420315155423e-04 9.999941201303613747e-01 -3.367472458780901550e-03 -1.261067999999999911e-01 1.417715271015036402e-02 3.357948753101108307e-03 9.998938606278191532e-01 9.038900399999999280e+00
9.998925638419736694e-01 -1.330560522656207105e-03 -1.459761563475830796e-02 -2.131809999999999955e-02 1.395759299620459842e-03 9.999890929061370226e-01 4.457120678062035518e-03 -1.282700999999999980e-01 1.459152594837546078e-02 -4.477016579915024316e-03 9.998835150621502299e-01 9.159143399999999602e+00
9.998938716919103520e-01 1.402385921262366440e-03 -1.450098847283826098e-02 -2.364919999999999869e-02 -1.393539822889807355e-03 9.999988367479509810e-01 6.201205583167677558e-04 -1.299533999999999967e-01 1.450184125287417788e-02 -5.998470410629358528e-04 9.998946628439436823e-01 9.277393299999999954e+00
9.998913991553659564e-01 1.725958807179492609e-03 -1.463594757166840690e-02 -2.647350000000000050e-02 -1.741946518147454055e-03 9.999978999531189405e-01 -1.079681286217659686e-03 -1.321003000000000038e-01 1.463405335006746216e-02 1.105059069830297176e-03 9.998923058644864081e-01 9.394935600000000164e+00
9.998977767818316709e-01 1.789546276198276421e-03 -1.418567978194305856e-02 -2.890919999999999948e-02 -1.758361049706340992e-03 9.999960108596812614e-01 2.210527345037846710e-03 -1.343572000000000100e-01 1.418957903425463810e-02 -2.185357831026611859e-03 9.998969347177643074e-01 9.512006799999999984e+00
9.999277762680370829e-01 8.089976625955233635e-04 -1.199115384107003225e-02 -3.125660000000000244e-02 -7.781723965246094147e-04 9.999963816213095491e-01 2.575110096564572557e-03 -1.366040000000000032e-01 1.199319371058354781e-02 -2.565592927581582944e-03 9.999247876903293308e-01 9.628967299999999341e+00
9.999448061188437320e-01 -5.326320981349484017e-05 -1.050627807449543670e-02 -3.203419999999999879e-02 6.193519265573162777e-05 9.999996576985288321e-01 8.250859694730994882e-04 -1.374913000000000107e-01 1.050623053145388792e-02 -8.256911381327951662e-04 9.999444671351326308e-01 9.687214900000000739e+00
9.999683006210126068e-01 -8.854991066744579906e-04 -7.912878392607848935e-03 -3.374169999999999947e-02 8.772865811318519662e-04 9.999990730527102967e-01 -1.041279009054688412e-03 -1.399330000000000018e-01 7.913793109418984853e-03 1.034304139124785690e-03 9.999681505395905390e-01 9.802635199999999216e+00
9.999787526453970399e-01 -5.738196761511582186e-04 -6.493457379168166704e-03 -3.459969999999999712e-02 5.713741865358405204e-04 9.999997651508538699e-01 -3.784570993093767065e-04 -1.411046999999999996e-01 6.493673020315409231e-03 3.747388641693583620e-04 9.999788456669914671e-01 9.860007299999999475e+00
9.999859585695843878e-01 -1.104050580400681375e-03 -5.183023826447050696e-03 -3.503749999999999920e-02 1.111940998118256295e-03 9.999982270126205330e-01 1.519723274852928562e-03 -1.423066000000000053e-01 5.181336785647568631e-03 -1.525465152451164043e-03 9.999854132462044909e-01 9.917291600000000429e+00
9.999947806831326336e-01 -4.236528590293979100e-04 -3.202986848015848195e-03 -3.578520000000000312e-02 4.295456426990397480e-04 9.999982162063200120e-01 1.839313654305372442e-03 -1.441717000000000137e-01 3.202201904059853027e-03 -1.840679883388779674e-03 9.999931788770023422e-01 1.002982429999999958e+01
9.999992844349725463e-01 -2.104048339533587625e-04 -1.177649926279070386e-03 -3.644719999999999904e-02 2.131948011006766725e-04 9.999971700681912212e-01 2.369473271843330377e-03 -1.465527000000000080e-01 1.177148044979765178e-03 -2.369722645172922353e-03 9.999964993624054221e-01 1.014155389999999990e+01
9.999995960554690644e-01 -3.794630608264781000e-04 8.147985543297818793e-04 -3.723200000000000121e-02 3.777364670943137923e-04 9.999976853688428147e-01 2.118152996896690080e-03 -1.484022000000000119e-01 -8.156004291911624115e-04 -2.117844362153065152e-03 9.999974247622829271e-01 1.025148109999999946e+01
9.999982872662359634e-01 -1.363432353730395161e-03 1.251605693303802858e-03 -3.723329999999999695e-02 1.359763567961649010e-03 9.999947905289275907e-01 2.927449067958979960e-03 -1.504086000000000034e-01 -1.255590551873302487e-03 -2.925742166194910537e-03 9.999949317497278667e-01 1.035933110000000035e+01
9.999991091438412694e-01 -1.279532220354061278e-03 3.801431582974373283e-04 -3.768860000000000265e-02 1.278062577137265877e-03 9.999918049260202446e-01 3.841436820929245311e-03 -1.525382999999999878e-01 -3.850552851809655721e-04 -3.840947552017020140e-03 9.999925493994092918e-01 1.046302990000000044e+01
9.999991990663132935e-01 -1.123384522723203105e-03 -5.829870891463191044e-04 -3.806740000000000124e-02 1.124613866225657177e-03 9.999971359272613602e-01 2.112671514070678380e-03 -1.544963000000000031e-01 5.806120769483848285e-04 -2.113325457325177827e-03 9.999975983696799409e-01 1.056477450000000040e+01
9.999956304692785292e-01 -1.519896064643896970e-03 -2.535539055651940803e-03 -3.857220000000000093e-02 1.525698466088064873e-03 9.999962184904421791e-01 2.288066652498178376e-03 -1.567054999999999976e-01 2.532051843985993079e-03 -2.291925122768562455e-03 9.999941678793385913e-01 1.066455649999999977e+01
9.999758285699558158e-01 -3.321557373709061681e-03 -6.108152948597426676e-03 -3.945089999999999708e-02 3.347187292171077428e-03 9.999856175294017380e-01 4.190593224369699304e-03 -1.581118999999999997e-01 6.094145802442612822e-03 -4.210937063666915156e-03 9.999725643216339499e-01 1.076121329999999965e+01
9.999368215640732638e-01 -2.602217041486074977e-03 -1.093532563793463662e-02 -4.047119999999999884e-02 2.666476874395594648e-03 9.999792404169540738e-01 5.865887504018747062e-03 -1.597742000000000051e-01 1.091983431270752460e-02 -5.894675699348459613e-03 9.999230020441486344e-01 1.085476019999999941e+01
9.998598788998800391e-01 -2.512869580453716816e-03 -1.655016775712360444e-02 -4.187149999999999900e-02 2.600933297242757469e-03 9.999825637100517861e-01 5.301643316511527038e-03 -1.611431000000000113e-01 1.653655684538342385e-02 -5.343946326812029288e-03 9.998489808592873063e-01 1.094620899999999963e+01
9.998081560589303640e-01 -1.776707487208126907e-03 -1.950626536645135717e-02 -4.294590000000000213e-02 1.889101410426679856e-03 9.999817128188976945e-01 5.745025991660029224e-03 -1.619749000000000050e-01 1.949570142115038263e-02 -5.780773156648162658e-03 9.997932287667329332e-01 1.098968980000000073e+01
9.996762909584483436e-01 -1.705032157747694453e-03 -2.538515631034453379e-02 -4.554199999999999915e-02 1.833870186545401770e-03 9.999855523836918003e-01 5.052914408702262501e-03 -1.636084999999999900e-01 2.537617417378905393e-02 -5.097831815960314657e-03 9.996649748266054347e-01 1.107398030000000055e+01
9.994897210642565977e-01 -2.911020263377522973e-04 -3.194076934741551382e-02 -4.835389999999999827e-02 4.184060615091265327e-04 9.999919961483733077e-01 3.979016908661581024e-03 -1.650174000000000085e-01 3.193935539835187493e-02 -3.990350711652347442e-03 9.994818430956792232e-01 1.115415950000000045e+01
9.992908410101496441e-01 1.367584470211155199e-03 -3.762904178882107986e-02 -5.127580000000000332e-02 -1.238749588568100650e-03 9.999932921093220850e-01 3.446916856686342481e-03 -1.667279000000000122e-01 3.763350332728575276e-02 -3.397859484576042522e-03 9.992858319711324100e-01 1.123087499999999928e+01
9.992628691575790034e-01 2.309471766782642595e-03 -3.831950760541812800e-02 -5.291030000000000039e-02 -2.160095859296080802e-03 9.999899086359471667e-01 3.939113117030873870e-03 -1.674223999999999990e-01 3.832821817984650298e-02 -3.853435665551796507e-03 9.992577739125824143e-01 1.126776309999999981e+01
9.992931778970788326e-01 2.527154939466812276e-03 -3.750677400509266207e-02 -5.612690000000000040e-02 -2.308770020237319986e-03 9.999801371409128281e-01 5.864716927081945787e-03 -1.689149000000000067e-01 3.752085006167663744e-02 -5.773977100151734577e-03 9.992791636970602687e-01 1.133902740000000087e+01
9.994064436891170189e-01 2.703212091360669440e-03 -3.434316463374980505e-02 -6.201539999999999830e-02 -2.704785238919563736e-03 9.999963420615025633e-01 6.524327595415808250e-07 -1.715725999999999918e-01 3.434304077222988943e-02 9.223883925519116094e-05 9.994100995299743939e-01 1.147533890000000056e+01
9.995120969492151675e-01 2.850193402976417857e-03 -3.110376906016845341e-02 -6.465890000000000526e-02 -2.875507793018180873e-03 9.999955699073586057e-01 -7.691687650951521422e-04 -1.727866999999999875e-01 3.110143898784997404e-02 8.582326156328459223e-04 9.995158647713714428e-01 1.154241750000000089e+01
9.996231233816520456e-01 2.536127098269928219e-03 -2.733457993187228541e-02 -6.691070000000000351e-02 -2.560991922525862868e-03 9.999963381233979431e-01 -8.746771790394212293e-04 -1.742535000000000056e-01 2.733226154351760251e-02 9.443511720732011318e-04 9.996259578861388384e-01 1.160893920000000001e+01
9.998671585390311867e-01 4.427079699320695858e-04 -1.629322818649829932e-02 -6.984569999999999668e-02 -4.404626843517531350e-04 9.999998930003028974e-01 1.413930923215312449e-04 -1.768786999999999998e-01 1.629328903897668199e-02 -1.341977504327956732e-04 9.998672465498888995e-01 1.173982520000000029e+01
9.999893161420545518e-01 8.518860808627817978e-04 -4.543334882145446535e-03 -7.121909999999999352e-02 -8.577090421782664238e-04 9.999988131528039226e-01 -1.279854750610005549e-03 -1.793623000000000023e-01 4.542239199453609877e-03 1.283737936233719096e-03 9.999888599779329645e-01 1.186851309999999948e+01
9.999990422553414193e-01 6.651933133752579389e-04 1.213674691107959579e-03 -7.137899999999999801e-02 -6.640062640777960601e-04 9.999993011069426840e-01 -9.782031013947200659e-04 -1.805453999999999948e-01 -1.214324537041314763e-03 9.773962769284761948e-04 9.999987850554803437e-01 1.193336769999999980e+01
9.999923934646652857e-01 1.089205777825697722e-03 3.745216093054114324e-03 -7.131519999999999526e-02 -1.087990021021699623e-03 9.999993547924591608e-01 -3.266379948073734781e-04 -1.811763999999999875e-01 -3.745569452603650113e-03 3.225607524881115911e-04 9.999929333070493032e-01 1.196612359999999953e+01
9.999822510242036833e-01 8.094250425625121185e-04 5.902750855907543635e-03 -7.112559999999999716e-02 -8.061677670016955495e-04 9.999995214879363603e-01 -5.541817659607737017e-04 -1.817782000000000009e-01 -5.903196599969550047e-03 5.494133223253486013e-04 9.999824250530122693e-01 1.199894710000000053e+01
9.999664984992411298e-01 7.514760597667381617e-04 8.150899514702898002e-03 -7.099719999999999642e-02 -7.333105885063716028e-04 9.999972415378186597e-01 -2.231405909802319093e-03 -1.823790999999999884e-01 -8.152553878875680449e-03 2.225354013435555320e-03 9.999642911948241064e-01 1.203172969999999964e+01
9.999500483701723175e-01 1.373126186174782959e-03 9.900267115935005441e-03 -7.077680000000000082e-02 -1.326432689784160348e-03 9.999879743496589146e-01 -4.721412117730560028e-03 -1.829203000000000079e-01 -9.906631153398962747e-03 4.708044237560019170e-03 9.999398446799926399e-01 1.206472209999999912e+01
9.999418141152046635e-01 1.931470895847606836e-04 1.078568858234900743e-02 -7.048480000000000023e-02 -1.252467015901180059e-04 9.999801738151815611e-01 -6.295735844443266400e-03 -1.835455000000000003e-01 -1.078669074634892866e-02 6.294018649563402380e-03 9.999220132750261669e-01 1.209792610000000046e+01
9.999409683209533606e-01 2.278636139199365584e-04 1.086314648375703330e-02 -7.015899999999999914e-02 -1.561286230784774375e-04 9.999781817638523362e-01 -6.603909456744946373e-03 -1.842726000000000086e-01 -1.086441425973655971e-02 6.601823568778634153e-03 9.999191869488051054e-01 1.213150979999999990e+01
9.999409378152854799e-01 -9.283880906573515690e-04 1.082861840866560649e-02 -6.984010000000000218e-02 1.005571024486116502e-03 9.999741154325166859e-01 -7.124415194981758431e-03 -1.850777000000000116e-01 -1.082172389234173707e-02 7.134883356362500123e-03 9.999159883367646495e-01 1.216528319999999930e+01
9.999389635855385761e-01 4.670716904801589984e-06 1.104848775458843954e-02 -6.960330000000000683e-02 7.586915739312327569e-05 9.999734302323264323e-01 -7.289243668960946471e-03 -1.858211999999999919e-01 -1.104822824482928553e-02 7.289636999119665853e-03 9.999123950852250031e-01 1.219915489999999991e+01
