9.999999979368799918e-01 1.679723474926025811e-05 -6.200074909271310072e-05 -3.550000000000000231e-05 -1.680276514924355498e-05 9.999999958805599887e-01 -8.919947893055336235e-05 1.399999999999999979e-05 6.199925053271763259e-05 8.920052053055020863e-05 9.999999940996799896e-01 1.686000000000000053e-04
9.999996516401225000e-01 -8.263106395360179154e-04 -1.180269486442706250e-04 1.311600000000000005e-03 8.264887823049597501e-04 9.999985072800651187e-01 1.517350959522247890e-03 -2.884700000000000025e-03 1.167729692213281134e-04 -1.517447978887117525e-03 9.999988418571819082e-01 7.283539999999999459e-02
9.999965482432715547e-01 7.353112459000856881e-05 2.626422417671496132e-03 3.254999999999999972e-04 -7.526875111618223002e-05 9.999997783750035341e-01 6.615017452642306395e-04 -6.007300000000000140e-03 -2.626373194623389876e-03 -6.616971494564122432e-04 9.999963321536359251e-01 2.936017000000000210e-01
9.999951247217607753e-01 3.774943910920914658e-04 3.099682353854819016e-03 -1.923999999999999875e-04 -3.789047092480771553e-04 9.999998249698606179e-01 4.544133243995723912e-04 -6.955600000000000151e-03 -3.099510272835786714e-03 -4.555855932492291430e-04 9.999950927268772549e-01 3.667475000000000041e-01
9.999852238734412424e-01 4.494896160376649367e-05 5.435992492137336693e-03 -4.144700000000000294e-03 -4.785069881200526207e-05 9.999998564522798450e-01 5.336719314410820264e-04 -5.531000000000000326e-03 -5.435967723813852487e-03 -5.339241618765676713e-04 9.999850824786813419e-01 4.370339999999999780e-01
9.999656585248430929e-01 1.388381750171463090e-03 8.170322337133354915e-03 -1.615899999999999975e-02 -1.331178241369615186e-03 9.999745950683434081e-01 -7.002655381519637921e-03 4.293499999999999574e-03 -8.179837129587209585e-03 6.991538744683652683e-03 9.999421026492059106e-01 5.759760999999999909e-01
9.999299774594050394e-01 3.954598420104682953e-03 1.115353438912191839e-02 -2.386390000000000039e-02 -3.803489055130511876e-03 9.999011374672051033e-01 -1.353694067345992402e-02 1.089479999999999962e-02 -1.120596488666291204e-02 1.349357043650703872e-02 9.998461631210242562e-01 6.539983000000000324e-01
9.999979614542799933e-01 -1.166105698063110181e-04 2.015809827195914113e-03 -1.193969999999999927e-02 1.237889277168760592e-04 9.999936509909376214e-01 -3.561271418508187275e-03 -4.533800000000000156e-03 -2.015381746911705779e-03 3.561513693630568873e-03 9.999916268932577124e-01 7.258318999999999743e-01
9.999995796909675327e-01 4.761737944806017863e-04 -7.835026520192880017e-04 -1.014939999999999939e-02 -4.778256114081913552e-04 9.999976610292392598e-01 -2.109411940715133233e-03 -1.003749999999999955e-02 7.824963727415609619e-04 2.109785431743982451e-03 9.999974682492244193e-01 8.731092000000000297e-01
9.999989142573992851e-01 -2.729870166475798876e-04 -1.448089124112883659e-03 -1.005840000000000033e-02 2.718128159786381928e-04 9.999996342007659855e-01 -8.109969957638392488e-04 -1.251200000000000055e-02 1.448309986053375291e-03 8.106025060472387290e-04 9.999986226599322237e-01 9.456681000000000115e-01
9.999973245494436780e-01 -7.800978466783828899e-04 -2.177691737681110903e-03 -1.018269999999999939e-02 7.795011294524225665e-04 9.999996584179652315e-01 -2.748489443773830519e-04 -1.452460000000000036e-02 2.177905402890406312e-03 2.731506958635002299e-04 9.999975910554752545e-01 1.018434499999999909e+00
9.999959405524625478e-01 -4.652654882066034245e-04 -2.811121950652626256e-03 -1.094819999999999995e-02 4.619334168629606377e-04 9.999991901879845546e-01 -1.185850282929823462e-03 -1.583609999999999879e-02 2.811671409383120681e-03 1.184546917864929107e-03 9.999953456654111505e-01 1.091394999999999893e+00
9.999923225103726221e-01 -6.617521378352577907e-04 -3.862253800434946576e-03 -1.064750000000000071e-02 6.554449573977073722e-04 9.999984501049531405e-01 -1.634068419413766326e-03 -1.773749999999999979e-02 3.863329162616827971e-03 1.631524379092740571e-03 9.999912063693269237e-01 1.165124899999999908e+00
9.999887105505371743e-01 -2.436243009362047045e-04 -4.745462956765406255e-03 -1.098490000000000057e-02 2.387742972795972075e-04 9.999994486692280748e-01 -1.022569349630609485e-03 -1.921149999999999941e-02 4.745709463188614065e-03 1.021424710802846430e-03 9.999882173972107768e-01 1.238529900000000072e+00
9.999796076726812366e-01 -1.254339233485376147e-03 -6.261858500295668095e-03 -1.050719999999999953e-02 1.247247466073512622e-03 9.999985765849661590e-01 -1.136310608868089812e-03 -2.068729999999999875e-02 6.263274906050268764e-03 1.128477349702813274e-03 9.999797487581048028e-01 1.312517300000000109e+00
9.999758208995849218e-01 5.797856389461277567e-04 -6.929752146647890840e-03 -1.350119999999999966e-02 -5.986061899876438976e-04 9.999961375502052219e-01 -2.714139882240897052e-03 -2.174219999999999972e-02 6.928151761502319983e-03 2.718222449310207702e-03 9.999723056064531157e-01 1.457850300000000043e+00
9.999586502443309488e-01 -1.925424071527594627e-03 -8.887662441878073361e-03 -1.273720000000000060e-02 1.930535989183834603e-03 9.999979759803944157e-01 5.666267810889474062e-04 -2.499049999999999883e-02 8.886553456231162385e-03 -5.837613034137569250e-04 9.999603434088825127e-01 1.531235700000000088e+00
9.999466504775520459e-01 -2.335339670662956238e-03 -1.006192761587138169e-02 -1.344380000000000054e-02 2.346197286390913107e-03 9.999966779912474735e-01 1.067410306653755964e-03 -2.657850000000000143e-02 1.005940142442576964e-02 -1.090960628091859315e-03 9.999488078136251623e-01 1.603774400000000044e+00
9.999390709266954280e-01 -2.611103277437919895e-03 -1.072551042755907381e-02 -1.448550000000000011e-02 2.608417486716812714e-03 9.999965631214891015e-01 -2.643925578902084350e-04 -2.728119999999999851e-02 1.072616392155720418e-02 2.363998397434589709e-04 9.999424451050388241e-01 1.676831399999999972e+00
9.999251726785882699e-01 -2.929692762092854768e-03 -1.187711850640047612e-02 -1.528479999999999943e-02 2.914596675000836242e-03 9.999949229073500367e-01 -1.288132658133403670e-03 -2.848269999999999968e-02 1.188083203809455618e-02 1.253419260509626865e-03 9.999286348386268175e-01 1.748951200000000039e+00
9.999168082043042860e-01 -2.471136657762448320e-03 -1.265978491663053568e-02 -1.659899999999999917e-02 2.453159435925581985e-03 9.999959608699651170e-01 -1.435357982212116280e-03 -2.975430000000000089e-02 1.266328074783990010e-02 1.404182101379089064e-03 9.999188315025012708e-01 1.820897699999999952e+00
9.999075844345990394e-01 -2.839482972186178726e-03 -1.329510912388392682e-02 -1.805019999999999888e-02 2.828385629631524970e-03 9.999956359433435082e-01 -8.534219344495157450e-04 -3.102989999999999915e-02 1.329747438032541362e-02 8.157393693885417853e-04 9.999112519340833671e-01 1.893083199999999966e+00
9.999085885077965141e-01 -3.756771070992770585e-03 -1.298850643708435344e-02 -2.015319999999999959e-02 3.731854246915110480e-03 9.999911507561280999e-01 -1.942079636474390971e-03 -3.119020000000000126e-02 1.299568744721923096e-02 1.893430895168525226e-03 9.999137597949232514e-01 1.965754299999999954e+00
9.998786668623098617e-01 -4.400255714954749535e-03 -1.494286797415036137e-02 -2.144209999999999866e-02 4.387477567041174302e-03 9.999899808679995061e-01 -8.878086598526669943e-04 -3.526080000000000186e-02 1.494662484471296661e-02 8.221394412184558111e-04 9.998879549692007984e-01 2.109794099999999784e+00
9.998723260108787203e-01 -5.515870506672146054e-03 -1.499689468352668337e-02 -2.258680000000000063e-02 5.511377046223802159e-03 9.999847541256217109e-01 -3.409389597281703562e-04 -3.665870000000000239e-02 1.499854661790681401e-02 2.582418895677102751e-04 9.998874821251023670e-01 2.182339199999999924e+00
9.998735571136949662e-01 -5.431495254848390380e-03 -1.494552254366708806e-02 -2.378399999999999959e-02 5.450158562015930408e-03 9.999844177591941108e-01 1.208308923449992640e-03 -3.840949999999999920e-02 1.493872673475173281e-02 -1.289611609037332688e-03 9.998875793535202394e-01 2.255123600000000117e+00
9.998814946341669785e-01 -4.601650456575731747e-03 -1.469086454977731361e-02 -2.511750000000000094e-02 4.632870806215538644e-03 9.999870802955849181e-01 2.091829343988163819e-03 -3.976099999999999773e-02 1.468104888069388624e-02 -2.159642328477223965e-03 9.998898953128668721e-01 2.327523900000000090e+00
9.998806008881333529e-01 -3.086269655749468606e-03 -1.514129806843782927e-02 -2.694070000000000145e-02 3.115142374825719505e-03 9.999933738138251371e-01 1.883670997808090976e-03 -4.288229999999999820e-02 1.513538422273594947e-02 -1.930613388386761414e-03 9.998835896625040132e-01 2.471979399999999938e+00
9.998887686335035108e-01 -8.981765899840575811e-04 -1.488770094370631125e-02 -2.792849999999999847e-02 9.605676309172514471e-04 9.999907850291749334e-01 4.184156612871844060e-03 -4.481460000000000304e-02 1.488380564245795137e-02 -4.197991847039460149e-03 9.998804174470313777e-01 2.544361100000000153e+00
9.999073845925972037e-01 -1.016416802947793562e-03 -1.357162975013172408e-02 -2.862299999999999914e-02 1.119118418802042851e-03 9.999707819943518539e-01 7.561926445632172721e-03 -4.632730000000000181e-02 1.356354714507503577e-02 -7.576414355560195067e-03 9.998793067837518089e-01 2.616821100000000122e+00
9.999214999792342962e-01 -1.177371248512468606e-03 -1.247428058933629236e-02 -2.875600000000000031e-02 1.315741380419064568e-03 9.999376379753281974e-01 1.109003989809393201e-02 -4.808350000000000124e-02 1.246044557382154638e-02 -1.110558225689398798e-02 9.998606919660544268e-01 2.689530400000000210e+00
9.999066486042069712e-01 -2.595757273345871731e-03 -1.341477250201581969e-02 -2.698760000000000048e-02 2.828711130597006546e-03 9.998450284191436888e-01 1.737577448234334590e-02 -5.221660000000000190e-02 1.336759030052179359e-02 -1.741209894583331183e-02 9.997590341376555445e-01 2.759828999999999866e+00
9.999551672007950254e-01 -3.565886778825910763e-03 -8.772003186887523257e-03 -2.944089999999999901e-02 3.696629281586826660e-03 9.998816522145799190e-01 1.493373685975744360e-02 -5.018050000000000288e-02 8.717713024909982261e-03 -1.496549418237025190e-02 9.998500064827188227e-01 2.907876499999999975e+00
9.999631434900576599e-01 -2.882312112652370226e-03 -8.087270143100625669e-03 -2.950780000000000070e-02 2.990701397216137276e-03 9.999054412602300657e-01 1.342252745712837342e-02 -5.167290000000000078e-02 8.047817507555624778e-03 -1.344621935972833623e-02 9.998772083702553992e-01 3.053150200000000147e+00
9.998811490882821840e-01 -8.178565855196821832e-03 -1.306899990238751495e-02 -2.379699999999999871e-02 8.418234294257663508e-03 9.997954469270984301e-01 1.839015049450074338e-02 -5.796250000000000013e-02 1.291592154139147887e-02 -1.849798271151777487e-02 9.997454694102598793e-01 3.128399100000000210e+00
9.998970962348654457e-01 -7.277590000430070490e-03 -1.236258973151842071e-02 -2.664160000000000139e-02 7.478736652317148799e-03 9.998391267038867491e-01 1.630304297038908182e-02 -5.706800000000000067e-02 1.224195405846193081e-02 -1.639382187882694811e-02 9.997906666722967683e-01 3.199194700000000058e+00
9.999373344189701474e-01 -4.336171550006313706e-03 -1.032108770302227370e-02 -3.215409999999999796e-02 4.462724737608686314e-03 9.999147579109716188e-01 1.227033005910199530e-02 -5.270980000000000110e-02 1.026700165583395614e-02 -1.231562130515072122e-02 9.998714488117296240e-01 3.269249400000000083e+00
9.999272160374357288e-01 -3.873396565348464961e-03 -1.142626039747323893e-02 -3.386720000000000008e-02 4.021892309422680188e-03 9.999073847305126606e-01 1.300178232543275185e-02 -5.225719999999999671e-02 1.137484109228455512e-02 -1.304679119301276578e-02 9.998501858927122399e-01 3.340638600000000125e+00
9.999169123524400682e-01 -4.256128291395372756e-03 -1.216773452742224773e-02 -3.552890000000000215e-02 4.414307637260887415e-03 9.999057169142280266e-01 1.300273703214999133e-02 -5.236430000000000251e-02 1.211124599891603981e-02 -1.305536878877071316e-02 9.998414249600497961e-01 3.412093599999999949e+00
9.999134945282036613e-01 -2.818713090963965127e-03 -1.284750236064530898e-02 -3.712540000000000284e-02 2.981844008883388804e-03 9.999149556906561376e-01 1.269606208474587279e-02 -5.248520000000000268e-02 1.281062319727829107e-02 -1.273327305384848278e-02 9.998368625384009833e-01 3.483521699999999832e+00
9.999060622944693222e-01 -2.793227473168913028e-03 -1.341881019509897147e-02 -3.842799999999999688e-02 2.958927537707070361e-03 9.999194270150759678e-01 1.234440057956992694e-02 -5.275069999999999759e-02 1.338324828266876723e-02 -1.238294626191287391e-02 9.998337618360759738e-01 3.554854399999999970e+00
9.999020631312919294e-01 -3.399248736298063865e-03 -1.357605442736308128e-02 -3.967319999999999874e-02 3.555266241454668394e-03 9.999277298991183782e-01 1.148455749030689865e-02 -5.289499999999999758e-02 1.353603441700417138e-02 -1.153169921670555570e-02 9.998418853425961039e-01 3.626065300000000047e+00
9.998922738964618473e-01 -4.736875472407367331e-03 -1.389253803024477658e-02 -4.099619999999999653e-02 4.883930279710224469e-03 9.999322045334403386e-01 1.057040973268233777e-02 -5.347400000000000070e-02 1.384152546455128148e-02 -1.063712121077697165e-02 9.998476203027946152e-01 3.696759500000000198e+00
9.998915054078646447e-01 -4.757318576852076486e-03 -1.394077950304818334e-02 -4.272480000000000028e-02 4.919454661784974231e-03 9.999203931092141007e-01 1.161922588409077493e-02 -5.372910000000000186e-02 1.388439336178978745e-02 -1.168654629363273696e-02 9.998353105670463314e-01 3.768213699999999999e+00
9.998873161161656586e-01 -4.458473302715914091e-03 -1.433447194073803228e-02 -4.392229999999999746e-02 4.650664172378063746e-03 9.998993692321815896e-01 1.340234053593302062e-02 -5.440210000000000184e-02 1.427327547434699938e-02 -1.346749512323371263e-02 9.998074315498655107e-01 3.839341600000000021e+00
9.998880358355480835e-01 -4.217837731698511131e-03 -1.435707622737925591e-02 -4.543400000000000216e-02 4.390564568563204775e-03 9.999181107262541390e-01 1.202059833817793223e-02 -5.516789999999999888e-02 1.430519960360552255e-02 -1.208228813212087853e-02 9.998246744193670654e-01 3.909472200000000175e+00
9.998945599424788888e-01 -1.649947272959059676e-04 -1.452039166746166288e-02 -4.833810000000000190e-02 3.301842361750164149e-04 9.999352512749064559e-01 1.137471916839609236e-02 -5.624259999999999676e-02 1.451757472192607978e-02 -1.137831422178437434e-02 9.998298725231526962e-01 4.049811799999999629e+00
9.998997527160771170e-01 1.845658046438680179e-03 -1.403844951209325294e-02 -5.028330000000000299e-02 -1.686997071511661585e-03 9.999346694744288833e-01 1.130534492819214656e-02 -5.649919999999999942e-02 1.405839817364290707e-02 -1.128052877485381800e-02 9.998375423594330069e-01 4.120134400000000419e+00
9.998971732732432338e-01 3.533278227695882921e-03 -1.389815905591318748e-02 -5.173579999999999846e-02 -3.371628057791041695e-03 9.999265995966482024e-01 1.163733402993284531e-02 -5.681060000000000276e-02 1.393825686438902173e-02 -1.158927797794181112e-02 9.998356933174231687e-01 4.190578000000000358e+00
9.999074271347064835e-01 4.347208208103324478e-03 -1.289336812656142681e-02 -5.319190000000000029e-02 -4.186829868207286864e-03 9.999138567008174494e-01 1.243984056778262189e-02 -5.708649999999999836e-02 1.294633602631719074e-02 -1.238470663732338904e-02 9.998394928312249741e-01 4.260668299999999853e+00
9.999235493950441311e-01 6.427979859531567780e-03 -1.056297496646491085e-02 -5.452049999999999952e-02 -6.287899500115814652e-03 9.998925557356593830e-01 1.324157484167973013e-02 -5.751989999999999881e-02 1.064695661178118730e-02 -1.317414359026114652e-02 9.998565318362280241e-01 4.330913999999999930e+00
9.999553782400791846e-01 4.931853179495101873e-03 -8.057192622507602237e-03 -5.540140000000000342e-02 -4.841886140144580943e-03 9.999261402031091039e-01 1.114765792074911763e-02 -5.812359999999999749e-02 8.111576132057363858e-03 -1.110814848334630220e-02 9.999054012104974243e-01 4.400791199999999570e+00
9.999832320860900792e-01 2.043574931217471448e-03 -5.418426723457621559e-03 -5.611920000000000103e-02 -2.010789730980672499e-03 9.999796814691515046e-01 6.049245697781107170e-03 -5.863890000000000075e-02 5.430678715847851896e-03 -6.038248947736427064e-03 9.999670230954270655e-01 4.469944500000000431e+00
9.999920144385600063e-01 2.931657923283091313e-03 -2.715960406894189685e-03 -5.688050000000000050e-02 -2.916708610122277848e-03 9.999806654536786965e-01 5.491951356449747447e-03 -5.932140000000000329e-02 2.732008417740316910e-03 -5.483985835031225838e-03 9.999812308385426229e-01 4.539341000000000292e+00
9.999980571727330458e-01 1.966810854592566677e-03 -1.315515926201683665e-04 -5.703969999999999874e-02 -1.965547395014078953e-03 9.999575760290022597e-01 8.999042484619962715e-03 -6.017730000000000301e-02 1.492454261189085488e-04 -8.998766430144663001e-03 9.999594991441095315e-01 4.609088400000000085e+00
9.999923261511300954e-01 2.081743255299924045e-03 3.318732268642501926e-03 -5.745490000000000319e-02 -2.116989040026965793e-03 9.999410210932807574e-01 1.065235618684521116e-02 -6.112039999999999834e-02 -3.296361062796585896e-03 -1.065930016211322565e-02 9.999377547246616205e-01 4.677951799999999771e+00
9.999686333685400275e-01 2.641497307119685615e-03 7.466911746557936685e-03 -5.760880000000000167e-02 -2.706409981521839831e-03 9.999585206803611737e-01 8.696681192026387355e-03 -6.172799999999999815e-02 -7.443629764189269374e-03 -8.716616930914538111e-03 9.999343043246458063e-01 4.747352099999999631e+00
9.998960664211801186e-01 5.572212452330581409e-04 1.440645202452409644e-02 -5.628620000000000151e-02 -5.891482658204863412e-04 9.999973799496478799e-01 2.212012242374320880e-03 -6.345720000000000527e-02 -1.440518169867823113e-02 -2.220269876252451650e-03 9.998937749290695010e-01 4.883265999999999885e+00
9.998381123989342756e-01 1.753990090844879555e-04 1.799217134544017771e-02 -5.557259999999999978e-02 -1.949859742649733343e-04 9.999993903254035255e-01 1.086889732747362523e-03 -6.448979999999999990e-02 -1.799196973668826249e-02 -1.090221999834837911e-03 9.998375370233831827e-01 4.951106499999999855e+00
9.997668961135777188e-01 7.066991338958004574e-05 2.159047107374188409e-02 -5.432170000000000054e-02 -1.349178803401876795e-04 9.999955676182626929e-01 2.974313533273751243e-03 -6.581620000000000525e-02 -2.159016518205240584e-02 -2.976533149822521967e-03 9.997624742996807923e-01 5.019133100000000347e+00
9.996788056812249135e-01 8.153500469406940124e-04 2.533023245177177737e-02 -5.305920000000000081e-02 -9.041091636287563234e-04 9.999934913644574763e-01 3.492823405624085904e-03 -6.702230000000000687e-02 -2.532721971279281239e-02 -3.514602825866207803e-03 9.996730363016681498e-01 5.086916000000000437e+00
9.995740824853498463e-01 5.826026426318946282e-04 2.917728907441446973e-02 -5.142839999999999911e-02 -6.216688259192312523e-04 9.999989224848797598e-01 1.329871027779880874e-03 -6.800810000000000188e-02 -2.917648284906917966e-02 -1.347443223459320960e-03 9.995733676150628799e-01 5.154012200000000377e+00
9.994708985773047560e-01 2.735404136465245445e-04 3.252457644177558782e-02 -4.937480000000000341e-02 -2.439910692939621043e-04 9.999995539159886038e-01 -9.124890036792609408e-04 -6.918929999999999525e-02 -3.252481153570158101e-02 9.040704982648584999e-04 9.994705194707351747e-01 5.221111800000000081e+00
9.993682756381399024e-01 6.104181434184878291e-05 3.553935736542919444e-02 -4.682250000000000301e-02 -2.134515830162733339e-05 9.999993755301593845e-01 -1.117355662052127094e-03 -7.050080000000000235e-02 -3.553940337758923484e-02 1.115891208050643485e-03 9.993676528657392533e-01 5.288511800000000207e+00
9.992574497120927379e-01 -1.121086877796069643e-03 3.851353475204385285e-02 -4.460540000000000338e-02 1.126895784768187653e-03 9.999993567168053987e-01 -1.291195781187330291e-04 -7.143650000000000000e-02 -3.851336522266949475e-02 1.724244403074278484e-04 9.992580702546453031e-01 5.355611800000000144e+00
9.991402188948961260e-01 -1.429136182992469606e-03 4.143405068816545522e-02 -4.235089999999999688e-02 1.379859499384188939e-03 9.999983064077940798e-01 1.217854385983586658e-03 -7.248759999999999926e-02 -4.143572099554877763e-02 -1.159634129353718807e-03 9.991404987659467940e-01 5.423107599999999806e+00
9.987925601176136370e-01 -4.928887745515996011e-03 4.887870619498102531e-02 -3.355629999999999724e-02 4.858554295685149280e-03 9.999869840102689755e-01 1.557645724136077570e-03 -7.524820000000000120e-02 -4.888574745116468223e-02 -1.318285112614969853e-03 9.988035071126366571e-01 5.623529399999999789e+00
9.985704234367061005e-01 -5.885216820501249814e-03 5.312695794427881729e-02 -2.691999999999999948e-02 6.152040696243757205e-03 9.999692647424007763e-01 -4.860243390418691502e-03 -7.733470000000000621e-02 -5.309672148738791425e-02 5.180134507716678029e-03 9.985759382108967408e-01 5.757955100000000215e+00
9.984878272841876123e-01 -5.673070997767563559e-03 5.467974973202220645e-02 -1.680140000000000106e-02 5.868544705862486360e-03 9.999769487832396164e-01 -3.414979531062191462e-03 -8.134979999999999989e-02 -5.465911587592309218e-02 3.730706047998006477e-03 9.984981035956181916e-01 5.961317099999999591e+00
9.987912064404009804e-01 -5.526079273218941976e-03 4.884248545267263347e-02 -7.494299999999999747e-03 5.569364622362838607e-03 9.999842095831538158e-01 -7.501746852763901486e-04 -8.479019999999999613e-02 -4.883756868468792228e-02 1.021289489496640147e-03 9.988062118613135754e-01 6.167335500000000081e+00
9.997856141292514875e-01 -1.914181236841097124e-03 2.061702428547787860e-02 6.274000000000000063e-03 1.878014106374401807e-03 9.999966639546632452e-01 1.773454978492387639e-03 -9.304949999999999333e-02 -2.062035022039436158e-02 -1.734355712362999243e-03 9.997858736584805950e-01 6.655115099999999728e+00
9.999832292525333566e-01 5.770634364508195509e-03 -4.909100799563591343e-04 5.484100000000000433e-03 -5.770517167068149426e-03 9.999833216705333871e-01 2.398174122959245583e-04 -9.964520000000000322e-02 4.922857909969094318e-04 -2.369805853347898585e-04 9.999998507474400222e-01 7.079273699999999891e+00
9.999679727600713219e-01 7.844678504468993382e-03 -1.585709076397234059e-03 5.118400000000000380e-03 -7.843593945090246780e-03 9.999690011592973216e-01 6.890243115014667600e-04 -1.009976000000000068e-01 1.591065095459666011e-03 -6.765645858442214918e-04 9.999985053849946848e-01 7.150425000000000253e+00
9.998991816783965314e-01 1.344226399224197031e-02 -4.575152198121231091e-03 2.117799999999999978e-03 -1.340969222885097546e-02 9.998850414268729558e-01 7.077011029245877660e-03 -1.047967999999999955e-01 4.669757295683827324e-03 -7.014946153994982767e-03 9.999644913181947592e-01 7.436287400000000325e+00
9.999081874681895465e-01 1.252744263140449787e-02 -5.165250738999004054e-03 1.374400000000000014e-03 -1.249264499220825719e-02 9.998994163616012898e-01 6.714981818870753398e-03 -1.053898000000000057e-01 5.248852748793261802e-03 -6.649837655610846450e-03 9.999641139580838223e-01 7.507992299999999730e+00
9.999375449078882205e-01 9.012294799668784870e-03 -6.609449752366878747e-03 2.069999999999999900e-04 -8.970935919623558921e-03 9.999401610939168128e-01 6.260714032584408818e-03 -1.069091000000000069e-01 6.665477650641958227e-03 -6.201030068920363077e-03 9.999585584581859310e-01 7.651381999999999906e+00
9.999651028678521181e-01 3.441112733897942495e-03 -7.612607282566350060e-03 -1.239899999999999943e-03 -3.364743005838548729e-03 9.999441157455102314e-01 1.002216994638438670e-02 -1.082522000000000068e-01 7.646669274307433574e-03 -9.996205734285149372e-03 9.999207990235662313e-01 7.795588999999999658e+00
9.999688093329356375e-01 -2.381310472495464393e-03 -7.530585747776728789e-03 -2.705599999999999845e-03 2.451798834471257977e-03 9.999531422077408971e-01 9.364938405605965216e-03 -1.093535999999999953e-01 7.507932055254625675e-03 -9.383109788289361458e-03 9.999277914964432856e-01 7.939236199999999855e+00
9.999485121053725001e-01 -6.867023345614263648e-03 -7.471086174219368145e-03 -3.899800000000000141e-03 6.926688265365848508e-03 9.999440907742027651e-01 7.989763164668952505e-03 -1.103312999999999933e-01 7.415802581397791873e-03 -8.041101673517531828e-03 9.999401714882495407e-01 8.083539999999999281e+00
9.999540647832700913e-01 -6.775511705631055877e-03 -6.779436889785116042e-03 -4.899200000000000256e-03 6.832609969035297222e-03 9.999410825522712098e-01 8.434860117570471341e-03 -1.108303000000000066e-01 6.721886969204571467e-03 -8.480793908520476224e-03 9.999414444707521721e-01 8.155471800000000826e+00
9.999629704347533510e-01 -6.005710865932553134e-03 -6.163537644832307524e-03 -5.475800000000000285e-03 6.067225184049438759e-03 9.999314853023204552e-01 1.001066829244239703e-02 -1.109900000000000053e-01 6.102994172574767451e-03 -1.004769317256926434e-02 9.999308962743572726e-01 8.227983500000000561e+00
9.999797181286175229e-01 -3.815674716642793087e-03 -5.099407599671279892e-03 -7.059199999999999850e-03 3.866191163020304879e-03 9.999431877610742703e-01 9.933469490168555377e-03 -1.122089000000000003e-01 5.061215002526169363e-03 -9.952983305416461535e-03 9.999376591698206918e-01 8.371883399999999753e+00
9.999844046473581605e-01 -3.729313011734161111e-03 -4.157245064844147797e-03 -8.311400000000000038e-03 3.753425985029154935e-03 9.999760915256942218e-01 5.807595920104051575e-03 -1.138740000000000030e-01 4.135487328425594203e-03 -5.823109260250197185e-03 9.999744942462780450e-01 8.515450500000000034e+00
9.999822962863419429e-01 -4.781454304374386025e-03 -3.541865134358944921e-03 -9.090100000000000263e-03 4.786900301573871960e-03 9.999873711474177584e-01 1.530728969937696863e-03 -1.145001999999999964e-01 3.534501294044157735e-03 -1.547656425630121544e-03 9.999925560023887883e-01 8.587076200000000270e+00
9.999839542670766468e-01 -4.998994714408781792e-03 -2.664818985683909715e-03 -1.027869999999999999e-02 4.991755747471349203e-03 9.999838520242826378e-01 -2.716259419721126726e-03 -1.175590999999999997e-01 2.678354520733786798e-03 2.702913709860168840e-03 9.999927603110625451e-01 8.728779799999999867e+00
9.999868005422820616e-01 -4.142063420521421152e-03 -3.040074313330956048e-03 -1.084859999999999991e-02 4.136305998311658877e-03 9.999896448136031957e-01 -1.897692876062583673e-03 -1.204099000000000003e-01 3.047903197040104963e-03 1.885093149928160393e-03 9.999935783343398832e-01 8.870455700000000832e+00
9.999880067282438389e-01 -3.145728944322584517e-03 -3.753769982656858777e-03 -1.154379999999999989e-02 3.144251963414775291e-03 9.999949771058974646e-01 -3.993025996902513212e-04 -1.228941999999999951e-01 3.755007225613139158e-03 3.874950121074839768e-04 9.999928748587917360e-01 9.011556600000000472e+00
9.999875770520501028e-01 -3.215661530241912310e-03 -3.808577489452651208e-03 -1.242870000000000086e-02 3.212317874255386525e-03 9.999944500111423995e-01 -8.837198581188916323e-04 -1.241937999999999931e-01 3.811398095841284691e-03 8.714745181682364119e-04 9.999923568591508882e-01 9.082543400000000489e+00
9.999789591682802792e-01 -3.339170367474538024e-03 -5.561579090487783587e-03 -1.329140000000000009e-02 3.343193872707956194e-03 9.999941563930999644e-01 7.143069240048181357e-04 -1.267835999999999963e-01 5.559161398291917640e-03 -7.328853315309334171e-04 9.999842791782471707e-01 9.222908999999999580e+00
9.999774679036083080e-01 -1.832486471118974052e-03 -6.457993374206522086e-03 -1.530989999999999955e-02 1.832693127146596893e-03 9.999983202763954582e-01 2.608235568629337824e-05 -1.292761000000000049e-01 6.457934730998683703e-03 -3.791728806820748139e-05 9.999791466032126319e-01 9.364029900000000239e+00
9.999671718630834816e-01 -1.464964314295909634e-03 -7.969258165246604492e-03 -1.698329999999999979e-02 1.455411232320833349e-03 9.999982155869524547e-01 -1.204409006938840596e-03 -1.318662999999999919e-01 7.971008361013335458e-03 1.192770920588092851e-03 9.999675196341327732e-01 9.504614800000000585e+00
9.999557685437470145e-01 -1.081649640519936201e-03 -9.342964740354554182e-03 -1.883589999999999917e-02 1.051523877717392644e-03 9.999942347396578723e-01 -3.228743560688897719e-03 -1.345135000000000081e-01 9.346403245042208402e-03 3.218776398146186175e-03 9.999511409188349687e-01 9.645678500000000710e+00
9.999420725609281524e-01 -6.993828934053474434e-04 -1.074068834497575627e-02 -2.076220000000000149e-02 6.821966534730386326e-04 9.999984813976859899e-01 -1.603686393243576157e-03 -1.373948000000000114e-01 1.074179362497140224e-02 1.596266234152802013e-03 9.999410311632521697e-01 9.786605800000000244e+00
9.999371240229999458e-01 -9.281043612344502466e-04 -1.117526835946546643e-02 -2.229269999999999863e-02 9.146663388301869580e-04 9.999988526281395895e-01 -1.207529665423100890e-03 -1.389516000000000084e-01 1.117637625082581673e-02 1.197232099019833896e-03 9.999368256290999124e-01 9.856636999999999205e+00
9.999166316276915101e-01 3.719846703333533409e-04 -1.290702993475107384e-02 -2.409390000000000143e-02 -3.787996722446826934e-04 9.999997901454104055e-01 -5.255663073694140895e-04 -1.415310999999999930e-01 1.290683172354202025e-02 5.304116704707645749e-04 9.999165626982683408e-01 9.997761699999999863e+00
9.999025234621138347e-01 1.641294691209372464e-03 -1.386541473716472982e-02 -2.711840000000000084e-02 -1.667423161828748661e-03 9.999968556218243876e-01 -1.873084745454019597e-03 -1.440955999999999904e-01 1.386229685500833288e-02 1.896021677318975333e-03 9.999021161232247712e-01 1.013761329999999994e+01
9.998938397199932382e-01 1.266154579738878669e-03 -1.451572053287802054e-02 -2.974260000000000098e-02 -1.304974791289968423e-03 9.999955968740450452e-01 -2.665196675033206734e-03 -1.470142000000000115e-01 1.451228206735618968e-02 2.683856386380728282e-03 9.998910893612837913e-01 1.027705480000000016e+01
9.998844582097875522e-01 -2.962817063766339399e-03 -1.490945825864840868e-02 -3.219360000000000277e-02 2.903001722144294989e-03 9.999876579033847301e-01 -4.031950136664879357e-03 -1.500173999999999952e-01 1.492122017533926287e-02 3.988202094926947099e-03 9.998807186022387050e-01 1.041665270000000021e+01
9.998750288743460946e-01 -3.536196802488958228e-03 -1.540850238341320150e-02 -3.482899999999999885e-02 3.596766710535876169e-03 9.999859070101775327e-01 3.905003234623664020e-03 -1.526793999999999929e-01 1.539447637159394727e-02 -3.959936010405624117e-03 9.998736565206816085e-01 1.055782319999999963e+01
9.998782967462310767e-01 -2.497430362992430954e-03 -1.539982264306174499e-02 -3.637159999999999699e-02 2.547609662637450711e-03 9.999915070515205118e-01 3.239677427689408896e-03 -1.537658000000000080e-01 1.539160098438723152e-02 -3.278515885373665083e-03 9.998761673090956759e-01 1.062779330000000044e+01
9.998798168957138133e-01 -9.686114679208463569e-04 -1.547299442312077833e-02 -3.767310000000000103e-02 9.705301693360717961e-04 9.999995222499660219e-01 1.164947644613293894e-04 -1.548013000000000028e-01 1.547287419273235543e-02 -1.314977716565108299e-04 9.998802792697493169e-01 1.069712539999999912e+01
9.998733303686546670e-01 -8.992662696335849016e-04 -1.589070601551789697e-02 -3.901249999999999857e-02 8.710770378470246086e-04 9.999980350271076013e-01 -1.780776998349921803e-03 -1.561703999999999870e-01 1.589227618339968812e-02 1.766709398858737259e-03 9.998721489748629843e-01 1.076627449999999975e+01
9.998782058756298108e-01 -9.744966753782365607e-04 -1.557638504792891072e-02 -4.086170000000000080e-02 9.506442514948648106e-04 9.999983644137104832e-01 -1.538650516177077991e-03 -1.575461999999999974e-01 1.557785898121966973e-02 1.523655516679864319e-03 9.998774968882077063e-01 1.083493329999999943e+01
9.998754336141272292e-01 -1.311239609339361588e-03 -1.572888761635259092e-02 -4.207799999999999735e-02 1.305878961194041794e-03 9.999990857106205722e-01 -3.510812747948622616e-04 -1.590667000000000053e-01 1.572933358727129916e-02 3.304975184481331830e-04 9.998762317588565374e-01 1.090379710000000024e+01
9.998900139464781400e-01 -1.559325596667538154e-03 -1.474884788027007107e-02 -4.477199999999999930e-02 1.594185501111418119e-03 9.999959630756225515e-01 2.352106512533186540e-03 -1.613691999999999904e-01 1.474512064039544199e-02 -2.375360213069234103e-03 9.998884633203637406e-01 1.104144379999999970e+01
9.999099272406400951e-01 -1.853863875874269896e-03 -1.329287757964891376e-02 -4.633550000000000169e-02 1.879250451170727141e-03 9.999964338520378471e-01 1.897551303285326682e-03 -1.627519000000000049e-01 1.328931237346684530e-02 -1.922361031792325101e-03 9.999098452884158661e-01 1.110963250000000002e+01
9.999421792512918072e-01 -3.130126043169892576e-03 -1.028787952550382252e-02 -4.888909999999999784e-02 3.119782936869195701e-03 9.999946119737816996e-01 -1.021262861669407695e-03 -1.653093999999999952e-01 1.029102077561944335e-02 9.891078604858853738e-04 9.999465568504329882e-01 1.124408820000000020e+01
9.999667209613455343e-01 -3.292028015591875242e-03 -7.464550981758169036e-03 -5.109650000000000303e-02 3.283916518101843551e-03 9.999940043951283108e-01 -1.098665598990402822e-03 -1.677488000000000035e-01 7.468123065191580555e-03 1.074116074186256490e-03 9.999715363011801861e-01 1.137881570000000053e+01
9.999736232283615855e-01 -3.961292887389973941e-03 -6.087775143920593456e-03 -5.184960000000000263e-02 3.966254357855384868e-03 9.999918118688879698e-01 8.031323348680127891e-04 -1.691595999999999933e-01 6.084543854013788923e-03 -8.272568155240394216e-04 9.999811468084034427e-01 1.144517800000000030e+01
9.999834091097868916e-01 -2.831142755340962987e-03 -5.016586076948026905e-03 -5.245110000000000050e-02 2.836832774242565528e-03 9.999953405635005899e-01 1.127488846722301272e-03 -1.702928999999999971e-01 5.013370620603631485e-03 -1.141701356476524038e-03 9.999867812291485247e-01 1.151115320000000075e+01
9.999845766885809839e-01 -3.481288238269286163e-03 -4.327472375604794405e-03 -5.258630000000000249e-02 3.485484264492111003e-03 9.999934625118729326e-01 9.624619252502893216e-04 -1.712584000000000051e-01 4.324093477425362472e-03 -9.775304177704819460e-04 9.999901732766581786e-01 1.157720280000000024e+01
9.999953367142698779e-01 -2.802141014477178317e-03 -1.214312747580226833e-03 -5.404060000000000114e-02 2.803451566126290151e-03 9.999954883080063306e-01 1.078898951871753954e-03 -1.749374999999999958e-01 1.211284041971609320e-03 -1.082298187631638509e-03 9.999986807099310315e-01 1.177236650000000040e+01
9.999950821012825175e-01 -3.134120239775333491e-03 -1.142959837366209336e-04 -5.480730000000000324e-02 3.134270318479388025e-03 9.999941938089168536e-01 1.337422156645556338e-03 -1.763300999999999896e-01 1.101036782620325161e-04 -1.337773813848194566e-03 9.999990991187956979e-01 1.183588789999999946e+01
9.999916228508085592e-01 -4.053915576188686122e-03 5.656825145991789929e-04 -5.513520000000000226e-02 4.053266465733561773e-03 9.999911311668469027e-01 1.143948691106994216e-03 -1.774815999999999894e-01 -5.703149690725787353e-04 -1.141646246111464608e-03 9.999991856920108502e-01 1.189914420000000028e+01
9.999913865724704420e-01 -4.134349257791269938e-03 3.659741556113259926e-04 -5.495230000000000253e-02 4.133628793830619597e-03 9.999895592286501822e-01 1.947959620886887018e-03 -1.786372999999999989e-01 -3.740238799716684155e-04 -1.946430040970429168e-03 9.999980357561872868e-01 1.196143909999999977e+01
9.999893433676243504e-01 -4.566371672814676860e-03 -6.792649948944199474e-04 -5.536549999999999805e-02 4.568393714116629131e-03 9.999850478025377187e-01 3.005653045390781902e-03 -1.813241999999999909e-01 6.655299094653054645e-04 -3.008724165184123271e-03 9.999952523131484527e-01 1.208324619999999960e+01
9.999915887832705463e-01 -3.781694021690014743e-03 -1.587813917504639957e-03 -5.580449999999999994e-02 3.783887938304676679e-03 9.999918874847653072e-01 1.380998452855998829e-03 -1.837884999999999935e-01 1.582578522746915482e-03 -1.386994946909427071e-03 9.999977858426670752e-01 1.220196529999999946e+01
9.999892124558029671e-01 -4.048199899516738594e-03 -2.277509516236061321e-03 -5.621170000000000333e-02 4.050577692833494219e-03 9.999912551661550575e-01 1.040390105714485754e-03 -1.848358999999999974e-01 2.273277892672349865e-03 -1.049604111701919838e-03 9.999968652645024880e-01 1.226004980000000089e+01
9.999834162567400320e-01 -4.649516332118258481e-03 -3.398412773163557010e-03 -5.666220000000000284e-02 4.653644024050726004e-03 9.999884424654371662e-01 1.207697332374722127e-03 -1.861122000000000054e-01 3.392758287419340556e-03 -1.223492307525316479e-03 9.999934961077380224e-01 1.231716819999999935e+01
9.998776917274986298e-01 -5.626406708075601219e-03 -1.459263969418862598e-02 -6.007690000000000252e-02 5.694017088730786609e-03 9.999732281221566099e-01 4.595781581673855087e-03 -1.912146000000000123e-01 1.456639128550134103e-02 -4.678310219356208305e-03 9.998829599800214130e-01 1.259152510000000014e+01
9.998319527736804213e-01 -5.651778315608915401e-03 -1.743914030679551488e-02 -6.101770000000000110e-02 5.732112367148520932e-03 9.999731743052667765e-01 4.559995357349235119e-03 -1.920020000000000060e-01 1.741290040686129317e-02 -4.659192174602423166e-03 9.998375282153100230e-01 1.264405059999999992e+01
9.997123438884055746e-01 -4.819765665778382238e-03 -2.349466611972543528e-02 -6.368699999999999362e-02 4.937501340254751847e-03 9.999755305925889237e-01 4.955733708077143286e-03 -1.940585999999999978e-01 2.347020574399322906e-02 -5.070313106443563068e-03 9.997116791192035556e-01 1.274458219999999997e+01
9.996351066446007572e-01 -4.971293885094988513e-03 -2.655070245295956463e-02 -6.513349999999999695e-02 5.089363317597041941e-03 9.999774513944568177e-01 4.381219427064035610e-03 -1.949529000000000123e-01 2.652832344229603609e-02 -4.514746920327080207e-03 9.996378669876337941e-01 1.279291339999999977e+01
9.995398264648918119e-01 -5.184571221258437584e-03 -2.988738081173460473e-02 -6.667570000000000441e-02 5.299403136508916423e-03 9.999788732479635289e-01 3.764224240138936122e-03 -1.959355000000000124e-01 2.986723349978539013e-02 -3.920877323379153880e-03 9.995461845678188517e-01 1.283997439999999912e+01
9.992580236513608494e-01 -1.707911747600905986e-03 -3.847707376917659794e-02 -7.224339999999999928e-02 1.806233252202207006e-03 9.999951917603839835e-01 2.520709731691282100e-03 -1.985249000000000041e-01 3.847258361242314462e-02 -2.588337994777906766e-03 9.992563038663353492e-01 1.297471900000000034e+01
9.992294621802917387e-01 -9.057312639825889408e-04 -3.923852140132655375e-02 -7.424849999999999506e-02 1.029893328355298071e-03 9.999945266728287319e-01 3.144192124739748559e-03 -1.994679000000000035e-01 3.923545884295386033e-02 -3.182180897200960826e-03 9.992249258771122022e-01 1.301750660000000082e+01
9.992664355632768780e-01 -7.121310970693119687e-04 -3.828947147668655682e-02 -7.803219999999999601e-02 9.031675312653846249e-04 9.999872306650922082e-01 4.972202245495328278e-03 -2.011586999999999958e-01 3.828544168576189510e-02 -5.003136622182892922e-03 9.992543187691840245e-01 1.310040569999999960e+01
9.993254089715961630e-01 -7.407771842622412877e-04 -3.671754666253183169e-02 -8.318730000000000568e-02 7.545705689846115768e-04 9.999996498598856531e-01 3.618056969911872959e-04 -2.034025000000000138e-01 3.671726578884037390e-02 -3.892676061908373255e-04 9.993256180363446761e-01 1.321953869999999931e+01
9.993725114908209584e-01 -3.592399501162372262e-04 -3.541827527121078900e-02 -8.489939999999999987e-02 3.254525387924418148e-04 9.999994865138981393e-01 -9.597148457163471799e-04 -2.042837000000000125e-01 3.541860185233199065e-02 9.475856680719065266e-04 9.993721152424794862e-01 1.325850490000000015e+01
9.994260457303295597e-01 -2.100664999482580085e-05 -3.387593060799692218e-02 -8.641820000000000057e-02 -3.620446255261746592e-05 9.999985742862977922e-01 -1.688228245414185452e-03 -2.049302000000000068e-01 3.387591777463833803e-02 1.688485739465683984e-03 9.994246200743873709e-01 1.329818730000000038e+01
9.996619354569760141e-01 -8.438013090107172225e-04 -2.598658880583766539e-02 -9.160010000000000374e-02 7.672607596120542160e-04 9.999953389918566637e-01 -2.955216656782488297e-03 -2.075313000000000019e-01 2.598896129781902431e-02 2.934279112946982637e-03 9.996579234401875569e-01 1.345303340000000070e+01
