9.999999994879199550e-01 -4.002463998737903087e-07 3.199999690990943719e-05 -3.919999999999999738e-05 3.997535998739456675e-07 9.999999998813399182e-01 1.540000639514391720e-05 -5.410000000000000041e-05 -3.200000306990943751e-05 -1.539999359514391820e-05 9.999999993694199674e-01 1.509000000000000087e-04
9.999992375967734493e-01 -8.112941549857423948e-04 9.309176471869273859e-04 -2.110000000000000059e-04 8.111055343841322212e-04 9.999996504538969377e-01 2.029775748127505305e-04 -9.871999999999999265e-04 -9.310819963083303771e-04 -2.022223476063033905e-04 9.999995460961160765e-01 5.980350000000000249e-02
9.999963912952686274e-01 -8.082102255479130986e-04 2.562068045829432074e-03 -6.465000000000000477e-04 8.073882718126385071e-04 9.999996222732714379e-01 3.218345741787686674e-04 -2.927299999999999867e-03 -2.562327188061637104e-03 -3.197648290810294665e-04 9.999966661093603326e-01 1.795287999999999884e-01
9.999934351619897965e-01 -2.124403658172166530e-04 3.617250615345035149e-03 -8.677000000000000034e-04 2.143589287878634286e-04 9.999998365681322943e-01 -5.300131681216486241e-04 -4.126300000000000280e-03 -3.617137427979687583e-03 5.307850786381193261e-04 9.999933172696842121e-01 2.392718000000000067e-01
9.999913636572964615e-01 -2.984221022968690110e-04 4.145305184127960445e-03 -7.136999999999999464e-04 3.015765999291730856e-04 9.999996654394541773e-01 -7.603765739048190661e-04 -5.360799999999999767e-03 -4.145076884096672749e-03 7.616201340752412141e-04 9.999911190967629704e-01 2.992254999999999776e-01
9.999900679990857411e-01 -7.541469522504104950e-04 4.392626271177183309e-03 -6.631000000000000175e-04 7.522492626744405487e-04 9.999996230328848101e-01 4.336532429887486866e-04 -5.990099999999999938e-03 -4.392951653573062831e-03 -4.303445860706453952e-04 9.999902583422033420e-01 3.582340999999999998e-01
9.999954601721843250e-01 -2.796135571249372398e-03 1.123058719905837980e-03 -1.077499999999999899e-03 2.795057721301203758e-03 9.999956328529017169e-01 9.601705364990086207e-04 -8.256299999999999403e-03 -1.125738582334778531e-03 -9.570271635435517992e-04 9.999989084052304245e-01 4.769691999999999821e-01
9.999959215650157107e-01 -2.591362688749020756e-03 -1.200705105505653304e-03 -1.264699999999999895e-03 2.591831726872717134e-03 9.999965654426657968e-01 3.892443599125606536e-04 -9.177700000000000441e-03 1.199692308304043569e-03 -3.923547979918132851e-04 9.999992033977216366e-01 5.366001000000000243e-01
9.999946018897499789e-01 -2.364836273843426602e-03 -2.281170918249251275e-03 -1.979100000000000130e-03 2.365557462858198720e-03 9.999971529230436973e-01 3.135023070497195883e-04 -1.029910000000000027e-02 2.280423041952451668e-03 -3.188968556194220921e-04 9.999973489842586272e-01 5.958782000000000245e-01
9.999920550623594417e-01 -1.016330879975895938e-03 -3.854462829171820520e-03 -2.734199999999999998e-03 1.016865099828035855e-03 9.999994736572279663e-01 1.366405343851261219e-04 -1.236680000000000071e-02 3.854321928408618609e-03 -1.405589175141705070e-04 9.999925621951709642e-01 7.147035999999999945e-01
9.999892876859859392e-01 -1.693764623685694399e-03 -4.307629820918815015e-03 -3.163899999999999872e-03 1.697025883761189890e-03 9.999982761336715376e-01 7.535468366799875656e-04 -1.357829999999999974e-02 4.306346064166552239e-03 -7.608489237534094354e-04 9.999904382005314618e-01 7.740607000000000459e-01
9.999871339038776119e-01 -2.039461894658374085e-03 -4.644633665704498912e-03 -3.880399999999999995e-03 2.043324607475075026e-03 9.999975703974146590e-01 8.270573234113557130e-04 -1.455940000000000012e-02 4.642935629194740524e-03 -8.365371766741752256e-04 9.999888716152270929e-01 8.334713000000000260e-01
9.999849610079065698e-01 -1.738368306558907934e-03 -5.201522243198786720e-03 -4.497400000000000356e-03 1.738018759011167530e-03 9.999984870723399588e-01 -7.172046089181823827e-05 -1.565100000000000172e-02 5.201639050248055805e-03 6.267903905428060289e-05 9.999864694197262427e-01 8.934235999999999844e-01
9.999791850599107912e-01 -2.045423933929146031e-03 -6.119288181425636304e-03 -4.806600000000000282e-03 2.040154441691355118e-03 9.999975428235624575e-01 -8.672466151996237847e-04 -1.683499999999999927e-02 6.121047032238250384e-03 8.547442705499608533e-04 9.999809009153430850e-01 9.526520000000000543e-01
9.999763335868268044e-01 -1.430651289687872880e-03 -6.729450433324180893e-03 -5.529499999999999693e-03 1.427731902098383632e-03 9.999988846023264433e-01 -4.386065647870041875e-04 -1.775739999999999957e-02 6.730070420358401188e-03 4.289883334755747839e-04 9.999772608020378595e-01 1.012118000000000073e+00
9.999699765072745938e-01 -1.782973715522999337e-03 -7.541027036841610118e-03 -6.233800000000000278e-03 1.778599587067663862e-03 9.999982461754974850e-01 -5.867106937150813085e-04 -1.882290000000000005e-02 7.542059900949128065e-03 5.732806110370441098e-04 9.999713939317421696e-01 1.071538099999999938e+00
9.999542046750048430e-01 -1.233205800193736381e-03 -9.490403375666924338e-03 -7.715800000000000089e-03 1.228766003742858730e-03 9.999991329010388119e-01 -4.736362301963616367e-04 -2.118760000000000088e-02 9.490979237494276063e-03 4.619530548414443470e-04 9.999548529371156125e-01 1.190055099999999921e+00
9.999483305698936286e-01 -2.359936307055560643e-03 -9.887714149863027074e-03 -8.695299999999999557e-03 2.372001669528317654e-03 9.999964563339456269e-01 1.208688392820107468e-03 -2.227169999999999844e-02 9.884826683483907694e-03 -1.232079615050968129e-03 9.999503848597987021e-01 1.249201199999999901e+00
9.999371652097019947e-01 -2.756677596518393187e-03 -1.086583457511987837e-02 -9.473300000000000470e-03 2.774033602431067672e-03 9.999949001188241926e-01 1.582552973937454213e-03 -2.356590000000000074e-02 1.086141657232611406e-02 -1.612595724783041397e-03 9.999397127652600581e-01 1.308574200000000021e+00
9.999287240242108465e-01 -3.337344621378121167e-03 -1.146337656154614200e-02 -1.042760000000000041e-02 3.341336037704238041e-03 9.999943635825867538e-01 3.290540083609753887e-04 -2.425489999999999938e-02 1.146221378254592797e-02 -3.673335479343102982e-04 9.999342391983924161e-01 1.368214700000000006e+00
9.999128787660621631e-01 -3.507341171955010752e-03 -1.272530689884025790e-02 -1.099200000000000003e-02 3.498506226348686507e-03 9.999936235379247584e-01 -7.164758720723591505e-04 -2.518619999999999887e-02 1.272773868172825604e-02 6.718938863925070408e-04 9.999187733144402346e-01 1.427472099999999910e+00
9.999040606082284510e-01 -3.257877636605804265e-03 -1.346312788623358313e-02 -1.211300000000000050e-02 3.248366242167316075e-03 9.999944588438183235e-01 -7.282845705739303833e-04 -2.629439999999999902e-02 1.346542594695482840e-02 6.844815292555703808e-04 9.999091027633978390e-01 1.486304999999999987e+00
9.998942730474418283e-01 -3.776051743787441246e-03 -1.404222774904236894e-02 -1.329800000000000079e-02 3.774549163987648420e-03 9.999928674519715788e-01 -1.335057758117623970e-04 -2.743730000000000127e-02 1.404263171689608229e-02 8.048858164226487541e-05 9.999013941464687250e-01 1.545359699999999892e+00
9.998808770866554063e-01 -4.541735421488550528e-03 -1.475141606022982096e-02 -1.429590000000000027e-02 4.540794243854066187e-03 9.999896858074220907e-01 -9.729546872489237808e-05 -2.847950000000000134e-02 1.475170580156043645e-02 3.030073347021464315e-05 9.998911872087931085e-01 1.604892500000000055e+00
9.998631487372799942e-01 -5.613452963871657514e-03 -1.556190679172690661e-02 -1.509980000000000003e-02 5.612562783176245837e-03 9.999842443573951911e-01 -1.008760341337181920e-04 -2.969159999999999855e-02 1.556222786675803826e-02 1.352005022656472112e-05 9.998789011080448930e-01 1.663880599999999932e+00
9.998630628994283898e-01 -6.083344722063419550e-03 -1.538987869888028270e-02 -1.810250000000000054e-02 6.089438845818444766e-03 9.999813982405258983e-01 3.491524966392242461e-04 -3.161409999999999915e-02 1.538746840506076408e-02 -4.428204098900725321e-04 9.998815078428883174e-01 1.782343500000000081e+00
9.998657205986392071e-01 -5.681987206530231607e-03 -1.537061459892358380e-02 -1.905369999999999980e-02 5.703227749978055303e-03 9.999828407759767668e-01 1.338412058848135544e-03 -3.228349999999999970e-02 1.536274601090886587e-02 -1.425894453392898128e-03 9.998809693458576842e-01 1.841684099999999935e+00
9.998695660464862467e-01 -5.107173369026807817e-03 -1.532213021058261883e-02 -1.997809999999999864e-02 5.140886085043031538e-03 9.999844490871337976e-01 2.161683178019598375e-03 -3.336650000000000033e-02 1.531085184671173403e-02 -2.240170547129246952e-03 9.998802725584937656e-01 1.900964899999999957e+00
9.998706608660595796e-01 -4.697182285278508548e-03 -1.538174300422554680e-02 -2.127520000000000105e-02 4.724908816967670483e-03 9.999872768938403711e-01 1.766716477854958067e-03 -3.438129999999999659e-02 1.537324871133349466e-02 -1.839165305416790193e-03 9.998801331634901146e-01 1.959199099999999971e+00
9.998825484435831523e-01 -3.611921166657490467e-03 -1.489440644844074006e-02 -2.286200000000000038e-02 3.640262478224597087e-03 9.999916142519300610e-01 1.876143626868100218e-03 -3.557169999999999777e-02 1.488750506482303983e-02 -1.930142819808748373e-03 9.998873120215296950e-01 2.018187800000000198e+00
9.998989284729353777e-01 -1.185935241466975695e-03 -1.416779433358037951e-02 -2.439109999999999889e-02 1.236799683122550512e-03 9.999928200505499021e-01 3.581923211415581967e-03 -3.641520000000000173e-02 1.416344468056459846e-02 -3.599083904509093809e-03 9.998932160135045599e-01 2.076794099999999865e+00
9.999379168131780071e-01 -2.528368244108492556e-04 -1.113995479623478002e-02 -2.579789999999999861e-02 3.587467579341314288e-04 9.999547503115410185e-01 9.506241641538447709e-03 -3.792510000000000325e-02 1.113704718880207528e-02 -9.509647886429323585e-03 9.998927606383549715e-01 2.194917900000000088e+00
9.999661280622642590e-01 -4.057968062611955456e-04 -8.220587394784727164e-03 -2.753090000000000051e-02 5.213724209831879612e-04 9.999009888627417020e-01 1.406202837821939229e-02 -3.861169999999999880e-02 8.214067138872401669e-03 -1.406583805762164942e-02 9.998673318499684548e-01 2.312647800000000142e+00
9.999768669421612577e-01 -2.177749873447423854e-03 -6.443833178164698645e-03 -2.800129999999999980e-02 2.257739001119882325e-03 9.999201688457708403e-01 1.243215789990349991e-02 -3.869419999999999804e-02 6.416244629231231990e-03 -1.244641879955879320e-02 9.999019544254946767e-01 2.371784400000000126e+00
9.999825225603047318e-01 -7.494417496996955488e-04 -5.864546955507534201e-03 -2.803670000000000120e-02 8.133283238924166741e-04 9.999402744370345930e-01 1.089890158801992345e-02 -3.902150000000000063e-02 5.856028600263149184e-03 -1.090348090527038655e-02 9.999234075833914881e-01 2.431123299999999876e+00
9.999867166315080658e-01 -6.525417919501969076e-04 -5.112802533405564134e-03 -2.872239999999999863e-02 7.050357659372827974e-04 9.999469920789086919e-01 1.027209603302266065e-02 -3.930589999999999778e-02 5.105828542419844907e-03 -1.027556429363609726e-02 9.999341694798427049e-01 2.489702900000000163e+00
9.999868671977886203e-01 -1.025828196215728674e-03 -5.021265623751752956e-03 -2.925089999999999982e-02 1.074939807344230331e-03 9.999515204023754489e-01 9.787816374885485032e-03 -3.973899999999999655e-02 5.010981576798007216e-03 -9.793085391731171790e-03 9.999394909404005771e-01 2.548662199999999878e+00
9.999814601152452465e-01 -1.968033641089671909e-03 -5.762488123172974930e-03 -2.992600000000000121e-02 2.017511138517369927e-03 9.999610446916060713e-01 8.592947577972912671e-03 -4.015380000000000338e-02 5.745352433761449079e-03 -8.604414149689189328e-03 9.999464760588701040e-01 2.607516299999999898e+00
9.999699134840055459e-01 -1.745781019321316534e-03 -7.558066910459722808e-03 -3.049680000000000099e-02 1.815354264267310868e-03 9.999559566225194596e-01 9.208110774595669110e-03 -4.083149999999999974e-02 7.541658682651664926e-03 -9.221554303619089801e-03 9.999290406426546429e-01 2.666184700000000074e+00
9.999588182783365475e-01 -1.579039358531364717e-03 -8.936911216791446413e-03 -3.132189999999999974e-02 1.670484555331011069e-03 9.999462348279527513e-01 1.023410644614900118e-02 -4.118340000000000195e-02 8.920270665344435038e-03 -1.024861396018587716e-02 9.999076930812923480e-01 2.725019699999999823e+00
9.999496080171241807e-01 -1.899599189909816467e-03 -9.857634062863914262e-03 -3.231180000000000163e-02 2.003497275822033966e-03 9.999424380500069320e-01 1.054071085239609989e-02 -4.158060000000000228e-02 9.837043512428653505e-03 -1.055992942806632459e-02 9.998958548095940868e-01 2.783705499999999944e+00
9.999428847953644173e-01 -7.431843831580766963e-04 -1.066183962067861375e-02 -3.327630000000000171e-02 8.535714233779045836e-04 9.999460454815194410e-01 1.035265867766078755e-02 -4.196249999999999980e-02 1.065357043200236033e-02 -1.036116802506274227e-02 9.998895677194590270e-01 2.842282099999999812e+00
9.999350426661365310e-01 -2.926692872120212688e-04 -1.139406832347544286e-02 -3.410269999999999968e-02 4.097100164185897737e-04 9.999471669589458100e-01 1.027109675159598723e-02 -4.255799999999999861e-02 1.139046030563076010e-02 -1.027509783245503586e-02 9.998823329665142978e-01 2.900756599999999796e+00
9.999296692737893455e-01 -1.819699927620489028e-03 -1.171943676904565329e-02 -3.465379999999999849e-02 1.931791013044225616e-03 9.999524329272337919e-01 9.560338194213006610e-03 -4.318779999999999841e-02 1.170148236302404401e-02 -9.582305311313371946e-03 9.998856208264166323e-01 2.959116499999999927e+00
9.999207217400440939e-01 -3.006364831051458204e-03 -1.222751018695026649e-02 -3.660750000000000115e-02 3.128236792362701444e-03 9.999455033197268694e-01 9.960146847767404471e-03 -4.427210000000000173e-02 1.219689999304183516e-02 -9.997607771902214391e-03 9.998756340012486810e-01 3.075790399999999813e+00
9.999172071498624303e-01 -2.798662274547040422e-03 -1.255971078855791512e-02 -3.761790000000000272e-02 2.943523302146284094e-03 9.999291930200772116e-01 1.153016117783747969e-02 -4.488570000000000060e-02 1.252655244626041386e-02 -1.156617636430535938e-02 9.998546439598712254e-01 3.133903999999999801e+00
9.999153002876361995e-01 -2.335981004057277079e-03 -1.280372771637183424e-02 -3.853800000000000281e-02 2.463457838392665682e-03 9.999474678732668265e-01 9.949516034483954149e-03 -4.535879999999999773e-02 1.277981322886866458e-02 -9.980214756741217705e-03 9.998685272010737757e-01 3.192319200000000023e+00
9.999166750941700377e-01 -5.059600360236764065e-04 -1.289910357590836991e-02 -3.965069999999999706e-02 6.204054404060407174e-04 9.999604692376626858e-01 8.869896227292303412e-03 -4.597520000000000079e-02 1.289410585149586112e-02 -8.877159818059298171e-03 9.998774615260886955e-01 3.250136100000000194e+00
9.999132033828329602e-01 1.675565555728146397e-03 -1.306821260730342549e-02 -4.067140000000000338e-02 -1.556330740525022462e-03 9.999571198384433757e-01 9.128872823678607640e-03 -4.651240000000000235e-02 1.308294826510154885e-02 -9.107742007394500211e-03 9.998729346773115312e-01 3.308386300000000002e+00
9.999124086696417057e-01 3.381120683819955133e-03 -1.279621082183610321e-02 -4.193310000000000093e-02 -3.259459250881907404e-03 9.999494042591217102e-01 9.516556479069562466e-03 -4.723750000000000171e-02 1.282774001401926038e-02 -9.474014183487663651e-03 9.998728379856028914e-01 3.366172800000000187e+00
9.999148675473485959e-01 5.655626089462470821e-03 -1.175889243528183831e-02 -4.395539999999999864e-02 -5.528774492030883239e-03 9.999264758765437078e-01 1.079238128181627884e-02 -4.803389999999999743e-02 1.181906554616758351e-02 -1.072645023537708783e-02 9.998726183644411902e-01 3.481651100000000110e+00
9.999268120900095536e-01 7.576426502357882543e-03 -9.432296908240553682e-03 -4.497600000000000209e-02 -7.466644741632113939e-03 9.999046051640214650e-01 1.162023184297742567e-02 -4.850680000000000269e-02 9.519436948322768446e-03 -1.154895377238380691e-02 9.998879947208838548e-01 3.539486199999999805e+00
9.999557301995002367e-01 6.258484337161471407e-03 -7.026308773875352028e-03 -4.558349999999999902e-02 -6.192442499390315817e-03 9.999368142701094975e-01 9.381957324371760151e-03 -4.900960000000000039e-02 7.084581644393537180e-03 -9.338031973927527277e-03 9.999313025712205372e-01 3.597065699999999921e+00
9.999850286883372741e-01 3.190764378918846834e-03 -4.445382082974008199e-03 -4.618080000000000102e-02 -3.171196083163333682e-03 9.999852826086881308e-01 4.402054227783719700e-03 -4.961539999999999700e-02 4.459362576370443261e-03 -4.387891145008227314e-03 9.999804300568647664e-01 3.653749200000000030e+00
9.999887275465544345e-01 4.392253824954754290e-03 -1.803575936897136881e-03 -4.663219999999999865e-02 -4.385304805740373318e-03 9.999830156067002207e-01 3.838958177787465259e-03 -5.024510000000000087e-02 1.820406982994306937e-03 -3.831005673086533732e-03 9.999910047165170290e-01 3.711007400000000178e+00
9.999923798243426365e-01 3.824528672283373284e-03 7.831179237805911426e-04 -4.660840000000000122e-02 -3.830204507317548895e-03 9.999654374013097202e-01 7.379263936148973066e-03 -5.101229999999999654e-02 -7.548686506859160743e-04 -7.382207206662983606e-03 9.999724662159844568e-01 3.768293599999999799e+00
9.999853779688570032e-01 3.580380081858102522e-03 4.052743139110339711e-03 -4.671940000000000121e-02 -3.616720785289945835e-03 9.999529998338689829e-01 8.995412942589833816e-03 -5.187400000000000344e-02 -4.020345662181777115e-03 -9.009939051730305598e-03 9.999513277250251519e-01 3.824724699999999977e+00
9.999562442090075276e-01 4.334616769385738616e-03 8.289798844252084173e-03 -4.676229999999999970e-02 -4.392035611431147762e-03 9.999664055068849811e-01 6.920829489868729652e-03 -5.238400000000000001e-02 -8.259521209097042335e-03 -6.956935755235632741e-03 9.999416889770592620e-01 3.881454900000000041e+00
9.999273361942202509e-01 3.426486740036825077e-03 1.155774719187347560e-02 -4.619290000000000201e-02 -3.474572717313179331e-03 9.999853813962696902e-01 4.142986626733286340e-03 -5.327919999999999878e-02 -1.154338234500661142e-02 -4.182843814624179202e-03 9.999246242300764420e-01 3.937664499999999901e+00
9.998828108855325469e-01 2.124397496705677114e-03 1.516085191941341122e-02 -4.570729999999999932e-02 -2.131477589952090763e-03 9.999976267636185856e-01 4.508552031838854125e-04 -5.403009999999999757e-02 -1.515985814346304007e-02 -4.831173839726831060e-04 9.998849660329248712e-01 3.993800199999999911e+00
9.997527012581399752e-01 1.388082897553795511e-03 2.219480914362569751e-02 -4.402339999999999726e-02 -1.419342612572002541e-03 9.999980228777948232e-01 1.392733660620222320e-03 -5.652410000000000073e-02 -2.219283203200054372e-02 -1.423891277733655564e-03 9.997526947900808869e-01 4.106316999999999773e+00
9.996563336648256470e-01 2.448122415156039813e-03 2.610021571633463697e-02 -4.313519999999999854e-02 -2.491851019090670239e-03 9.999955455740341392e-01 1.643018742573641678e-03 -5.729360000000000008e-02 -2.609607714384381758e-02 -1.707491941474993452e-03 9.996579811260311033e-01 4.162213799999999964e+00
9.995511963137271305e-01 2.005426792206223188e-03 2.988953347206944888e-02 -4.162640000000000090e-02 -1.996124028725794041e-03 9.999979495768591686e-01 -3.410732167768344984e-04 -5.829150000000000303e-02 -2.989015618324537826e-02 2.812569258888543747e-04 9.995531498914316249e-01 4.217530299999999954e+00
9.994456908012601115e-01 1.270238679722543798e-03 3.326706528217597547e-02 -4.010079999999999895e-02 -1.189018787445302126e-03 9.999962645549705931e-01 -2.461119750941835084e-03 -5.954609999999999764e-02 -3.327006722438539954e-02 2.420200364001010712e-03 9.994434677644769005e-01 4.272958299999999987e+00
9.991136412004654188e-01 -6.227789478715490656e-05 4.209427619773801338e-02 -3.412099999999999855e-02 7.249222770549551456e-05 9.999999683012413820e-01 -2.411273380938516047e-04 -6.272679999999999922e-02 -4.209425984649872027e-02 2.439651206111482248e-04 9.991136140444665248e-01 4.439808799999999778e+00
9.990136507662936705e-01 -8.784262229347260947e-04 4.439542712907034588e-02 -3.158489999999999909e-02 8.143558005138790395e-04 9.999986007982383240e-01 1.461241320114495300e-03 -6.348239999999999439e-02 -4.439664860360412885e-02 -1.423646352259290730e-03 9.990129682961236268e-01 4.495217300000000193e+00
9.987782243730567444e-01 -3.350647183853721744e-03 4.930346520938643645e-02 -2.673769999999999966e-02 3.354503882800589139e-03 9.999943736258024574e-01 4.520983298385075340e-06 -6.509679999999999633e-02 -4.930320295786188439e-02 1.608732058092292674e-04 9.987838446320141950e-01 4.605839699999999759e+00
9.985586834526617439e-01 -4.247426144955069108e-03 5.350247725507742413e-02 -2.112959999999999838e-02 4.596937767600801222e-03 9.999688814866100062e-01 -6.411257410123311247e-03 -6.707599999999999674e-02 -5.347358099517676711e-02 6.647964317082924283e-03 9.985471349445609324e-01 4.716750099999999613e+00
9.984765156194796987e-01 -4.060111039237270479e-03 5.502874934733594653e-02 -1.260320000000000017e-02 4.340260576538344274e-03 9.999782183876567698e-01 -4.972412731806041819e-03 -7.047899999999999998e-02 -5.500736218462588117e-02 5.203676450044087895e-03 9.984723891309627009e-01 4.884004100000000292e+00
9.985550884070447664e-01 -4.572442060354672128e-03 5.354276972667632029e-02 -9.840700000000000836e-03 4.769765658541185588e-03 9.999822943311745815e-01 -3.558139924553309873e-03 -7.159820000000000073e-02 -5.352555232747989444e-02 3.808385191232444879e-03 9.985592177984605744e-01 4.940183600000000119e+00
9.989375490951856174e-01 -4.077389221559504090e-03 4.590368073302455998e-02 -1.933599999999999946e-03 4.186409492401657953e-03 9.999886397918527070e-01 -2.279092539174475823e-03 -7.457990000000000452e-02 -4.589386651030254172e-02 2.468842720000983919e-03 9.989432705776432053e-01 5.111577500000000107e+00
9.992698866175936390e-01 -1.975308540361613800e-03 3.815484052426327405e-02 2.143100000000000213e-03 2.067150589935485682e-03 9.999950602232958730e-01 -2.367787457802938023e-03 -7.677839999999999665e-02 -3.814997493708374016e-02 2.444930505591926938e-03 9.992690337077011486e-01 5.226036500000000196e+00
9.999849159549785149e-01 5.468379650992657992e-03 5.144769257845614643e-04 7.757499999999999639e-03 -5.467978872669575566e-03 9.999847484599205805e-01 -7.772094939874402055e-04 -8.590159999999999463e-02 -5.187191558005870094e-04 7.743846215637758493e-04 9.999995656293533264e-01 5.746856700000000373e+00
9.999595909739098509e-01 8.829888590481728763e-03 -1.688042289346519675e-03 6.841400000000000085e-03 -8.831132309915295034e-03 9.999607377798777064e-01 -7.307536161435648813e-04 -8.818990000000000162e-02 1.681523540040940224e-03 7.456314119035760976e-04 9.999983082547599933e-01 5.864659299999999575e+00
9.999405832711920628e-01 1.031280353327767609e-02 -3.532139656401256378e-03 6.060600000000000188e-03 -1.031129010312869902e-02 9.999467375855325413e-01 4.464173600059756649e-04 -9.017369999999999552e-02 3.536555340642505776e-03 -4.099699186648423223e-04 9.999936623304112038e-01 5.982440000000000424e+00
9.998817268568920280e-01 1.460806963058938930e-02 -4.810051906924728976e-03 4.435099999999999980e-03 -1.458176140272717490e-02 9.998787739940196984e-01 5.459812323679830853e-03 -9.144330000000000513e-02 4.889226122137759964e-03 -5.389027545274019740e-03 9.999735265746002577e-01 6.100471500000000269e+00
9.998948066395456635e-01 1.314872009777539111e-02 -6.122647716136212122e-03 3.460400000000000195e-03 -1.312534124423446469e-02 9.999064737178964268e-01 3.843076146017563016e-03 -9.302290000000000558e-02 6.172606620217113531e-03 -3.762310039330760917e-03 9.999738716339943156e-01 6.217809700000000106e+00
9.999340477332566701e-01 8.253538674196585212e-03 -7.986193282086414061e-03 2.786100000000000122e-03 -8.200099444585728231e-03 9.999439244502484891e-01 6.701218108286720841e-03 -9.427389999999999382e-02 8.041054214728669478e-03 -6.635288568665746907e-03 9.999456557197128337e-01 6.336540699999999582e+00
9.999542407667664223e-01 4.734935723442226276e-03 -8.312445864763585296e-03 2.373300000000000062e-03 -4.664071957255604313e-03 9.999527944684103442e-01 8.523805933655728001e-03 -9.483629999999999838e-02 8.352413144552685298e-03 -8.484646045177922369e-03 9.999291214761928392e-01 6.396010399999999763e+00
9.999594516648733222e-01 3.131393940580570572e-03 -8.443304926074056416e-03 1.564899999999999928e-03 -3.050873562686923050e-03 9.999499089418175668e-01 9.532668973339044130e-03 -9.535979999999999457e-02 8.472732533856427994e-03 -9.506522983702197713e-03 9.999189161247876712e-01 6.455196899999999793e+00
9.999625233226274723e-01 -1.595033770848070962e-03 -8.509278319195599100e-03 1.317100000000000085e-03 1.662110543614995313e-03 9.999675588226705214e-01 7.881541141795719851e-03 -9.599610000000000087e-02 8.496430943901206456e-03 -7.895389129034039583e-03 9.999327344835334808e-01 6.515162499999999746e+00
9.999576266258654034e-01 -3.933621377878296355e-03 -8.322954741062444511e-03 6.805999999999999550e-04 3.991047645445069958e-03 9.999682687303175221e-01 6.894423194370108768e-03 -9.657499999999999418e-02 8.295570592675487187e-03 -6.927348363319114216e-03 9.999415959710822310e-01 6.574710800000000077e+00
9.999514788170700275e-01 -5.458092107978824124e-03 -8.200563523059934898e-03 2.245000000000000088e-04 5.512115271959077377e-03 9.999631617665187822e-01 6.579642477802899805e-03 -9.718179999999999874e-02 8.164349134104775460e-03 -6.624525677200749502e-03 9.999447280038875618e-01 6.634450900000000040e+00
9.999573481003387609e-01 -5.670928261474303574e-03 -7.289893880652948549e-03 -8.704999999999999630e-04 5.735237716527481246e-03 9.999445560389319532e-01 8.831302080564847404e-03 -9.818200000000000538e-02 7.239408019506147693e-03 -8.872734683088431482e-03 9.999344306257138548e-01 6.753560499999999855e+00
9.999777105670242250e-01 -3.058992174200654730e-03 -5.934722909355713907e-03 -2.218200000000000033e-03 3.109716595285036758e-03 9.999585550640095466e-01 8.556741026536923353e-03 -9.912540000000000240e-02 5.908301941307776001e-03 -8.575005607950962269e-03 9.999457791535468765e-01 6.872488500000000222e+00
9.999831297148052967e-01 -3.115292235904536331e-03 -4.902574840619207744e-03 -3.312499999999999906e-03 3.137864926421431947e-03 9.999844815249521179e-01 4.603315433051864518e-03 -1.007649000000000045e-01 4.888158087305867483e-03 -4.618621391449201884e-03 9.999773868678011324e-01 6.991030199999999972e+00
9.999829773709908443e-01 -3.931746391714162694e-03 -4.311187604315206562e-03 -4.033400000000000353e-03 3.919012103671020916e-03 9.999879449560338252e-01 -2.958257382231291484e-03 -1.026466999999999935e-01 4.322766750547440626e-03 2.941311428510852075e-03 9.999863310939308692e-01 7.109106500000000217e+00
9.999808041956298466e-01 -4.668786737549208629e-03 -4.073532945820400666e-03 -4.891999999999999647e-03 4.654354308003870108e-03 9.999828838005891951e-01 -3.545291501843877546e-03 -1.052764999999999951e-01 4.090015432362746964e-03 3.526263781506597684e-03 9.999854185124432693e-01 7.227578199999999953e+00
9.999838504652369675e-01 -3.484051512218205512e-03 -4.490010443060343630e-03 -5.840800000000000158e-03 3.474316144366585389e-03 9.999916009396041527e-01 -2.174207344436341043e-03 -1.074272000000000005e-01 4.497547781577714184e-03 2.158572516228550887e-03 9.999875562368987225e-01 7.345736999999999739e+00
9.999835329837805098e-01 -2.835660190016869690e-03 -4.989267738176705012e-03 -6.034399999999999660e-03 2.827514896315989901e-03 9.999946596345618000e-01 -1.638859929343746379e-03 -1.087160999999999961e-01 4.993888343522367816e-03 1.624725713359304827e-03 9.999862105777103105e-01 7.404054200000000030e+00
9.999782894676596534e-01 -2.669409505487027427e-03 -6.024520414564749939e-03 -7.128100000000000061e-03 2.660159880215878098e-03 9.999952716151689902e-01 -1.542821025284378967e-03 -1.113555999999999990e-01 6.028610349423966543e-03 1.526761342314247438e-03 9.999806622415547963e-01 7.521017600000000414e+00
9.999726580232580764e-01 -2.958568487787076318e-03 -6.777173334312902066e-03 -7.861200000000000479e-03 2.954991059174857417e-03 9.999954893801924483e-01 -5.378169852841749830e-04 -1.123812000000000005e-01 6.778733933445480093e-03 5.177757936952989866e-04 9.999768900702090679e-01 7.579914600000000391e+00
9.999693233928002023e-01 -2.203005387883344435e-03 -7.516584370995427720e-03 -8.382099999999999967e-03 2.200560859397299694e-03 9.999975231607727277e-01 -3.334729729978785787e-04 -1.132664000000000032e-01 7.517300396380631640e-03 3.169220418153041209e-04 9.999716944769836413e-01 7.639083900000000149e+00
9.999615362120923834e-01 -1.374882115613394956e-03 -8.662320446642061272e-03 -9.922399999999999623e-03 1.354689797009935763e-03 9.999963528122632894e-01 -2.336488331962597014e-03 -1.156680999999999959e-01 8.665501249554112551e-03 2.324663704643451043e-03 9.999597517034144456e-01 7.756448699999999974e+00
9.999446876775899273e-01 -1.529673546862283162e-03 -1.040584855777408960e-02 -1.117940000000000079e-02 1.499481439095874885e-03 9.999946456728860955e-01 -2.908639024162613072e-03 -1.182629000000000041e-01 1.041024210962964575e-02 2.892874763812709402e-03 9.999416273637276031e-01 7.873810800000000221e+00
9.999312340638669694e-01 -3.782056890218358450e-04 -1.172109653440506737e-02 -1.306979999999999947e-02 3.333807627733433856e-04 9.999926252154681672e-01 -3.826012538300817712e-03 -1.206488000000000005e-01 1.172245711355190435e-02 3.821841850863784678e-03 9.999239858729702668e-01 7.991303000000000267e+00
9.999197148432910076e-01 -9.063837420999551345e-04 -1.263892148182001185e-02 -1.387170000000000070e-02 8.775792555278768203e-04 9.999970057034035520e-01 -2.284390263829781664e-03 -1.221467999999999998e-01 1.264095417133618074e-02 2.273115205894774352e-03 9.999175162106617165e-01 8.049940100000000598e+00
9.998996416143562938e-01 -9.663879511141185640e-05 -1.416676958325887616e-02 -1.576870000000000008e-02 7.295690071166056792e-05 9.999985992810296320e-01 -1.672158266816770262e-03 -1.243337000000000053e-01 1.416691133495611397e-02 1.670956888110681051e-03 9.998982480864267997e-01 8.166839599999999422e+00
9.998837775013108553e-01 5.430306334129591378e-04 -1.523602991072088575e-02 -1.832539999999999863e-02 -5.801359009210687191e-04 9.999968767161241390e-01 -2.431049224764496308e-03 -1.265947000000000044e-01 1.523466219007395261e-02 2.439605650087874229e-03 9.998809696119965729e-01 8.284428600000000031e+00
9.998688332089993303e-01 1.675947122596518771e-03 -1.610923891798306945e-02 -2.085189999999999960e-02 -1.713539508260123476e-03 9.999958405150360941e-01 -2.320072192869880937e-03 -1.291941000000000062e-01 1.610528359353015360e-02 2.347371693779417602e-03 9.998675460712299623e-01 8.400569900000000700e+00
9.998624437352156002e-01 1.459823882646622091e-03 -1.652157746931105786e-02 -2.190380000000000105e-02 -1.516869367616150962e-03 9.999929300373212593e-01 -3.440782279483636189e-03 -1.304435999999999929e-01 1.651643772622837791e-02 3.465370053093229635e-03 9.998575891071841415e-01 8.459135099999999241e+00
9.998516520246697459e-01 -2.965246613963961643e-03 -1.696706386081980183e-02 -2.400729999999999878e-02 2.883319439172016101e-03 9.999840768738260666e-01 -4.851027500819978314e-03 -1.330504000000000131e-01 1.698117818499219472e-02 4.801386395656385628e-03 9.998442810138632453e-01 8.575811399999999196e+00
9.998489961154488626e-01 -2.588112640631398675e-03 -1.718390642108476654e-02 -2.541459999999999900e-02 2.568891818540556746e-03 9.999960500018035825e-01 -1.140515504095332682e-03 -1.343350000000000100e-01 1.718679032727838188e-02 1.096199685208132379e-03 9.998516952951054249e-01 8.634089499999999973e+00
9.998468741390339476e-01 -2.290050402706592537e-03 -1.734888882770000210e-02 -2.807789999999999939e-02 2.334568716454113891e-03 9.999940331987059450e-01 2.546243486672487583e-03 -1.365599000000000118e-01 1.734295428440564904e-02 -2.586355764068749927e-03 9.998462545314408256e-01 8.750510200000000793e+00
9.998433624179210444e-01 -7.893872707288483118e-04 -1.768127530928161051e-02 -2.905860000000000040e-02 7.789512363662030349e-04 9.999995183471636073e-01 -5.971100503540589018e-04 -1.374925999999999926e-01 1.768173814411817812e-02 5.832436692168403627e-04 9.998434957347200891e-01 8.808480299999999374e+00
9.998356292025870617e-01 -4.577788517856013015e-04 -1.812470732424730294e-02 -3.017540000000000153e-02 4.133846564389393775e-04 9.999969058362685459e-01 -2.453045253319988735e-03 -1.386292000000000080e-01 1.812577419567469941e-02 2.445149568405320401e-03 9.998327247861992229e-01 8.865750300000000195e+00
9.998434762134852383e-01 -6.185302810703380673e-04 -1.768164284293404637e-02 -3.195760000000000267e-02 5.798221887052687701e-04 9.999974246188230165e-01 -2.194211008724886430e-03 -1.397836000000000078e-01 1.768295449191584212e-02 2.183615353656293782e-03 9.998412598729981005e-01 8.922608399999999662e+00
9.998475053545720082e-01 -7.780514304004515881e-04 -1.744593569318673987e-02 -3.467479999999999868e-02 7.958884268838515305e-04 9.999991676645452188e-01 1.015495853664760348e-03 -1.420723000000000125e-01 1.744513106431441057e-02 -1.029226014298989349e-03 9.998472923881728258e-01 9.037607200000000063e+00
9.998566891250348920e-01 -1.638820176851168726e-03 -1.684979170052697608e-02 -3.587479999999999836e-02 1.671459672376299308e-03 9.999967537845435572e-01 1.923185622489838754e-03 -1.433258000000000032e-01 1.684658524707075347e-02 -1.951073756390931443e-03 9.998561825966323369e-01 9.095096599999999754e+00
9.998992710606228185e-01 -2.968474945415678495e-03 -1.387933315882138030e-02 -3.829919999999999852e-02 2.967375665219040837e-03 9.999955923515331246e-01 -9.979563068606762304e-05 -1.453477999999999992e-01 1.387956822442921317e-02 5.860038291307986661e-05 9.999036724364495088e-01 9.208500900000000655e+00
9.999168492973684597e-01 -3.280344203204629480e-03 -1.247132042456811606e-02 -3.954730000000000051e-02 3.261917612640278380e-03 9.999935585661414716e-01 -1.497571271503690899e-03 -1.466101999999999961e-01 1.247615264062183586e-02 1.456766327654445423e-03 9.999211086116517322e-01 9.264843900000000687e+00
9.999478670500100419e-01 -3.091636847628189463e-03 -9.731647534607550457e-03 -4.158429999999999765e-02 3.075080579939885612e-03 9.999937999618369044e-01 -1.715784751201895539e-03 -1.487883000000000122e-01 9.736891781380862046e-03 1.685769701936776221e-03 9.999511743675036923e-01 9.377365100000000453e+00
9.999687089746229773e-01 -2.771851010465502252e-03 -7.409312626794169014e-03 -4.268210000000000059e-02 2.778105012757007587e-03 9.999957933507799268e-01 8.339144335196356072e-04 -1.511877000000000082e-01 7.406969971849793576e-03 -8.544721880315148382e-04 9.999722029502200460e-01 9.488197299999999501e+00
9.999814720396521528e-01 -2.594882359373551061e-03 -5.506556360515831722e-03 -4.361319999999999780e-02 2.599893375099380632e-03 9.999962125241118605e-01 9.030458844463327929e-04 -1.532589000000000035e-01 5.504192206731135448e-03 -9.173456122493099186e-04 9.999844310513934520e-01 9.597934699999999708e+00
9.999906188865310686e-01 -2.473536091212666464e-03 -3.555806257094943756e-03 -4.455640000000000295e-02 2.476451738001387171e-03 9.999966008236796933e-01 8.157989185960719952e-04 -1.551807000000000047e-01 3.553776262214195045e-03 -8.245970480792277121e-04 9.999933453348509582e-01 9.706950199999999640e+00
9.999910092793555805e-01 -3.670343110568849172e-03 -2.123662380511093673e-03 -4.539300000000000279e-02 3.672039597155328430e-03 9.999929416254890180e-01 7.955026072071631456e-04 -1.572253999999999874e-01 2.120727623392875284e-03 -8.032936274176757105e-04 9.999974286135416834e-01 9.813960099999999187e+00
9.999904965609359708e-01 -3.792687779094544402e-03 -2.149955167672528041e-03 -4.560240000000000127e-02 3.796490695135944053e-03 9.999912312233357747e-01 1.767522231464566801e-03 -1.583789999999999920e-01 2.143232655229271137e-03 -1.775667718713774129e-03 9.999961267714680968e-01 9.866141300000000669e+00
9.999873216385426478e-01 -4.348448321548486172e-03 -2.539204475528257596e-03 -4.587829999999999686e-02 4.355915016606491490e-03 9.999861838243624401e-01 2.942475956826694217e-03 -1.595418000000000114e-01 2.526374188797584405e-03 -2.953499209958122124e-03 9.999924471094143730e-01 9.917674999999999130e+00
9.999871828429268694e-01 -3.688683125504358101e-03 -3.468107072516118765e-03 -4.671580000000000177e-02 3.695289424007696614e-03 9.999913666258949396e-01 1.900397260502057709e-03 -1.616685999999999956e-01 3.461067167743757216e-03 -1.913188562198263332e-03 9.999921803312192825e-01 1.001847740000000009e+01
9.999863779212136983e-01 -3.248017296575023399e-03 -4.085872691699200462e-03 -4.709529999999999966e-02 3.252759637620921806e-03 9.999940432568911186e-01 1.154558562745754916e-03 -1.627551999999999888e-01 4.082098327023492637e-03 -1.167833197034066645e-03 9.999909862788126658e-01 1.006814669999999978e+01
9.999826233462729697e-01 -3.442729250867583492e-03 -4.785459310370278677e-03 -4.756339999999999874e-02 3.446840620989776154e-03 9.999936973914995697e-01 8.511562792069761636e-04 -1.637106999999999868e-01 4.782498848874265629e-03 -8.676362045001227534e-04 9.999881873863196713e-01 1.011732390000000059e+01
9.999754153083912911e-01 -3.819188669462657022e-03 -5.880695257980654220e-03 -4.810869999999999730e-02 3.826362668358281299e-03 9.999919484125211477e-01 1.209156259450916123e-03 -1.649440000000000073e-01 5.876029913162644086e-03 -1.231628205516299744e-03 9.999819775198065530e-01 1.016579909999999920e+01
9.999617749905473918e-01 -4.281394972530314959e-03 -7.623530339878004103e-03 -4.853110000000000063e-02 4.294920118879326336e-03 9.999892303568058693e-01 1.758644812228868978e-03 -1.657050999999999941e-01 7.615918784118821255e-03 -1.791320041847926925e-03 9.999693940084273258e-01 1.021387200000000028e+01
9.998851776385970780e-01 -4.966712735225562586e-03 -1.431653949936452161e-02 -5.059539999999999871e-02 5.042165282593113335e-03 9.999735641760904015e-01 5.239037910650584662e-03 -1.685867000000000060e-01 1.429014023353616589e-02 -5.310622710376773983e-03 9.998837878366334531e-01 1.035260489999999933e+01
9.998442889720449145e-01 -4.544726387216767131e-03 -1.705119561940732914e-02 -5.139570000000000249e-02 4.627289052832261711e-03 9.999777463750789686e-01 4.805720616069628776e-03 -1.693278000000000005e-01 1.702897548320211896e-02 -4.883873123199820518e-03 9.998430685749184477e-01 1.039773369999999986e+01
9.997298729325292399e-01 -3.890753800489787570e-03 -2.291382118226298684e-02 -5.349109999999999976e-02 4.011884595176330379e-03 9.999782088427556781e-01 5.242768508059831266e-03 -1.707654999999999867e-01 2.289292354208471644e-02 -5.333279900595067936e-03 9.997236969169022158e-01 1.048532679999999928e+01
9.995686915409367490e-01 -3.904876913488588858e-03 -2.910640526465215275e-02 -5.614829999999999821e-02 4.037046015474569406e-03 9.999818000178259947e-01 4.483513418902969339e-03 -1.724922999999999873e-01 2.908836796055440030e-02 -4.599083539037525023e-03 9.995662635763535864e-01 1.056811330000000027e+01
9.994639220707868255e-01 -4.214868636891443317e-03 -3.246695799199589283e-02 -5.759729999999999711e-02 4.347965288905125160e-03 9.999824272390545055e-01 4.029939321587923569e-03 -1.733818000000000026e-01 3.244940179304933725e-02 -4.168944166447090434e-03 9.994646848327410904e-01 1.060789010000000054e+01
9.993624641733346303e-01 -2.948035439905563691e-03 -3.558053243622896766e-02 -5.933349999999999735e-02 3.076994507171922511e-03 9.999888927764637447e-01 3.570214069895776172e-03 -1.740394000000000108e-01 3.556961211769556208e-02 -3.677419033385882080e-03 9.993604351199069091e-01 1.064673039999999915e+01
9.991170566287583821e-01 -1.214867854142989690e-04 -4.201300268306782520e-02 -6.417810000000000181e-02 2.700261443559538732e-04 9.999937334259410004e-01 3.529900101930603593e-03 -1.763884000000000007e-01 4.201231056925885249e-02 -3.538128009161783938e-03 9.991108283923375577e-01 1.075799079999999996e+01
9.991404069050373593e-01 -8.936943065111567052e-05 -4.145406256015594232e-02 -6.739929999999999533e-02 3.061441791158817419e-04 9.999863134010241739e-01 5.222957626691017083e-03 -1.777893000000000112e-01 4.145302842227634871e-02 -5.231158928333328254e-03 9.991267594308984590e-01 1.082804010000000083e+01
