9.999999999862999589e-01 -3.599986319928684249e-06 -3.800012959924721683e-06 1.062999999999999953e-04 3.600013679928683547e-06 9.999999999675999174e-01 7.199993159857367548e-06 7.858199999999999213e-03 3.799987039924722526e-06 -7.200006839857368044e-06 9.999999999668599537e-01 7.171799999999999876e-03
9.999994560115492703e-01 -2.867318100812046204e-04 1.002876599905526498e-03 1.665000000000000085e-04 2.872681075515070084e-04 9.999998158099695500e-01 -5.346560214496638751e-04 -5.236000000000000420e-04 -1.002723112296854176e-03 5.349438250659255918e-04 9.999993541905235483e-01 6.492280000000000273e-02
9.999929386691713828e-01 -2.621870690685308963e-03 2.692286365948824527e-03 -5.779000000000000066e-04 2.610107948904912076e-03 9.999870743424631447e-01 4.363311184889184617e-03 -1.255560000000000009e-02 -2.703691604087267442e-03 -4.356253216060908783e-03 9.999868564684375460e-01 2.561713999999999936e-01
9.999942996322918054e-01 -1.582839573985781595e-03 2.982502607715699968e-03 -9.000000000000000567e-05 1.571149756713514749e-03 9.999910913576574023e-01 3.917740900452679718e-03 -1.432270000000000071e-02 -2.988677193004541082e-03 -3.913032609642452288e-03 9.999878779187434397e-01 3.222853999999999997e-01
9.999971602107516899e-01 -2.210823656776388264e-03 8.898478470290876368e-04 -1.367999999999999913e-04 2.209572309346968973e-03 9.999965721804602303e-01 1.404783805175546189e-03 -1.007949999999999992e-02 -8.929505260603887119e-04 -1.402813632723272363e-03 9.999986173756790775e-01 5.277629000000000348e-01
9.999969131221180252e-01 -2.103564418617287577e-03 -1.322408020162170288e-03 -5.236000000000000420e-04 2.104831905530931638e-03 9.999973261387890000e-01 9.578089172042046108e-04 -1.091879999999999934e-02 1.320389671468595073e-03 -9.605894071580101893e-04 9.999986669186645694e-01 5.935213999999999768e-01
9.999969461164361917e-01 -1.557531384443087844e-03 -1.918815725337068767e-03 -2.257700000000000071e-03 1.558066290151772495e-03 9.999987477647928058e-01 2.773053942905849794e-04 -1.121510000000000042e-02 1.918381410673778440e-03 -2.802941895308599701e-04 9.999981206221991714e-01 6.585307999999999717e-01
9.999961567707015275e-01 -1.679766419114419890e-04 -2.767350298430533775e-03 -4.582700000000000315e-03 1.664230235520761038e-04 9.999998284371000024e-01 -5.616307930107759978e-04 -1.222900000000000029e-02 2.767444164510495484e-03 5.611680837309647799e-04 9.999960131636416172e-01 7.886241000000000501e-01
9.999978932069155668e-01 -5.946705389625879350e-04 -1.964675209904707259e-03 -7.210099999999999669e-03 5.925286888563991577e-04 9.999992297694817456e-01 -1.090582503068921252e-03 -1.193010000000000077e-02 1.965322233936785123e-03 1.089416079011092109e-03 9.999974753373748193e-01 8.509259999999999602e-01
9.999922541123655861e-01 -1.425008634700424773e-03 -3.668932496126126909e-03 -5.531099999999999732e-03 1.427785613455409726e-03 9.999986961670411789e-01 7.543821708913668687e-04 -1.531749999999999952e-02 3.667852711343630792e-03 -7.596147765665456960e-04 9.999929848963337031e-01 9.190717999999999943e-01
9.999947793576385857e-01 -7.551631768121744867e-04 -3.141812541223806994e-03 -8.562900000000000025e-03 7.536349078126879661e-04 9.999995971477874113e-01 -4.875845450848787627e-04 -1.595430000000000112e-02 3.142179481431703683e-03 4.852142199754779710e-04 9.999949456248602431e-01 9.795823999999999643e-01
9.999821073196463184e-01 -1.420879801090019516e-03 -5.810864062278384493e-03 -5.477100000000000371e-03 1.416707216203973467e-03 9.999987357413750999e-01 -7.221193218262255157e-04 -1.799179999999999877e-02 5.811882760601735226e-03 7.138741081266127822e-04 9.999828560543099210e-01 1.052437300000000020e+00
9.999785865869897927e-01 -7.157598308589418167e-04 -6.504925468497168087e-03 -6.366199999999999810e-03 7.150325717933862877e-04 9.999997378517763158e-01 -1.141262450673956281e-04 -1.912190000000000070e-02 6.505005450224378080e-03 1.094725676479108657e-04 9.999788362359722793e-01 1.118306900000000104e+00
9.999699658252202417e-01 -1.395896726001299212e-03 -7.623576577843095385e-03 -6.492300000000000328e-03 1.394082261658101049e-03 9.999989986655314356e-01 -2.433158078829718079e-04 -2.040319999999999981e-02 7.623908587832702206e-03 2.326806072159079549e-04 9.999709105156906475e-01 1.184326299999999943e+00
9.999533444046514452e-01 -4.400213802226205537e-04 -9.649631865393401564e-03 -7.700499999999999880e-03 4.375684009254688180e-04 9.999998714184528126e-01 -2.563142063111244879e-04 -2.264120000000000021e-02 9.649743408359636593e-03 2.520798738343730757e-04 9.999534083685549524e-01 1.315826900000000022e+00
9.999471784201208191e-01 -1.753727380169301268e-03 -1.012742859343729318e-02 -8.705100000000000338e-03 1.769425015224814499e-03 9.999972468227323885e-01 1.541259897226327641e-03 -2.401110000000000050e-02 1.012469776114938852e-02 -1.559098210936682698e-03 9.999475284773767791e-01 1.381257900000000038e+00
9.999364166763228257e-01 -2.119685116683330157e-03 -1.107562817727885535e-02 -9.653500000000000622e-03 2.142645121984433285e-03 9.999955794989106028e-01 2.061566035594704620e-03 -2.538330000000000100e-02 1.107120934660972209e-02 -2.085166095061141093e-03 9.999365381892789673e-01 1.446662700000000079e+00
9.999296006260353087e-01 -2.707728222011614779e-03 -1.155257545888523085e-02 -1.087390000000000058e-02 2.717775803800752486e-03 9.999959420820159206e-01 8.541160235774937232e-04 -2.624419999999999878e-02 1.155021586541959966e-02 -8.854532043978812373e-04 9.999329019919712680e-01 1.512265399999999982e+00
9.999057762822248785e-01 -2.725225163149583643e-03 -1.345405906228116545e-02 -1.282980000000000058e-02 2.721046102840174279e-03 9.999962438552129074e-01 -3.289127116716858272e-04 -2.839569999999999941e-02 1.345490488808567982e-02 2.922726053143669318e-04 9.999094359546651933e-01 1.643549799999999950e+00
9.998770492559572176e-01 -4.015944249226372637e-03 -1.515778885547762987e-02 -1.425509999999999972e-02 4.025408280274445430e-03 9.999917216457829827e-01 5.939091512476120860e-04 -3.072130000000000000e-02 1.515527826789182277e-02 -6.548524184450636850e-04 9.998849377348040246e-01 1.774370400000000014e+00
9.998686919318408028e-01 -4.735547454252176346e-03 -1.549753157177837133e-02 -1.571200000000000027e-02 4.739741050384279654e-03 9.999887400142267735e-01 2.338793162883865285e-04 -3.166139999999999927e-02 1.549624952319250161e-02 -3.073028926175666326e-04 9.998798786932594496e-01 1.839769100000000046e+00
9.998599735431795699e-01 -4.623196929452208330e-03 -1.608289017508138588e-02 -1.682619999999999949e-02 4.636078291376059639e-03 9.999889616752024590e-01 7.637446082613717291e-04 -3.335400000000000170e-02 1.607918170518815235e-02 -8.381992018132413324e-04 9.998703702669610172e-01 1.904266800000000037e+00
9.998547557334351854e-01 -5.584265264779186139e-03 -1.610227992196304470e-02 -1.929180000000000131e-02 5.615722804544634114e-03 9.999824094307767641e-01 1.909053797297614397e-03 -3.484799999999999703e-02 1.609133601088458265e-02 -1.999202458741922324e-03 9.998685274049352589e-01 2.035187500000000149e+00
9.998700606929264989e-01 -4.214788763530229188e-03 -1.555947574959161070e-02 -2.251370000000000107e-02 4.248531538995124410e-03 9.999886932194618216e-01 2.136214641619623312e-03 -3.680230000000000307e-02 1.555029612854603657e-02 -2.202041986821701245e-03 9.998766620445757036e-01 2.165622899999999795e+00
9.998754422045978973e-01 -3.139648171890181000e-03 -1.546747185278128829e-02 -2.380989999999999843e-02 3.174551324316029176e-03 9.999924690192292243e-01 2.232516229554423574e-03 -3.787070000000000020e-02 1.546034605204935596e-02 -2.281340435508738204e-03 9.998778791361313534e-01 2.230548100000000034e+00
9.998905735762275704e-01 -4.997273613686959749e-04 -1.478482823596987371e-02 -2.554930000000000048e-02 5.590415754397203181e-04 9.999918117953132679e-01 4.007968917517765531e-03 -3.889759999999999746e-02 1.478270428303842150e-02 -4.015795673482171896e-03 9.998826656359180998e-01 2.295252800000000093e+00
9.999161623741146254e-01 -2.481580487546547779e-04 -1.294629833604490042e-02 -2.677010000000000153e-02 3.406258920434007340e-04 9.999744468651918794e-01 7.140699591429132582e-03 -3.973580000000000167e-02 1.294419549546090183e-02 -7.144510776547602880e-03 9.998906959106774739e-01 2.360619499999999871e+00
9.999386555554119482e-01 2.705602609246013542e-04 -1.107302683012090921e-02 -2.773559999999999914e-02 -1.610278144115036779e-04 9.999510647373114347e-01 9.891521660505052035e-03 -4.036039999999999767e-02 1.107516122132562800e-02 -9.889131805293284103e-03 9.998897668623573098e-01 2.426155599999999968e+00
9.999533972733214426e-01 6.106617954200853479e-04 -9.634852033864417520e-03 -2.865470000000000170e-02 -4.829014323643386576e-04 9.999120056455531591e-01 1.325698955622756602e-02 -4.088250000000000217e-02 9.642099758323776498e-03 -1.325171906051892702e-02 9.998657019091071740e-01 2.490923899999999858e+00
9.999635064051871636e-01 -1.948715834343175122e-04 -8.540953278710069346e-03 -2.909749999999999837e-02 3.183103076689891152e-04 9.998954906837128620e-01 1.445359432546520356e-02 -4.118320000000000314e-02 8.537244074709949421e-03 -1.445578553531623456e-02 9.998590629324544121e-01 2.556118699999999855e+00
9.999727002228826489e-01 -2.210120130857603279e-03 -7.050828175755782627e-03 -2.948970000000000063e-02 2.301354085963312670e-03 9.999133971121040299e-01 1.295770215365241000e-02 -4.138030000000000180e-02 7.021579475294259694e-03 -1.297357486350336243e-02 9.998911859682199088e-01 2.620956399999999853e+00
9.999809465164998246e-01 -9.776105022516114618e-04 -6.095152309103908650e-03 -3.001459999999999892e-02 1.045947992735222565e-03 9.999365214890455489e-01 1.121868910275336181e-02 -4.151300000000000129e-02 6.083797889622937979e-03 -1.122485055996877076e-02 9.999184917447745402e-01 2.686165599999999820e+00
9.999846603539368495e-01 -7.032608488298079143e-04 -5.494040498597638385e-03 -3.069409999999999847e-02 7.623123424642117354e-04 9.999418878847932124e-01 1.075359164597145326e-02 -4.190320000000000156e-02 5.486158648294318062e-03 -1.075761486456377342e-02 9.999270852345742977e-01 2.750669699999999995e+00
9.999850667649722302e-01 -1.272483257252098130e-03 -5.314793826104746190e-03 -3.135389999999999705e-02 1.327072791125113223e-03 9.999462749269872885e-01 1.028037632817722057e-02 -4.234299999999999869e-02 5.301426681662534286e-03 -1.028727592717840027e-02 9.999330311721565945e-01 2.815866699999999945e+00
9.999794179588286092e-01 -1.860975681608712786e-03 -6.140067445479137874e-03 -3.199180000000000079e-02 1.916565991290993367e-03 9.999571182277862125e-01 9.060269332770001793e-03 -4.273359999999999659e-02 6.122943207608452613e-03 -9.071850698383808476e-03 9.999401037519111135e-01 2.880942600000000020e+00
9.999673973701221907e-01 -1.739588604122439602e-03 -7.885304579573364225e-03 -3.272989999999999927e-02 1.816340140398239747e-03 9.999509465918688944e-01 9.736802273832117702e-03 -4.346189999999999776e-02 7.867979748233434184e-03 -9.750807223698533879e-03 9.999215052458706454e-01 2.945576899999999831e+00
9.999558859083248485e-01 -1.753953622571548503e-03 -9.227669477568705911e-03 -3.359850000000000336e-02 1.853154359096365576e-03 9.999404696491132061e-01 1.075281250800342626e-02 -4.371270000000000017e-02 9.208260216715594484e-03 -1.076943845336333742e-02 9.998996085303666348e-01 3.010271499999999989e+00
9.999449234096159378e-01 -2.079917670198460234e-03 -1.028708364030461037e-02 -3.462939999999999768e-02 2.195156283132022792e-03 9.999348272195265341e-01 1.120368699796408726e-02 -4.435420000000000335e-02 1.026311045590237031e-02 -1.122565169337262636e-02 9.998843199629791068e-01 3.074863899999999983e+00
9.999384396009739495e-01 -9.590059075386560663e-04 -1.105428948592869498e-02 -3.576800000000000118e-02 1.080931619619405733e-03 9.999385941889702423e-01 1.102902707493355096e-02 -4.481190000000000173e-02 1.104303378619818712e-02 -1.104029705466371379e-02 9.998780741899192526e-01 3.139590300000000056e+00
9.999298222863691743e-01 -4.673659807955731979e-04 -1.183773928545195191e-02 -3.655889999999999834e-02 5.973993402996749177e-04 9.999395011826622826e-01 1.098349163958741055e-02 -4.542630000000000279e-02 1.183188980588253426e-02 -1.098979270089622991e-02 9.998696069188286462e-01 3.204565000000000108e+00
9.999249010562353268e-01 -1.789700505844844499e-03 -1.212391107594680897e-02 -3.742879999999999818e-02 1.916579138053161853e-03 9.999434388642050031e-01 1.046163452026527448e-02 -4.604640000000000122e-02 1.210450214117319082e-02 -1.048408529760252138e-02 9.998717742707746714e-01 3.269090900000000133e+00
9.999215893991496573e-01 -2.914060203040227861e-03 -1.217880563156575370e-02 -3.870470000000000160e-02 3.030155666898341326e-03 9.999500447705701456e-01 9.525025982593280510e-03 -4.667009999999999909e-02 1.215044073738744991e-02 -9.561182796483411878e-03 9.998804681427773122e-01 3.333407400000000020e+00
9.999160995540532504e-01 -3.261801479825228098e-03 -1.253612793947615593e-02 -3.984050000000000091e-02 3.399957342019972566e-03 9.999335511571572077e-01 1.101515139747657676e-02 -4.745780000000000137e-02 1.249936569115205932e-02 -1.105684952159047968e-02 9.998607462721875727e-01 3.398153300000000154e+00
9.999153193915064630e-01 -3.088046887746350062e-03 -1.264191491035140426e-02 -4.119099999999999845e-02 3.247692489049242882e-03 9.999149984599452479e-01 1.262728586610164551e-02 -4.799230000000000163e-02 1.260184667729528397e-02 -1.266727363195242935e-02 9.998403540761170438e-01 3.462310599999999905e+00
9.999114178147152643e-01 -2.695482047944116905e-03 -1.303422035624156837e-02 -4.207589999999999941e-02 2.839510449742026991e-03 9.999349796414471747e-01 1.104416904363828347e-02 -4.858880000000000143e-02 1.300360350716896034e-02 -1.108020153191553378e-02 9.998540570652501014e-01 3.526507599999999965e+00
9.999150814215045369e-01 -8.421974431131450676e-04 -1.300463952952343911e-02 -4.328150000000000053e-02 9.705419631617586860e-04 9.999508590543525477e-01 9.865978145125093440e-03 -4.911800000000000194e-02 1.299569136767152015e-02 -9.877761888664737810e-03 9.998667620367961417e-01 3.589813200000000037e+00
9.999138399672065081e-01 2.807201605667487138e-03 -1.282311433236404605e-02 -4.592879999999999879e-02 -2.668200247103356786e-03 9.999376402602885294e-01 1.084418268598851334e-02 -5.063979999999999870e-02 1.285275649334024703e-02 -1.080903371402242019e-02 9.998589757764301256e-01 3.717447299999999899e+00
9.999091848943245653e-01 4.432461917689427440e-03 -1.272694956835636673e-02 -4.694890000000000174e-02 -4.290003910259910548e-03 9.999280867724721356e-01 1.119897986395389407e-02 -5.103610000000000091e-02 1.277567338410027023e-02 -1.114336416400016523e-02 9.998562934765631294e-01 3.781427900000000175e+00
9.999174385372714413e-01 5.084618634709602535e-03 -1.180096446912329115e-02 -4.804520000000000318e-02 -4.942192215809738769e-03 9.999149776024006675e-01 1.206699227200230297e-02 -5.133139999999999925e-02 1.186131717660126282e-02 -1.200767336873124515e-02 9.998575523218824479e-01 3.844736600000000060e+00
9.999292357363245287e-01 6.938191926184919360e-03 -9.663592115006183758e-03 -4.909390000000000281e-02 -6.813280396436771115e-03 9.998935856111290654e-01 1.289948308883503286e-02 -5.177450000000000108e-02 9.752062859175882059e-03 -1.283272950369612406e-02 9.998701007248269601e-01 3.908126400000000000e+00
9.999559437677690843e-01 5.751965366953054257e-03 -7.417911965474329947e-03 -4.953860000000000208e-02 -5.672948267895607313e-03 9.999274119010517214e-01 1.062960896807114454e-02 -5.222349999999999909e-02 7.478514655995189067e-03 -1.058705923671398284e-02 9.999159894687444927e-01 3.971848500000000115e+00
9.999841676004753710e-01 2.564560564397046043e-03 -5.008750093171131582e-03 -5.007430000000000214e-02 -2.536199094609272939e-03 9.999807627393446641e-01 5.660551686083170955e-03 -5.290009999999999851e-02 5.023170566166891560e-03 -5.647758878515922454e-03 9.999714348805736064e-01 4.034366600000000247e+00
9.999901255508648612e-01 3.786510266489911611e-03 -2.326185884068643524e-03 -5.049089999999999828e-02 -3.774646738127585520e-03 9.999799554110456734e-01 5.083386481994757976e-03 -5.345310000000000339e-02 2.345387551731374989e-03 -5.074555756393928953e-03 9.999843738984661723e-01 4.097554699999999883e+00
9.999948444895746524e-01 3.208698182798169676e-03 1.234918746843375876e-04 -5.043160000000000004e-02 -3.209635172093680631e-03 9.999584393525119408e-01 8.533335206744501258e-03 -5.419419999999999793e-02 -9.610584511097748465e-05 -8.533687576910335346e-03 9.999635828068971222e-01 4.160747500000000265e+00
9.999906645253421322e-01 2.760780382348702617e-03 3.323996667408476643e-03 -5.052399999999999947e-02 -2.794733635460828255e-03 9.999435245269824302e-01 1.025364425279639245e-02 -5.510450000000000070e-02 -3.295500883223672836e-03 -1.026283821545088785e-02 9.999419052253446516e-01 4.222823599999999900e+00
9.999665656183455154e-01 3.234919905687862977e-03 7.510188989295421731e-03 -5.050110000000000016e-02 -3.296969417208125541e-03 9.999604139146150983e-01 8.264417485436284516e-03 -5.565439999999999970e-02 -7.483156961680282639e-03 -8.288902033163084160e-03 9.999376462884930206e-01 4.285486200000000245e+00
9.999366103170727049e-01 2.782072796851180543e-03 1.091033540069527921e-02 -5.011650000000000132e-02 -2.840617539599285535e-03 9.999816317148387812e-01 5.354168929188100022e-03 -5.650720000000000048e-02 -1.089523930881579339e-02 -5.384821620219464901e-03 9.999261460010544500e-01 4.347097400000000000e+00
9.998970058256148041e-01 1.299294312022645451e-03 1.429299042401657380e-02 -4.948410000000000308e-02 -1.324637244006804382e-03 9.999975672085973377e-01 1.763778063863018523e-03 -5.725829999999999809e-02 -1.429066398534630661e-02 -1.782529432441417238e-03 9.998962943784122093e-01 4.408983700000000283e+00
9.997697367768260124e-01 8.377912160519524268e-04 2.144228371872580405e-02 -4.775669999999999915e-02 -8.941075320598229539e-04 9.999961760337475747e-01 2.616961903269948968e-03 -5.971739999999999687e-02 -2.144000925646118508e-02 -2.635531020564654565e-03 9.997666627665289241e-01 4.532505999999999702e+00
9.996819501406181141e-01 1.787780911136229714e-03 2.515556404584260233e-02 -4.658930000000000016e-02 -1.864724415645920572e-03 9.999936540026128640e-01 3.035581881024050025e-03 -6.073280000000000345e-02 -2.514997745335781007e-02 -3.081524609099275339e-03 9.996789398802893301e-01 4.593945999999999863e+00
9.995815294521672723e-01 1.282225824892936194e-03 2.889847530580149856e-02 -4.509019999999999695e-02 -1.313502272559754526e-03 9.999985720194929373e-01 1.063330031067606088e-03 -6.175660000000000177e-02 -2.889707061011586101e-02 -1.100843271754660445e-03 9.995817862757628847e-01 4.654766099999999796e+00
9.994761966101689543e-01 8.777044621446073976e-04 3.235061119280554370e-02 -4.340959999999999958e-02 -8.364707372884712345e-04 9.999988205563115073e-01 -1.288100419880201493e-03 -6.283800000000000496e-02 -3.235170360856757382e-02 1.260365368917646485e-03 9.994757519583755689e-01 4.715660100000000021e+00
9.993799150625652938e-01 7.297220759174055313e-04 3.520302366603884209e-02 -4.101679999999999909e-02 -6.788591539223331854e-04 9.999987084757249178e-01 -1.456776280463598213e-03 -6.410399999999999432e-02 -3.520404124229074144e-02 1.431975060573435635e-03 9.993791197176560281e-01 4.776816400000000407e+00
9.991674987658509810e-01 -9.375926727036474565e-04 4.078517291827172403e-02 -3.646089999999999748e-02 8.904264199945527425e-04 9.999989137199907230e-01 1.174606159215762233e-03 -6.619540000000000146e-02 -4.078622991628189781e-02 -1.137312102628100377e-03 9.991672482474580619e-01 4.898698300000000394e+00
9.990647582322618181e-01 -1.738240166791462640e-03 4.320402040823034806e-02 -3.377600000000000047e-02 1.612972527090352761e-03 9.999943945708883453e-01 2.934134698549404219e-03 -6.702769999999999562e-02 -4.320887846194440551e-02 -2.861703675248824467e-03 9.990619617792161344e-01 4.959330600000000366e+00
9.988357127543973091e-01 -4.126493399083734116e-03 4.806444609732336143e-02 -2.844409999999999994e-02 4.066719100772798849e-03 9.999908312445964231e-01 1.341350996789134357e-03 -6.856220000000000370e-02 -4.806954048220759418e-02 -1.144324677919646800e-03 9.988433359635838782e-01 5.080572100000000368e+00
9.986211381982870172e-01 -5.036372450643558825e-03 5.225377781649997999e-02 -2.245269999999999905e-02 5.298430421950367682e-03 9.999740665800989081e-01 -4.877786621391509703e-03 -7.062780000000000447e-02 -5.222785634717834469e-02 5.147923833787145659e-03 9.986219254059967021e-01 5.201623399999999897e+00
9.985060057293703162e-01 -4.971990451707035408e-03 5.441540069986592482e-02 -1.627670000000000158e-02 5.268144049010778721e-03 9.999720759683681237e-01 -5.300371854048047462e-03 -7.291989999999999583e-02 -5.438752780424669503e-02 5.579121298237427196e-03 9.985043165779915464e-01 5.323488199999999892e+00
9.989796121624320291e-01 -4.291474517161652028e-03 4.495906727530447899e-02 -2.818300000000000145e-03 4.348718522883042101e-03 9.999898533514319787e-01 -1.175517498879000448e-03 -7.811659999999999437e-02 -4.495356638805797500e-02 1.369832343751957318e-03 9.989881382821040878e-01 5.631636099999999701e+00
9.993067049504600341e-01 -2.923288872955189920e-03 3.711554692065701516e-02 1.886899999999999949e-03 2.963289817278366971e-03 9.999950864097424397e-01 -1.022775552449269130e-03 -8.034919999999999563e-02 -3.711237468167525450e-02 1.132050589474666025e-03 9.993104573189204309e-01 5.756344300000000302e+00
9.999871345522425292e-01 1.034621561177340816e-03 4.965912627137182740e-03 8.135899999999999729e-03 -1.037771738027299480e-03 9.999992619130507743e-01 6.318252712310405868e-04 -8.770409999999999318e-02 -4.965255261813368744e-03 -6.369706262939775574e-04 9.999874701758049156e-01 6.198903999999999748e+00
9.999784520884843486e-01 6.376532084786907389e-03 -1.560511868144120497e-03 6.478300000000000204e-03 -6.376199236942031029e-03 9.999796480341018867e-01 2.181762697566489231e-04 -9.084040000000000170e-02 1.561871316644038513e-03 -2.082214339307938283e-04 9.999987586001418682e-01 6.389998399999999634e+00
9.999610674803225407e-01 8.412663485011845702e-03 -2.662821192195203007e-03 5.961100000000000426e-03 -8.411172572049230647e-03 9.999644626618506837e-01 5.706043806989632939e-04 -9.210000000000000131e-02 2.667526865255959254e-03 -5.481847170566200899e-04 9.999962918900944242e-01 6.454184999999999839e+00
9.999399892970417536e-01 9.962192088978832905e-03 -4.557689482000514339e-03 5.270300000000000332e-03 -9.953900607145009516e-03 9.999487689262210877e-01 1.838310539059880185e-03 -9.401420000000000610e-02 4.575769589383708869e-03 -1.792833432650112104e-03 9.999879239675585341e-01 6.583127499999999799e+00
9.998924648007910809e-01 1.309974001235988429e-02 -6.592089669243914388e-03 3.011499999999999854e-03 -1.305621443290096335e-02 9.998929622522282346e-01 6.602976839747915286e-03 -9.617090000000000360e-02 6.677881346720940248e-03 -6.516199051035521592e-03 9.999564715779614144e-01 6.775814500000000073e+00
9.998906727052208065e-01 1.294232104973574125e-02 -7.151151162331337297e-03 2.380199999999999851e-03 -1.290649355890789891e-02 9.999040376818830733e-01 5.033671769321161442e-03 -9.666399999999999992e-02 7.215612317386141394e-03 -4.940825165188408342e-03 9.999617608616702125e-01 6.840025899999999659e+00
9.999304253854278679e-01 7.820459581578205824e-03 -8.830900319337585055e-03 1.300299999999999893e-03 -7.748341201197240027e-03 9.999365929857888524e-01 8.171488028663305425e-03 -9.807119999999999727e-02 8.894245170165052464e-03 -8.102494671745241045e-03 9.999276183719235656e-01 6.970099000000000267e+00
9.999544767560930580e-01 2.940254958496850684e-03 -9.077406910952070390e-03 -4.226000000000000264e-04 -2.842395750553440310e-03 9.999379117282078955e-01 1.077466820964441060e-02 -9.886570000000000080e-02 9.108523582074180835e-03 -1.074837612896575173e-02 9.999007486789601717e-01 7.099610799999999777e+00
9.999549651476196122e-01 -3.548818129120647792e-03 -8.801906981411597788e-03 -1.649499999999999925e-03 3.617846115506554924e-03 9.999627306785480174e-01 7.838905751844680442e-03 -9.963980000000000059e-02 8.773760089466302661e-03 -7.870396672863072540e-03 9.999305365824689984e-01 7.229976200000000297e+00
9.999488698661562758e-01 -5.175758777503774825e-03 -8.687299607701884363e-03 -2.370000000000000145e-03 5.241233603150896071e-03 9.999579052970812842e-01 7.531075898614233294e-03 -1.002162000000000053e-01 8.647954886219430537e-03 -7.576223000320077283e-03 9.999339046763717764e-01 7.295002499999999834e+00
9.999538835614877330e-01 -5.143334241856195067e-03 -8.110293655292977189e-03 -3.321100000000000007e-03 5.207266284080135609e-03 9.999553820683004801e-01 7.881513210403654282e-03 -1.006771000000000055e-01 8.069394533991892937e-03 -7.923382201789499688e-03 9.999360503983937276e-01 7.360015899999999611e+00
9.999722995222452004e-01 -2.776882673634860181e-03 -6.905730287962893663e-03 -4.731199999999999642e-03 2.856584329625828922e-03 9.999291188730625723e-01 1.155842358232577263e-02 -1.020984000000000058e-01 6.873144415837464591e-03 -1.157783020939566823e-02 9.999093527582795238e-01 7.488751899999999573e+00
9.999804883593221838e-01 -2.025034730669884615e-03 -5.909495324572229188e-03 -6.034799999999999887e-03 2.072112555936282772e-03 9.999660821658687970e-01 7.971252561448986113e-03 -1.032234999999999958e-01 5.893152824006136353e-03 -7.983342168694548824e-03 9.999507672868751529e-01 7.618667099999999692e+00
9.999826566254621518e-01 -3.275364103586271298e-03 -4.894735771403230240e-03 -7.221899999999999847e-03 3.281805700069470328e-03 9.999937586738957274e-01 1.308573498631689265e-03 -1.045380000000000059e-01 4.890419167096763525e-03 -1.324614375306317274e-03 9.999871645161885203e-01 7.746976400000000318e+00
9.999835296054898626e-01 -3.949976890947241338e-03 -4.163916462587076428e-03 -8.147500000000000228e-03 3.937581744016499345e-03 9.999878050459403145e-01 -2.980806839013444131e-03 -1.071768000000000026e-01 4.175639801947588284e-03 2.964361982502154279e-03 9.999868882091810240e-01 7.875060600000000299e+00
9.999831385674269324e-01 -3.663034904327135220e-03 -4.506079906963639248e-03 -9.099599999999999356e-03 3.652929351074314223e-03 9.999907993746095514e-01 -2.248838207942380728e-03 -1.096782000000000035e-01 4.514276021060312574e-03 2.232339897758135912e-03 9.999873189048882338e-01 8.002858200000000366e+00
9.999841992445827055e-01 -2.347360807483844271e-03 -5.107950509763909894e-03 -1.001310000000000047e-02 2.344620554368006746e-03 9.999971042794397746e-01 -5.423902572107969482e-04 -1.121352999999999933e-01 5.109208904198735482e-03 5.304054812791149376e-04 9.999868072401748575e-01 8.129810300000000822e+00
9.999774311906814983e-01 -2.004731564709925137e-03 -6.412344394943200916e-03 -1.118829999999999998e-02 2.002045883877320766e-03 9.999979054973497927e-01 -4.252213450948762728e-04 -1.147497999999999990e-01 6.413183418923371938e-03 4.123739406535207913e-04 9.999793502998790551e-01 8.256187399999999954e+00
9.999736185453905746e-01 -1.888418384746771549e-03 -7.013992389632498284e-03 -1.200120000000000006e-02 1.893156638237475462e-03 9.999979842198082336e-01 6.689650687521044763e-04 -1.157307999999999948e-01 7.012714965030988901e-03 -6.822260067334877604e-04 9.999751778901788679e-01 8.319999700000000331e+00
9.999663993872750511e-01 -6.822620735758338963e-04 -8.169125712818040008e-03 -1.353210000000000003e-02 6.821264648558943589e-04 9.999997671638001240e-01 -1.938637467135716555e-05 -1.178888000000000019e-01 8.169137037338035368e-03 1.381334643384173532e-05 9.999666319479149079e-01 8.446151699999999707e+00
9.999534414824510220e-01 -3.208394763084262491e-04 -9.644269253433659927e-03 -1.533600000000000067e-02 3.075530747351890807e-04 9.999990017482538462e-01 -1.379098836872651732e-03 -1.200156000000000001e-01 9.644702095373637596e-03 1.376068503412785889e-03 9.999525419523495051e-01 8.571372000000000213e+00
9.999389850925761714e-01 1.510344754362009923e-04 -1.104550952269123427e-02 -1.732150000000000009e-02 -1.893597998485986231e-04 9.999939657606696786e-01 -3.468801682819665048e-03 -1.225297000000000053e-01 1.104491896280069239e-02 3.470681609678559140e-03 9.999329798212824860e-01 8.697239899999999579e+00
9.999208944964754764e-01 4.434483905115969501e-04 -1.257012740163624374e-02 -1.907990000000000033e-02 -4.645333073187029758e-04 9.999984901067054954e-01 -1.674512799523266565e-03 -1.251494999999999969e-01 1.256936586207932881e-02 1.680219579200401339e-03 9.999195907191692489e-01 8.823217400000000765e+00
9.999002695495918802e-01 1.117304749259679427e-03 -1.407844397476930819e-02 -2.127139999999999934e-02 -1.132238904608550215e-03 9.999988047640968603e-01 -1.052855849855278492e-03 -1.275096000000000007e-01 1.407725078686628169e-02 1.068691010051743160e-03 9.999003394887956420e-01 8.949656499999999681e+00
9.998911767215854507e-01 1.683912264622246073e-03 -1.465602790008363118e-02 -2.259390000000000009e-02 -1.694795662243744460e-03 9.999982972363552491e-01 -7.302000090907510149e-04 -1.287676000000000098e-01 1.465477335158121147e-02 7.549595188426484575e-04 9.998923280304428118e-01 9.012623800000000074e+00
9.998814369140128777e-01 1.853834809392873205e-03 -1.528644534443505953e-02 -2.387420000000000167e-02 -1.878453476332866143e-03 9.999969616323901578e-01 -1.596288985488559208e-03 -1.300129999999999897e-01 1.528343964250750836e-02 1.624814600938338620e-03 9.998818812490835040e-01 9.076047900000000723e+00
9.998756050172424859e-01 2.878367667138235445e-03 -1.550772359103600069e-02 -2.553940000000000030e-02 -2.910649497342005215e-03 9.999936432826710409e-01 -2.059493567310250774e-03 -1.313066999999999984e-01 1.550169703312589096e-02 2.104374924518623985e-03 9.998776270100607766e-01 9.138860700000000392e+00
9.998624588800053559e-01 2.755353546374184927e-03 -1.635455133179256754e-02 -2.798530000000000115e-02 -2.799250515974225674e-03 9.999925394858428795e-01 -2.661798114781848464e-03 -1.339631000000000016e-01 1.634709512355552591e-02 2.707212494341988424e-03 9.998627123168120079e-01 9.264622700000000322e+00
9.998578586733826157e-01 -1.385535133586127642e-03 -1.680305750366755529e-02 -3.015659999999999868e-02 1.313162560477981831e-03 9.999898178816990502e-01 -4.317376172644877066e-03 -1.364621000000000028e-01 1.680886828932034310e-02 4.294697349052816263e-03 9.998494974352452047e-01 9.390222500000000139e+00
9.998517503040575960e-01 -1.716977184006935730e-03 -1.713269982408400366e-02 -3.301849999999999924e-02 1.782886570203018935e-03 9.999910667373644868e-01 3.832461473466871726e-03 -1.390049999999999897e-01 1.712596652426829485e-02 -3.862438972646398041e-03 9.998458795413381894e-01 9.515973100000000073e+00
9.998501730878479599e-01 -5.765346665794717071e-04 -1.730025965061892865e-02 -3.446599999999999664e-02 6.298186619676076617e-04 9.999950748753063667e-01 3.074663165880154279e-03 -1.399844000000000088e-01 1.729840179477972958e-02 -3.085098524976947858e-03 9.998456118133627335e-01 9.578672400000000309e+00
9.998427785529304668e-01 1.346322280832087676e-03 -1.768065586656092716e-02 -3.692689999999999861e-02 -1.381569128623486888e-03 9.999970825315371847e-01 -1.981462882993147157e-03 -1.419713999999999976e-01 1.767793659617701921e-02 2.005578402850424942e-03 9.998417215804566993e-01 9.702035000000000409e+00
9.998588904928026322e-01 4.037198952804845961e-04 -1.679393083074600182e-02 -4.241969999999999769e-02 -3.630524831688897646e-04 9.999969949133056257e-01 2.424532378134563234e-03 -1.468988999999999989e-01 1.679485919548572362e-02 -2.418093175275231894e-03 9.998560324016650958e-01 9.949059500000000611e+00
9.999036206815803407e-01 -7.526711568197059880e-04 -1.386300234421943868e-02 -4.501560000000000283e-02 7.576924077440246562e-04 9.999996492420680783e-01 3.569565184363144021e-04 -1.491404000000000063e-01 1.386272881078574014e-02 -3.674260068351147923e-04 9.999038402506753576e-01 1.007056240000000003e+01
9.999363625517700971e-01 -1.737600015753793838e-03 -1.114681985680698525e-02 -4.735700000000000326e-02 1.719544064852500040e-03 9.999971944185885864e-01 -1.629209366679150537e-03 -1.517052999999999874e-01 1.114961949771760621e-02 1.609938240025670340e-03 9.999365450286930024e-01 1.019145579999999995e+01
9.999505298184631075e-01 -1.502809918794716223e-03 -9.832572304483469181e-03 -4.841070000000000095e-02 1.493552755634847866e-03 9.999984345813324182e-01 -9.487544734219808748e-04 -1.528351000000000015e-01 9.833982710024393240e-03 9.340220729056065291e-04 9.999512090031325018e-01 1.025163749999999929e+01
9.999713114133303993e-01 -1.013208798682199187e-03 -7.506647602922858313e-03 -4.952960000000000002e-02 1.023576085661617122e-03 9.999985275740312929e-01 1.377367694614077846e-03 -1.552243000000000095e-01 7.505240988872786435e-03 -1.385011804851435943e-03 9.999708761258996326e-01 1.036943529999999924e+01
9.999849644834890583e-01 -6.680208319266798525e-04 -5.442844396385330442e-03 -5.080980000000000218e-02 6.755737946521825485e-04 9.999988113479592045e-01 1.385966347649732113e-03 -1.573250999999999955e-01 5.441912072344650374e-03 -1.389622551972395821e-03 9.999842271466885535e-01 1.048732090000000028e+01
9.999936596729482874e-01 -7.469243475742037321e-04 -3.481769366672337034e-03 -5.189160000000000300e-02 7.522728634665491396e-04 9.999985387873819853e-01 1.535092388025854340e-03 -1.596362000000000059e-01 3.480617681186612845e-03 -1.537701895649456552e-03 9.999927603605126558e-01 1.060378930000000075e+01
9.999965837979537531e-01 -1.785370566681676509e-03 -1.909147548428153946e-03 -5.295869999999999744e-02 1.787825781273022236e-03 9.999975761029111787e-01 1.285094268272973577e-03 -1.615786999999999918e-01 1.906848551368983073e-03 -1.288503101338638523e-03 9.999973518406736206e-01 1.071821399999999969e+01
9.999949120599421759e-01 -2.426648318341090467e-03 -2.070563248851217501e-03 -5.372140000000000248e-02 2.433738136124859175e-03 9.999911611842482451e-01 3.428479555664133097e-03 -1.641547999999999896e-01 2.062225233375939229e-03 -3.433501320507652364e-03 9.999919791157171334e-01 1.082987589999999933e+01
9.999940699801115329e-01 -1.600100590066525288e-03 -3.049538114805120780e-03 -5.459180000000000282e-02 1.607492238842967401e-03 9.999957726303507766e-01 2.422950707286833372e-03 -1.664679000000000020e-01 3.045648258423818127e-03 -2.427838447992555250e-03 9.999924147848104905e-01 1.093753910000000040e+01
9.999923122633508354e-01 -1.428893355119318156e-03 -3.651530908638819187e-03 -5.491730000000000222e-02 1.434700412156290558e-03 9.999977096517772557e-01 1.588183215886152227e-03 -1.675081999999999960e-01 3.649253200917600571e-03 -1.593409859251463442e-03 9.999920719666210989e-01 1.099090960000000017e+01
9.999892112000019484e-01 -1.561913243428729274e-03 -4.374689773915152631e-03 -5.535419999999999924e-02 1.568077394707723723e-03 9.999977821835218661e-01 1.405973442780964920e-03 -1.685848000000000069e-01 4.372484063115896456e-03 -1.412818126158023628e-03 9.999894426083008048e-01 1.104358009999999979e+01
9.999824674365177524e-01 -1.885310194897283926e-03 -5.613414739951341249e-03 -5.582609999999999656e-02 1.893871860828718733e-03 9.999970509786769712e-01 1.520290539381531072e-03 -1.697440000000000060e-01 5.610531966618475565e-03 -1.530894973010292872e-03 9.999830890028256203e-01 1.109532740000000040e+01
9.999697788650802055e-01 -2.623773410461565161e-03 -7.318276410009127639e-03 -5.623390000000000333e-02 2.638984006112359351e-03 9.999943763306516908e-01 2.069558041355922581e-03 -1.705212000000000117e-01 7.312805203082081013e-03 -2.088808311361453705e-03 9.999710794617513443e-01 1.114699079999999931e+01
9.999527611386422876e-01 -3.600072067497510787e-03 -9.028564244344896086e-03 -5.702100000000000224e-02 3.633430009053076424e-03 9.999866239959990244e-01 3.681034562977165015e-03 -1.714810999999999974e-01 9.015191488523774041e-03 -3.713665331359858063e-03 9.999524663763933452e-01 1.119769759999999970e+01
9.998606199498450975e-01 -2.943163345222287331e-03 -1.643406410584311722e-02 -5.955839999999999745e-02 3.027808379875766582e-03 9.999822674246933163e-01 5.128080789542951989e-03 -1.743434000000000095e-01 1.641867990815264189e-02 -5.177125234400394363e-03 9.998518011807455697e-01 1.134487629999999925e+01
9.996789967927580678e-01 -2.239028781652640295e-03 -2.523668206281843088e-02 -6.314250000000000418e-02 2.378982811510932643e-03 9.999819514118976072e-01 5.517000202621071166e-03 -1.769438999999999873e-01 2.522387385409675595e-02 -5.575266860708686344e-03 9.996662806092964093e-01 1.148321340000000035e+01
9.996002511296432358e-01 -2.279528202416151832e-03 -2.818051973843959182e-02 -6.467509999999999926e-02 2.419187655351724003e-03 9.999849567398390038e-01 4.922786315744469808e-03 -1.777226000000000083e-01 2.816887418130848905e-02 -4.988992402948371103e-03 9.995907284894958167e-01 1.152700420000000037e+01
9.994967231783092876e-01 -2.561909234244174206e-03 -3.161861756778215626e-02 -6.608160000000000422e-02 2.703015007779882659e-03 9.999865749980427765e-01 4.420806889183026903e-03 -1.785902000000000045e-01 3.160686738178720978e-02 -4.504047597353498869e-03 9.994902298119531237e-01 1.156959819999999972e+01
9.992868798922147633e-01 -1.103178601383994050e-03 -3.774274330590694781e-02 -6.954780000000000684e-02 1.228002349325395606e-03 9.999938529928350528e-01 3.284202608586157552e-03 -1.801081999999999961e-01 3.773888823895302225e-02 -3.328208755117573105e-03 9.992820919745185604e-01 1.165185740000000081e+01
9.991928644088539091e-01 8.331971576828731997e-04 -4.016124371737183479e-02 -7.136869999999999326e-02 -7.080898452827713661e-04 9.999948531901744486e-01 3.129249419989455286e-03 -1.807700999999999891e-01 4.016364429681048426e-02 -3.098285922558810697e-03 9.991883117316481266e-01 1.169168280000000060e+01
9.991589126017726974e-01 1.593582058951851718e-03 -4.097472226464258377e-02 -7.320190000000000030e-02 -1.442974163055057817e-03 9.999920955841578030e-01 3.704941938728687455e-03 -1.815541999999999989e-01 4.098030251240180472e-02 -3.642700293186623001e-03 9.991533143319728527e-01 1.173045639999999956e+01
9.992020609102292283e-01 1.590823184735162170e-03 -3.990878041666320181e-02 -7.825169999999999348e-02 -1.390972652252152547e-03 9.999863571403695417e-01 5.034950666488904707e-03 -1.837260000000000004e-01 3.991624566302819782e-02 -4.975421060392730584e-03 9.991906417283142883e-01 1.184165860000000059e+01
9.992530023842060016e-01 1.996939619457599891e-03 -3.859338619901401396e-02 -8.149420000000000275e-02 -1.957921121754819822e-03 9.999975332952333318e-01 1.048784215083975891e-03 -1.850576999999999916e-01 3.859538535927568154e-02 -9.724379697767351937e-04 9.992544473723216081e-01 1.191326710000000055e+01
9.993019065952475355e-01 1.883694721830549753e-03 -3.731154203859994578e-02 -8.296829999999999483e-02 -1.901644488597193164e-03 9.999980925948760424e-01 -4.455949379613983324e-04 -1.857370999999999883e-01 3.731063150554075891e-02 5.162371593527824995e-04 9.993035826393564802e-01 1.194899750000000083e+01
9.994074498480736146e-01 1.848096717137110356e-03 -3.437053573475620100e-02 -8.574669999999999515e-02 -1.886149399206508937e-03 9.999976436841280236e-01 -1.074740264191362390e-03 -1.870416000000000023e-01 3.436846852296328997e-02 1.138931392011050718e-03 9.994085807149497569e-01 1.201935390000000048e+01
9.995301002908889565e-01 1.498204496367336932e-03 -3.061591082709221728e-02 -8.809430000000000038e-02 -1.535038674911756110e-03 9.999981260542403216e-01 -1.179637348551723815e-03 -1.886577000000000115e-01 3.061408611655626333e-02 1.226079644492018925e-03 9.995305270275407494e-01 1.208887960000000028e+01
9.996722391729048196e-01 1.480253032896135636e-03 -2.555822916379552751e-02 -9.031580000000000163e-02 -1.505102077918712413e-03 9.999984131875384596e-01 -9.530425699100663782e-04 -1.901767000000000041e-01 2.555677786352440750e-02 9.911979437114469636e-04 9.996728808124539789e-01 1.215832039999999914e+01
9.998062384015676818e-01 -4.448621760295960888e-04 -1.967962781538028921e-02 -9.167250000000000398e-02 4.430948579466307820e-04 9.999998973999681962e-01 -9.416474871422346102e-05 -1.915343999999999935e-01 1.967966768658487020e-02 8.542656131069812210e-05 9.998063329375584951e-01 1.222612379999999987e+01
