9.999999933740399971e-01 -8.140157885968186968e-05 8.139842053969351826e-05 -1.989999999999999921e-05 8.139842053969351826e-05 9.999999959343000011e-01 3.880331283684137345e-05 1.789000000000000117e-04 -8.140157885968186968e-05 -3.879668687686581606e-05 9.999999959343000011e-01 -1.379999999999999933e-04
9.999992791724181540e-01 -7.826872848503539258e-04 9.105247159327996016e-04 4.479999999999999797e-05 7.825124496450441445e-04 9.999996753366101609e-01 1.923562852218950383e-04 -1.258100000000000060e-03 -9.106749751373629902e-04 -1.916436496402521776e-04 9.999995669718068081e-01 7.528890000000000582e-02
9.999962287712008679e-01 -6.550989639116144890e-04 2.667074937728270648e-03 -4.526999999999999991e-04 6.540998307123798523e-04 9.999997155868174392e-01 3.754726297362787069e-04 -3.695200000000000047e-03 -2.667320150907717246e-03 -3.737266804778188473e-04 9.999963728592123902e-01 2.256478000000000095e-01
9.999935689257666294e-01 -2.027925935457152687e-04 3.580639924922266425e-03 -4.328000000000000033e-04 2.044067279186254625e-04 9.999998776632080810e-01 -4.504347437558845618e-04 -4.958999999999999866e-03 -3.580548142048355954e-03 4.511637538675183001e-04 9.999934880419319994e-01 3.005071999999999743e-01
9.999913896573296990e-01 4.017550643461577473e-05 4.149577946152126044e-03 -2.181999999999999912e-04 -3.742432167607198212e-05 9.999997794627832892e-01 -6.630790336484001591e-04 -6.280499999999999625e-03 -4.149603670551738240e-03 6.629180291708262071e-04 9.999911706255529831e-01 3.756630000000000247e-01
9.999890121195844639e-01 -3.737176911349479646e-04 4.672897942916392176e-03 -6.378999999999999471e-04 3.714802586258958601e-04 9.999998159598910696e-01 4.796692626390128104e-04 -7.019000000000000065e-03 -4.673076343805087664e-03 -4.779281027541489079e-04 9.999889669102421941e-01 4.498327999999999771e-01
9.999931864034146134e-01 -1.530718346752992128e-03 3.359173721106173491e-03 -6.832999999999999664e-04 1.524475024507890471e-03 9.999971075089014727e-01 1.860362795310569525e-03 -9.055699999999999861e-03 -3.362011696188485586e-03 -1.855229143108170185e-03 9.999926274739135978e-01 5.240652999999999562e-01
9.999963157469181629e-01 -2.471960732374846575e-03 -1.121562627569105833e-03 -1.297900000000000052e-03 2.472834352140026049e-03 9.999966397310200428e-01 7.782139392935870674e-04 -1.157820000000000030e-02 1.119635144517678758e-03 -7.809845107500122457e-04 9.999990682397345010e-01 6.732584999999999820e-01
9.999950810278950275e-01 -2.137706192998400749e-03 -2.295241217382217643e-03 -1.955000000000000140e-03 2.139088460107224816e-03 9.999975321797170968e-01 5.999458604318683901e-04 -1.285509999999999951e-02 2.293953045158078716e-03 -6.048526333161811973e-04 9.999971859623998371e-01 7.477093999999999685e-01
9.999949308259404868e-01 -5.622172450381760032e-04 -3.134044382578363413e-03 -2.592199999999999799e-03 5.649812568342279205e-04 9.999994522154811438e-01 8.811157228577055738e-04 -1.428450000000000032e-02 3.133547287343104153e-03 -8.828819326629831592e-04 9.999947006864041699e-01 8.217179000000000011e-01
9.999925052405586046e-01 -6.329699894788619547e-04 -3.819530298853179850e-03 -2.836099999999999819e-03 6.346276090880247208e-04 9.999997049707783914e-01 4.327888099323223044e-04 -1.524700000000000014e-02 3.819255229651659367e-03 -4.352095456657033637e-04 9.999926119137791947e-01 8.964704999999999480e-01
9.999909250271623584e-01 -1.469552524159362453e-03 -3.998784652702491900e-03 -3.745399999999999858e-03 1.476039829466199455e-03 9.999975986901500358e-01 1.619851954781133122e-03 -1.710940000000000030e-02 3.996394592852605017e-03 -1.625739620085489860e-03 9.999906928571614673e-01 9.706900000000000528e-01
9.999891334587605041e-01 -1.595458503363246169e-03 -4.380351191537569001e-03 -4.457799999999999610e-03 1.602931705051705100e-03 9.999972650377944028e-01 1.703093326877852184e-03 -1.831800000000000095e-02 4.377621996712223983e-03 -1.710096223948157686e-03 9.999889559372936443e-01 1.044827200000000067e+00
9.999871124567085712e-01 -1.216824478128797219e-03 -4.928920640819000991e-03 -5.246400000000000022e-03 1.221167384044152598e-03 9.999988687628229567e-01 8.781931989466949329e-04 -1.971960000000000032e-02 4.927846458059724315e-03 -8.842009183189354594e-04 9.999874671804751536e-01 1.119610500000000064e+00
9.999841978870260828e-01 -1.391985926118526149e-03 -5.446682607112365154e-03 -6.016399999999999873e-03 1.392802916031355212e-03 9.999990193612245948e-01 1.462074764800219196e-04 -2.116919999999999913e-02 5.446473747134649573e-03 -1.537913215108443338e-04 9.999851560258038452e-01 1.193770400000000009e+00
9.999823038962241117e-01 -3.377074766455872819e-04 -5.939515810217467148e-03 -7.055099999999999913e-03 3.426894452461759456e-04 9.999995903392698837e-01 8.377859133793521488e-04 -2.247390000000000151e-02 5.939230450464306685e-03 -8.398064972109213228e-04 9.999820099715311938e-01 1.268275899999999901e+00
9.999758118759637382e-01 -1.164418145536099411e-03 -6.857098029753730568e-03 -7.893999999999999975e-03 1.170767356447403569e-03 9.999988896172404829e-01 9.219913683120204654e-04 -2.408120000000000052e-02 6.856016832271007687e-03 -9.299971336036386843e-04 9.999760647828163096e-01 1.342296600000000062e+00
9.999614704328125825e-01 -3.294502210516274811e-04 -8.772064317996652871e-03 -9.344999999999999141e-03 3.373432661205124391e-04 9.999995396022309802e-01 8.983289190923545190e-04 -2.643030000000000032e-02 8.771764324696840198e-03 -9.012535036955622277e-04 9.999611211905961028e-01 1.491597300000000015e+00
9.999430502835850998e-01 -2.081731529931164348e-03 -1.046721469144211263e-02 -1.123599999999999946e-02 2.117402624829448163e-03 9.999919851992630226e-01 3.397961647977172043e-03 -2.972839999999999858e-02 1.046005715490200098e-02 -3.419931442887243992e-03 9.999394438030945187e-01 1.639954799999999935e+00
9.999380250401854742e-01 -2.284206653802303092e-03 -1.089625984896982688e-02 -1.274400000000000012e-02 2.307319361589733799e-03 9.999951140584523168e-01 2.109060593400121416e-03 -3.041759999999999950e-02 1.089138908024039898e-02 -2.134071035773039884e-03 9.999384097956819373e-01 1.714131700000000036e+00
9.999257431043159228e-01 -2.808340088079589944e-03 -1.185839378800234052e-02 -1.396889999999999937e-02 2.821954294684649728e-03 9.999953781431298871e-01 1.131488549391806509e-03 -3.165180000000000077e-02 1.185516137555108103e-02 -1.164868373842741596e-03 9.999290465980229525e-01 1.788503799999999977e+00
9.999184042578137532e-01 -2.225062619117620325e-03 -1.257910659976493525e-02 -1.533230000000000010e-02 2.240445513544856142e-03 9.999967594374900015e-01 1.208932760576209020e-03 -3.306880000000000236e-02 1.257637588528909278e-02 -1.237016919756202260e-03 9.999201490912822399e-01 1.861874500000000099e+00
9.999097694349832199e-01 -2.695637888416660844e-03 -1.316003513874818530e-02 -1.654790000000000080e-02 2.722237294238327460e-03 9.999942872258630322e-01 2.003731457013224488e-03 -3.439230000000000065e-02 1.315455862400606753e-02 -2.039375397639903598e-03 9.999113953423047763e-01 1.935866099999999923e+00
9.998996531419989120e-01 -3.333185311729251147e-03 -1.376857008508775709e-02 -1.775979999999999920e-02 3.365442214439742178e-03 9.999916449975969623e-01 2.320287417818182266e-03 -3.582679999999999892e-02 1.376072110071154680e-02 -2.366391911262971572e-03 9.999025166205507409e-01 2.009608500000000131e+00
9.998784234754550804e-01 -4.490900388894373228e-03 -1.493218275858313425e-02 -2.008189999999999975e-02 4.529617519978114924e-03 9.999864642476636867e-01 2.560055971830510913e-03 -3.874120000000000341e-02 1.492048368389598846e-02 -2.627381805757608452e-03 9.998852314298304345e-01 2.155999899999999858e+00
9.998756900449612406e-01 -4.968236612256897097e-03 -1.496399285208806218e-02 -2.142439999999999969e-02 5.014240732123117009e-03 9.999828126922823968e-01 3.038372905355904083e-03 -3.975879999999999692e-02 1.494864030582815015e-02 -3.113028267830787385e-03 9.998834168081850438e-01 2.229711299999999952e+00
9.998777375696265013e-01 -4.815240382636655145e-03 -1.487694097261320347e-02 -2.277360000000000148e-02 4.880440224584805392e-03 9.999786317030523453e-01 4.349418410040556057e-03 -4.096179999999999960e-02 1.485567958255181592e-02 -4.421492660716548270e-03 9.998798723780731867e-01 2.303545999999999871e+00
9.998848963013519109e-01 -4.044298020240554015e-03 -1.462319397253041345e-02 -2.405399999999999899e-02 4.120639256676470602e-03 9.999780200552714771e-01 5.194202388774386142e-03 -4.192780000000000118e-02 1.460186565309749135e-02 -5.253861424009114572e-03 9.998795839797841589e-01 2.377940199999999837e+00
9.998859373531457928e-01 -3.329573972822570498e-03 -1.473180982026195927e-02 -2.548129999999999840e-02 3.400214795692685713e-03 9.999828299043890256e-01 4.772675953052206259e-03 -4.286419999999999814e-02 1.471566589604482618e-02 -4.822222886718610137e-03 9.998800904826872227e-01 2.451030499999999890e+00
9.999054642819418248e-01 4.763033207977138291e-04 -1.374174786047387305e-02 -2.894149999999999848e-02 -3.836714591708244976e-04 9.999771937505842478e-01 6.742757219259124142e-03 -4.493409999999999765e-02 1.374464606039962379e-02 -6.736847471410525000e-03 9.998828429325213873e-01 2.597160800000000158e+00
9.999265189740017545e-01 8.002945135179890960e-04 -1.209612256993969868e-02 -2.993840000000000043e-02 -6.856615311806249372e-04 9.999548475313594365e-01 9.478014918776533904e-03 -4.530549999999999855e-02 1.210316160348322463e-02 -9.469024618593221282e-03 9.998819185543723620e-01 2.671086499999999919e+00
9.999595830456566858e-01 1.592719669326822084e-03 -8.848475530355379148e-03 -3.207440000000000291e-02 -1.453555499509493268e-03 9.998755070047384841e-01 1.571170482241907376e-02 -4.639800000000000174e-02 8.872398298442430581e-03 -1.569820805289318458e-02 9.998374101884575094e-01 2.817427599999999810e+00
9.999817420854612005e-01 -1.319818193897769314e-03 -5.896912383722145018e-03 -3.315010000000000179e-02 1.410488312597800182e-03 9.998804449955441820e-01 1.539825438913832410e-02 -4.675519999999999676e-02 5.875884482038781775e-03 -1.540629077512329324e-02 9.998640508519676118e-01 2.964616499999999988e+00
9.999915413133135811e-01 7.469179043846774354e-04 -4.044677424422138054e-03 -3.470800000000000274e-02 -6.926467812619980157e-04 9.999099394964560128e-01 1.340272870090659582e-02 -4.714320000000000316e-02 4.054323896770939059e-03 -1.339981379862450334e-02 9.999019989218455029e-01 3.109963899999999892e+00
9.999923161774153524e-01 2.143429282266428085e-04 -3.914287066274380750e-03 -3.521250000000000074e-02 -1.636484354772259103e-04 9.999161723199658791e-01 1.294687422422278154e-02 -4.752689999999999693e-02 3.916734011603228635e-03 -1.294613417578381435e-02 9.999085242183831657e-01 3.183045599999999808e+00
9.999887540168551636e-01 -8.417499118418826339e-04 -4.667257964103655593e-03 -3.582489999999999980e-02 8.970147008794025984e-04 9.999293657811778591e-01 1.185153209833405066e-02 -4.789829999999999782e-02 4.656952269884355108e-03 -1.185558541521043036e-02 9.999188756544296064e-01 3.256335500000000049e+00
9.999785540997925271e-01 -5.003057051847441912e-04 -6.530010313134875823e-03 -3.638140000000000124e-02 5.816674908534663927e-04 9.999221555725475996e-01 1.246372569017559911e-02 -4.842769999999999714e-02 6.523266315150139279e-03 -1.246725668907232298e-02 9.999010023533482228e-01 3.328926300000000005e+00
9.999675465303483612e-01 -5.440273901846036896e-04 -8.038029626364177893e-03 -3.718140000000000334e-02 6.535351568984996279e-04 9.999069295314686467e-01 1.362736829873571753e-02 -4.870300000000000323e-02 8.029867861570137710e-03 -1.363217917830522249e-02 9.998748346233023998e-01 3.401343100000000064e+00
9.999594749016368356e-01 -8.841179232932866797e-04 -8.959179088528385418e-03 -3.831470000000000015e-02 1.010615618931732336e-03 9.998997312418096417e-01 1.412466348723583065e-02 -4.931019999999999848e-02 8.945792894617223337e-03 -1.413314537017833911e-02 9.998601037102300415e-01 3.474049299999999896e+00
9.999526722949170221e-01 1.124721986729191974e-04 -9.728335944999316059e-03 -3.953179999999999888e-02 2.367542417120886483e-05 9.999020829985897363e-01 1.399370767722893545e-02 -4.970949999999999674e-02 9.728957278584911966e-03 -1.399327570963894950e-02 9.998547572648667225e-01 3.546545699999999801e+00
9.999444722083531412e-01 1.517857426285237638e-04 -1.053705181947132107e-02 -4.033889999999999698e-02 -5.008273032304234309e-06 9.999029967697870003e-01 1.392828150622014462e-02 -5.026189999999999825e-02 1.053814380595986984e-02 -1.392745532707420110e-02 9.998474751246998471e-01 3.618952800000000192e+00
9.999400044803641308e-01 -1.242941583247829168e-03 -1.088313080092116747e-02 -4.109190000000000065e-02 1.387361118085176986e-03 9.999109532586702986e-01 1.327255749527249395e-02 -5.070849999999999663e-02 1.086566467996095964e-02 -1.328686003380490088e-02 9.998526874902646799e-01 3.691638699999999940e+00
9.999342544195657378e-01 -2.145574665998655883e-03 -1.126425087344242598e-02 -4.208699999999999941e-02 2.286265924523088727e-03 9.999193571569066075e-01 1.249208433532781812e-02 -5.122709999999999764e-02 1.123653979255127833e-02 -1.251701610892958991e-02 9.998585222326302757e-01 3.763905999999999974e+00
9.999306096431428426e-01 -2.434806275246558915e-03 -1.152595406440155151e-02 -4.340929999999999789e-02 2.596182660607195079e-03 9.998985276415008894e-01 1.400693599441052949e-02 -5.191840000000000344e-02 1.149068032300251674e-02 -1.403588753021235529e-02 9.998354655276806557e-01 3.836143299999999812e+00
9.999277224157093746e-01 -2.070574241772926705e-03 -1.184325406471207175e-02 -4.452509999999999801e-02 2.252419799893075683e-03 9.998794653600519000e-01 1.536168468436426363e-02 -5.204020000000000173e-02 1.181001903372988666e-02 -1.538725035885516595e-02 9.998118602901331364e-01 3.908560800000000057e+00
9.999249440229203145e-01 -1.908734355594572923e-03 -1.210219211215343357e-02 -4.553820000000000090e-02 2.077494028866475658e-03 9.999005727619907358e-01 1.394735131854757393e-02 -5.260780000000000317e-02 1.207436703598660510e-02 -1.397144671831588095e-02 9.998294896317458935e-01 3.980084399999999967e+00
9.999260680963372172e-01 1.660792694800419258e-04 -1.215856731179181492e-02 -4.695089999999999680e-02 -1.231385405163925347e-05 9.999200404336126002e-01 1.264565489057130690e-02 -5.285290000000000127e-02 1.215969529914799445e-02 -1.264457025440883162e-02 9.998461164865887207e-01 4.051729700000000101e+00
9.999210822053786751e-01 2.568021443315535515e-03 -1.229774886273714979e-02 -4.820350000000000329e-02 -2.408175602879289272e-03 9.999126590368376810e-01 1.299519096229419246e-02 -5.322820000000000329e-02 1.233004669455790153e-02 -1.296455027170118415e-02 9.998399323815599926e-01 4.123431199999999741e+00
9.999187327763371380e-01 4.147034406077067768e-03 -1.205528716368205362e-02 -4.967900000000000094e-02 -3.984215707279367170e-03 9.999009495204354003e-01 1.349878414263421325e-02 -5.397090000000000221e-02 1.211007300398691568e-02 -1.344965626945081316e-02 9.998362130259493830e-01 4.194802799999999721e+00
9.999132792301318462e-01 5.642664716177424149e-03 -1.189934259298000736e-02 -5.098219999999999835e-02 -5.476424492621122415e-03 9.998875970734593110e-01 1.395714847094317070e-02 -5.420520000000000199e-02 1.197676058126408670e-02 -1.389077224506032014e-02 9.998317876785148828e-01 4.265985999999999834e+00
9.999194491118013062e-01 6.139501526156731365e-03 -1.110863668332108534e-02 -5.198400000000000243e-02 -5.975125740514133921e-03 9.998730602058927275e-01 1.477028594470060005e-02 -5.436930000000000235e-02 1.119790874836695468e-02 -1.470272068406027616e-02 9.998292038364100520e-01 4.337312200000000395e+00
9.999282919790969393e-01 8.304462848811157080e-03 -8.628255707764521942e-03 -5.338949999999999946e-02 -8.169545015230926174e-03 9.998456219127291877e-01 1.555605593303821879e-02 -5.462270000000000320e-02 8.756108382721818073e-03 -1.548445151564669872e-02 9.998417686450439268e-01 4.408701899999999618e+00
9.999568240705424271e-01 7.022629971843512633e-03 -6.085446822771144182e-03 -5.413300000000000056e-02 -6.940506099506336263e-03 9.998859570835134658e-01 1.341276266355823261e-02 -5.501969999999999777e-02 6.178945689753679443e-03 -1.336994747427197421e-02 9.998915266841189586e-01 4.479687199999999869e+00
9.999852473403740838e-01 4.080723945917267767e-03 -3.585079314058405714e-03 -5.459080000000000182e-02 -4.051177660145413584e-03 9.999580875768632193e-01 8.210423203974187914e-03 -5.536510000000000042e-02 3.618433525271787764e-03 -8.195778285168311625e-03 9.999598672732439297e-01 4.550068399999999791e+00
9.999851873708373029e-01 5.336310717113076744e-03 -1.071833402090201746e-03 -5.493930000000000341e-02 -5.327972206811419816e-03 9.999566402620554406e-01 7.637428100203586673e-03 -5.588010000000000199e-02 1.112542617097063771e-03 -7.631604271236712075e-03 9.999702599903520506e-01 4.620857199999999665e+00
9.999896339627100117e-01 4.346439415299577398e-03 1.356625052976208681e-03 -5.460450000000000026e-02 -4.361401088315252673e-03 9.999274559015915997e-01 1.122769409617623872e-02 -5.663560000000000122e-02 -1.307726145672315730e-03 -1.123349449546304397e-02 9.999360471818926621e-01 4.691796799999999656e+00
9.999791582264697665e-01 4.353127443096098913e-03 4.767954922711278506e-03 -5.481950000000000017e-02 -4.413846840328950437e-03 9.999083439796969675e-01 1.279928106770182247e-02 -5.742049999999999932e-02 -4.711801009270365562e-03 -1.282005933075490087e-02 9.999067181542510285e-01 4.761105099999999979e+00
9.999509621639338652e-01 4.594410835978655384e-03 8.772950273035188054e-03 -5.466229999999999700e-02 -4.689338887178306874e-03 9.999303494740853226e-01 1.083080336053976120e-02 -5.784489999999999771e-02 -8.722578072112829525e-03 -1.087141157825072951e-02 9.999028598029271464e-01 4.831358400000000053e+00
9.998735835728629340e-01 2.666934420056626346e-03 1.567495881845319683e-02 -5.287590000000000345e-02 -2.735282083681483522e-03 9.999868391092084918e-01 4.340488485952568101e-03 -5.948149999999999965e-02 -1.566317672388897742e-02 -4.382815210924704760e-03 9.998677191637618256e-01 4.969029899999999778e+00
9.998160669038818060e-01 2.127836489546643377e-03 1.906055279173223330e-02 -5.208379999999999954e-02 -2.192358575009030561e-03 9.999919356245772217e-01 3.364855077130536696e-03 -6.048889999999999822e-02 -1.905323921886359698e-02 -3.406023735275577179e-03 9.998126689923385602e-01 5.038557100000000233e+00
9.997400937060340054e-01 2.095046397390184275e-03 2.270144967271857384e-02 -5.073230000000000101e-02 -2.213059268833201653e-03 9.999841628296736173e-01 5.174597424847953223e-03 -6.165679999999999772e-02 -2.269024912430057939e-02 -5.223492168022656271e-03 9.997288971137363589e-01 5.107840099999999772e+00
9.996448175253788149e-01 2.953079413037660444e-03 2.648618728002187853e-02 -4.936940000000000078e-02 -3.100759492047181452e-03 9.999798665650879714e-01 5.536402716697932068e-03 -6.254490000000000050e-02 -2.646930458520923776e-02 -5.616563580097182727e-03 9.996338480305306806e-01 5.176806000000000019e+00
9.995356042696101895e-01 2.404776318768978190e-03 3.037750562903348758e-02 -4.755569999999999936e-02 -2.515444355641016129e-03 9.999903367621231220e-01 3.605401790269994675e-03 -6.358279999999999488e-02 -3.036854189912559579e-02 -3.680140382145259161e-03 9.995319946003172751e-01 5.245431400000000188e+00
9.994309486392026765e-01 2.045950486843513792e-03 3.366887269792027959e-02 -4.547289999999999666e-02 -2.093859290507875566e-03 9.999968449562243178e-01 1.387743084490478725e-03 -6.469370000000000676e-02 -3.366592721751371364e-02 -1.457451269299279723e-03 9.994320793232438493e-01 5.313602900000000240e+00
9.993272565898412285e-01 1.864254982394355619e-03 3.662729569572659161e-02 -4.282190000000000302e-02 -1.905510394693712625e-03 9.999975888470601371e-01 1.091480738144793910e-03 -6.588839999999999975e-02 -3.662517258331061953e-02 -1.160540144348619048e-03 9.993283994162359685e-01 5.382184500000000149e+00
9.990986553340649445e-01 4.980774974038093116e-04 4.244559845814054738e-02 -3.781550000000000189e-02 -6.508616782177260949e-04 9.999933592364455004e-01 3.585786118129179710e-03 -6.763230000000000630e-02 -4.244353058758131708e-02 -3.610180302383841217e-03 9.990923447356832021e-01 5.519796399999999714e+00
9.986386973636871556e-01 -4.235411198942081248e-03 5.198858932240613823e-02 -2.493520000000000111e-02 4.222908763992359871e-03 9.999910221155750012e-01 3.503281583169821477e-04 -7.109089999999999854e-02 -5.198960635866482077e-02 -1.303081861943021502e-04 9.986476174559510977e-01 5.793214800000000331e+00
9.985347229186730678e-01 -3.517782006171646207e-03 5.400029940181813592e-02 -2.151149999999999937e-02 3.666377811638889955e-03 9.999897597383907710e-01 -2.652940274097214442e-03 -7.183370000000000033e-02 -5.399041395906561958e-02 2.847038481064133059e-03 9.985373951797780201e-01 5.862264200000000258e+00
9.984387958143881026e-01 -3.628216093738587285e-03 5.573873931738935333e-02 -1.800449999999999967e-02 3.825261904518231088e-03 9.999868049759542687e-01 -3.428883979480709405e-03 -7.311529999999999418e-02 -5.572556311134586188e-02 3.636746067576648433e-03 9.984395002672737940e-01 5.930033199999999560e+00
9.987811447464972625e-01 -3.388405645288031492e-03 4.924168565412432447e-02 -2.095999999999999990e-04 3.321147405795040353e-03 9.999934371445128312e-01 1.447635248320325741e-03 -7.819249999999999812e-02 -4.924626766350515689e-02 -1.282331893925584866e-03 9.987858432847995793e-01 6.279054600000000264e+00
9.997896022764510837e-01 7.083463764539527248e-05 2.051209795096088292e-02 1.479789999999999925e-02 -1.507532859222606380e-04 9.999924044536536716e-01 3.894651261292396416e-03 -8.521810000000000496e-02 -2.051166627415938401e-02 -3.896924101700270128e-03 9.997820190067449042e-01 6.775544599999999917e+00
9.999887012411726728e-01 4.188875747410390413e-03 2.247378465102474725e-03 1.596399999999999902e-02 -4.195491321387301298e-03 9.999868561683237234e-01 2.947090627097527418e-03 -8.948459999999999748e-02 -2.235003929484947072e-03 -2.956486185477499602e-03 9.999931319498500670e-01 7.061313199999999846e+00
9.998856673339610035e-01 1.449877235033052679e-02 -4.293932981879257892e-03 1.177019999999999976e-02 -1.447064961199027479e-02 9.998741046395609455e-01 6.509621420897458537e-03 -9.560860000000000192e-02 4.387773914707230292e-03 -6.446741158887359623e-03 9.999695930219597573e-01 7.497280100000000225e+00
9.998809719195517198e-01 1.441429435681738057e-02 -5.501828006020010285e-03 1.025039999999999979e-02 -1.436294368446854562e-02 9.998539546605651473e-01 9.261490071549589864e-03 -9.659950000000000481e-02 5.634522333755415981e-03 -9.181365248352182928e-03 9.999419756617115018e-01 7.643504599999999982e+00
9.998796274798035233e-01 1.427818468893870055e-02 -6.071572517713425855e-03 9.677699999999999150e-03 -1.423316324948839529e-02 9.998713588524570373e-01 7.394782650921788610e-03 -9.687179999999999402e-02 6.176375536081778368e-03 -7.307474839472070417e-03 9.999542255507037902e-01 7.716138400000000175e+00
9.999268740071656225e-01 9.162165464920348640e-03 -7.893121198322331986e-03 8.956999999999999684e-03 -9.076434636808006912e-03 9.999001633977456782e-01 1.082966164961655584e-02 -9.836000000000000298e-02 7.991556327883600833e-03 -1.075722832121939199e-02 9.999102045015358931e-01 7.862757199999999891e+00
9.999602152753815920e-01 4.206305545556607295e-03 -7.866057466719570193e-03 6.610099999999999830e-03 -4.101829532782069743e-03 9.999037860599347960e-01 1.325117419295249697e-02 -9.850490000000000634e-02 7.921039129830871259e-03 -1.321838177181281111e-02 9.998812587114722650e-01 8.009324100000000612e+00
9.999661338440959391e-01 -2.655244570930961976e-03 -7.789790829036655727e-03 5.426499999999999900e-03 2.734639573362465225e-03 9.999442464371970374e-01 1.019930211093208680e-02 -9.910760000000000403e-02 7.762274878887109354e-03 -1.022025897004598394e-02 9.999176433063323710e-01 8.156608600000000209e+00
9.999555335354225472e-01 -5.172487390692480889e-03 -7.885196641908502613e-03 4.807800000000000094e-03 5.254454700445895278e-03 9.999320083955279825e-01 1.041005724703651832e-02 -1.000830000000000053e-01 7.830814624890557879e-03 -1.045102675715371167e-02 9.999147235549799007e-01 8.303106299999999607e+00
9.999651410862897549e-01 -4.273296054357165683e-03 -7.173252617066239872e-03 3.982199999999999976e-03 4.360866819198210703e-03 9.999156153350368115e-01 1.223703598669980026e-02 -1.004112000000000060e-01 7.120354826948461710e-03 -1.226789101624176266e-02 9.998993946378564868e-01 8.376689900000000577e+00
9.999769222623782206e-01 -1.549758808231677804e-03 -6.614619437117277671e-03 3.302699999999999993e-03 1.640946719447460705e-03 9.999033913948861541e-01 1.380272331350570862e-02 -1.008200999999999958e-01 6.592589515927408696e-03 -1.381325901594434614e-02 9.998828589584046744e-01 8.449493399999999710e+00
9.999807419915593965e-01 -1.877014625323494574e-03 -5.915442680522325046e-03 2.564700000000000053e-03 1.948496709432079137e-03 9.999248760364711774e-01 1.210147280379750973e-02 -1.011012000000000022e-01 5.892283647581454502e-03 -1.211276597412994441e-02 9.999092768315895885e-01 8.521968799999999788e+00
9.999847344262753346e-01 -1.363370983232580673e-03 -5.354636679883736407e-03 1.735999999999999913e-03 1.418181738895217059e-03 9.999465056927701045e-01 1.024570707049034420e-02 -1.016100000000000059e-01 5.340381537581471473e-03 -1.025314451185152693e-02 9.999331744434984959e-01 8.595026000000000721e+00
9.999861154661079388e-01 -2.563859192984743567e-03 -4.603857191776319913e-03 7.481000000000000236e-04 2.581313315285649161e-03 9.999894890946049442e-01 3.789264028710372708e-03 -1.031941999999999998e-01 4.594093661654270050e-03 -3.801095414416346286e-03 9.999822228305252914e-01 8.740399399999999375e+00
9.999898221009900778e-01 -2.605559651305770514e-03 -3.683307390612702154e-03 -4.165999999999999890e-04 2.603627024824130883e-03 9.999964704266909310e-01 -5.293963316031092409e-04 -1.056958000000000064e-01 3.684673763830421077e-03 5.198009847977762624e-04 9.999930764691276064e-01 8.883120500000000419e+00
9.999883109081508792e-01 -2.108532419059374208e-03 -4.351107686689580090e-03 -8.394000000000000202e-04 2.109855062169885883e-03 9.999977294298336705e-01 2.994107444622493420e-04 -1.083169999999999966e-01 4.350466489932963005e-03 -3.085874512013649855e-04 9.999904890623234621e-01 9.027945499999999512e+00
9.999874292993451430e-01 -1.458357080371165205e-03 -4.797336543677854608e-03 -2.360300000000000072e-03 1.467232558489998994e-03 9.999972177477373103e-01 1.847085651415067767e-03 -1.107561999999999991e-01 4.794629485839608900e-03 -1.854101240625178129e-03 9.999867868310475805e-01 9.171352399999999960e+00
9.999824867546514007e-01 -7.954738827695496169e-04 -5.864589097732878127e-03 -3.813599999999999889e-03 8.045185150002411804e-04 9.999984905013485914e-01 1.540047071805189516e-03 -1.126559000000000033e-01 5.863355177919687446e-03 -1.544738271094967148e-03 9.999816172559030658e-01 9.313946700000000689e+00
9.999728575056646696e-01 -5.036375605672907497e-04 -7.350551078883946557e-03 -5.108900000000000420e-03 5.267541505013180513e-04 9.999949211431853335e-01 3.143281390413219488e-03 -1.149169000000000024e-01 7.348930671915865007e-03 -3.147068007205159473e-03 9.999680440798782710e-01 9.455354699999999113e+00
9.999611019000025358e-01 3.883587886214394163e-04 -8.811575590332770824e-03 -6.721099999999999818e-03 -3.820336784420011933e-04 9.999996681920526598e-01 7.194901341012895730e-04 -1.169946000000000041e-01 8.811852086898865066e-03 -7.160958286664614392e-04 9.999609184710984700e-01 9.598110200000000702e+00
9.999583194372917427e-01 6.651984551510038918e-04 -9.105871686026421191e-03 -8.209100000000000424e-03 -6.587876901221065762e-04 9.999995330699832374e-01 7.070067854437760320e-04 -1.181977000000000028e-01 9.106337734043061516e-03 -7.009784808285346447e-04 9.999582907512907237e-01 9.669378299999999982e+00
9.999396620534416469e-01 8.634164373323907756e-04 -1.095110791220010697e-02 -9.783599999999999935e-03 -8.753571912471217647e-04 9.999990275856101007e-01 -1.085623149108901628e-03 -1.210178999999999977e-01 1.095015991831349740e-02 1.095143775900415993e-03 9.999394454955127243e-01 9.812199599999999577e+00
9.999333022749820055e-01 1.165763663386318750e-03 -1.149051767896067285e-02 -1.091130000000000051e-02 -1.175796904624016540e-03 9.999989333747090203e-01 -8.664589333788299185e-04 -1.222427999999999987e-01 1.148949533654356099e-02 8.799116576586016618e-04 9.999336064221394649e-01 9.883445699999999334e+00
9.999228082367574988e-01 1.431796504108409900e-03 -1.234210381934517514e-02 -1.199099999999999992e-02 -1.427348231196196460e-03 9.999989131778712625e-01 3.692155241534496421e-04 -1.234543000000000029e-01 1.234261904717037436e-02 -3.515705437003415813e-04 9.999237651707300056e-01 9.954933199999999260e+00
9.999141116153488218e-01 1.108762511052186579e-03 -1.305909790842516710e-02 -1.307490000000000041e-02 -1.098790046679457922e-03 9.999990992702013637e-01 7.707912943191324879e-04 -1.247035999999999978e-01 1.305994077019752286e-02 -7.563758854995700394e-04 9.999144292601236383e-01 1.002596860000000056e+01
9.998969486795963313e-01 2.037256125507394718e-03 -1.421061605672560915e-02 -1.416869999999999935e-02 -2.020238438670104303e-03 9.999972251021351788e-01 1.211785740288355518e-03 -1.259178999999999993e-01 1.421304534163966155e-02 -1.182952031372792737e-03 9.998982898108226269e-01 1.009711650000000027e+01
9.998893044337555658e-01 2.351148041768010444e-03 -1.469186788213156653e-02 -1.552150000000000057e-02 -2.329521410191456952e-03 9.999961781658799342e-01 1.488953872021364297e-03 -1.271662000000000070e-01 1.469531248323009340e-02 -1.454564030642259333e-03 9.998909600723975277e-01 1.016925239999999953e+01
9.998775371995904937e-01 2.692320263236911218e-03 -1.541629058112304468e-02 -1.689490000000000089e-02 -2.682715097758503996e-03 9.999961943383511853e-01 6.436990902440676079e-04 -1.282937000000000105e-01 1.541796495604130443e-02 -6.022627455574442335e-04 9.998809547322119462e-01 1.024000840000000068e+01
9.998682142714236942e-01 3.775286865041289994e-03 -1.578927796832360966e-02 -1.853029999999999955e-02 -3.775264759318945357e-03 9.999928731756841938e-01 3.120636256953490721e-05 -1.294711000000000056e-01 1.578928325388416834e-02 2.840645467259569090e-05 9.998753410937795127e-01 1.031125450000000043e+01
9.998621579601729703e-01 4.163541230468002091e-03 -1.607264768630896346e-02 -2.015480000000000049e-02 -4.157372029015268811e-03 9.999912710522423920e-01 4.172255181924987484e-04 -1.306800999999999935e-01 1.607424452465438386e-02 -3.503480310527253331e-04 9.998707396054845598e-01 1.038275909999999946e+01
9.998628934380937583e-01 2.573123159287983054e-03 -1.635766984660214779e-02 -2.309800000000000048e-02 -2.611495732188552979e-03 9.999938874034761671e-01 -2.324918433958661143e-03 -1.333962999999999954e-01 1.635158755730042879e-02 2.367317657378419787e-03 9.998635013797958493e-01 1.052482030000000002e+01
9.998603761657463007e-01 -5.745054366520843930e-04 -1.670024302804099317e-02 -2.440619999999999942e-02 5.406550404912675856e-04 9.999977905820887081e-01 -2.031384520034528688e-03 -1.349125999999999936e-01 1.670137317167561322e-02 2.022071819768458695e-03 9.998584776655825568e-01 1.059560390000000041e+01
9.998510695491638067e-01 -8.925793865032627785e-04 -1.723490711990999583e-02 -2.735999999999999890e-02 9.957418177191175359e-04 9.999816357511813747e-01 5.978014605541292700e-03 -1.373217999999999939e-01 1.722925476117815810e-02 -5.994285814874784207e-03 9.998335968139618890e-01 1.073795800000000078e+01
9.998530406361699763e-01 1.483073451674812252e-03 -1.707915758292252034e-02 -3.059140000000000123e-02 -1.445617353378630780e-03 9.999965235799938013e-01 2.205225248007381018e-03 -1.391953999999999969e-01 1.708236871961769238e-02 -2.180211242924870799e-03 9.998517086837743761e-01 1.087903309999999912e+01
9.998442850579652985e-01 1.707032301954911633e-03 -1.756393115582319253e-02 -3.212340000000000334e-02 -1.703234792463301879e-03 9.999985227753644956e-01 2.311673219621709040e-04 -1.403012999999999899e-01 1.756429982003713391e-02 -2.012158271190029853e-04 9.998457155401642149e-01 1.094902319999999918e+01
9.998503563312395315e-01 1.424492465617037407e-03 -1.724052683384800708e-02 -3.569039999999999713e-02 -1.394601040217901579e-03 9.999975038293765772e-01 1.745686957774234254e-03 -1.430499000000000076e-01 1.724297051647006793e-02 -1.721382070116976495e-03 9.998498471328266524e-01 1.108862590000000026e+01
9.998632502460090832e-01 1.059471358868084752e-03 -1.650328233795468960e-02 -3.875689999999999691e-02 -9.848534375044722643e-04 9.999892596423148872e-01 4.528870027004582542e-03 -1.451923999999999992e-01 1.650790329488105099e-02 -4.511997390801891945e-03 9.998535547810749602e-01 1.122923369999999998e+01
9.998840273962869007e-01 8.183509605116979797e-04 -1.520730283406224181e-02 -4.018120000000000025e-02 -7.556000206791926681e-04 9.999911792030578006e-01 4.131656409569584888e-03 -1.465453999999999923e-01 1.521054983852317827e-02 -4.119686612282226663e-03 9.998758259683181437e-01 1.129934790000000078e+01
9.999226212440467387e-01 -5.649887129081343192e-04 -1.242707979329783254e-02 -4.270349999999999840e-02 5.789889710092170497e-04 9.999992017942256339e-01 1.123023901365398022e-03 -1.487775000000000070e-01 1.242643537810238404e-02 -1.130132145315175529e-03 9.999221502222700453e-01 1.143702219999999947e+01
9.999523688063783888e-01 -7.827365755796676086e-04 -9.728691688299257248e-03 -4.517850000000000338e-02 7.928443823142058066e-04 9.999991499251528193e-01 1.035155426606783162e-03 -1.510214000000000001e-01 9.727873164169341044e-03 -1.042819459470564845e-03 9.999521393603180153e-01 1.157547089999999912e+01
9.999745864376932136e-01 -7.100843509161924123e-04 -7.093818363827211412e-03 -4.692799999999999749e-02 7.351042062299825144e-04 9.999935169438556315e-01 3.525009512714169686e-03 -1.536930999999999992e-01 7.091269320112671484e-03 -3.530134625382767150e-03 9.999686255322994821e-01 1.170979980000000076e+01
9.999854727481388705e-01 -5.364547070031722717e-04 -5.363441901293158204e-03 -4.795760000000000300e-02 5.535399505809793013e-04 9.999947761895067178e-01 3.184523075963464119e-03 -1.552145000000000052e-01 5.361705531295413510e-03 -3.187445692959668068e-03 9.999805459626452953e-01 1.184458260000000074e+01
9.999937821079573075e-01 -4.398495470910894684e-04 -3.498896654532210587e-03 -4.909569999999999906e-02 4.509479361302821151e-04 9.999948681141698215e-01 3.171811987327985936e-03 -1.573043000000000080e-01 3.497483578527963832e-03 -3.173370085568563530e-03 9.999888486032821877e-01 1.197799589999999981e+01
9.999965554499897769e-01 -1.667570860814383263e-03 -2.026893085378309988e-03 -5.013259999999999939e-02 1.673622602438196811e-03 9.999941362913843390e-01 2.987703170122884937e-03 -1.593476000000000059e-01 2.021898993520602431e-03 -2.991085132910314796e-03 9.999934826458558579e-01 1.210871320000000040e+01
9.999949567952146623e-01 -2.202636381215905634e-03 -2.287963528743611891e-03 -5.084360000000000268e-02 2.213744881903027730e-03 9.999857200292079362e-01 4.864059134561720711e-03 -1.617455999999999894e-01 2.277217103081076444e-03 -4.869099571667153716e-03 9.999855529714549718e-01 1.223613639999999947e+01
9.999941873289630578e-01 -1.874925169854184696e-03 -2.847799833930646576e-03 -5.168210000000000165e-02 1.888259009761232609e-03 9.999872345545907093e-01 4.686705215187875542e-03 -1.628113999999999950e-01 2.838976258925687314e-03 -4.692055356606628438e-03 9.999849623020996559e-01 1.229806609999999978e+01
9.999923050738526165e-01 -1.264434578886842802e-03 -3.713623335605771136e-03 -5.258940000000000142e-02 1.275157969794028139e-03 9.999950206431517108e-01 2.886634901547595593e-03 -1.650042999999999926e-01 3.709954883163844256e-03 -2.891348145498424688e-03 9.999889381091505713e-01 1.242022709999999996e+01
9.999481533406617828e-01 -3.789195940711813110e-03 -9.451593766302879979e-03 -5.489949999999999691e-02 3.835482588706291916e-03 9.999807179997892703e-01 4.883922802184519074e-03 -1.691269999999999996e-01 9.432905380213098961e-03 -4.919921010428939673e-03 9.999434057352141192e-01 1.265478129999999979e+01
9.999281784452646038e-01 -3.388410130857616095e-03 -1.149593962753774762e-02 -5.595250000000000223e-02 3.466227484377647911e-03 9.999711707314887787e-01 6.755958327450028306e-03 -1.703340999999999883e-01 1.147271625036705434e-02 -6.795320645914941851e-03 9.999110962476402964e-01 1.271111969999999936e+01
9.998967802421311335e-01 -3.267015281567543002e-03 -1.399126415193994652e-02 -5.692239999999999800e-02 3.362375604997670363e-03 9.999712430254474871e-01 6.797613730739498518e-03 -1.712214999999999987e-01 1.396865389757625392e-02 -6.843955967963686292e-03 9.998790111683505399e-01 1.276735500000000023e+01
9.997422969444942353e-01 -2.399827403572641227e-03 -2.257389041747019653e-02 -6.040020000000000111e-02 2.550625944490246804e-03 9.999746102994920838e-01 6.653800693612937564e-03 -1.735295000000000032e-01 2.255734929991075333e-02 -6.709663539410345642e-03 9.997230348490274698e-01 1.292944149999999937e+01
9.995819388048461374e-01 -2.209612021350917249e-03 -2.882820198798290851e-02 -6.335029999999999828e-02 2.373890327654288278e-03 9.999811329269744364e-01 5.665548057949516131e-03 -1.753589999999999871e-01 2.881513942109441978e-02 -5.731614502020145399e-03 9.995683249960171102e-01 1.303092670000000020e+01
9.993817376589074764e-01 -9.993665334350270660e-04 -3.514461125684267134e-02 -6.732209999999999583e-02 1.164293154672949417e-03 9.999884053275032159e-01 4.672647216209626850e-03 -1.770199000000000078e-01 3.513953407933469858e-02 -4.710676924712617689e-03 9.993713137105738609e-01 1.312676809999999961e+01
9.992688370834068579e-01 -7.433975094217860295e-04 -3.822615065787836330e-02 -6.930630000000000124e-02 8.939000425710887879e-04 9.999919163726089799e-01 3.920220931390547454e-03 -1.779598000000000013e-01 3.822292736944307712e-02 -3.951524968921068907e-03 9.992614238895296541e-01 1.317300700000000013e+01
9.991761877146948523e-01 1.177505731306066833e-03 -4.056549499490527677e-02 -7.148430000000000062e-02 -1.024436814676112908e-03 9.999922781776821035e-01 3.793957593582839277e-03 -1.787141999999999897e-01 4.056964916217146999e-02 -3.749275298228978235e-03 9.991696785339296838e-01 1.321836659999999952e+01
9.991446860580014411e-01 2.237987528186567709e-03 -4.129028619277812229e-02 -7.535039999999999794e-02 -2.023086887114054419e-03 9.999841948535477254e-01 5.245680370463952878e-03 -1.802631000000000094e-01 4.130137336100374312e-02 -5.157659830346030851e-03 9.991334220731330484e-01 1.330563350000000078e+01
9.991768479739961961e-01 2.093445751807753840e-03 -4.051226922345842890e-02 -7.919379999999999475e-02 -1.879322577977847551e-03 9.999840680983829166e-01 5.322752676635094347e-03 -1.817666000000000004e-01 4.052276667994970244e-02 -5.242235619748641766e-03 9.991648634466232526e-01 1.338929940000000052e+01
9.992008948481061470e-01 2.679642228727184636e-03 -3.987970978166841679e-02 -8.132430000000000214e-02 -2.543306634154214336e-03 9.999907487323157484e-01 3.469011551914685538e-03 -1.825170000000000126e-01 3.988863655364450339e-02 -3.364813116455708710e-03 9.991984661250149502e-01 1.342988680000000024e+01
9.992386766224957695e-01 2.185631790804386330e-03 -3.895240885232195693e-02 -8.307269999999999932e-02 -2.129145554412155330e-03 9.999966209896394842e-01 1.491559087519307714e-03 -1.834529000000000021e-01 3.895553723068842511e-02 -1.407488180575484395e-03 9.992399537128657805e-01 1.347030930000000026e+01
9.993273159811442152e-01 3.094869252928252653e-03 -3.654226755730596160e-02 -8.623709999999999709e-02 -3.114085980250530430e-03 9.999950412548755940e-01 -4.689713929482984046e-04 -1.849468999999999974e-01 3.654063494837033604e-02 5.824516864737318061e-04 9.993319982606395646e-01 1.355123419999999967e+01
9.993985938224222432e-01 2.436661773964934365e-03 -3.459065401469735984e-02 -8.798029999999999740e-02 -2.466600110502733915e-03 9.999966193898018885e-01 -8.228565260800795207e-04 -1.855779999999999930e-01 3.458853205413708193e-02 9.076829660970490814e-04 9.994012255155448887e-01 1.359082219999999985e+01
