9.999999999311000032e-01 -1.799893279785650364e-06 -1.160001655861855347e-05 -6.839999999999999563e-05 1.800106719785625017e-06 9.999999998290999281e-01 1.839998955780874297e-05 5.099999999999999960e-05 1.159998343861855869e-05 -1.840001043780874248e-05 9.999999997634400062e-01 -3.556000000000000241e-04
9.999986005429328806e-01 -7.360631113986376185e-04 1.502372547673368761e-03 3.389999999999999730e-05 7.351363077138545633e-04 9.999995392251976867e-01 6.173524127460012709e-04 -1.730900000000000060e-03 -1.502826265755710265e-03 -6.162471001802971061e-04 9.999986808754932621e-01 1.003668000000000060e-01
9.999969907501534694e-01 -9.073196242537835037e-04 2.279311680505104968e-03 -1.309999999999999994e-05 9.058789170602400730e-04 9.999993893262226763e-01 6.330328342430189105e-04 -2.442999999999999859e-03 -2.279884651702537238e-03 -6.309661488922809402e-04 9.999972019999324724e-01 1.506277000000000033e-01
9.999935578706846684e-01 7.950538793202014429e-05 3.588578551853785579e-03 -2.827999999999999893e-04 -7.809435049628584541e-05 9.999999195921648321e-01 -3.933407382300963548e-04 -3.324500000000000198e-03 -3.588609536011935341e-03 3.930579565669837594e-04 9.999934836722891296e-01 2.008204000000000100e-01
9.999921259427144715e-01 6.974891152891599761e-05 3.967768599565030425e-03 5.599999999999999916e-05 -6.705080767092488144e-05 9.999997664607322978e-01 -6.801343029625933709e-04 -4.205300000000000357e-03 -3.967815111562582493e-03 6.798629054568777058e-04 9.999918970820065312e-01 2.510372000000000159e-01
9.999907795944703581e-01 -3.125574269537049576e-04 4.282876825014012533e-03 1.925999999999999923e-04 3.094411159746999844e-04 9.999996869386019727e-01 7.282643020924482301e-04 -5.044800000000000326e-03 -4.283103108627010942e-03 -7.269322890159357620e-04 9.999905632540779798e-01 3.007888000000000228e-01
9.999945074394867017e-01 -1.448034366054777155e-03 2.981323084317593838e-03 9.689999999999999720e-05 1.441960192031607572e-03 9.999968825249669901e-01 2.038551238464670311e-03 -6.232399999999999919e-03 -2.984265682367573738e-03 -2.034241092391462537e-03 9.999934779894892323e-01 3.503047000000000244e-01
9.999954831151380841e-01 -2.584613125440836465e-03 -1.534120045306538180e-03 -3.490999999999999746e-04 2.586180566846432629e-03 9.999961349977303238e-01 1.020617301840400903e-03 -7.985199999999999590e-03 1.531476215054692518e-03 -1.024580203277941550e-03 9.999983024065640658e-01 4.496223999999999776e-01
9.999945124686887565e-01 -2.177842201696273978e-03 -2.496404585400785817e-03 -1.066300000000000060e-03 2.180151444953587394e-03 9.999971977968019621e-01 9.226799124825804145e-04 -8.736900000000000568e-03 2.494388138715810700e-03 -9.281173893117206693e-04 9.999964583066907053e-01 4.992417000000000105e-01
9.999937655458808194e-01 -5.149981936745564454e-04 -3.493371756676231545e-03 -1.460300000000000096e-03 5.174001179094607321e-04 9.999996303719130841e-01 6.866972805915720060e-04 -9.289800000000000835e-03 3.493016817568806755e-03 -6.885004703676883596e-04 9.999936623802244684e-01 5.486794999999999867e-01
9.999927512680166775e-01 -6.476534039657201288e-04 -3.752060299455336166e-03 -2.125699999999999899e-03 6.507441368241681815e-04 9.999994499464566200e-01 8.225806054098274691e-04 -1.032139999999999967e-02 3.751525488492143783e-03 -8.250162739843654993e-04 9.999926226751159053e-01 5.982404000000000055e-01
9.999910578830925045e-01 -1.494297140464214812e-03 -3.956163534228271383e-03 -2.943600000000000209e-03 1.500495417176436318e-03 9.999976508384300633e-01 1.564234996520518298e-03 -1.125810000000000005e-02 3.953816808678617747e-03 -1.570157214201018444e-03 9.999909509285401787e-01 6.473929000000000489e-01
9.999909773904644972e-01 -1.621783136870430910e-03 -3.926188625173461337e-03 -3.822700000000000056e-03 1.626608777320142805e-03 9.999979252751849401e-01 1.226209285182572458e-03 -1.174419999999999978e-02 3.924191833871509653e-03 -1.232584594454105191e-03 9.999915406910542259e-01 6.965181000000000289e-01
9.999930907237993827e-01 -9.646582602009008299e-04 -3.589977591018179547e-03 -5.535100000000000263e-03 9.645383542074861772e-04 9.999995342156655642e-01 -3.513139829058113911e-05 -1.228850000000000081e-02 3.590009808656410405e-03 3.166848448076461128e-05 9.999935553925739518e-01 7.444448000000000176e-01
9.999828718042269582e-01 -1.631322113791278637e-03 -5.620932870269818374e-03 -4.350599999999999606e-03 1.628264071696181037e-03 9.999985239077410215e-01 -5.485785740749479300e-04 -1.353850000000000019e-02 5.621819481613360425e-03 5.394168148716579165e-04 9.999840519604380473e-01 7.964240000000000208e-01
9.999793049151419755e-01 -1.000433234174742106e-03 -6.355224211115276765e-03 -4.891399999999999741e-03 1.001156455970319886e-03 9.999994927244350018e-01 1.106192716017413881e-04 -1.449070000000000046e-02 6.355110320069673642e-03 -1.169795560746255883e-04 9.999797992402662539e-01 8.461389999999999745e-01
9.999696860036717538e-01 -1.594663915050346329e-03 -7.621293900391163875e-03 -4.875899999999999852e-03 1.596111943099462992e-03 9.999987092993761761e-01 1.839191309984615345e-04 -1.559220000000000050e-02 7.620990774380881697e-03 -1.960779938908851876e-04 9.999709406042943671e-01 8.965585000000000360e-01
9.999614808454523329e-01 -1.302017118546598901e-03 -8.679952580113978883e-03 -5.525600000000000303e-03 1.297157830325391730e-03 9.999989988318379597e-01 -5.654351289089599867e-04 -1.637239999999999876e-02 8.680680096239075383e-03 5.541540803696950101e-04 9.999621686375550489e-01 9.463608999999999494e-01
9.999551487983553422e-01 -7.618250147780186981e-04 -9.440339734663912019e-03 -6.112399999999999604e-03 7.629578627447958315e-04 9.999997021731287239e-01 1.163999721063473314e-04 -1.719460000000000086e-02 9.440248246666595178e-03 -1.235973328552709093e-04 9.999554322252269811e-01 9.959748000000000490e-01
9.999484535573888166e-01 -1.900480102642522050e-03 -9.973886081461713626e-03 -6.842299999999999945e-03 1.919469168163257227e-03 9.999963629607431237e-01 1.894651260282432777e-03 -1.816109999999999947e-02 9.970249059024879207e-03 -1.913698164570114832e-03 9.999484646185701209e-01 1.045508499999999952e+00
9.999352353834186635e-01 -2.365057441834248278e-03 -1.113245444651981240e-02 -7.378000000000000010e-03 2.391662115459007934e-03 9.999943146007030936e-01 2.377124017700341617e-03 -1.927749999999999950e-02 1.112676911922290575e-02 -2.403595133726583316e-03 9.999352067706189784e-01 1.095428599999999975e+00
9.999293561040430989e-01 -2.687983127486576976e-03 -1.157832233357232454e-02 -8.285900000000000556e-03 2.701120706505775754e-03 9.999957256800889871e-01 1.119182058981923328e-03 -1.976910000000000125e-02 1.157526450162750867e-02 -1.150377441802802412e-03 9.999323426529711512e-01 1.145190099999999989e+00
9.999108701594630055e-01 -3.236851244219912313e-03 -1.295278081989679336e-02 -8.752499999999999863e-03 3.235804625625423973e-03 9.999947595930273048e-01 -1.017590697531394075e-04 -2.035810000000000050e-02 1.295304232102540906e-02 5.983733189174478956e-05 9.999161040377954057e-01 1.194865899999999925e+00
9.998915181919375561e-01 -3.462373058552435830e-03 -1.431655756896510479e-02 -1.058319999999999921e-02 3.471838665976841910e-03 9.999937706690543715e-01 6.363641757015728057e-04 -2.214870000000000033e-02 1.431426505621262793e-02 -6.859999198968230651e-04 9.998973103374217963e-01 1.293776199999999932e+00
9.998793604064093454e-01 -4.141750852095467568e-03 -1.497032174500512007e-02 -1.151180000000000085e-02 4.155998156687831270e-03 9.999909399374015129e-01 9.207184334808296306e-04 -2.321279999999999871e-02 1.496637272659658187e-02 -9.828239879604680658e-04 9.998875145457198910e-01 1.343319399999999941e+00
9.998689971560292822e-01 -5.141873035401845447e-03 -1.534762743502068351e-02 -1.262450000000000030e-02 5.153388823383492530e-03 9.999864685280855925e-01 7.108757719363535156e-04 -2.398580000000000156e-02 1.534376452606785353e-02 -7.898749368776094345e-04 9.998819655278080587e-01 1.392630800000000058e+00
9.998637434082426889e-01 -4.937168586633593724e-03 -1.575179304088706461e-02 -1.354269999999999953e-02 4.953293232010548032e-03 9.999872474260916855e-01 9.848204639445231733e-04 -2.509329999999999894e-02 1.574672994032406265e-02 -1.062709525526070150e-03 9.998754478157020342e-01 1.441773399999999983e+00
9.998614377516952256e-01 -5.677936063184373279e-03 -1.564820562158499018e-02 -1.465990000000000001e-02 5.695268259052606481e-03 9.999832165422777308e-01 1.063274761067536153e-03 -2.538999999999999937e-02 1.564190578447657159e-02 -1.152248160113818285e-03 9.998769939885641111e-01 1.491369500000000015e+00
9.998689521271104663e-01 -4.659385770254219176e-03 -1.550382844584199081e-02 -1.638610000000000066e-02 4.710695019741073346e-03 9.999835430877711540e-01 3.274584868162835980e-03 -2.700949999999999879e-02 1.548831574655983902e-02 -3.347189548228015048e-03 9.998744463168679486e-01 1.590385299999999891e+00
9.998785784265131760e-01 -2.945040478160499374e-03 -1.530212862176573603e-02 -1.857059999999999961e-02 2.986374238257199533e-03 9.999919521530504785e-01 2.679029309320236397e-03 -2.826129999999999962e-02 1.529411562281845875e-02 -2.724401900072621029e-03 9.998793265497605276e-01 1.687915599999999960e+00
9.999201899098852930e-01 2.869581918749261845e-04 -1.263057661292236664e-02 -2.077350000000000030e-02 -1.938289733760127957e-04 9.999727934856714739e-01 7.373921534136292782e-03 -2.930610000000000159e-02 1.263234898614923329e-02 -7.370884849096126165e-03 9.998930411877229307e-01 1.786019999999999941e+00
9.999544723879698616e-01 1.322078819020792995e-03 -9.450145972051977178e-03 -2.207720000000000168e-02 -1.199839670693408217e-03 9.999156952311116786e-01 1.292914595969891015e-02 -2.963000000000000009e-02 9.466442629701189021e-03 -1.291721866652666487e-02 9.998717577398912315e-01 1.883768700000000074e+00
9.999756617671996528e-01 -1.691986749787097351e-03 -6.768534116753530984e-03 -2.302759999999999876e-02 1.786307544932054774e-03 9.999010495726814440e-01 1.395350023489047749e-02 -3.105600000000000027e-02 6.744255229899771310e-03 -1.396525131491426798e-02 9.998797361568566577e-01 1.980877999999999917e+00
9.999823659628641614e-01 -4.684501105089498938e-04 -5.920161974669190148e-03 -2.333870000000000042e-02 5.411263348525533010e-04 9.999244463799323857e-01 1.228041994703227974e-02 -3.117160000000000070e-02 5.913961920919333544e-03 -1.228340694920197762e-02 9.999070671658032428e-01 2.029723199999999839e+00
9.999853682351714790e-01 -7.992997469117919156e-04 -5.350180883200075961e-03 -2.371380000000000016e-02 8.622653513639190513e-04 9.999302777538409126e-01 1.177693209585621917e-02 -3.138649999999999773e-02 5.340394557727927254e-03 -1.178137305415450503e-02 9.999163362176490821e-01 2.078287099999999832e+00
9.999786232740111025e-01 -2.054428215413560757e-03 -6.207440673990991323e-03 -2.445730000000000126e-02 2.120690046602440385e-03 9.999406444153404738e-01 1.068692284803766414e-02 -3.234000000000000069e-02 6.185116711885591326e-03 -1.069985845426848527e-02 9.999236257636474612e-01 2.175212399999999935e+00
9.999688269223926396e-01 -1.279652648588435609e-03 -7.791512853925177534e-03 -2.510640000000000094e-02 1.365486558255527266e-03 9.999383346150573226e-01 1.102099876258923368e-02 -3.264120000000000216e-02 7.776929337029116554e-03 -1.103129441021000710e-02 9.999089108082406252e-01 2.223416799999999860e+00
9.999571033221957839e-01 -1.501441993087953078e-03 -9.139868020092286119e-03 -2.573260000000000131e-02 1.613266283258041941e-03 9.999237902947130108e-01 1.223972934970156239e-02 -3.297950000000000187e-02 9.120794229814441559e-03 -1.225394934688548050e-02 9.998833191117957320e-01 2.271624099999999924e+00
9.999456102126423884e-01 -2.013288343734837265e-03 -1.023343962269527424e-02 -2.650620000000000059e-02 2.142971398951519415e-03 9.999173427988116147e-01 1.267735160619328991e-02 -3.335520000000000151e-02 1.020707059099935574e-02 -1.269859205615950226e-02 9.998672719265000453e-01 2.319916699999999832e+00
9.999356537456359773e-01 -9.272086075132942315e-04 -1.130613340119419018e-02 -2.722019999999999995e-02 1.070718873743565147e-03 9.999188585472428281e-01 1.269369460292522726e-02 -3.375630000000000297e-02 1.129344630220797431e-02 -1.270498350164520930e-02 9.998555102937833894e-01 2.368109000000000020e+00
9.999283656796064124e-01 -6.349628010582258116e-04 -1.195241948530524276e-02 -2.789219999999999894e-02 7.853835922353384191e-04 9.999205038328853323e-01 1.258448199974113862e-02 -3.415599999999999886e-02 1.194347863582799138e-02 -1.259296775307685440e-02 9.998493738965111843e-01 2.415988399999999814e+00
9.999234027746829456e-01 -1.705839759873898406e-03 -1.225882107760216735e-02 -2.858700000000000130e-02 1.852827844263342863e-03 9.999264120752748841e-01 1.198905597814423074e-02 -3.444040000000000296e-02 1.223746756802861907e-02 -1.201085113475255928e-02 9.998529811139936774e-01 2.463886299999999974e+00
9.999128446715439544e-01 -3.381856295370498817e-03 -1.276190067577010097e-02 -3.033179999999999904e-02 3.541057685600856701e-03 9.999159411532433372e-01 1.247283199962435397e-02 -3.529680000000000317e-02 1.271864659969784532e-02 -1.251693555232546128e-02 9.998407684991900135e-01 2.559923899999999808e+00
9.999092034313697974e-01 -3.443244083816493929e-03 -1.302800688604171392e-02 -3.125909999999999800e-02 3.628815620811185524e-03 9.998919169151970765e-01 1.424732202354809553e-02 -3.578300000000000231e-02 1.297754177160082706e-02 -1.429330465049229344e-02 9.998136250580578199e-01 2.607658400000000043e+00
9.999073116156771412e-01 -3.086359575041104902e-03 -1.326056416909290187e-02 -3.204699999999999910e-02 3.254565279274985578e-03 9.999142854697683491e-01 1.268185784203144581e-02 -3.609760000000000052e-02 1.322028677268447666e-02 -1.272383975284618537e-02 9.998316497888991572e-01 2.655322299999999913e+00
9.999119237384246350e-01 -1.087824756785295277e-03 -1.322729764621326416e-02 -3.310509999999999842e-02 1.242484006980753512e-03 9.999308995559670343e-01 1.168983946369773694e-02 -3.648379999999999679e-02 1.321366713730109770e-02 -1.170524457212035116e-02 9.998441809853630957e-01 2.702699200000000079e+00
9.999093546307049607e-01 1.083809784074693658e-03 -1.342042765186964373e-02 -3.393150000000000333e-02 -9.225085482529360491e-04 9.999273383080203859e-01 1.201944600287196963e-02 -3.682309999999999750e-02 1.343247929406644198e-02 -1.200597603652025711e-02 9.998376993489618281e-01 2.750214800000000182e+00
9.999099346373129249e-01 2.757426381096508838e-03 -1.313465695621603840e-02 -3.505579999999999807e-02 -2.592347741219332494e-03 9.999176508578775380e-01 1.256866086948882182e-02 -3.739069999999999894e-02 1.316823248554020720e-02 -1.253347927019698126e-02 9.998347411200464441e-01 2.797643700000000067e+00
9.999063255426766661e-01 4.306984479145189483e-03 -1.299192150681379582e-02 -3.596039999999999653e-02 -4.138641074849866951e-03 9.999074932746367939e-01 1.295671807541510720e-02 -3.759880000000000166e-02 1.304652405035049839e-02 -1.290173546189137682e-02 9.998316525457048298e-01 2.844857199999999864e+00
9.999157855998070943e-01 4.609268308240069452e-03 -1.213162618874440331e-02 -3.669830000000000314e-02 -4.440323191942134422e-03 9.998933044647154711e-01 1.391629320555775456e-02 -3.780410000000000020e-02 1.219447572763487746e-02 -1.386125291215068583e-02 9.998295656907899565e-01 2.892220000000000013e+00
9.999287660152231805e-01 6.624265133772596140e-03 -9.928847199479720262e-03 -3.756229999999999986e-02 -6.478350592369654104e-03 9.998715958927781866e-01 1.465683118655924759e-02 -3.801000000000000212e-02 1.002466303052004272e-02 -1.459146456893333117e-02 9.998432853666909814e-01 2.939506300000000127e+00
9.999861511376881840e-01 2.013412932515233449e-03 -4.862478914688245224e-03 -3.855240000000000056e-02 -1.976945396430232309e-03 9.999699730171431877e-01 7.492980114304995803e-03 -3.867349999999999954e-02 4.877419372182454152e-03 -7.483263489749454947e-03 9.999601049780990625e-01 3.032850499999999894e+00
9.999927378980687509e-01 3.140589752265576708e-03 -2.158899518825391651e-03 -3.896129999999999732e-02 -3.124958235724362935e-03 9.999691526181970769e-01 7.206139609379517627e-03 -3.917670000000000180e-02 2.181464450638272937e-03 -7.199340806827688247e-03 9.999717049520940870e-01 3.079774899999999871e+00
9.999968644546702867e-01 2.474405196323913557e-03 3.852268840963846575e-04 -3.901310000000000194e-02 -2.478322676300814646e-03 9.999415437959884301e-01 1.052458586394290976e-02 -3.952610000000000151e-02 -3.591622752441596053e-04 -1.052550758014923413e-02 9.999445408084591813e-01 3.126421699999999859e+00
9.999899088419292870e-01 2.502710054572278558e-03 3.730771594825093608e-03 -3.913799999999999918e-02 -2.547584836990531443e-03 9.999238798956182617e-01 1.207245733028224424e-02 -4.003570000000000045e-02 -3.700273747757979251e-03 -1.208183996235227473e-02 9.999201653718738925e-01 3.172314899999999938e+00
9.999638504121604043e-01 2.774278287013350833e-03 8.037490209809155725e-03 -3.921870000000000217e-02 -2.855598658881834066e-03 9.999446747185329887e-01 1.012388553602451211e-02 -4.038699999999999929e-02 -8.008959057578207349e-03 -1.014647140799895472e-02 9.999164493560352973e-01 3.218516300000000108e+00
9.998868645175127412e-01 9.502019587183895260e-04 1.501183804784600798e-02 -3.841640000000000332e-02 -1.008139106828321923e-03 9.999920715548128447e-01 3.852334753778629151e-03 -4.165750000000000008e-02 -1.500805853128221040e-02 -3.867032939028964677e-03 9.998798949050681228e-01 3.309986599999999779e+00
9.998331146844441353e-01 2.300043514720701053e-04 1.826718036264836711e-02 -3.785770000000000107e-02 -2.815737843734697357e-04 9.999959826188279388e-01 2.820542928017792054e-03 -4.223500000000000171e-02 -1.826645823927494985e-02 -2.825215779925754466e-03 9.998291627369096934e-01 3.355933900000000136e+00
9.997577533787024295e-01 4.094552381820220407e-04 2.200606519979641032e-02 -3.707409999999999872e-02 -5.104866209230302142e-04 9.999893555594641104e-01 4.585648392277800849e-03 -4.302109999999999962e-02 -2.200395333978928322e-02 -4.595771336311968956e-03 9.997473205381671724e-01 3.401795599999999808e+00
9.996644688126004041e-01 1.220302589848532796e-03 2.587393776004423204e-02 -3.625180000000000069e-02 -1.348674075953003228e-03 9.999868661631879929e-01 4.944550471285073280e-03 -4.364640000000000186e-02 -2.586756408822226197e-02 -4.977786929494079464e-03 9.996529851730681093e-01 3.447260599999999897e+00
9.995606216982568792e-01 7.481537578264649832e-04 2.963112917438002689e-02 -3.502290000000000264e-02 -8.392699152561762044e-04 9.999949577435881531e-01 3.062697080784574418e-03 -4.437270000000000103e-02 -2.962868839829888370e-02 -3.086219913413592881e-03 9.995562095602440467e-01 3.492239000000000093e+00
9.994527702941773395e-01 2.685488252216385453e-04 3.307699854616275026e-02 -3.381569999999999715e-02 -2.985735026744693803e-04 9.999995479166579049e-01 9.027847713440886532e-04 -4.519039999999999863e-02 -3.307674115081292443e-02 -9.121666560131310320e-04 9.994523986397920723e-01 3.537182599999999955e+00
9.992395516457392990e-01 -7.328403264682339675e-04 3.898437343189900539e-02 -3.033069999999999863e-02 6.660931356829752521e-04 9.999982901502880717e-01 1.725113455644834053e-03 -4.664770000000000028e-02 -3.898557100718735846e-02 -1.697834372414686174e-03 9.992383312361908798e-01 3.627842900000000093e+00
9.991297911885708150e-01 -1.335636519803255415e-03 4.168784516582488275e-02 -2.857720000000000052e-02 1.202208047856830660e-03 9.999940752051383885e-01 3.225562033143547329e-03 -4.735369999999999857e-02 -4.169190635234240605e-02 -3.172637657684330460e-03 9.991254772624911240e-01 3.673068499999999847e+00
9.990188249871216897e-01 -2.420742602103815623e-03 4.422134469467125378e-02 -2.664650000000000005e-02 2.196109846618078502e-03 9.999844422314505543e-01 5.127611197833541017e-03 -4.802560000000000162e-02 -4.423306933609916919e-02 -5.025465183335812470e-03 9.990085987001307011e-01 3.718153699999999784e+00
9.988969435988036549e-01 -3.521141886527458416e-03 4.682411375331443915e-02 -2.480380000000000085e-02 3.245361808954505371e-03 9.999769463896807098e-01 5.964420835147537722e-03 -4.864589999999999886e-02 -4.684403586047393431e-02 -5.805880552052751845e-03 9.988853427973192201e-01 3.763274200000000125e+00
9.986614775197697469e-01 -6.071180862152683252e-03 5.136530035899031232e-02 -2.021610000000000074e-02 6.086348710547815136e-03 9.999814683640682045e-01 -1.388805806079241776e-04 -4.944180000000000103e-02 -5.136350530682141924e-02 4.513218154355549331e-04 9.986799220126612031e-01 3.853401400000000088e+00
9.989277070215150101e-01 -4.712093968642556453e-03 4.605683787635660859e-02 -2.489400000000000120e-03 4.656991855323704306e-03 9.999883064309000869e-01 1.303621233201783438e-03 -5.549899999999999972e-02 -4.606244209329073830e-02 -1.087737050434659999e-03 9.989379701745806361e-01 4.219862899999999861e+00
9.997881152624574774e-01 -1.459590192752979135e-03 2.053275861671411892e-02 5.181800000000000295e-03 1.381054127150655939e-03 9.999916789791124527e-01 3.838575521408354313e-03 -5.967120000000000063e-02 -2.053819051038597784e-02 -3.809405334812062706e-03 9.997818117777269586e-01 4.502895399999999881e+00
9.999814714452945896e-01 6.040554936032651624e-03 -7.539643016916182817e-04 4.662200000000000025e-03 -6.038579283805449276e-03 9.999783987529679008e-01 2.595686360787159089e-03 -6.384579999999999422e-02 7.696274011815295614e-04 -2.591085393257501566e-03 9.999963469684017836e-01 4.788691499999999657e+00
9.999060091005443907e-01 1.300043966880519083e-02 -4.354484244983953742e-03 2.939000000000000206e-03 -1.297241868431263725e-02 9.998953562952329621e-01 6.402562979617873462e-03 -6.652890000000000192e-02 4.437264709362457454e-03 -6.345473004184422686e-03 9.999700223777971964e-01 4.981182099999999835e+00
9.999049163035554910e-01 1.268367524283855151e-02 -5.411352355374919078e-03 1.822599999999999958e-03 -1.263507415064481394e-02 9.998803611144118086e-01 8.922912020256308641e-03 -6.704380000000000062e-02 5.523880265494948184e-03 -8.853690758532945654e-03 9.999455479708706518e-01 5.077662499999999746e+00
9.999312140283757033e-01 9.546149054379012011e-03 -6.814561612481574368e-03 1.063099999999999982e-03 -9.488154376849647353e-03 9.999189220474717921e-01 8.492600187404570483e-03 -6.793889999999999652e-02 6.895080729026867999e-03 -8.427358403059283243e-03 9.999407169888056002e-01 5.174365500000000395e+00
9.999598194878772661e-01 4.035593378160097500e-03 -8.004585926712626601e-03 3.374000000000000154e-04 -3.937377001801965412e-03 9.999172377135322476e-01 1.224805232211658400e-02 -6.859969999999999957e-02 8.053351607725594066e-03 -1.221604311656498791e-02 9.998929501793962782e-01 5.271144900000000355e+00
9.999620275145488790e-01 2.249328685401501705e-03 -8.419266562921893030e-03 -1.039000000000000047e-04 -2.136531392934136724e-03 9.999081661216366879e-01 1.338262144993802513e-02 -6.889710000000000278e-02 8.448595303333661724e-03 -1.336412525122255765e-02 9.998750028846956628e-01 5.319712599999999902e+00
9.999568379754854019e-01 -4.266929369665720811e-03 -8.253211485426056870e-03 -7.240000000000000342e-04 4.354056855457843697e-03 9.999346797827660671e-01 1.056779809783776371e-02 -6.937179999999999735e-02 8.207580335782588277e-03 -1.060327692232486234e-02 9.999100990306779568e-01 5.417816600000000093e+00
9.999519012723578903e-01 -5.781793436564416910e-03 -7.922500012832909069e-03 -1.273700000000000006e-03 5.862314659876806389e-03 9.999310146770014063e-01 1.017836695403309503e-02 -6.964960000000000595e-02 7.863104261360795086e-03 -1.022432157550123670e-02 9.999168139598891836e-01 5.466820199999999907e+00
9.999522031069442152e-01 -6.111950370521936592e-03 -7.631222984341660270e-03 -1.845899999999999928e-03 6.192529564564363577e-03 9.999248494591557179e-01 1.058054874175706588e-02 -6.995419999999999416e-02 7.565981705004576688e-03 -1.062729959834470515e-02 9.999149045914289546e-01 5.515577300000000349e+00
9.999600772519928737e-01 -5.641404440828725123e-03 -6.929535202546522644e-03 -2.336799999999999988e-03 5.729052430747961708e-03 9.999030101274390958e-01 1.269441988954451983e-02 -7.026989999999999625e-02 6.857248751071700309e-03 -1.273361276391427738e-02 9.998954111533587819e-01 5.564619099999999818e+00
9.999780475189543605e-01 -3.538152609239366125e-03 -5.602317046864793183e-03 -3.334399999999999951e-03 3.607669626463917614e-03 9.999160184430690990e-01 1.244752107152991873e-02 -7.074700000000000433e-02 5.557805326398980623e-03 -1.246745912660732723e-02 9.999068322913291507e-01 5.661453200000000407e+00
9.999846042468079066e-01 -3.155735484284289977e-03 -4.564274631113106329e-03 -4.239899999999999572e-03 3.193385741140433286e-03 9.999607430023150778e-01 8.265273242076136978e-03 -7.171610000000000484e-02 4.538012435337154468e-03 -8.279721481494882462e-03 9.999554253342123333e-01 5.758846799999999710e+00
9.999817901020714439e-01 -4.649309747659720500e-03 -3.847516488227882645e-03 -4.887899999999999710e-03 4.651847338424690802e-03 9.999889682919523848e-01 6.508538521354443034e-04 -7.278980000000000172e-02 3.844448022390240579e-03 -6.687400594885383603e-04 9.999923864740851709e-01 5.855632800000000415e+00
9.999798056404327617e-01 -5.150501956819771888e-03 -3.722988170164431582e-03 -5.451199999999999796e-03 5.152245992383308083e-03 9.999866217453992068e-01 4.590113918658193619e-04 -7.477490000000000525e-02 3.720574224008807527e-03 -4.781838733041467431e-04 9.999929643090630371e-01 5.952486999999999639e+00
9.999830253885020337e-01 -4.102150347607014073e-03 -4.137788948717540174e-03 -5.964900000000000410e-03 4.108611899854346279e-03 9.999903516744447218e-01 1.554305721793590575e-03 -7.595620000000000149e-02 4.131373030225740997e-03 -1.571279906971600549e-03 9.999902313704563950e-01 6.049461799999999556e+00
9.999836875111158818e-01 -3.053483021886119284e-03 -4.827106079847195107e-03 -6.926700000000000045e-03 3.062089751899859259e-03 9.999937336012787448e-01 1.776616032244952544e-03 -7.759599999999999831e-02 4.821650964384958417e-03 -1.791368083274108526e-03 9.999867712536840703e-01 6.145015700000000081e+00
9.999778710134684667e-01 -2.882732646435339548e-03 -5.995609715462116469e-03 -7.996500000000000136e-03 2.902826986243933153e-03 9.999901905260173418e-01 3.345511504605969653e-03 -7.917689999999999451e-02 5.985906686451250049e-03 -3.362841689507973381e-03 9.999764298306798027e-01 6.238965499999999942e+00
9.999734759139707885e-01 -1.339366664738404983e-03 -7.159159550430697558e-03 -9.156900000000000803e-03 1.358612911995393411e-03 9.999954747393157151e-01 2.684151978898694380e-03 -8.058600000000000485e-02 7.155532089683823774e-03 -2.693807310824941192e-03 9.999707704541596076e-01 6.334433599999999664e+00
9.999630110846297049e-01 -9.929773058114691690e-04 -8.543445360672330749e-03 -1.054189999999999988e-02 1.005403662399279941e-03 9.999984428691365279e-01 1.450318164317711267e-03 -8.211219999999999630e-02 8.541991924386505355e-03 -1.458854129876999660e-03 9.999624523543828580e-01 6.429395699999999714e+00
9.999481299816672664e-01 -7.155957488416294070e-04 -1.015998370525222384e-02 -1.175000000000000003e-02 7.131857492793046947e-04 9.999997166843855867e-01 -2.408261520636587581e-04 -8.388840000000000185e-02 1.016015316094082653e-02 2.335677048152403864e-04 9.999483570334387617e-01 6.525189899999999987e+00
9.999424116984747535e-01 -3.842739978587558823e-04 -1.072499977308302883e-02 -1.257430000000000006e-02 3.817149651607401866e-04 9.999998981905209305e-01 -2.406504378926057968e-04 -8.450630000000000641e-02 1.072509115688224414e-02 2.365426863278948931e-04 9.999424565779944096e-01 6.572788199999999748e+00
9.999224339861911837e-01 1.243671410874569203e-05 -1.245495308940108327e-02 -1.373710000000000035e-02 6.036839762277072505e-06 9.999989000536866346e-01 1.483190808115430592e-03 -8.610779999999999823e-02 1.245495783564140070e-02 -1.483150951472774620e-03 9.999213340501178493e-01 6.668788000000000160e+00
9.999121278344711428e-01 5.236340955423370979e-04 -1.324622273986822765e-02 -1.457939999999999930e-02 -4.987429830213818954e-04 9.999981040168164359e-01 1.882343807373126118e-03 -8.685149999999999815e-02 1.324718328464974046e-02 -1.875571941103455070e-03 9.999104931767226478e-01 6.716564700000000165e+00
9.998966070828900765e-01 1.150303061344740141e-03 -1.433359504770228762e-02 -1.648120000000000140e-02 -1.134437526118465493e-03 9.999987349580042872e-01 1.114959142944424962e-03 -8.820369999999999600e-02 1.433485945601800648e-02 -1.098583295959878331e-03 9.998966471186500060e-01 6.811900099999999902e+00
9.998898746220751255e-01 2.134147742449357069e-03 -1.468618540207833160e-02 -1.754719999999999891e-02 -2.125734913830627706e-03 9.999975674999472819e-01 5.884260908052978177e-04 -8.899310000000000553e-02 1.468740546614485769e-02 -5.571423530994795053e-04 9.998919790222698945e-01 6.859680700000000186e+00
9.998838358594159814e-01 2.319538870562048560e-03 -1.506434620182512882e-02 -1.849709999999999896e-02 -2.306326164955692804e-03 9.999969404512301097e-01 8.943980097379426817e-04 -8.977300000000000557e-02 1.506637470267257681e-02 -8.595508169585812375e-04 9.998861262792437810e-01 6.907247100000000195e+00
9.998756301837650184e-01 2.186801090141420306e-03 -1.561864480711858821e-02 -1.931570000000000162e-02 -2.188662874961104943e-03 9.999975996612346929e-01 -1.021106698596334838e-04 -9.072940000000000171e-02 1.561838402135582934e-02 1.362819184209318945e-04 9.998780163138902832e-01 6.954873100000000363e+00
9.998816240515473464e-01 8.903290962811245997e-04 -1.536050774357915379e-02 -2.042580000000000090e-02 -9.164168623087747077e-04 9.999981496527735603e-01 -1.691410997870853618e-03 -9.158729999999999649e-02 1.535897340888107802e-02 1.705287403799597701e-03 9.998805898359542921e-01 7.002250700000000272e+00
9.998740588249923622e-01 -2.014249837013461653e-03 -1.574195942155534600e-02 -2.115840000000000082e-02 1.990022968930944738e-03 9.999968116447438549e-01 -1.554512441186519907e-03 -9.249430000000000152e-02 1.574504040702758012e-02 1.522989803238238926e-03 9.998748792747221836e-01 7.049961599999999606e+00
9.998645251345141816e-01 -2.565997699180176412e-03 -1.625875251488033066e-02 -2.304959999999999995e-02 2.672596436619882349e-03 9.999750551981362312e-01 6.538058562848398335e-03 -9.412170000000000258e-02 1.624157030029092438e-02 -6.580625904279212811e-03 9.998464415883513423e-01 7.145016199999999706e+00
9.998660759924407060e-01 -1.564557305722849220e-03 -1.629055677120426829e-02 -2.402500000000000122e-02 1.656921871269912555e-03 9.999826214070302033e-01 5.657870079515444316e-03 -9.465640000000000165e-02 1.628142160228115629e-02 -5.684104534689518075e-03 9.998512920761004619e-01 7.192644600000000388e+00
9.998699630642864378e-01 1.600450145827239342e-04 -1.612548750939290024e-02 -2.515150000000000025e-02 -1.195456757552658259e-04 9.999968366629884420e-01 2.512443600907807075e-03 -9.524960000000000371e-02 1.612583860311417663e-02 -2.510189158139598548e-03 9.998668192713150438e-01 7.239240599999999581e+00
9.998641051773562438e-01 1.748143644975713100e-04 -1.648455694953852163e-02 -2.717680000000000096e-02 -1.587742646610661558e-04 9.999995127243728188e-01 9.743417007462978896e-04 -9.691289999999999627e-02 1.648471924594091531e-02 -9.715919693457542201e-04 9.998636457239695741e-01 7.332466100000000431e+00
9.998672671740216344e-01 -4.188459781083606547e-05 -1.629252219989119413e-02 -2.820340000000000000e-02 8.171120456790745832e-05 9.999970105448833246e-01 2.443813531238653303e-03 -9.791510000000000491e-02 1.629237113598045947e-02 -2.444820438576890409e-03 9.998642815381447724e-01 7.378970599999999713e+00
9.998812260732774515e-01 -6.648540913037621729e-04 -1.539778280262028148e-02 -3.027439999999999992e-02 7.474988879352553565e-04 9.999853440022338225e-01 5.362184829583317713e-03 -9.939389999999999337e-02 1.539399206222764535e-02 -5.373057767356923323e-03 9.998670687939555934e-01 7.472197099999999814e+00
9.999182431148322392e-01 -2.076456262542397072e-03 -1.261726656359710153e-02 -3.185160000000000075e-02 2.116652671558193286e-03 9.999927249245674776e-01 3.173307329326575769e-03 -1.006714999999999971e-01 1.261058553815414679e-02 -3.199754260583250257e-03 9.999153637708827480e-01 7.564858899999999942e+00
9.999468500664208115e-01 -2.522679951226675880e-03 -9.996655846167193729e-03 -3.339040000000000064e-02 2.535251914155493575e-03 9.999960110489629628e-01 1.245144125828207991e-03 -1.024353999999999959e-01 9.993474869873874775e-03 -1.270421987369772842e-03 9.999492569565713307e-01 7.656740700000000288e+00
9.999602849375884839e-01 -2.289607064796420760e-03 -8.613143852601130510e-03 -3.420109999999999817e-02 2.306345126559110857e-03 9.999954704187900001e-01 1.933885741169330541e-03 -1.032340000000000063e-01 8.608677000211088434e-03 -1.953673819125222467e-03 9.999610361603668007e-01 7.702621500000000232e+00
9.999792854576546874e-01 -1.958211023880270657e-03 -6.131399936739361477e-03 -3.494850000000000040e-02 1.983360325223696916e-03 9.999896349236770954e-01 4.098332225587229122e-03 -1.046001000000000014e-01 6.123310984967382693e-03 -4.110408105883405633e-03 9.999728044340927546e-01 7.792354099999999839e+00
9.999895125757425340e-01 -1.940068505269829319e-03 -4.148598886806736420e-03 -3.582640000000000130e-02 1.956313633022689711e-03 9.999904214110061362e-01 3.915344583516697924e-03 -1.057471999999999995e-01 4.140963112369339637e-03 -3.923419482197139027e-03 9.999837294696692913e-01 7.881568900000000433e+00
9.999960480160289267e-01 -1.813212879351764608e-03 -2.148537032084168932e-03 -3.660299999999999665e-02 1.821576663544629280e-03 9.999907466480866258e-01 3.897239620688358608e-03 -1.071608000000000005e-01 2.141450625840760329e-03 -3.901137943778251564e-03 9.999900976069516778e-01 7.969791400000000081e+00
9.999956123876890812e-01 -2.932414453959278095e-03 -4.197032774292949807e-04 -3.745430000000000287e-02 2.933969029530729671e-03 9.999886549128007562e-01 3.752581967311051630e-03 -1.085286000000000028e-01 4.086943902584048841e-04 -3.753796898853783721e-03 9.999928709634572366e-01 8.056460400000000632e+00
9.999957105861148055e-01 -2.899843513795285002e-03 -4.119671912951636912e-04 -3.747249999999999887e-02 2.901734501175184250e-03 9.999849031684010514e-01 4.666194613182739204e-03 -1.092250000000000026e-01 3.984297377127080358e-04 -4.667370017355107481e-03 9.999890283952445058e-01 8.099283200000000349e+00
9.999938248237633109e-01 -3.308979350832964763e-03 -1.183625783964859174e-03 -3.814159999999999773e-02 3.315385383521184549e-03 9.999796427008761368e-01 5.451825711338976858e-03 -1.106296999999999975e-01 1.165561709837563365e-03 -5.455716220978112756e-03 9.999844381921234593e-01 8.182435999999999154e+00
9.999942837054246469e-01 -2.659500153940042109e-03 -2.087969206168250290e-03 -3.852239999999999831e-02 2.667283075542196524e-03 9.999894728071960781e-01 3.733614305341002599e-03 -1.119422000000000056e-01 2.078017677894040960e-03 -3.739162167827668731e-03 9.999908502125472998e-01 8.263005299999999664e+00
9.999880804626486430e-01 -3.177775420090396801e-03 -3.706841783363759059e-03 -3.922769999999999729e-02 3.191394357915341203e-03 9.999881586991172799e-01 3.673889437822597682e-03 -1.134465000000000057e-01 3.695123093983235067e-03 -3.685675640713330283e-03 9.999863808374551688e-01 8.342165899999999468e+00
9.999606022522957716e-01 -4.959730009512971875e-03 -7.361726798703490358e-03 -3.995859999999999690e-02 5.000533453185975440e-03 9.999721808997029671e-01 5.534626624745779370e-03 -1.143688999999999956e-01 7.334071748325117317e-03 -5.571221134052512479e-03 9.999575855438399552e-01 8.419526100000000568e+00
9.999160111258407202e-01 -4.509818319021989888e-03 -1.215040052496015564e-02 -4.106730000000000103e-02 4.601126090089750417e-03 9.999613089349577155e-01 7.497350984797987797e-03 -1.157851000000000019e-01 1.211611872220777313e-02 -7.552626815590032794e-03 9.998980735531466379e-01 8.493770599999999504e+00
9.998379428220128817e-01 -4.215074126240309083e-03 -1.750203541178924072e-02 -4.249039999999999762e-02 4.336528299720773458e-03 9.999667413958085449e-01 6.907287785654997458e-03 -1.167223000000000011e-01 1.747233858849312621e-02 -6.982066481954849607e-03 9.998229683958508307e-01 8.566491100000000358e+00
9.997837759346005493e-01 -3.506936721794415464e-03 -2.049640877768197852e-02 -4.332479999999999665e-02 3.656228487422598025e-03 9.999670278821971570e-01 7.250871788483557838e-03 -1.171655999999999948e-01 2.047030461913717028e-02 -7.324243529170580864e-03 9.997636331081087846e-01 8.601382299999999148e+00
9.996444613690010916e-01 -3.365816928607196987e-03 -2.645037108780827137e-02 -4.539170000000000010e-02 3.538332500172464146e-03 9.999727565699887410e-01 6.478141781120118868e-03 -1.183623000000000036e-01 2.642784624970195492e-02 -6.569428759121456220e-03 9.996291370045097269e-01 8.668454199999999332e+00
9.994582449108367905e-01 -2.294305998846332857e-03 -3.283219212501090056e-02 -4.777590000000000309e-02 2.475029670677361855e-03 9.999820044772873562e-01 5.464883321334480099e-03 -1.194347000000000047e-01 3.281906317796468020e-02 -5.543183342646244849e-03 9.994459376127108330e-01 8.732352300000000511e+00
9.992734529460352011e-01 -1.960183179358544075e-04 -3.811204290151578439e-02 -5.045070000000000110e-02 3.758761632975907044e-04 9.999888274535398969e-01 4.712078650059941393e-03 -1.205698000000000047e-01 3.811069343921481140e-02 -4.722980511659945202e-03 9.992623621955690760e-01 8.793105100000000007e+00
9.992384453574139069e-01 6.350063930668258579e-04 -3.901443433627151125e-02 -5.165190000000000059e-02 -4.295872036183580062e-04 9.999860034263127195e-01 5.273367643644997702e-03 -1.211417000000000049e-01 3.901723689003315509e-02 -5.252591584286646006e-03 9.992247322335029436e-01 8.822595599999999649e+00
9.992499129690670667e-01 6.698094867609847604e-04 -3.871902357450741211e-02 -5.294580000000000120e-02 -4.263795025555104493e-04 9.999800953538590109e-01 6.295005687598404648e-03 -1.216495999999999966e-01 3.872246934057300277e-02 -6.273774887461355462e-03 9.992303088461788052e-01 8.851145700000000005e+00
9.992682378875848981e-01 6.905359299849284094e-04 -3.824280205699350649e-02 -5.418560000000000043e-02 -4.204538533464396207e-04 9.999749196176349608e-01 7.069890682442358382e-03 -1.221602999999999994e-01 3.824672492643250293e-02 -7.048637870814403183e-03 9.992434661965861054e-01 8.879280100000000786e+00
9.993382348753855338e-01 8.975835668917722145e-04 -3.636325975334444432e-02 -5.778470000000000134e-02 -8.041334574553579435e-04 9.999963369911758493e-01 2.584448415654604092e-03 -1.236051999999999984e-01 3.636544631283047252e-02 -2.553497204036954925e-03 9.993352960675898622e-01 8.960531200000000140e+00
9.993785975373338237e-01 1.013487804308138953e-03 -3.523338795492658715e-02 -5.879439999999999666e-02 -9.758027903747028666e-04 9.999989333783121381e-01 1.086761773558737355e-03 -1.240943999999999936e-01 3.523445179403454641e-02 -1.051705618835544441e-03 9.993785205426747309e-01 8.987273200000000628e+00
9.994269807807372175e-01 1.642087494893988827e-03 -3.380848467706128180e-02 -5.988179999999999892e-02 -1.622644560142944741e-03 9.999985019961391552e-01 6.025197997250712496e-04 -1.245383999999999936e-01 3.380942342204926176e-02 -5.473153905519328490e-04 9.994281481596022365e-01 9.013921699999999149e+00
9.995415185338171193e-01 1.026281330980496247e-03 -3.026052666000100810e-02 -6.164920000000000122e-02 -1.014284603218241479e-03 9.999994008254958766e-01 4.117953290326791514e-04 -1.255529999999999979e-01 3.026093114652331911e-02 -3.809137422299427940e-04 9.995419605753759207e-01 9.066890700000000081e+00
9.995994161156477320e-01 9.332329855829143116e-04 -2.828668198023322894e-02 -6.245939999999999825e-02 -9.281804635784831302e-04 9.999995508567494085e-01 1.917480808956303581e-04 -1.260102999999999918e-01 2.828684822109495123e-02 -1.654161241110580632e-04 9.995998333609418252e-01 9.093242599999999953e+00
9.998513885695173853e-01 -1.269730096013298387e-03 -1.719268917567024629e-02 -6.488280000000000436e-02 1.289374360115358572e-03 9.999985285445892602e-01 1.131557517641072199e-03 -1.277903999999999984e-01 1.719122710475921162e-02 -1.153557167864244356e-03 9.998515544902117913e-01 9.196979499999999419e+00
