9.999999999337199075e-01 -3.400054999802320392e-06 -1.099998299936045782e-05 -3.619999999999999900e-05 3.399944999802327096e-06 9.999999999442199528e-01 -1.000001869941859790e-05 -2.409999999999999965e-05 1.100001699936045749e-05 9.999981299418600296e-06 9.999999998894999464e-01 -7.710000000000000382e-05
9.999995260191394397e-01 -5.024521376050800200e-04 8.339684322430100834e-04 3.440000000000000268e-05 5.023477208093515443e-04 9.999998659596055495e-01 1.254094831495971174e-04 -1.222199999999999892e-03 -8.340313327204369742e-04 -1.249904815667381272e-04 9.999996443844946237e-01 7.177260000000000584e-02
9.999986227894697155e-01 -5.094047186157032699e-04 1.579533474300508526e-03 -2.282999999999999927e-04 5.089949703369524162e-04 9.999998367134844690e-01 2.598020869701458783e-04 -2.348600000000000167e-03 -1.579665560793000424e-03 -2.589977545740780943e-04 9.999987187876188122e-01 1.434725000000000028e-01
9.999937706412652672e-01 1.389961337864412171e-04 3.526947510153307513e-03 -8.046000000000000417e-04 -1.366034170575974210e-04 9.999997603923072020e-01 -6.786419046780991539e-04 -5.260400000000000145e-03 -3.527040993670527320e-03 6.781558840925528027e-04 9.999935500224118590e-01 2.867756000000000194e-01
9.999916344619519393e-01 3.837138623773653906e-05 4.090175271376355129e-03 -3.939999999999999817e-04 -3.482845489268631670e-05 9.999996241789889106e-01 -8.662729707055564794e-04 -6.323399999999999854e-03 -4.090206974297294629e-03 8.661232693811177826e-04 9.999912599805008684e-01 3.588502000000000081e-01
9.999904687038018158e-01 -2.307448878340571800e-04 4.359960819494786664e-03 -4.640000000000000027e-04 2.296540158136620190e-04 9.999999422039589358e-01 2.507012402071655570e-04 -6.962900000000000166e-03 -4.360018415535863757e-03 -2.496975681884006310e-04 9.999904638998017292e-01 4.296828999999999787e-01
9.999965598446119985e-01 -2.409391556345070150e-03 1.036885369571416849e-03 -9.675000000000000440e-04 2.408604281157958847e-03 9.999968106220861186e-01 7.598493748798251487e-04 -9.730000000000000801e-03 -1.038712837220049593e-03 -7.573493143396842079e-04 9.999991737484876797e-01 5.724299000000000470e-01
9.999970800968933649e-01 -2.076567252288116696e-03 -1.235987918263823293e-03 -1.156499999999999976e-03 2.077029860976692486e-03 9.999977733629662469e-01 3.731166926187899006e-04 -1.106150000000000015e-02 1.235210364262177103e-03 -3.756827869682404235e-04 9.999991665585524769e-01 6.439911000000000385e-01
9.999957000194330536e-01 -1.842498592738277220e-03 -2.281477937576541649e-03 -2.271800000000000035e-03 1.842697530827847518e-03 9.999982986106180638e-01 8.509805435386741260e-05 -1.222870000000000033e-02 2.281317262848812314e-03 -8.930176219609792113e-05 9.999973938049745437e-01 7.151667000000000440e-01
9.999922329903155882e-01 -4.167166380577197503e-04 -3.919222663482753097e-03 -3.164000000000000146e-03 4.172817867606169739e-04 9.999999026586691153e-01 1.433825743575026430e-04 -1.477469999999999999e-02 3.919162532076060634e-03 -1.450168809393898310e-04 9.999923095380041094e-01 8.572366000000000152e-01
9.999902413592731687e-01 -1.009533553107022814e-03 -4.300933413549855658e-03 -3.944200000000000136e-03 1.012461401601080172e-03 9.999992571951764608e-01 6.786243479582449670e-04 -1.614550000000000013e-02 4.300245124746551045e-03 -6.829722545791203775e-04 9.999905206754545750e-01 9.283447000000000227e-01
9.999878242868993627e-01 -1.390493886966889933e-03 -4.734744417971610379e-03 -4.426600000000000153e-03 1.394297343059648251e-03 9.999987078854035705e-01 8.001015200315222953e-04 -1.734720000000000012e-02 4.733625763866680831e-03 -8.066934197870072754e-04 9.999884709499675672e-01 9.997177000000000424e-01
9.999852784325715671e-01 -1.022560223877143869e-03 -5.328910650489702104e-03 -5.256000000000000255e-03 1.021832282452002187e-03 9.999994682237817178e-01 -1.393231512919374004e-04 -1.863899999999999932e-02 5.329050283014524249e-03 1.338758473037986445e-04 9.999857915492292859e-01 1.071247700000000025e+00
9.999804970300553153e-01 -1.206590168182680245e-03 -6.127780975971150457e-03 -5.736299999999999732e-03 1.200597818605951333e-03 9.999987976270885426e-01 -9.814831914116129135e-04 -1.991340000000000124e-02 6.128957856062291348e-03 9.741070491017837178e-04 9.999807433101176590e-01 1.142414299999999994e+00
9.999757922039056446e-01 -8.181960281856542070e-04 -6.909816309474284789e-03 -6.545600000000000376e-03 8.157941120274660824e-04 9.999996058425939527e-01 -3.504206377183878584e-04 -2.125940000000000121e-02 6.910100298692988495e-03 3.447751673465822481e-04 9.999760655355436345e-01 1.213871600000000051e+00
9.999621977506626402e-01 -7.014772486977300997e-04 -8.666660217996689786e-03 -8.305699999999999195e-03 6.901093483966542477e-04 9.999988977838242254e-01 -1.314602686684904469e-03 -2.366170000000000079e-02 8.667572829339394158e-03 1.308572048510545874e-03 9.999615796721601502e-01 1.356529499999999944e+00
9.999530521696342600e-01 -1.400177285247046586e-04 -9.688851927261720592e-03 -9.343399999999999969e-03 1.351790416169787988e-04 9.999998658329314338e-01 -5.000607420823529031e-04 -2.503589999999999982e-02 9.688920644706090768e-03 4.987275355975650214e-04 9.999529369363269193e-01 1.427224300000000001e+00
9.999454162438884408e-01 -1.694125017727801099e-03 -1.030992110837651229e-02 -1.027289999999999974e-02 1.707027761047887537e-03 9.999977707287265316e-01 1.242816881200676333e-03 -2.648800000000000113e-02 1.030779263759465728e-02 -1.260348365133354001e-03 9.999460790127330245e-01 1.498571199999999992e+00
9.999323299502187457e-01 -1.823556274731309582e-03 -1.148956756540018068e-02 -1.100519999999999970e-02 1.843180418661887312e-03 9.999968603484895580e-01 1.697639274940265352e-03 -2.798319999999999974e-02 1.148643575140997214e-02 -1.718701741561457635e-03 9.999325516543865477e-01 1.569376600000000010e+00
9.999263232565435144e-01 -2.184272437020078235e-03 -1.194056165226260735e-02 -1.247799999999999951e-02 2.188446800570929135e-03 9.999975487176098188e-01 3.365402987685668797e-04 -2.873890000000000125e-02 1.193979728687555308e-02 -3.626467875202257318e-04 9.999286523187821407e-01 1.640251399999999915e+00
9.999104570240816559e-01 -2.409727969019764132e-03 -1.316324978899311403e-02 -1.325840000000000005e-02 2.402564011709522503e-03 9.999969570241000749e-01 -5.600256331619138687e-04 -2.993519999999999862e-02 1.316455924297284079e-02 5.283499365799521627e-04 9.999132038463552918e-01 1.711171500000000067e+00
9.999008020287741827e-01 -1.865801706471818594e-03 -1.396083400826139166e-02 -1.458339999999999984e-02 1.856505939199137130e-03 9.999980463222850613e-01 -6.787763334623472204e-04 -3.122499999999999928e-02 1.396207319533239281e-02 6.527906289746411312e-04 9.999023124168094911e-01 1.782119900000000090e+00
9.998927758349821504e-01 -2.471895723886733537e-03 -1.443352225011078176e-02 -1.603049999999999961e-02 2.473171671787907124e-03 9.999969392173851945e-01 7.055312289897596270e-05 -3.259879999999999722e-02 1.443330367227400705e-02 -1.062421362523781581e-04 9.998958288030370678e-01 1.853061700000000034e+00
9.998792711645729803e-01 -3.323067546503527189e-03 -1.517894322684183901e-02 -1.693089999999999873e-02 3.326731757177188442e-03 9.999944430504082993e-01 2.161576265654103113e-04 -3.398269999999999763e-02 1.517814057182570280e-02 -2.666278025800107175e-04 9.998847698402034689e-01 1.924207699999999965e+00
9.998641553635250201e-01 -4.045129716817215566e-03 -1.597835237936048522e-02 -1.977599999999999844e-02 4.052195188612522057e-03 9.999917058386307289e-01 4.098391133289490396e-04 -3.683650000000000119e-02 1.597656199995099377e-02 -4.745308415171856043e-04 9.998722539840487755e-01 2.065308100000000202e+00
9.998581443995064877e-01 -4.704203155091794993e-03 -1.617286463961296536e-02 -2.098699999999999871e-02 4.715461961686178392e-03 9.999886656033494248e-01 6.580906628390586609e-04 -3.771080000000000265e-02 1.616958553777770105e-02 -7.342598370124967661e-04 9.998689941017413485e-01 2.136444599999999916e+00
9.998611215941192176e-01 -4.431908641296123004e-03 -1.606535746085671623e-02 -2.243179999999999827e-02 4.464577526454576069e-03 9.999880372916141180e-01 1.998204487981849759e-03 -3.891669999999999852e-02 1.605630941593293171e-02 -2.069652014402135250e-03 9.998689471468144019e-01 2.206574900000000117e+00
9.998644048038516363e-01 -3.182005969251272028e-03 -1.615694414953184124e-02 -2.505129999999999857e-02 3.219372941783532963e-03 9.999922019920649552e-01 2.287267566968348084e-03 -4.103419999999999984e-02 1.614954005850178717e-02 -2.338972653290871846e-03 9.998668519172070335e-01 2.348797999999999941e+00
9.998742575484783623e-01 -2.054849792090586349e-03 -1.572407975720541487e-02 -2.691150000000000139e-02 2.091017141143614293e-03 9.999952054153969927e-01 2.284030107787005711e-03 -4.212660000000000016e-02 1.571931102798259858e-02 -2.316622228542929759e-03 9.998737602928959856e-01 2.419324399999999819e+00
9.998861624933534920e-01 4.308020924824000879e-04 -1.508232289377819252e-02 -2.868590000000000029e-02 -3.691735130157846765e-04 9.999915731182794643e-01 4.088692131503019085e-03 -4.319119999999999904e-02 1.508395721395286090e-02 -4.082658690858188659e-03 9.998778956116499694e-01 2.489582299999999915e+00
9.999105153799210388e-01 7.326759796418314289e-04 -1.335756035245968219e-02 -2.998910000000000117e-02 -6.368845832090841040e-04 9.999740625083212153e-01 7.174168149121528358e-03 -4.407099999999999906e-02 1.336247023152596462e-02 -7.165018947152555599e-03 9.998850468392846969e-01 2.560564999999999980e+00
9.999325516130249669e-01 1.278456452647602423e-03 -1.154373309478840329e-02 -3.116860000000000117e-02 -1.166273602510209482e-03 9.999520836228700249e-01 9.719581480949108371e-03 -4.464880000000000237e-02 1.155560602258130093e-02 -9.705462759673270240e-03 9.998861294977900993e-01 2.631566499999999920e+00
9.999583306492689783e-01 1.118517016263340363e-03 -9.060126092476526380e-03 -3.236010000000000275e-02 -9.886070276454808105e-04 9.998968249547264264e-01 1.433046062072495207e-02 -4.546560000000000185e-02 9.075220177611921860e-03 -1.432090657540883473e-02 9.998562656770153545e-01 2.773649699999999996e+00
9.999714205923152521e-01 -1.103706727354732088e-03 -7.479293418957213245e-03 -3.296029999999999793e-02 1.201028042505577218e-03 9.999145132712105033e-01 1.302012600703923023e-02 -4.600230000000000291e-02 7.464283637964194869e-03 -1.302873674068426302e-02 9.998872618894161235e-01 2.843799100000000024e+00
9.999765212888084287e-01 2.026352334892088706e-04 -6.849511668390381204e-03 -3.319649999999999684e-02 -1.241574960126677987e-04 9.999343712610974100e-01 1.145590483505822682e-02 -4.631350000000000050e-02 6.851383513528568579e-03 -1.145478544695950965e-02 9.999109192494672893e-01 2.914451399999999914e+00
9.999820043768824496e-01 4.032982679234365427e-04 -5.985672301402116847e-03 -3.421910000000000229e-02 -3.382875171742694967e-04 9.999409918499638783e-01 1.085810202872353712e-02 -4.665550000000000253e-02 5.989698151694008814e-03 -1.085588175219019506e-02 9.999231337195044755e-01 2.984469700000000003e+00
9.999827152827651666e-01 -1.295422423212531926e-04 -5.878125085065012863e-03 -3.484079999999999816e-02 1.904520960175249029e-04 9.999462871644559936e-01 1.036274645151233353e-02 -4.705639999999999823e-02 5.876466940887076044e-03 -1.036368683561324569e-02 9.999290280472239445e-01 3.055106400000000111e+00
9.999769008535871473e-01 -8.870034833660559804e-04 -6.738767251912105433e-03 -3.558039999999999814e-02 9.497659106737652230e-04 9.999561526652871457e-01 9.316152185949711645e-03 -4.765459999999999835e-02 6.730208315488353868e-03 -9.322337242202195784e-03 9.999338969773815533e-01 3.125486899999999846e+00
9.999648129757565673e-01 -6.494125654806308899e-04 -8.363675847380231190e-03 -3.651290000000000091e-02 7.329580461078886913e-04 9.999498310947219082e-01 9.989898204672198120e-03 -4.842609999999999970e-02 8.356768685496880275e-03 -9.995676913389256804e-03 9.999151218279380693e-01 3.195655799999999935e+00
9.999495789305151705e-01 -5.687736574728815414e-04 -1.002577145220597682e-02 -3.727289999999999770e-02 6.795915439766243848e-04 9.999386787724974246e-01 1.105336374346998531e-02 -4.882809999999999928e-02 1.001886979747011741e-02 -1.105961985054939624e-02 9.998886473286625609e-01 3.265744699999999945e+00
9.999395225910429064e-01 -8.523353346843406432e-04 -1.096470176859688957e-02 -3.850089999999999762e-02 9.780069886208488279e-04 9.999338397407738777e-01 1.146122347755072594e-02 -4.948219999999999702e-02 1.095420753533691248e-02 -1.147125388740915901e-02 9.998741999229319166e-01 3.335917699999999986e+00
9.999304214445733363e-01 2.276583680890506079e-04 -1.179408501518238762e-02 -3.973340000000000205e-02 -9.273080139971029347e-05 9.999345618142264636e-01 1.143955813785313066e-02 -5.008270000000000083e-02 1.179591754279346073e-02 -1.143766851496794482e-02 9.998650089228371396e-01 3.406110799999999994e+00
9.999206053153096851e-01 5.188119178060597667e-04 -1.259023034175923289e-02 -4.070390000000000119e-02 -3.771560668947386823e-04 9.999366341553440618e-01 1.125101894864528364e-02 -5.059670000000000140e-02 1.259526971389723221e-02 -1.124537719578641397e-02 9.998574401746274098e-01 3.476048000000000027e+00
9.999110579865861936e-01 -2.367150814819699283e-03 -1.312527002258570032e-02 -4.291539999999999938e-02 2.497880277865610361e-03 9.999473507543036321e-01 9.952703831981504767e-03 -5.215770000000000128e-02 1.310101943603391404e-02 -9.984603971594854799e-03 9.998643262829548517e-01 3.615401299999999818e+00
9.999088626955339176e-01 -2.026846473318713766e-03 -1.334759140435634941e-02 -4.422340000000000299e-02 2.175392633142446408e-03 9.999357605011075512e-01 1.112396233198375932e-02 -5.247589999999999893e-02 1.332418739795120100e-02 -1.115198477605307097e-02 9.998490382381427510e-01 3.685303900000000077e+00
9.999048958992945435e-01 -2.037198197835238256e-03 -1.363997727724551925e-02 -4.549829999999999847e-02 2.211413939334193508e-03 9.999160204650420214e-01 1.276956012330048365e-02 -5.316760000000000236e-02 1.361281767342660196e-02 -1.279850932165165628e-02 9.998254294396264896e-01 3.754638200000000037e+00
9.999039484496176078e-01 -1.708434703353592377e-03 -1.375409487130396444e-02 -4.685940000000000244e-02 1.863022960398102827e-03 9.999351557086474385e-01 1.123447922122541159e-02 -5.380519999999999747e-02 1.373400962259319069e-02 -1.125902432662320707e-02 9.998422932397383889e-01 3.823571199999999948e+00
9.999043764226570596e-01 3.278840410020102385e-04 -1.382499558310910578e-02 -4.836850000000000177e-02 -1.888970576593121571e-04 9.999494452664509092e-01 1.005341878261317018e-02 -5.444559999999999678e-02 1.382759301971741434e-02 -1.004984593775684609e-02 9.998538884596630538e-01 3.892700899999999908e+00
9.998982110954107716e-01 2.512081272077762873e-03 -1.404481740286475482e-02 -4.957280000000000020e-02 -2.364127150036623905e-03 9.999416460919264837e-01 1.054112488242313697e-02 -5.509990000000000027e-02 1.407047799528488886e-02 -1.050684817872879831e-02 9.998458020066560703e-01 3.962130999999999847e+00
9.998936763852295240e-01 4.349990613090132241e-03 -1.391809995997464119e-02 -5.098649999999999710e-02 -4.200458606539104328e-03 9.999333412379463049e-01 1.075496295723027060e-02 -5.576239999999999669e-02 1.396395618456925530e-02 -1.069535704792838951e-02 9.998452966660855701e-01 4.031332500000000429e+00
9.998981873241553631e-01 6.244518943088895289e-03 -1.283047033580086461e-02 -5.348590000000000289e-02 -6.087738218056267143e-03 9.999067725758791214e-01 1.222234021280902902e-02 -5.668560000000000265e-02 1.290559681908895993e-02 -1.214298727902798566e-02 9.998429843883911428e-01 4.168828500000000048e+00
9.999107303990520945e-01 8.152784169786094631e-03 -1.058599750212713304e-02 -5.475599999999999912e-02 -8.012905355248810257e-03 9.998809091400525650e-01 1.318942322582060053e-02 -5.723210000000000103e-02 1.069226732746528068e-02 -1.310342121519705513e-02 9.998569776582324486e-01 4.237768199999999652e+00
9.999448454742505543e-01 6.665323001979873638e-03 -8.116617445502558037e-03 -5.560369999999999896e-02 -6.576297132570036591e-03 9.999184645302120478e-01 1.094607726847412338e-02 -5.777909999999999990e-02 8.188914793885060384e-03 -1.089209625474053811e-02 9.999071476460582586e-01 4.306137099999999940e+00
9.999778260359857285e-01 3.839551653628185506e-03 -5.441073372334670304e-03 -5.644160000000000149e-02 -3.807973603983289684e-03 9.999759168049255909e-01 5.802167455341519266e-03 -5.830559999999999909e-02 5.463220055551013844e-03 -5.781319334509972714e-03 9.999683642862793320e-01 4.373427900000000257e+00
9.999841256011617885e-01 4.823046031867791496e-03 -2.913206593136521885e-03 -5.704490000000000255e-02 -4.807280836650292162e-03 9.999738938074385075e-01 5.394604206722553030e-03 -5.906349999999999795e-02 2.939148964816961068e-03 -5.380513968395412433e-03 9.999812055597837590e-01 4.441513099999999881e+00
9.999904820166749531e-01 4.359964022985121646e-03 -1.630637182148296439e-04 -5.725650000000000184e-02 -4.358327525329604851e-03 9.999503381752167241e-01 8.962486510532755371e-03 -5.984479999999999661e-02 2.021317389154394487e-04 -8.961690520644121152e-03 9.999598228157829949e-01 4.509540600000000232e+00
9.999875767954835570e-01 3.884388096393667691e-03 3.123745158202971810e-03 -5.736449999999999882e-02 -3.917476625305641065e-03 9.999355370522293729e-01 1.065716270683203862e-02 -6.079289999999999694e-02 -3.082147236422241084e-03 -1.066926750936083787e-02 9.999383316481205153e-01 4.576664000000000065e+00
9.999650303403282425e-01 4.346533527499706756e-03 7.144630344584669730e-03 -5.731719999999999871e-02 -4.408906764477728280e-03 9.999521064201690734e-01 8.737643103781781578e-03 -6.139130000000000281e-02 -7.106309703958983877e-03 -8.768837560432042599e-03 9.999363018963909333e-01 4.644322400000000073e+00
9.999349649843340959e-01 3.762215447927218931e-03 1.076622202547360303e-02 -5.706200000000000161e-02 -3.824829085150501309e-03 9.999758587860150261e-01 5.801079868520422900e-03 -6.227680000000000021e-02 -1.074413720350786937e-02 -5.841881554340514621e-03 9.999252151714432824e-01 4.710844999999999949e+00
9.998966178940599248e-01 2.302003208927137258e-03 1.419345994626622191e-02 -5.634139999999999981e-02 -2.334273998226579078e-03 9.999947274362983585e-01 2.257490754018236755e-03 -6.303309999999999469e-02 -1.418818835938463578e-02 -2.290388794367386079e-03 9.998967193816815646e-01 4.777786700000000053e+00
9.998436150358672725e-01 1.970922938326845428e-03 1.757443981410414940e-02 -5.550519999999999760e-02 -1.994521035909461570e-03 9.999971326962884266e-01 1.325324503254833326e-03 -6.423020000000000118e-02 -1.757177731038345181e-02 -1.360169832333483000e-03 9.998446792278196105e-01 4.844472399999999901e+00
9.997727018276981736e-01 1.765111855077107841e-03 2.124686000997630039e-02 -5.449310000000000265e-02 -1.833478905850303986e-03 9.999932033181010427e-01 3.198698595501937077e-03 -6.566819999999999602e-02 -2.124106954101572312e-02 -3.236927206801281081e-03 9.997691429860253720e-01 4.911479899999999787e+00
9.996816992526068590e-01 2.921016272363694335e-03 2.505928656919381367e-02 -5.334520000000000234e-02 -3.010902169071717760e-03 9.999891661091218076e-01 3.549948240672943633e-03 -6.672110000000000540e-02 -2.504864562304058226e-02 -3.624269349781306191e-03 9.996796637043946498e-01 4.977489000000000274e+00
9.994801975370595226e-01 1.869936799381132246e-03 3.218443828384905808e-02 -4.990329999999999766e-02 -1.849979495665227689e-03 9.999980776280074091e-01 -6.498585656691529145e-04 -6.911029999999999951e-02 -3.218559160783263789e-02 5.899802166815313730e-04 9.994817355090576116e-01 5.109291999999999945e+00
9.992765889341429508e-01 8.642386860731347473e-04 3.802041424862943192e-02 -4.523370000000000168e-02 -8.722472147989468981e-04 9.999996007645197693e-01 1.940505020530240460e-04 -7.140370000000000050e-02 -3.802023136358016059e-02 -2.270733242063729832e-04 9.992769438172609542e-01 5.240990599999999944e+00
9.991690459962984106e-01 3.998548435508312345e-04 4.075607487174080085e-02 -4.251649999999999874e-02 -4.671646904613526450e-04 9.999985427648027114e-01 1.642018703561380025e-03 -7.249619999999999675e-02 -4.075535891142217232e-02 -1.659694060647379232e-03 9.991677767700608559e-01 5.307196099999999639e+00
9.990616745670514165e-01 -4.836256463214494363e-04 4.330746491672217424e-02 -3.974880000000000080e-02 3.329815546583156306e-04 9.999938697528705234e-01 3.485624759383112049e-03 -7.342629999999999990e-02 -4.330888516878678152e-02 -3.467933522025387193e-03 9.990557111105083932e-01 5.373049700000000151e+00
9.988277517021917351e-01 -2.859052081844920545e-03 4.832130224588410128e-02 -3.401769999999999794e-02 2.772894431035322592e-03 9.999944443440251796e-01 1.849956096417386267e-03 -7.493610000000000548e-02 -4.832632291018135184e-02 -1.713797618634354441e-03 9.988301304084210575e-01 5.503967799999999855e+00
9.987129051310286165e-01 -3.766811761645845035e-03 5.058007763826935510e-02 -3.091460000000000041e-02 3.867126765494294498e-03 9.999907449267766424e-01 -1.885574546398737341e-03 -7.576049999999999451e-02 -5.057250691156833788e-02 2.078747205110735401e-03 9.987182287085465404e-01 5.569547700000000212e+00
9.988471853623230867e-01 -2.852797016442612694e-03 4.791828297161718209e-02 -7.666300000000000024e-03 2.876350502849957594e-03 9.999957740050774424e-01 -4.225869979997197803e-04 -8.404620000000000146e-02 -4.791687491426956103e-02 5.599296108438514379e-04 9.988511698833221208e-01 6.037525699999999773e+00
9.997065031895255860e-01 -3.491556075175250833e-04 2.422365725758044222e-02 4.592999999999999861e-03 2.963966570895960450e-04 9.999975764935135070e-01 2.181549018738834778e-03 -9.083049999999999458e-02 -2.422436025146291680e-02 -2.173728930026310076e-03 9.997041838828853999e-01 6.447339999999999627e+00
9.999854091631739106e-01 2.605700498501588823e-03 4.731995950122685514e-03 6.505300000000000318e-03 -2.612279260799646972e-03 9.999956293970883037e-01 1.384624059036847991e-03 -9.512039999999999385e-02 -4.728367352846538259e-03 -1.396965151095830304e-03 9.999878454414049544e-01 6.723473499999999881e+00
9.999677957863541966e-01 7.792044721605584888e-03 -1.921309250685040168e-03 4.987100000000000387e-03 -7.790228676468789575e-03 9.999692035971802229e-01 9.508913657470900987e-04 -9.826189999999999924e-02 1.928659469318704444e-03 -9.358933046173423427e-04 9.999977021855469550e-01 6.932239100000000320e+00
9.998582537333940978e-01 1.569187518299603595e-02 -6.102253227207920204e-03 8.785000000000000491e-04 -1.564397816761647908e-02 9.998470517081501363e-01 7.819151975171263064e-03 -1.031732000000000066e-01 6.224017054831648861e-03 -7.722580123311051196e-03 9.999508104741653414e-01 7.284501099999999951e+00
9.998717455690314670e-01 1.429073025409903844e-02 -7.229622503464756648e-03 -7.230000000000000098e-04 -1.424903803060377158e-02 9.998817373110432394e-01 5.785871330443111832e-03 -1.042807000000000039e-01 7.311451835335641865e-03 -5.682114100809191118e-03 9.999571272066642980e-01 7.425349200000000316e+00
9.999156405084761445e-01 9.379187567087341262e-03 -8.985694581124685498e-03 -1.884599999999999947e-03 -9.301044210556644667e-03 9.999189049013056385e-01 8.699091766785765900e-03 -1.056741999999999959e-01 9.066556298679782216e-03 -8.614781573265999082e-03 9.999217884891437036e-01 7.567398100000000127e+00
9.999384644196614991e-01 6.057171409629257680e-03 -9.293979156627465293e-03 -2.782600000000000091e-03 -5.960481936576833562e-03 9.999281941034190435e-01 1.039611909122644881e-02 -1.059703000000000034e-01 9.356282869451795769e-03 -1.034008276512290297e-02 9.999027666024719041e-01 7.638832100000000125e+00
9.999571944042361382e-01 5.096191485222475613e-04 -9.238487296747416658e-03 -4.670399999999999899e-03 -4.179595176283165941e-04 9.999507011480095464e-01 9.920714865666549476e-03 -1.072961999999999944e-01 9.243087636192132486e-03 -9.916428889862157620e-03 9.999081106626858118e-01 7.780360199999999615e+00
9.999498885061668396e-01 -4.233546697215284996e-03 -9.071800199900996453e-03 -6.005700000000000101e-03 4.310668776672499022e-03 9.999545942877849924e-01 8.498676217452283757e-03 -1.083347999999999950e-01 9.035408745720750756e-03 -8.537355861961347728e-03 9.999227344868621969e-01 7.923055200000000298e+00
9.999538307989122021e-01 -4.363832049466299760e-03 -8.561147144187821259e-03 -6.885699999999999807e-03 4.441176135965460049e-03 9.999493102323009364e-01 9.036200555256003811e-03 -1.089085000000000053e-01 8.521280720039414378e-03 -9.073804923488753768e-03 9.999225239182787384e-01 7.994516800000000423e+00
9.999614266463082712e-01 -3.623354949068454539e-03 -8.001032332948221013e-03 -7.666899999999999930e-03 3.709667411508522396e-03 9.999348045564449006e-01 1.079930573510740760e-02 -1.091845000000000038e-01 7.961380984214569759e-03 -1.082857033857162476e-02 9.999096751593349319e-01 8.066102000000000771e+00
9.999763155885635912e-01 -1.309254582962244163e-03 -6.756782840860493453e-03 -9.293900000000000772e-03 1.380691762974028004e-03 9.999430891956236911e-01 1.057884966188280852e-02 -1.100512000000000018e-01 6.742547899511735707e-03 -1.058792814246747351e-02 9.999212138091044810e-01 8.208291100000000284e+00
9.999840083425284298e-01 -1.104656842463453900e-03 -5.546421591477876389e-03 -1.099220000000000058e-02 1.140922278003462641e-03 9.999779655419118729e-01 6.539627436970458195e-03 -1.116359999999999991e-01 5.539075334888369714e-03 -6.545850893445411163e-03 9.999632345644089426e-01 8.348856899999999470e+00
9.999850832493254460e-01 -2.474119458358905836e-03 -4.869498099965216542e-03 -1.197089999999999960e-02 2.469061619274532521e-03 9.999964064591811974e-01 -1.044415360121092595e-03 -1.135538999999999993e-01 4.872064609590111631e-03 1.032376689973810505e-03 9.999875985155066704e-01 8.488896399999999787e+00
9.999845609960743564e-01 -2.868213974924419072e-03 -4.759319077616614227e-03 -1.300759999999999937e-02 2.861362320579296289e-03 9.999948611001712173e-01 -1.445814275676706633e-03 -1.166710999999999998e-01 4.763441524663262691e-03 1.432173817464122345e-03 9.999876291749801860e-01 8.628972100000000367e+00
9.999866435150146504e-01 -1.269958235282232784e-03 -5.009989785992347011e-03 -1.428620000000000063e-02 1.268433130556907099e-03 9.999991482360863770e-01 -3.075784372057332344e-04 -1.187983999999999984e-01 5.010376130433164682e-03 3.012194920106505140e-04 9.999874026195776366e-01 8.769460699999999775e+00
9.999828463492815844e-01 -5.626826643146184016e-04 -5.830128249746592724e-03 -1.555430000000000007e-02 5.617125190188689172e-04 9.999998281210972229e-01 -1.680381564279397944e-04 -1.214654000000000011e-01 5.830221799828110875e-03 1.647604179347288318e-04 9.999829905392239038e-01 8.908165000000000333e+00
9.999749856165817130e-01 -3.974951130616244496e-04 -7.061879264921971586e-03 -1.739129999999999843e-02 4.088995975258895017e-04 9.999986146023236433e-01 1.613565788126632931e-03 -1.242999000000000048e-01 7.061228096895463130e-03 -1.616413025362541198e-03 9.999737627891519542e-01 9.045562699999999623e+00
9.999673223395157962e-01 9.262957390787025834e-04 -8.030954447803226662e-03 -1.951349999999999960e-02 -9.196891088313240625e-04 9.999992357000496712e-01 8.262997394856022668e-04 -1.262153000000000025e-01 8.031713707673028904e-03 -8.188867566040921014e-04 9.999674099686438611e-01 9.185350400000000803e+00
9.999582536502544805e-01 1.416057778084170958e-03 -9.026945059229726787e-03 -2.006689999999999863e-02 -1.419112446892857940e-03 9.999989379479482521e-01 -3.319982509647966483e-04 -1.276181999999999872e-01 9.026465343438615230e-03 3.447946413406678483e-04 9.999592011877579401e-01 9.255258599999999447e+00
9.999453151785200333e-01 1.017617823703506402e-03 -1.040822302293311317e-02 -2.197769999999999932e-02 -1.029153828649703424e-03 9.999988620509966397e-01 -1.103058977953647827e-03 -1.303931999999999869e-01 1.040708868642953484e-02 1.113710319943848285e-03 9.999452245770245051e-01 9.394315699999999936e+00
9.999283425811129611e-01 1.812067224340879528e-03 -1.183326309024352804e-02 -2.420220000000000010e-02 -1.833866135327909654e-03 9.999966411162091173e-01 -1.831581638228408368e-03 -1.330340999999999885e-01 1.182990439463260310e-02 1.853151012267355248e-03 9.999283070267286355e-01 9.534342799999999229e+00
9.999159388441686280e-01 1.712228658079539096e-03 -1.285237403779807691e-02 -2.520599999999999924e-02 -1.718898949223427461e-03 9.999983936779780480e-01 -5.079644338749421222e-04 -1.343492000000000020e-01 1.285148364148566008e-02 5.300136660261068472e-04 9.999172758052170540e-01 9.604050600000000770e+00
9.999097428313467040e-01 2.070338611233869201e-03 -1.327478395247426099e-02 -2.656280000000000099e-02 -2.073967941743394116e-03 9.999978156196859258e-01 -2.596398144384897788e-04 -1.354434999999999945e-01 1.327421741296467769e-02 2.871478564349701636e-04 9.999118524640968619e-01 9.673869099999999221e+00
9.998856001832968632e-01 2.829624985067800969e-03 -1.485865971519993202e-02 -2.913150000000000114e-02 -2.824213118931201590e-03 9.999959377148176509e-01 3.851936154263045187e-04 -1.379582000000000030e-01 1.485968930856504215e-02 -3.431855276499023153e-04 9.998895298268437593e-01 9.814095500000000527e+00
9.998761208160602543e-01 3.296194463821321748e-03 -1.539084545708500201e-02 -3.064129999999999979e-02 -3.304800775340123366e-03 9.999943966676049234e-01 -5.337838776820732004e-04 -1.391824000000000117e-01 1.538899976159957203e-02 5.845814309706203350e-04 9.998814114438211442e-01 9.883742299999999759e+00
9.998636129384163018e-01 4.298593230465126876e-03 -1.594608472245852976e-02 -3.224400000000000183e-02 -4.315111627823993261e-03 9.999901882281184706e-01 -1.001628240268643806e-03 -1.404984999999999984e-01 1.594162267073976486e-02 1.070300766740301833e-03 9.998723514143654789e-01 9.953465500000000077e+00
9.998567629771809573e-01 4.533097620464926654e-03 -1.630658010610470943e-02 -3.367540000000000117e-02 -4.545776699873081868e-03 9.999893936847320530e-01 -7.405621087432724724e-04 -1.417078999999999978e-01 1.630305011304221396e-02 8.145821047325481562e-04 9.998667646306713674e-01 1.002301310000000001e+01
9.998533897982211371e-01 4.223652466858161120e-03 -1.659396483200163350e-02 -3.516430000000000250e-02 -4.253233866179552056e-03 9.999894275894758433e-01 -1.747773140866038010e-03 -1.431592999999999893e-01 1.658640740745527878e-02 1.818094912690853800e-03 9.998607831194312734e-01 1.009249020000000030e+01
9.998564021812096358e-01 -5.026369913085040235e-04 -1.693878311160381886e-02 -3.799330000000000068e-02 4.465276576682408326e-04 9.999944020426806413e-01 -3.316096553537546242e-03 -1.460770999999999875e-01 1.694035508181348029e-02 3.308056734158985098e-03 9.998510294690632350e-01 1.023080159999999950e+01
9.998569158563218595e-01 1.795617237897709402e-04 -1.691495113417145965e-02 -3.995889999999999859e-02 -1.712257161436712483e-04 9.999998631915004710e-01 4.942658538699542603e-04 -1.474512000000000045e-01 1.691503757129110899e-02 -4.912988576420202662e-04 9.998568098129823056e-01 1.030009270000000043e+01
9.998533240563816094e-01 7.203813750030012807e-04 -1.711173352056458499e-02 -4.319230000000000291e-02 -6.503654051220374502e-04 9.999913961557664877e-01 4.096906061975921776e-03 -1.497691999999999912e-01 1.711453762869699288e-02 -4.085176264909923249e-03 9.998451899852498492e-01 1.043928430000000063e+01
9.998488397497853342e-01 1.784002941711257178e-03 -1.729494100921185121e-02 -4.964799999999999769e-02 -1.772262282287208291e-03 9.999981886178351820e-01 6.941523256182496665e-04 -1.549476999999999938e-01 1.729614805125506347e-02 -6.633962257540135894e-04 9.998501903625546250e-01 1.071136860000000013e+01
9.998652630547576470e-01 1.429667241437563002e-03 -1.635273029249162055e-02 -5.276469999999999771e-02 -1.371434047555242230e-03 9.999926809352922552e-01 3.571728503114669426e-03 -1.571642000000000039e-01 1.635771698903667679e-02 -3.548820568233313974e-03 9.998599056705299581e-01 1.084797949999999922e+01
9.999081477567238752e-01 1.531685625998358805e-04 -1.355258606720916026e-02 -5.534399999999999736e-02 -1.344247636904124621e-04 9.999990333162847023e-01 1.383942368412305638e-03 -1.592628000000000099e-01 1.355278494260819810e-02 -1.381993447021723437e-03 9.999072017514484267e-01 1.098230550000000072e+01
9.999429242284548769e-01 -6.189756397819402237e-04 -1.066607493898280926e-02 -5.792049999999999976e-02 6.130067224397036871e-04 9.999996536959256943e-01 -5.628772397007630749e-04 -1.619220000000000104e-01 1.066641965257716235e-02 5.563067374083798108e-04 9.999429573803743088e-01 1.111579509999999971e+01
9.999570997429225727e-01 -4.440758712939043684e-04 -9.252106265236509364e-03 -5.913329999999999975e-02 4.443145780418710031e-04 9.999999010103649555e-01 2.374480912301181804e-05 -1.631480999999999904e-01 9.252094804877087492e-03 -2.785463615583330091e-05 9.999571980669176297e-01 1.118200399999999917e+01
9.999763966135113424e-01 4.873926398220937829e-05 -6.870505100901439823e-03 -6.032839999999999731e-02 -3.206019667394218885e-05 9.999970525632611018e-01 2.427722581763960136e-03 -1.655673000000000006e-01 6.870603175934080105e-03 -2.427445009544791470e-03 9.999734508089324070e-01 1.131265740000000086e+01
9.999826167984920966e-01 -2.985687365988505234e-04 -5.888714422490770421e-03 -6.104180000000000023e-02 3.118282362588276025e-04 9.999974181247548444e-01 2.250890262824782519e-03 -1.664718000000000031e-01 5.888027173102783514e-03 -2.252687402577968536e-03 9.999801280702907968e-01 1.137820340000000030e+01
9.999924038155065809e-01 5.630551958956051526e-05 -3.897324848334861314e-03 -6.184810000000000307e-02 -4.649420465712821851e-05 9.999968300275843269e-01 2.517493410444544659e-03 -1.688429999999999931e-01 3.897454242697135675e-03 -2.517293084081023702e-03 9.999892364850508919e-01 1.150773329999999994e+01
9.999956411441731641e-01 4.058469381299173537e-04 -2.924547985049522417e-03 -6.259040000000000437e-02 -3.993516832091394825e-04 9.999974534244711055e-01 2.221185000388384290e-03 -1.698381999999999947e-01 2.925441998598617838e-03 -2.220007395402747406e-03 9.999932566554022850e-01 1.157179640000000020e+01
9.999985679160852126e-01 -8.717812614099209115e-04 -1.450573407664845597e-03 -6.354799999999999338e-02 8.750170586537802525e-04 9.999971272276900747e-01 2.231564812899525154e-03 -1.720685999999999882e-01 1.448623804110218960e-03 -2.232830893587987777e-03 9.999964579713643831e-01 1.169822980000000001e+01
9.999985681750174216e-01 -8.353841873156805410e-04 -1.471659326935780042e-03 -6.373170000000000224e-02 8.398133262654309227e-04 9.999951125386230544e-01 3.011579725606539169e-03 -1.731395000000000017e-01 1.469136308176047191e-03 -3.012811332665934951e-03 9.999943822874115540e-01 1.176021859999999997e+01
9.999968535753317456e-01 -1.094216366292355674e-03 -2.257328062168834602e-03 -6.481009999999999549e-02 1.102977818760867475e-03 9.999918499260841420e-01 3.883750936820513141e-03 -1.754287999999999959e-01 2.253060000940603803e-03 -3.886228499672998975e-03 9.999899104234404312e-01 1.188118359999999996e+01
9.999965791926830327e-01 -7.348058706447105652e-04 -2.510311387951395714e-03 -6.514000000000000346e-02 7.423911822823345318e-04 9.999951579704959848e-01 3.022067321429756752e-03 -1.766689999999999927e-01 2.508078600140321076e-03 -3.023920616558949115e-03 9.999922826931417763e-01 1.194080160000000035e+01
9.999950147883298612e-01 -6.696849126634457205e-04 -3.085760944372316350e-03 -6.549879999999999591e-02 6.767125427342109752e-04 9.999971787588516348e-01 2.276957283728003358e-03 -1.777878999999999987e-01 3.084227394756874040e-03 -2.279034105748915795e-03 9.999926467454259837e-01 1.199967290000000020e+01
9.999863681561700357e-01 -1.250056255814085884e-03 -5.069601679609896105e-03 -6.615680000000000172e-02 1.261533702704311418e-03 9.999966472762581438e-01 2.261408622930238116e-03 -1.801812999999999887e-01 5.066757794639937043e-03 -2.267773269139169122e-03 9.999845924662290608e-01 1.211477280000000079e+01
9.998722433620020889e-01 -1.830870312508103013e-03 -1.587907012819163646e-02 -7.012960000000000027e-02 1.916196278784203190e-03 9.999837995006762847e-01 5.359937314209128716e-03 -1.845642999999999867e-01 1.586899952922127613e-02 -5.389679961728180251e-03 9.998595532392795526e-01 1.238990399999999958e+01
9.997679692271996821e-01 -1.311079476169269746e-03 -2.150090179337302634e-02 -7.265950000000000186e-02 1.437549078136028885e-03 9.999817518456977083e-01 5.867659521271319407e-03 -1.862379999999999869e-01 2.149281647362797157e-02 -5.897206645250225969e-03 9.997516100481229628e-01 1.249306960000000011e+01
9.996940628521905348e-01 -1.069408461260335907e-03 -2.471107168099937607e-02 -7.406459999999999433e-02 1.210807826219995140e-03 9.999829770404450313e-01 5.707851937162090883e-03 -1.873092000000000090e-01 2.470454700026836897e-02 -5.736026052205954809e-03 9.996783399487256805e-01 1.254254820000000059e+01
9.995119341587674899e-01 -1.466779702254567518e-03 -3.120483987308232329e-02 -7.710119999999999474e-02 1.610036517605447238e-03 9.999882786340753560e-01 4.566221290179821660e-03 -1.890436000000000061e-01 3.119777646903111254e-02 -4.614233605266269966e-03 9.995025800825251272e-01 1.263795760000000001e+01
9.993106421265762762e-01 -3.449986699440049003e-07 -3.712466205167098965e-02 -8.105829999999999980e-02 1.368311165793893898e-04 9.999932418947887758e-01 3.673886497434130684e-03 -1.908875999999999906e-01 3.712440989181295392e-02 -3.676433683812221909e-03 9.993038887273246740e-01 1.272872450000000022e+01
9.992109010725185314e-01 1.879305637440985581e-03 -3.967421565912399722e-02 -8.293280000000000096e-02 -1.743574304645704618e-03 9.999925098057113049e-01 3.455471186187923475e-03 -1.916296999999999862e-01 3.968041237802067550e-02 -3.383569534600739011e-03 9.992066934977540393e-01 1.277287390000000045e+01
9.991830602387629101e-01 2.792644781811548169e-03 -4.031641436218427743e-02 -8.673830000000000429e-02 -2.594238485303147941e-03 9.999842709332373847e-01 4.972706788354786314e-03 -1.932098999999999900e-01 4.032966722627512324e-02 -4.864053992730599241e-03 9.991745888082691485e-01 1.285765549999999990e+01
9.992169083138056074e-01 2.875148731081119801e-03 -3.946268692795897037e-02 -9.035709999999999575e-02 -2.680146182676783426e-03 9.999839409796700274e-01 4.993455637868399535e-03 -1.945776999999999923e-01 3.947641012350824874e-02 -4.883779534544866255e-03 9.992085676880571032e-01 1.293880940000000024e+01
9.992377488392512053e-01 3.254246520951235410e-03 -3.890155747841279876e-02 -9.234639999999999516e-02 -3.132928233607632906e-03 9.999900388282224606e-01 3.179151618447154017e-03 -1.953652999999999917e-01 3.891151571641025819e-02 -3.054852518680366714e-03 9.992379905811931140e-01 1.297819520000000004e+01
9.993262241448225280e-01 3.412865751114623359e-03 -3.654381047204614125e-02 -9.576030000000000653e-02 -3.420782393460832741e-03 9.999941372315908072e-01 -1.541112033047997688e-04 -1.971043000000000101e-01 3.654307026330092661e-02 2.790157903497456895e-04 9.993320399976778345e-01 1.305581090000000088e+01
9.995532333334683495e-01 2.743947139902747426e-03 -2.976246775222667756e-02 -1.012176000000000048e-01 -2.787033211622411827e-03 9.999951274028835435e-01 -1.406277486112859649e-03 -1.999430000000000096e-01 2.975846398062620413e-02 1.488598194293467430e-03 9.995560103850756883e-01 1.320975209999999933e+01
9.998209432360595228e-01 4.818096293385030040e-04 -1.891690582620030731e-02 -1.050031000000000020e-01 -4.937466345812052768e-04 9.999996819450894803e-01 -6.263577098118985149e-04 -2.027402000000000093e-01 1.891659802440952276e-02 6.355857148156864945e-04 9.998208631299818627e-01 1.336028669999999963e+01
9.998737370200124763e-01 8.880486432678025830e-05 -1.589031564604917804e-02 -1.056858999999999993e-01 -9.478933979862206390e-05 9.999999248725975898e-01 -3.758587237687453135e-04 -2.036466000000000109e-01 1.589028107416807015e-02 3.773174992555086314e-04 9.998736703198503051e-01 1.339759349999999927e+01
9.999186330284138835e-01 1.767861336285041066e-04 -1.275523693433921676e-02 -1.063792999999999961e-01 -1.904063501713574658e-04 9.999994130470818421e-01 -1.066607197493897987e-03 -2.040985999999999911e-01 1.275504088625312865e-02 1.068949089006604415e-03 9.999180797844566815e-01 1.343449209999999994e+01
