9.999999998760600306e-01 -6.800124959051995041e-06 1.419994015802038678e-05 7.799999999999999859e-06 6.799875039052030358e-06 9.999999998220000519e-01 1.760004827754638003e-05 -5.119999999999999768e-05 -1.420005983802037030e-05 -1.759995171754639398e-05 9.999999997442999833e-01 -3.880000000000000121e-05
9.999994156156781777e-01 -1.020915000595484876e-03 3.556695990193177361e-04 5.280999999999999887e-04 1.020684597394772540e-03 9.999992695497577078e-01 6.473815749609526963e-04 -1.521100000000000056e-03 -3.563302607813596942e-04 -6.470181701598295499e-04 9.999997271980791691e-01 6.858920000000000294e-02
9.999926494962005918e-01 -2.620919601819499492e-04 3.825213899005051443e-03 -1.184500000000000006e-03 2.627070522916848615e-04 9.999999526448037912e-01 -1.602978312205254074e-04 -5.060199999999999941e-03 -3.825171705088499779e-03 1.613015636185008081e-04 9.999926709947588588e-01 2.785355999999999943e-01
9.999925971363594623e-01 -3.586430633256747430e-04 3.831063511869718923e-03 -7.872000000000000525e-04 3.601555419133192553e-04 9.999998574823200093e-01 -3.941108033259210623e-04 -6.354099999999999679e-03 -3.830921620769641139e-03 3.954876645326065444e-04 9.999925837870212719e-01 3.486899999999999999e-01
9.999888262969222064e-01 -8.154657389984063323e-04 4.656425338448544858e-03 -1.280700000000000068e-03 8.113295691725777321e-04 9.999992747405884730e-01 8.900913589460975354e-04 -7.359499999999999723e-03 -4.657147800340043740e-03 -8.863035177658127152e-04 9.999887626570811427e-01 4.178717000000000126e-01
9.999939748596889943e-01 -2.852190191644057501e-03 1.978700439778963583e-03 -3.276999999999999965e-03 2.848999197039482449e-03 9.999946397018283362e-01 1.613620521037457825e-03 -1.027499999999999941e-02 -1.983292185977752076e-03 -1.607973482783297886e-03 9.999967404813796534e-01 5.541357000000000088e-01
9.999967325605751967e-01 -2.554134820266546532e-03 -1.061296065863823060e-04 -3.621300000000000040e-03 2.554260110147498365e-03 9.999960206687297237e-01 1.197665226639968395e-03 -1.151119999999999921e-02 1.030701858031365492e-04 -1.197932395961998292e-03 9.999992771669945490e-01 6.240858999999999712e-01
9.999969808765426516e-01 -2.101577031828590417e-03 -1.273425215223288748e-03 -4.412000000000000123e-03 2.102819403253315851e-03 9.999973136989600553e-01 9.750617523990595540e-04 -1.259539999999999965e-02 1.271372627036352308e-03 -9.777365918184140366e-04 9.999987138205730375e-01 6.935909000000000102e-01
9.999985018350902033e-01 -4.124393645553869761e-04 -1.681136920531304570e-03 -7.495500000000000426e-03 4.135602552878664667e-04 9.999996924043984547e-01 6.664525666340839413e-04 -1.450249999999999977e-02 1.680861532147893533e-03 -6.671468195922633862e-04 9.999983648084784793e-01 8.335692999999999575e-01
9.999980425347293478e-01 -1.302207119921031542e-03 -1.489692359639555692e-03 -8.847999999999999962e-03 1.303791416140049394e-03 9.999985850473043225e-01 1.063029318656372613e-03 -1.555999999999999918e-02 1.488305967447896847e-03 -1.064969485924587272e-03 9.999983253912684278e-01 9.036775999999999698e-01
9.999980454589781909e-01 -1.019688036044568953e-03 1.693905113231261280e-03 -1.359939999999999934e-02 1.018710821543637084e-03 9.999993142666014911e-01 5.776630410029378769e-04 -1.617949999999999944e-02 -1.694492987755726954e-03 -5.759363124673105806e-04 9.999983984941568371e-01 9.739934999999999565e-01
9.999994599489945291e-01 -3.633915100941881521e-04 9.736777339610285052e-04 -1.380750000000000033e-02 3.638084056492639322e-04 9.999998422198866921e-01 -4.280229498919975949e-04 -1.735130000000000006e-02 -9.735220404279291192e-04 4.283769508817817403e-04 9.999994343738524138e-01 1.044041299999999950e+00
9.999959477354135595e-01 -1.107954576133909647e-03 -2.622393831845892722e-03 -1.111529999999999983e-02 1.106043079415386723e-03 9.999991217007440092e-01 -7.302509481181393338e-04 -1.921509999999999885e-02 2.623200613479034510e-03 7.273475083988682928e-04 9.999962948852078037e-01 1.112462899999999921e+00
9.999923627572731011e-01 -1.825472209792181316e-04 -3.903985609389902696e-03 -1.131120000000000042e-02 1.822520785851368679e-04 9.999999805074403225e-01 -7.595589963678874414e-05 -2.043800000000000130e-02 3.903999398829626453e-03 7.524381005106891760e-05 9.999923765344728155e-01 1.182757400000000070e+00
9.999609959098183509e-01 -3.907159229602620121e-04 -8.823491378802585799e-03 -9.674000000000000307e-03 3.896765027821495601e-04 9.999999169335521687e-01 -1.195203412017042813e-04 -2.436939999999999940e-02 8.823537344366923219e-03 1.160773721567172746e-04 9.999610650994249506e-01 1.394046899999999978e+00
9.999530084172908451e-01 -1.890417837617835474e-03 -9.508274165624901533e-03 -1.034359999999999967e-02 1.908335877583492574e-03 9.999964199042429280e-01 1.875748617323972538e-03 -2.595269999999999869e-02 9.504694176447827866e-03 -1.893805453651842144e-03 9.999530360419512931e-01 1.463693499999999981e+00
9.999421157379739800e-01 -2.134040402787920013e-03 -1.054566475019215466e-02 -1.102880000000000006e-02 2.155895176507721753e-03 9.999955512376532685e-01 2.061460863024135864e-03 -2.716980000000000089e-02 1.054121859426543351e-02 -2.084076884651391015e-03 9.999422680005514152e-01 1.533254300000000070e+00
9.999355179871168842e-01 -2.659744763006641720e-03 -1.104018231877745143e-02 -1.221610000000000057e-02 2.669368737265616701e-03 9.999960699359228267e-01 8.570783238717043532e-04 -2.806260000000000004e-02 1.103785932057011268e-02 -8.864933752716397429e-04 9.999386880159777391e-01 1.602564199999999994e+00
9.999205213256650016e-01 -2.797046207295538454e-03 -1.229339515042227222e-02 -1.281460000000000064e-02 2.795642255536297076e-03 9.999960835532599734e-01 -1.313869112122892087e-04 -2.915999999999999842e-02 1.229371449925660727e-02 9.700853380823558727e-05 9.999244247307668143e-01 1.671165599999999918e+00
9.999110086172324774e-01 -2.500192142923763575e-03 -1.310434604691414553e-02 -1.392380000000000007e-02 2.498496381973974809e-03 9.999968681279542970e-01 -1.457741812479486062e-04 -3.056829999999999964e-02 1.310466946924168305e-02 1.130200474156375771e-04 9.999141237449198361e-01 1.740227200000000085e+00
9.999028266456159164e-01 -2.982607026789990332e-03 -1.361768414346374405e-02 -1.509809999999999972e-02 2.990047464409360811e-03 9.999953914313253200e-01 5.260534868725915726e-04 -3.180489999999999706e-02 1.361605237460476563e-02 -5.667198904349779551e-04 9.999071366613491163e-01 1.809045999999999932e+00
9.998901398745340119e-01 -3.432693308329697393e-03 -1.441959771754267559e-02 -1.594220000000000012e-02 3.442717257571985094e-03 9.999938491143777197e-01 6.703963720556497131e-04 -3.316720000000000085e-02 1.441720775910611090e-02 -7.199653201355334618e-04 9.998958074571413501e-01 1.878063199999999933e+00
9.998680393141309297e-01 -4.546474457124334047e-03 -1.559594588751101948e-02 -1.788440000000000168e-02 4.559224602740296652e-03 9.999893008600695410e-01 7.820718707755720507e-04 -3.588269999999999654e-02 1.559222335451950631e-02 -8.530740882284523199e-04 9.998780699842669817e-01 2.015771899999999839e+00
9.998600048406376395e-01 -5.383841041826634491e-03 -1.584250534847399944e-02 -1.885380000000000042e-02 5.404179088003252529e-03 9.999846269753488448e-01 1.241233804406920854e-03 -3.697629999999999667e-02 1.583557919575007134e-02 -1.326675773788469747e-03 9.998737292093068385e-01 2.085323100000000096e+00
9.998589014396287444e-01 -5.454662407805045687e-03 -1.588785290578026768e-02 -2.008120000000000044e-02 5.497741208829818454e-03 9.999813254219559466e-01 2.669016475997516760e-03 -3.844510000000000288e-02 1.587299762299379177e-02 -2.755987185255081347e-03 9.998702178188403344e-01 2.154659999999999798e+00
9.998680686626061354e-01 -4.511402113287673807e-03 -1.560424685405305441e-02 -2.150439999999999990e-02 4.566284129705701356e-03 9.999835077638082881e-01 3.483281446612456617e-03 -3.942319999999999852e-02 1.558827502184892237e-02 -3.554075317398357886e-03 9.998721789461297860e-01 2.224253899999999895e+00
9.998700817739469837e-01 -4.076207921033551604e-03 -1.559500247980093006e-02 -2.288540000000000019e-02 4.124316195067423418e-03 9.999868316611443264e-01 3.053935203855443186e-03 -4.057220000000000271e-02 1.558234864465554183e-02 -3.117857163300836749e-03 9.998737267162417508e-01 2.293307500000000054e+00
9.998779174355059141e-01 -3.164161640505473716e-03 -1.530157854433581571e-02 -2.464130000000000140e-02 3.210836458557823556e-03 9.999902646921053906e-01 3.026722691186660777e-03 -4.167900000000000077e-02 1.529185253892151319e-02 -3.075484047382147541e-03 9.998783429216787644e-01 2.362322999999999951e+00
9.998903163918598791e-01 -4.133076532582890075e-04 -1.480487631052764159e-02 -2.618579999999999866e-02 4.874648581455166764e-04 9.999873525265344787e-01 5.005713234336450594e-03 -4.280590000000000089e-02 1.480262016665757734e-02 -5.012381046578167319e-03 9.998778717785714587e-01 2.431163999999999881e+00
9.999150743288683918e-01 -2.413233364029530946e-04 -1.303019159264171868e-02 -2.731760000000000091e-02 3.454595094947957457e-04 9.999680177304051121e-01 7.990254942832069815e-03 -4.363589999999999830e-02 1.302784662255981711e-02 -7.994077768664753850e-03 9.998831781428306753e-01 2.500789199999999823e+00
9.999344238983337574e-01 3.048290411527528141e-04 -1.144792480596813419e-02 -2.817510000000000153e-02 -1.803558517286267180e-04 9.999408768998476749e-01 1.087245034619527956e-02 -4.438840000000000147e-02 1.145056220777730671e-02 -1.086967267305711041e-02 9.998753596529451615e-01 2.570431500000000202e+00
9.999681949962970773e-01 8.115039709400600001e-04 -7.934132413363655795e-03 -3.066699999999999982e-02 -6.936426097432885855e-04 9.998895446274984611e-01 1.484646101075185777e-02 -4.420040000000000080e-02 7.945304007877091595e-03 -1.484048536669117964e-02 9.998583060305612502e-01 2.709457899999999864e+00
9.999846734136896842e-01 4.360679732680922561e-04 -5.519309960414242079e-03 -3.156060000000000115e-02 -3.711150305008217984e-04 9.999307344590308011e-01 1.176386662018084894e-02 -4.474650000000000155e-02 5.524057507898915385e-03 -1.176163802137944817e-02 9.999155707657040315e-01 2.847615199999999902e+00
9.999884568201210522e-01 7.531338021368566256e-04 -4.745420528155618392e-03 -3.252519999999999717e-02 -6.996390512242772622e-04 9.999363085797422501e-01 1.126451459746009853e-02 -4.503830000000000333e-02 4.753601972290471753e-03 -1.126106448762587142e-02 9.999252930568836017e-01 2.916056199999999876e+00
9.999888071761697805e-01 4.388966417842326715e-04 -4.710933253500836256e-03 -3.299269999999999980e-02 -3.890894352037108659e-04 9.999440772235641539e-01 1.056839793564239710e-02 -4.524279999999999968e-02 4.715308239396688757e-03 -1.056644667106725055e-02 9.999330557957142318e-01 2.985250499999999807e+00
9.999854403767959310e-01 -2.899498400495521214e-04 -5.388410110194005558e-03 -3.363990000000000036e-02 3.408408294829993459e-04 9.999553273565394695e-01 9.446010734953281737e-03 -4.566390000000000032e-02 5.385430526368628450e-03 -9.447709794767751926e-03 9.999408672104963536e-01 3.054477499999999957e+00
9.999738493100014392e-01 -1.712050643280605224e-04 -7.229895224994045168e-03 -3.429299999999999710e-02 2.431871187782360137e-04 9.999504036199131640e-01 9.956463247463338481e-03 -4.627690000000000276e-02 7.227832051431715664e-03 -9.957961096468308584e-03 9.999242958617604593e-01 3.123358000000000079e+00
9.999620153736453743e-01 -1.578600968954242028e-04 -8.714521792229425537e-03 -3.495100000000000290e-02 2.541296819599561901e-04 9.999389474270107270e-01 1.104702840888488469e-02 -4.674650000000000333e-02 8.712245863276605121e-03 -1.104882341028993673e-02 9.999010052366514856e-01 3.192358299999999982e+00
9.999433075354017264e-01 8.798587776482542401e-04 -1.061167110743308981e-02 -3.703490000000000254e-02 -7.604920913165283229e-04 9.999364566110635621e-01 1.124741712081237660e-02 -4.768340000000000078e-02 1.062089294456826372e-02 -1.123870938506257855e-02 9.998804368745385363e-01 3.329875700000000105e+00
9.999311463510970333e-01 7.775691393341545472e-04 -1.170888308996268640e-02 -3.844689999999999913e-02 -6.547864576906664829e-04 9.999448010828650979e-01 1.048646947471185316e-02 -4.884920000000000234e-02 1.171639072733936596e-02 -1.047808062494241972e-02 9.998764603763513614e-01 3.466489300000000107e+00
9.999264550097932691e-01 -8.777330190153375972e-04 -1.209603886795745584e-02 -3.950309999999999933e-02 9.966099307185079855e-04 9.999512345782656242e-01 9.825234554366702247e-03 -4.981630000000000086e-02 1.208682506673280574e-02 -9.836566990045784650e-03 9.998785679319547315e-01 3.534077900000000216e+00
9.999223966134476171e-01 -9.691288924153863621e-04 -1.242020692295473135e-02 -4.069339999999999763e-02 1.108797869134409315e-03 9.999361767423319280e-01 1.124335400196129452e-02 -5.047170000000000128e-02 1.240851796567704092e-02 -1.125625297858491754e-02 9.998596528767312863e-01 3.601962299999999839e+00
9.999209871499846747e-01 -9.616923232446902316e-04 -1.253373866312961632e-02 -4.199250000000000205e-02 1.121424242078628616e-03 9.999181711806472972e-01 1.274336495667809446e-02 -5.092590000000000311e-02 1.252045784584159341e-02 -1.275641370547479433e-02 9.998402432612448765e-01 3.669975299999999940e+00
9.999159970106457074e-01 -8.270939683153215793e-04 -1.293502368664225556e-02 -4.303270000000000012e-02 9.736393762260008673e-04 9.999353716566050654e-01 1.132715923487892171e-02 -5.165700000000000153e-02 1.292481909240829861e-02 -1.133880176803602965e-02 9.998521793874801666e-01 3.737532900000000158e+00
9.999162928838316589e-01 1.267969121826580158e-03 -1.287631468089401980e-02 -4.439909999999999690e-02 -1.138350113062454793e-03 9.999486602679813485e-01 1.006881260573196796e-02 -5.215469999999999828e-02 1.288842055782644068e-02 -1.005331202019267914e-02 9.998664008421070948e-01 3.805092300000000094e+00
9.999104838715413557e-01 3.431880990912532150e-03 -1.293237938834535319e-02 -4.567609999999999726e-02 -3.298278953236591631e-03 9.999411215947803244e-01 1.033802204095931633e-02 -5.269859999999999822e-02 1.296709681179727611e-02 -1.029444202649844146e-02 9.998629300377309681e-01 3.872633500000000062e+00
9.999050394170013734e-01 5.129406354927450694e-03 -1.279067390448841712e-02 -4.709719999999999879e-02 -4.989401999538023609e-03 9.999275573737771428e-01 1.095380628816102105e-02 -5.362019999999999981e-02 1.284593383806475336e-02 -1.088894829437535121e-02 9.998581963402962680e-01 3.940069700000000008e+00
9.998966683535690514e-01 6.909716418998120696e-03 -1.260588887947754547e-02 -4.835160000000000152e-02 -6.768516705633668279e-03 9.999142625962920139e-01 1.120957796347585127e-02 -5.386579999999999840e-02 1.268226308819785444e-02 -1.112309648985898396e-02 9.998577083402613308e-01 4.007482099999999825e+00
9.999050062363010749e-01 7.403805767964590639e-03 -1.162592636021434964e-02 -4.945719999999999977e-02 -7.263179705761948698e-03 9.999005112583868593e-01 1.209189008296104179e-02 -5.422069999999999668e-02 1.171429571697250524e-02 -1.200630023641163432e-02 9.998593021172971218e-01 4.074582600000000276e+00
9.999131875445436135e-01 9.329279670906636887e-03 -9.304940372309486452e-03 -5.070270000000000332e-02 -9.209538286399988546e-03 9.998752868444624742e-01 1.282946461296131935e-02 -5.466809999999999725e-02 9.423469587235881739e-03 -1.274265665102462461e-02 9.998744035739751679e-01 4.142018300000000153e+00
9.999449649086813441e-01 7.962129375119598659e-03 -6.831665213537208535e-03 -5.138070000000000137e-02 -7.889028508857280284e-03 9.999120456147030378e-01 1.066134437143540295e-02 -5.527089999999999781e-02 6.915951341820869396e-03 -1.060686242174177854e-02 9.999198288295936266e-01 4.208752200000000165e+00
9.999800723519276513e-01 4.659826433848209687e-03 -4.259215495821639177e-03 -5.211249999999999910e-02 -4.635288892279333314e-03 9.999727088828770372e-01 5.752876352392564431e-03 -5.597119999999999873e-02 4.285906662370230630e-03 -5.733019016819604526e-03 9.999743814203613246e-01 4.274594300000000402e+00
9.999812895224716724e-01 5.928631688606095934e-03 -1.507292697380583756e-03 -5.274720000000000103e-02 -5.920874147527491541e-03 9.999694658042224127e-01 5.100069464925868247e-03 -5.656449999999999673e-02 1.537483106854119815e-03 -5.091049549826074695e-03 9.999858585800988076e-01 4.341040600000000360e+00
9.999858351545076740e-01 5.191706252166651200e-03 1.172892379156366491e-03 -5.284110000000000196e-02 -5.201757850216690016e-03 9.999483115730941618e-01 8.735897056730418386e-03 -5.741729999999999751e-02 -1.127477542826646473e-03 -8.741874416239109324e-03 9.999611534585136630e-01 4.407704800000000311e+00
9.999780170743525209e-01 4.872365307280560401e-03 4.497268544163619992e-03 -5.301680000000000281e-02 -4.919047320157571637e-03 9.999335271252565160e-01 1.042805371610582704e-02 -5.843509999999999677e-02 -4.446160310646184340e-03 -1.044994675375653451e-02 9.999355130563848393e-01 4.473657600000000123e+00
9.999450177833378861e-01 5.790234768356810474e-03 8.742687893740682878e-03 -5.305300000000000293e-02 -5.863502462117409914e-03 9.999477111055390388e-01 8.378209454895181596e-03 -5.891579999999999734e-02 -8.693718948573793751e-03 -8.429011574358165337e-03 9.999266828196567980e-01 4.540051000000000059e+00
9.999132753284855069e-01 5.104610032395848901e-03 1.214021327149975536e-02 -5.244879999999999681e-02 -5.170328921505495251e-03 9.999721175878804047e-01 5.388111510899339443e-03 -5.974589999999999762e-02 -1.211237056499589286e-02 -5.450413124489354028e-03 9.999117878473423593e-01 4.605948399999999943e+00
9.997354849903099527e-01 3.902351904054958583e-03 2.266565024009880094e-02 -4.984340000000000298e-02 -3.961921237887767837e-03 9.999888133460210771e-01 2.583865886848589217e-03 -6.326819999999999666e-02 -2.265531353334899675e-02 -2.672981936595275349e-03 9.997397621062553696e-01 4.802122100000000060e+00
9.995304648668847936e-01 4.321296316500362888e-03 3.033440622682471652e-02 -4.711869999999999947e-02 -4.354483460225454239e-03 9.999899907255267451e-01 1.028067388617018036e-03 -6.562759999999999427e-02 -3.032966001760726768e-02 -1.159675345049320482e-03 9.995392773054545543e-01 4.931620099999999951e+00
9.994233391544383727e-01 3.945609559236109773e-03 3.372567743720553124e-02 -4.531550000000000161e-02 -3.906857313991382932e-03 9.999916302491653752e-01 -1.214865237156070475e-03 -6.687529999999999863e-02 -3.373018854558156032e-02 1.082403262376307974e-03 9.994303891636761028e-01 4.995916799999999824e+00
9.993227313978577664e-01 3.724676974265215927e-03 3.660881441623773519e-02 -4.275090000000000140e-02 -3.677667559675263514e-03 9.999923242677364321e-01 -1.351357440083381057e-03 -6.819870000000000099e-02 -3.661356678672086223e-02 1.215807158942171446e-03 9.993287589878051547e-01 5.060649399999999964e+00
9.992144331756428466e-01 2.580494465297210067e-03 3.954563922600497217e-02 -4.055799999999999683e-02 -2.568493842917426214e-03 9.999966386618712733e-01 -3.542659137924683804e-04 -6.911989999999999801e-02 -3.954642048096980445e-02 2.524148833773648686e-04 9.992177024622156400e-01 5.125154000000000210e+00
9.989912138100618400e-01 1.234508878011616366e-03 4.488909353205452341e-02 -3.519039999999999668e-02 -1.363233175522132355e-03 9.999950461947447744e-01 2.837107907625919471e-03 -7.111810000000000354e-02 -4.488536872532724459e-02 -2.895440173871354373e-03 9.989879479255948658e-01 5.254207100000000352e+00
9.987546871261332448e-01 -1.244504573035568875e-03 4.987510553319581680e-02 -2.947659999999999864e-02 1.182739015922909401e-03 9.999984967799047109e-01 1.267898399317496328e-03 -7.275669999999999360e-02 -4.987660846529102382e-02 -1.207330235880687977e-03 9.987546577021313432e-01 5.382556400000000352e+00
9.987740840955930954e-01 -1.480169889946848349e-03 4.947866243246833856e-02 -3.583499999999999880e-03 1.535305094028591166e-03 9.999982421683136780e-01 -1.076335705539261008e-03 -8.166020000000000223e-02 -4.947698229760489480e-02 1.150981050957648830e-03 9.987746009312326034e-01 5.905865200000000037e+00
9.992518510728125580e-01 4.676975214559237338e-04 3.867194573054432566e-02 4.157300000000000058e-03 -4.305343517161397686e-04 9.999994375413264747e-01 -9.693075893774694444e-04 -8.539239999999999331e-02 -3.867237732193010841e-02 9.519328018596603285e-04 9.992514903947909977e-01 6.104409699999999717e+00
9.996766436345598805e-01 1.422557800527095425e-03 2.538866874897764692e-02 1.031750000000000028e-02 -1.455209086651242231e-03 9.999981377413104111e-01 1.267627873354062367e-03 -8.834709999999999785e-02 -2.538681819478924573e-02 -1.304163799273694866e-03 9.996768520970810146e-01 6.306585799999999686e+00
9.999697215411267326e-01 4.503869109322710361e-03 6.345956508486366547e-03 1.181399999999999985e-02 -4.507262308326097887e-03 9.999897067789110805e-01 5.205023644637168543e-04 -9.286700000000000510e-02 -6.343546913632367064e-03 -5.490894950352583374e-04 9.999797287511787980e-01 6.576239099999999560e+00
9.999233245060151765e-01 1.232228868553458465e-02 -1.227318372952856777e-03 9.661499999999999949e-03 -1.232163794425980563e-02 9.999239418794702017e-01 5.363716923965290055e-04 -9.758129999999999582e-02 1.233834352260577104e-03 -5.212079931981918610e-04 9.999991029971071477e-01 6.850120099999999823e+00
9.998419684817861919e-01 1.705750665638181701e-02 -5.007946598578729216e-03 5.136499999999999573e-03 -1.703223851602635869e-02 9.998422097681682885e-01 5.045633462647977976e-03 -1.026733999999999980e-01 5.093222319898720041e-03 -4.959539552589009928e-03 9.999747307076446434e-01 7.261967199999999956e+00
9.998822996446850020e-01 1.422275797182255726e-02 -5.753261069290996517e-03 4.636300000000000317e-03 -1.418787875536131789e-02 9.998809918568997146e-01 6.058565810957524354e-03 -1.033755999999999980e-01 5.838745899559977075e-03 -5.976226145109834152e-03 9.999650962745564309e-01 7.331167699999999954e+00
9.999403502863162263e-01 8.512301455567600900e-03 -6.843726558599410280e-03 3.686399999999999833e-03 -8.445245111608826877e-03 9.999166272660591215e-01 9.768129394823805989e-03 -1.045757999999999965e-01 6.926305240471605958e-03 -9.709749780437978289e-03 9.999288709977911527e-01 7.469397100000000123e+00
9.999525615971049941e-01 6.717238958442259093e-03 -7.053598809343054714e-03 2.883199999999999825e-03 -6.641210093435258484e-03 9.999201907254811061e-01 1.074739540596887470e-02 -1.050511999999999974e-01 7.125228689862091007e-03 -1.070004113508788053e-02 9.999173667037815072e-01 7.538498899999999558e+00
9.999761518113547965e-01 -5.187030502840844564e-05 -6.906020418870183024e-03 2.036200000000000163e-03 1.069274852894108713e-04 9.999682156729128302e-01 7.972214902010114207e-03 -1.060924000000000034e-01 6.905387394439598849e-03 -7.972763222521956489e-03 9.999443737886275496e-01 7.677526499999999920e+00
9.999760052291523094e-01 -1.843971964518913761e-03 -6.677479564955809618e-03 1.466300000000000025e-03 1.897974953301410223e-03 9.999654738325196579e-01 8.090045363343704651e-03 -1.073423000000000016e-01 6.662331200336312279e-03 -8.102524933524533554e-03 9.999449797027227804e-01 7.816238399999999586e+00
9.999807488960366086e-01 -1.368076503017442774e-03 -6.052289154001320136e-03 8.873999999999999944e-04 1.430273154597670087e-03 9.999460934687541824e-01 1.028418568875519128e-02 -1.080891999999999964e-01 6.037893343293476885e-03 -1.029264413352814871e-02 9.999288001256466663e-01 7.885675400000000224e+00
9.999884140859049975e-01 1.324429921356187322e-03 -4.627913065322891185e-03 -4.912000000000000133e-04 -1.278731025359004791e-03 9.999505352255538826e-01 9.863668135796881467e-03 -1.088352999999999959e-01 4.640747883860335370e-03 -9.857636000165906701e-03 9.999406434741847649e-01 8.023629200000000239e+00
9.999931181425021354e-01 1.310079556084487937e-03 -3.470930594603666326e-03 -1.835700000000000005e-03 -1.289504570450372613e-03 9.999816249553724612e-01 5.923422116958489136e-03 -1.106633999999999951e-01 3.478626970316577374e-03 -5.918905571946122754e-03 9.999764325779042506e-01 8.161616300000000379e+00
9.999960489032929667e-01 3.602484712735946632e-04 -2.787902229585203801e-03 -2.478000000000000168e-03 -3.649505954855287873e-04 9.999985116133315310e-01 -1.686292437364108948e-03 -1.128124999999999961e-01 2.787290595836011600e-03 1.687303221238455097e-03 9.999946919953994762e-01 8.298615500000000367e+00
9.999968729422714642e-01 3.076482202263065439e-05 -2.500631761030458391e-03 -3.265399999999999900e-03 -3.603508619249877265e-05 9.999977784535044600e-01 -2.107555344087983472e-03 -1.159083999999999948e-01 2.500561367195669373e-03 2.107638864121801243e-03 9.999946525113357909e-01 8.435318000000000538e+00
9.999949527988861719e-01 1.276702730883904399e-03 -2.909365375858562284e-03 -4.268000000000000092e-03 -1.279293890126057421e-03 9.999987865955852762e-01 -8.889400990320130147e-04 -1.181524999999999936e-01 2.908226933369744641e-03 8.926575457220353119e-04 9.999953726785989483e-01 8.571849800000000741e+00
9.999933303644301663e-01 2.047417385313655275e-03 -3.024451802552238257e-03 -4.866699999999999846e-03 -2.048175854711164860e-03 9.999978718071547146e-01 -2.477031075099913574e-04 -1.195531999999999984e-01 3.023938214286839461e-03 2.538960645762598496e-04 9.999953956566323132e-01 8.639421499999999199e+00
9.999914578150809197e-01 2.400997615293192899e-03 -3.364447550589297255e-03 -5.490400000000000315e-03 -2.403391825778550522e-03 9.999968613879529622e-01 -7.077584156638925834e-04 -1.207251000000000019e-01 3.362737664625470736e-03 7.158384556019748747e-04 9.999940897678867291e-01 8.707005499999999287e+00
9.999846597104753432e-01 2.180758585266951745e-03 -5.091624074659615619e-03 -6.315399999999999660e-03 -2.177224459633621267e-03 9.999973851614752940e-01 6.995454697974831269e-04 -1.230673999999999935e-01 5.093136300673877133e-03 -6.884491300928324972e-04 9.999867929129954147e-01 8.842096299999999687e+00
9.999748245761672649e-01 3.622353082903154858e-03 -6.101538495042040447e-03 -7.982799999999999965e-03 -3.621601341136799698e-03 9.999934329688244805e-01 1.342495847749379132e-04 -1.253634999999999888e-01 6.101984725445812330e-03 -1.121488649880997670e-04 9.999813764291025642e-01 8.976130500000000012e+00
9.999626099607005214e-01 4.508152206557203279e-03 -7.379379666779819005e-03 -9.832000000000000461e-03 -4.516162153238504132e-03 9.999892305446507201e-01 -1.069146446051708142e-03 -1.277300000000000102e-01 7.374480319970091319e-03 1.102432945789562097e-03 9.999722004543979414e-01 9.110618600000000455e+00
9.999482235595360535e-01 4.592233847317584404e-03 -9.080836328206108241e-03 -1.117549999999999967e-02 -4.622034522717287548e-03 9.999839932121638020e-01 -3.263451596991640696e-03 -1.301723999999999937e-01 9.065704440302838410e-03 3.305254566088436201e-03 9.999534430638531424e-01 9.245371799999999141e+00
9.999332701520824429e-01 4.813950326617396323e-03 -1.050148204852100961e-02 -1.309019999999999975e-02 -4.829886291552965179e-03 9.999872219952498087e-01 -1.492663603631294881e-03 -1.330503000000000102e-01 1.049416225209127973e-02 1.543284962603173839e-03 9.999437438326973515e-01 9.379937200000000530e+00
9.999126218589819981e-01 5.756699872940472182e-03 -1.189996023814591034e-02 -1.536610000000000059e-02 -5.765047649955196141e-03 9.999831593184324019e-01 -6.673118614443231773e-04 -1.354608999999999952e-01 1.189591832059688423e-02 7.358573907798741974e-04 9.999289702979957672e-01 9.515141500000000363e+00
9.999020411683003928e-01 6.157412303485929224e-03 -1.256957999263217350e-02 -1.638519999999999907e-02 -6.163485354132793199e-03 9.999809067634328752e-01 -4.444737020173034178e-04 -1.365472000000000075e-01 1.256660319082644924e-02 5.219025840849216826e-04 9.999209009226364131e-01 9.582259199999999311e+00
9.998811825572295753e-01 7.353280435823166851e-03 -1.354806387600858593e-02 -1.909119999999999914e-02 -7.377076438661864417e-03 9.999713315649715328e-01 -1.707276016354896796e-03 -1.392838000000000132e-01 1.353512139488998074e-02 1.807018264993718887e-03 9.999067632403612071e-01 9.716875099999999321e+00
9.998665256468958207e-01 7.431253078599282975e-03 -1.455016730099914675e-02 -2.117780000000000010e-02 -7.466638607377591198e-03 9.999692939924741397e-01 -2.379155333210984831e-03 -1.420559000000000127e-01 1.453204041805811024e-02 2.487478617905393950e-03 9.998913102189723734e-01 9.851144800000000146e+00
9.998845893701658882e-01 3.039585256030625550e-03 -1.488518933457467185e-02 -2.363550000000000026e-02 -3.098225760267861277e-03 9.999875248788644422e-01 -3.918045913576699742e-03 -1.448022999999999949e-01 1.487309440544323964e-02 3.963711406472937744e-03 9.998815330101327170e-01 9.985553700000000532e+00
9.998824632342981911e-01 3.606988692603629604e-03 -1.490132038054339109e-02 -2.518590000000000065e-02 -3.611599123915077477e-03 9.999934382515952569e-01 -2.824987099269518653e-04 -1.461320999999999870e-01 1.490020363217577429e-02 3.362831015738205272e-04 9.998889292543423624e-01 1.005267519999999948e+01
9.998791530496434765e-01 4.015741326426802878e-03 -1.501842596035785418e-02 -2.811119999999999938e-02 -3.966806607433602354e-03 9.999867309909105106e-01 3.286683351270830444e-03 -1.483200000000000074e-01 1.503142515088785533e-02 -3.226710974278242106e-03 9.998818153133007813e-01 1.018697449999999982e+01
9.998706129110765950e-01 5.548016346211725319e-03 -1.509890563750583385e-02 -2.922630000000000020e-02 -5.543625207681684292e-03 9.999845786583805296e-01 3.326634607135731635e-04 -1.494003000000000136e-01 1.510051841444174335e-02 -2.489177444563157957e-04 9.998859496880490028e-01 1.025372699999999959e+01
9.998663005971497597e-01 5.613019004830389035e-03 -1.535822085469408169e-02 -3.050829999999999861e-02 -5.637800681100354171e-03 9.999828738160684294e-01 -1.570757154076784417e-03 -1.506844999999999990e-01 1.534914113722105761e-02 1.657133732778345468e-03 9.998808217853473179e-01 1.031956289999999932e+01
9.998682796447683208e-01 5.321194222809143975e-03 -1.533324010947204226e-02 -3.228199999999999820e-02 -5.340452270214804398e-03 9.999850012011167744e-01 -1.215295170782923744e-03 -1.520031000000000021e-01 1.532654330764563443e-02 1.297021528623695363e-03 9.998817004052995561e-01 1.038482379999999949e+01
9.998738166612743949e-01 5.256248692420454130e-03 -1.499075064496812638e-02 -3.491539999999999921e-02 -5.227815896975841065e-03 9.999844622614463274e-01 1.935245884469268592e-03 -1.543439000000000061e-01 1.500068985625363678e-02 -1.856632804152946042e-03 9.998857595837972179e-01 1.051762869999999950e+01
9.999066578660118498e-01 4.817804599822022096e-03 -1.278531634572487551e-02 -3.769100000000000228e-02 -4.789165548671795239e-03 9.999859561519655049e-01 2.269667858207253478e-03 -1.570369000000000070e-01 1.279607160693238370e-02 -2.208225005994107846e-03 9.999156885926698823e-01 1.064914040000000028e+01
9.999439342243026108e-01 3.273567631254113881e-03 -1.007036061851821103e-02 -3.995789999999999759e-02 -3.280340310058599967e-03 9.999944044398187959e-01 -6.560918397489997516e-04 -1.594566000000000039e-01 1.006815650819959350e-02 6.890892653248274725e-04 9.999490773936994259e-01 1.077877810000000025e+01
9.999580622556124565e-01 2.663406882039804583e-03 -8.762419402278367325e-03 -4.081309999999999799e-02 -2.673336600530750676e-03 9.999957975224782469e-01 -1.121699069657408621e-03 -1.608937000000000006e-01 8.759395037386090432e-03 1.145076924625857296e-03 9.999609801374330642e-01 1.084425449999999991e+01
9.999784870572099305e-01 2.679433545644183210e-03 -5.987157810499700236e-03 -4.243779999999999775e-02 -2.671336417753323537e-03 9.999955071654805794e-01 1.360003895768643325e-03 -1.634889999999999954e-01 5.990774951250945127e-03 -1.343980925384615334e-03 9.999811519877540578e-01 1.097237780000000029e+01
9.999821761768203920e-01 3.415735950248246014e-03 -4.896945638727671218e-03 -4.306349999999999761e-02 -3.407030611127593103e-03 9.999926030219872253e-01 1.784949222017959440e-03 -1.646600000000000008e-01 4.903006331355465319e-03 -1.768233363706468936e-03 9.999864168475920412e-01 1.103602979999999967e+01
9.999867608939904118e-01 3.035313002495622619e-03 -4.155106704064397485e-03 -4.327539999999999859e-02 -3.029065261676706835e-03 9.999942736775693231e-01 1.509097647952305785e-03 -1.655670999999999948e-01 4.159663494296542141e-03 -1.496491579472724329e-03 9.999902288085452673e-01 1.109959890000000016e+01
9.999894838558172072e-01 3.547158762222785231e-03 -2.906861278407006383e-03 -4.400740000000000207e-02 -3.542019702416889394e-03 9.999921585277161684e-01 1.771152028103074351e-03 -1.669201999999999908e-01 2.913121041770572964e-03 -1.760837242492666911e-03 9.999942065722188245e-01 1.116265959999999957e+01
9.999930022150279596e-01 3.644946875757136117e-03 -8.425456948960812062e-04 -4.488990000000000341e-02 -3.643437122901247143e-03 9.999917667914658415e-01 1.786537213148805831e-03 -1.691655999999999993e-01 8.490505912751661549e-04 -1.783454949083018628e-03 9.999980491988662568e-01 1.128750420000000076e+01
9.999968860803652992e-01 2.424875965577161577e-03 5.897509003005553486e-04 -4.552239999999999759e-02 -2.425918485555639097e-03 9.999954848243466365e-01 1.773485387919087903e-03 -1.714005000000000112e-01 -5.854477553791816299e-04 -1.774910553039028838e-03 9.999982534702019921e-01 1.141033649999999966e+01
9.999971641804293876e-01 2.291594934954488058e-03 6.482466764792397043e-04 -4.566889999999999838e-02 -2.293198366777065081e-03 9.999942863292170525e-01 2.483656612850113424e-03 -1.725059999999999927e-01 -6.425514376969705677e-04 -2.485136127867854962e-03 9.999967056076114469e-01 1.147030349999999999e+01
9.999981064852835333e-01 1.925093550382207591e-03 -2.846764301626511962e-04 -4.631149999999999850e-02 -1.924099028710511477e-03 9.999921856617366434e-01 3.453470484964657559e-03 -1.749253000000000058e-01 2.913224593617711150e-04 -3.452916200124698815e-03 9.999939962324472242e-01 1.158745569999999958e+01
9.999967409659741291e-01 2.502670187317125160e-03 -5.046774852164000787e-04 -4.654450000000000254e-02 -2.501321345706390958e-03 9.999933449544270436e-01 2.655831015296032660e-03 -1.761878000000000055e-01 5.113207956692698408e-04 -2.654559999285917814e-03 9.999963459244509689e-01 1.164487740000000038e+01
9.999961997541217951e-01 2.452607333088128571e-03 -1.259045108069044685e-03 -4.679250000000000076e-02 -2.450185697420273565e-03 9.999951525031043342e-01 1.921343368887809024e-03 -1.773762999999999868e-01 1.263751305687706291e-03 -1.918251172994393274e-03 9.999973616190567238e-01 1.170175839999999923e+01
9.999931049690125029e-01 1.816690433956144168e-03 -3.238772962198405159e-03 -4.737319999999999726e-02 -1.810901783658522366e-03 9.999967594524469261e-01 1.789334886216070210e-03 -1.796742000000000061e-01 3.242013134371540123e-03 -1.783457448962472679e-03 9.999931542917502858e-01 1.181369499999999917e+01
9.999877652926796312e-01 1.362218686157055979e-03 -4.755378555256373208e-03 -4.802130000000000287e-02 -1.350971234400622249e-03 9.999962846242240744e-01 2.367617889711760241e-03 -1.805190999999999879e-01 4.758586100569128091e-03 -2.361164542962995976e-03 9.999858902806202376e-01 1.186914059999999971e+01
9.999784496284893631e-01 4.242696409867321300e-04 -6.551356643818761691e-03 -4.853230000000000044e-02 -3.989244188172506736e-04 9.999924338064642981e-01 3.869520530013438511e-03 -1.814078000000000079e-01 6.552948795072533264e-03 -3.866823644266848773e-03 9.999710528495278083e-01 1.192360880000000023e+01
9.999605187058938638e-01 7.133289870508962563e-04 -8.857324155516503941e-03 -4.915560000000000068e-02 -6.630518916610658427e-04 9.999836603777533250e-01 5.677969681064934208e-03 -1.825450000000000128e-01 8.861229690546786400e-03 -5.671872641937659824e-03 9.999446527028907905e-01 1.197651669999999946e+01
9.999351113740726493e-01 8.000940693999466190e-04 -1.136366537702102920e-02 -4.995549999999999990e-02 -7.318741404617053973e-04 9.999816946209288959e-01 6.006228708419329883e-03 -1.836697999999999942e-01 1.136826290878773134e-02 -5.997522199661133903e-03 9.999173927509718007e-01 1.202893070000000009e+01
9.998597448512224206e-01 1.174500711907374611e-03 -1.670662066745048913e-02 -5.205610000000000098e-02 -1.081811467118705275e-03 9.999839800875938156e-01 5.556010450351520948e-03 -1.853209000000000106e-01 1.671287856708009861e-02 -5.537157777464346391e-03 9.998449977740296868e-01 1.213122940000000050e+01
9.997433066617504860e-01 1.856147292314822787e-03 -2.258042298669846876e-02 -5.445090000000000346e-02 -1.729208358333355483e-03 9.999826007349048584e-01 5.639863997398144278e-03 -1.869972000000000023e-01 2.259049852222076021e-02 -5.599370025718077189e-03 9.997291215283430343e-01 1.222897150000000011e+01
9.995736240769962366e-01 1.661224920461160407e-03 -2.915150735971269377e-02 -5.732290000000000302e-02 -1.525626697977723123e-03 9.999879171095181762e-01 4.673125094191001548e-03 -1.888771999999999951e-01 2.915891823710478961e-02 -4.626658268251382551e-03 9.995640807474579503e-01 1.232106590000000068e+01
9.993753606871427220e-01 2.820843443660046163e-03 -3.522685472348776464e-02 -6.097849999999999798e-02 -2.688286624387188455e-03 9.999891294166012301e-01 3.809745877746122545e-03 -1.908124999999999960e-01 3.523721848370687387e-02 -3.712666278326503654e-03 9.993720801296368528e-01 1.240857409999999916e+01
9.992428368687218398e-01 5.683078273387522951e-03 -3.848968157685325048e-02 -6.459710000000000452e-02 -5.524376609525178707e-03 9.999758009604752251e-01 4.228327864798044414e-03 -1.922816999999999998e-01 3.851278008174866679e-02 -4.012494834220623266e-03 9.992500516165011559e-01 1.249285700000000077e+01
9.992757689879646632e-01 5.959726959490740592e-03 -3.758216555867991554e-02 -6.834500000000000297e-02 -5.742905775606755442e-03 9.999662536307265537e-01 5.874575132037361015e-03 -1.937476999999999949e-01 3.761590816083282968e-02 -5.654489746897456599e-03 9.992762732092351774e-01 1.257304380000000066e+01
9.992995331840391904e-01 6.345586128486593175e-03 -3.688057096693839187e-02 -7.169069999999999609e-02 -6.217395081773637033e-03 9.999742294327618186e-01 3.589494219439866816e-03 -1.952102000000000004e-01 3.690239797843167247e-02 -3.357678817310219728e-03 9.993132336842144303e-01 1.265017890000000023e+01
9.993378810680566549e-01 6.017551590332564405e-03 -3.588298392364368261e-02 -7.335550000000000403e-02 -5.966461209118961891e-03 9.999810289415961284e-01 1.530717984075067760e-03 -1.959944000000000131e-01 3.589151435989938743e-02 -1.315610035070485838e-03 9.993548260588872578e-01 1.268782810000000083e+01
9.993731721341216900e-01 6.534152197721999900e-03 -3.479321303990424302e-02 -7.475550000000000250e-02 -6.536998706727645617e-03 9.999786330854583127e-01 3.194442749668917575e-05 -1.965619000000000116e-01 3.479267834604572035e-02 1.955187848053788538e-04 9.993945323574235928e-01 1.272570799999999913e+01
9.994178541263634141e-01 6.601766912024534251e-03 -3.347192147299437454e-02 -7.627950000000000008e-02 -6.617908654235277535e-03 9.999780324022110589e-01 -3.714808833376587031e-04 -1.974094999999999878e-01 3.346873374508217008e-02 5.927787460643018855e-04 9.994395892073012488e-01 1.276344869999999965e+01
9.996565885768489146e-01 5.862417662563320156e-03 -2.554088827833281630e-02 -8.138170000000000126e-02 -5.890971158232552116e-03 9.999821042985379549e-01 -1.042852569030305442e-03 -2.002584000000000031e-01 2.553431756890097923e-02 1.192955077748736586e-03 9.996732343543428545e-01 1.291147519999999993e+01
9.997988550860776868e-01 4.869279428892717143e-03 -1.945609124186030436e-02 -8.299900000000000333e-02 -4.873030661431692820e-03 9.999881161449132305e-01 -1.453998638259141414e-04 -2.015687999999999924e-01 1.945515203592553671e-02 2.401807465560184152e-04 9.998107017693239618e-01 1.298490720000000032e+01
9.999031976836797453e-01 3.935369668508855237e-03 -1.334571569921260900e-02 -8.448250000000000204e-02 -3.928840315205003875e-03 9.999921492421731672e-01 5.154297204903640671e-04 -2.032632000000000050e-01 1.334763933171889683e-02 -4.629466398251895162e-04 9.999108091248334329e-01 1.305725669999999994e+01
9.999882974641972622e-01 4.571075244279396155e-03 -1.584362890011402217e-03 -8.560049999999999604e-02 -4.574093992388441818e-03 9.999877204679964438e-01 -1.906981218845234119e-03 -2.057209999999999872e-01 1.575626480135819884e-03 1.914205927106209714e-03 9.999969266037089799e-01 1.320060830000000074e+01
