9.999999999012599838e-01 1.280001913922867383e-05 5.799957759650496032e-06 3.499999999999999947e-06 -1.279998085922867473e-05 9.999999998962999515e-01 -6.600037119602283614e-06 -1.119999999999999949e-05 -5.800042239650490774e-06 6.599962879602288747e-06 9.999999999613999879e-01 -2.999999999999999864e-07
9.999999336495740687e-01 -2.180400734088916968e-04 2.918207908847827753e-04 -3.030999999999999949e-04 2.175597917654344203e-04 9.999986235979354543e-01 1.644831289709056251e-03 -8.698000000000000002e-04 -2.921790283571971199e-04 -1.644767692103301640e-03 9.999986046843537535e-01 4.908850000000000019e-02
9.999935707657505723e-01 -1.856593609961352826e-03 -3.067814748517102338e-03 -1.051700000000000031e-03 1.862598677719586645e-03 9.999963528868438534e-01 1.955745171674002324e-03 -2.291599999999999974e-03 3.064172535861129764e-03 -1.961446705424238490e-03 9.999933817648456458e-01 1.476154000000000077e-01
9.999850371800030890e-01 -1.675765894439315215e-03 -5.207420165003590583e-03 -1.519100000000000008e-03 1.682220788735217659e-03 9.999978219276230984e-01 1.235424310810510082e-03 -2.834699999999999893e-03 5.205338540940356203e-03 -1.244165855836175784e-03 9.999856781484409707e-01 1.968547999999999965e-01
9.999713696213623493e-01 2.193182830048064687e-04 -7.563850677223525956e-03 -2.512799999999999929e-03 -2.126786031931226736e-04 9.999995914055422874e-01 8.786105850024394405e-04 -4.304999999999999799e-03 7.564040282040994032e-03 -8.769767608519224954e-04 9.999710076829090299e-01 2.946772999999999754e-01
9.999684327202859047e-01 -1.796011200610402828e-04 -7.943633071374842092e-03 -3.209699999999999793e-03 1.879959160129118084e-04 9.999994246956961375e-01 1.056061462321684257e-03 -5.266999999999999980e-03 7.943438831547060958e-03 -1.057521495909831280e-03 9.999678911984200003e-01 3.438167999999999780e-01
9.999634603282190337e-01 -8.510958151916733425e-04 -8.506094540239964377e-03 -3.858400000000000111e-03 8.624882167610557326e-04 9.999987359505968509e-01 1.335743719568837371e-03 -5.956200000000000036e-03 8.504946942226343162e-03 -1.343031318243353501e-03 9.999629303851158557e-01 3.927004000000000050e-01
9.999606529016640266e-01 -1.054659816181953945e-03 -8.807970319536225640e-03 -4.503700000000000238e-03 1.068918673995159028e-03 9.999981257097467768e-01 1.614307858429391311e-03 -6.862700000000000224e-03 8.806251265214073976e-03 -1.623659344053888414e-03 9.999599060307309273e-01 4.417633000000000254e-01
9.999565346107204267e-01 -8.299594777252881613e-04 -9.286552459571066967e-03 -5.268899999999999972e-03 8.356223242993110955e-04 9.999994672940737406e-01 6.059264806004151628e-04 -7.692000000000000053e-03 9.286044618144159365e-03 -6.136601943210552622e-04 9.999566954606162739e-01 4.913489999999999802e-01
9.999426597080717238e-01 -1.026023991245262777e-03 -1.065948266647578045e-02 -5.584399999999999781e-03 1.026746712218133467e-03 9.999994709530319881e-01 6.232852496928713390e-05 -8.687300000000000230e-03 1.065941307654683957e-02 -7.326953981522011815e-05 9.999431841581990499e-01 5.403875999999999680e-01
9.999333345334777690e-01 -3.531082065729292617e-04 -1.154130856335176120e-02 -6.323600000000000401e-03 3.596798796404874674e-04 9.999997743813431317e-01 5.673338055594799589e-04 -9.420299999999999507e-03 1.154110562919461597e-02 -5.714471604616184856e-04 9.999332359357790967e-01 5.897390999999999606e-01
9.999187088411412017e-01 -3.852897233195974993e-04 -1.274469541786466334e-02 -8.178799999999999959e-03 3.822946484987035584e-04 9.999998987362860303e-01 -2.374409808009818573e-04 -1.116039999999999914e-02 1.274478561085927095e-02 2.325494500934963810e-04 9.999187548798583736e-01 6.875232999999999484e-01
9.999063151705842589e-01 5.767890053875912891e-05 -1.368786159810240523e-02 -9.019499999999999740e-03 -4.871860437154994081e-05 9.999997843342892656e-01 6.549487557085514325e-04 -1.203549999999999932e-02 1.368789642282414350e-02 -6.542205434322063062e-04 9.999061023351135669e-01 7.364049000000000289e-01
9.998983749635825813e-01 -1.260425158705876045e-03 -1.420038991035342708e-02 -1.001220000000000061e-02 1.295108127928613993e-03 9.999962004658381476e-01 2.433464366730294336e-03 -1.300970000000000078e-02 1.419726875577620971e-02 -2.451608106218058740e-03 9.998962082024162035e-01 7.853238000000000163e-01
9.998846366749706283e-01 -1.296919100595174228e-03 -1.513378149070796451e-02 -1.075710000000000034e-02 1.339002304320086652e-03 9.999952644575759164e-01 2.770944830149251869e-03 -1.396110000000000059e-02 1.513011613276676361e-02 -2.790889333029307213e-03 9.998816382565187677e-01 8.344363000000000197e-01
9.998744334476263873e-01 -1.902471222211998998e-03 -1.573206728427498438e-02 -1.175419999999999937e-02 1.928207136837484410e-03 9.999968273735895252e-01 1.620882473531211777e-03 -1.447470000000000007e-02 1.572893369004234668e-02 -1.651013629321954144e-03 9.998749295781799162e-01 8.835705999999999838e-01
9.998537217612440964e-01 -2.236952767236510820e-03 -1.695674268560577735e-02 -1.254659999999999977e-02 2.248483256896258511e-03 9.999972537236847536e-01 6.609600079013993029e-04 -1.521340000000000019e-02 1.695521758138624629e-02 -6.989902758556380564e-04 9.998560056374928839e-01 9.326516999999999724e-01
9.998416956627541596e-01 -1.955331402360189260e-03 -1.768503020454047572e-02 -1.361880000000000035e-02 1.964913243460274499e-03 9.999979320344161149e-01 5.244452659740342576e-04 -1.602599999999999858e-02 1.768396816820928460e-02 -5.591117940736790382e-04 9.998434700811059672e-01 9.812855000000000327e-01
9.998307791033566039e-01 -2.491026472326625645e-03 -1.822657248878694833e-02 -1.480139999999999928e-02 2.513560851572246933e-03 9.999961046546181898e-01 1.213543338805091274e-03 -1.688349999999999920e-02 1.822347852140969796e-02 -1.259151580979341913e-03 9.998331457637698039e-01 1.030492299999999917e+00
9.998199050379975583e-01 -3.152174399944918104e-03 -1.871420012615231804e-02 -1.590950000000000003e-02 3.178739092064295294e-03 9.999939818559592242e-01 1.389917137126681600e-03 -1.782419999999999838e-02 1.870970624018265804e-02 -1.449154379570399224e-03 9.998239079177844157e-01 1.079478399999999949e+00
9.997944045615675401e-01 -4.739478546250865815e-03 -1.971511984468292053e-02 -1.933779999999999874e-02 4.780426589882921101e-03 9.999865124536697625e-01 2.030377394773165856e-03 -2.036829999999999891e-02 1.970523100598728719e-02 -2.124206641570754433e-03 9.998035765174800860e-01 1.226239400000000090e+00
9.997980412281641804e-01 -4.465754957177966826e-03 -1.959422846116929545e-02 -2.048749999999999877e-02 4.530578827677164168e-03 9.999844061332940903e-01 3.265171623255621464e-03 -2.114140000000000116e-02 1.957934145501987605e-02 -3.353285389815598323e-03 9.998026829656350145e-01 1.275479900000000111e+00
9.998059257804993161e-01 -3.641995135289865116e-03 -1.936095673341569484e-02 -2.170199999999999907e-02 3.721232046522106578e-03 9.999848417568329983e-01 4.058163207373927106e-03 -2.182030000000000081e-02 1.934588344466611765e-02 -4.129422235164563817e-03 9.998043231881672543e-01 1.324425799999999986e+00
9.998181283580207523e-01 -2.065206500049205154e-03 -1.895903818173853839e-02 -2.448639999999999844e-02 2.132595784475710236e-03 9.999914780878312870e-01 3.534938038284081256e-03 -2.317129999999999884e-02 1.895157623746641234e-02 -3.574727098202852733e-03 9.998140122464221902e-01 1.422251600000000060e+00
9.998285257605856735e-01 5.592997926810745063e-04 -1.850962612144868569e-02 -2.577049999999999827e-02 -4.638529504815269299e-04 9.999865769645231994e-01 5.160497186908937980e-03 -2.372869999999999840e-02 1.851226393108736101e-02 -5.151026549890068765e-03 9.998153644596726730e-01 1.471047800000000016e+00
9.998587467772283022e-01 9.430543236486094594e-04 -1.678085640285412530e-02 -2.678590000000000138e-02 -8.044690081485820002e-04 9.999655341687322396e-01 8.263371240413481048e-03 -2.427580000000000016e-02 1.678807084466500330e-02 -8.248704333688525528e-03 9.998250444723466579e-01 1.520530099999999996e+00
9.999083529311044716e-01 1.864528776115056833e-03 -1.340929793273495235e-02 -2.876029999999999906e-02 -1.672499690352967317e-03 9.998960994859329432e-01 1.431757582844232247e-02 -2.502650000000000013e-02 1.343460023192280181e-02 -1.429383661794360501e-02 9.998075803630156466e-01 1.618654500000000107e+00
9.999244836601023367e-01 1.334074050927884503e-03 -1.221667808793861637e-02 -2.941449999999999967e-02 -1.142203061448140034e-03 9.998761077120211782e-01 1.569919102454014198e-02 -2.528980000000000117e-02 1.223610841910520095e-02 -1.568405155198184658e-02 9.998021245114807609e-01 1.667618800000000068e+00
9.999440332128032294e-01 -1.136157880204529975e-03 -1.051853542007570239e-02 -3.004980000000000151e-02 1.284547909010451145e-03 9.998996028583679863e-01 1.411148965727402650e-02 -2.532260000000000066e-02 1.050144650900983537e-02 -1.412421144521505863e-02 9.998451011393060250e-01 1.716808399999999901e+00
9.999586897672309016e-01 6.881308423534614107e-04 -9.063400848838689544e-03 -3.108889999999999917e-02 -5.810339601907857192e-04 9.999300464139431188e-01 1.181374953800465311e-02 -2.551379999999999967e-02 9.070896236868380980e-03 -1.180799536557336493e-02 9.998891388983613959e-01 1.814197300000000013e+00
9.999617543239311956e-01 4.446718829466809369e-04 -8.734538128731119538e-03 -3.187140000000000112e-02 -3.457078838205631787e-04 9.999357714438981137e-01 1.132843647443673024e-02 -2.579959999999999892e-02 8.739014559136823457e-03 -1.132498361203233134e-02 9.998976819508695879e-01 1.863272700000000004e+00
9.999544099580620626e-01 -4.586167565294049461e-04 -9.537697630697309845e-03 -3.253820000000000323e-02 5.537590625896575457e-04 9.999500936385876670e-01 9.975148273599750148e-03 -2.602669999999999983e-02 9.532646868765171436e-03 -9.979975092670859138e-03 9.999047598350679911e-01 1.912400600000000006e+00
9.999367521434684436e-01 -4.369868095272782670e-04 -1.123836088137654052e-02 -3.323269999999999696e-02 5.589828157257083034e-04 9.999409322530201649e-01 1.085447111437255231e-02 -2.654350000000000112e-02 1.123295379601815455e-02 -1.086006664295039760e-02 9.998779324005141467e-01 1.961018900000000009e+00
9.999194754437149557e-01 -3.625087060060208362e-04 -1.268507847054284841e-02 -3.392909999999999676e-02 5.106588326947767266e-04 9.999316818080189462e-01 1.167779705866278314e-02 -2.666150000000000117e-02 1.267997854581586793e-02 -1.168333445660065667e-02 9.998513478712987013e-01 2.009820700000000127e+00
9.999054133286292556e-01 -9.002329743720170405e-04 -1.372421133234578983e-02 -3.499229999999999702e-02 1.067284064271065407e-03 9.999253788369534268e-01 1.216953830271681920e-02 -2.715479999999999977e-02 1.371223179607128362e-02 -1.218303485864634904e-02 9.998317600280577366e-01 2.058331700000000097e+00
9.998938676333278819e-01 1.817941889561376168e-04 -1.456778707071988352e-02 -3.598239999999999772e-02 -7.397412307968796860e-06 9.999283502795142109e-01 1.197055773836226342e-02 -2.735860000000000028e-02 1.456891947068356813e-02 -1.196917951081172965e-02 9.998222268620030606e-01 2.107109100000000179e+00
9.998824233839076481e-01 7.751425644747741463e-04 -1.531465187095882273e-02 -3.680150000000000088e-02 -5.947934030718037262e-04 9.999304683348330114e-01 1.177729665454260201e-02 -2.775789999999999855e-02 1.532271610164416369e-02 -1.176680286595205814e-02 9.998133609437224179e-01 2.155833700000000075e+00
9.998813105710380178e-01 -6.511868183818234589e-04 -1.539287908323251977e-02 -3.776070000000000121e-02 8.255456358941071302e-04 9.999355452011426948e-01 1.132360003252692350e-02 -2.821950000000000153e-02 1.538451315922956600e-02 -1.133496356505627779e-02 9.998174010067200079e-01 2.204433400000000098e+00
9.998686541656668370e-01 -2.495742027140739755e-03 -1.601392171430636099e-02 -3.978029999999999761e-02 2.689992299543643786e-03 9.999229313730436663e-01 1.212003530389722805e-02 -2.934990000000000168e-02 1.598243906186928506e-02 -1.216152071384506844e-02 9.997983091881883499e-01 2.301317699999999800e+00
9.998654944355531704e-01 -2.136654351357179446e-03 -1.626123443437422697e-02 -4.078770000000000312e-02 2.358689630278689234e-03 9.999040884481749103e-01 1.364736193747190067e-02 -2.965939999999999896e-02 1.623051509887678615e-02 -1.368388149638717806e-02 9.997746354888275011e-01 2.349778199999999817e+00
9.998620501802152338e-01 -1.623390827928772578e-03 -1.653013041801403710e-02 -4.171609999999999902e-02 1.822827508938171942e-03 9.999256486996966897e-01 1.205712952420521025e-02 -3.003460000000000157e-02 1.650932794784253088e-02 -1.208559782181251735e-02 9.997906682981192450e-01 2.398053899999999850e+00
9.998642376899762318e-01 2.052121191722500572e-04 -1.647616692768584870e-02 -4.288909999999999945e-02 -2.557661874622023542e-05 9.999405687195531689e-01 1.090221879495713482e-02 -3.033599999999999838e-02 1.647742499541107394e-02 -1.090031727990923606e-02 9.998048197266894421e-01 2.446095199999999803e+00
9.998597139751757013e-01 2.432994421447057330e-03 -1.657205200405665810e-02 -4.396510000000000001e-02 -2.244366180624394590e-03 9.999325969837876693e-01 1.139141385893240911e-02 -3.085250000000000145e-02 1.659865024413793508e-02 -1.135262204970355522e-02 9.997977809450616649e-01 2.494141100000000222e+00
9.998581819973175744e-01 4.203336359465219101e-03 -1.630790778941776029e-02 -4.519680000000000225e-02 -4.010629809002676412e-03 9.999219619663523018e-01 1.183151832588275922e-02 -3.139080000000000342e-02 1.635636700352783093e-02 -1.176443542248237738e-02 9.997970130569685532e-01 2.542263699999999904e+00
9.998508151093365992e-01 5.882714157655418059e-03 -1.624011081656710417e-02 -4.614719999999999933e-02 -5.685842911466866371e-03 9.999101150101397106e-01 1.214220288066351038e-02 -3.158020000000000271e-02 1.631008018316222954e-02 -1.204805272848653332e-02 9.997943917175522444e-01 2.590415699999999877e+00
9.998615040882130600e-01 6.525404150824433945e-03 -1.530985771079062391e-02 -4.714379999999999959e-02 -6.329088389620376835e-03 9.998975790578320533e-01 1.283643386781387757e-02 -3.171910000000000007e-02 1.539205257958224313e-02 -1.273775863151715634e-02 9.998003971905754517e-01 2.638407700000000133e+00
9.998794975659258677e-01 8.438492395042317129e-03 -1.303004963192660147e-02 -4.823229999999999879e-02 -8.259011428124022475e-03 9.998711167687193146e-01 1.376730118447721044e-02 -3.205419999999999797e-02 1.314454554337175958e-02 -1.365802686235474336e-02 9.998203234705150821e-01 2.686378200000000049e+00
9.999205051346802264e-01 7.048990312041463618e-03 -1.045443192080697421e-02 -4.896040000000000114e-02 -6.928902523411070366e-03 9.999101090016728755e-01 1.147885996446333656e-02 -3.236819999999999975e-02 1.053440653416745122e-02 -1.140550971431952831e-02 9.998794630489864499e-01 2.734081300000000159e+00
9.999611388182458871e-01 4.141705581026934764e-03 -7.782488560651829382e-03 -4.966170000000000306e-02 -4.090970773174734502e-03 9.999703518956538639e-01 6.523747988326928857e-03 -3.279909999999999770e-02 7.809277268071377481e-03 -6.491656534526444103e-03 9.999484354625433058e-01 2.781278400000000151e+00
9.999723302153142868e-01 5.308954710872774117e-03 -5.210931167491268494e-03 -5.019010000000000138e-02 -5.278526613387552087e-03 9.999690400021526981e-01 5.835768498222701668e-03 -3.315080000000000110e-02 5.241751667733743521e-03 -5.808100984916746319e-03 9.999693945328541611e-01 2.829026199999999935e+00
9.999852797961905626e-01 4.831805499375163397e-03 -2.468571763324034322e-03 -5.048860000000000153e-02 -4.808453487118617871e-03 9.999444487687241256e-01 9.379666927701526755e-03 -3.368140000000000023e-02 2.513755357366664368e-03 -9.367658844589126996e-03 9.999529628946426385e-01 2.876756199999999986e+00
9.999902229760979644e-01 4.329415839188295763e-03 9.000615008112755481e-04 -5.078250000000000125e-02 -4.339226725348250928e-03 9.999278618503120164e-01 1.120009852140999018e-02 -3.443390000000000339e-02 -8.515066881009397551e-04 -1.120389458869781862e-02 9.999368718486210117e-01 2.923921299999999945e+00
9.999741854270390862e-01 5.064361538587501717e-03 5.097128773753415755e-03 -5.091709999999999986e-02 -5.110268842180759434e-03 9.999461332651121692e-01 9.034141935528886003e-03 -3.470789999999999986e-02 -5.051102047116637871e-03 -9.059956421369846219e-03 9.999462003316741399e-01 2.971542400000000139e+00
9.999557646465331295e-01 4.243828347393272839e-03 8.393966352393462602e-03 -5.065130000000000327e-02 -4.296035701906398586e-03 9.999714808383700637e-01 6.211407824746416513e-03 -3.533660000000000273e-02 -8.367366814906464570e-03 -6.247193840056245763e-03 9.999454783845515005e-01 3.018714699999999862e+00
9.999258985030803348e-01 3.194698969062568193e-03 1.174697413398630499e-02 -5.012140000000000345e-02 -3.223977115152292482e-03 9.999917418527424218e-01 2.474307555500121405e-03 -3.575339999999999768e-02 -1.173897245794737476e-02 -2.511996181386676793e-03 9.999279406041299278e-01 3.065388000000000002e+00
9.998792584734298439e-01 2.506868981835820315e-03 1.533571265158412654e-02 -4.988259999999999916e-02 -2.530977411325436178e-03 9.999955914130344015e-01 1.552838639077904707e-03 -3.654860000000000053e-02 -1.533175227974311987e-02 -1.591465489277842441e-03 9.998811952475299414e-01 3.112467099999999931e+00
9.998198316768709404e-01 2.175066641696094937e-03 1.885665057049739843e-02 -4.894590000000000052e-02 -2.238728386807475098e-03 9.999918638612048660e-01 3.355638032295778228e-03 -3.753680000000000211e-02 -1.884919841382548880e-02 -3.397248371530752625e-03 9.998165663873841424e-01 3.158963400000000199e+00
9.997387359160090359e-01 3.206738748206372069e-03 2.263132200427383015e-02 -4.832890000000000102e-02 -3.293624898901143395e-03 9.999873446489448980e-01 3.802969494707280577e-03 -3.824600000000000222e-02 -2.261884046731209644e-02 -3.876515001014125498e-03 9.997366456659280143e-01 3.205712300000000070e+00
9.995506595272158901e-01 2.502483938705636450e-03 2.986999519324208194e-02 -4.619800000000000295e-02 -2.486955432735531331e-03 9.999967523913189105e-01 -5.570094171037569351e-04 -3.981690000000000229e-02 -2.987129209430640017e-02 4.824737834073127354e-04 9.995536369438435820e-01 3.298074999999999868e+00
9.994611215607264176e-01 2.652828809117617828e-03 3.271741108162940642e-02 -4.435920000000000141e-02 -2.623659528552680330e-03 9.999961215982573481e-01 -9.344512408000177177e-04 -4.056980000000000308e-02 -3.271976312953756710e-02 8.481083378399062022e-04 9.994642053685535155e-01 3.344725799999999971e+00
9.993626488359459437e-01 1.130621067231028743e-03 3.567937510108874083e-02 -4.288320000000000326e-02 -1.134617786814859667e-03 9.999993521101474547e-01 9.177016484418381898e-05 -4.121280000000000082e-02 -3.567924822750195152e-02 -1.321941286349294516e-04 9.993632841817997603e-01 3.391228400000000143e+00
9.992585457517006997e-01 7.693914942351933730e-04 3.849372389006998352e-02 -4.140089999999999743e-02 -8.343105267716075619e-04 9.999982567629063235e-01 1.670448171430834964e-03 -4.211970000000000297e-02 -3.849237155776796815e-02 -1.701325329593688773e-03 9.992574457185604553e-01 3.437912499999999927e+00
9.990516494709493767e-01 -1.327980393429134195e-03 4.352054868047911668e-02 -3.786339999999999845e-02 1.128630431425235638e-03 9.999887607355432140e-01 4.604844833624509998e-03 -4.365179999999999755e-02 -4.352617468517703397e-02 -4.551359210957233933e-03 9.990419196643393063e-01 3.530229999999999979e+00
9.988425435058384538e-01 -3.819871147469426284e-03 4.794769928999717545e-02 -3.354800000000000143e-02 3.894293301892467682e-03 9.999913531048828519e-01 -1.458833487561354879e-03 -4.464169999999999944e-02 -4.794171213532220921e-02 1.643867355453467035e-03 9.988487823177498726e-01 3.623046200000000105e+00
9.986588891584489147e-01 -3.237764069122570261e-03 5.167146203317155018e-02 -2.525360000000000105e-02 3.395203262496441533e-03 9.999898570977830969e-01 -2.959441900355995643e-03 -4.806649999999999812e-02 -5.166135595993512353e-02 3.130908077211473281e-03 9.986597527261188434e-01 3.809935999999999989e+00
9.988128433899183811e-01 -2.913799968558093006e-03 4.862523675098948117e-02 -2.152379999999999918e-02 2.956057016599811585e-03 9.999953131317810273e-01 -7.971457745213842826e-04 -4.962180000000000063e-02 -4.862268612757997266e-02 9.399384099275519440e-04 9.988167754445879121e-01 3.904173399999999905e+00
9.989427776513872814e-01 -2.804531272916008667e-03 4.588530900484595609e-02 -1.954159999999999925e-02 2.825579542582318856e-03 9.999959304787440217e-01 -3.938606346495177805e-04 -5.031739999999999824e-02 -4.588401767913857787e-02 5.230968268134885725e-04 9.989466368587114342e-01 3.952352299999999818e+00
9.992286831601440156e-01 -7.348296404145199115e-04 3.926192526410469952e-02 -1.640439999999999954e-02 7.664806137768095896e-04 9.999993933317151695e-01 -7.911028189872017485e-04 -5.184590000000000032e-02 -3.926132011933983201e-02 8.205861326353496368e-04 9.992286401924664885e-01 4.047156300000000151e+00
9.998450127533736742e-01 4.740240410561036397e-04 1.759902762695920650e-02 -1.050470000000000050e-02 -5.111372337589945242e-04 9.999976551539162539e-01 2.104382426621469182e-03 -5.545429999999999804e-02 -1.759798883208640516e-02 -2.113051792481410694e-03 9.998429105620482149e-01 4.286014100000000049e+00
9.999342395449900556e-01 1.025978537962286830e-02 -5.123806158179659322e-03 -1.172660000000000022e-02 -1.025507629859086223e-02 9.999469692697341427e-01 9.444884242520541155e-04 -6.062250000000000277e-02 5.133224687523714642e-03 -8.918812911722015513e-04 9.999864271839242758e-01 4.625825899999999713e+00
9.999173338098302777e-01 1.141938937347878116e-02 -5.909576378830265486e-03 -1.239960000000000021e-02 -1.140932994567736558e-02 9.999334094769376513e-01 1.733148007980942840e-03 -6.135000000000000175e-02 5.928974348993126114e-03 -1.665580428492867112e-03 9.999810363726929774e-01 4.674821900000000419e+00
9.998463126460170880e-01 1.566002799725120867e-02 -7.881282337822719322e-03 -1.467779999999999953e-02 -1.560135583704523946e-02 9.998505236317811740e-01 7.451717204703402729e-03 -6.318569999999999742e-02 7.996798372415207454e-03 -7.327613279798990582e-03 9.999411769196289157e-01 4.822341400000000000e+00
9.998584058143017428e-01 1.413201710065052630e-02 -9.135338808718741072e-03 -1.586430000000000132e-02 -1.408167899894851097e-02 9.998854381368926791e-01 5.551298799801679396e-03 -6.413639999999999619e-02 9.212743296854314368e-03 -5.421871859517540457e-03 9.999428627009071535e-01 4.920691500000000218e+00
9.998879597934579033e-01 1.137765715856495913e-02 -9.727115587794394475e-03 -1.650329999999999853e-02 -1.131438904302607337e-02 9.999146369883984420e-01 6.534779027803596339e-03 -6.463889999999999914e-02 9.800635727298955685e-03 -6.423990499784826454e-03 9.999313375854360642e-01 4.970214799999999933e+00
9.999210590676554933e-01 5.869184263703012931e-03 -1.110982939099156193e-02 -1.745630000000000098e-02 -5.757239968289275082e-03 9.999326069645894099e-01 1.008145410877947859e-02 -6.531549999999999856e-02 1.116825057767650321e-02 -1.001669631558205209e-02 9.998874616545382343e-01 5.069186700000000378e+00
9.999277652960225637e-01 4.275887918993965045e-03 -1.123303042845807259e-02 -1.822400000000000062e-02 -4.149827538959047560e-03 9.999284232391968397e-01 1.122173470416347463e-02 -6.571219999999999839e-02 1.128020928437768744e-02 -1.117430896646102664e-02 9.998739379029851770e-01 5.118706699999999721e+00
9.999376147023011363e-01 -1.153035826713731633e-04 -1.116930653872957174e-02 -1.867419999999999844e-02 2.222872914147775575e-04 9.999541090454271419e-01 9.577598421629217318e-03 -6.617539999999999534e-02 1.116768963717919283e-02 -9.579483715197917998e-03 9.998917522411703285e-01 5.168878999999999557e+00
9.999364744768968194e-01 -2.502601649387832267e-03 -1.099017723691708866e-02 -1.930149999999999921e-02 2.596070976600329486e-03 9.999605146985253157e-01 8.498791640278774775e-03 -6.651039999999999730e-02 1.096847419647886158e-02 -8.526783030246535763e-03 9.999034886152544654e-01 5.218927899999999731e+00
9.999342136343217780e-01 -4.512587144572898987e-03 -1.054537627461473587e-02 -2.059170000000000098e-02 4.605174528891935529e-03 9.999509194348864538e-01 8.772176975166917287e-03 -6.743349999999999345e-02 1.050527348853978749e-02 -8.820163183742070825e-03 9.999059175494178220e-01 5.318571999999999633e+00
9.999608191651662148e-01 -1.428183872897415127e-03 -8.736156211683214490e-03 -2.253909999999999941e-02 1.517748333910836885e-03 9.999462731331946186e-01 1.025413511854823996e-02 -6.828349999999999698e-02 8.721042054975217117e-03 -1.026699263950886336e-02 9.999092620271179399e-01 5.467044800000000038e+00
9.999661006413318454e-01 -7.219110391126141828e-04 -8.202219981280791175e-03 -2.319449999999999984e-02 7.904629087094759612e-04 9.999647625933663075e-01 8.357555861765586860e-03 -6.865889999999999493e-02 8.195897544483401673e-03 -8.363756096646119895e-03 9.999314350731234313e-01 5.516585400000000305e+00
9.999702167969605204e-01 -1.160187255550696730e-03 -7.630169367184251768e-03 -2.376309999999999881e-02 1.207383703883991482e-03 9.999801511628065853e-01 6.183809909930834854e-03 -6.937770000000000048e-02 7.622843539746474752e-03 -6.192838278416543281e-03 9.999517693421148268e-01 5.565668099999999896e+00
9.999746640091090599e-01 -2.152263533532654434e-03 -6.785211975445996739e-03 -2.482559999999999975e-02 2.142508187062114496e-03 9.999966612771885588e-01 -1.444677522613540882e-03 -7.084409999999999319e-02 6.788298648253628630e-03 1.430103548068642613e-03 9.999759366131286686e-01 5.663426900000000153e+00
9.999753363779186888e-01 -2.400086470495376226e-03 -6.600471256092262963e-03 -2.571379999999999846e-02 2.387481725836439889e-03 9.999953127204812553e-01 -1.916890209636759428e-03 -7.292389999999999983e-02 6.605041020096103464e-03 1.901084427675228498e-03 9.999763793765938935e-01 5.762036799999999737e+00
9.999753875173283957e-01 -1.234417783301341998e-03 -6.906560092053884437e-03 -2.687300000000000105e-02 1.229966912546263686e-03 9.999990332159097717e-01 -6.486514008733300623e-04 -7.455660000000000065e-02 6.907354121725869933e-03 6.401405955592273482e-04 9.999759390500628786e-01 5.860048800000000391e+00
9.999746900422047391e-01 -4.762407986470688416e-04 -7.098765364355167501e-03 -2.741280000000000105e-02 4.765531458297325696e-04 9.999998855535263687e-01 4.230878629172316714e-05 -7.557200000000000029e-02 7.098744402756330604e-03 -4.569065442401835789e-05 9.999748025526785655e-01 5.908493499999999621e+00
9.999718864409168351e-01 -4.371795369011836105e-04 -7.485666426364226238e-03 -2.817810000000000106e-02 4.344142826326666111e-04 9.999998368110148972e-01 -3.710285362772141769e-04 -7.648030000000000106e-02 7.485827410869586203e-03 3.677662249339015308e-04 9.999719131735543831e-01 5.957763199999999593e+00
9.999596172030426056e-01 -2.482116299784329445e-04 -8.983448899569208834e-03 -2.930850000000000122e-02 2.581832049803016579e-04 9.999993518948149251e-01 1.108851379969025752e-03 -7.819360000000000199e-02 8.983167847540971668e-03 -1.111125977077560270e-03 9.999590332081039756e-01 6.054583499999999674e+00
9.999474715894913768e-01 1.337848727673625338e-03 -1.016190053902901042e-02 -3.087459999999999857e-02 -1.335316307129485493e-03 9.999990756997889640e-01 2.559881395637915295e-04 -7.970190000000000607e-02 1.016223361978901146e-02 -2.424053414125178663e-04 9.999483337890548995e-01 6.152112500000000317e+00
9.999340298798624627e-01 1.878599476026552488e-03 -1.133167031937415067e-02 -3.266539999999999722e-02 -1.891337560096243353e-03 9.999975914749239525e-01 -1.113501946487397169e-03 -8.134810000000000652e-02 1.132955120258880705e-02 1.134860502323874242e-03 9.999351745794264890e-01 6.249882200000000054e+00
9.999169304873476438e-01 2.135699815320638711e-03 -1.271105467928393927e-02 -3.448770000000000308e-02 -2.175005662193914106e-03 9.999928938004005730e-01 -3.079236767493623295e-03 -8.313669999999999394e-02 1.270438802659660561e-02 3.106627592695905202e-03 9.999144700372477601e-01 6.347495600000000238e+00
9.998990947826303932e-01 2.708245092342537446e-03 -1.394509452805233266e-02 -3.626109999999999750e-02 -2.727216756094965906e-03 9.999953811650124091e-01 -1.341617459271626399e-03 -8.521120000000000083e-02 1.394139668906194465e-02 1.379513378532504350e-03 9.999018623851027021e-01 6.445209499999999814e+00
9.998719160512254955e-01 2.895699605265581855e-03 -1.574059769662693523e-02 -3.809629999999999961e-02 -2.903314811535572405e-03 9.999956791282744728e-01 -4.609640834984627148e-04 -8.716379999999999961e-02 1.573919487000877485e-02 5.066049518334446531e-04 9.998760028604880556e-01 6.541881599999999963e+00
9.998390198594360179e-01 4.388437620993754056e-03 -1.739758551549683979e-02 -4.134059999999999818e-02 -4.417604886430301879e-03 9.999889000857004051e-01 -1.638435979353862698e-03 -8.986030000000000406e-02 1.739020222969721308e-02 1.715027882484949093e-03 9.998473081154805042e-01 6.688433200000000411e+00
9.998327185108676352e-01 4.607498455878318404e-03 -1.770045064813939931e-02 -4.251359999999999861e-02 -4.628913519695556679e-03 9.999886031408172782e-01 -1.169080024742743520e-03 -9.083739999999999870e-02 1.769486238418709403e-02 1.250818314605166249e-03 9.998426512700628876e-01 6.736994300000000102e+00
9.998322218435632402e-01 3.361634366118691417e-03 -1.800632049454356856e-02 -4.470940000000000331e-02 -3.434866377675966850e-03 9.999859494998473153e-01 -4.037634933523943058e-03 -9.273820000000000674e-02 1.799249444438433612e-02 4.098806811430796664e-03 9.998297204656357851e-01 6.834074000000000204e+00
9.998325795195163179e-01 3.209979815433254080e-04 -1.829507834489851187e-02 -4.564619999999999789e-02 -3.905709731497453803e-04 9.999927060587309180e-01 -3.799379377144868584e-03 -9.376679999999999737e-02 1.829372530856036849e-02 3.805888809777025275e-03 9.998254121718963550e-01 6.882484899999999683e+00
9.998225673751341969e-01 -9.307107929909962574e-05 -1.883680188273538850e-02 -4.783899999999999958e-02 1.721165834631737074e-04 9.999911871606993463e-01 4.194755870940784434e-03 -9.559420000000000417e-02 1.883624546657115470e-02 -4.197253710379360986e-03 9.998137721185950122e-01 6.979613299999999576e+00
9.998163755644055017e-01 2.377007404798841574e-03 -1.901486232012270655e-02 -4.974859999999999699e-02 -2.372774443311923866e-03 9.999971549121960956e-01 2.451712761103106417e-04 -9.698660000000000614e-02 1.901539099510858588e-02 -2.000082773168288702e-04 9.998191711014507987e-01 7.076177099999999776e+00
9.998176666643797672e-01 2.861263282899006478e-03 -1.887979338396112566e-02 -5.274519999999999903e-02 -2.885673571623016340e-03 9.999950352869541037e-01 -1.265815737561817606e-03 -9.885370000000000268e-02 1.887607781911180421e-02 1.320065857961907289e-03 9.998209595284035522e-01 7.171074400000000182e+00
9.998183271639757841e-01 2.787734661100293911e-03 -1.885580023463379745e-02 -5.374949999999999867e-02 -2.791211781096923725e-03 9.999960920644236362e-01 -1.580907140922216327e-04 -9.983119999999999494e-02 1.885528583241796730e-02 2.106925250607634035e-04 9.998222010961937967e-01 7.218497799999999742e+00
9.998378802332279491e-01 2.039440385917567003e-03 -1.789005124748387077e-02 -5.608629999999999866e-02 -1.989592395126106410e-03 9.999940903526104430e-01 2.803708607600081167e-03 -1.015603999999999951e-01 1.789566352015390521e-02 -2.767660161104110433e-03 9.998360291989912829e-01 7.314228499999999578e+00
9.998843937748976840e-01 8.077774470807993308e-04 -1.518376043677544321e-02 -5.806000000000000050e-02 -8.001761354267533525e-04 9.999995514917602302e-01 5.066896789944655248e-04 -1.031929999999999931e-01 1.518416291922913483e-02 -4.944814197658340283e-04 9.998845916827441282e-01 7.408887899999999860e+00
9.999057102210134884e-01 8.861191776593479444e-04 -1.370348350652077392e-02 -5.923400000000000193e-02 -8.986386044737985955e-04 9.999991844786025874e-01 -9.074639322387463309e-04 -1.040798000000000001e-01 1.370266820984336435e-02 9.196928469598669893e-04 9.999056910774126727e-01 7.455842999999999776e+00
9.999236371299686787e-01 3.702061838609483160e-04 -1.235244332738160214e-02 -6.002849999999999853e-02 -3.885791448170541353e-04 9.999988218483633062e-01 -1.485027990837431075e-03 -1.050640000000000046e-01 1.235187900778486267e-02 1.489714491702529009e-03 9.999226029227012980e-01 7.502681700000000120e+00
9.999396348120954681e-01 5.528141936139320664e-04 -1.097365610544164156e-02 -6.080569999999999725e-02 -5.615689322021932871e-04 9.999995265216324869e-01 -7.947306746185265171e-04 -1.060122000000000009e-01 1.097321157125583264e-02 8.008451648935066254e-04 9.999394718055859554e-01 7.549636399999999803e+00
9.999527896122772930e-01 1.333156401704725744e-04 -9.716006050063142122e-03 -6.139220000000000094e-02 -1.214813082890320501e-04 9.999992501226022679e-01 1.218604334920482491e-03 -1.070114000000000065e-01 9.716161223266831307e-03 -1.217366491011044648e-03 9.999520559656398522e-01 7.596225699999999748e+00
9.999779747771200267e-01 1.093074363932880879e-03 -6.546384428397290442e-03 -6.304999999999999494e-02 -1.083713176658867910e-03 9.999983855285768941e-01 1.433354802727345931e-03 -1.092941000000000051e-01 6.547940622835988003e-03 -1.426228829703821144e-03 9.999775449203472943e-01 7.733581100000000319e+00
9.999929520945926020e-01 1.001955712099454826e-03 -3.618265591784991086e-03 -6.465160000000000351e-02 -9.952399244771757778e-04 9.999977797733061724e-01 1.857403012527635055e-03 -1.120165999999999940e-01 3.620118593973211622e-03 -1.853788879352593006e-03 9.999917290698739913e-01 7.868156400000000161e+00
9.999959332941689150e-01 -1.542397816704178175e-04 -2.847736858219560973e-03 -6.518920000000000270e-02 1.593597662576519240e-04 9.999983713049476197e-01 1.797774156251768932e-03 -1.129417000000000060e-01 2.847454931831276768e-03 -1.798220659913214248e-03 9.999943291853555793e-01 7.912175699999999701e+00
9.999954582099929157e-01 -1.938975117407279491e-04 -3.007650767833385582e-03 -6.526840000000000419e-02 2.017017150965594535e-04 9.999966134249256289e-01 2.594697496444843109e-03 -1.137246999999999980e-01 3.007137476809982560e-03 -2.595292360191966009e-03 9.999921107597603553e-01 7.955820600000000020e+00
9.999924743480067546e-01 -2.928357760580024990e-04 -3.868526148194624710e-03 -6.613710000000000422e-02 3.067621232084484094e-04 9.999934736199233010e-01 3.599807572590805506e-03 -1.155048999999999937e-01 3.867446748278465310e-03 -3.600967198986679621e-03 9.999860378479696887e-01 8.040471999999999397e+00
9.999882882050833421e-01 2.060429464354352619e-04 -4.835390260507672899e-03 -6.675180000000000002e-02 -1.967556928719049335e-04 9.999981353667991568e-01 1.921080456980516285e-03 -1.172571000000000030e-01 4.835777069356150468e-03 -1.920106567119173654e-03 9.999864641338434001e-01 8.123293900000000178e+00
9.999457150836935648e-01 -1.652637958518181046e-03 -1.028764664724788648e-02 -6.847209999999999408e-02 1.694509869419083678e-03 9.999903113814430089e-01 4.062730553098360155e-03 -1.202465000000000062e-01 1.028083275143639071e-02 -4.079942526887168040e-03 9.999388274024137990e-01 8.283205000000000595e+00
9.997858067393583514e-01 -9.373127250036910208e-04 -2.067515628444169598e-02 -7.123490000000000377e-02 1.051373098399938566e-03 9.999842858381254862e-01 5.506604345898532919e-03 -1.229037999999999936e-01 2.066966998136408537e-02 -5.527162171481297438e-03 9.997710814087351627e-01 8.433503200000000533e+00
9.997220041854968375e-01 -4.175117016533151692e-04 -2.357413903650389803e-02 -7.232570000000000665e-02 5.608157584468081687e-04 9.999814044377290934e-01 6.072583011541224894e-03 -1.236201999999999995e-01 2.357116528766688146e-02 -6.084115607544280692e-03 9.997036479398559994e-01 8.469034199999999402e+00
9.995586560291778166e-01 -4.239568715061724224e-04 -2.970376100285741436e-02 -7.455390000000000628e-02 5.827284271091518874e-04 9.999855898510845442e-01 5.336714135003005517e-03 -1.249315000000000009e-01 2.970107043060921451e-02 -5.351668034323942523e-03 9.995444992918156579e-01 8.537782699999999281e+00
9.994498253021707468e-01 -7.554299579889697889e-04 -3.315834780321329917e-02 -7.564410000000000578e-02 9.147353897724463771e-04 9.999881120133916612e-01 4.789477117513343991e-03 -1.255978000000000094e-01 3.315433550272098989e-02 -4.817173182589438475e-03 9.994386348745489812e-01 8.570784599999999642e+00
9.992293987274520894e-01 6.597750723537490003e-04 -3.924504319819709097e-02 -7.855230000000000545e-02 -5.091974981432542636e-04 9.999924716735494323e-01 3.846727717587245573e-03 -1.268649000000000027e-01 3.924728572375853208e-02 -3.823779946501881886e-03 9.992222121581556538e-01 8.634337399999999718e+00
9.991379863693099495e-01 3.413528329614094140e-03 -4.137187472454539189e-02 -8.437240000000000018e-02 -3.161424009099797223e-03 9.999760449463767076e-01 6.157510181602010059e-03 -1.291992999999999892e-01 4.139190249451265430e-02 -6.021408285838710135e-03 9.991248435756864277e-01 8.753302599999999600e+00
9.991430517390942345e-01 3.773288948176176105e-03 -4.121801125725544496e-02 -8.551050000000000317e-02 -3.561515274344022666e-03 9.999800849590080309e-01 5.210114617327950975e-03 -1.294355000000000089e-01 4.123684966677593905e-02 -5.058851241996712225e-03 9.991365923904854673e-01 8.781534199999999402e+00
9.992579938219737778e-01 4.104899261116726726e-03 -3.829636516616640590e-02 -8.958629999999999372e-02 -4.098778314145433595e-03 9.999915715689700058e-01 2.383429315768501142e-04 -1.312268000000000046e-01 3.829702076161762420e-02 -8.119776859545369549e-05 9.992663967169649331e-01 8.864384700000000450e+00
9.993145144149006009e-01 4.597265362966261766e-03 -3.673372334645707421e-02 -9.087539999999999507e-02 -4.613555435218815066e-03 9.999892931592283540e-01 -3.587104026891698642e-04 -1.317123000000000044e-01 3.673168095742063849e-02 5.279375808797724754e-04 9.993250246521163671e-01 8.891806600000000671e+00
9.993772689611989390e-01 3.978337411189663241e-03 -3.506062057491515782e-02 -9.192469999999999808e-02 -4.004418457328383536e-03 9.999917553498361977e-01 -6.736951624319762692e-04 -1.321945999999999954e-01 3.505765132569554909e-02 8.136730276992172693e-04 9.993849603729936248e-01 8.919004400000000388e+00
9.995766816216192785e-01 3.671407799882983863e-03 -2.886136384648002595e-02 -9.488180000000000225e-02 -3.706209839462471563e-03 9.999924679251155357e-01 -1.152432931988575833e-03 -1.337540000000000118e-01 2.885691540927091958e-02 1.258911356616744526e-03 9.995827597429131073e-01 8.999485999999999208e+00
9.998521930358653664e-01 1.055339387062034740e-03 -1.716037121244392422e-02 -9.723719999999999586e-02 -1.048982878195213334e-03 9.999993778394621335e-01 3.794148256090576921e-04 -1.359875000000000111e-01 1.716076094734764190e-02 -3.613578098702090657e-04 9.998526780002348069e-01 9.105546999999999613e+00
9.998966689185174728e-01 1.107433118267132964e-03 -1.433265772776205586e-02 -9.757459999999999745e-02 -1.113309566806403939e-03 9.999992994558556392e-01 -4.020318473337349289e-04 -1.362046000000000090e-01 1.433220246372027794e-02 4.179469899142387824e-04 9.998972013626463706e-01 9.131830199999999564e+00
9.999837265543203291e-01 1.598987823862811587e-03 -5.476300254145085103e-03 -9.841869999999999785e-02 -1.609397608160446089e-03 9.999969056103256149e-01 -1.897000029651290786e-03 -1.377703999999999873e-01 5.473250028388844043e-03 1.905782703454943564e-03 9.999832056221814591e-01 9.210463499999999470e+00
9.999947744918336046e-01 1.784723291875173982e-03 -2.695505852035418731e-03 -9.861229999999999996e-02 -1.788071353319292244e-03 9.999976323601371675e-01 -1.240191499545410759e-03 -1.382016000000000078e-01 2.693286071392688233e-03 1.245004775711330966e-03 9.999955980769346109e-01 9.236903200000000425e+00
9.999958377763630279e-01 1.947482177259824603e-03 2.128789120384087970e-03 -9.876379999999999881e-02 -1.945713331594612185e-03 9.999977604261600650e-01 -8.326717813994257388e-04 -1.392169000000000045e-01 -2.130405966257445730e-03 8.285263022615703757e-04 9.999973874538800045e-01 9.290203999999999240e+00
9.999894700130971259e-01 1.756694540027605583e-03 4.239562149356774882e-03 -9.865290000000000170e-02 -1.746893899064885271e-03 9.999957961621988023e-01 -2.314307593102382567e-03 -1.397725999999999968e-01 -4.243609858437898640e-03 2.306877158220319805e-03 9.999883349785367859e-01 9.317092900000000455e+00
