9.998850397712405469e-01 -1.856204025673178831e-03 -1.504864606134601740e-02 -1.077707900000000052e+00 1.880087578524618089e-03 9.999969953121917721e-01 1.573097989707952175e-03 1.917699999999999960e-02 1.504568085404139194e-02 -1.601209918536744634e-03 9.998855252549838646e-01 -5.927215999999999596e-01
9.998452562721134029e-01 -3.890056936290487224e-03 -1.715607668390842222e-02 -1.077670899999999987e+00 3.903640421883160239e-03 9.999920932229087178e-01 7.583423514732063990e-04 1.857750000000000026e-02 1.715299103970988753e-02 -8.251961571749573399e-04 9.998525361020462743e-01 -5.599115000000000064e-01
9.998242023698162839e-01 -4.536826838850802936e-03 -1.819289855396699282e-02 -1.078605299999999989e+00 4.524774338496697322e-03 9.999895156327295309e-01 -7.035920726506643018e-04 1.789369999999999850e-02 1.819589988833563918e-02 6.211496223118127434e-04 9.998342479633314239e-01 -5.276815000000000255e-01
9.997841299199458076e-01 -4.803209299774410281e-03 -2.021441912693754811e-02 -1.079315900000000106e+00 4.760268836424288129e-03 9.999863114004157172e-01 -2.171831576282769703e-03 1.736880000000000021e-02 2.022457418147303315e-02 2.075136673410153156e-03 9.997933088428651027e-01 -4.958832000000000240e-01
9.997246705079381179e-01 -6.939839200046353344e-03 -2.241476766937475912e-02 -1.079794399999999932e+00 6.857587573862746443e-03 9.999694763427309230e-01 -3.744312421694844916e-03 1.661690000000000042e-02 2.244006841480995079e-02 3.589570269817133740e-03 9.997417458097950238e-01 -4.643823000000000256e-01
9.996690507187082630e-01 -9.381703699985250236e-03 -2.395355236374143923e-02 -1.080519100000000066e+00 9.243876866370770093e-03 9.999401144313561085e-01 -5.858181585260127319e-03 1.615180000000000088e-02 2.400707761549071215e-02 5.634819135712218485e-03 9.996959082829496301e-01 -4.323406000000000193e-01
9.995825620410685453e-01 -1.050601009161914769e-02 -2.691329439827647857e-02 -1.082286199999999976e+00 1.035212688775406613e-02 9.999292988516029768e-01 -5.850706542088739137e-03 1.469230000000000015e-02 2.697285917942966044e-02 5.569654396513063974e-03 9.996206499555669867e-01 -3.673043999999999754e-01
9.995244918989435456e-01 -1.031553556118749992e-02 -2.905821433337927445e-02 -1.084783800000000076e+00 1.005704036212008365e-02 9.999086721068174421e-01 -9.027922503863510667e-03 1.303550000000000021e-02 2.914868836351680592e-02 8.731390019175281486e-03 9.995369511904097504e-01 -3.006521999999999806e-01
9.994980106761782723e-01 -8.662595179354481284e-03 -3.047435149631046863e-02 -1.086215600000000059e+00 8.276140434678259938e-03 9.998840220964755332e-01 -1.278467268568667450e-02 1.213020000000000070e-02 3.058156558888931731e-02 1.252604490385069227e-02 9.994537838465563651e-01 -2.664945000000000230e-01
9.994648971700044182e-01 -7.526669207035149162e-03 -3.183187986281088566e-02 -1.087569999999999926e+00 7.000091150655635489e-03 9.998373458748314180e-01 -1.662168817705607718e-02 1.155969999999999914e-02 3.195180822481051564e-02 1.638996780413683532e-02 9.993550174520285934e-01 -2.319408000000000025e-01
9.994447102743377886e-01 -5.764485975491912689e-03 -3.281831510122575762e-02 -1.089271300000000053e+00 5.228422127508519299e-03 9.998518942901493123e-01 -1.639674011676487547e-02 1.075480000000000012e-02 3.290797329981846181e-02 1.621604717058088702e-02 9.993268259720939906e-01 -1.964846000000000092e-01
9.994139408285637183e-01 -3.039422427706593623e-03 -3.409599373571828296e-02 -1.091000100000000028e+00 2.716469387631987708e-03 9.999510491518085464e-01 -9.514204867637415103e-03 1.002070000000000044e-02 3.412324239556148442e-02 9.416008257391840497e-03 9.993732751664468061e-01 -1.601431000000000104e-01
9.993961322504222311e-01 -2.028277808262524389e-03 -3.468799406176364952e-02 -1.092706900000000036e+00 2.056704757281450999e-03 9.999975777762016849e-01 7.838413555988498101e-04 9.440300000000000427e-03 3.468632019165215907e-02 -8.547109814907984191e-04 9.993978830579441919e-01 -1.228116000000000069e-01
9.993774138135200769e-01 -1.125828851665949511e-03 -3.526354021928353177e-02 -1.094556800000000107e+00 1.388162170606871805e-03 9.999715403679692027e-01 7.415622691245197552e-03 8.874800000000000397e-03 3.525418790992591866e-02 -7.459957339527564617e-03 9.993505347330855493e-01 -8.519659999999999733e-02
9.993037157285828975e-01 3.140403409055604004e-03 -3.717824091422351068e-02 -1.098646599999999918e+00 -3.157299818248827331e-03 9.999949374002619074e-01 -3.957672346320066344e-04 7.524699999999999618e-03 3.717680982689796493e-02 5.128745214126791694e-04 9.993085718489660429e-01 -7.869100000000000400e-03
9.992228829979743487e-01 2.493437696974120494e-04 -3.941532596466852667e-02 -1.102354499999999904e+00 -4.553168756788976011e-04 9.999862886399047968e-01 -5.216820749436855073e-03 7.646400000000000245e-03 3.941348474518945044e-02 5.230713132408046015e-03 9.992092958236363787e-01 7.355109999999999426e-02
9.991882941696401677e-01 -1.157036358531349533e-03 -4.026678608021316136e-02 -1.105919099999999933e+00 1.610757803432228069e-03 9.999355625929102764e-01 1.123726484954649246e-02 7.340199999999999850e-03 4.025118946892494026e-02 -1.129300353604865623e-02 9.991257727721127857e-01 1.584277000000000046e-01
9.991683160172595279e-01 -3.484282663782740583e-03 -4.062678970276409340e-02 -1.109868199999999971e+00 3.993215423459644565e-03 9.999144896989012876e-01 1.245261100201706765e-02 7.251399999999999860e-03 4.057992727711078051e-02 -1.260448588815012323e-02 9.990967903249813320e-01 2.451232999999999884e-01
9.992313439691354882e-01 -1.783958436555667252e-03 -3.916042290287177763e-02 -1.114552500000000057e+00 2.052481716607304843e-03 9.999746516319013567e-01 6.817874482593265506e-03 7.338899999999999764e-03 3.914726744535454439e-02 -6.893009934277298176e-03 9.992096766272871022e-01 3.352784999999999793e-01
9.992784187425579612e-01 -7.270269186716814096e-03 -3.727982056455698967e-02 -1.118418600000000040e+00 7.083895417105899074e-03 9.999617552811801424e-01 -5.128976574382270413e-03 6.445900000000000067e-03 3.731568384864997201e-02 4.861189250968542090e-03 9.992917034469833704e-01 4.279529000000000249e-01
9.993543021125832482e-01 -4.697591616909699633e-03 -3.562178381373524300e-02 -1.122785200000000039e+00 4.309220693407696604e-03 9.999305251842708353e-01 -1.097157334769674128e-02 4.738199999999999704e-03 3.567084896785128328e-02 1.081098689801825163e-02 9.993051151156006062e-01 5.227692999999999923e-01
9.993132237950180796e-01 -3.479567301073023533e-03 -3.689137243049161324e-02 -1.126737399999999889e+00 3.043998699874108337e-03 9.999250772536703025e-01 -1.185638862202451765e-02 2.985699999999999986e-03 3.692986352971126124e-02 1.173594864672690766e-02 9.992489443021884687e-01 6.186095000000000343e-01
9.993147394329681132e-01 2.853496398235938654e-03 -3.690405276286211345e-02 -1.131589299999999909e+00 -3.400459853824010399e-03 9.998851802021722079e-01 -1.476696600023379852e-02 7.324999999999999697e-04 3.685767796269032170e-02 1.488233753060265452e-02 9.992097015165654073e-01 7.180786000000000113e-01
9.992798374284890262e-01 5.316804532618673619e-03 -3.757044181872760957e-02 -1.135766000000000053e+00 -5.867280014618538909e-03 9.998768298882253491e-01 -1.455678803523454551e-02 -2.137000000000000011e-03 3.748841866660326816e-02 1.476674108375355954e-02 9.991879512001947683e-01 8.191009999999999680e-01
9.992225066880535689e-01 6.393934886029573050e-03 -3.890372378983922297e-02 -1.138750799999999952e+00 -6.895604083654688701e-03 9.998946238550109333e-01 -1.277465577492210846e-02 -5.572299999999999649e-03 3.881794394818423311e-02 1.303298824212927726e-02 9.991613025158231354e-01 9.204278000000000182e-01
9.992332165244974806e-01 7.784203562237649622e-03 -3.837167143881672210e-02 -1.145661599999999947e+00 -8.167737565061618590e-03 9.999181429468523286e-01 -9.848627761605768458e-03 -7.900900000000000631e-03 3.829186672356333504e-02 1.015448573882681872e-02 9.992150015698347820e-01 1.029936100000000021e+00
9.992094342435310361e-01 9.277375122341134650e-03 -3.865794652541703486e-02 -1.150266199999999905e+00 -9.753700255758435828e-03 9.998785994562883195e-01 -1.215120079054015333e-02 -1.035679999999999934e-02 3.854052218176935024e-02 1.251865249020722888e-02 9.991786184110356128e-01 1.139683199999999896e+00
9.991839372480594283e-01 8.114192406443501357e-03 -3.956790905591706792e-02 -1.155375199999999936e+00 -8.443884007899618918e-03 9.999309547251519215e-01 -8.172307220567715316e-03 -1.343229999999999945e-02 3.949886540556888509e-02 8.499744939550879855e-03 9.991834636179861562e-01 1.252737400000000001e+00
9.991250937775695284e-01 8.656811271696483387e-03 -4.091584781681988775e-02 -1.160176600000000002e+00 -8.758564384852571619e-03 9.999589788513727484e-01 -2.308281706415311364e-03 -1.575369999999999895e-02 4.089418704265104093e-02 2.664626263851692899e-03 9.991599297574911276e-01 1.369585300000000005e+00
9.990869269763301697e-01 8.100916005161711009e-03 -4.194862935627747397e-02 -1.166170499999999999e+00 -8.247325726377617572e-03 9.999604843692191380e-01 -3.318330670624115679e-03 -1.778700000000000073e-02 4.192009021168798671e-02 3.661264802481458899e-03 9.991142583191824356e-01 1.488512899999999917e+00
9.990301002364910810e-01 8.430064937232166142e-03 -4.321796879332059221e-02 -1.171267499999999906e+00 -8.569389451335960098e-03 9.999586626107052068e-01 -3.039512171565087947e-03 -1.956880000000000078e-02 4.319055899033625440e-02 3.406915755314352673e-03 9.990610434498676806e-01 1.610638900000000096e+00
9.989529925139746247e-01 8.509941263665450617e-03 -4.494996826543833091e-02 -1.177765799999999974e+00 -8.428816464936889769e-03 9.999624887881981561e-01 1.994008403459508229e-03 -2.215330000000000077e-02 4.496525103205094298e-02 -1.613045629119771486e-03 9.989872493097311512e-01 1.733157000000000059e+00
9.988622749917823729e-01 1.210649220259100642e-02 -4.612578936765817511e-02 -1.186470300000000089e+00 -1.240240680479737581e-02 9.999042689420269969e-01 -6.134595093298556880e-03 -2.545390000000000152e-02 4.604710526937910026e-02 6.699686414975715952e-03 9.989168024907038035e-01 1.914733400000000030e+00
9.988554481975906452e-01 1.314987643645050379e-02 -4.598776310820568147e-02 -1.193128799999999989e+00 -1.332489711508177445e-02 9.999050894464295292e-01 -3.501316323961846042e-03 -2.827450000000000102e-02 4.593735650712658936e-02 4.110091098022044219e-03 9.989358670246569760e-01 2.036880000000000024e+00
9.988533852236639587e-01 1.234665337753812313e-02 -4.625445900236735408e-02 -1.199760900000000019e+00 -1.236106054745879194e-02 9.999235988486969706e-01 -2.544822280791162426e-05 -3.056510000000000130e-02 4.625061090806059649e-02 5.971732118178218508e-04 9.989296894050082587e-01 2.159262399999999804e+00
9.989096432025705852e-01 1.132285731369796385e-02 -4.529147402289575991e-02 -1.205907700000000027e+00 -1.146490139366469936e-02 9.999301350596373483e-01 -2.877678864798348651e-03 -3.280910000000000076e-02 4.525572618958346310e-02 3.393803451733523342e-03 9.989696698825166754e-01 2.280815599999999943e+00
9.989350284965543558e-01 1.023472452804160583e-02 -4.498954607931809901e-02 -1.211667899999999909e+00 -1.058756947873291075e-02 9.999149803159917971e-01 -7.611538097033853333e-03 -3.540580000000000116e-02 4.490781908666893751e-02 8.079761970794558865e-03 9.989584602131232893e-01 2.401815700000000220e+00
9.989706768969103257e-01 6.976878365919349234e-03 -4.482086420849160091e-02 -1.218222099999999974e+00 -7.552681847020294506e-03 9.998909507120360418e-01 -1.269029870012580372e-02 -3.841549999999999826e-02 4.472743785470577327e-02 1.301575400996389173e-02 9.989144339984810106e-01 2.523251800000000156e+00
9.990031993893953022e-01 4.543850903170962817e-03 -4.440676782565895764e-02 -1.224171399999999910e+00 -4.757003538082667064e-03 9.999776613092532518e-01 -4.695508472470653026e-03 -4.141999999999999849e-02 4.438444014619195854e-02 4.902071138419669856e-03 9.990024980806919697e-01 2.645912399999999831e+00
9.990288725314738771e-01 1.252512208844444022e-03 -4.404251425223919270e-02 -1.229199399999999942e+00 -1.167698690648465284e-03 9.999974142687866330e-01 1.951393222405474730e-03 -4.356399999999999856e-02 4.404484451397069900e-02 -1.898069784620095082e-03 9.990277518682014746e-01 2.767262000000000111e+00
9.990433393943898288e-01 -3.275790706649922817e-03 -4.360820114327461361e-02 -1.236358000000000068e+00 3.076672916802570840e-03 9.999845373746297783e-01 -4.632396292500382852e-03 -4.529350000000000043e-02 4.362270160672175601e-02 4.493796490049780691e-03 9.990379700980523969e-01 2.888851600000000186e+00
9.990463781416835110e-01 -7.528114653370297999e-04 -4.365509817744049614e-02 -1.242644400000000093e+00 2.005420654560520965e-04 9.999199180900532058e-01 -1.265374212085947601e-02 -4.818410000000000054e-02 4.366112807594753342e-02 1.263292055222733391e-02 9.989665235699627388e-01 3.009197200000000016e+00
9.990819162175110790e-01 7.214107432635937477e-03 -4.222891593560757634e-02 -1.252110999999999974e+00 -7.556380235068515562e-03 9.999398381712327755e-01 -7.951173236189825258e-03 -5.253809999999999730e-02 4.216901474885665496e-02 8.262971138714115746e-03 9.990763221611607126e-01 3.190114499999999964e+00
9.990774056793233493e-01 5.303602073985978944e-03 -4.261700677092992995e-02 -1.257429799999999931e+00 -5.573833423435072855e-03 9.999650927182778259e-01 -6.224606485055243950e-03 -5.542070000000000329e-02 4.258250629120453878e-02 6.456403795210253864e-03 9.990720919973656855e-01 3.310165200000000141e+00
9.990298118189219201e-01 2.505921961804047794e-03 -4.396766371062636736e-02 -1.262034099999999937e+00 -2.648820523045791655e-03 9.999913970078645464e-01 -3.192124699350288360e-03 -5.774479999999999891e-02 4.395928624177232458e-02 3.305490187681534280e-03 9.990278549108293493e-01 3.430791900000000005e+00
9.989633155825137223e-01 9.850903421639235942e-04 -4.551179756292664247e-02 -1.269582200000000105e+00 -1.261116942519372938e-03 9.999809841510802766e-01 -6.036631535411573352e-03 -6.252230000000000287e-02 4.550498549003538507e-02 6.087769152555825430e-03 9.989455617611486815e-01 3.611864300000000139e+00
9.988910338772889475e-01 3.642745965136706850e-03 -4.694073754633895645e-02 -1.276080300000000056e+00 -3.939513302594957293e-03 9.999728257663477171e-01 -6.231208855782205749e-03 -6.526369999999999394e-02 4.691676325685173454e-02 6.409222316255026516e-03 9.988782404251287383e-01 3.731705199999999945e+00
9.988247959625999872e-01 6.263665175154083803e-03 -4.806031074435497541e-02 -1.283111300000000066e+00 -6.193469836658095293e-03 9.999795252583586480e-01 1.609346280317985618e-03 -6.738679999999999670e-02 4.806940712816007433e-02 -1.309794885136203891e-03 9.988431391042870144e-01 3.849455600000000199e+00
9.987572769539017070e-01 7.539857605090767925e-03 -4.926512233743324254e-02 -1.291049200000000008e+00 -7.524659160895308743e-03 9.999715673484682599e-01 4.939627113513398371e-04 -6.945909999999999584e-02 4.926744600788296458e-02 -1.226455983970351589e-04 9.987856144948813464e-01 3.964725300000000008e+00
9.987391992647441930e-01 7.409144005299285636e-03 -4.964993894383275264e-02 -1.294369600000000009e+00 -7.446569889815395950e-03 9.999721121086653230e-01 -5.688600978694412008e-04 -7.033820000000000350e-02 4.964433954534673565e-02 9.378646190101076622e-04 9.987665192431426364e-01 4.022135699999999758e+00
9.987035205968464169e-01 6.794549066831895474e-03 -5.044910356431298731e-02 -1.297216099999999983e+00 -6.837028478327574800e-03 9.999764031272597720e-01 -6.695000033321170906e-04 -7.169929999999999359e-02 5.044336417261343491e-02 1.013553968142690952e-03 9.987264088424330222e-01 4.079679500000000125e+00
9.986725187721683383e-01 5.832305326106672350e-03 -5.117796853955934588e-02 -1.300149599999999905e+00 -5.856212734787698965e-03 9.999828019300920356e-01 -3.172009571185302771e-04 -7.285229999999999484e-02 5.117523836444701213e-02 6.164889499044370067e-04 9.986894987530992029e-01 4.135889500000000218e+00
9.986128645385500269e-01 4.513672253436499041e-03 -5.245925600787699344e-02 -1.306711299999999909e+00 -4.317648282974075047e-03 9.999832698061654757e-01 3.849418277372786048e-03 -7.522470000000000545e-02 5.247575336682602093e-02 -3.617577996145781172e-03 9.986156460010157110e-01 4.246468100000000412e+00
9.985584266936333719e-01 3.236926948448491399e-03 -5.357789453744816327e-02 -1.309636199999999917e+00 -2.987611935515029852e-03 9.999843374685681852e-01 4.732757385644876906e-03 -7.620609999999999884e-02 5.359237496191298494e-02 -4.565864811732375968e-03 9.985524574224744487e-01 4.300010699999999630e+00
9.984171777035959483e-01 2.194352346454009686e-03 -5.619896871087370904e-02 -1.312675800000000059e+00 -1.909609593570273925e-03 9.999850699449892577e-01 5.119890459287883104e-03 -7.717720000000000136e-02 5.620936450082222868e-02 -5.004468492714735962e-03 9.984064616365015965e-01 4.352175700000000091e+00
9.982380532871532042e-01 1.655096993786363529e-03 -5.931314882398325272e-02 -1.316126600000000035e+00 -1.409145669523771596e-03 9.999902364081231232e-01 4.188245086912669932e-03 -7.803789999999999338e-02 5.931950166645778844e-02 -4.097284755438052040e-03 9.982306391709663274e-01 4.403214499999999809e+00
9.978377477128154149e-01 1.099040167010046981e-03 -6.571621831882061560e-02 -1.323177599999999954e+00 -8.686921758349527281e-04 9.999933792737847327e-01 3.533664174778016441e-03 -7.996999999999999942e-02 6.571966686859602447e-02 -3.468936336654939757e-03 9.978320960298746600e-01 4.501188299999999920e+00
9.976256021765916859e-01 2.216620758874200767e-03 -6.883490738138654808e-02 -1.326923999999999992e+00 -1.908118318142111710e-03 9.999878409524274314e-01 4.547200433959944742e-03 -8.078730000000000633e-02 6.884414983334972982e-02 -4.405058423444910103e-03 9.976177015741096721e-01 4.548347500000000210e+00
9.971783748305570461e-01 4.613843757366131032e-03 -7.492663889479984907e-02 -1.334599700000000055e+00 -4.104749077065667634e-03 9.999674435471201939e-01 6.947149116811698021e-03 -8.215799999999999492e-02 7.495625260979531246e-02 -6.619991814156765859e-03 9.971648489106889057e-01 4.638112500000000082e+00
9.967285396734829606e-01 7.801659578519484772e-03 -8.044471584999846048e-02 -1.341925100000000093e+00 -7.165967143691356206e-03 9.999408018032802659e-01 8.187905953817626106e-03 -8.363729999999999776e-02 8.050383292279711389e-02 -7.584655353667783470e-03 9.967254415775211873e-01 4.722827900000000412e+00
9.962578651475155755e-01 1.109994193355117245e-02 -8.571497780893633234e-02 -1.349415299999999984e+00 -1.087784953121799861e-02 9.999361594113209684e-01 3.057693790003667735e-03 -8.500399999999999623e-02 8.574344593781402235e-02 -2.113856856326571179e-03 9.963150069570869682e-01 4.800355399999999939e+00
9.957711456188461652e-01 1.510310821979426663e-02 -9.061855039136203216e-02 -1.356437600000000021e+00 -1.546646088411062631e-02 9.998749124718645520e-01 -3.308775770800683174e-03 -8.644889999999999519e-02 9.055724234234892311e-02 4.696331704888885746e-03 9.958801787001620998e-01 4.871169100000000363e+00
9.958921043083448499e-01 2.336905269175261132e-02 -8.748030608420856447e-02 -1.366581000000000046e+00 -2.365291960624392106e-02 9.997177886660296720e-01 -2.209619606193986840e-03 -8.910640000000000227e-02 8.740398143332653302e-02 4.269707366272902822e-03 9.961637985936896422e-01 4.967080100000000442e+00
9.975231203174634853e-01 2.676042293900831107e-02 -6.505001303794386014e-02 -1.372740999999999989e+00 -2.657406397633560804e-02 9.996398936296300164e-01 3.728563788334780110e-03 -9.120770000000000266e-02 6.512636605778715504e-02 -1.990685376310626607e-03 9.978750390784607571e-01 5.052343399999999818e+00
9.993578583443185614e-01 2.560457954860860530e-02 -2.506544377416252897e-02 -1.374107699999999932e+00 -2.551993503067195856e-02 9.996674991689988854e-01 3.691073181323196485e-03 -9.260029999999999650e-02 2.515161787016913578e-02 -3.049034492847711372e-03 9.996789982325198221e-01 5.126975100000000118e+00
9.996254982175838411e-01 2.332058293206910188e-02 1.431830035150164632e-02 -1.372838100000000061e+00 -2.326937951153384282e-02 9.997222642080486610e-01 -3.732348306482985607e-03 -9.401859999999999384e-02 -1.440136418522682676e-02 3.397772570550389344e-03 9.998905219328581007e-01 5.172569799999999773e+00
9.953077314266227660e-01 1.645980227505386764e-02 9.534985407149805525e-02 -1.364747799999999955e+00 -1.529109118597475094e-02 9.997988975641541876e-01 -1.297485876008767566e-02 -9.549889999999999768e-02 -9.554424259332451597e-02 1.145597392490704455e-02 9.953592609549076764e-01 5.237666100000000213e+00
9.792424401987568361e-01 8.486387055070479177e-03 2.025147514339032118e-01 -1.349865700000000057e+00 -5.225849137775066822e-03 9.998480631344298653e-01 -1.662952636482409319e-02 -9.785000000000000642e-02 -2.026251065746130509e-01 1.522602643767231173e-02 9.791380057502343526e-01 5.299353100000000261e+00
9.440694617259105526e-01 9.125567276597372837e-03 3.296203504919407723e-01 -1.329102599999999912e+00 -3.195152021114438037e-03 9.998232194659920635e-01 -1.852891848491756283e-02 -1.005553000000000002e-01 -3.297311669225576058e-01 1.643939897134462369e-02 9.439317261970536777e-01 5.355077299999999596e+00
9.077870193962848111e-01 8.629655548806481127e-03 4.193426480346570395e-01 -1.310526400000000091e+00 -2.113051987614837039e-03 9.998697266702399888e-01 -1.600202173717996459e-02 -1.019150000000000056e-01 -4.194261108072635524e-01 1.364033480118785786e-02 9.076869938693650219e-01 5.390120500000000092e+00
8.617871316953437111e-01 7.965022189682272047e-03 5.072075492989336354e-01 -1.288106399999999985e+00 1.875698853749415210e-03 9.998198499440985598e-01 -1.888781119056312865e-02 -1.033256000000000036e-01 -5.072666176658211512e-01 1.722864124875167144e-02 8.616169407124023571e-01 5.421252299999999913e+00
8.052156477885534791e-01 1.487755557396711233e-02 5.927954275267343087e-01 -1.263564499999999979e+00 8.954771609891287037e-04 9.996535638721777417e-01 -2.630494931202059447e-02 -1.051491999999999982e-01 -5.929814151194910954e-01 2.171199156681270434e-02 8.049233694862438782e-01 5.450798999999999950e+00
7.360141670449182882e-01 2.595207263136665304e-02 6.764685032100987705e-01 -1.235186799999999918e+00 -4.480603918781684084e-03 9.994297737951599592e-01 -3.346716958869350861e-02 -1.061238000000000042e-01 -6.769513055587514927e-01 2.160132352175771903e-02 7.357107534380682434e-01 5.478874700000000431e+00
6.578086612808542455e-01 2.380571151770274896e-02 7.528087760135546702e-01 -1.202019900000000030e+00 1.484096808069702150e-03 9.994574749157790761e-01 -3.290217761241695515e-02 -1.076614999999999933e-01 -7.531836181174911271e-01 2.276057851001746929e-02 6.574164536010143056e-01 5.503647800000000423e+00
5.689446546641862001e-01 2.062096033049968385e-02 8.221172397682083854e-01 -1.164984900000000101e+00 3.973350486135748469e-03 9.996049799564498128e-01 -2.782259032117512243e-02 -1.088901000000000036e-01 -8.223662155116564509e-01 1.909607397643769966e-02 5.686379758191693057e-01 5.525784500000000321e+00
5.217123434307701091e-01 1.806623229580094081e-02 8.529301506938351540e-01 -1.145419600000000093e+00 5.644902048777569910e-03 9.996807613616732757e-01 -2.462743275709113749e-02 -1.096783999999999953e-01 -8.531027873549785756e-01 1.766314281150151849e-02 5.214438105809546808e-01 5.535471399999999598e+00
4.714402533361769509e-01 1.444374625920103600e-02 8.817797149675882240e-01 -1.124684100000000075e+00 8.125112147922292777e-03 9.997522967515330983e-01 -2.072022424149948944e-02 -1.105044000000000026e-01 -8.818605729291365547e-01 1.693290683946951924e-02 4.712061189957753582e-01 5.544500400000000440e+00
3.699401771630154712e-01 1.952089642510616840e-02 9.288504723169156430e-01 -1.082486599999999966e+00 1.748890226653801103e-03 9.997628294184772724e-01 -2.170774737589478698e-02 -1.124536000000000008e-01 -9.290539309983959493e-01 9.655025423106325388e-03 3.698182983310956962e-01 5.558147400000000182e+00
3.197553763612684952e-01 2.467854850712047909e-02 9.471786888077906585e-01 -1.059805399999999898e+00 1.603163373681545240e-03 9.996452240749728047e-01 -2.658676082742388730e-02 -1.129214999999999941e-01 -9.474987752790295925e-01 1.001974189682831862e-02 3.196023711067552675e-01 5.564282900000000254e+00
2.735375706556822384e-01 2.688349130529135017e-02 9.614855564879932759e-01 -1.036430100000000021e+00 3.186122432741309365e-03 9.995785294056276360e-01 -2.885501992940461835e-02 -1.136527999999999983e-01 -9.618560422764060869e-01 1.095634275299379318e-02 2.733366285184766209e-01 5.569048900000000302e+00
2.326610622031942410e-01 2.633770449092052296e-02 9.722011908327566898e-01 -1.011823300000000092e+00 1.048627050188336539e-02 9.995072037090809713e-01 -2.958695429771644736e-02 -1.146559000000000050e-01 -9.725013461509667279e-01 1.707849688358948487e-02 2.322702234010087796e-01 5.572342899999999766e+00
1.976951060575231622e-01 2.589007247793835217e-02 9.799216035928546287e-01 -9.860086999999999602e-01 1.851591334932180602e-02 9.993741890510011716e-01 -3.013952905229400417e-02 -1.156169999999999976e-01 -9.800886725157806900e-01 2.410258089377083704e-02 1.970920079569796757e-01 5.574375599999999764e+00
1.675190496422948594e-01 2.747105669791520891e-02 9.854860268166375503e-01 -9.597434000000000243e-01 2.289441360079736906e-02 9.992337245085259889e-01 -3.174601755645890117e-02 -1.161248000000000002e-01 -9.856029696753242364e-01 2.788018738673218866e-02 1.667617501661059487e-01 5.577474600000000393e+00
1.394382597658771483e-01 2.603377660802851448e-02 9.898884857341191390e-01 -9.328773999999999678e-01 2.071303188179521651e-02 9.993589439608538960e-01 -2.920053827775170863e-02 -1.171135999999999983e-01 -9.900141120326152455e-01 2.457526400610937634e-02 1.388096335824805516e-01 5.579807299999999692e+00
1.141059933031940699e-01 2.258065481747516257e-02 9.932119292076113659e-01 -9.038110000000000310e-01 1.478794673090123857e-02 9.995922937312169410e-01 -2.442463806586663011e-02 -1.181722999999999940e-01 -9.933585147990504627e-01 1.747456268919452688e-02 1.137255500538290054e-01 5.579852599999999718e+00
6.773002026324626001e-02 1.642767930132920523e-02 9.975684315914938871e-01 -8.427620000000000111e-01 1.337064377592108062e-02 9.997596984204155657e-01 -1.737156582859507303e-02 -1.204497999999999958e-01 -9.976140888340330193e-01 1.451470864648922617e-02 6.749409598438860236e-02 5.580438599999999916e+00
4.753386489683139593e-02 1.660448035210720930e-02 9.987316070497649356e-01 -8.107845000000000191e-01 2.190110779883692321e-02 9.996041306877457844e-01 -1.766135298270560955e-02 -1.218096000000000040e-01 -9.986294974439486882e-01 2.271284095467772379e-02 4.715139118429068077e-02 5.580681300000000178e+00
1.550631055896983974e-02 2.453008120226698660e-02 9.995788260307731932e-01 -7.430217000000000072e-01 2.679102712747742296e-02 9.993299046534892538e-01 -2.493957759672351185e-02 -1.239713999999999955e-01 -9.995207827745771212e-01 2.716646427966680141e-02 1.483873378149358491e-02 5.574154400000000287e+00
-1.487982030365159278e-03 2.893275945023882079e-02 9.995802525760858481e-01 -6.714136000000000548e-01 2.600240428729778952e-02 9.992444997270176765e-01 -2.888433375693617855e-02 -1.258743999999999974e-01 -9.996607729028667011e-01 2.594851047549322914e-02 -2.239179167907279222e-03 5.573831099999999594e+00
-4.017314266498788443e-03 2.532808346839444599e-02 9.996711206061232868e-01 -6.337074999999999791e-01 3.210043070306835972e-02 9.991672591515444735e-01 -2.518631748128026190e-02 -1.277529000000000026e-01 -9.994765747804006395e-01 3.198869218033743161e-02 -4.827011273026760030e-03 5.570259100000000352e+00
-1.611947598463472865e-03 2.319143818281131642e-02 9.997297428905236316e-01 -5.554691999999999963e-01 3.228925840937996172e-02 9.992109536524015345e-01 -2.312734079894264091e-02 -1.305679999999999896e-01 -9.994772660827817568e-01 3.224325194627540581e-02 -2.359510037468370847e-03 5.570123200000000274e+00
9.834857671143374183e-04 2.478481642618013403e-02 9.996923254834290118e-01 -4.722001000000000115e-01 2.808068505303179530e-02 9.992979050430856880e-01 -2.480266323305964360e-02 -1.338078000000000045e-01 -9.996051759983529683e-01 2.809643840810936710e-02 2.868206425562513928e-04 5.565827399999999869e+00
2.900513378427210104e-03 2.505794599625053506e-02 9.996817925543060035e-01 -3.850666999999999840e-01 2.693046265838331191e-02 9.993214605373023085e-01 -2.512705097297373777e-02 -1.369180000000000119e-01 -9.996331012942434313e-01 2.699477453215696696e-02 2.223723186690063081e-03 5.566313700000000253e+00
3.787557976568295837e-03 2.266154787868732839e-02 9.997360194833014857e-01 -2.944304999999999839e-01 2.623245797027565912e-02 9.993968921511257042e-01 -2.275324388980295987e-02 -1.400843999999999978e-01 -9.996486945689530002e-01 2.631171234285401700e-02 3.190805568355492561e-03 5.564353900000000408e+00
2.247192846131122919e-03 1.848904764209880966e-02 9.998265375761938856e-01 -2.015117999999999909e-01 2.478194565824240123e-02 9.995209637998111463e-01 -1.853909636655855578e-02 -1.435346000000000122e-01 -9.996903547067481632e-01 2.481930784661056169e-02 1.787921785469825942e-03 5.563950499999999799e+00
-2.479701426373603912e-04 1.516338825542334207e-02 9.998849984710359573e-01 -1.016272000000000009e-01 2.636835462819934334e-02 9.995374628010326168e-01 -1.515157851432992302e-02 -1.476058000000000092e-01 -9.996522637322490246e-01 2.636156508801545256e-02 -6.476890461062367876e-04 5.549754599999999982e+00
-2.897910334040252125e-03 1.270438728815483434e-02 9.999150967253810363e-01 -5.477700000000000277e-03 2.476863681225216149e-02 9.996134396696311208e-01 -1.262877121145953956e-02 -1.504401999999999961e-01 -9.996890100156939907e-01 2.472993682727903791e-02 -3.211460471526650373e-03 5.549640700000000315e+00
-4.793230501482627012e-03 2.234208914709031116e-02 9.997388939087563653e-01 9.428899999999999781e-02 2.263123415289831561e-02 9.994967411596695772e-01 -2.222817248262015655e-02 -1.538877999999999913e-01 -9.997323902835582032e-01 2.251878024547272067e-02 -5.296447316811780937e-03 5.543449400000000082e+00
-7.290413973691985475e-03 2.164020517963449394e-02 9.997392416944907989e-01 1.942512000000000127e-01 1.993196151633107663e-02 9.995703303341632040e-01 -2.149119879772642266e-02 -1.580442999999999987e-01 -9.997747580201270523e-01 1.977008435579426238e-02 -7.718613240802030262e-03 5.536425600000000280e+00
-8.638681394173848560e-03 1.219230068868509993e-02 9.998883542614576125e-01 2.948506000000000182e-01 1.532444519083915428e-02 9.998098535263054698e-01 -1.205894569605505708e-02 -1.617101999999999984e-01 -9.998452553087213701e-01 1.521856089202020847e-02 -8.823879023023395440e-03 5.534354699999999738e+00
-9.163870604569820597e-03 5.462358728874351990e-03 9.999430914370377455e-01 4.053528000000000131e-01 9.002115858853548813e-03 9.999450079408629399e-01 -5.379870278308689600e-03 -1.664551999999999976e-01 -9.999174892887945365e-01 8.952303126276608958e-03 -9.212539450595524926e-03 5.521581199999999967e+00
-7.006402914844789449e-03 2.362182071844994707e-02 9.996964138698010149e-01 5.057911000000000490e-01 1.444672512866069895e-02 9.996190078910373034e-01 -2.351874137778751581e-02 -1.700955000000000106e-01 -9.998710929171079620e-01 1.427755752514203377e-02 -7.344991481579965509e-03 5.513271300000000430e+00
-5.213915102147948476e-03 2.318748010698320691e-02 9.997175380354169638e-01 6.084184999999999732e-01 1.802521970840805302e-02 9.995708779892301665e-01 -2.309006995015827970e-02 -1.745537000000000061e-01 -9.998239377729315480e-01 1.789973860501439459e-02 -5.629637119828001524e-03 5.501770500000000119e+00
-3.876888242841805467e-03 1.225717454348699761e-02 9.999173622903858583e-01 7.071950000000000180e-01 2.211370461729725637e-02 9.996814045670139315e-01 -1.216854268271629416e-02 -1.784661999999999915e-01 -9.997479451369986059e-01 2.206470111133746262e-02 -4.146704621250774103e-03 5.498376399999999720e+00
-5.691215261384158577e-03 1.395404060926584353e-02 9.998864409619342419e-01 8.216204999999999758e-01 1.758029978953855668e-02 9.997494953035582776e-01 -1.385206481325237243e-02 -1.839542999999999873e-01 -9.998292569874910329e-01 1.749946830493868261e-02 -5.935105802418960685e-03 5.485645299999999835e+00
-1.015178617409860824e-02 1.404383474527898593e-02 9.998498446982539978e-01 9.169380999999999782e-01 1.469634175392742562e-02 9.997954682571400520e-01 -1.389385445216242618e-02 -1.876730000000000065e-01 -9.998404666628206705e-01 1.455308758076440112e-02 -1.035610280653154192e-02 5.475677499999999753e+00
-1.459561148151602809e-02 1.480794097551067431e-02 9.997838231385556274e-01 1.013765100000000086e+00 1.194208715928043660e-02 9.998215980336340181e-01 -1.463416071220019488e-02 -1.912331999999999921e-01 -9.998221615266191797e-01 1.172591103224590939e-02 -1.476984531750646923e-02 5.469318399999999691e+00
-1.856238108499113498e-02 1.272805222343082257e-02 9.997466852633488665e-01 1.134957299999999947e+00 1.052886969040206511e-02 9.998660108819882320e-01 -1.253408097877424868e-02 -1.983869000000000049e-01 -9.997722645240257888e-01 1.029354018487105976e-02 -1.869390593119446553e-02 5.456094700000000408e+00
-2.256479717666287285e-02 1.392520150411871022e-02 9.996483975335757055e-01 1.228214700000000104e+00 1.016216897599277191e-02 9.998545275946347788e-01 -1.369868498116860560e-02 -2.014254000000000044e-01 -9.996937332253710284e-01 9.849487884129525320e-03 -2.270302487205055897e-02 5.453256099999999940e+00
-2.442458691528073128e-02 1.271047711749701686e-02 9.996208697928747888e-01 1.328010799999999936e+00 1.252303666041878691e-02 9.998446037096473393e-01 -1.240733595499919108e-02 -2.056146000000000085e-01 -9.996232355776948353e-01 1.221524474351592081e-02 -2.457996519599447982e-02 5.446990000000000443e+00
-2.618809817238181362e-02 1.215871648914103494e-02 9.995830876557738609e-01 1.373554200000000058e+00 1.286900744105614995e-02 9.998472700139048319e-01 -1.182477455277196332e-02 -2.071429999999999938e-01 -9.995741954260302098e-01 1.255397383614175952e-02 -2.634056907748449916e-02 5.446205100000000243e+00
-2.874570829283853990e-02 1.098972820322846773e-02 9.995263428888517820e-01 1.463035599999999992e+00 9.711180583546105347e-03 9.998954407712498105e-01 -1.071449936030407189e-02 -2.104391999999999929e-01 -9.995395826211271872e-01 9.398584940689956244e-03 -2.884942589889516462e-02 5.436097600000000085e+00
-3.004213634181073303e-02 9.765753431741255874e-03 9.995009255142940363e-01 1.553063899999999942e+00 9.256844177195255180e-03 9.999121069208930512e-01 -9.491536698532521826e-03 -2.134532000000000096e-01 -9.995057683074665134e-01 8.967078282857646881e-03 -3.012989590373527093e-02 5.432543299999999853e+00
-3.035601111719750389e-02 1.225149607250228603e-02 9.994640631023399280e-01 1.596265199999999940e+00 9.301062127294076887e-03 9.998850482370009729e-01 -1.197416199132120100e-02 -2.151230000000000087e-01 -9.994958743448403293e-01 8.932589550384959290e-03 -3.046647356632459225e-02 5.428997500000000365e+00
-3.057572964485411743e-02 1.666853820953749163e-02 9.993934583489337831e-01 1.680433899999999925e+00 7.147252030540052897e-03 9.998390240007175578e-01 -1.645730456983909851e-02 -2.178816000000000086e-01 -9.995068991983481199e-01 6.639722829282439405e-03 -3.068994192978502511e-02 5.426541799999999860e+00
-3.094214200865488471e-02 1.760915796473733891e-02 9.993660497553882305e-01 1.721040399999999915e+00 7.976741128920701238e-03 9.998173083128328864e-01 -1.737013526268054234e-02 -2.194189000000000001e-01 -9.994893473413704044e-01 7.434215079923413468e-03 -3.107695283110978313e-02 5.422870200000000196e+00
-3.107075469601154605e-02 1.740699381694989570e-02 9.993656011534904904e-01 1.762503099999999989e+00 8.889376952743978377e-03 9.998136093591653006e-01 -1.713842226083153383e-02 -2.210107000000000044e-01 -9.994776571689897304e-01 8.351233828316012575e-03 -3.121970072778545990e-02 5.421346699999999963e+00
-3.105764104471023593e-02 1.697661463103662671e-02 9.993734124382172013e-01 1.803031000000000050e+00 9.894634084510326930e-03 9.998119764722067648e-01 -1.667656796445798895e-02 -2.222424000000000066e-01 -9.994686183913286115e-01 9.370499368166728890e-03 -3.121977886724391915e-02 5.421134000000000341e+00
-3.147269247598777353e-02 1.718734336820599076e-02 9.993568255914677678e-01 1.843377700000000008e+00 5.936938103200398859e-03 9.998377162595818435e-01 -1.700864223807675712e-02 -2.235919000000000101e-01 -9.994869796021710329e-01 5.397811849954295936e-03 -3.156962516346717429e-02 5.422262199999999588e+00
-3.132671285940521327e-02 1.739345397454565914e-02 9.993578462293973841e-01 1.884392099999999903e+00 3.285216487868023415e-03 9.998449648067186946e-01 -1.729895093001764667e-02 -2.253029000000000004e-01 -9.995037990993592691e-01 2.741187605159492793e-03 -3.137899737820037949e-02 5.420560799999999624e+00
-3.134967862930196358e-02 1.630064272778838919e-02 9.993755483783361981e-01 1.923424800000000046e+00 5.255965982702857919e-03 9.998558690915813063e-01 -1.614360135494553178e-02 -2.264914000000000094e-01 -9.994946585507238357e-01 4.746587171824441856e-03 -3.143083579531591454e-02 5.419865599999999617e+00
-3.197903864445440780e-02 1.550300979943694535e-02 9.993682993644209533e-01 1.964241899999999985e+00 5.610863285249183437e-03 9.998667274038137709e-01 -1.533119838700979995e-02 -2.281294000000000100e-01 -9.994727906754493629e-01 5.117041913661760956e-03 -3.206176198344523609e-02 5.416246400000000349e+00
-3.594887197818091157e-02 1.494766551915655516e-02 9.992418355428397403e-01 2.003842800000000146e+00 2.178647298591152373e-03 9.998869289851303188e-01 -1.487893613916477925e-02 -2.295910999999999924e-01 -9.993512556150837556e-01 1.642114555206305483e-03 -3.597737289384650428e-02 5.415655600000000014e+00
-4.715592467091982848e-02 1.852316264683677091e-02 9.987157809977719181e-01 2.082976299999999892e+00 2.362923038843424417e-03 9.998273202194009057e-01 -1.843220924371585800e-02 -2.322877000000000136e-01 -9.988847457855901668e-01 1.490700657560845369e-03 -4.719155060396418300e-02 5.411843799999999760e+00
-5.380746957460819796e-02 2.135174754406420419e-02 9.983230234221744936e-01 2.121384400000000170e+00 4.340616918025314019e-03 9.997669190454976373e-01 -2.114867908509230482e-02 -2.322204999999999964e-01 -9.985418945956889836e-01 3.195380898706211281e-03 -5.388760783485957440e-02 5.415327500000000072e+00
-6.754823215593627750e-02 2.221487467295089890e-02 9.974686640069815313e-01 2.200917000000000012e+00 -4.371384882183408649e-04 9.997513329922009806e-01 -2.229531543305520239e-02 -2.353003999999999929e-01 -9.977159140970689455e-01 -1.942041086691024404e-03 -6.752172416243340525e-02 5.409119600000000361e+00
-7.747309196501113437e-02 2.180591723405581051e-02 9.967559490642441400e-01 2.289070800000000183e+00 -2.597749254054442306e-03 9.997529779875674594e-01 -2.207339357243306988e-02 -2.370569999999999899e-01 -9.969910589971173742e-01 -4.299416073372964303e-03 -7.739730810069578304e-02 5.413241900000000051e+00
-8.415422160827368270e-02 1.814728172857081601e-02 9.962874801739552977e-01 2.382247899999999863e+00 -3.853834484450468015e-03 9.998207446748917926e-01 -1.853716476463816015e-02 -2.397490999999999928e-01 -9.964452894892282808e-01 -5.399507719113091561e-03 -8.406919989579542118e-02 5.411390800000000390e+00
-8.731638636645362717e-02 1.195524999447157566e-02 9.961088899660887064e-01 2.664375300000000113e+00 -2.511753597346825899e-03 9.999221637667757845e-01 -1.222119068812090557e-02 -2.553881000000000068e-01 -9.961774639921191499e-01 -3.569090295703550644e-03 -8.727956134565928448e-02 5.422462900000000197e+00
-8.966795532487382980e-02 1.541002716179688987e-02 9.958524935203654227e-01 2.764204499999999953e+00 -1.430959412986066229e-03 9.998772706590696169e-01 -1.560115298713887592e-02 -2.580830000000000068e-01 -9.959706873914588865e-01 -2.823947988615899476e-03 -8.963489931239265740e-02 5.420441199999999959e+00
-8.934430945746164865e-02 2.474026612812683934e-02 9.956934837586708387e-01 2.926099799999999806e+00 1.213780873909720524e-02 9.996442589555164515e-01 -2.374929759570830468e-02 -2.659482000000000235e-01 -9.959268386616468849e-01 9.963672474839818313e-03 -8.961281863791414892e-02 5.429134399999999694e+00
