9.999267762575922980e-01 -1.295872868431013946e-03 -1.203174287490631732e-02 -9.181038000000000254e-01 1.332075947666096260e-03 9.999946084582318484e-01 3.001437678412851098e-03 -4.043800000000000172e-03 1.202778852360831922e-02 -3.017245097205599469e-03 9.999231113116922032e-01 -8.936228999999999978e-01
9.998954939473309045e-01 -3.207450871271247568e-03 -1.409657556754461902e-02 -9.180201000000000056e-01 3.236776830157838541e-03 9.999926438502617643e-01 2.058038171510418596e-03 -4.503499999999999691e-03 1.408987081469762620e-02 -2.103450563246469195e-03 9.998985203690188284e-01 -8.594203999999999732e-01
9.998783632086420958e-01 -3.790691215724493069e-03 -1.512909274589364916e-02 -9.189218999999999582e-01 3.801477622902483654e-03 9.999925402478802017e-01 6.842634537463120666e-04 -5.239299999999999687e-03 1.512638605514860998e-02 -7.416931296636859045e-04 9.998853145917345753e-01 -8.251583999999999586e-01
9.998404889837806397e-01 -4.225386088424676681e-03 -1.735346366228685683e-02 -9.193029999999999813e-01 4.211876335171638522e-03 9.999907979109992073e-01 -8.149791778651434759e-04 -5.704700000000000049e-03 1.735674757585026901e-02 7.417585367758375596e-04 9.998490851662871215e-01 -7.913442000000000531e-01
9.997919649555830901e-01 -6.295549142647670696e-03 -1.940084717858107932e-02 -9.199216000000000060e-01 6.250189841598590909e-03 9.999775926960593475e-01 -2.397755771131261388e-03 -6.474299999999999673e-03 1.941550764719086886e-02 2.275997975948939375e-03 9.998089106904456402e-01 -7.576228000000000407e-01
9.997423157831361040e-01 -8.628512473333736429e-03 -2.099644743926401547e-02 -9.204307000000000460e-01 8.534738824937592241e-03 9.999532190930594533e-01 -4.551687447306788405e-03 -6.846299999999999608e-03 2.103473949832408013e-02 4.371315354145872099e-03 9.997691890313045171e-01 -7.233578999999999981e-01
9.996340947821669154e-01 -1.026870842755488698e-02 -2.502459143058023694e-02 -9.233122000000000273e-01 1.014776431167572872e-02 9.999362322905223088e-01 -4.955222710365137818e-03 -9.165599999999999442e-03 2.507387940691042927e-02 4.699465912686382092e-03 9.996745548385350677e-01 -6.182792999999999761e-01
9.996074764122367950e-01 -9.677785815028844274e-03 -2.629132104855125274e-02 -9.242131000000000096e-01 9.478196124482834994e-03 9.999253916662963482e-01 -7.705510964877071087e-03 -1.003599999999999978e-02 2.636393178161038769e-02 7.453292072797676124e-03 9.996246253160694373e-01 -5.823007999999999518e-01
9.995784321901188818e-01 -8.064046163754671342e-03 -2.789137966850921760e-02 -9.251589000000000063e-01 7.747233433382472341e-03 9.999044541044558310e-01 -1.144827656021035582e-02 -1.083420000000000043e-02 2.798103419233778991e-02 1.122736930626291353e-02 9.995454006216967224e-01 -5.457954000000000416e-01
9.995537447814140108e-01 -6.819419604748309764e-03 -2.908275794532326833e-02 -9.266404000000000307e-01 6.378329262607567059e-03 9.998636327206698038e-01 -1.523262546127161082e-02 -1.144019999999999933e-02 2.918266967344923177e-02 1.504032841662676298e-02 9.994609348603127330e-01 -5.089829000000000159e-01
9.995334164703166824e-01 -5.013286976773555746e-03 -3.012999025663587807e-02 -9.282928000000000290e-01 4.556522201180257699e-03 9.998739483018087570e-01 -1.520939225551639490e-02 -1.217219999999999934e-02 3.020244136831675905e-02 1.506500783406777150e-02 9.994302667391822270e-01 -4.708960999999999841e-01
9.994827550654541426e-01 -1.635560901526310730e-03 -3.211770955885154266e-02 -9.314514000000000404e-01 1.708004341479488946e-03 9.999960587938577783e-01 2.228254456031510556e-03 -1.357809999999999920e-02 3.211393853047041225e-02 -2.281959090066145151e-03 9.994816094430013509e-01 -3.913949999999999929e-01
9.994565084256344933e-01 -6.110306513808411210e-04 -3.295928408177108832e-02 -9.330772000000000510e-01 8.971501704002725472e-04 9.999620391831938182e-01 8.666909146897595201e-03 -1.399569999999999981e-02 3.295273717328451452e-02 -8.691768182130694964e-03 9.994191164264653038e-01 -3.507248000000000032e-01
9.993804535410570900e-01 3.843467739648614209e-03 -3.498480864325682893e-02 -9.369659999999999656e-01 -3.822143982409746069e-03 9.999924668387186744e-01 6.763735593831520735e-04 -1.533149999999999964e-02 3.498714471700636874e-02 -5.422375387079329638e-04 9.993876153340118806e-01 -2.672103000000000117e-01
9.993419005635572061e-01 3.337826844744502114e-03 -3.611958872927444747e-02 -9.386822999999999695e-01 -3.532617007243873952e-03 9.999795532604713877e-01 -5.330448205180593653e-03 -1.525420000000000074e-02 3.610105808833804358e-02 5.454536913660465274e-03 9.993332585438953197e-01 -2.239406999999999925e-01
9.992812096740991690e-01 -3.348566253362086984e-05 -3.790861209513567837e-02 -9.419005999999999768e-01 2.372646861910586154e-04 9.999855476715678870e-01 5.371047706287431639e-03 -1.555669999999999970e-02 3.790788437433232488e-02 -5.376181424108891077e-03 9.992667756788260469e-01 -1.331610000000000016e-01
9.992569426153318224e-01 -1.108397745545209451e-03 -3.852705659010634970e-02 -9.462270999999999876e-01 1.708993179120543715e-03 9.998774833018349018e-01 1.555948997565568571e-02 -1.622550000000000034e-02 3.850509027873206397e-02 -1.561377085865168525e-02 9.991364111982908858e-01 -3.789739999999999776e-02
9.992589470299132470e-01 -3.437355163454386756e-03 -3.833720608168214583e-02 -9.498412999999999995e-01 3.892757472779862296e-03 9.999226757240277097e-01 1.181054664946130581e-02 -1.556229999999999940e-02 3.829364464147033686e-02 -1.195103185424834305e-02 9.991950608453243898e-01 6.027269999999999850e-02
9.993232828309799309e-01 -3.516840129953756333e-03 -3.661431724631246387e-02 -9.543483999999999856e-01 3.618345905531600466e-03 9.999897914270289290e-01 2.706402526437712546e-03 -1.584920000000000079e-02 3.660442548137028684e-02 -2.837054322273822957e-03 9.993258063104101252e-01 1.633570000000000022e-01
9.993740208861013885e-01 -5.482785467271200468e-03 -3.495004208103609511e-02 -9.580566000000000360e-01 5.165838664851886940e-03 9.999447720709504495e-01 -9.152426938451828364e-03 -1.662030000000000104e-02 3.499829265600017114e-02 8.966151431626455393e-03 9.993471507137398069e-01 2.704812999999999801e-01
9.993736579278565957e-01 -3.927581290720766338e-03 -3.516910498008807978e-02 -9.624435000000000073e-01 3.605959800418966077e-03 9.999511426919934776e-01 -9.203764604464160712e-03 -1.873920000000000100e-02 3.520353524595844913e-02 9.071181520695368108e-03 9.993389939214847306e-01 3.818700999999999901e-01
9.993843507987256736e-01 2.833283620269200611e-04 -3.508331659990300555e-02 -9.670284000000000102e-01 -7.304949358625927600e-04 9.999186565170596896e-01 -1.273368470895627942e-02 -2.100650000000000087e-02 3.507685498670651270e-02 1.275147341124542415e-02 9.993032643647692392e-01 4.963230000000000142e-01
9.993543685606967042e-01 5.556878477974455492e-03 -3.549601583603696070e-02 -9.715357000000000021e-01 -6.033388692822191750e-03 9.998929309214074079e-01 -1.333135080473397786e-02 -2.404859999999999984e-02 3.541813461395853374e-02 1.353690492611144165e-02 9.992808954170439018e-01 6.128571999999999909e-01
9.993369576559462120e-01 6.294129650085049030e-03 -3.586124642152600794e-02 -9.761710000000000109e-01 -6.774209728692368385e-03 9.998888508788452700e-01 -1.328141448543855400e-02 -2.714439999999999908e-02 3.577366553079487643e-02 1.351553994963751622e-02 9.992685199856746747e-01 7.321870000000000323e-01
9.992885431284842523e-01 7.905639424400708049e-03 -3.687693638906078264e-02 -9.807493999999999934e-01 -8.287661473562094039e-03 9.999134494279655616e-01 -1.021803896875446774e-02 -3.025910000000000058e-02 3.679296453740998896e-02 1.051639283969135058e-02 9.992675733967305574e-01 8.534332999999999503e-01
9.992646292633236005e-01 8.761137428893547852e-03 -3.732885176622182527e-02 -9.857586999999999877e-01 -9.150923511232450513e-03 9.999052463089357357e-01 -1.028391962036880047e-02 -3.311259999999999898e-02 3.723521588663204068e-02 1.061795059409647787e-02 9.992501177498340770e-01 9.756413999999999920e-01
9.992258196668770687e-01 9.686615134337557553e-03 -3.813044450693993392e-02 -9.908776999999999724e-01 -1.009287423784078694e-02 9.998941836997172761e-01 -1.047641604247971474e-02 -3.587579999999999936e-02 3.802492867418337530e-02 1.085315118825952614e-02 9.992178510758342735e-01 1.099328599999999989e+00
9.991881710372926273e-01 9.752868456360896596e-03 -3.908811092932168441e-02 -9.962212999999999763e-01 -9.923890174920011950e-03 9.999420050716534281e-01 -4.183646385351892823e-03 -3.850979999999999681e-02 3.904504146426486522e-02 4.568156100054217815e-03 9.992270095863599044e-01 1.225130800000000075e+00
9.991236258564013539e-01 8.522533662680499555e-03 -4.097983254634370714e-02 -1.004082900000000000e+00 -8.628092465514356629e-03 9.999598979358662598e-01 -2.399695917957078272e-03 -4.229020000000000001e-02 4.095773768122975417e-02 2.751170670933229378e-03 9.991570921451616849e-01 1.416418900000000036e+00
9.990702116566084756e-01 8.796236622447835274e-03 -4.220590482031547769e-02 -1.010131200000000007e+00 -8.896836940293816748e-03 9.999580103632352834e-01 -2.196315746366712257e-03 -4.402770000000000294e-02 4.218481329670008967e-02 2.569772690691240861e-03 9.991065197442366985e-01 1.545514700000000019e+00
9.990079568168770408e-01 8.902283451091055552e-03 -4.363314755922368532e-02 -1.016221599999999947e+00 -8.803712714957339855e-03 9.999582434327288771e-01 2.450720988574783647e-03 -4.631119999999999681e-02 4.365314260166220511e-02 -2.064156071563585070e-03 9.990446148199344512e-01 1.674686600000000025e+00
9.989295675529387131e-01 1.249243749155790582e-02 -4.453827650480333272e-02 -1.025723799999999963e+00 -1.274190846909624940e-02 9.999046566934437497e-01 -5.321775204915444799e-03 -5.010819999999999858e-02 4.446754813416151780e-02 5.883581246655640931e-03 9.989935038000247181e-01 1.868006199999999950e+00
9.989220000060898830e-01 1.334709514750477555e-02 -4.446001523792832838e-02 -1.032082399999999955e+00 -1.348124179624838812e-02 9.999054277584339401e-01 -2.718760536382662865e-03 -5.303999999999999687e-02 4.441952299906484075e-02 3.315205928228398546e-03 9.990074651303607611e-01 1.997341500000000103e+00
9.989376479196022673e-01 1.243485871740001789e-02 -4.437285045532816247e-02 -1.037954100000000102e+00 -1.242373553637317676e-02 9.999226838332581080e-01 5.264513428932631996e-04 -5.530029999999999668e-02 4.437596606469400989e-02 2.538449283812093966e-05 9.990149012859881328e-01 2.127333399999999930e+00
9.989843394665732790e-01 1.112179529850143914e-02 -4.366457568639116327e-02 -1.043938500000000102e+00 -1.123970512446997860e-02 9.999338169199467607e-01 -2.455770474102136371e-03 -5.742030000000000051e-02 4.363437325376995357e-02 2.944053200052573760e-03 9.990432293056722424e-01 2.256488599999999956e+00
9.990200883315110136e-01 8.384570424114468415e-03 -4.345758954317421874e-02 -1.052424299999999979e+00 -8.848560426315025054e-03 9.999057692536373887e-01 -1.049550340258380114e-02 -6.162759999999999766e-02 4.336549421466094623e-02 1.086975584338771735e-02 9.990001413010026754e-01 2.449845100000000109e+00
9.990630467069434584e-01 4.850121108638292579e-03 -4.300587203942365933e-02 -1.058102000000000098e+00 -5.282576160919258586e-03 9.999365659649883664e-01 -9.947785444536724059e-03 -6.526129999999999431e-02 4.295489603926225253e-02 1.016564662862085022e-02 9.990252932408059117e-01 2.579154700000000133e+00
9.990899323039611479e-01 2.189877944354286839e-03 -4.259708444782574904e-02 -1.063722000000000056e+00 -2.102742550803708092e-03 9.999956046129575560e-01 2.090269965942581631e-03 -6.834569999999999534e-02 4.260147465324887889e-02 -1.998796976761954905e-03 9.990901456665530755e-01 2.709255000000000191e+00
9.991012726602331862e-01 -2.913001633220723818e-03 -4.228665735414718213e-02 -1.069199100000000069e+00 2.906090401604782911e-03 9.999957520182884974e-01 -2.249087709719498106e-04 -7.044469999999999898e-02 4.228713288081726446e-02 1.018177902576865372e-04 9.991054939423852366e-01 2.837739000000000011e+00
9.991001633865355114e-01 -2.098690400251681468e-03 -4.236105545901599351e-02 -1.074616999999999933e+00 1.788008809329402543e-03 9.999712375743078363e-01 -7.370688475633067893e-03 -7.311330000000000606e-02 4.237530584545317475e-02 7.288314119943040473e-03 9.990751793192508279e-01 2.966479999999999784e+00
9.991209038709513157e-01 1.081835172998746146e-03 -4.190762556804664141e-02 -1.080408100000000093e+00 -1.609119974460396923e-03 9.999199460802691286e-01 -1.255038500363180043e-02 -7.594080000000000275e-02 4.189069325042170389e-02 1.260678640614078944e-02 9.990426611288973913e-01 3.095748200000000061e+00
9.991341302705433192e-01 6.351073895242602754e-03 -4.111755815831077271e-02 -1.086553099999999938e+00 -6.630840033454644261e-03 9.999557621903674143e-01 -6.671253460334701166e-03 -7.944569999999999410e-02 4.107336958389993381e-02 6.938120974619890746e-03 9.991320437201310911e-01 3.225633399999999984e+00
9.991415822767767407e-01 4.195358630944730216e-03 -4.121283212079503849e-02 -1.092149299999999990e+00 -4.413963342586103497e-03 9.999766615111989054e-01 -5.214725354931942260e-03 -8.224650000000000016e-02 4.118999263254830706e-02 5.392160872490870359e-03 9.991367819813540274e-01 3.355103300000000122e+00
9.991040367971943947e-01 1.260514327495207507e-03 -4.230289303559203740e-02 -1.097125799999999929e+00 -1.350899088147163637e-03 9.999968655066949763e-01 -2.108091183668255823e-03 -8.472590000000000676e-02 4.230010315831635170e-02 2.163349351167298106e-03 9.991026079399355497e-01 3.485246399999999856e+00
9.990301046429009846e-01 -4.379482995890416870e-04 -4.403019666639106794e-02 -1.106120100000000050e+00 2.266885849415324486e-04 9.999884401095399111e-01 -4.802942803582860992e-03 -8.964529999999999721e-02 4.403179112277452040e-02 4.788303308680252196e-03 9.990186552422053445e-01 3.678588400000000203e+00
9.989531348131300836e-01 2.080546465308227237e-03 -4.569798434751985716e-02 -1.111726800000000015e+00 -2.317487210607446866e-03 9.999841429154467942e-01 -5.132559857235038242e-03 -9.252050000000000551e-02 4.568658118144919289e-02 5.233091253276889523e-03 9.989421159686310281e-01 3.806761999999999979e+00
9.988931810957675239e-01 4.364169009884132783e-03 -4.683339395379535613e-02 -1.118165700000000040e+00 -4.242241362599739191e-03 9.999873498271821814e-01 2.702512503226285959e-03 -9.488030000000000075e-02 4.684459572458359727e-02 -2.500842750317071143e-03 9.988990587826872547e-01 3.933945899999999884e+00
9.988472555542895481e-01 5.390422725147550262e-03 -4.769804413713409075e-02 -1.125185099999999938e+00 -5.322886061954117815e-03 9.999846431671284286e-01 1.542826588529056181e-03 -9.721889999999999699e-02 4.770562813374575051e-02 -1.287156849428411310e-03 9.988606090299134710e-01 4.060026200000000252e+00
9.987970207915980447e-01 4.848935334525423385e-03 -4.879548220839339395e-02 -1.131618999999999930e+00 -4.840149426421554504e-03 9.999882419418609780e-01 2.982139433255658533e-04 -9.925340000000000551e-02 4.879635448840369955e-02 -6.167777292917129509e-05 9.988087464497366064e-01 4.184284199999999565e+00
9.987266187512149340e-01 1.909292606076581000e-03 -5.041324825390434972e-02 -1.137713900000000056e+00 -1.818718529955300331e-03 9.999966488254155017e-01 1.842444258967069733e-03 -1.014778999999999959e-01 5.041659707550882885e-02 -1.748410616241157000e-03 9.987267443097951336e-01 4.305335499999999982e+00
9.986968726743493674e-01 2.614741289923639637e-03 -5.096782944624180661e-02 -1.140960699999999939e+00 -2.377217831527756852e-03 9.999860335826056268e-01 4.720325741881821642e-03 -1.029312000000000005e-01 5.097946003888125660e-02 -4.593012923427731466e-03 9.986891402665943884e-01 4.364646900000000329e+00
9.985338042075252440e-01 7.231342549874248977e-04 -5.412687808932667433e-02 -1.147350000000000092e+00 -4.092456618507089253e-04 9.999830381510128596e-01 5.809985220119161763e-03 -1.049747999999999931e-01 5.413016139672802152e-02 -5.779315454187502858e-03 9.985171631674866211e-01 4.479454999999999742e+00
9.983474017712418158e-01 2.091332900667901588e-04 -5.746670026961336192e-02 -1.150702700000000078e+00 7.279007122961876023e-05 9.999879740481728563e-01 4.903719061728682889e-03 -1.059713000000000044e-01 5.746703470874519465e-02 -4.899798189498898691e-03 9.983353804706542878e-01 4.534639399999999654e+00
9.979519497509637960e-01 -5.562131226129480698e-04 -6.396558930559487210e-02 -1.157897900000000035e+00 8.354704178117273224e-04 9.999902371507894960e-01 4.339077354550160276e-03 -1.081516000000000005e-01 6.396255136742717839e-02 -4.383632063716304955e-03 9.979426715961690064e-01 4.640950700000000317e+00
9.977544110633855823e-01 8.626677814914730010e-04 -6.697306180738202275e-02 -1.161819699999999900e+00 -4.965634436144930088e-04 9.999848455225109900e-01 5.482896138583556213e-03 -1.092093999999999981e-01 6.697677678347249697e-02 -5.437327433473666295e-03 9.977397189859077420e-01 4.692263099999999909e+00
9.975544812528552852e-01 2.052747818088750120e-03 -6.986303141678035233e-02 -1.165795399999999926e+00 -1.605394901673214830e-03 9.999778528627245588e-01 6.458830487393464603e-03 -1.100302999999999976e-01 6.987474250082348348e-02 -6.330877541899980129e-03 9.975356837477008520e-01 4.741864200000000196e+00
9.971114319595116848e-01 4.559584035702923463e-03 -7.581558183561920572e-02 -1.173366899999999990e+00 -3.911414415036453332e-03 9.999545427970821798e-01 8.695583749940815829e-03 -1.115831999999999935e-01 7.585178371617870563e-02 -8.373919804951128823e-03 9.970839404855412758e-01 4.836619400000000013e+00
9.966788833948952986e-01 8.275907734468967297e-03 -8.101057181550648523e-02 -1.181378500000000109e+00 -7.668324764018696199e-03 9.999401118400977895e-01 7.808298696029849183e-03 -1.129755000000000065e-01 8.107034100099934359e-02 -7.161151051572683772e-03 9.966826564787802933e-01 4.924648799999999937e+00
9.962001112038417761e-01 1.202117793455408784e-02 -8.626024413667662816e-02 -1.189121600000000001e+00 -1.203993119863704109e-02 9.999274715344002029e-01 3.028655698397002554e-04 -1.145399000000000000e-01 8.625762861443242446e-02 7.368526902290968312e-04 9.962725924936043365e-01 5.004851799999999962e+00
9.959188935029671397e-01 1.795512522116296528e-02 -8.844869157945706162e-02 -1.199754200000000104e+00 -1.828098587962983385e-02 9.998287540424837250e-01 -2.875438248893629790e-03 -1.171181000000000028e-01 8.838191624475186248e-02 4.480632561010042259e-03 9.960765838090758217e-01 5.113350399999999851e+00
9.964936194988786022e-01 2.456178793184339917e-02 -7.998240351236729495e-02 -1.205876600000000076e+00 -2.462423748596531334e-02 9.996967563505865240e-01 2.055975454993545261e-04 -1.190316000000000013e-01 7.996319919974920198e-02 1.764629056512101186e-03 9.967962544361982369e-01 5.179122900000000307e+00
9.976961044945251711e-01 2.545342160247122260e-02 -6.288566136390887074e-02 -1.209822299999999906e+00 -2.520127848352166078e-02 9.996708754737781977e-01 4.799613764220531792e-03 -1.204611000000000015e-01 6.298713074307606130e-02 -3.203756890988822964e-03 9.980091970029825177e-01 5.239577800000000174e+00
9.989981259987074091e-01 2.397605636975250892e-02 -3.778747109856794156e-02 -1.211409399999999970e+00 -2.377340914597526889e-02 9.997005295918980350e-01 5.803115650818595379e-03 -1.214231999999999950e-01 3.791529069714113381e-02 -4.898964649103574286e-03 9.992689482200065587e-01 5.294576199999999844e+00
9.997309135514487188e-01 2.269987131585041867e-02 -4.776644411057866593e-03 -1.210679199999999955e+00 -2.268944992243385195e-02 9.997400859153321440e-01 2.224741832579529323e-03 -1.229444999999999982e-01 4.825904247208526870e-03 -2.115763750538885921e-03 9.999861169996054899e-01 5.345672099999999816e+00
9.989779911949482338e-01 1.987183164840462465e-02 4.059659363842400143e-02 -1.207085799999999987e+00 -1.959745434183860283e-02 9.997824172498448458e-01 -7.145483984763361350e-03 -1.240740000000000037e-01 -4.072975437472482058e-02 6.342591346951386745e-03 9.991500681296979769e-01 5.394551800000000341e+00
9.913692670020819442e-01 1.300956420640192110e-02 1.304520129507941995e-01 -1.195969000000000060e+00 -1.138515464314528158e-02 9.998481860436868596e-01 -1.319026606633188353e-02 -1.258023000000000058e-01 -1.306038081278886043e-01 1.159120806078749177e-02 9.913668792118209838e-01 5.464294899999999622e+00
9.787239148403363842e-01 7.215358896501015626e-03 2.050547173697810088e-01 -1.184284600000000021e+00 -4.224198411236081835e-03 9.998782532787402477e-01 -1.502114403225755963e-02 -1.274735999999999925e-01 -2.051381355754911817e-01 1.383536108130178043e-02 9.786352375202731491e-01 5.508251200000000125e+00
9.577081946458082529e-01 6.116946053470741565e-03 2.876762014474704143e-01 -1.170129699999999939e+00 -1.367585571433654022e-03 9.998594853730903287e-01 -1.670745998540468930e-02 -1.292438999999999949e-01 -2.877379773647744665e-01 1.560744951739460699e-02 9.575819880833131847e-01 5.549197699999999678e+00
9.260492306733010270e-01 8.306748027070980089e-03 3.773113042390885408e-01 -1.152283900000000028e+00 -2.593643662317859488e-03 9.998742113279021071e-01 -1.564718933095098768e-02 -1.309065000000000090e-01 -3.773938200102648910e-01 1.351145656916604917e-02 9.259542889146522571e-01 5.587997900000000406e+00
8.841338444586622769e-01 6.543908049924627990e-03 4.671878876321390317e-01 -1.130141000000000062e+00 4.541378962954179498e-04 9.998894080808261586e-01 -1.486490385257750041e-02 -1.324348999999999943e-01 -4.672334949910131874e-01 1.335473231515168363e-02 8.840330945633616544e-01 5.624242299999999695e+00
8.328391259613847630e-01 9.038959963827019120e-03 5.534413134837776749e-01 -1.104853400000000097e+00 2.517435239546701644e-03 9.997944581395344921e-01 -2.011725610736177228e-02 -1.342584000000000000e-01 -5.535093971990823203e-01 1.814769065878158588e-02 8.326451876616244308e-01 5.657074899999999573e+00
7.696246739253748137e-01 2.007732470555007726e-02 6.381808225870848617e-01 -1.076111899999999899e+00 -2.527616077178985315e-03 9.995934646815416436e-01 -2.839923454809949871e-02 -1.357780000000000098e-01 -6.384915601965517329e-01 2.024367552149288624e-02 7.693625420821795791e-01 5.688701199999999680e+00
6.947021129802913864e-01 2.517602418888879173e-02 7.188568299924255056e-01 -1.042607099999999898e+00 -2.806877285279804277e-03 9.994745572772378850e-01 -3.229134242137615685e-02 -1.371121999999999896e-01 -7.192920795202905060e-01 2.041512090362614801e-02 6.944077528209678940e-01 5.717326199999999581e+00
6.110075477663798882e-01 2.076826734196530327e-02 7.913522955322285224e-01 -1.004650800000000066e+00 2.160047020063083148e-03 9.996083427648145836e-01 -2.790152812754196493e-02 -1.387412000000000090e-01 -7.916218230755049934e-01 1.875740244792856171e-02 6.107233818055604058e-01 5.742078300000000191e+00
5.180453962211806207e-01 1.682360959075616946e-02 8.551876598819569963e-01 -9.633306999999999842e-01 4.757140651267002980e-03 9.997344226887970864e-01 -2.254891802108506885e-02 -1.400730000000000031e-01 -8.553398956361524252e-01 1.574961115187829483e-02 5.178277828406859795e-01 5.763376700000000241e+00
4.162640663209024039e-01 1.325092782413954742e-02 9.091472048033729658e-01 -9.185951999999999451e-01 4.096434116681749692e-03 9.998563206448435325e-01 -1.644862590259451446e-02 -1.420993000000000117e-01 -9.092345386738861501e-01 1.057123353044769898e-02 4.161499762154621251e-01 5.781097400000000164e+00
3.154233164555703683e-01 2.342571759555862193e-02 9.486618824382595516e-01 -8.713073000000000068e-01 -3.635269213540688604e-04 9.996981660949276760e-01 -2.456510847962725674e-02 -1.434052000000000104e-01 -9.489509994116378522e-01 7.403543852206149675e-03 3.153366268832117347e-01 5.794902300000000395e+00
2.281173548160549680e-01 2.520233235052915174e-02 9.733074102645161707e-01 -8.198978999999999573e-01 8.466733489776400584e-03 9.995757854692175481e-01 -2.786688944984555202e-02 -1.450392000000000070e-01 -9.735968297276541561e-01 1.459765555458431355e-02 2.278072026880856304e-01 5.803920699999999933e+00
1.629598900995395672e-01 2.628015128600744849e-02 9.862826308250239871e-01 -7.640187000000000506e-01 2.096610320638749719e-02 9.993272241424109303e-01 -3.009188601870683988e-02 -1.465162999999999882e-01 -9.864099029992982048e-01 2.558227386704117062e-02 1.622992622555833320e-01 5.809933199999999687e+00
1.095897902300464605e-01 2.150620813395325709e-02 9.937442130090788917e-01 -7.033880000000000132e-01 1.280145172526736715e-02 9.996524463023154228e-01 -2.304581166984467910e-02 -1.482478000000000129e-01 -9.938944615556825068e-01 1.524695423667896989e-02 1.092763912080031430e-01 5.816514500000000254e+00
8.533283413555121932e-02 1.767785730172509451e-02 9.961956639032382155e-01 -6.716007000000000504e-01 7.537822428359792527e-03 9.998025202591714899e-01 -1.838754242544907158e-02 -1.492702999999999947e-01 -9.963239877928425914e-01 9.078207126355854195e-03 8.518273008032772875e-02 5.819307300000000183e+00
6.299426382773090638e-02 1.514567738462600267e-02 9.978989584027848636e-01 -6.386638000000000037e-01 1.142441137949699696e-02 9.998083841027192165e-01 -1.589584544909203312e-02 -1.504761000000000015e-01 -9.979484984454027874e-01 1.240175529794991689e-02 6.280916267628089411e-02 5.820399300000000054e+00
4.280753333557864304e-02 1.564053405490009943e-02 9.989609045324049363e-01 -6.045719000000000509e-01 1.954495298371520043e-02 9.996729966760121711e-01 -1.648922465326927225e-02 -1.516434000000000115e-01 -9.988921412758172691e-01 2.023050694567813182e-02 4.248784162714291934e-02 5.820485099999999967e+00
2.552924545822657029e-02 1.796263511124104872e-02 9.995126819436533916e-01 -5.694198000000000315e-01 2.454474827349322624e-02 9.995258751855947699e-01 -1.858978662227177628e-02 -1.527170999999999945e-01 -9.993727097327228526e-01 2.500737040016709836e-02 2.507625305232774604e-02 5.820279600000000109e+00
2.516788707851786897e-04 2.818790556298387054e-02 9.996026103595956336e-01 -4.955493000000000259e-01 2.155363336770487262e-02 9.993702748654906820e-01 -2.818678065909924202e-02 -1.542431999999999970e-01 -9.997676617826742884e-01 2.155216219421882129e-02 -3.560313996335828790e-04 5.820551899999999890e+00
-8.638307851425972711e-03 2.472865353322396126e-02 9.996568777995267219e-01 -4.155983999999999789e-01 3.016521932101357689e-02 9.992456528918176595e-01 -2.445781511338170761e-02 -1.567031000000000118e-01 -9.995075983607024650e-01 2.994359482825974250e-02 -9.377736826221672040e-03 5.819211499999999759e+00
-6.314787334029858985e-03 2.257142232593840198e-02 9.997252894446102545e-01 -3.318952000000000013e-01 3.037470546102941094e-02 9.992882337653865576e-01 -2.236969213488966893e-02 -1.595474000000000059e-01 -9.995186345081723545e-01 3.022510136026286889e-02 -6.995892986613627684e-03 5.819001199999999763e+00
-3.779880633231885549e-03 2.416103034568893235e-02 9.997009338372317977e-01 -2.438627999999999907e-01 2.570703084196148194e-02 9.993800347031934761e-01 -2.405607619572120229e-02 -1.623959000000000097e-01 -9.996623735380305575e-01 2.560841364236765214e-02 -4.398645590683369910e-03 5.819721200000000039e+00
-2.762084671921356382e-03 2.487357856857902449e-02 9.996867889381443328e-01 -1.983735000000000082e-01 2.545806868999243855e-02 9.993683400305439779e-01 -2.479531575057007317e-02 -1.640144000000000046e-01 -9.996720750460327265e-01 2.538160817969515107e-02 -3.393573245366710012e-03 5.819675000000000153e+00
-1.307660546201258036e-03 2.348960460669264824e-02 9.997232259477205618e-01 -1.032939999999999969e-01 2.403978378753464026e-02 9.994359010016313771e-01 -2.345140900896684061e-02 -1.667678999999999967e-01 -9.997101474024080447e-01 2.400246371684598701e-02 -1.871607912196537882e-03 5.820108900000000141e+00
-1.323515736418200660e-03 1.987380839772973778e-02 9.998016203456896456e-01 -5.285599999999999674e-03 2.537994013401396326e-02 9.994811040915155820e-01 -1.983383984000056111e-02 -1.700441000000000036e-01 -9.996770013083675632e-01 2.534865487112192284e-02 -1.827225036887036858e-03 5.820095099999999633e+00
-3.323538067681418209e-03 1.710497398375085409e-02 9.998481754545178735e-01 9.432669999999999944e-02 2.196169763338862158e-02 9.996137915845074717e-01 -1.702796262342186687e-02 -1.733176999999999912e-01 -9.997532885326123608e-01 2.190177022663341785e-02 -3.697908755968537520e-03 5.820144700000000171e+00
-5.615078382210327533e-03 1.315005427795084073e-02 9.998977682579596182e-01 1.968213000000000046e-01 2.629175793678425674e-02 9.995698039518958744e-01 -1.299809571291489843e-02 -1.759813000000000072e-01 -9.996385418536816170e-01 2.621608475832159016e-02 -5.958400841611921628e-03 5.819235800000000403e+00
-8.755126250122991990e-03 2.163516528060329541e-02 9.997275965920042751e-01 3.528370000000000117e-01 2.136404539361895505e-02 9.995417601993904499e-01 -2.144404770382020431e-02 -1.806871999999999923e-01 -9.997334271338353950e-01 2.117048040988455532e-02 -9.213328955969046774e-03 5.818671199999999821e+00
-1.134921713395205603e-02 2.101750560896540124e-02 9.997146891630748211e-01 4.596666999999999836e-01 1.839860921141002123e-02 9.996142154563684157e-01 -2.080652389599901841e-02 -1.843386999999999942e-01 -9.997663159206415795e-01 1.815722213131919921e-02 -1.173153165369744677e-02 5.818109500000000267e+00
-1.266195910327923280e-02 1.158688792786250789e-02 9.998526985610499684e-01 5.673742000000000507e-01 1.364847969688212821e-02 9.998417082037782677e-01 -1.141391861345174806e-02 -1.880561000000000038e-01 -9.998266818772293396e-01 1.350194668549161391e-02 -1.281809822366253293e-02 5.817565000000000097e+00
-1.332699717907466844e-02 4.832814152208301031e-03 9.998995124779086474e-01 6.739553000000000349e-01 7.179280164783020252e-03 9.999630066473521595e-01 -4.737433176627231166e-03 -1.908485000000000043e-01 -9.998854179767322492e-01 7.115422978127894371e-03 -1.336120029555132316e-02 5.817638399999999876e+00
-1.055165862538593596e-02 2.801597917276872976e-02 9.995517832564974059e-01 8.315337000000000423e-01 1.438048947832962568e-02 9.995083077621418344e-01 -2.786295456018951858e-02 -1.957818000000000058e-01 -9.998409193579830267e-01 1.408004351735191520e-02 -1.094935395046237048e-02 5.815873599999999755e+00
-8.431662844574156629e-03 1.472925473504575408e-02 9.998559676856592082e-01 9.374394999999999811e-01 1.896801499929627252e-02 9.997139645225345816e-01 -1.456720788699546534e-02 -1.997904000000000069e-01 -9.997845375222914610e-01 1.884245720670750177e-02 -8.708635814609344550e-03 5.815166500000000127e+00
-8.401601818013896064e-03 1.267419832605237023e-02 9.998843822081048271e-01 1.042057299999999964e+00 1.925951028074764093e-02 9.997362446541839809e-01 -1.251049113726197121e-02 -2.032508000000000092e-01 -9.997792178029293320e-01 1.915217537361293271e-02 -8.643484703581783002e-03 5.814837899999999671e+00
-1.171023118393596171e-02 1.348487722949475928e-02 9.998405015659866946e-01 1.145724399999999976e+00 1.338984637390246146e-02 9.998215249795162629e-01 -1.332779808212215637e-02 -2.066597000000000017e-01 -9.998417787328660600e-01 1.323163911765967531e-02 -1.188870163465938212e-02 5.814934700000000234e+00
-1.601638576781129128e-02 1.410729015181759992e-02 9.997722039302299191e-01 1.247414000000000023e+00 1.249640832598181671e-02 9.998251905351422941e-01 -1.390784491992628699e-02 -2.098453999999999875e-01 -9.997936362899531026e-01 1.227080828384248187e-02 -1.618987641009650424e-02 5.814400199999999685e+00
-2.053807466712759613e-02 1.373846583829739683e-02 9.996946744108305971e-01 1.348041700000000009e+00 8.830046444403943581e-03 9.998690771588090165e-01 -1.355945505473026003e-02 -2.129278000000000004e-01 -9.997500776537886491e-01 8.548865304911296842e-03 -2.065669705546657742e-02 5.813531900000000086e+00
-2.424537574029179965e-02 1.272702388859952086e-02 9.996250220048270574e-01 1.447704000000000102e+00 8.635269750455018545e-03 9.998843231325637015e-01 -1.252088136161652078e-02 -2.160027999999999948e-01 -9.996687420698662230e-01 8.328458241104208168e-03 -2.435247239557492005e-02 5.811097099999999571e+00
-2.694838507375535777e-02 1.415083424217585158e-02 9.995366618749744747e-01 1.545743499999999937e+00 9.140233679434806371e-03 9.998614882721867936e-01 -1.390900422075406866e-02 -2.188990000000000102e-01 -9.995950383381272397e-01 8.761173458966113950e-03 -2.707399433810941947e-02 5.808777799999999658e+00
-2.948392798500704126e-02 1.204503608828448591e-02 9.994926788607341184e-01 1.643322500000000019e+00 1.099072529345063512e-02 9.998708513795873110e-01 -1.172537926820443541e-02 -2.223303000000000085e-01 -9.995048283765810559e-01 1.063943922823277002e-02 -2.961250385917946204e-02 5.806016399999999855e+00
-3.194890587215939298e-02 1.094583236924769921e-02 9.994295653858334960e-01 1.738390300000000055e+00 8.041474019670499448e-03 9.999104821330205839e-01 -1.069403647372358865e-02 -2.252106000000000108e-01 -9.994571537135360506e-01 7.695224119848322747e-03 -3.203406650087436969e-02 5.803706599999999938e+00
-3.340607021403728394e-02 9.710095328238153856e-03 9.993946910613300538e-01 1.829932099999999950e+00 7.799215005996711775e-03 9.999248890648424481e-01 -9.454547792082509602e-03 -2.278457999999999872e-01 -9.994114301518395305e-01 7.478654784054692209e-03 -3.347929217405720692e-02 5.801194200000000301e+00
-3.373126352788154148e-02 1.226565011304750832e-02 9.993556702636542388e-01 1.874505199999999983e+00 7.769829319770584809e-03 9.998976890222537328e-01 -1.201004747276153764e-02 -2.294396999999999964e-01 -9.994007362480553658e-01 7.359708911407438631e-03 -3.382311445720376231e-02 5.800110300000000052e+00
-3.414629370322450758e-02 1.655719725794262132e-02 9.992796854961549791e-01 1.962952999999999948e+00 5.635805099517180762e-03 9.998500525704696607e-01 -1.637406717066127587e-02 -2.324718000000000062e-01 -9.994009547359923307e-01 5.072631840637424443e-03 -3.423448669099571351e-02 5.797814800000000268e+00
-3.408194114227298954e-02 1.754099295217116314e-02 9.992650973861876285e-01 2.006557200000000041e+00 6.748064684682297636e-03 9.998272134905196173e-01 -1.732070399245567646e-02 -2.339845000000000119e-01 -9.993962602046229105e-01 6.152782300293743734e-03 -3.419441999770145291e-02 5.796413900000000119e+00
-3.476022258009334176e-02 1.684459519298342478e-02 9.992537147986825241e-01 2.093348300000000162e+00 8.248949280894212616e-03 9.998287243932304502e-01 -1.656733877141549488e-02 -2.370086999999999888e-01 -9.993616371273931209e-01 7.666908828865249062e-03 -3.489321921328358833e-02 5.793980600000000258e+00
-3.501751782612606834e-02 1.710059457475908429e-02 9.992403830462852632e-01 2.136268600000000184e+00 4.634643082519383610e-03 9.998456217008071523e-01 -1.694853531205726613e-02 -2.383931999999999995e-01 -9.993759520464733370e-01 4.037626891642793342e-03 -3.509136703363502363e-02 5.792987300000000062e+00
-3.484071609680635534e-02 1.735625074020878331e-02 9.992421553668080492e-01 2.178764600000000051e+00 2.017614091781162571e-03 9.998483698426435806e-01 -1.729643189750015159e-02 -2.400178000000000034e-01 -9.993908413304766203e-01 1.413464980541304095e-03 -3.487045140961608780e-02 5.791922999999999710e+00
-3.472770388492864985e-02 1.623161027930621753e-02 9.992649905858911330e-01 2.221177299999999910e+00 3.909288737527044991e-03 9.998626564102439662e-01 -1.610545801326369181e-02 -2.413679999999999992e-01 -9.993891654628076493e-01 3.347109796686716619e-03 -3.478638830866997989e-02 5.790543099999999832e+00
-3.540697054872399274e-02 1.543680501717899049e-02 9.992537472971633195e-01 2.263195000000000068e+00 4.111559100930585811e-03 9.998744838342707997e-01 -1.530070779115059662e-02 -2.427969000000000099e-01 -9.993645188410088531e-01 3.566739128702743102e-03 -3.546599573769826375e-02 5.788870300000000135e+00
-3.960478054214599392e-02 1.472642433131995943e-02 9.991068980767886520e-01 2.305982800000000221e+00 6.827005142649123989e-04 9.998915553861743577e-01 -1.471092748350458571e-02 -2.445103999999999889e-01 -9.992151896754853935e-01 9.946773856702242900e-05 -3.961053935447866881e-02 5.788283800000000312e+00
-4.481017332706861006e-02 1.446856064472541031e-02 9.988907393300169302e-01 2.348235100000000131e+00 -3.077183674945278315e-03 9.998883716410024158e-01 -1.462105323618573260e-02 -2.458715999999999957e-01 -9.989907803914052087e-01 -3.728942205858128134e-03 -4.476064882233776743e-02 5.786878100000000025e+00
-5.043407909206963635e-02 1.832396263462835601e-02 9.985592801929685791e-01 2.389579100000000178e+00 6.733585332407993757e-04 9.998320705391547936e-01 -1.831330963185870755e-02 -2.471270999999999884e-01 -9.987271650728344330e-01 -2.512264941459986523e-04 -5.043794832096226699e-02 5.784331800000000356e+00
-5.720022410527841883e-02 2.116672964679809643e-02 9.981383190311677867e-01 2.431352099999999794e+00 2.969419291323605048e-03 9.997744089504544407e-01 -2.103125666339625277e-02 -2.484504999999999908e-01 -9.983583108841124210e-01 1.760898585578568598e-03 -5.725017314203573182e-02 5.782021499999999925e+00
-7.079776394237524695e-02 2.235529929499358720e-02 9.972401502216958757e-01 2.516107799999999894e+00 -1.669028869209903190e-03 9.997447755838241301e-01 -2.252993642873596380e-02 -2.512306000000000261e-01 -9.974892936585300074e-01 -3.259491721173606721e-03 -7.074238298450330475e-02 5.776754900000000248e+00
-8.074027820021936752e-02 2.170034039990477448e-02 9.964989225797886707e-01 2.602701399999999943e+00 -4.165006453659485589e-03 9.997469006592891727e-01 -2.210853553237688077e-02 -2.543940000000000090e-01 -9.967264721062605304e-01 -5.935473753093088028e-03 -8.062946083122590757e-02 5.770299399999999856e+00
-8.725579740460615019e-02 1.775380894372452154e-02 9.960277245575427374e-01 2.689879900000000212e+00 -5.786902982133339951e-03 9.998152759799121547e-01 -1.832827518037530648e-02 -2.572845999999999744e-01 -9.961691310079637818e-01 -7.363164075444225687e-03 -8.713693959301294090e-02 5.763021900000000031e+00
-9.067848839323136567e-02 1.149063867321638635e-02 9.958139268787116194e-01 2.780190699999999904e+00 -4.492523103256772926e-03 9.999185388296412125e-01 -1.194708922550139288e-02 -2.603790999999999745e-01 -9.958700863962552940e-01 -5.557061064714992338e-03 -9.061947965772987335e-02 5.755464599999999820e+00
-9.265002534436336812e-02 1.513225514722586415e-02 9.955837421622794059e-01 2.871592000000000144e+00 -3.161680449244651074e-03 9.998749975558410830e-01 -1.549170873220842223e-02 -2.627537999999999818e-01 -9.956937162503466388e-01 -4.583024859846911332e-03 -9.259060050949197151e-02 5.747469399999999951e+00
-9.310005971748321063e-02 2.399729348710597301e-02 9.953675244782173026e-01 2.964322800000000147e+00 1.051730469784600483e-02 9.996774321341513891e-01 -2.311748220636951692e-02 -2.658634000000000275e-01 -9.956012079053006003e-01 8.316344567347245392e-03 -9.332241547743724830e-02 5.737700499999999870e+00
-9.426224197981233899e-02 2.276777769316402911e-02 9.952870229415503589e-01 3.058378199999999936e+00 8.941376412651191874e-03 9.997174950944809346e-01 -2.202230210181614287e-02 -2.692666000000000226e-01 -9.955072483537158456e-01 6.823364341073483857e-03 -9.443918770448200828e-02 5.729277599999999637e+00
-9.424500446330583148e-02 1.782734517997558790e-02 9.953894036494186359e-01 3.106007099999999799e+00 9.552313354328236666e-03 9.998098230938077258e-01 -1.700208677514783787e-02 -2.710466000000000264e-01 -9.955032056418964270e-01 7.905909749227838651e-03 -9.439737362736777548e-02 5.725012300000000387e+00
-9.531532613373816520e-02 1.530103944555280537e-02 9.953295267377054723e-01 3.199526500000000162e+00 1.107152111116226773e-02 9.998363080604595332e-01 -1.431008400796235716e-02 -2.742312000000000083e-01 -9.953855584768668274e-01 9.655841543619529677e-03 -9.546912956437958453e-02 5.716242799999999846e+00
-9.951905365078558829e-02 1.705505030096133787e-02 9.948894829174159682e-01 3.293313299999999888e+00 9.517712893672768820e-03 9.998236722144764332e-01 -1.618757612592876607e-02 -2.774093999999999727e-01 -9.949901361831308133e-01 7.858100202390042033e-03 -9.966383074858964353e-02 5.707960100000000203e+00
-1.030630030160776534e-01 1.751055955523371163e-02 9.945206874235300587e-01 3.385793200000000169e+00 1.120526119821744354e-02 9.998020262283742188e-01 -1.644233776313960144e-02 -2.803042000000000034e-01 -9.946117129467096918e-01 9.449267363137597159e-03 -1.032388096381987586e-01 5.698263200000000417e+00
