9.997415183727013099e-01 1.617814289416991239e-05 -2.273535089048426758e-02 -8.584815999999999558e-01 8.537349732514793897e-05 9.999900250372641963e-01 4.465706812773365814e-03 3.546800000000000126e-03 2.273519635304929384e-02 -4.466493506027796254e-03 9.997315446071254330e-01 -1.000337500000000102e+00
9.997021649577387814e-01 -1.881922781261994833e-03 -2.433186687156066105e-02 -8.593338999999999839e-01 1.965784796148996490e-03 9.999922088976077594e-01 3.423132223347777076e-03 3.177300000000000089e-03 2.432523522898008203e-02 -3.469943908575405956e-03 9.996980756310007710e-01 -9.668875000000000108e-01
9.996775098476952115e-01 -2.433249906223623228e-03 -2.527757107803164927e-02 -8.606947000000000347e-01 2.487150581646166599e-03 9.999946996509787578e-01 2.101131107987707324e-03 2.471399999999999899e-03 2.527232452101105253e-02 -2.163322639506008553e-03 9.996782630669039937e-01 -9.334329999999999572e-01
9.996196093099428692e-01 -2.935889900391929971e-03 -2.742293262089069705e-02 -8.615559000000000411e-01 2.957149296236400923e-03 9.999953577171494246e-01 7.347191233318554676e-04 1.941100000000000074e-03 2.742064826142706635e-02 -8.155333489181382104e-04 9.996236506577261816e-01 -9.003640000000000532e-01
9.995567741792575900e-01 -4.965322892024733037e-03 -2.935303665610392021e-02 -8.625677999999999956e-01 4.937978293135804678e-03 9.999873041051343669e-01 -1.003991494936978205e-03 1.358599999999999955e-03 2.935764913498975504e-02 8.586018421371555435e-04 9.995686025681996822e-01 -8.672066999999999970e-01
9.994953364015504160e-01 -7.313839002474501437e-03 -3.091246141279139006e-02 -8.635186000000000250e-01 7.221910989221745104e-03 9.999691646910673359e-01 -3.084423562456295280e-03 9.386999999999999945e-04 3.093406719484510445e-02 2.859619921381192573e-03 9.995173365483411843e-01 -8.336459999999999981e-01
9.993580551362760689e-01 -8.931449529261318090e-03 -3.469447857434947158e-02 -8.676612000000000213e-01 8.814876561323512980e-03 9.999549826562164068e-01 -3.511497147181089074e-03 -1.169499999999999967e-03 3.472427948062228875e-02 3.203415413631100980e-03 9.993917963162591844e-01 -7.306070000000000064e-01
9.993140087584184705e-01 -8.429742591963438822e-03 -3.606177115745809458e-02 -8.688765999999999989e-01 8.210525728421876404e-03 9.999469311808298899e-01 -6.222707554073326347e-03 -1.998300000000000163e-03 3.611231322475148831e-02 5.922352731291536526e-03 9.993301889624287559e-01 -6.952751999999999821e-01
9.992743449273558953e-01 -6.896636313049201404e-03 -3.745957791499202050e-02 -8.704733000000000054e-01 6.528365768336585710e-03 9.999292403509029148e-01 -9.944583031031278136e-03 -2.771200000000000139e-03 3.752551146085336686e-02 9.692816867752907656e-03 9.992486603897798858e-01 -6.597321999999999909e-01
9.992297922207987737e-01 -5.751686870861066198e-03 -3.881675458508589832e-02 -8.721267999999999798e-01 5.218341595567841176e-03 9.998907794655219616e-01 -1.382743833191810677e-02 -3.237499999999999926e-03 3.889204609391474360e-02 1.361422924629213625e-02 9.991506700756689341e-01 -6.234794999999999643e-01
9.991984027743814334e-01 -3.853968097971083220e-03 -3.984593860137888854e-02 -8.741252000000000466e-01 3.307628277385466550e-03 9.998997438076784317e-01 -1.376814905924516295e-02 -3.919699999999999920e-03 3.989500580653768114e-02 1.362531699590048377e-02 9.991109744410064941e-01 -5.861300000000000399e-01
9.991518263166122571e-01 -1.071886107537049554e-03 -4.116405019371593976e-02 -8.760556999999999928e-01 7.909079470574762599e-04 9.999762839369159551e-01 -6.841493136423602156e-03 -4.543400000000000390e-03 4.117040724595248669e-02 6.803133387558927062e-03 9.991289781321096575e-01 -5.477220000000000422e-01
9.990989687027018729e-01 8.848169568784858101e-04 -4.243192001489475701e-02 -8.802160999999999458e-01 -4.576634684365014742e-04 9.999491365931837406e-01 1.007545387047695598e-02 -5.556700000000000354e-03 4.243867671531788982e-02 -1.004695603151873479e-02 9.990485560738043835e-01 -4.683092999999999839e-01
9.990397802830864871e-01 3.353432327360332359e-03 -4.368377162686452181e-02 -8.824608999999999925e-01 -2.957787223437679733e-03 9.999540510304871788e-01 9.118515364829318445e-03 -6.348300000000000297e-03 4.371234272677578664e-02 -8.980552284997523130e-03 9.990037941739727811e-01 -4.276993000000000045e-01
9.989600278864593230e-01 4.492356996466643007e-03 -4.537269458276216999e-02 -8.873060000000000391e-01 -4.686034790913250203e-03 9.999803544948300260e-01 -4.163136117451108308e-03 -6.303300000000000396e-03 4.535310091959169482e-02 4.371424597356389670e-03 9.989614541532455538e-01 -3.441550999999999916e-01
9.988965647863495834e-01 1.242623732994440743e-03 -4.694793652854655636e-02 -8.914680999999999855e-01 -9.275650836501046249e-04 9.999769096392375767e-01 6.731999062368292618e-03 -6.677699999999999955e-03 4.695521782556045381e-02 -6.681023470871312771e-03 9.988746525186911196e-01 -2.553036000000000194e-01
9.988509157881532152e-01 -1.274886213995326699e-05 -4.792544070359818636e-02 -8.962381999999999849e-01 8.221813483018855506e-04 9.998573578332785594e-01 1.686973634902728600e-02 -7.080399999999999715e-03 4.791838944495208780e-02 -1.688975500478625061e-02 9.987084480111702023e-01 -1.624326000000000103e-01
9.988619920137394859e-01 -2.636100978772018891e-03 -4.762112852478508906e-02 -9.010053999999999563e-01 3.259294948416080299e-03 9.999100076174196605e-01 1.301359531302253777e-02 -6.103299999999999871e-03 4.758253783462597364e-02 -1.315399704126506142e-02 9.987806938738127416e-01 -6.617510000000000059e-02
9.989459012653699732e-01 -3.108213998532440188e-03 -4.579765660879312611e-02 -9.063271000000000521e-01 3.297683516064053508e-03 9.999863121029701762e-01 4.062128768124771173e-03 -6.185600000000000299e-03 4.578440376968433839e-02 -4.208873060603566564e-03 9.989424777028025337e-01 3.342930000000000207e-02
9.990162963846124233e-01 -4.949062832673778618e-03 -4.406752018267438148e-02 -9.111685000000000478e-01 4.611315084125347692e-03 9.999592374339579814e-01 -7.762682763853506404e-03 -6.974199999999999844e-03 4.410414188222105264e-02 7.551837364215233106e-03 9.989983956049466318e-01 1.378839000000000037e-01
9.990168789954099182e-01 -3.565765186424728339e-03 -4.418779017902792899e-02 -9.164706000000000241e-01 3.221714676009711405e-03 9.999639601384953114e-01 -7.854869743295160231e-03 -8.887199999999999614e-03 4.421420627826421618e-02 7.704787003741994829e-03 9.989923624434824401e-01 2.460469000000000128e-01
9.990332761559977959e-01 8.426664559665316204e-04 -4.395228146817523746e-02 -9.221437999999999580e-01 -1.342769802037527705e-03 9.999346846101809794e-01 -1.135004329492273270e-02 -1.104040000000000056e-02 4.393984640701930483e-02 1.139808873372519238e-02 9.989691554151938213e-01 3.571890999999999816e-01
9.989990987633584618e-01 5.836113678714735867e-03 -4.434794749621143173e-02 -9.275402000000000369e-01 -6.379798862973498977e-03 9.999061016505410571e-01 -1.212790371358046272e-02 -1.363870000000000013e-02 4.427300347238267986e-02 1.239869586476720874e-02 9.989425276282851707e-01 4.709884999999999766e-01
9.989715036873616505e-01 7.038284316674886520e-03 -4.479282726608357218e-02 -9.330494999999999761e-01 -7.576493056506308429e-03 9.999009980347539628e-01 -1.185710260003028198e-02 -1.674000000000000141e-02 4.470493902888430376e-02 1.218428015849034630e-02 9.989259290575267514e-01 5.869474999999999554e-01
9.989185767115318360e-01 8.433243454724214869e-03 -4.572261481412617790e-02 -9.384327000000000085e-01 -8.850301701218038150e-03 9.999209896652546670e-01 -8.926734377982329868e-03 -1.956350000000000103e-02 4.564372093075910741e-02 9.321739735209609232e-03 9.989142885692966489e-01 7.049438000000000093e-01
9.988788280476857961e-01 9.255900179364898867e-03 -4.642644924987542054e-02 -9.440117000000000091e-01 -9.678593577486856170e-03 9.999136598576762180e-01 -8.888062577927118013e-03 -2.215649999999999911e-02 4.634017376363035179e-02 9.327440264989696195e-03 9.988821688035378621e-01 8.242477000000000276e-01
9.988358734813866935e-01 1.022966572217315524e-02 -4.714076564808901415e-02 -9.502351999999999466e-01 -1.066043277634792959e-02 9.999036075384073463e-01 -8.895549713184644144e-03 -2.499979999999999911e-02 4.704522313366597819e-02 9.387735131082907900e-03 9.988486458965704085e-01 9.447318999999999578e-01
9.987926616563561621e-01 1.002421859643835324e-02 -4.809089376319054809e-02 -9.565304999999999502e-01 -1.016006662420728020e-02 9.999450537185295973e-01 -2.581199341133441974e-03 -2.742690000000000058e-02 4.806237684096917318e-02 3.066689644847993626e-03 9.988396284424336802e-01 1.067456200000000077e+00
9.987417045787411185e-01 9.589398892981030112e-03 -4.922449556899368556e-02 -9.630872999999999795e-01 -9.578969647698743275e-03 9.999540203619250445e-01 4.477750677813255027e-04 -2.973719999999999836e-02 4.922652613824229223e-02 2.430831451488945890e-05 9.987876393575697564e-01 1.192105500000000040e+00
9.986717222144874118e-01 9.689831951346046524e-03 -5.060531993678498569e-02 -9.696437999999999446e-01 -9.782889372060548511e-03 9.999508798755879502e-01 -1.591512353544193925e-03 -3.163760000000000183e-02 5.058741270991944788e-02 2.084464629618910242e-03 9.987174618892592504e-01 1.318080099999999977e+00
9.985911388119941279e-01 9.634380480825334089e-03 -5.218156953288589917e-02 -9.765797999999999979e-01 -9.584044804860593000e-03 9.999533341192022862e-01 1.214771200459822259e-03 -3.333719999999999739e-02 5.219083800192461653e-02 -7.129492560720600888e-04 9.986368750111399573e-01 1.444079600000000019e+00
9.985381558543555691e-01 1.087207227916713558e-02 -5.294666512009497256e-02 -9.839681000000000122e-01 -1.066681124034131282e-02 9.999344637635665389e-01 4.157801802841998642e-03 -3.585010000000000280e-02 5.298839911665424035e-02 -3.586951661976147624e-03 9.985886857644787895e-01 1.569569500000000062e+00
9.984990035238250350e-01 1.317175487022557816e-02 -5.316243820186531549e-02 -9.915823000000000276e-01 -1.339980678207978830e-02 9.999024735557677790e-01 -3.935550185174418666e-03 -3.766860000000000347e-02 5.310541535598218427e-02 4.642009338183915659e-03 9.985781224366838682e-01 1.694729799999999953e+00
9.985012175729071071e-01 1.422610032334804646e-02 -5.284824098314015034e-02 -9.989683999999999786e-01 -1.431398961067280491e-02 9.998967240278915369e-01 -1.284904555225632088e-03 -4.041720000000000035e-02 5.282450384856982734e-02 2.039447935232769054e-03 9.986017286412396388e-01 1.821266100000000110e+00
9.985060449603470056e-01 1.321676424749901324e-02 -5.301882043643956627e-02 -1.005657299999999976e+00 -1.312058350384089078e-02 9.999115846416348763e-01 2.161755761746966299e-03 -4.264140000000000291e-02 5.304270417469426208e-02 -1.462888335020754273e-03 9.985911733495119735e-01 1.948392499999999972e+00
9.985492698527670408e-01 1.225258032815758173e-02 -5.243309977302507835e-02 -1.012571099999999946e+00 -1.231689838091284094e-02 9.999237357587549280e-01 -9.037037844568371120e-04 -4.455130000000000201e-02 5.241802829924283730e-02 1.548205915833170999e-03 9.986240300371617140e-01 2.074655799999999939e+00
9.985965831274593585e-01 1.133069024458968274e-02 -5.173470425879003048e-02 -1.019935500000000106e+00 -1.162315988510472659e-02 9.999181049403222943e-01 -5.355890853995577683e-03 -4.720690000000000303e-02 5.166978150184688839e-02 5.949695045612117886e-03 9.986465014250115457e-01 2.200997800000000115e+00
9.986390050077029734e-01 7.949589720739632867e-03 -5.154553036391260057e-02 -1.026674700000000051e+00 -8.490586939307447414e-03 9.999110598342995093e-01 -1.028505490865853911e-02 -5.045580000000000204e-02 5.145918392912179895e-02 1.070870880731986455e-02 9.986176825717782979e-01 2.327109600000000000e+00
9.986724393815475942e-01 5.400452258291165396e-03 -5.122688683801856352e-02 -1.033365700000000054e+00 -5.526710965385373854e-03 9.999820285607631254e-01 -2.323364243135586388e-03 -5.328660000000000341e-02 5.121341899946078163e-02 2.603396033474311439e-03 9.986843385391995787e-01 2.454588199999999887e+00
9.987062604816823175e-01 2.127098860188956532e-03 -5.080630595834637053e-02 -1.039928799999999987e+00 -1.908785868147288081e-03 9.999887382553657167e-01 4.345100568581215274e-03 -5.530580000000000218e-02 5.081497624916969658e-02 -4.242500781438518671e-03 9.986990734830566430e-01 2.581486200000000064e+00
9.987150463440871428e-01 -2.380535532112529849e-03 -5.062202343356278500e-02 -1.046505599999999925e+00 2.281563556865974680e-03 9.999953715153263589e-01 -2.012812872674829643e-03 -5.707720000000000155e-02 5.062658070286607526e-02 1.894729137574585349e-03 9.987158551499177861e-01 2.708497500000000002e+00
9.987342228031678149e-01 1.396418475289408815e-04 -5.029843637635977860e-02 -1.053912600000000088e+00 -6.516973266051356416e-04 9.999481319405734148e-01 -1.016408968635193651e-02 -5.986140000000000211e-02 5.029440816181049434e-02 1.018400356991928761e-02 9.986825114013667681e-01 2.834452399999999983e+00
9.987826673875908057e-01 6.388222151758773774e-03 -4.891189981864256520e-02 -1.061243699999999901e+00 -6.762077951122329351e-03 9.999491472063063435e-01 -7.481798123688369016e-03 -6.261339999999999961e-02 4.886161712338318863e-02 7.803436366144088539e-03 9.987750741548205857e-01 2.961385700000000121e+00
9.987642442544006904e-01 7.750028146528256494e-03 -4.909095092442086056e-02 -1.067732499999999973e+00 -7.990259933416126933e-03 9.999570354650304527e-01 -4.699252087758511512e-03 -6.538810000000000455e-02 4.905242241859541358e-02 5.085694418255740784e-03 9.987832575524842049e-01 3.087564899999999835e+00
9.987638358267322269e-01 5.156199558420932957e-03 -4.943899119911381729e-02 -1.073904799999999993e+00 -5.298556888440419596e-03 9.999821844598986154e-01 -2.748828424848901754e-03 -6.791759999999999464e-02 4.942393690887315200e-02 3.007385729007253442e-03 9.987733627262517233e-01 3.213664800000000099e+00
9.987212431370354748e-01 2.662424075712742106e-03 -5.048554253304187583e-02 -1.080513499999999905e+00 -2.597092870881948217e-03 9.999957032709065885e-01 1.359613307181570079e-03 -7.071189999999999420e-02 5.048894547754517043e-02 -1.226759049738863211e-03 9.987238664650001096e-01 3.340167999999999804e+00
9.986757397287040483e-01 2.030835607414992368e-03 -5.140663949395506138e-02 -1.087555999999999967e+00 -2.222148095843314367e-03 9.999908160788337774e-01 -3.664671312434910396e-03 -7.337760000000000116e-02 5.139872503443976282e-02 3.774051499873691106e-03 9.986710807869176865e-01 3.465121700000000082e+00
9.985967774294054466e-01 4.309120731630661054e-03 -5.278169745401065094e-02 -1.094483400000000106e+00 -4.517763684647847257e-03 9.999824439457954961e-01 -3.834268050582304455e-03 -7.617699999999999472e-02 5.276424849172174636e-02 4.067342955083816554e-03 9.985987135994065511e-01 3.589797499999999975e+00
9.985243472720846114e-01 7.099004724759662779e-03 -5.383987404122612258e-02 -1.101706999999999992e+00 -6.896603882504617408e-03 9.999684396783429241e-01 3.944173189418169988e-03 -7.812099999999999600e-02 5.386617454159035173e-02 -3.567040675145554535e-03 9.985417925460490229e-01 3.713780900000000162e+00
9.984572437002950940e-01 7.823413042078156479e-03 -5.497205390725894147e-02 -1.109362500000000029e+00 -7.663393666744430614e-03 9.999657649226946221e-01 3.121118401895309116e-03 -8.061999999999999722e-02 5.499458973315504706e-02 -2.695030787057838776e-03 9.984830153333299485e-01 3.836574999999999847e+00
9.984011545987516723e-01 6.908149586770116583e-03 -5.610180001716885689e-02 -1.116573199999999932e+00 -6.817556092655447340e-03 9.999751292711670514e-01 1.806036554532065679e-03 -8.243380000000000152e-02 5.611288109519146916e-02 -1.420671812776378839e-03 9.984234203316734169e-01 3.958540000000000170e+00
9.983314645474544724e-01 4.295016243500672341e-03 -5.758332857696425028e-02 -1.123542999999999958e+00 -4.104266484792757665e-03 9.999856934204609527e-01 3.430444726531478583e-03 -8.465989999999999627e-02 5.759723857231672378e-02 -3.188383582326019365e-03 9.983348097301704138e-01 4.077006800000000375e+00
9.982567198187837221e-01 3.509113474104972631e-03 -5.891695392048124785e-02 -1.130934399999999895e+00 -3.067172042003649644e-03 9.999664927615340426e-01 7.589849133003083448e-03 -8.721160000000000023e-02 5.894161341791558789e-02 -7.395909465566180216e-03 9.982340340475625018e-01 4.191140700000000052e+00
9.981137934997882377e-01 2.426661112494908016e-03 -6.134302357487185497e-02 -1.134415299999999904e+00 -1.957638110519947187e-03 9.999684009659357553e-01 7.704850592831520052e-03 -8.803669999999999551e-02 6.135978225589151791e-02 -7.570230212795466852e-03 9.980870045923025957e-01 4.246669299999999758e+00
9.976830941123918661e-01 1.636986656832298400e-03 -6.801296932945644080e-02 -1.141876799999999914e+00 -1.229338823257954605e-03 9.999810329692832012e-01 6.035099646470513772e-03 -8.986579999999999568e-02 6.802155870297196816e-02 -5.937505904885551945e-03 9.976661834377507088e-01 4.353297200000000089e+00
9.974695140997997811e-01 1.216503624899476204e-03 -7.108507973154443160e-02 -1.145843299999999898e+00 -7.654312868473553411e-04 9.999794029581127175e-01 6.372422967880948114e-03 -9.079389999999999683e-02 7.109136766481946590e-02 -6.301886897356050177e-03 9.974499003283715526e-01 4.404711200000000382e+00
9.972549870325394528e-01 2.372189001388855419e-03 -7.400583462181437033e-02 -1.150120899999999891e+00 -1.834893285843658189e-03 9.999714713262044530e-01 7.327325592281097415e-03 -9.157210000000000349e-02 7.402110513467907715e-02 -7.171419179452656785e-03 9.972308893839948452e-01 4.454795800000000305e+00
9.970429329405180452e-01 3.816291235240916891e-03 -7.675171525495254332e-02 -1.154359799999999936e+00 -3.174873913384753613e-03 9.999590267248087416e-01 8.477325474891793389e-03 -9.237299999999999678e-02 7.678092242871011053e-02 -8.208580436407000858e-03 9.970141970695378664e-01 4.503250099999999811e+00
9.965752002968594203e-01 6.449601928098741208e-03 -8.243950987386837459e-02 -1.162924999999999986e+00 -5.598309095708546221e-03 9.999286412601924301e-01 1.055326124069051567e-02 -9.355510000000000215e-02 8.250169142837911196e-02 -1.005559657675360145e-02 9.965401928115805719e-01 4.596101299999999945e+00
9.960917436614099563e-01 1.008429499884517730e-02 -8.774705239464217210e-02 -1.171148700000000042e+00 -9.240572812533976582e-03 9.999071385230583475e-01 1.001629396162083407e-02 -9.508510000000000573e-02 8.783991133686366859e-02 -9.166314690518224256e-03 9.960924297731241772e-01 4.681789900000000060e+00
9.955669204700663411e-01 1.376151294575913599e-02 -9.304368665950578376e-02 -1.179078199999999965e+00 -1.358491882654881168e-02 9.999045171904903384e-01 2.531103026030869559e-03 -9.641059999999999908e-02 9.306963439395617155e-02 -1.255891514425790459e-03 9.956588099797436531e-01 4.760090400000000166e+00
9.952609499532286685e-01 1.959635011775989408e-02 -9.524507630454717710e-02 -1.190309000000000061e+00 -1.976611356905681391e-02 9.998042791255237205e-01 -8.391642670222794953e-04 -9.852349999999999997e-02 9.520999029814039560e-02 2.717812420692560221e-03 9.954535002917382913e-01 4.865806599999999982e+00
9.959038034507039505e-01 2.627063348961835437e-02 -8.651859966779326672e-02 -1.197039799999999987e+00 -2.616477968652473202e-02 9.996548638163786915e-01 2.357446120925385177e-03 -1.003848999999999991e-01 8.655067057150600540e-02 -8.404945916525670066e-05 9.962474463502082322e-01 4.929843899999999834e+00
9.972242161940267913e-01 2.715664319976751270e-02 -6.932805612686242236e-02 -1.201355100000000009e+00 -2.673726972677700417e-02 9.996181953366390927e-01 6.970076002345857412e-03 -1.016756999999999939e-01 6.949087021880241688e-02 -5.097085641955088377e-03 9.975695658319735371e-01 4.988859200000000271e+00
9.986885336774409261e-01 2.572779588154350261e-02 -4.426390425934759870e-02 -1.203232199999999974e+00 -2.539587538047725912e-02 9.996451021336106857e-01 8.044830261876131233e-03 -1.025761000000000034e-01 4.445517084504711086e-02 -6.910159141493206827e-03 9.989874811456732617e-01 5.042569199999999974e+00
9.996403557104950321e-01 2.449316086133483672e-02 -1.091990412118279234e-02 -1.203197999999999990e+00 -2.444753353176087884e-02 9.996918989335005223e-01 4.292471426272674237e-03 -1.038431999999999966e-01 1.102167588021336388e-02 -4.023962941270121593e-03 9.999311628222409265e-01 5.092270899999999934e+00
9.991706365188003369e-01 2.172251863252491408e-02 3.444083772028466023e-02 -1.200129900000000083e+00 -2.155958579481280848e-02 9.997545815563720906e-01 -5.095185708049251513e-03 -1.049579999999999957e-01 -3.454306556997337879e-02 4.348429751417363237e-03 9.993937501204044338e-01 5.139901199999999726e+00
9.921090507898223665e-01 1.460280703114219709e-02 1.245246536543223453e-01 -1.189776900000000026e+00 -1.331478121382155023e-02 9.998489672713107845e-01 -1.116956792903174740e-02 -1.066349999999999937e-01 -1.246689534011807404e-01 9.423410916669922380e-03 9.921536430334516599e-01 5.208073599999999637e+00
9.799320314890290762e-01 8.684402422886287540e-03 1.991426494157942373e-01 -1.178664099999999992e+00 -6.171006229017923263e-03 9.998933274093424473e-01 -1.323829612884245589e-02 -1.081801000000000013e-01 -1.992363730444468573e-01 1.174371988898193810e-02 9.798810911020087167e-01 5.250871700000000253e+00
9.451548760240486846e-01 9.398930039982347079e-03 3.264872439193736153e-01 -1.157208900000000096e+00 -4.665791097915682369e-03 9.998724094815257812e-01 -1.527727564190099752e-02 -1.107927999999999968e-01 -3.265891772876064469e-01 1.291607028904411675e-02 9.450781366674888551e-01 5.309566000000000230e+00
8.868585569381021161e-01 7.993922419515265068e-03 4.619718575736166399e-01 -1.126851300000000000e+00 -1.851374678777198326e-03 9.999037761388180900e-01 -1.374812260387505043e-02 -1.127051000000000025e-01 -4.620373062832328626e-01 1.133735717366127042e-02 8.867880197289829125e-01 5.363783399999999979e+00
8.361330843563092863e-01 1.040418574209015998e-02 5.484279516617008854e-01 -1.102268699999999990e+00 3.110489835962976929e-04 9.998109465475945035e-01 -1.944156403514874301e-02 -1.143704999999999999e-01 -5.485265431073821363e-01 1.642632285835978270e-02 8.359717742986411126e-01 5.395899299999999954e+00
7.734632030761993127e-01 2.145927023127525840e-02 6.334778395557710828e-01 -1.074242399999999931e+00 -4.763049691510925013e-03 9.995952847417010068e-01 -2.804603501021033299e-02 -1.157751000000000058e-01 -6.338233088525083714e-01 1.867528964430938479e-02 7.732523822866366192e-01 5.427183600000000219e+00
6.989515310401920312e-01 2.658179239511671010e-02 7.146748670336984244e-01 -1.041819999999999968e+00 -5.171343403107438175e-03 9.994707380339993286e-01 -3.211698960332268205e-02 -1.171023000000000064e-01 -7.151503439585125133e-01 1.875238989664292089e-02 6.987190661554798510e-01 5.455242600000000053e+00
6.157463962943096059e-01 2.208163905982626213e-02 7.876349260076030978e-01 -1.004932799999999959e+00 -2.241498493170488576e-04 9.996121088487591733e-01 -2.784926569555325887e-02 -1.188093000000000066e-01 -7.879443668225668551e-01 1.697153674149821240e-02 6.155125033118464817e-01 5.479651500000000119e+00
5.231493038600080192e-01 1.829647388418813997e-02 8.520446261283468603e-01 -9.648938000000000237e-01 2.272049517231982882e-03 9.997360265035321047e-01 -2.286296354194115865e-02 -1.200623999999999997e-01 -8.522380205446012935e-01 1.389663104259827690e-02 5.229696358144377832e-01 5.500766800000000067e+00
4.215974085587764764e-01 1.473345623731783273e-02 9.066634162487350324e-01 -9.214721999999999635e-01 1.588211938413968891e-03 9.998544602350885047e-01 -1.698634542326461078e-02 -1.220799999999999941e-01 -9.067817282452059757e-01 8.601372873142028655e-03 4.215126495199573720e-01 5.518487000000000364e+00
3.208693029434384059e-01 2.510914869396575072e-02 9.467905898774323648e-01 -8.752697000000000394e-01 -3.025243380955689246e-03 9.996705944687306333e-01 -2.548627977992766469e-02 -1.233372999999999969e-01 -9.471186506088230539e-01 5.313492862429000999e-03 3.208395681061221305e-01 5.532333399999999735e+00
2.338642613210971388e-01 2.662182165995506666e-02 9.719047205813147183e-01 -8.245487000000000233e-01 6.057555858133500948e-03 9.995657697442962286e-01 -2.883709369056116842e-02 -1.251445999999999947e-01 -9.722503861113984680e-01 1.263133274829530625e-02 2.336014472113532303e-01 5.541292699999999627e+00
1.685974175032296241e-01 2.760164592284952007e-02 9.852984623724890811e-01 -7.696779000000000259e-01 1.859955401970322941e-02 9.993407881877615084e-01 -3.117764671253531183e-02 -1.266797000000000062e-01 -9.855094963527798457e-01 2.358258269598915297e-02 1.679728977897237963e-01 5.547812900000000269e+00
1.154855514706284864e-01 2.285600238808246920e-02 9.930461673841559644e-01 -7.099140000000000450e-01 1.051666335190243329e-02 9.996510671631914091e-01 -2.423104850053562145e-02 -1.284735999999999934e-01 -9.932534858702826153e-01 1.324186823407202604e-02 1.152048858868577330e-01 5.554517299999999658e+00
9.124122689906295769e-02 1.889070947881558993e-02 9.956496269317538506e-01 -6.786604999999999999e-01 5.503034121419057498e-03 9.997952255773033814e-01 -1.947366242615226894e-02 -1.295728999999999909e-01 -9.958136146535716549e-01 7.255894721963914579e-03 9.111858681065887478e-02 5.557430300000000045e+00
6.892414831618456916e-02 1.663561255058271238e-02 9.974831919255358059e-01 -6.462980999999999865e-01 9.113244727585732494e-03 9.998087400776738409e-01 -1.730410456595721583e-02 -1.307146999999999892e-01 -9.975802777468205651e-01 1.028297910925357952e-02 6.875936148056449593e-02 5.558636700000000097e+00
4.874197787706314317e-02 1.689867691210157966e-02 9.986684406304486838e-01 -6.127107999999999999e-01 1.733570039741498189e-02 9.996919432199398159e-01 -1.776209877440490525e-02 -1.320322999999999913e-01 -9.986609500147498597e-01 1.817837670863532012e-02 4.843401218024367960e-02 5.558902699999999975e+00
3.143692014315449534e-02 1.924529202476763998e-02 9.993204384914753380e-01 -5.781513000000000346e-01 2.217149664509040011e-02 9.995551662395687487e-01 -1.994729004914837234e-02 -1.331182999999999950e-01 -9.992597984450439785e-01 2.278351111373142640e-02 3.099623901218995226e-02 5.558967599999999898e+00
1.710230953956728972e-02 2.480029017735331867e-02 9.995461253066473262e-01 -5.422124999999999861e-01 2.282149426025264008e-02 9.994222128364030899e-01 -2.518769320355869132e-02 -1.337620999999999949e-01 -9.995932624863685945e-01 2.324190388729833676e-02 1.652644836471239831e-02 5.559319999999999595e+00
6.216804780538435354e-03 2.941360881678930367e-02 9.995479933223286872e-01 -5.056443999999999939e-01 1.974534966390860402e-02 9.993688171334882409e-01 -2.953114470965390731e-02 -1.347601999999999967e-01 -9.997857132930890733e-01 1.992001399561331432e-02 5.632098848911581968e-03 5.559439700000000428e+00
-2.390574340370077086e-04 2.909236324538666887e-02 9.995766990343172287e-01 -4.668351000000000028e-01 2.189947795921214427e-02 9.993371590734140275e-01 -2.908015406066493530e-02 -1.359457000000000026e-01 -9.997601490941002700e-01 2.188325606203291723e-02 -8.760065446596909666e-04 5.559450599999999909e+00
-2.285019339871663911e-03 2.414734223545014422e-02 9.997057989976755321e-01 -3.859343000000000079e-01 2.964543981140913345e-02 9.992706478810495785e-01 -2.406907106174702160e-02 -1.387614000000000070e-01 -9.995578655510669597e-01 2.958171980043342725e-02 -2.999211337020857293e-03 5.558532699999999771e+00
1.023389153701897763e-03 2.416417200910966553e-02 9.997074799488873120e-01 -3.013657000000000141e-01 2.455797360003083782e-02 9.994058913908555608e-01 -2.418202195660414805e-02 -1.418329999999999869e-01 -9.996978836665110224e-01 2.457553751932309988e-02 4.293580511288697110e-04 5.559570299999999854e+00
2.098249554810386816e-03 2.529408907270374804e-02 9.996778513135052835e-01 -2.573583999999999872e-01 2.337469000957386953e-02 9.994056721822126566e-01 -2.533626406903916398e-02 -1.431777999999999940e-01 -9.997245726777755914e-01 2.342032168869348160e-02 1.505761015582307571e-03 5.559999499999999983e+00
4.055145739161227468e-03 2.560642970092593881e-02 9.996638767860954733e-01 -1.658174000000000037e-01 2.288360641537719523e-02 9.994079375579518754e-01 -2.569270136803475379e-02 -1.465010999999999952e-01 -9.997299117013855874e-01 2.298010235252325589e-02 3.466777380693009114e-03 5.560793900000000178e+00
5.052916886602041961e-03 2.311489851133008422e-02 9.997200455616301884e-01 -7.087300000000000544e-02 2.231604277148631355e-02 9.994812279793110488e-01 -2.322216940747771907e-02 -1.497280000000000000e-01 -9.997381968625376203e-01 2.242713498820816248e-02 4.534462510860981510e-03 5.561687499999999673e+00
3.311949943193452824e-03 1.877123739922180456e-02 9.998183193131018331e-01 2.719819999999999877e-02 2.075770729836094036e-02 9.996070835419792466e-01 -1.883603250194125500e-02 -1.536409999999999998e-01 -9.997790498781664592e-01 2.081632002061534203e-02 2.921000771991533185e-03 5.562500499999999626e+00
1.068769235754253154e-03 1.547191229102492897e-02 9.998797315989457202e-01 1.263266999999999862e-01 2.238562721290516047e-02 9.996293726558227455e-01 -1.549196624096037256e-02 -1.563424999999999954e-01 -9.997488391724221879e-01 2.239949226623334788e-02 7.220246598331758747e-04 5.562735100000000266e+00
-1.770314245965700110e-03 1.303369414930093811e-02 9.999134906602136219e-01 2.274415999999999938e-01 2.065582044003782397e-02 9.997021973781344828e-01 -1.299436952215187596e-02 -1.593637999999999999e-01 -9.997850784390711620e-01 2.063102940116640083e-02 -2.039008687760079930e-03 5.562967800000000018e+00
-3.439203522785253507e-03 2.268531616197329639e-02 9.997367395018353919e-01 3.311399999999999899e-01 1.885908991808312243e-02 9.995663186647745224e-01 -2.261657176523706667e-02 -1.623877999999999988e-01 -9.998162364187687112e-01 1.877634207138802538e-02 -3.865536421728155148e-03 5.563436000000000270e+00
-6.305821369692726601e-03 2.211663332814125735e-02 9.997355105962185684e-01 4.362491000000000008e-01 1.606117947332282372e-02 9.996286650219563530e-01 -2.201296391554608683e-02 -1.661153999999999964e-01 -9.998511264837276480e-01 1.591812164327097157e-02 -6.658699014881808154e-03 5.563871400000000023e+00
-7.450681641612527661e-03 1.290315154743540936e-02 9.998889918502051888e-01 5.420681000000000527e-01 1.177834329062585512e-02 9.998485134867767243e-01 -1.281486276207891711e-02 -1.695498000000000005e-01 -9.999028742694981986e-01 1.168155633580830743e-02 -7.601530712286197478e-03 5.563663499999999651e+00
-7.591223264182437452e-03 5.881304631960218923e-03 9.999538907295574264e-01 6.472065999999999653e-01 5.626591383423237835e-03 9.999671251735415822e-01 -5.838667790395376395e-03 -1.728023999999999949e-01 -9.999553564028534902e-01 5.582009314637188455e-03 -7.624065402000446134e-03 5.563750299999999704e+00
-4.949298679567603991e-03 2.891314028756590548e-02 9.995696747907530932e-01 8.024130000000000429e-01 1.257274086634139858e-02 9.995047078039145383e-01 -2.884900804047040371e-02 -1.778724000000000138e-01 -9.999087111480168266e-01 1.242454814159574608e-02 -5.310364751023310959e-03 5.562944400000000122e+00
-2.867074532499168295e-03 1.567599049763705732e-02 9.998730135399910290e-01 9.060350999999999821e-01 1.732152657997476641e-02 9.997278899167348909e-01 -1.562404683723490027e-02 -1.818622000000000016e-01 -9.998458604207772771e-01 1.727453167385081464e-02 -3.137826458681658437e-03 5.562852900000000211e+00
-2.748727374857604881e-03 1.334868812069883899e-02 9.999071241986803305e-01 1.008798499999999931e+00 1.751607880501302936e-02 9.997581385566981504e-01 -1.329854777569333679e-02 -1.855152999999999941e-01 -9.998428033851698427e-01 1.747789790284113784e-02 -2.981879236753193219e-03 5.563066499999999692e+00
-6.374337106090477434e-03 1.419417739774564251e-02 9.998789392493769856e-01 1.111437900000000090e+00 1.120275546391884432e-02 9.998375180835746834e-01 -1.412217060132928484e-02 -1.889780000000000071e-01 -9.999169295978909133e-01 1.111137977385074152e-02 -6.532315289979995221e-03 5.564045899999999989e+00
-1.051112696418578067e-02 1.471976655980787238e-02 9.998364089601695648e-01 1.211336500000000038e+00 1.033804863426423040e-02 9.998398069220665318e-01 -1.461113426398686320e-02 -1.922387999999999875e-01 -9.998913145739282138e-01 1.018277793479880310e-02 -1.066161681698518660e-02 5.563817000000000235e+00
-1.479971590144700359e-02 1.454228239123451540e-02 9.997847220437457993e-01 1.310477899999999973e+00 6.936861163649063813e-03 9.998716625058597929e-01 -1.444086129578986584e-02 -1.951286999999999883e-01 -9.998664152607751321e-01 6.721647165805042304e-03 -1.489869433694479550e-02 5.563272000000000439e+00
-1.882889979126177102e-02 1.368311952929928896e-02 9.997290856890169719e-01 1.408071999999999990e+00 7.100665491183904242e-03 9.998829619627631615e-01 -1.355149165788682372e-02 -1.980078000000000116e-01 -9.997975060392144675e-01 6.843582140836368573e-03 -1.892385534844032158e-02 5.561821000000000126e+00
-2.276483826064841162e-02 1.321897208994787104e-02 9.996534504096167284e-01 1.551452400000000065e+00 8.788343988315988620e-03 9.998765914058934667e-01 -1.302178822108784190e-02 -2.031173000000000006e-01 -9.997022192377637007e-01 8.488859488589208663e-03 -2.287820175786203780e-02 5.559124500000000246e+00
-2.554129307591971459e-02 1.237564940617372385e-02 9.995971616855386932e-01 1.646490199999999904e+00 8.085575212488841854e-03 9.998932185342035428e-01 -1.217271550619731038e-02 -2.061511000000000038e-01 -9.996410684948336955e-01 7.771411138725215113e-03 -2.563862998328370058e-02 5.557306299999999588e+00
-2.848332304377501276e-02 1.017018535299275828e-02 9.995425291793590405e-01 1.781823799999999958e+00 5.514611378214393823e-03 9.999346219636737754e-01 -1.001702848714114413e-02 -2.103913000000000033e-01 -9.995790560879770359e-01 5.226770346083747971e-03 -2.853754547991249613e-02 5.554891600000000373e+00
-2.888789813732970183e-02 1.268641443000866412e-02 9.995021481868444635e-01 1.825408200000000036e+00 5.666402456759936368e-03 9.999054690671533852e-01 -1.252776168331093398e-02 -2.119298000000000015e-01 -9.995665966929891955e-01 5.301680724626538915e-03 -2.895705366726453178e-02 5.554129099999999930e+00
-2.927808314889171828e-02 1.728973869656413170e-02 9.994217622119959676e-01 1.912390000000000034e+00 3.540001900959135507e-03 9.998459163017187068e-01 -1.719337201708342339e-02 -2.146947999999999912e-01 -9.995650365202196630e-01 3.034565962564397465e-03 -2.933477758141445069e-02 5.552389100000000077e+00
-2.933296044214974904e-02 1.830471112768223413e-02 9.994020787361970193e-01 1.955027499999999918e+00 4.594528629959779287e-03 9.998242172941327333e-01 -1.817759111773116845e-02 -2.161601999999999968e-01 -9.995591366889544638e-01 4.058578902404794304e-03 -2.941190573433138944e-02 5.551207999999999920e+00
-2.941164721075502364e-02 1.816835071997685569e-02 9.994022543703141581e-01 1.997550200000000054e+00 5.758626637221006192e-03 9.998212861841163646e-01 -1.800649639414453329e-02 -2.176577000000000095e-01 -9.995507957215598038e-01 5.225583723869303698e-03 -2.951101569146097336e-02 5.550228599999999624e+00
-2.968296253077763736e-02 1.776715127303460373e-02 9.994014459020145180e-01 2.039850700000000128e+00 6.234506856295660149e-03 9.998258545713258894e-01 -1.758952685482712344e-02 -2.190786999999999873e-01 -9.995399204932512438e-01 5.708665900101964237e-03 -2.978856280497199638e-02 5.548988800000000055e+00
-2.991935169949462570e-02 1.802548466228907909e-02 9.993897709585444211e-01 2.081834100000000021e+00 2.686336752366054112e-03 9.998352213845568270e-01 -1.795309649467152074e-02 -2.204907000000000117e-01 -9.995487061613030910e-01 2.147552463545593024e-03 -2.996284415207417506e-02 5.548260199999999642e+00
-2.984943386716353009e-02 1.703692986449757696e-02 9.994092026385399397e-01 2.165154900000000104e+00 1.656403623352192649e-03 9.998542017776158586e-01 -1.699504382704678657e-02 -2.234995999999999927e-01 -9.995530339230862538e-01 1.148132587677026459e-03 -2.987330190512482719e-02 5.546499299999999799e+00
-3.075915217943775773e-02 1.615030137931230958e-02 9.993963389579531009e-01 2.206337700000000179e+00 1.774610624965637651e-03 9.998687583537302359e-01 -1.610331721414887812e-02 -2.250656000000000045e-01 -9.995252499633674459e-01 1.278214976882778402e-03 -3.078377579409197207e-02 5.545254199999999578e+00
-3.451210537940649359e-02 1.577756022842540656e-02 9.992797321949041800e-01 2.247883799999999876e+00 -1.559984690912792626e-03 9.998733095783189917e-01 -1.584080934368693391e-02 -2.264597999999999889e-01 -9.994030623477422326e-01 -2.105560765527893924e-03 -3.448312027380662226e-02 5.544518499999999683e+00
-3.972244416625224372e-02 1.511075042071103637e-02 9.990964881587672819e-01 2.289127600000000040e+00 -5.113681978858293162e-03 9.998694772566292244e-01 -1.532575307037579299e-02 -2.282434999999999881e-01 -9.991976669738965589e-01 -5.717838077281866931e-03 -3.963998791175282754e-02 5.543332099999999762e+00
-5.229426471976151430e-02 2.180035642192514750e-02 9.983937371284419271e-01 2.370709699999999920e+00 6.500181880200670004e-04 9.997622234983218892e-01 -2.179619099858523881e-02 -2.307929999999999982e-01 -9.986315072907396839e-01 -4.908416940236880188e-04 -5.229600100061815304e-02 5.539078199999999619e+00
-5.933249181165269059e-02 2.355944079779385969e-02 9.979602237387596997e-01 2.411505200000000126e+00 2.307028105788307831e-04 9.997217540778392530e-01 -2.358731014213834298e-02 -2.321684999999999999e-01 -9.982382492128987206e-01 -1.169261657404925200e-03 -5.932141801696222405e-02 5.536592500000000250e+00
-6.568334098479140792e-02 2.263198368867165577e-02 9.975838270698813570e-01 2.452792399999999873e+00 -3.469835821028624534e-03 9.997315290329034099e-01 -2.290917058533707001e-02 -2.338977999999999891e-01 -9.978344847500764114e-01 -4.966202960881347869e-03 -6.558717764701116337e-02 5.534245499999999929e+00
-7.102393610087483211e-02 2.183544132936428642e-02 9.972355860089884283e-01 2.494688700000000203e+00 -3.437747973351383546e-03 9.997490733594633916e-01 -2.213531580452257619e-02 -2.351096000000000019e-01 -9.974686874231243339e-01 -5.000381870029376591e-03 -7.093104955901408104e-02 5.531453100000000234e+00
-7.984800153014554036e-02 2.156232015599143445e-02 9.965738121188678633e-01 2.579684299999999819e+00 -8.127344732112764397e-03 9.997186998855045470e-01 -2.228154767608921463e-02 -2.383068000000000131e-01 -9.967739176559784475e-01 -9.878635975020196719e-03 -7.965029586904093239e-02 5.525425000000000253e+00
-8.400706896208672003e-02 1.559740871256616937e-02 9.963430800712435031e-01 2.667070199999999947e+00 -5.210067930244723783e-03 9.998569458619547268e-01 -1.609170605518116248e-02 -2.409352999999999911e-01 -9.964515379869517409e-01 -6.542832189295669579e-03 -8.391378784431835491e-02 5.518082099999999990e+00
-8.565337693092463234e-02 1.291283361804117236e-02 9.962413150177433785e-01 2.711524199999999940e+00 -5.184753137880474677e-03 9.998966936799746907e-01 -1.340598011164975678e-02 -2.423690000000000011e-01 -9.963115061843001996e-01 -6.313532751756022188e-03 -8.557757854113612339e-02 5.514737600000000128e+00
-8.747667577248979809e-02 1.601917536834114933e-02 9.960377589310117630e-01 2.800982700000000047e+00 -4.585876987451049762e-03 9.998536245863499650e-01 -1.648329863207646101e-02 -2.451145999999999880e-01 -9.961560123434732850e-01 -6.009610807413327468e-03 -8.739040937020925437e-02 5.507389500000000382e+00
-8.799542089058670635e-02 2.454452843916787516e-02 9.958184433047961859e-01 2.891751100000000019e+00 8.561792404978060128e-03 9.996780948725424443e-01 -2.388309742931617186e-02 -2.483323000000000058e-01 -9.960840836059486891e-01 6.424387574160514425e-03 -8.817723987058345703e-02 5.498467400000000005e+00
-8.876106729996467715e-02 2.569051686613026131e-02 9.957215827102084971e-01 2.937721999999999944e+00 9.007419653493116407e-03 9.996471494685716941e-01 -2.498885652735742535e-02 -2.499540000000000095e-01 -9.960122184606760021e-01 6.750844577537268645e-03 -8.896115317672614875e-02 5.494544000000000317e+00
-8.906144086255168846e-02 1.876942463038830389e-02 9.958492699452714536e-01 3.030054799999999826e+00 7.501991639580966702e-03 9.998067107782950824e-01 -1.817309010945435122e-02 -2.532532000000000116e-01 -9.959978814600589647e-01 5.852331307339241409e-03 -8.918503431262037040e-02 5.486895600000000428e+00
