1.000000e+00 1.197625e-11 1.704638e-10 1.110223e-16 1.197625e-11 1.000000e+00 3.562503e-10 0.000000e+00 1.704638e-10 3.562503e-10 1.000000e+00 2.220446e-16
9.999931e-01 -2.475044e-03 -2.755837e-03 1.173954e-03 2.468662e-03 9.999942e-01 -2.316828e-03 -2.241474e-02 2.761556e-03 2.310009e-03 9.999935e-01 1.127607e+00
9.999863e-01 -2.528164e-03 -4.580897e-03 -7.831705e-03 2.512020e-03 9.999906e-01 -3.526615e-03 -4.141091e-02 4.589771e-03 3.515059e-03 9.999833e-01 1.689225e+00
9.999675e-01 -4.648687e-03 -6.595320e-03 -1.508128e-02 4.612815e-03 9.999745e-01 -5.443974e-03 -5.922720e-02 6.620460e-03 5.413373e-03 9.999634e-01 2.251296e+00
9.999413e-01 -7.134576e-03 -8.152763e-03 -2.040073e-02 7.072901e-03 9.999463e-01 -7.569121e-03 -7.423248e-02 8.206328e-03 7.511012e-03 9.999381e-01 2.816072e+00
9.999200e-01 -8.311338e-03 -9.539068e-03 -2.969353e-02 8.230327e-03 9.999300e-01 -8.500812e-03 -9.078265e-02 9.609054e-03 8.421622e-03 9.999184e-01 3.390281e+00
9.998884e-01 -8.811524e-03 -1.206613e-02 -5.593704e-02 8.715868e-03 9.999303e-01 -7.957589e-03 -1.348021e-01 1.213540e-02 7.851533e-03 9.998955e-01 4.556204e+00
9.998780e-01 -8.278892e-03 -1.324786e-02 -7.008098e-02 8.141373e-03 9.999127e-01 -1.040105e-02 -1.575514e-01 1.333281e-02 1.029192e-02 9.998582e-01 5.150463e+00
9.998748e-01 -6.580037e-03 -1.439059e-02 -8.798198e-02 6.374276e-03 9.998774e-01 -1.429781e-02 -1.803479e-01 1.448291e-02 1.420429e-02 9.997942e-01 5.751285e+00
9.998652e-01 -5.082827e-03 -1.561247e-02 -1.054713e-01 4.800847e-03 9.998256e-01 -1.804597e-02 -1.996581e-01 1.570147e-02 1.796859e-02 9.997153e-01 6.363942e+00
9.998522e-01 -3.623834e-03 -1.680538e-02 -1.238576e-01 3.306955e-03 9.998169e-01 -1.884543e-02 -2.187844e-01 1.687060e-02 1.878706e-02 9.996812e-01 6.989627e+00
9.998394e-01 -1.112536e-03 -1.788542e-02 -1.444743e-01 8.907687e-04 9.999227e-01 -1.240253e-02 -2.366165e-01 1.789783e-02 1.238460e-02 9.997631e-01 7.637602e+00
9.998120e-01 1.004604e-03 -1.936675e-02 -1.844755e-01 -8.989153e-04 9.999846e-01 5.465141e-03 -2.738044e-01 1.937194e-02 -5.446702e-03 9.997975e-01 8.978383e+00
9.997543e-01 5.555763e-03 -2.145926e-02 -2.329992e-01 -5.595211e-03 9.999827e-01 -1.778629e-03 -3.035717e-01 2.144901e-02 1.898261e-03 9.997682e-01 1.035368e+01
9.997145e-01 2.620743e-03 -2.375049e-02 -2.701280e-01 -2.819209e-03 9.999613e-01 -8.326642e-03 -3.152238e-01 2.372775e-02 8.391221e-03 9.996832e-01 1.179839e+01
9.996966e-01 1.625146e-03 -2.457882e-02 -2.962122e-01 -1.393167e-03 9.999543e-01 9.452361e-03 -3.252216e-01 2.459306e-02 -9.415248e-03 9.996532e-01 1.333520e+01
9.996792e-01 -1.382699e-03 -2.529212e-02 -3.270868e-01 1.667549e-03 9.999354e-01 1.124476e-02 -3.300205e-01 2.527494e-02 -1.128333e-02 9.996169e-01 1.492763e+01
9.997041e-01 5.747479e-05 -2.432655e-02 -3.585571e-01 6.660546e-05 9.999870e-01 5.099768e-03 -3.310784e-01 2.432653e-02 -5.099877e-03 9.996911e-01 1.658175e+01
9.997263e-01 -5.544119e-03 -2.272786e-02 -3.686442e-01 5.399776e-03 9.999649e-01 -6.407463e-03 -3.506532e-01 2.276259e-02 6.282984e-03 9.997212e-01 1.828806e+01
9.997662e-01 -3.838836e-03 -2.127843e-02 -3.931436e-01 3.555293e-03 9.999046e-01 -1.334729e-02 -3.836280e-01 2.132764e-02 1.326852e-02 9.996845e-01 2.007060e+01
9.997668e-01 -2.204438e-03 -2.148374e-02 -4.196580e-01 1.910245e-03 9.999042e-01 -1.370467e-02 -4.350658e-01 2.151189e-02 1.366044e-02 9.996753e-01 2.192489e+01
9.997643e-01 4.013694e-03 -2.133588e-02 -4.507315e-01 -4.371519e-03 9.998501e-01 -1.675089e-02 -4.913797e-01 2.126545e-02 1.684021e-02 9.996320e-01 2.384921e+01
9.997475e-01 6.655410e-03 -2.146389e-02 -4.870736e-01 -7.009523e-03 9.998398e-01 -1.646518e-02 -5.504866e-01 2.135087e-02 1.661147e-02 9.996340e-01 2.580752e+01
9.997300e-01 7.470019e-03 -2.200512e-02 -5.258752e-01 -7.810435e-03 9.998505e-01 -1.542467e-02 -6.123111e-01 2.188661e-02 1.559237e-02 9.996389e-01 2.779590e+01
9.997048e-01 8.828655e-03 -2.263483e-02 -5.679163e-01 -9.107452e-03 9.998835e-01 -1.224376e-02 -6.738450e-01 2.252410e-02 1.244629e-02 9.996688e-01 2.981730e+01
9.996909e-01 9.758370e-03 -2.286542e-02 -6.113853e-01 -1.008382e-02 9.998488e-01 -1.416135e-02 -7.344817e-01 2.272378e-02 1.438754e-02 9.996383e-01 3.186663e+01
9.996756e-01 8.859609e-03 -2.387811e-02 -6.562571e-01 -9.116721e-03 9.999014e-01 -1.068035e-02 -7.960953e-01 2.378114e-02 1.089458e-02 9.996578e-01 3.394945e+01
9.996516e-01 9.284323e-03 -2.470700e-02 -7.046294e-01 -9.400963e-03 9.999452e-01 -4.608864e-03 -8.521280e-01 2.466286e-02 4.839528e-03 9.996841e-01 3.606726e+01
9.996343e-01 8.640360e-03 -2.562662e-02 -7.509456e-01 -8.785442e-03 9.999460e-01 -5.554152e-03 -8.999454e-01 2.557725e-02 5.777261e-03 9.996562e-01 3.820156e+01
9.996113e-01 8.636784e-03 -2.650763e-02 -7.861115e-01 -8.772323e-03 9.999490e-01 -5.001110e-03 -9.426008e-01 2.646309e-02 5.231700e-03 9.996361e-01 4.035358e+01
9.995744e-01 8.727969e-03 -2.783667e-02 -8.405589e-01 -8.747257e-03 9.999616e-01 -5.711173e-04 -9.983507e-01 2.783061e-02 8.143693e-04 9.996123e-01 4.250646e+01
9.995279e-01 1.094395e-02 -2.871053e-02 -9.059963e-01 -1.106491e-02 9.999305e-01 -4.057536e-03 -1.047970e+00 2.866413e-02 4.373300e-03 9.995795e-01 4.464539e+01
9.994940e-01 1.312039e-02 -2.897767e-02 -9.815092e-01 -1.338944e-02 9.998688e-01 -9.110188e-03 -1.088166e+00 2.885435e-02 9.493571e-03 9.995386e-01 4.677981e+01
9.994919e-01 1.417720e-02 -2.854922e-02 -1.050114e+00 -1.429880e-02 9.998895e-01 -4.059449e-03 -1.131381e+00 2.848852e-02 4.465605e-03 9.995842e-01 4.893463e+01
9.995195e-01 1.300679e-02 -2.813588e-02 -1.112505e+00 -1.308056e-02 9.999114e-01 -2.439357e-03 -1.168837e+00 2.810166e-02 2.806218e-03 9.996011e-01 5.108922e+01
9.995465e-01 1.194244e-02 -2.764414e-02 -1.177502e+00 -1.216294e-02 9.998954e-01 -7.821636e-03 -1.200275e+00 2.754784e-02 8.154322e-03 9.995872e-01 5.323263e+01
9.995747e-01 9.582319e-03 -2.754407e-02 -1.248790e+00 -9.938401e-03 9.998684e-01 -1.281994e-02 -1.244310e+00 2.741761e-02 1.308823e-02 9.995384e-01 5.537246e+01
9.996076e-01 6.482936e-03 -2.724986e-02 -1.319412e+00 -6.848565e-03 9.998875e-01 -1.334574e-02 -1.300079e+00 2.716028e-02 1.352712e-02 9.995396e-01 5.751446e+01
9.996289e-01 4.177682e-03 -2.691985e-02 -1.387176e+00 -4.211062e-03 9.999904e-01 -1.183339e-03 -1.339024e+00 2.691465e-02 1.296261e-03 9.996369e-01 5.968580e+01
9.996473e-01 -6.622685e-04 -2.654826e-02 -1.444555e+00 5.799434e-04 9.999950e-01 -3.108548e-03 -1.364859e+00 2.655019e-02 3.092056e-03 9.996427e-01 6.184743e+01
9.996473e-01 -5.710145e-04 -2.655199e-02 -1.499917e+00 3.004754e-04 9.999480e-01 -1.019191e-02 -1.395800e+00 2.655643e-02 1.018033e-02 9.995955e-01 6.400399e+01
9.996614e-01 1.995361e-03 -2.594344e-02 -1.558768e+00 -2.403038e-03 9.998740e-01 -1.569239e-02 -1.436238e+00 2.590886e-02 1.574942e-02 9.995402e-01 6.616971e+01
9.996582e-01 8.312834e-03 -2.478541e-02 -1.623511e+00 -8.549643e-03 9.999186e-01 -9.463685e-03 -1.483749e+00 2.470473e-02 9.672356e-03 9.996480e-01 6.834968e+01
9.996743e-01 6.096033e-03 -2.478355e-02 -1.673162e+00 -6.302831e-03 9.999459e-01 -8.274537e-03 -1.522851e+00 2.473177e-02 8.428047e-03 9.996586e-01 7.052233e+01
9.996724e-01 3.394724e-03 -2.536873e-02 -1.724041e+00 -3.524391e-03 9.999809e-01 -5.068311e-03 -1.566430e+00 2.535104e-02 5.156060e-03 9.996653e-01 7.268959e+01
9.996433e-01 1.479137e-03 -2.666623e-02 -1.784427e+00 -1.590559e-03 9.999901e-01 -4.157630e-03 -1.618953e+00 2.665981e-02 4.198561e-03 9.996358e-01 7.484293e+01
9.996101e-01 2.133806e-03 -2.783910e-02 -1.852271e+00 -2.424651e-03 9.999428e-01 -1.041780e-02 -1.670698e+00 2.781528e-02 1.048123e-02 9.995581e-01 7.698007e+01
9.995678e-01 5.278628e-03 -2.892128e-02 -1.931694e+00 -5.415869e-03 9.999744e-01 -4.669015e-03 -1.731655e+00 2.889590e-02 4.823631e-03 9.995708e-01 7.911497e+01
9.995209e-01 7.994852e-03 -2.990165e-02 -2.009246e+00 -7.977963e-03 9.999679e-01 6.841464e-04 -1.780033e+00 2.990617e-02 -4.452634e-04 9.995526e-01 8.124100e+01
9.995060e-01 7.795793e-03 -3.044809e-02 -2.046091e+00 -7.848921e-03 9.999679e-01 -1.625703e-03 -1.798450e+00 3.043444e-02 1.863885e-03 9.995350e-01 8.229562e+01
9.994752e-01 7.225519e-03 -3.157600e-02 -2.118145e+00 -7.306479e-03 9.999703e-01 -2.449280e-03 -1.836350e+00 3.155737e-02 2.678705e-03 9.994984e-01 8.438146e+01
9.994472e-01 4.547048e-03 -3.293428e-02 -2.187213e+00 -4.572446e-03 9.999893e-01 -6.958514e-04 -1.871238e+00 3.293077e-02 8.460575e-04 9.994573e-01 8.641716e+01
9.994019e-01 4.012762e-03 -3.434629e-02 -2.262425e+00 -3.902838e-03 9.999870e-01 3.266921e-03 -1.907770e+00 3.435896e-02 -3.130918e-03 9.994047e-01 8.838264e+01
9.992113e-01 2.138299e-03 -3.965073e-02 -2.344772e+00 -2.031068e-03 9.999941e-01 2.744488e-03 -1.950966e+00 3.965637e-02 -2.661789e-03 9.992098e-01 9.026556e+01
9.989307e-01 1.832805e-03 -4.619660e-02 -2.434745e+00 -1.755145e-03 9.999970e-01 1.721603e-03 -1.993637e+00 4.619962e-02 -1.638679e-03 9.989309e-01 9.205518e+01
9.986194e-01 3.941519e-03 -5.238126e-02 -2.538278e+00 -3.724414e-03 9.999840e-01 4.241689e-03 -2.044394e+00 5.239715e-02 -4.040742e-03 9.986182e-01 9.375397e+01
9.982947e-01 6.427526e-03 -5.802030e-02 -2.649588e+00 -6.047890e-03 9.999591e-01 6.716404e-03 -2.083333e+00 5.806110e-02 -6.354048e-03 9.982928e-01 9.535206e+01
9.977683e-01 1.184201e-02 -6.571358e-02 -2.827593e+00 -1.166772e-02 9.999273e-01 3.035422e-03 -2.149905e+00 6.574475e-02 -2.261919e-03 9.978339e-01 9.753308e+01
9.972886e-01 1.777342e-02 -7.141100e-02 -2.992555e+00 -1.815495e-02 9.998241e-01 -4.697178e-03 -2.217650e+00 7.131496e-02 5.980905e-03 9.974359e-01 9.943737e+01
9.985724e-01 2.754334e-02 -4.576698e-02 -3.182492e+00 -2.741437e-02 9.996182e-01 3.443627e-03 -2.327168e+00 4.584436e-02 -2.184037e-03 9.989462e-01 1.021306e+02
9.996431e-01 2.606407e-02 -5.856808e-03 -3.198184e+00 -2.603947e-02 9.996519e-01 4.238673e-03 -2.391847e+00 5.965247e-03 -4.084651e-03 9.999739e-01 1.034865e+02
9.892475e-01 1.437845e-02 1.455423e-01 -2.911418e+00 -1.252083e-02 9.998281e-01 -1.367150e-02 -2.507487e+00 -1.457139e-01 1.170218e-02 9.892576e-01 1.058778e+02
9.389078e-01 8.082927e-03 3.440738e-01 -2.279365e+00 -2.030353e-03 9.998368e-01 -1.794759e-02 -2.601080e+00 -3.441628e-01 1.615254e-02 9.387711e-01 1.076167e+02
8.539851e-01 5.486594e-03 5.202685e-01 -1.506750e+00 4.312303e-03 9.998354e-01 -1.762231e-02 -2.655967e+00 -5.202796e-01 1.729274e-02 8.538209e-01 1.087943e+02
7.266640e-01 2.200542e-02 6.866405e-01 -5.307156e-01 -1.000028e-03 9.995197e-01 -3.097424e-02 -2.699185e+00 -6.869924e-01 2.182120e-02 7.263370e-01 1.097910e+02
6.035009e-01 1.731669e-02 7.971742e-01 3.744581e-01 6.707206e-03 9.996185e-01 -2.679201e-02 -2.732922e+00 -7.973341e-01 2.151581e-02 6.031545e-01 1.104040e+02
5.100162e-01 1.318785e-02 8.600637e-01 1.049532e+00 9.403782e-03 9.997372e-01 -2.090598e-02 -2.753607e+00 -8.601135e-01 1.875023e-02 5.097581e-01 1.107304e+02
4.082059e-01 8.234297e-03 9.128527e-01 1.774099e+00 9.891073e-03 9.998607e-01 -1.344220e-02 -2.777327e+00 -9.128363e-01 1.451627e-02 4.080676e-01 1.109879e+02
3.067219e-01 1.787320e-02 9.516313e-01 2.533142e+00 5.747217e-03 9.997706e-01 -2.062973e-02 -2.796272e+00 -9.517819e-01 1.179682e-02 3.065488e-01 1.111851e+02
2.179078e-01 1.961097e-02 9.757723e-01 3.350702e+00 1.357173e-02 9.996405e-01 -2.312150e-02 -2.818457e+00 -9.758750e-01 1.828127e-02 2.175633e-01 1.113182e+02
1.229001e-01 1.931907e-02 9.922310e-01 4.690755e+00 2.545091e-02 9.994203e-01 -2.261146e-02 -2.856964e+00 -9.920927e-01 2.803212e-02 1.223372e-01 1.114470e+02
7.261944e-02 1.214445e-02 9.972858e-01 5.672652e+00 1.372028e-02 9.998191e-01 -1.317437e-02 -2.886056e+00 -9.972654e-01 1.463975e-02 7.243968e-02 1.115178e+02
4.961925e-02 8.990929e-03 9.987277e-01 6.192944e+00 1.713408e-02 9.998046e-01 -9.851892e-03 -2.902144e+00 -9.986213e-01 1.760112e-02 4.945550e-02 1.115272e+02
2.913822e-02 9.131699e-03 9.995337e-01 6.728517e+00 2.461286e-02 9.996485e-01 -9.850263e-03 -2.917163e+00 -9.992724e-01 2.488840e-02 2.890322e-02 1.115183e+02
1.095538e-02 1.122155e-02 9.998770e-01 7.282318e+00 2.994530e-02 9.994848e-01 -1.154526e-02 -2.930539e+00 -9.994915e-01 3.006809e-02 1.061370e-02 1.115004e+02
-3.553242e-03 1.690927e-02 9.998507e-01 7.855335e+00 3.158021e-02 9.993602e-01 -1.678875e-02 -2.935743e+00 -9.994949e-01 3.151583e-02 -4.084969e-03 1.114905e+02
-1.522981e-02 2.191925e-02 9.996437e-01 8.447661e+00 2.859550e-02 9.993603e-01 -2.147739e-02 -2.943016e+00 -9.994751e-01 2.825821e-02 -1.584686e-02 1.114822e+02
-2.198079e-02 2.258082e-02 9.995033e-01 9.065751e+00 3.081249e-02 9.992852e-01 -2.189828e-02 -2.953427e+00 -9.992835e-01 3.031583e-02 -2.266085e-02 1.114624e+02
-2.478790e-02 1.739682e-02 9.995413e-01 1.036534e+01 3.920624e-02 9.990962e-01 -1.641679e-02 -2.980253e+00 -9.989237e-01 3.878131e-02 -2.544756e-02 1.114116e+02
-2.312930e-02 1.652093e-02 9.995959e-01 1.104173e+01 3.862182e-02 9.991318e-01 -1.561960e-02 -2.993917e+00 -9.989862e-01 3.824493e-02 -2.374729e-02 1.113977e+02
-2.174809e-02 1.639419e-02 9.996290e-01 1.173050e+01 3.415289e-02 9.992941e-01 -1.564567e-02 -3.009754e+00 -9.991800e-01 3.379994e-02 -2.229265e-02 1.113912e+02
-2.066774e-02 1.829032e-02 9.996191e-01 1.244057e+01 3.375051e-02 9.992755e-01 -1.758623e-02 -3.020980e+00 -9.992166e-01 3.337418e-02 -2.127008e-02 1.113766e+02
-1.993655e-02 1.883647e-02 9.996238e-01 1.316355e+01 3.319336e-02 9.992838e-01 -1.816806e-02 -3.034345e+00 -9.992501e-01 3.281866e-02 -2.054752e-02 1.113612e+02
-1.875443e-02 1.703650e-02 9.996789e-01 1.465827e+01 3.161099e-02 9.993650e-01 -1.643812e-02 -3.072877e+00 -9.993243e-01 3.129255e-02 -1.928107e-02 1.113363e+02
-1.880614e-02 1.351924e-02 9.997317e-01 1.620084e+01 3.332321e-02 9.993615e-01 -1.288739e-02 -3.118178e+00 -9.992677e-01 3.307190e-02 -1.924464e-02 1.113091e+02
-2.180273e-02 1.095057e-02 9.997023e-01 1.776747e+01 2.961032e-02 9.995084e-01 -1.030268e-02 -3.160636e+00 -9.993237e-01 2.937688e-02 -2.211626e-02 1.112760e+02
-2.447946e-02 7.293772e-03 9.996737e-01 1.937151e+01 3.473776e-02 9.993757e-01 -6.440963e-03 -3.193647e+00 -9.990966e-01 3.456875e-02 -2.471755e-02 1.112251e+02
-2.742417e-02 9.939064e-03 9.995745e-01 2.100565e+01 2.777439e-02 9.995721e-01 -9.177032e-03 -3.232298e+00 -9.992380e-01 2.751089e-02 -2.768849e-02 1.111890e+02
-2.877537e-02 1.693819e-02 9.994424e-01 2.265838e+01 2.997996e-02 9.994212e-01 -1.607467e-02 -3.273148e+00 -9.991363e-01 2.950068e-02 -2.926652e-02 1.111497e+02
-3.061397e-02 1.071316e-02 9.994739e-01 2.433823e+01 2.329981e-02 9.996785e-01 -1.000168e-02 -3.326366e+00 -9.992597e-01 2.298136e-02 -3.085374e-02 1.111280e+02
-3.049090e-02 -5.349902e-04 9.995349e-01 2.602725e+01 1.837372e-02 9.998306e-01 1.095637e-03 -3.370419e+00 -9.993662e-01 1.839858e-02 -3.047590e-02 1.110993e+02
-2.940461e-02 3.384421e-03 9.995618e-01 2.769648e+01 1.770798e-02 9.998391e-01 -2.864439e-03 -3.417654e+00 -9.994108e-01 1.761599e-02 -2.945981e-02 1.110665e+02
-2.765042e-02 2.203755e-02 9.993747e-01 2.934025e+01 2.260636e-02 9.995150e-01 -2.141519e-02 -3.464646e+00 -9.993620e-01 2.200008e-02 -2.813520e-02 1.110185e+02
-2.511623e-02 7.842711e-03 9.996538e-01 3.100291e+01 2.644169e-02 9.996246e-01 -7.178141e-03 -3.524637e+00 -9.993348e-01 2.625224e-02 -2.531418e-02 1.109727e+02
-2.448426e-02 5.625083e-03 9.996844e-01 3.263728e+01 2.725401e-02 9.996162e-01 -4.957200e-03 -3.574008e+00 -9.993287e-01 2.712402e-02 -2.462818e-02 1.109310e+02
-2.711108e-02 6.831514e-03 9.996091e-01 3.425559e+01 2.235531e-02 9.997307e-01 -6.226037e-03 -3.619497e+00 -9.993825e-01 2.217777e-02 -2.725650e-02 1.108957e+02
-3.118245e-02 7.053685e-03 9.994888e-01 3.585953e+01 2.094508e-02 9.997601e-01 -6.402152e-03 -3.668997e+00 -9.992943e-01 2.073473e-02 -3.132271e-02 1.108521e+02
-3.528758e-02 6.548349e-03 9.993557e-01 3.745030e+01 1.702129e-02 9.998374e-01 -5.950483e-03 -3.713275e+00 -9.992323e-01 1.680034e-02 -3.539330e-02 1.108119e+02
-3.931675e-02 4.742139e-03 9.992155e-01 3.902353e+01 1.720543e-02 9.998437e-01 -4.068132e-03 -3.764360e+00 -9.990787e-01 1.703198e-02 -3.939220e-02 1.107603e+02
-4.213293e-02 6.779929e-03 9.990890e-01 4.057553e+01 1.752921e-02 9.998280e-01 -6.045719e-03 -3.811300e+00 -9.989583e-01 1.725851e-02 -4.224453e-02 1.106977e+02
-4.474975e-02 4.542984e-03 9.989879e-01 4.211586e+01 1.966984e-02 9.997998e-01 -3.665569e-03 -3.860486e+00 -9.988046e-01 1.948589e-02 -4.483016e-02 1.106260e+02
-4.752738e-02 2.697713e-03 9.988663e-01 4.362563e+01 1.682637e-02 9.998566e-01 -1.899772e-03 -3.908535e+00 -9.987282e-01 1.671699e-02 -4.756596e-02 1.105634e+02
-4.930024e-02 1.121100e-03 9.987834e-01 4.507372e+01 1.575283e-02 9.998758e-01 -3.447660e-04 -3.947128e+00 -9.986598e-01 1.571667e-02 -4.931179e-02 1.105025e+02
-4.963267e-02 3.439404e-03 9.987616e-01 4.577870e+01 1.594992e-02 9.998693e-01 -2.650604e-03 -3.968246e+00 -9.986402e-01 1.579861e-02 -4.968105e-02 1.104722e+02
-4.991082e-02 8.104079e-03 9.987208e-01 4.717652e+01 1.435816e-02 9.998695e-01 -7.395860e-03 -4.011755e+00 -9.986505e-01 1.397065e-02 -5.002068e-02 1.104123e+02
-5.019960e-02 8.863095e-03 9.986999e-01 4.856561e+01 1.583562e-02 9.998420e-01 -8.077259e-03 -4.055339e+00 -9.986137e-01 1.540955e-02 -5.033203e-02 1.103479e+02
-5.048020e-02 7.914478e-03 9.986937e-01 4.925400e+01 1.685096e-02 9.998330e-01 -7.071760e-03 -4.074607e+00 -9.985829e-01 1.647196e-02 -5.060514e-02 1.103152e+02
-5.083338e-02 8.201674e-03 9.986735e-01 5.062365e+01 1.021682e-02 9.999182e-01 -7.691857e-03 -4.114385e+00 -9.986549e-01 9.812257e-03 -5.091302e-02 1.102629e+02
-5.069705e-02 6.789371e-03 9.986910e-01 5.129886e+01 1.208748e-02 9.999078e-01 -6.184045e-03 -4.131756e+00 -9.986410e-01 1.175814e-02 -5.077445e-02 1.102291e+02
-5.487974e-02 5.891529e-03 9.984756e-01 5.264111e+01 9.889219e-03 9.999367e-01 -5.356609e-03 -4.167844e+00 -9.984440e-01 9.580171e-03 -5.493453e-02 1.101638e+02
-6.012039e-02 5.456290e-03 9.981762e-01 5.330677e+01 5.756207e-03 9.999703e-01 -5.119404e-03 -4.188031e+00 -9.981746e-01 5.437925e-03 -6.015001e-02 1.101320e+02
-6.594365e-02 8.719935e-03 9.977852e-01 5.396640e+01 8.774153e-03 9.999282e-01 -8.158784e-03 -4.204714e+00 -9.977848e-01 8.216697e-03 -6.601543e-02 1.100844e+02
-7.232000e-02 1.209615e-02 9.973081e-01 5.462746e+01 1.154160e-02 9.998696e-01 -1.129028e-02 -4.221113e+00 -9.973147e-01 1.069401e-02 -7.245018e-02 1.100294e+02
-8.610102e-02 1.289271e-02 9.962030e-01 5.596874e+01 7.212257e-03 9.998981e-01 -1.231719e-02 -4.259740e+00 -9.962603e-01 6.124346e-03 -8.618523e-02 1.099227e+02
-9.601658e-02 1.227851e-02 9.953040e-01 5.732460e+01 4.243196e-03 9.999199e-01 -1.192612e-02 -4.305330e+00 -9.953707e-01 3.078162e-03 -9.606099e-02 1.097920e+02
-9.999902e-02 1.143901e-02 9.949218e-01 5.801252e+01 1.729848e-03 9.999344e-01 -1.132278e-02 -4.323997e+00 -9.949861e-01 5.887941e-04 -1.000122e-01 1.097249e+02
-1.045341e-01 5.579471e-03 9.945056e-01 5.941860e+01 3.960115e-03 9.999786e-01 -5.193927e-03 -4.360434e+00 -9.945134e-01 3.395412e-03 -1.045540e-01 1.095755e+02
-1.063441e-01 1.341655e-03 9.943285e-01 6.014241e+01 2.969012e-03 9.999950e-01 -1.031768e-03 -4.377079e+00 -9.943250e-01 2.842448e-03 -1.063475e-01 1.095029e+02
-1.085763e-01 5.064896e-03 9.940752e-01 6.159653e+01 4.061801e-03 9.999809e-01 -4.651347e-03 -4.404393e+00 -9.940799e-01 3.532707e-03 -1.085948e-01 1.093511e+02
-1.087612e-01 9.316179e-03 9.940242e-01 6.232941e+01 9.639908e-03 9.999189e-01 -8.316680e-03 -4.420348e+00 -9.940212e-01 8.677766e-03 -1.088422e-01 1.092651e+02
-1.100410e-01 1.596005e-02 9.937989e-01 6.381462e+01 1.875611e-02 9.997263e-01 -1.397843e-02 -4.456517e+00 -9.937501e-01 1.710159e-02 -1.103102e-01 1.090910e+02
-1.104470e-01 7.719378e-03 9.938520e-01 6.531557e+01 1.572797e-02 9.998582e-01 -6.018181e-03 -4.499677e+00 -9.937576e-01 1.496658e-02 -1.105528e-01 1.089344e+02
-1.105493e-01 6.344343e-03 9.938504e-01 6.605966e+01 1.848372e-02 9.998198e-01 -4.326448e-03 -4.579860e+00 -9.936988e-01 1.789176e-02 -1.106467e-01 1.088574e+02
-1.133140e-01 6.359768e-03 9.935389e-01 6.754618e+01 1.731402e-02 9.998403e-01 -4.425430e-03 -4.789634e+00 -9.934084e-01 1.670068e-02 -1.134060e-01 1.087201e+02
-1.177661e-01 7.254734e-03 9.930148e-01 6.902479e+01 1.758561e-02 9.998317e-01 -5.218985e-03 -4.946543e+00 -9.928857e-01 1.684815e-02 -1.178739e-01 1.085668e+02
-1.216743e-01 7.133093e-03 9.925444e-01 7.051938e+01 1.797497e-02 9.998260e-01 -4.981908e-03 -5.072470e+00 -9.924073e-01 1.723478e-02 -1.217814e-01 1.083983e+02
-1.234095e-01 7.376899e-03 9.923284e-01 7.127406e+01 1.559289e-02 9.998633e-01 -5.493731e-03 -5.125756e+00 -9.922333e-01 1.479529e-02 -1.235077e-01 1.083160e+02
-1.246446e-01 8.735687e-03 9.921630e-01 7.202772e+01 1.595162e-02 9.998496e-01 -6.799383e-03 -5.169640e+00 -9.920733e-01 1.497909e-02 -1.247652e-01 1.082285e+02
-1.267926e-01 9.328478e-03 9.918854e-01 7.355163e+01 1.435415e-02 9.998683e-01 -7.568673e-03 -5.250965e+00 -9.918254e-01 1.327801e-02 -1.269098e-01 1.080563e+02
-1.289397e-01 5.671148e-03 9.916362e-01 7.509805e+01 1.260751e-02 9.999122e-01 -4.079163e-03 -5.322302e+00 -9.915723e-01 1.197609e-02 -1.289999e-01 1.078742e+02
-1.326642e-01 2.681364e-03 9.911574e-01 7.666362e+01 1.026652e-02 9.999464e-01 -1.330995e-03 -5.383553e+00 -9.911079e-01 9.999156e-03 -1.326846e-01 1.076848e+02
-1.383602e-01 7.756543e-03 9.903516e-01 7.904660e+01 1.180350e-02 9.999112e-01 -6.182375e-03 -5.449247e+00 -9.903117e-01 1.083422e-02 -1.384395e-01 1.073781e+02
-1.397558e-01 1.572527e-02 9.900611e-01 8.065616e+01 1.567534e-02 9.997837e-01 -1.366699e-02 -5.497261e+00 -9.900620e-01 1.360950e-02 -1.399720e-01 1.071591e+02
-1.388048e-01 1.447101e-02 9.902140e-01 8.312845e+01 2.165159e-02 9.996985e-01 -1.157458e-02 -5.578164e+00 -9.900831e-01 1.983309e-02 -1.390763e-01 1.068232e+02
-1.364016e-01 1.076811e-02 9.905951e-01 8.480162e+01 1.993126e-02 9.997683e-01 -8.123363e-03 -5.624186e+00 -9.904531e-01 1.863576e-02 -1.365847e-01 1.066094e+02
-1.329181e-01 3.962549e-03 9.911191e-01 8.649919e+01 2.109774e-02 9.997767e-01 -1.167768e-03 -5.665219e+00 -9.909025e-01 2.075515e-02 -1.329721e-01 1.063903e+02
-1.297945e-01 7.040084e-03 9.915159e-01 8.819557e+01 2.040016e-02 9.997821e-01 -4.428295e-03 -5.717941e+00 -9.913311e-01 1.965231e-02 -1.299099e-01 1.061799e+02
-1.261059e-01 1.693562e-02 9.918722e-01 8.989495e+01 1.946295e-02 9.997040e-01 -1.459484e-02 -5.767415e+00 -9.918259e-01 1.746426e-02 -1.263982e-01 1.059776e+02
-1.234953e-01 1.196673e-02 9.922730e-01 9.162156e+01 1.793269e-02 9.997909e-01 -9.825554e-03 -5.830094e+00 -9.921832e-01 1.658070e-02 -1.236840e-01 1.057772e+02
-1.228619e-01 1.031533e-02 9.923702e-01 9.248727e+01 1.866495e-02 9.997931e-01 -8.081658e-03 -5.857296e+00 -9.922483e-01 1.752960e-02 -1.230290e-01 1.056748e+02
-1.217251e-01 9.881780e-03 9.925146e-01 9.421112e+01 1.754070e-02 9.998157e-01 -7.803231e-03 -5.910917e+00 -9.924089e-01 1.645954e-02 -1.218760e-01 1.054745e+02
-1.198438e-01 7.271893e-03 9.927661e-01 9.593646e+01 2.234193e-02 9.997397e-01 -4.625927e-03 -5.961976e+00 -9.925414e-01 2.162592e-02 -1.199751e-01 1.052677e+02
-1.183018e-01 1.141515e-02 9.929121e-01 9.764589e+01 2.579424e-02 9.996318e-01 -8.419119e-03 -6.012871e+00 -9.926426e-01 2.461541e-02 -1.185527e-01 1.050653e+02
-1.172208e-01 5.690447e-03 9.930896e-01 1.002020e+02 1.305697e-02 9.999060e-01 -4.188312e-03 -6.095973e+00 -9.930201e-01 1.247578e-02 -1.172840e-01 1.047876e+02
-1.183671e-01 6.041275e-03 9.929515e-01 1.010431e+02 9.720484e-03 9.999406e-01 -4.925050e-03 -6.123256e+00 -9.929224e-01 9.069002e-03 -1.184188e-01 1.046963e+02
-1.209697e-01 1.392892e-02 9.925585e-01 1.035359e+02 6.373522e-03 9.998918e-01 -1.325505e-02 -6.203992e+00 -9.926358e-01 4.722631e-03 -1.210454e-01 1.044140e+02
-1.214188e-01 1.298786e-02 9.925164e-01 1.043613e+02 7.534352e-03 9.998976e-01 -1.216274e-02 -6.235915e+00 -9.925728e-01 6.001179e-03 -1.215042e-01 1.043147e+02
-1.225016e-01 1.645980e-02 9.923318e-01 1.059907e+02 9.949292e-03 9.998326e-01 -1.535600e-02 -6.298760e+00 -9.924185e-01 7.991859e-03 -1.226449e-01 1.041174e+02
-1.243020e-01 1.823554e-02 9.920768e-01 1.076027e+02 7.972666e-03 9.998172e-01 -1.737889e-02 -6.362544e+00 -9.922124e-01 5.749264e-03 -1.244246e-01 1.039256e+02
-1.296089e-01 1.774251e-02 9.914064e-01 1.091918e+02 5.753134e-03 9.998365e-01 -1.714126e-02 -6.429851e+00 -9.915485e-01 3.482031e-03 -1.296898e-01 1.037315e+02
-1.362271e-01 2.224775e-02 9.904278e-01 1.107566e+02 4.321779e-03 9.997516e-01 -2.186276e-02 -6.493157e+00 -9.906682e-01 1.302107e-03 -1.362894e-01 1.035305e+02
-1.422740e-01 2.044221e-02 9.896162e-01 1.123078e+02 5.216391e-03 9.997883e-01 -1.990239e-02 -6.558137e+00 -9.898136e-01 2.330629e-03 -1.423506e-01 1.033200e+02
-1.469150e-01 2.569409e-02 9.888153e-01 1.138417e+02 2.553576e-03 9.996691e-01 -2.559672e-02 -6.625419e+00 -9.891459e-01 -1.235529e-03 -1.469320e-01 1.031087e+02
-1.513491e-01 3.616220e-02 9.878187e-01 1.153566e+02 3.780690e-03 9.993444e-01 -3.600489e-02 -6.698886e+00 -9.884732e-01 -1.714672e-03 -1.513866e-01 1.028870e+02
-1.575348e-01 2.612263e-02 9.871679e-01 1.168832e+02 4.681739e-03 9.996586e-01 -2.570605e-02 -6.772644e+00 -9.875024e-01 5.720647e-04 -1.576033e-01 1.026502e+02
-1.613565e-01 2.713452e-02 9.865231e-01 1.183859e+02 3.127759e-03 9.996310e-01 -2.698349e-02 -6.848109e+00 -9.868913e-01 -1.268356e-03 -1.613818e-01 1.024110e+02
-1.665879e-01 3.260343e-02 9.854874e-01 1.198732e+02 -3.815779e-04 9.994510e-01 -3.312991e-02 -6.916674e+00 -9.860266e-01 -5.895083e-03 -1.664840e-01 1.021780e+02
-1.703598e-01 4.083782e-02 9.845353e-01 1.213457e+02 3.882035e-03 9.991609e-01 -4.077276e-02 -6.993951e+00 -9.853743e-01 -3.124038e-03 -1.703753e-01 1.019311e+02
-1.756325e-01 4.109592e-02 9.835976e-01 1.228130e+02 3.401261e-03 9.991476e-01 -4.113830e-02 -7.073884e+00 -9.844500e-01 -3.879751e-03 -1.756226e-01 1.016844e+02
-1.795086e-01 3.730601e-02 9.830488e-01 1.235470e+02 7.378010e-03 9.993036e-01 -3.657563e-02 -7.116066e+00 -9.837288e-01 6.872995e-04 -1.796589e-01 1.015468e+02
-1.911026e-01 3.472870e-02 9.809555e-01 1.249966e+02 8.903726e-03 9.993941e-01 -3.364693e-02 -7.198722e+00 -9.815297e-01 2.304139e-03 -1.912961e-01 1.012695e+02
-1.993640e-01 3.441734e-02 9.793209e-01 1.257124e+02 7.623401e-03 9.994072e-01 -3.357135e-02 -7.237820e+00 -9.798959e-01 7.728352e-04 -1.995082e-01 1.011264e+02
-2.215235e-01 3.605602e-02 9.744882e-01 1.271315e+02 7.392757e-03 9.993496e-01 -3.529536e-02 -7.316019e+00 -9.751270e-01 -6.146005e-04 -2.216460e-01 1.008115e+02
-2.338325e-01 3.646334e-02 9.715929e-01 1.278368e+02 8.066085e-03 9.993349e-01 -3.556323e-02 -7.354262e+00 -9.722435e-01 -4.788901e-04 -2.339711e-01 1.006400e+02
-2.455518e-01 3.680717e-02 9.686844e-01 1.285371e+02 1.095265e-02 9.993204e-01 -3.519487e-02 -7.391647e+00 -9.693216e-01 1.967497e-03 -2.457881e-01 1.004561e+02
-2.566142e-01 3.679370e-02 9.658133e-01 1.292346e+02 1.413778e-02 9.993111e-01 -3.431348e-02 -7.428905e+00 -9.664105e-01 4.849127e-03 -2.569576e-01 1.002649e+02
-2.668005e-01 3.681275e-02 9.630484e-01 1.299272e+02 1.816236e-02 9.992848e-01 -3.316625e-02 -7.464456e+00 -9.635807e-01 8.642454e-03 -2.672783e-01 1.000660e+02
-2.756318e-01 3.765500e-02 9.605255e-01 1.306177e+02 2.381571e-02 9.991932e-01 -3.233675e-02 -7.501316e+00 -9.609683e-01 1.396256e-02 -2.763062e-01 9.985681e+01
-2.832348e-01 3.770564e-02 9.583091e-01 1.313037e+02 2.916264e-02 9.991034e-01 -3.069152e-02 -7.535702e+00 -9.586071e-01 1.925391e-02 -2.840805e-01 9.964198e+01
-2.897949e-01 3.761505e-02 9.563493e-01 1.319861e+02 2.949442e-02 9.991038e-01 -3.035922e-02 -7.571493e+00 -9.566342e-01 1.940902e-02 -2.906446e-01 9.943215e+01
-2.966293e-01 3.359043e-02 9.544017e-01 1.333449e+02 3.923959e-02 9.989659e-01 -2.296317e-02 -7.633871e+00 -9.541862e-01 3.063878e-02 -2.976407e-01 9.899266e+01
-2.975246e-01 3.271849e-02 9.541533e-01 1.340170e+02 4.590603e-02 9.987468e-01 -1.993319e-02 -7.665957e+00 -9.536099e-01 3.787077e-02 -2.986538e-01 9.876779e+01
-2.985891e-01 2.994413e-02 9.539119e-01 1.346874e+02 4.720854e-02 9.987475e-01 -1.657458e-02 -7.696836e+00 -9.532135e-01 4.008379e-02 -2.996287e-01 9.855353e+01
-2.983373e-01 3.542957e-02 9.538027e-01 1.353466e+02 5.060939e-02 9.984922e-01 -2.125964e-02 -7.725113e+00 -9.531178e-01 4.192883e-02 -2.996805e-01 9.834062e+01
-2.961325e-01 3.945679e-02 9.543315e-01 1.366601e+02 5.251239e-02 9.983078e-01 -2.498022e-02 -7.781433e+00 -9.537023e-01 4.271677e-02 -2.977033e-01 9.792651e+01
-2.923629e-01 3.448849e-02 9.556853e-01 1.379665e+02 5.560800e-02 9.982716e-01 -1.901377e-02 -7.844579e+00 -9.546893e-01 4.758482e-02 -2.937755e-01 9.751185e+01
-2.884384e-01 3.795384e-02 9.567459e-01 1.392425e+02 5.803494e-02 9.980700e-01 -2.209688e-02 -7.904561e+00 -9.557381e-01 4.915109e-02 -2.900843e-01 9.711981e+01
-2.841890e-01 3.956027e-02 9.579518e-01 1.398731e+02 5.961113e-02 9.979443e-01 -2.352743e-02 -7.934720e+00 -9.569134e-01 5.041834e-02 -2.859630e-01 9.692653e+01
-2.732552e-01 3.696237e-02 9.612312e-01 1.411304e+02 6.246963e-02 9.978340e-01 -2.061125e-02 -7.997921e+00 -9.599110e-01 5.441561e-02 -2.749723e-01 9.655453e+01
-2.684718e-01 3.498844e-02 9.626519e-01 1.417523e+02 6.244183e-02 9.978705e-01 -1.885424e-02 -8.029376e+00 -9.612616e-01 5.504790e-02 -2.700849e-01 9.637711e+01
-2.604320e-01 3.275240e-02 9.649365e-01 1.429830e+02 6.330765e-02 9.978529e-01 -1.678322e-02 -8.087196e+00 -9.634144e-01 5.671696e-02 -2.619463e-01 9.603450e+01
-2.565355e-01 3.089812e-02 9.660408e-01 1.435939e+02 6.596060e-02 9.977184e-01 -1.439525e-02 -8.112439e+00 -9.642815e-01 6.002772e-02 -2.579883e-01 9.586352e+01
-2.491217e-01 2.804319e-02 9.680661e-01 1.448014e+02 6.736837e-02 9.976611e-01 -1.156397e-02 -8.165921e+00 -9.661263e-01 6.233618e-02 -2.504283e-01 9.553897e+01
-2.455375e-01 2.857835e-02 9.689657e-01 1.453935e+02 6.436852e-02 9.978399e-01 -1.311887e-02 -8.194245e+00 -9.672477e-01 5.914970e-02 -2.468467e-01 9.539074e+01
-2.351403e-01 3.558922e-02 9.713096e-01 1.465647e+02 6.756376e-02 9.975106e-01 -2.019302e-02 -8.246532e+00 -9.696104e-01 6.087712e-02 -2.369595e-01 9.509910e+01
-2.202235e-01 3.475298e-02 9.748301e-01 1.477253e+02 6.348447e-02 9.977570e-01 -2.122859e-02 -8.301809e+00 -9.733814e-01 5.721153e-02 -2.219359e-01 9.484161e+01
-1.839779e-01 3.008949e-02 9.824697e-01 1.494512e+02 6.353833e-02 9.978049e-01 -1.866093e-02 -8.384287e+00 -9.808746e-01 5.899128e-02 -1.854859e-01 9.449786e+01
-1.292397e-01 2.755995e-02 9.912303e-01 1.511604e+02 6.132119e-02 9.979226e-01 -1.975078e-02 -8.463908e+00 -9.897155e-01 5.823082e-02 -1.306613e-01 9.425103e+01
-8.495579e-02 2.813820e-02 9.959873e-01 1.522939e+02 5.238013e-02 9.983450e-01 -2.373690e-02 -8.522593e+00 -9.950070e-01 5.015334e-02 -8.628908e-02 9.416541e+01
-4.405511e-02 3.007958e-02 9.985762e-01 1.534149e+02 4.018528e-02 9.987910e-01 -2.831317e-02 -8.579884e+00 -9.982206e-01 3.888071e-02 -4.521060e-02 9.413044e+01
-1.839191e-02 2.782557e-02 9.994436e-01 1.545327e+02 2.475617e-02 9.993188e-01 -2.736654e-02 -8.635876e+00 -9.995244e-01 2.423906e-02 -1.906824e-02 9.413268e+01
-1.508953e-02 2.533972e-02 9.995650e-01 1.550895e+02 1.662867e-02 9.995469e-01 -2.508824e-02 -8.663502e+00 -9.997479e-01 1.624286e-02 -1.550407e-02 9.413926e+01
-2.109399e-02 2.189851e-02 9.995376e-01 1.556469e+02 9.131974e-03 9.997226e-01 -2.170985e-02 -8.688323e+00 -9.997358e-01 8.669800e-03 -2.128812e-02 9.413797e+01
-3.339952e-02 1.870088e-02 9.992671e-01 1.561965e+02 6.110325e-03 9.998100e-01 -1.850682e-02 -8.709648e+00 -9.994234e-01 5.487725e-03 -3.350745e-02 9.412065e+01
-4.679940e-02 1.637794e-02 9.987700e-01 1.567425e+02 5.577396e-03 9.998543e-01 -1.613439e-02 -8.727615e+00 -9.988888e-01 4.815454e-03 -4.688393e-02 9.409311e+01
-5.946910e-02 1.519122e-02 9.981145e-01 1.572847e+02 8.193505e-03 9.998579e-01 -1.472958e-02 -8.747148e+00 -9.981966e-01 7.302098e-03 -5.958512e-02 9.405245e+01
-7.151987e-02 1.443012e-02 9.973348e-01 1.578214e+02 9.621680e-03 9.998588e-01 -1.377666e-02 -8.765511e+00 -9.973928e-01 8.610728e-03 -7.164862e-02 9.400733e+01
-8.537735e-02 1.386193e-02 9.962522e-01 1.583533e+02 6.951610e-03 9.998871e-01 -1.331677e-02 -8.782045e+00 -9.963245e-01 5.788603e-03 -8.546408e-02 9.396008e+01
-1.016683e-01 1.235219e-02 9.947417e-01 1.588792e+02 2.286106e-03 9.999231e-01 -1.218288e-02 -8.797332e+00 -9.948158e-01 1.035469e-03 -1.016887e-01 9.390679e+01
-1.188025e-01 1.165166e-02 9.928495e-01 1.594012e+02 2.750125e-03 9.999311e-01 -1.140570e-02 -8.813298e+00 -9.929141e-01 1.375433e-03 -1.188264e-01 9.383820e+01
-1.342507e-01 1.100316e-02 9.908863e-01 1.599158e+02 5.077193e-03 9.999328e-01 -1.041573e-02 -8.829814e+00 -9.909344e-01 3.632599e-03 -1.342976e-01 9.375723e+01
-1.486364e-01 9.184546e-03 9.888493e-01 1.604306e+02 6.744987e-03 9.999430e-01 -8.273736e-03 -8.846036e+00 -9.888690e-01 5.439995e-03 -1.486898e-01 9.366924e+01
-1.629326e-01 7.570467e-03 9.866081e-01 1.609386e+02 6.761994e-03 9.999556e-01 -6.556186e-03 -8.861136e+00 -9.866141e-01 5.603219e-03 -1.629766e-01 9.357816e+01
-1.764608e-01 6.683653e-03 9.842850e-01 1.614350e+02 4.967473e-03 9.999702e-01 -5.899608e-03 -8.875534e+00 -9.842952e-01 3.848357e-03 -1.764888e-01 9.348522e+01
-1.889989e-01 6.360769e-03 9.819567e-01 1.619306e+02 5.137210e-03 9.999717e-01 -5.488702e-03 -8.890957e+00 -9.819639e-01 4.007156e-03 -1.890262e-01 9.338617e+01
-2.099177e-01 1.021626e-02 9.776657e-01 1.628990e+02 1.352771e-02 9.998800e-01 -7.543823e-03 -8.919301e+00 -9.776255e-01 1.164199e-02 -2.100308e-01 9.316096e+01
-2.174003e-01 1.130058e-02 9.760171e-01 1.633789e+02 1.394518e-02 9.998669e-01 -8.470543e-03 -8.934349e+00 -9.759830e-01 1.176923e-02 -2.175289e-01 9.304986e+01
-2.255958e-01 9.868399e-03 9.741710e-01 1.643316e+02 1.447832e-02 9.998722e-01 -6.775912e-03 -8.963049e+00 -9.741134e-01 1.257573e-02 -2.257099e-01 9.283529e+01
-2.282584e-01 7.916889e-03 9.735684e-01 1.652777e+02 1.707519e-02 9.998457e-01 -4.127207e-03 -8.997595e+00 -9.734509e-01 1.568179e-02 -2.283583e-01 9.262255e+01
-2.325795e-01 8.553571e-03 9.725398e-01 1.662092e+02 1.689019e-02 9.998460e-01 -4.754508e-03 -9.030668e+00 -9.724307e-01 1.532057e-02 -2.326882e-01 9.241197e+01
-2.443866e-01 1.294450e-02 9.695914e-01 1.676334e+02 1.572711e-02 9.998323e-01 -9.384196e-03 -9.058955e+00 -9.695504e-01 1.295549e-02 -2.445492e-01 9.206950e+01
-2.553035e-01 1.222543e-02 9.667836e-01 1.686218e+02 1.759326e-02 9.998132e-01 -7.997165e-03 -9.082588e+00 -9.667009e-01 1.496716e-02 -2.554709e-01 9.181029e+01
-2.665264e-01 1.431077e-02 9.637214e-01 1.696389e+02 1.961510e-02 9.997632e-01 -9.421237e-03 -9.107717e+00 -9.636280e-01 1.639248e-02 -2.667440e-01 9.152630e+01
-2.775093e-01 1.743581e-02 9.605647e-01 1.706832e+02 2.029199e-02 9.997186e-01 -1.228412e-02 -9.132048e+00 -9.605087e-01 1.608281e-02 -2.777850e-01 9.122588e+01
-2.873398e-01 1.919299e-02 9.576364e-01 1.717484e+02 2.829411e-02 9.995330e-01 -1.154301e-02 -9.163386e+00 -9.574107e-01 2.377870e-02 -2.877487e-01 9.089653e+01
-2.981976e-01 1.237120e-02 9.544240e-01 1.733868e+02 2.689337e-02 9.996279e-01 -4.554645e-03 -9.207509e+00 -9.541252e-01 2.430948e-02 -2.984194e-01 9.039703e+01
-3.027064e-01 9.524578e-03 9.530363e-01 1.744808e+02 3.359430e-02 9.994353e-01 6.820323e-04 -9.235795e+00 -9.524916e-01 3.222303e-02 -3.028554e-01 9.003523e+01
-3.044141e-01 9.350867e-03 9.524939e-01 1.755740e+02 3.255291e-02 9.994698e-01 5.917600e-04 -9.260605e+00 -9.519834e-01 3.118658e-02 -3.045571e-01 8.968772e+01
-3.027890e-01 1.161052e-02 9.529869e-01 1.766580e+02 3.493632e-02 9.993889e-01 -1.075670e-03 -9.286728e+00 -9.524171e-01 3.296814e-02 -3.030097e-01 8.934095e+01
-2.982840e-01 1.151335e-02 9.544077e-01 1.777366e+02 3.409918e-02 9.994174e-01 -1.399209e-03 -9.318006e+00 -9.538679e-01 3.212715e-02 -2.985029e-01 8.900902e+01
-2.928886e-01 1.371698e-02 9.560481e-01 1.787972e+02 3.655161e-02 9.993268e-01 -3.140221e-03 -9.347847e+00 -9.554477e-01 3.402535e-02 -2.931929e-01 8.868987e+01
-2.856569e-01 1.651431e-02 9.581897e-01 1.798254e+02 3.729241e-02 9.992857e-01 -6.104944e-03 -9.377338e+00 -9.576061e-01 3.398928e-02 -2.860687e-01 8.839451e+01
-2.779321e-01 1.526490e-02 9.604794e-01 1.808080e+02 3.684002e-02 9.993075e-01 -5.221680e-03 -9.404618e+00 -9.598941e-01 3.393280e-02 -2.783020e-01 8.812317e+01
-2.609832e-01 5.114162e-03 9.653298e-01 1.821857e+02 4.013209e-02 9.991789e-01 5.556475e-03 -9.443133e+00 -9.645088e-01 4.019084e-02 -2.609741e-01 8.775348e+01
-2.281587e-01 2.614680e-03 9.736204e-01 1.834324e+02 3.891153e-02 9.992219e-01 6.435111e-03 -9.474451e+00 -9.728461e-01 3.935328e-02 -2.280830e-01 8.748204e+01
-1.717367e-01 1.097173e-02 9.850818e-01 1.846231e+02 3.901595e-02 9.992292e-01 -4.327365e-03 -9.502342e+00 -9.843700e-01 3.769073e-02 -1.720324e-01 8.729367e+01
-1.181119e-01 8.604454e-03 9.929630e-01 1.854134e+02 3.571887e-02 9.993521e-01 -4.411101e-03 -9.524231e+00 -9.923577e-01 3.494651e-02 -1.183428e-01 8.723365e+01
-5.616419e-02 5.016196e-03 9.984089e-01 1.861937e+02 2.635121e-02 9.996465e-01 -3.540066e-03 -9.547399e+00 -9.980738e-01 2.611045e-02 -5.627652e-02 8.724422e+01
5.721284e-03 -1.150342e-03 9.999830e-01 1.869520e+02 1.662550e-02 9.998612e-01 1.055078e-03 -9.574536e+00 -9.998455e-01 1.661917e-02 5.739613e-03 8.729783e+01
6.861960e-02 -8.516294e-03 9.976065e-01 1.876973e+02 1.440293e-02 9.998678e-01 7.544902e-03 -9.601021e+00 -9.975390e-01 1.385073e-02 6.873318e-02 8.738579e+01
1.351236e-01 -1.098431e-02 9.907678e-01 1.884238e+02 1.319666e-02 9.998698e-01 9.285428e-03 -9.620615e+00 -9.907409e-01 1.182014e-02 1.352510e-01 8.752595e+01
2.076712e-01 -7.456692e-03 9.781702e-01 1.891549e+02 1.222124e-02 9.999127e-01 5.027795e-03 -9.633802e+00 -9.781224e-01 1.091032e-02 2.077442e-01 8.772864e+01
2.869700e-01 -3.937609e-03 9.579315e-01 1.898823e+02 1.275367e-02 9.999186e-01 2.895475e-04 -9.645668e+00 -9.578547e-01 1.213405e-02 2.869969e-01 8.799264e+01
3.721213e-01 5.771503e-03 9.281661e-01 1.906013e+02 1.364474e-03 9.999762e-01 -6.765080e-03 -9.662356e+00 -9.281831e-01 3.783886e-03 3.721046e-01 8.835376e+01
4.594585e-01 1.130725e-02 8.881272e-01 1.913201e+02 8.704227e-04 9.999127e-01 -1.318076e-02 -9.684160e+00 -8.881988e-01 6.829056e-03 4.594086e-01 8.878162e+01
5.448941e-01 1.132756e-02 8.384283e-01 1.920423e+02 9.140241e-03 9.997691e-01 -1.944759e-02 -9.704866e+00 -8.384551e-01 1.826031e-02 5.446648e-01 8.929218e+01
6.976322e-01 1.360725e-02 7.163268e-01 1.934542e+02 -4.660140e-03 9.998846e-01 -1.445516e-02 -9.771782e+00 -7.164409e-01 6.746199e-03 6.976152e-01 9.068449e+01
7.309139e-01 1.324663e-02 6.823412e-01 1.937797e+02 -4.234771e-03 9.998804e-01 -1.487496e-02 -9.788979e+00 -6.824566e-01 7.982752e-03 7.308825e-01 9.108783e+01
7.618590e-01 1.254854e-02 6.476213e-01 1.941207e+02 -3.911125e-03 9.998832e-01 -1.477307e-02 -9.805979e+00 -6.477311e-01 8.722066e-03 7.618191e-01 9.152895e+01
8.358761e-01 1.096908e-02 5.488086e-01 1.950720e+02 -4.730695e-03 9.999071e-01 -1.278003e-02 -9.861770e+00 -5.488979e-01 8.086276e-03 8.358503e-01 9.300739e+01
8.694597e-01 9.517999e-03 4.939122e-01 1.956839e+02 -6.036330e-03 9.999444e-01 -8.643494e-03 -9.896652e+00 -4.939670e-01 4.533751e-03 8.694688e-01 9.412166e+01
8.824760e-01 8.530372e-03 4.702801e-01 1.959764e+02 -7.021209e-03 9.999630e-01 -4.963022e-03 -9.912797e+00 -4.703050e-01 1.077812e-03 8.825033e-01 9.471148e+01
9.015920e-01 3.695464e-03 4.325716e-01 1.965617e+02 -4.113073e-03 9.999915e-01 2.977397e-05 -9.940191e+00 -4.325678e-01 -1.806043e-03 9.015996e-01 9.595704e+01
9.167775e-01 -4.268977e-03 3.993755e-01 1.971374e+02 4.415593e-03 9.999901e-01 5.529107e-04 -9.961056e+00 -3.993740e-01 1.256583e-03 9.167873e-01 9.727740e+01
9.304654e-01 -7.380189e-03 3.663055e-01 1.976899e+02 7.971659e-03 9.999682e-01 -1.020921e-04 -9.982069e+00 -3.662931e-01 3.015055e-03 9.304946e-01 9.868228e+01
9.415907e-01 -6.089185e-03 3.367045e-01 1.982071e+02 6.659661e-03 9.999777e-01 -5.394187e-04 -1.000261e+01 -3.366937e-01 2.750248e-03 9.416102e-01 1.001604e+02
9.462461e-01 -7.863739e-04 3.234465e-01 1.987161e+02 5.581754e-05 9.999974e-01 2.267932e-03 -1.002705e+01 -3.234474e-01 -2.127968e-03 9.462438e-01 1.017027e+02
9.470758e-01 -6.111221e-04 3.210094e-01 1.992416e+02 -4.424794e-04 9.999947e-01 3.209191e-03 -1.004701e+01 -3.210097e-01 -3.181387e-03 9.470706e-01 1.032840e+02
