9.997799790920400831e-01 -7.474111470110031061e-04 -2.096269980935642346e-02 -1.001100099999999937e+00 8.053020201112830092e-04 9.999958853839115980e-01 2.753307811181936269e-03 3.447390000000000176e-02 2.096055570294530490e-02 -2.769583330400888447e-03 9.997764672729597679e-01 -1.131547199999999975e+00
9.997389119128872181e-01 -3.191394135121205632e-03 -2.262571569499102070e-02 -1.003751000000000060e+00 3.199788603866298830e-03 9.999948246105905270e-01 3.348207353471622811e-04 3.351250000000000062e-02 2.262453005317052734e-02 -4.071308248769959321e-04 9.997439496612943177e-01 -1.074979799999999930e+00
9.996882601697770765e-01 -3.575528383871227033e-03 -2.471028278875503359e-02 -1.004502400000000017e+00 3.550715526084887753e-03 9.999931470817265966e-01 -1.047954596844871081e-03 3.302209999999999868e-02 2.471386044261259657e-02 9.598887229047887602e-04 9.996941050719778676e-01 -1.046994900000000062e+00
9.996365186535237646e-01 -5.552856342141012681e-03 -2.638174294292930031e-02 -1.005492100000000111e+00 5.481730977640980086e-03 9.999811454284173173e-01 -2.767564481518950716e-03 3.246609999999999774e-02 2.639661341445198942e-02 2.621940905920331494e-03 9.996481101998512253e-01 -1.018925800000000104e+00
9.995799512501764017e-01 -7.895757395922759631e-03 -2.788508694337426055e-02 -1.006350999999999996e+00 7.758151576201639810e-03 9.999572063755899354e-01 -5.039494185568684816e-03 3.215549999999999659e-02 2.792368426292437741e-02 4.821040621114034731e-03 9.995984320838613435e-01 -9.903893999999999753e-01
9.995255021741358270e-01 -9.131722276258816273e-03 -2.941737839799657764e-02 -1.007074400000000036e+00 8.967659832375844686e-03 9.999435201477897550e-01 -5.704173172119351640e-03 3.163350000000000189e-02 2.946780583403572559e-02 5.437661511717314239e-03 9.995509393005499454e-01 -9.615508000000000388e-01
9.994453097125987062e-01 -9.508736378579666151e-03 -3.191640371298672119e-02 -1.009360800000000058e+00 9.342984492006553912e-03 9.999421031706422491e-01 -5.338440545208490186e-03 3.013199999999999906e-02 3.196531767822434478e-02 5.037284899157138014e-03 9.994762849745735256e-01 -9.027372000000000174e-01
9.994138374853760443e-01 -8.921938573720250912e-03 -3.305117932602325698e-02 -1.010608399999999962e+00 8.662149298687896529e-03 9.999305205219112258e-01 -7.995079631050292304e-03 2.939169999999999977e-02 3.312021455669370701e-02 7.704098965249417223e-03 9.994216818975122374e-01 -8.729409999999999670e-01
9.993796681524019787e-01 -7.309511018888902034e-03 -3.445068841488748562e-02 -1.011888399999999910e+00 6.906040767045932421e-03 9.999063398680928527e-01 -1.181601000836493727e-02 2.870469999999999966e-02 3.453383101422170115e-02 1.157076230239920296e-02 9.993365459019412089e-01 -8.423701000000000105e-01
9.993435937687812354e-01 -6.210295987921214678e-03 -3.569052839395134985e-02 -1.013279800000000064e+00 5.654597424471594080e-03 9.998615447096262931e-01 -1.564982232637449414e-02 2.821049999999999947e-02 3.578277688028413256e-02 1.543773411554752971e-02 9.992403460850214358e-01 -8.115478000000000414e-01
9.993197807839703239e-01 -4.405945987264958674e-03 -3.661370472698449730e-02 -1.015019300000000069e+00 3.837604488929308166e-03 9.998712840484258457e-01 -1.557845072972989867e-02 2.757860000000000172e-02 3.667762977162036808e-02 1.542734505057095570e-02 9.992080606655585617e-01 -7.798245999999999789e-01
9.992840680373547002e-01 -1.641536291860397692e-03 -3.779757565397311864e-02 -1.016698199999999996e+00 1.319106764170971304e-03 9.999625456357094100e-01 -8.553787646213260182e-03 2.693720000000000142e-02 3.781020132265939387e-02 8.497804678521236887e-03 9.992488058494669589e-01 -7.473094000000000126e-01
9.992362123852993605e-01 2.884247381005768216e-04 -3.907567874076477848e-02 -1.020132100000000097e+00 3.327564307959059164e-05 9.999661171810234617e-01 8.231851713873186357e-03 2.608409999999999895e-02 3.907672901629027223e-02 -8.226864595826948942e-03 9.992023458480816522e-01 -6.796282000000000156e-01
9.991455734215498596e-01 4.665274128954711996e-03 -4.106529349005140495e-02 -1.024062800000000051e+00 -4.655933765586027853e-03 9.999891088881227574e-01 3.230880818188259867e-04 2.481770000000000156e-02 4.106635353781522280e-02 -1.316147402205090238e-04 9.991564128226707586e-01 -6.098791999999999547e-01
9.990655680648993231e-01 1.694171816766818417e-03 -4.318704075316030094e-02 -1.027828500000000034e+00 -1.888981795741956132e-03 9.999882234154761074e-01 -4.470433774831934944e-03 2.502369999999999942e-02 4.317895847441449025e-02 4.547835992543666252e-03 9.990570027445129231e-01 -5.363347000000000531e-01
9.990475025070486570e-01 3.360621423121968395e-04 -4.363455965934565778e-02 -1.031435499999999950e+00 2.044960111539754501e-04 9.999233037274378733e-01 1.238324853127824310e-02 2.445169999999999982e-02 4.363537459229509946e-02 -1.238037661149640409e-02 9.989708105641262881e-01 -4.594514000000000098e-01
9.990051238131767430e-01 -2.248220453264720888e-03 -4.453883810578095070e-02 -1.035076700000000072e+00 2.853592453635794574e-03 9.999043516794851039e-01 1.353308917199437349e-02 2.457310000000000050e-02 4.450415267284611731e-02 -1.364672111615536192e-02 9.989159861558177811e-01 -3.790823999999999860e-01
9.990624387770364878e-01 -4.509949279386664162e-04 -4.329018397344986530e-02 -1.039389700000000083e+00 7.951030324239993785e-04 9.999682252284414208e-01 7.931982390864315488e-03 2.466600000000000042e-02 4.328523115391660209e-02 -7.958965828304893561e-03 9.990310523837063750e-01 -2.955559999999999854e-01
9.991117060475503964e-01 -6.581925510101988182e-03 -4.162303563332245271e-02 -1.042867900000000070e+00 6.412361275255987376e-03 9.999705951340256416e-01 -4.206006440580227664e-03 2.425439999999999888e-02 4.164949533462511400e-02 3.935368328641378720e-03 9.991245329859982371e-01 -2.092304000000000108e-01
9.991851864783026782e-01 -4.106236808153758411e-03 -4.015098929783704473e-02 -1.047243499999999994e+00 3.700473063167120970e-03 9.999413857275324391e-01 -1.017504832475202119e-02 2.282319999999999835e-02 4.019041703476633476e-02 1.001817990343692975e-02 9.991418149842363761e-01 -1.189684000000000019e-01
9.991794528488311400e-01 -2.477201426866900823e-03 -4.042628449166865007e-02 -1.051163899999999929e+00 2.032205013177454823e-03 9.999369372337250095e-01 -1.104498521601758598e-02 2.081910000000000011e-02 4.045109575147522868e-02 1.095376778685577118e-02 9.991214760096875924e-01 -2.575989999999999877e-02
9.991766116177096535e-01 3.487598224258757571e-03 -4.042196747783042415e-02 -1.055692099999999911e+00 -4.050666087408008424e-03 9.998957930864712518e-01 -1.385622864364795780e-02 1.870849999999999944e-02 4.036943027094828246e-02 1.400855547880917699e-02 9.990866176027962675e-01 7.004730000000000678e-02
9.991515415336960082e-01 5.931764436733804463e-03 -4.075550541345312333e-02 -1.059996600000000067e+00 -6.507285287742808552e-03 9.998807759110379667e-01 -1.400318541348486573e-02 1.617620000000000169e-02 4.066758277821332784e-02 1.425651199303705485e-02 9.990710182848712151e-01 1.676996000000000042e-01
9.990987289195786270e-01 7.140323743462385041e-03 -4.184191257723461621e-02 -1.063742200000000082e+00 -7.666045869510464301e-03 9.998935126481998115e-01 -1.241753215300758773e-02 1.313839999999999973e-02 4.174879174310268393e-02 1.272710261147300473e-02 9.990470755910895173e-01 2.668046000000000029e-01
9.990661684987809377e-01 8.292133720664474419e-03 -4.240320128862855309e-02 -1.068370199999999937e+00 -8.688913471126989349e-03 9.999200975050477336e-01 -9.181578741531894183e-03 1.057839999999999996e-02 4.232367828836003376e-02 9.541442440967804611e-03 9.990583902516854131e-01 3.678060000000000218e-01
9.990528428789776649e-01 9.558936642714193146e-03 -4.245048722563024568e-02 -1.073410200000000092e+00 -1.005048842956922893e-02 9.998847221862884327e-01 -1.138112563747197686e-02 8.310899999999999538e-03 4.233680216738051894e-02 1.179699405396996900e-02 9.990337462335947549e-01 4.693629000000000273e-01
9.990122719500117432e-01 8.652852191479244726e-03 -4.358450002269496915e-02 -1.078015200000000062e+00 -9.000246371345874130e-03 9.999292258348445595e-01 -7.780673915780388257e-03 5.842199999999999650e-03 4.351409034474879034e-02 8.165259964082143343e-03 9.990194454920224842e-01 5.734377000000000502e-01
9.989565514843374849e-01 9.128837890566171911e-03 -4.474899513160174314e-02 -1.083023000000000069e+00 -9.215566884905974573e-03 9.999560354324090738e-01 -1.732203593293323192e-03 3.617899999999999849e-03 4.473121475558401727e-02 2.142783485692683655e-03 9.989967602076712527e-01 6.784837000000000229e-01
9.989153091463301992e-01 8.338140888996070296e-03 -4.581135841258925784e-02 -1.088344699999999943e+00 -8.469281738735368395e-03 9.999605723453079964e-01 -2.669273622898692914e-03 1.883700000000000088e-03 4.578729539862978065e-02 3.054367587444396185e-03 9.989465423228208740e-01 7.850683999999999996e-01
9.988499789939747631e-01 8.679409476236821588e-03 -4.715280813355599010e-02 -1.093766199999999911e+00 -8.806745768680441719e-03 9.999581111567518166e-01 -2.493423507353808959e-03 3.779000000000000241e-04 4.712919151334937773e-02 2.905818811455030022e-03 9.988845756764557215e-01 8.923427000000000442e-01
9.987764332016041413e-01 8.901612749174241460e-03 -4.864563466073283660e-02 -1.099349300000000085e+00 -8.793360057854285664e-03 9.999583634519140229e-01 2.438889391273194474e-03 -1.891300000000000056e-03 4.866531927332529150e-02 -2.008146666374412397e-03 9.988131226846149735e-01 9.995532999999999779e-01
9.987068857063159388e-01 1.116060877254829685e-02 -4.959835939441765984e-02 -1.105195499999999997e+00 -1.125812905418841804e-02 9.999352017393338121e-01 -1.687261899349509374e-03 -3.690999999999999837e-03 4.957631463704154084e-02 2.243464807808644330e-03 9.987678188110914457e-01 1.106291300000000088e+00
9.987013465680092406e-01 1.239775843468152693e-02 -4.941574596260141228e-02 -1.111484600000000045e+00 -1.270636465070950662e-02 9.999016521682612124e-01 -5.935847752833199598e-03 -5.799699999999999647e-03 4.933729482458755478e-02 6.556033631464848466e-03 9.987606568955421649e-01 1.212873099999999926e+00
9.987042990170927892e-01 1.381285361096736171e-02 -4.897885462012254582e-02 -1.117587899999999967e+00 -1.386617127668980480e-02 9.999035795297067652e-01 -7.489578124243438011e-04 -8.373300000000000187e-03 4.896378681130184735e-02 1.427136574149338605e-03 9.987995348728873068e-01 1.320738100000000026e+00
9.987298208598341942e-01 1.164960378363325694e-02 -4.902072680987029640e-02 -1.122906900000000041e+00 -1.168577958865313002e-02 9.999316170452577923e-01 -4.514295751656483349e-04 -1.033449999999999994e-02 4.901211565204052767e-02 1.023701587511742506e-03 9.987976594658052321e-01 1.427334099999999939e+00
9.987684008598146645e-01 1.134592965607170503e-02 -4.830063482158439975e-02 -1.128468999999999944e+00 -1.157374559935720262e-02 9.999231664164524025e-01 -4.439558142099960837e-03 -1.234129999999999949e-02 4.824655279633912469e-02 4.993109645821819549e-03 9.988229768078700221e-01 1.533877799999999958e+00
9.987993109932847835e-01 8.991838372191545206e-03 -4.815686038383281548e-02 -1.133741499999999958e+00 -9.501547517801448364e-03 9.999011293451821603e-01 -1.036591187481063561e-02 -1.481670000000000036e-02 4.805889047935401476e-02 1.081103033562309107e-02 9.987859954309410426e-01 1.639953400000000006e+00
9.988425445168535033e-01 5.678333033240076308e-03 -4.776324734627177687e-02 -1.138794300000000037e+00 -6.153695014435901084e-03 9.999329328357200453e-01 -9.811313277272581956e-03 -1.768480000000000052e-02 4.770433209643364786e-02 1.009387757599095742e-02 9.988104977095074721e-01 1.745959400000000050e+00
9.988973973196876299e-01 3.535106971674480125e-03 -4.681338106410177363e-02 -1.144450799999999990e+00 -3.446964304131747842e-03 9.999921316300778296e-01 1.963444681942134659e-03 -1.991410000000000055e-02 4.681995370608588863e-02 -1.799915729089504287e-03 9.989017230129939584e-01 1.852558600000000055e+00
9.989148953385537100e-01 -1.929357667106690018e-03 -4.653288568054655266e-02 -1.149264300000000016e+00 1.915598729284438738e-03 9.999981073459105474e-01 -3.402735741531570787e-04 -2.156080000000000149e-02 4.653345411931938264e-02 2.507660050320833969e-04 9.989167006132874116e-01 1.957638900000000071e+00
9.988996028054086818e-01 -1.271167131867831021e-03 -4.688248766138308765e-02 -1.154193000000000024e+00 9.222139011502394597e-04 9.999717185227593452e-01 -7.464025466190417867e-03 -2.386649999999999883e-02 4.689064977921934829e-02 7.412576391665231211e-03 9.988725247370259241e-01 2.063253200000000120e+00
9.989370549064687799e-01 1.825893067617900085e-03 -4.605894537759516044e-02 -1.159858800000000079e+00 -2.396103447787621774e-03 9.999211383782287133e-01 -1.232784298467674497e-02 -2.653929999999999831e-02 4.603280377142119489e-02 1.242510116228307676e-02 9.988626521389459834e-01 2.169352099999999783e+00
9.989558250171426401e-01 7.147210371534263619e-03 -4.512401852921409801e-02 -1.165562599999999893e+00 -7.459286847384729961e-03 9.999493876707319373e-01 -6.751380351949529818e-03 -2.917020000000000030e-02 4.507348116185676962e-02 7.080923727402380768e-03 9.989585786283226021e-01 2.275877499999999998e+00
9.989594925986079454e-01 4.900620174788679687e-03 -4.534221067652451087e-02 -1.170535199999999998e+00 -5.134734929607412054e-03 9.999740744694167738e-01 -5.048255761755758055e-03 -3.164530000000000121e-02 4.531629557162135391e-02 5.275823247217898727e-03 9.989587574293193883e-01 2.381706199999999995e+00
9.989392067480760140e-01 2.029920693503896832e-03 -4.600370249776262327e-02 -1.175511399999999984e+00 -2.115377900330082071e-03 9.999961263246868182e-01 -1.809008557125838272e-03 -3.385969999999999952e-02 4.599985215045111070e-02 1.904404788652893374e-03 9.989396312313059134e-01 2.488206599999999824e+00
9.988834597891828038e-01 3.969812487849670463e-04 -4.724061986765359933e-02 -1.180838599999999960e+00 -4.459832311536180045e-04 9.999993734422305547e-01 -1.026749289600561825e-03 -3.644379999999999842e-02 4.724018266846101433e-02 1.046671407022570915e-03 9.988830109779703870e-01 2.593812900000000088e+00
9.988460670466471347e-01 1.645955143509597596e-03 -4.799817889368891699e-02 -1.186916899999999941e+00 -1.980576165948142332e-03 9.999740618266970138e-01 -6.924809879557667670e-03 -3.858419999999999905e-02 4.798553598216745431e-02 7.011883162367698284e-03 9.988234187437844414e-01 2.698481600000000036e+00
9.987755841346479535e-01 4.649856973023027557e-03 -4.925151131308827535e-02 -1.192630599999999985e+00 -4.708875001847098382e-03 9.999883274543872602e-01 -1.082335989500764553e-03 -4.095730000000000204e-02 4.924590371502804431e-02 1.312929970568969384e-03 9.987858214763476461e-01 2.803444900000000128e+00
9.987260436211597980e-01 7.191296438110077530e-03 -4.994572102157045224e-02 -1.198751700000000087e+00 -7.026953912279691739e-03 9.999693065495561806e-01 3.465238449859504508e-03 -4.273860000000000159e-02 4.996910757197907393e-02 -3.109857607497949240e-03 9.987459221814730670e-01 2.907286200000000154e+00
9.986851646944944205e-01 6.936523661743857622e-03 -5.079199207178941577e-02 -1.201551000000000036e+00 -6.873332609412837260e-03 9.999753720214443753e-01 1.418678756574894570e-03 -4.361439999999999761e-02 5.080058186646126128e-02 -1.067703172254510493e-03 9.987082461319546356e-01 2.958623600000000131e+00
9.986397275144146546e-01 6.130018617764595654e-03 -5.177950851139301314e-02 -1.207292000000000032e+00 -6.111816728150780073e-03 9.999811926923152239e-01 5.098607027911792027e-04 -4.567700000000000232e-02 5.178166013384524757e-02 -1.927002870103336528e-04 9.986584113401250073e-01 3.060420300000000093e+00
9.985866914336861688e-01 3.816144519420748213e-03 -5.300996823740725811e-02 -1.213016000000000094e+00 -3.701593665230530801e-03 9.999905976474718905e-01 2.258942449351058427e-03 -4.760310000000000236e-02 5.301809026984617007e-02 -2.059528504014921952e-03 9.985914281859621378e-01 3.159918100000000063e+00
9.985007198148569962e-01 2.804742777969051418e-03 -5.466668041103318887e-02 -1.218485400000000052e+00 -2.474852968319356163e-03 9.999783241964025349e-01 6.101331013787430167e-03 -4.968929999999999875e-02 5.468260813090218553e-02 -5.956891412812048182e-03 9.984860178353517357e-01 3.255436899999999856e+00
9.981767338696762026e-01 9.486699295071147984e-04 -6.035153673793586943e-02 -1.224071399999999921e+00 -6.234073710082398394e-04 9.999851819788975194e-01 5.408066741532270051e-03 -5.127609999999999807e-02 6.035577291788538773e-02 -5.360582803757799920e-03 9.981625342735964690e-01 3.347271399999999897e+00
9.977912674551571159e-01 4.903223858465230933e-04 -6.642549340568622285e-02 -1.230619300000000083e+00 -1.669124527426120268e-04 9.999881069672099665e-01 4.874224488974511840e-03 -5.287499999999999839e-02 6.642709334649564423e-02 -4.852371388685862430e-03 9.977794825318078153e-01 3.434138299999999866e+00
9.973823024908942125e-01 3.181655009365812626e-03 -7.223863058892911193e-02 -1.237467199999999989e+00 -2.678470671188725328e-03 9.999714808878765737e-01 7.061388374151945577e-03 -5.448399999999999771e-02 7.225903730901740707e-02 -6.849414742034815387e-03 9.973623800028080799e-01 3.516531200000000190e+00
9.969318000845859284e-01 5.768161323056827765e-03 -7.806224628498967255e-02 -1.243913400000000058e+00 -5.047417927182970381e-03 9.999428251063765538e-01 9.427093430471196120e-03 -5.579289999999999944e-02 7.811216008007679235e-02 -9.004156441870194219e-03 9.969039149358350782e-01 3.593675100000000011e+00
9.962485613328654344e-01 1.086178872849447030e-02 -8.585351237901336918e-02 -1.253989900000000102e+00 -1.045253406819964676e-02 9.999317718528284438e-01 5.214994805003940817e-03 -5.800530000000000269e-02 8.590429892472772888e-02 -4.298044308827306606e-03 9.962941223561295745e-01 3.699609300000000101e+00
9.956701306375402849e-01 1.674819693427876191e-02 -9.143570886515868523e-02 -1.263435400000000097e+00 -1.703313643171267336e-02 9.998521949745518000e-01 -2.336764401759196946e-03 -5.965650000000000119e-02 9.138305761749333789e-02 3.884083420999340404e-03 9.958082399119102535e-01 3.791843899999999934e+00
9.975576036394586676e-01 2.646566594542740930e-02 -6.464051320314453952e-02 -1.274958599999999942e+00 -2.614321890440670509e-02 9.996412118030534311e-01 5.829216949066282072e-03 -6.306749999999999856e-02 6.477159505846008525e-02 -4.125068604042077605e-03 9.978915894437606626e-01 3.922756399999999921e+00
9.993848690261314394e-01 2.523531957259631323e-02 -2.435286857212090594e-02 -1.276386599999999927e+00 -2.509151989123757989e-02 9.996659785079047289e-01 6.192498960913907745e-03 -6.444389999999999841e-02 2.450100388085527797e-02 -5.577639276811333958e-03 9.996842455240194658e-01 3.988665099999999963e+00
9.915587135120510487e-01 1.381737057097159709e-02 1.289201222805453351e-01 -1.264079100000000011e+00 -1.234441653196446421e-02 9.998491635106170339e-01 -1.221743048290822864e-02 -6.742019999999999957e-02 -1.290694891862971261e-01 1.052285596327255657e-02 9.915797176543923452e-01 4.106118200000000051e+00
9.434775899134592025e-01 9.304760450311555867e-03 3.313056877930904975e-01 -1.236735700000000104e+00 -4.122567952049807638e-03 9.998579768940397683e-01 -1.634106712667996938e-02 -7.086670000000000469e-02 -3.314106844454040579e-01 1.405160041846645856e-02 9.433819538029697416e-01 4.191047199999999862e+00
8.606839545806311831e-01 7.819094597689930926e-03 5.090795537900911771e-01 -1.200738300000000036e+00 7.500209302451245341e-04 9.998615107253085998e-01 -1.662518687737701839e-02 -7.329710000000000392e-02 -5.091390456408251275e-01 1.469085190776528438e-02 8.605588945994190331e-01 4.249367699999999637e+00
7.342944086830194284e-01 2.598932825969817867e-02 6.783334550156467913e-01 -1.153605800000000015e+00 -6.559738203599044595e-03 9.994918501730354343e-01 -3.119312860844352178e-02 -7.590270000000000350e-02 -6.787994484467081424e-01 1.845525004686493845e-02 7.340917602957770516e-01 4.300884199999999602e+00
6.122300126181839941e-01 2.208094766118223057e-02 7.903713326025446628e-01 -1.108992900000000059e+00 1.097558801122656275e-04 9.996075951945332383e-01 -2.801149019686179423e-02 -7.794180000000000552e-02 -7.906797073424768341e-01 1.723622289790413195e-02 6.119873471053374203e-01 4.332205300000000037e+00
5.192954401086565808e-01 1.819828729948734514e-02 8.544009996610034685e-01 -1.075328099999999898e+00 2.749162925461318130e-03 9.997324969706189446e-01 -2.296468166773912162e-02 -7.891389999999999516e-02 -8.545903626800187558e-01 1.427434202534890589e-02 5.191064969485331693e-01 4.349774400000000263e+00
4.177414169069485483e-01 1.461351369870207001e-02 9.084484321181653943e-01 -1.038172600000000001e+00 2.604891891842463399e-03 9.998472685554858908e-01 -1.728161162524968070e-02 -8.042979999999999574e-02 -9.085622285450825064e-01 9.585654881749004416e-03 4.176395480335659549e-01 4.364758499999999763e+00
3.169610853560470565e-01 2.498125758983480230e-02 9.481094911133138847e-01 -9.991052000000000266e-01 -1.734161277468136697e-03 9.996666528508704186e-01 -2.575996627717322407e-02 -8.144510000000000638e-02 -9.484369578704641146e-01 6.520732103659264770e-03 3.168987488114333173e-01 4.376118199999999625e+00
2.296011610659442204e-01 2.662496720253071034e-02 9.729205609702338275e-01 -9.570627999999999913e-01 7.245142958608476874e-03 9.995513086587728413e-01 -2.906353836069957078e-02 -8.281760000000000510e-02 -9.732578356944678877e-01 1.372197070390012916e-02 2.293052393193876215e-01 4.383582099999999926e+00
1.365221388223087362e-01 2.645422533315246530e-02 9.902837369024115599e-01 -8.868985000000000340e-01 1.714546229652944356e-02 9.994305465738438921e-01 -2.906227275603111629e-02 -8.496979999999999811e-02 -9.904886363477474198e-01 2.094651610961726154e-02 1.359908258995767838e-01 4.391393700000000067e+00
8.695286279034386556e-02 1.903487251518376500e-02 9.960305584071675877e-01 -8.352633000000000418e-01 5.901499107998212958e-03 9.997900543115934013e-01 -1.962191651952863852e-02 -8.669240000000000279e-02 -9.961949467653616885e-01 7.584255266785015770e-03 8.682227312853718626e-02 4.396390399999999588e+00
6.448446454679786222e-02 1.660675387593192609e-02 9.977805217370289137e-01 -8.082344000000000195e-01 9.844425885271863158e-03 9.998022831547260791e-01 -1.727662807339407428e-02 -8.769190000000000318e-02 -9.978701524302161507e-01 1.093665050649506899e-02 6.430823092417192743e-02 4.397387000000000157e+00
4.425078309572477719e-02 1.698637322474846542e-02 9.988760340102694757e-01 -7.802687000000000372e-01 1.772358509278701769e-02 9.996847292888332293e-01 -1.778529050004082346e-02 -8.880409999999999693e-02 -9.988632252350039264e-01 1.849067741813838900e-02 4.393577268860182627e-02 4.397530599999999623e+00
2.700439316117227151e-02 1.946850126138804926e-02 9.994457164892109891e-01 -7.512267999999999724e-01 2.261850884914880233e-02 9.995424630623205298e-01 -2.008152366606119621e-02 -8.960540000000000171e-02 -9.993793903255350219e-01 2.314826114300878868e-02 2.655168918576100712e-02 4.397457600000000078e+00
1.257461569244544899e-02 2.491985278147590063e-02 9.996103640806938140e-01 -7.212950999999999668e-01 2.304449177354820841e-02 9.994166617520053864e-01 -2.520491244532584163e-02 -9.020680000000000365e-02 -9.996553558297412989e-01 2.335245489937279317e-02 1.199301509573746927e-02 4.397721299999999722e+00
1.514486342500648503e-03 2.960100308736372116e-02 9.995606469581225229e-01 -6.905388999999999555e-01 2.013256791731387468e-02 9.993582984053469565e-01 -2.962551463560181286e-02 -9.095609999999999806e-02 -9.997961722472102908e-01 2.016859004966377322e-02 9.175702891226489299e-04 4.397874800000000306e+00
-4.807705730475828922e-03 2.933805302145759200e-02 9.995579846164599491e-01 -6.584039000000000419e-01 2.244037671745981524e-02 9.993209876048230189e-01 -2.922316247943869752e-02 -9.186469999999999358e-02 -9.997366230454836078e-01 2.228996136002324088e-02 -5.462798200650764713e-03 4.397623099999999674e+00
-6.887858181021036010e-03 2.431971366311131907e-02 9.996805034294821146e-01 -5.910950000000000371e-01 3.008401340272654975e-02 9.992567436629056221e-01 -2.410212400994436038e-02 -9.428380000000000094e-02 -9.995236413148330668e-01 2.990838965157508605e-02 -7.614373328570511745e-03 4.396545899999999563e+00
-5.022314956478874347e-03 2.393628592081647674e-02 9.997008705451823074e-01 -5.563306999999999558e-01 2.889753026709802539e-02 9.992994411479938499e-01 -2.378149839201351701e-02 -9.557150000000000367e-02 -9.995697619961002589e-01 2.876944798956196370e-02 -5.710496076157256518e-03 4.396722300000000416e+00
-3.506408251507282803e-03 2.431702299448845056e-02 9.996981481896721755e-01 -5.207123999999999642e-01 2.503481119864256477e-02 9.993930972951462488e-01 -2.422179405128103286e-02 -9.685799999999999965e-02 -9.996804306024112963e-01 2.494232289703331162e-02 -4.113052282435192275e-03 4.396954100000000309e+00
-2.261724227058113310e-03 2.552192260740671417e-02 9.996717041458870190e-01 -4.841242000000000045e-01 2.415182788589440369e-02 9.993840507371896109e-01 -2.545993601517366686e-02 -9.793849999999999778e-02 -9.997057436132347208e-01 2.408631558682534576e-02 -2.876732201818943402e-03 4.397103300000000381e+00
-1.158850987094517783e-03 2.629239532531096879e-02 9.996536235178901109e-01 -4.466890000000000027e-01 2.395311898740919154e-02 9.993682062697832880e-01 -2.625712070831079381e-02 -9.931800000000000350e-02 -9.997124112239303972e-01 2.391439410006768879e-02 -1.787903705997795356e-03 4.397178600000000159e+00
-2.673211449161448639e-05 2.471048974797526721e-02 9.996946488712487033e-01 -3.688893999999999784e-01 2.222558582495981483e-02 9.994477204952884053e-01 -2.470379184475539336e-02 -1.018590999999999941e-01 -9.997529808008233099e-01 2.221813883264903144e-02 -5.759224615631275412e-04 4.397860500000000172e+00
-8.699502337374247912e-05 2.098856481376812008e-02 9.997797120260661918e-01 -2.883404999999999996e-01 2.372737526442392567e-02 9.994982873493361009e-01 -2.098059219386235949e-02 -1.049073999999999979e-01 -9.997184624157576804e-01 2.372032320189186236e-02 -5.849549304679513284e-04 4.397930099999999953e+00
-2.219267638293520931e-03 1.808232245519368273e-02 9.998340384612720566e-01 -2.068283999999999956e-01 2.040851525972431704e-02 9.996290772142001346e-01 -1.803331618921648685e-02 -1.077830000000000038e-01 -9.997892614726584526e-01 2.036510747609881697e-02 -2.587477815116812074e-03 4.398221000000000380e+00
-4.517395317837826808e-03 1.404860509085705325e-02 9.998911089886457493e-01 -1.227618000000000043e-01 2.444445262565502278e-02 9.996040759314935853e-01 -1.393413495618213080e-02 -1.100344999999999934e-01 -9.996909831919935652e-01 2.437884484847743435e-02 -4.859017233904472377e-03 4.397581599999999646e+00
-7.252712201138243782e-03 1.800689390000438650e-02 9.998115572135587437e-01 -3.777420000000000083e-02 1.868257294789423678e-02 9.996657788845314530e-01 -1.786874352689156106e-02 -1.126005000000000061e-01 -9.997991596484635535e-01 1.854945549759354564e-02 -7.586703300427988239e-03 4.397805700000000151e+00
-9.307987672379799612e-03 2.410020733966678277e-02 9.996662149796181618e-01 4.886669999999999903e-02 1.998195927478004300e-02 9.995143869016557270e-01 -2.391049309713595000e-02 -1.155777000000000054e-01 -9.997570118128865646e-01 1.975273102110757656e-02 -9.785036953221859513e-03 4.397535799999999995e+00
-1.199720966980101673e-02 1.795705676807121676e-02 9.997667783400121522e-01 1.365315000000000001e-01 1.347622390072744473e-02 9.997508326512322130e-01 -1.779505556454876944e-02 -1.186437000000000047e-01 -9.998372159254307334e-01 1.325958994072529672e-02 -1.223621367447957908e-02 4.397634000000000043e+00
-1.292757866975492199e-02 7.309284451029526321e-03 9.998897199544312109e-01 2.246566999999999870e-01 8.696860167338215167e-03 9.999362805594655956e-01 -7.197183069197312169e-03 -1.212132999999999960e-01 -9.998786137991784173e-01 8.602858926874979231e-03 -1.299032275646849754e-02 4.397574900000000397e+00
-1.163600262450123317e-02 1.314537667559040335e-02 9.998458893824487825e-01 3.111857000000000095e-01 8.911721246857618600e-03 9.998752352988645731e-01 -1.304204970311478862e-02 -1.237782000000000049e-01 -9.998925865648476963e-01 8.758590531418503078e-03 -1.175169879472914847e-02 4.396648899999999749e+00
-9.708349799538369337e-03 2.951381817668762009e-02 9.995172247044085134e-01 3.969920000000000115e-01 1.322007181338370752e-02 9.994807604921535082e-01 -2.938433438544222481e-02 -1.264288000000000078e-01 -9.998654797748637302e-01 1.292841609246578143e-02 -1.009348363654938296e-02 4.395641799999999932e+00
-7.627848973814331697e-03 1.601155766762765720e-02 9.998427106005668419e-01 4.835208999999999757e-01 1.774076580506493001e-02 9.997165974555285439e-01 -1.587419291147238593e-02 -1.299518000000000062e-01 -9.998135231875403539e-01 1.761688942455606061e-02 -7.909744516761962885e-03 4.395179299999999678e+00
-7.217797109383397060e-03 1.373731225413277884e-02 9.998795875788847320e-01 5.688210999999999684e-01 1.789814759361371688e-02 9.997472306048835744e-01 -1.360629305074792690e-02 -1.329666999999999932e-01 -9.998137625166024778e-01 1.779778497167738144e-02 -7.461845113438059229e-03 4.394827799999999840e+00
-1.063586015819695946e-02 1.434481494093011421e-02 9.998405396677042534e-01 6.534497999999999696e-01 1.157727811750398732e-02 9.998318431310777576e-01 -1.422153622158570802e-02 -1.360198999999999991e-01 -9.998764149184066197e-01 1.142417373040077039e-02 -1.080014557736974634e-02 4.395167400000000058e+00
-1.504164433535926104e-02 1.498341690980226765e-02 9.997745976735932238e-01 7.371090999999999616e-01 1.077680363816294756e-02 9.998320682219526967e-01 -1.482214081558428341e-02 -1.386760999999999966e-01 -9.998287900630951075e-01 1.055142515111504552e-02 -1.520059170714693764e-02 4.394727200000000167e+00
-1.976097949853576272e-02 1.455903722502171344e-02 9.996987236784583564e-01 8.199106000000000449e-01 7.313307478498444654e-03 9.998693248597431138e-01 -1.441696009034505906e-02 -1.412160000000000082e-01 -9.997779849661539986e-01 7.026210899346503266e-03 -1.986487194558561598e-02 4.394286600000000043e+00
-2.351664301528450657e-02 1.386343816478356403e-02 9.996273168454046232e-01 9.014020999999999839e-01 7.830287898479899866e-03 9.998757278099884571e-01 -1.368267254131227441e-02 -1.436299000000000048e-01 -9.996927798542503130e-01 7.505599156435427063e-03 -2.362227526264826238e-02 4.392507600000000068e+00
-2.649182189004892565e-02 1.519343284822913254e-02 9.995335627037404969e-01 9.812073000000000045e-01 7.943652134119114083e-03 9.998561218320356492e-01 -1.498779589444614382e-02 -1.461797999999999986e-01 -9.996174677163849331e-01 7.542892899135177597e-03 -2.660870164051876152e-02 4.390956899999999941e+00
-2.937915796328274126e-02 1.304419897322076083e-02 9.994832234462545095e-01 1.060730100000000009e+00 9.979176160980832155e-03 9.998688429243596243e-01 -1.275590029164511835e-02 -1.491172000000000053e-01 -9.995185246510025490e-01 9.599261547083015600e-03 -2.950547503827216644e-02 4.388968499999999828e+00
-3.228074400948698769e-02 1.176584903814650342e-02 9.994095848862993847e-01 1.138332600000000028e+00 6.922735750691416320e-03 9.999093541074107749e-01 -1.154812964192054002e-02 -1.516139999999999988e-01 -9.994548660624549274e-01 6.545866246116844797e-03 -3.235926975640646130e-02 4.387439299999999598e+00
-3.378908647187088554e-02 1.057422311998740261e-02 9.993730451842325335e-01 1.212927700000000053e+00 6.697890864608076721e-03 9.999239677762982170e-01 -1.035359476078205956e-02 -1.537868000000000013e-01 -9.994065418503940146e-01 6.343853081008253049e-03 -3.385734240492521696e-02 4.385467099999999618e+00
-3.412400436442224877e-02 1.292542518511461888e-02 9.993340210910064414e-01 1.249179400000000051e+00 6.493110050350361755e-03 9.998981297759066411e-01 -1.271100281324345077e-02 -1.551883000000000012e-01 -9.993965138262241865e-01 6.055035460527750761e-03 -3.420445435262520206e-02 4.384642600000000279e+00
-3.424744484060777278e-02 1.763719339886883619e-02 9.992577454945749116e-01 1.321374800000000072e+00 4.912011297327979926e-03 9.998351641335867512e-01 -1.747903621423265927e-02 -1.575720999999999927e-01 -9.994013131204625422e-01 4.309753006197924487e-03 -3.432843372659344361e-02 4.382498299999999958e+00
-3.454714114052467866e-02 1.840107308767770927e-02 9.992336541311238607e-01 1.392363299999999970e+00 6.572305715963996063e-03 9.998130466446740749e-01 -1.818451419946856898e-02 -1.600309000000000037e-01 -9.993814586215777895e-01 5.939046078008661939e-03 -3.466161991440552814e-02 4.380445500000000436e+00
-3.481881466438355166e-02 1.788188792152729800e-02 9.992336504690627619e-01 1.427826500000000109e+00 7.457968971805878540e-03 9.998167209862363070e-01 -1.763244552369913620e-02 -1.613385999999999987e-01 -9.993658133257224963e-01 6.838312708013071818e-03 -3.494579567164746159e-02 4.379299200000000170e+00
-3.508584188351802913e-02 1.817509044765631271e-02 9.992190199283357277e-01 1.497605800000000098e+00 3.220786905402516637e-04 9.998347695101147403e-01 -1.817498126471819853e-02 -1.638923999999999936e-01 -9.993842504085410638e-01 -3.158573653883767901e-04 -3.508589844200737939e-02 4.377768999999999799e+00
-3.526167208517577006e-02 1.716783249082352164e-02 9.992306440503738729e-01 1.532615300000000014e+00 2.484274511230723410e-03 9.998508549825274594e-01 -1.709082124597172125e-02 -1.649724999999999941e-01 -9.993750261347892350e-01 1.879712285413195211e-03 -3.529906259114656830e-02 4.376812499999999773e+00
-3.975811141245370189e-02 1.604004654113180828e-02 9.990805820772784562e-01 1.601415899999999892e+00 -2.258659029364205179e-04 9.998709766727940096e-01 -1.606172444001172095e-02 -1.673302999999999874e-01 -9.992093081839806823e-01 -8.642420675392410018e-04 -3.974935878904073405e-02 4.374808299999999761e+00
-4.492535996906490275e-02 1.556530377304144765e-02 9.988690771818410363e-01 1.635924799999999957e+00 -4.409055277010588345e-03 9.998657805105154450e-01 -1.577913798856070415e-02 -1.685660999999999965e-01 -9.989806165603084542e-01 -5.112952429928931466e-03 -4.485070182544614870e-02 4.373568500000000192e+00
-5.091778128900751460e-02 1.947105348793808088e-02 9.985130232624281899e-01 1.670126299999999953e+00 -4.170798881170511424e-04 9.998094264725881919e-01 -1.951760182299963620e-02 -1.695562999999999931e-01 -9.987027613824703831e-01 -1.410252680935144068e-03 -5.089995672300906548e-02 4.371706500000000162e+00
-5.777488643944025254e-02 2.254466466585272263e-02 9.980750475750879147e-01 1.704485199999999923e+00 2.144646725006985055e-03 9.997454813369853754e-01 -2.245825097162096676e-02 -1.705923000000000023e-01 -9.983273325855275271e-01 8.429954825792500273e-04 -5.780853199382984808e-02 4.369863999999999749e+00
-7.113159325829961077e-02 2.326727757799241375e-02 9.971955325986195939e-01 1.773181399999999908e+00 -2.668185401356383893e-03 9.997198881892254141e-01 -2.351650368542548483e-02 -1.732804000000000011e-01 -9.974633713711996696e-01 -4.333468937386432407e-03 -7.104958704854580365e-02 4.365329700000000201e+00
-8.128905815240466959e-02 2.296108532043013295e-02 9.964260522415111510e-01 1.843830300000000033e+00 -5.076892030916857132e-03 9.997120968350925452e-01 -2.345098311135654368e-02 -1.756582999999999894e-01 -9.966776380515423028e-01 -6.965055813892994177e-03 -8.114908382420571442e-02 4.360238599999999742e+00
-8.531176723397110306e-02 2.253474408766115503e-02 9.960994366429087865e-01 1.878968200000000088e+00 -7.297187722310565644e-03 9.997032537172343414e-01 -2.324124692266808442e-02 -1.766317000000000026e-01 -9.963275833895004485e-01 -9.251476426965016958e-03 -8.512201102628635940e-02 4.357418499999999639e+00
-8.969158651435937823e-02 1.672458394728673983e-02 9.958291558296168411e-01 1.951712399999999903e+00 -4.090144951112885917e-03 9.998443834767667404e-01 -1.716040629598034745e-02 -1.788209000000000048e-01 -9.959611890143189594e-01 -5.612229659804994324e-03 -8.960922304891127954e-02 4.351105200000000117e+00
-9.124225329066767975e-02 1.366246345553355501e-02 9.957349990367758696e-01 1.988577599999999945e+00 -4.463255731494826690e-03 9.998902269709906143e-01 -1.412845908710576651e-02 -1.802744000000000013e-01 -9.958187237458016039e-01 -5.733332384133424560e-03 -9.117125828382610653e-02 4.348077800000000437e+00
-9.305510535047237242e-02 1.670759549963102969e-02 9.955207700599889575e-01 2.062744100000000191e+00 -3.656230420108323026e-03 9.998467235075964021e-01 -1.712195871503313996e-02 -1.826407999999999920e-01 -9.956542468886112607e-01 -5.233138995376841740e-03 -9.297975537141134339e-02 4.341505500000000239e+00
-9.305400086480930533e-02 2.070034298018264690e-02 9.954458542399756693e-01 2.100107400000000180e+00 2.100257618342007276e-03 9.997857097473147325e-01 -2.059425898144241068e-02 -1.839216999999999935e-01 -9.956588481206746222e-01 1.743145459452231233e-04 -9.307753635249704782e-02 4.337589699999999659e+00
-9.419062974629983931e-02 2.652096762382668421e-02 9.952008659282263192e-01 2.176457399999999875e+00 1.028737966259349497e-02 9.996176651209229824e-01 -2.566502284962876926e-02 -1.866671000000000025e-01 -9.955010271655539977e-01 7.820604483685763414e-03 -9.442744864623120460e-02 4.330137699999999867e+00
-9.467844608354569758e-02 1.931598290455743133e-02 9.953204934349721977e-01 2.253415799999999969e+00 8.585326938738795793e-03 9.997904032551817588e-01 -1.858606252534404993e-02 -1.895965000000000011e-01 -9.954708855654998967e-01 6.785452326254865114e-03 -9.482443581782085129e-02 4.323447200000000379e+00
-9.479579408241309291e-02 1.727529133860205082e-02 9.953468348939734645e-01 2.292006000000000210e+00 1.068103765187633503e-02 9.998095153771765498e-01 -1.633549497060034911e-02 -1.910646000000000011e-01 -9.954394370623275146e-01 9.082800802711142596e-03 -9.496225497856680686e-02 4.319668300000000016e+00
-9.740637333684327992e-02 1.811309774836700887e-02 9.950798531390945278e-01 2.367691499999999838e+00 9.461320434187823342e-03 9.998060450261944121e-01 -1.727297729752459710e-02 -1.937268000000000046e-01 -9.951997195784398897e-01 7.732271272872038095e-03 -9.755885470810732318e-02 4.312942999999999749e+00
-1.021128963641943499e-01 1.874791015507043870e-02 9.945961352533662092e-01 2.443507900000000177e+00 9.795052785456122291e-03 9.997928700820796211e-01 -1.784023189220982838e-02 -1.964432000000000123e-01 -9.947245917021682038e-01 7.920403894694963420e-03 -1.022753824979377724e-01 4.305890599999999679e+00
-1.056800836847309327e-01 1.845490762399417881e-02 9.942289154399897022e-01 2.519133599999999973e+00 1.039658053104452681e-02 9.997936287213430306e-01 -1.745311093962229054e-02 -1.991635999999999962e-01 -9.943458306975747618e-01 8.492134761006738669e-03 -1.058501422840382178e-01 4.297858200000000295e+00
-1.073717220990400428e-01 1.871584743466198075e-02 9.940427708847787702e-01 2.557063299999999817e+00 8.101755281858472740e-03 9.998060742556013070e-01 -1.794924630606881122e-02 -2.003844999999999932e-01 -9.941859357559024168e-01 6.126249783146546155e-03 -1.075025311737128897e-01 4.294025900000000284e+00
-1.086791054977456900e-01 2.064310924055968999e-02 9.938625227208699453e-01 2.595301399999999870e+00 8.095555384278595862e-03 9.997695862822878476e-01 -1.988055150047431108e-02 -2.012853000000000003e-01 -9.940439195585020205e-01 5.885268543172233677e-03 -1.088211817751709720e-01 4.290262700000000429e+00
-1.107204283496999730e-01 2.127515506125073758e-02 9.936238496147212773e-01 2.671871200000000002e+00 6.299172987492893463e-03 9.997657896199367844e-01 -2.070474161389237316e-02 -2.036435000000000051e-01 -9.938316291836016836e-01 3.966570652861725610e-03 -1.108285123581619347e-01 4.282153600000000004e+00
-1.131639775172185031e-01 1.728147574845449036e-02 9.934260238127637921e-01 2.749757999999999925e+00 4.138776185094358503e-03 9.998482511770382386e-01 -1.692173601932956892e-02 -2.061926000000000037e-01 -9.935677051535903859e-01 2.196637014565527152e-03 -1.132183291770996192e-01 4.274021600000000198e+00
-1.170847303675740664e-01 1.452851130030255108e-02 9.930156535896849102e-01 2.828716299999999961e+00 2.335729067500160773e-03 9.998942515487246885e-01 -1.435374827489155000e-02 -2.086358000000000101e-01 -9.931191823162391907e-01 6.388107800423875257e-04 -1.171062835048213291e-01 4.265569199999999839e+00
