9.998478129450882879e-01 3.107622785417588161e-03 -1.716664293177805681e-02 -8.862436999999999676e-01 -3.024125778071359415e-03 9.999834822447859484e-01 4.887729623261788045e-03 -2.665499999999999901e-03 1.718154859731847381e-02 -4.835071686672283084e-03 9.998406955458367662e-01 -8.702957999999999528e-01
9.998118527560637681e-01 6.973189215291706201e-04 -1.938486096954762303e-02 -8.880303999999999975e-01 -6.506166080477281816e-04 9.999968712218965106e-01 2.415418068795444941e-03 -3.418299999999999984e-03 1.938648463534185448e-02 -2.402351502051363642e-03 9.998091782539026973e-01 -8.154548000000000352e-01
9.997686896678981139e-01 2.594189882062820788e-04 -2.150580994807261073e-02 -8.886441000000000479e-01 -2.345523633854723882e-04 9.999993010962748841e-01 1.158789088025763891e-03 -3.915199999999999757e-03 2.150609552947468570e-02 -1.153476809587137197e-03 9.997680517731735161e-01 -7.883641000000000121e-01
9.997291971491147899e-01 -1.702726140741742372e-03 -2.320847024851194207e-02 -8.895180999999999782e-01 1.687444280393360189e-03 9.999983464030584024e-01 -6.780287230905615017e-04 -4.316000000000000392e-03 2.320958636828750199e-02 6.386821106018355327e-04 9.997304172554591917e-01 -7.611723000000000239e-01
9.996870678698623891e-01 -4.079028325071370163e-03 -2.468051583091902465e-02 -8.902444999999999942e-01 4.011531329090226895e-03 9.999880791816168069e-01 -2.783722517790969148e-03 -4.635199999999999911e-03 2.469157650197141216e-02 2.683844739099926126e-03 9.996915139318046650e-01 -7.337069999999999981e-01
9.995994065926596672e-01 -5.252966184054858566e-03 -2.781065777488573448e-02 -8.916545999999999639e-01 5.174778614109354184e-03 9.999824558436704036e-01 -2.882650023302587346e-03 -5.582600000000000062e-03 2.782531232345097222e-02 2.737581255609790060e-03 9.996090524014732415e-01 -6.775811000000000472e-01
9.995695784371140258e-01 -5.766780944473724052e-03 -2.876459804322990116e-02 -8.928363999999999745e-01 5.677573486714998161e-03 9.999788197806120937e-01 -3.182004003294409012e-03 -6.331299999999999775e-03 2.878233872278417732e-02 3.017321280951945194e-03 9.995811486567433013e-01 -6.489350000000000396e-01
9.995395796174384451e-01 -5.067785681804897260e-03 -2.991565353586060280e-02 -8.939422999999999675e-01 4.892625055053657218e-03 9.999704752039496602e-01 -5.925448544844454102e-03 -6.910000000000000343e-03 2.994479918558507966e-02 5.776354271530732831e-03 9.995348631904065195e-01 -6.201955000000000107e-01
9.995051605605965728e-01 -3.495720950144125174e-03 -3.126042142669934604e-02 -8.950964000000000143e-01 3.193773623423955699e-03 9.999478165410206065e-01 -9.703813935140200020e-03 -7.532600000000000406e-03 3.129271197544952060e-02 9.599173395882749232e-03 9.994641674654161090e-01 -5.906614000000000031e-01
9.994670329877214376e-01 -2.313600195208908791e-03 -3.256220546673005423e-02 -8.963710000000000289e-01 1.874546327815530518e-03 9.999070108564770409e-01 -1.350761696709648456e-02 -7.991699999999999152e-03 3.259042876038437120e-02 1.343937849015529491e-02 9.993784303550945491e-01 -5.609724000000000377e-01
9.994359825335003000e-01 -4.914134670840868005e-04 -3.357789942955123619e-02 -8.978471000000000091e-01 3.450021265010883736e-05 9.999074228363060701e-01 -1.360678384453761942e-02 -8.408000000000000543e-03 3.358147743968416254e-02 1.359795093611575363e-02 9.993434745388128926e-01 -5.303356000000000181e-01
9.993899343122547574e-01 2.184261926959054929e-03 -3.485668078262207231e-02 -8.992966999999999489e-01 -2.414211678977466139e-03 9.999755930750563460e-01 -6.556282190269707190e-03 -9.003099999999999992e-03 3.484150940065982444e-02 6.636433833302043429e-03 9.993708155477926125e-01 -4.988548999999999900e-01
9.993422977501031923e-01 4.114985441459463426e-03 -3.602830584916003748e-02 -9.023860999999999688e-01 -3.746418856519038911e-03 9.999400233165597340e-01 1.029145837233069738e-02 -9.732299999999999285e-03 3.606849419223876613e-02 -1.014971253260276915e-02 9.992977769725147619e-01 -4.338278999999999885e-01
9.992447895480790487e-01 8.432344534411407092e-03 -3.793080709223071306e-02 -9.059764000000000150e-01 -8.343675705469040874e-03 9.999620774563698911e-01 2.495340630609776175e-03 -1.080610000000000077e-02 3.795041023147185250e-02 -2.176973769660158538e-03 9.992772523921822359e-01 -3.667780999999999958e-01
9.991901581087466733e-01 5.425147543912878234e-03 -3.986973429488369081e-02 -9.094575999999999771e-01 -5.521827226563403440e-03 9.999820745504764963e-01 -2.315167770418069104e-03 -1.036800000000000048e-02 3.985645948523064419e-02 2.533446634917642295e-03 9.992022039034191838e-01 -2.958122000000000251e-01
9.991738744478214640e-01 3.677231852868517985e-03 -4.047278822652525254e-02 -9.126769000000000132e-01 -3.098395378147869670e-03 9.998921566415320816e-01 1.435531374879754803e-02 -1.060679999999999956e-02 4.052121132209134113e-02 -1.421805375731830488e-02 9.990775136996850048e-01 -2.213349000000000011e-01
9.991494955039317283e-01 1.320187322839976116e-03 -4.121338059018390954e-02 -9.159810999999999925e-01 -6.765270835788011160e-04 9.998776497430704735e-01 1.562779112283572622e-02 -1.040969999999999916e-02 4.122896973420411837e-02 -1.558661764804703670e-02 9.990281424489250162e-01 -1.441195000000000115e-01
9.991968771902576263e-01 3.071771618720311146e-03 -3.995203164245435951e-02 -9.200102999999999476e-01 -2.681003951509721220e-03 9.999480822179195316e-01 9.830823287849859218e-03 -1.000230000000000043e-02 3.998015546554613969e-02 -9.715816374724578139e-03 9.991532365363799961e-01 -6.351869999999999739e-02
9.992652361540595995e-01 -2.777445908653677822e-03 -3.822660864104981265e-02 -9.232291999999999721e-01 2.695145448680975105e-03 9.999939385498429756e-01 -2.204326333242074935e-03 -1.040040000000000062e-02 3.823249932952246105e-02 2.099680403650320236e-03 9.992666647783365885e-01 1.976810000000000025e-02
9.993171784617275177e-01 -1.810346538046501508e-04 -3.694785592894354181e-02 -9.268807000000000018e-01 -1.290439901122921666e-04 9.999647969012425142e-01 -8.389773888814013383e-03 -1.147139999999999965e-02 3.694807408973386359e-02 8.388813069256659607e-03 9.992819760389699546e-01 1.061933999999999934e-01
9.993033267425709409e-01 1.295614357527856333e-03 -3.729855955217570296e-02 -9.303550000000000431e-01 -1.643841560068263954e-03 9.999553372330843848e-01 -9.307057751721425215e-03 -1.314479999999999989e-02 3.728483533765467040e-02 9.361886695802998370e-03 9.992608248757373079e-01 1.957926000000000111e-01
9.992803939779471012e-01 6.986031239316481747e-03 -3.728122287160520743e-02 -9.342852000000000379e-01 -7.446694785311246817e-03 9.998974580840321869e-01 -1.223192764308379463e-02 -1.496959999999999957e-02 3.719194735495068294e-02 1.250074736223852345e-02 9.992299486941592646e-01 2.877365000000000061e-01
9.992261158038224789e-01 9.400063142152165208e-03 -3.819434917012649866e-02 -9.376208999999999794e-01 -9.875431864308698016e-03 9.998758739458414313e-01 -1.227650383999043769e-02 -1.729630000000000056e-02 3.807420834501207274e-02 1.264418894051555671e-02 9.991949154919360643e-01 3.813349999999999795e-01
9.991788399446006608e-01 1.066792084918098682e-02 -3.908761020729759061e-02 -9.411661999999999528e-01 -1.109408558466053879e-02 9.998811853605414912e-01 -1.070216926788766440e-02 -2.004270000000000010e-02 3.896879613231915562e-02 1.112702236691836405e-02 9.991784736978893688e-01 4.766036000000000161e-01
9.991384860921052047e-01 1.181899221852670059e-02 -3.978186813756350027e-02 -9.452142000000000044e-01 -1.213046439116411551e-02 9.998975616561610602e-01 -7.597238163849248486e-03 -2.224270000000000067e-02 3.968800125013584312e-02 8.073265572366204387e-03 9.991795058645704941e-01 5.734827999999999593e-01
9.991163504632686321e-01 1.297132347454312516e-02 -3.997828165739174960e-02 -9.497236999999999485e-01 -1.337012627694258125e-02 9.998633294464288612e-01 -9.724307257631532170e-03 -2.431219999999999909e-02 3.984668066850222817e-02 1.025022905212279872e-02 9.991532289114024579e-01 6.705765999999999671e-01
9.990930076595978537e-01 1.215116108629970583e-02 -4.081067666620544904e-02 -9.541391000000000178e-01 -1.240834488345289414e-02 9.999046835369631570e-01 -6.054487434852384893e-03 -2.659950000000000161e-02 4.073321768473562449e-02 6.555389012125273883e-03 9.991485534453561357e-01 7.698688999999999671e-01
9.990202734339014290e-01 1.250686370604872470e-02 -4.245081422412342459e-02 -9.581667000000000378e-01 -1.252460290971534225e-02 9.999215525422657791e-01 -1.519322831842395347e-04 -2.843089999999999853e-02 4.244558386931045896e-02 6.834630224413976293e-04 9.990985463347897833e-01 8.707730999999999666e-01
9.989899543717860597e-01 1.164671531086575347e-02 -4.339844567175664414e-02 -9.631992000000000331e-01 -1.169738350471790332e-02 9.999311657780054485e-01 -9.137422954917579550e-04 -3.005290000000000045e-02 4.338481627712996447e-02 1.420467636612084790e-03 9.990574257710579387e-01 9.727734000000000103e-01
9.989359662634056392e-01 1.189354757065599552e-02 -4.455871218494493469e-02 -9.682325000000000514e-01 -1.193970737821036313e-02 9.999284227400054847e-01 -7.699249364123626456e-04 -3.134139999999999843e-02 4.454636565556079064e-02 1.301123694943513709e-03 9.990064706417128848e-01 1.075094699999999959e+00
9.988775354636664217e-01 1.211824901895367651e-02 -4.579101644150841699e-02 -9.736348000000000225e-01 -1.194735320615020538e-02 9.999206114775665011e-01 4.003934776825206383e-03 -3.321339999999999709e-02 4.583590183905361659e-02 -3.452359054937094700e-03 9.989430170533034614e-01 1.177741799999999950e+00
9.987757071134599762e-01 1.546972338454186136e-02 -4.698696136604039314e-02 -9.814581000000000000e-01 -1.567506485318905657e-02 9.998691182307268832e-01 -4.004840865366499775e-03 -3.569830000000000225e-02 4.691885784901771855e-02 4.736461433850277722e-03 9.988874744991196319e-01 1.330930900000000028e+00
9.987847517492496330e-01 1.656478466863755411e-02 -4.641796615612793497e-02 -9.872558000000000167e-01 -1.665470173889722211e-02 9.998600978462466315e-01 -1.551014146422304268e-03 -3.784209999999999657e-02 4.638577996733635189e-02 2.322206660850511736e-03 9.989209011593691567e-01 1.433249400000000007e+00
9.987912112948471588e-01 1.605077227885275126e-02 -4.645954099455198300e-02 -9.922218999999999900e-01 -1.598113683938653246e-02 9.998705449618511265e-01 1.869915241859106732e-03 -3.971910000000000024e-02 4.648354015662798516e-02 -1.125178627306130767e-03 9.989184223286523556e-01 1.535907700000000098e+00
9.988462874192232110e-01 1.477973567883733574e-02 -4.569084724644745937e-02 -9.997055000000000247e-01 -1.493764591899721800e-02 9.998835701826241928e-01 -3.116538664600238852e-03 -4.239459999999999756e-02 4.563946585175113896e-02 3.795456772640833261e-03 9.989507663867392973e-01 1.689145700000000083e+00
9.988924642614210869e-01 1.233425368535069275e-02 -4.540606818224744018e-02 -1.004787600000000003e+00 -1.275732293027827952e-02 9.998777616804550572e-01 -9.039491608249900292e-03 -4.464440000000000075e-02 4.528902243809294209e-02 9.608739923030342953e-03 9.989277133825517074e-01 1.791208499999999981e+00
9.989474728090227407e-01 8.838949806934422518e-03 -4.500910502084344567e-02 -1.009217400000000042e+00 -9.224927448723390863e-03 9.999223764713560669e-01 -8.375066891762214874e-03 -4.747439999999999993e-02 4.493158445940462209e-02 8.781457634481635091e-03 9.989514696519451453e-01 1.893159899999999896e+00
9.989862904852433445e-01 6.461617049757288796e-03 -4.454928649973306093e-02 -1.013958099999999973e+00 -6.317126774295020626e-03 9.999743229245183773e-01 3.383400799280558788e-03 -4.942289999999999878e-02 4.457000484463174289e-02 -3.098547523174889368e-03 9.990014582929276354e-01 1.996170299999999953e+00
9.990232820806282943e-01 1.377933998102104677e-03 -4.416540681060358159e-02 -1.018551500000000054e+00 -1.325805136370113982e-03 9.999983895775265141e-01 1.209579717888503757e-03 -5.103459999999999941e-02 4.416700240665660110e-02 -1.149843576503759663e-03 9.990235001030556283e-01 2.097699400000000214e+00
9.990197259365850568e-01 2.079682119680546087e-03 -4.421834587443893017e-02 -1.023225700000000016e+00 -2.350810881169742260e-03 9.999787505346102723e-01 -6.080474277601583856e-03 -5.291769999999999807e-02 4.420476080459437296e-02 6.178462715002947490e-03 9.990033862408514986e-01 2.199223299999999881e+00
9.990419391031251095e-01 5.159437458907355049e-03 -4.345784299957024255e-02 -1.028395699999999913e+00 -5.643806152124318694e-03 9.999232358537450960e-01 -1.103040579003197220e-02 -5.525979999999999781e-02 4.339759630653426681e-02 1.126510563124690813e-02 9.989943673664691826e-01 2.301231899999999886e+00
9.990329647679528913e-01 9.914353845005257487e-03 -4.283504283633148002e-02 -1.033294600000000063e+00 -1.014951888366270177e-02 9.999345732725979374e-01 -5.276025073641632882e-03 -5.770059999999999772e-02 4.277993190018536396e-02 5.705678047660103780e-03 9.990682272320704493e-01 2.403620200000000207e+00
9.990445923787781846e-01 7.968850390116789112e-03 -4.296975520271118648e-02 -1.037830500000000100e+00 -8.132073670240755336e-03 9.999603632254243646e-01 -3.625100812298634196e-03 -6.002289999999999709e-02 4.293916413418834982e-02 3.971070578255525216e-03 9.990697967519185374e-01 2.505391799999999947e+00
9.990185133027598141e-01 5.164907912414595965e-03 -4.399242894635298218e-02 -1.042105599999999965e+00 -5.192549720237144527e-03 9.999863864810489833e-01 -5.140816831619203714e-04 -6.180940000000000045e-02 4.398917487003482785e-02 7.420099934465396218e-04 9.990317321864321531e-01 2.607857699999999834e+00
9.989670200486676643e-01 3.661428070089331899e-03 -4.529334166930481381e-02 -1.050241800000000003e+00 -3.814229981937559185e-03 9.999873214481859174e-01 -3.287642396531992913e-03 -6.542140000000000455e-02 4.528072994917054644e-02 3.457005549626428979e-03 9.989683201222649966e-01 2.760383599999999937e+00
9.988849187455088874e-01 6.163825574317354471e-03 -4.680733230026624947e-02 -1.055087899999999967e+00 -6.341464207785731978e-03 9.999732402283519894e-01 -3.647555196563175266e-03 -6.754720000000000169e-02 4.678359685273812685e-02 3.940314898582836928e-03 9.988972764924431980e-01 2.861134299999999797e+00
9.988044254956878198e-01 8.198803470713833530e-03 -4.819231507074108606e-02 -1.059993399999999975e+00 -8.008718830491902418e-03 9.999593758656251108e-01 4.136065899332191584e-03 -6.914149999999999463e-02 4.822426809110836460e-02 -3.745162223202752518e-03 9.988295118422356733e-01 2.961326099999999961e+00
9.987484861163845595e-01 9.009704180503584625e-03 -4.919640953169131248e-02 -1.065496699999999963e+00 -8.865081132457045682e-03 9.999557204905781260e-01 3.157118097855985458e-03 -7.091680000000000206e-02 4.922267583893652487e-02 -2.717036758800278184e-03 9.987841337819229892e-01 3.060776499999999789e+00
9.987115931172970695e-01 8.439204112002475500e-03 -5.003932060956167022e-02 -1.071001099999999928e+00 -8.354177794594793566e-03 9.999632827595903439e-01 1.908100112635610071e-03 -7.242400000000000226e-02 5.005358615011357842e-02 -1.487604322224594456e-03 9.987454257952291803e-01 3.158723399999999959e+00
9.986438917725957154e-01 5.786272746005350666e-03 -5.173873281201244595e-02 -1.075942900000000035e+00 -5.593047252117838188e-03 9.999768366945761544e-01 3.878646251515795954e-03 -7.436080000000000467e-02 5.175997727703861989e-02 -3.584009210040639808e-03 9.986531227760030438e-01 3.254578400000000205e+00
9.985766479791571282e-01 5.403513318346950776e-03 -5.306109831627126017e-02 -1.081369199999999919e+00 -5.003107467539408791e-03 9.999580226232637203e-01 7.676060645974149346e-03 -7.619779999999999609e-02 5.310034864649015862e-02 -7.399664532319610508e-03 9.985617647088388393e-01 3.347099099999999883e+00
9.984574530288422567e-01 4.129620642815102875e-03 -5.536840908409522422e-02 -1.083855400000000024e+00 -3.693700421209542787e-03 9.999613922907467645e-01 7.973111384491048115e-03 -7.693750000000000588e-02 5.539919736201635858e-02 -7.756298169718573408e-03 9.984341584553018123e-01 3.391922000000000104e+00
9.980606307736721305e-01 3.238401890167867496e-03 -6.216502274476843476e-02 -1.089231499999999908e+00 -2.874605704473707363e-03 9.999782224283522147e-01 5.940649045079524418e-03 -7.817759999999999987e-02 6.218290715062802648e-02 -5.750428004136233159e-03 9.980482045653233936e-01 3.478247200000000205e+00
9.978683987442941161e-01 2.810897600047203466e-03 -6.519783464334065470e-02 -1.092220500000000039e+00 -2.397098743106327624e-03 9.999764916568002482e-01 6.424177096946452267e-03 -7.903830000000000577e-02 6.521435965425208259e-02 -6.254197665502917933e-03 9.978516785106124054e-01 3.519874600000000076e+00
9.976521316161240938e-01 3.890224197527484239e-03 -6.837463299716289855e-02 -1.095231899999999925e+00 -3.381852999972892980e-03 9.999657852469813202e-01 7.549265240713694952e-03 -7.973869999999999569e-02 6.840166191029514731e-02 -7.300307601810029565e-03 9.976311533612152171e-01 3.560505599999999937e+00
9.974601504129710916e-01 5.467015203688362600e-03 -7.101661835722614113e-02 -1.098566099999999990e+00 -4.873122594584393570e-03 9.999517166242199995e-01 8.533293411910664386e-03 -8.033170000000000588e-02 7.105984107997581622e-02 -8.165547442654850704e-03 9.974386311050170706e-01 3.599798400000000065e+00
9.970048262180268850e-01 7.899814681479105580e-03 -7.693483883105405041e-02 -1.104791599999999985e+00 -7.078343776709424169e-03 9.999150556711472460e-01 1.094433604861765920e-02 -8.150999999999999912e-02 7.701476187940008156e-02 -1.036698462257180410e-02 9.969760539162887403e-01 3.674957800000000052e+00
9.965450658425988317e-01 1.160667505817584468e-02 -8.223877941010725168e-02 -1.111175999999999942e+00 -1.080367634758296926e-02 9.998895884367574594e-01 1.020252484184251164e-02 -8.255579999999999863e-02 8.234811668852566602e-02 -9.278794634307625452e-03 9.965604305048376688e-01 3.744653500000000079e+00
9.960413917540787976e-01 1.543747839717517917e-02 -8.753987761777140553e-02 -1.117351500000000053e+00 -1.523330154572353698e-02 9.998794660268809364e-01 2.999990302747232353e-03 -8.394859999999999822e-02 8.757563837400617057e-02 -1.654593163369846940e-03 9.961564986912694319e-01 3.808438300000000165e+00
9.957554294157906494e-01 2.125940574226354088e-02 -8.954977641770067720e-02 -1.126177800000000007e+00 -2.136488515490278170e-02 9.997717207160122799e-01 -2.194057013043627718e-04 -8.568969999999999365e-02 8.952466962403257678e-02 2.131695107129994403e-03 9.959823238414816649e-01 3.894400599999999990e+00
9.963136303979360786e-01 2.795745864977907530e-02 -8.110197524802253977e-02 -1.131061099999999930e+00 -2.781824799413287058e-02 9.996089458722491328e-01 2.846122047239057259e-03 -8.701390000000000513e-02 8.114983032528097495e-02 -5.795153291768342929e-04 9.967017453582397435e-01 3.946617100000000100e+00
9.975423695633676147e-01 2.876905516964166007e-02 -6.388710660648100337e-02 -1.134331699999999943e+00 -2.836312085704810818e-02 9.995713790702492885e-01 7.252001023753540908e-03 -8.797380000000000477e-02 6.406835647299091718e-02 -5.422140559424338223e-03 9.979307822141793016e-01 3.994401700000000055e+00
9.988767660687802863e-01 2.721946471208535820e-02 -3.878539607587904586e-02 -1.135622300000000084e+00 -2.691491182441172261e-02 9.996028287072397100e-01 8.352985213012883645e-03 -8.878179999999999406e-02 3.899735541622554452e-02 -7.299697341137481935e-03 9.992126503849260155e-01 4.038109300000000346e+00
9.996453010801200634e-01 2.606041378437886150e-02 -5.488794204836797662e-03 -1.135298300000000093e+00 -2.603644348362276970e-02 9.996513363487478099e-01 4.394240194465999505e-03 -8.967970000000000108e-02 5.601396179544100747e-03 -4.249772882107859598e-03 9.999752815901452596e-01 4.078579399999999744e+00
9.989267250095322792e-01 2.328415671436399534e-02 4.004055578824141509e-02 -1.132688499999999987e+00 -2.310167456289540303e-02 9.997205463680692850e-01 -5.014160140942826131e-03 -9.061099999999999710e-02 -4.014611680001450161e-02 4.083774679127940600e-03 9.991854743190824450e-01 4.117342899999999695e+00
9.914063617320345578e-01 1.634809127917643060e-02 1.297927803415042103e-01 -1.123769299999999971e+00 -1.501988953125805819e-02 9.998244032551316662e-01 -1.120560457935032214e-02 -9.197460000000000357e-02 -1.299531793982703909e-01 9.159834444337291298e-03 9.914778205271327360e-01 4.172726599999999841e+00
9.788457430720709507e-01 1.060997557850017897e-02 2.043243492291331731e-01 -1.114475300000000058e+00 -8.029885264412377904e-03 9.998772693066352302e-01 -1.345240746285821486e-02 -9.321000000000000119e-02 -2.044420020747339528e-01 1.152713069805405728e-02 9.788108055418801579e-01 4.207651099999999644e+00
9.432652524710939401e-01 1.130077123823170458e-02 3.318477904854338356e-01 -1.096979900000000008e+00 -6.417949325462900603e-03 9.998544742256344486e-01 -1.580633725553498917e-02 -9.531009999999999482e-02 -3.319781218801911016e-01 1.277978639888312576e-02 9.432005108419416750e-01 4.255371600000000143e+00
9.066983752997964663e-01 1.085144228664310963e-02 4.216400152132254719e-01 -1.080999599999999949e+00 -5.620432959417257304e-03 9.998910758420572753e-01 -1.364724092122655483e-02 -9.636309999999999321e-02 -4.217421806768419934e-01 1.000413173208741097e-02 9.066606037466440338e-01 4.285381799999999686e+00
8.600742943203937285e-01 1.005228328581846478e-02 5.100697597878337541e-01 -1.061945300000000092e+00 -1.861336315707039397e-03 9.998610359293620409e-01 -1.656635920722692931e-02 -9.774449999999999805e-02 -5.101654081534700014e-01 1.329888833717679519e-02 8.599734855753394802e-01 4.312675999999999732e+00
7.702638380854207600e-01 2.321305291469643109e-02 6.373027333318884713e-01 -1.028737400000000024e+00 -6.331952308839192134e-03 9.995664308264825548e-01 -2.875511684492584527e-02 -9.970060000000000033e-02 -6.376939125614068393e-01 1.811365615181693631e-02 7.700768593737500334e-01 4.350515800000000155e+00
6.955243757398985593e-01 2.827260402224064662e-02 7.179460304322504705e-01 -1.002302100000000085e+00 -6.201359331677576067e-03 9.994245116002125062e-01 -3.334949407586373926e-02 -1.006627999999999967e-01 -7.184757378604123002e-01 1.874314473289466487e-02 6.952994381066750496e-01 4.373046399999999778e+00
6.120468089546141632e-01 2.378334689178301931e-02 7.904638233715057805e-01 -9.722669999999999924e-01 -7.649635311112405051e-04 9.995650054647323701e-01 -2.948244699962508653e-02 -1.019066000000000000e-01 -7.908211671922231734e-01 1.743996160875211504e-02 6.117987653304108875e-01 4.392595299999999980e+00
5.661488833650264452e-01 2.254785650176976269e-02 8.239945606808999345e-01 -9.562513000000000263e-01 -2.100654993785460584e-04 9.996297276610316418e-01 -2.720962051954617378e-02 -1.024421999999999972e-01 -8.243029769065618462e-01 1.523160344505253977e-02 5.659439906205145920e-01 4.401752000000000109e+00
4.686872442465200850e-01 1.628484664096358642e-02 8.832140572083776453e-01 -9.218480999999999481e-01 4.058858531186571549e-03 9.997798060680646026e-01 -2.058798304659341730e-02 -1.038329999999999947e-01 -8.833548509789409531e-01 1.323416594966607754e-02 4.685179442706437491e-01 4.417251099999999653e+00
4.176089725549852472e-01 1.620416177767429119e-02 9.084823450032765146e-01 -9.038977000000000261e-01 1.290333479348510816e-03 9.998293829451090353e-01 -1.842661225278787243e-02 -1.048388999999999988e-01 -9.086259302271103566e-01 8.867363795710618557e-03 4.175168125695453147e-01 4.423818599999999712e+00
3.169447845725262836e-01 2.649453759457357643e-02 9.480738594697802890e-01 -8.656677999999999873e-01 -2.587290178763709467e-03 9.996301820833618512e-01 -2.707037121126452256e-02 -1.059323999999999960e-01 -9.484404617380081115e-01 6.126870786503785249e-03 3.168961217695156485e-01 4.434886900000000409e+00
2.295723995978036225e-01 2.787731899365285260e-02 9.728922696931208147e-01 -8.241979999999999862e-01 6.578689716295464326e-03 9.995224453600232151e-01 -3.019274851907517015e-02 -1.076359000000000066e-01 -9.732693533572926992e-01 1.333177809767060150e-02 2.292793700013836533e-01 4.442284100000000180e+00
1.644195588427243560e-01 2.914691611948219685e-02 9.859597689311099256e-01 -7.792955999999999772e-01 1.898764706749078712e-02 9.992845975484830889e-01 -3.270722185094303291e-02 -1.087971999999999967e-01 -9.862077255471102255e-01 2.409876310291185486e-02 1.637485013308684900e-01 4.447351900000000136e+00
1.111400558825112045e-01 2.422839421766168760e-02 9.935093723222070405e-01 -7.302528000000000352e-01 1.124440352885152511e-02 9.996081285410363115e-01 -2.563499061765625586e-02 -1.103906999999999944e-01 -9.937411390134316402e-01 1.402049458188085740e-02 1.108240694252237146e-01 4.452588600000000341e+00
8.690698344430827782e-02 2.046192778308564275e-02 9.960062679220500481e-01 -7.044723000000000512e-01 5.987091829145618424e-03 9.997602561613685435e-01 -2.106145606514393809e-02 -1.112524000000000013e-01 -9.961984395490890432e-01 7.793568602020418609e-03 8.676364058985475136e-02 4.454914999999999736e+00
6.458968432834052975e-02 1.798779328245260836e-02 9.977497742275833748e-01 -6.780055000000000387e-01 9.892520117976887073e-03 9.997768579777780440e-01 -1.866473406714934391e-02 -1.123181000000000040e-01 -9.978628717033624085e-01 1.107580899572286649e-02 6.439732704864020718e-02 4.455774800000000369e+00
4.457330909651596729e-02 1.843289724170587424e-02 9.988360468142221116e-01 -6.504541000000000350e-01 1.810224775237190276e-02 9.996507013826601007e-01 -1.925574853044050017e-02 -1.133274999999999977e-01 -9.988420939980944269e-01 1.893947001456289941e-02 4.422406282861490734e-02 4.455845799999999635e+00
2.719849014778207355e-02 2.071128753857199092e-02 9.994154715143127587e-01 -6.219476999999999922e-01 2.308916245736866366e-02 9.995055929847971310e-01 -2.134151281250289828e-02 -1.142626000000000058e-01 -9.993633637024615934e-01 2.365612311017129682e-02 2.670683674077067860e-02 4.455847300000000288e+00
1.276025262179061523e-02 2.632482176254758582e-02 9.995719982633557432e-01 -5.923386000000000484e-01 2.378348607406047255e-02 9.993625798151961614e-01 -2.662291973620826632e-02 -1.147776999999999964e-01 -9.996356945123523463e-01 2.411302188208099342e-02 1.212602294741460529e-02 4.456133799999999923e+00
1.730749423238095355e-03 3.087581511129840889e-02 9.995217299026802893e-01 -5.627455000000000096e-01 2.065494329238137805e-02 9.993088881448948246e-01 -3.090500594082824098e-02 -1.156720999999999999e-01 -9.997851658351518678e-01 2.069855347185005356e-02 1.091815071563528861e-03 4.456021299999999741e+00
-7.012957641181230724e-03 2.729035196220009132e-02 9.996029487325964746e-01 -4.981824999999999726e-01 2.907966502036090153e-02 9.992103302192433256e-01 -2.707561754520385056e-02 -1.179482000000000030e-01 -9.995524956236297998e-01 2.887823874355555792e-02 -7.801014013806839564e-03 4.455095299999999980e+00
-4.607494511880064550e-03 2.521221180459251240e-02 9.996715037302220663e-01 -4.306959000000000204e-01 2.915154422931649433e-02 9.992606308819842464e-01 -2.506748967058740341e-02 -1.204370000000000024e-01 -9.995643843511877735e-01 2.902646973469505398e-02 -5.339062780267078701e-03 4.454766799999999805e+00
-2.149150569077726627e-03 2.675954515170383616e-02 9.996395889995079997e-01 -3.594302999999999804e-01 2.489541234853943560e-02 9.993335000978076366e-01 -2.669782811880448692e-02 -1.229486000000000051e-01 -9.996877510482098383e-01 2.482906211557256437e-02 -2.813908071244708431e-03 4.455587900000000268e+00
-4.239986381781861609e-04 2.699925620185598951e-02 9.996353637150405813e-01 -2.843103000000000158e-01 2.371748692213847959e-02 9.993545284176718058e-01 -2.698161124156304644e-02 -1.258968000000000032e-01 -9.997186109297220291e-01 2.369739849939634171e-02 -1.064079464981326772e-03 4.455971700000000091e+00
6.743653622502638690e-04 2.445139262539648348e-02 9.997007925524699079e-01 -2.064449999999999896e-01 2.312959733218769229e-02 9.994331934225735292e-01 -2.446044996331174157e-02 -1.286515000000000020e-01 -9.997322476336394370e-01 2.313917206460784290e-02 1.084322618907229696e-04 4.456192500000000223e+00
-1.046312716400000717e-03 2.017321842422768394e-02 9.997959524263478892e-01 -1.262520000000000031e-01 2.166325882178832610e-02 9.995623285298237404e-01 -2.014583334729158279e-02 -1.318138000000000087e-01 -9.997647765584262158e-01 2.163775964477459776e-02 -1.482872427167714058e-03 4.456587800000000321e+00
-3.616466461107674217e-03 1.691928868583775225e-02 9.998503182180328297e-01 -4.449659999999999727e-02 2.302178139781708988e-02 9.995932635345808892e-01 -1.683166888805276429e-02 -1.341579999999999995e-01 -9.997284224986341394e-01 2.295746429053528714e-02 -4.004507677853874625e-03 4.456656500000000243e+00
-6.309985998234185142e-03 1.438438798727199180e-02 9.998766291192796585e-01 3.923820000000000086e-02 2.139392660324805628e-02 9.996696154498341258e-01 -1.424639782104993382e-02 -1.368736000000000119e-01 -9.997512110426257648e-01 2.130139264490485060e-02 -6.615639817180940518e-03 4.456372700000000187e+00
-8.067873717335392186e-03 2.412975818631132863e-02 9.996762796943574614e-01 1.242612000000000022e-01 1.954760150162761917e-02 9.995215923190752250e-01 -2.396826575858130096e-02 -1.393357000000000068e-01 -9.997763753406132547e-01 1.934790060473116566e-02 -8.535692881936896015e-03 4.456356999999999680e+00
-1.053882264405286116e-02 2.362522765316960038e-02 9.996653349174478009e-01 2.104089000000000098e-01 1.665004725648831785e-02 9.995864020285796236e-01 -2.344783158237886272e-02 -1.424330000000000040e-01 -9.998058357219334891e-01 1.639736252861441479e-02 -1.092782496525668279e-02 4.455950699999999820e+00
-1.187445388729533452e-02 1.436949147042822228e-02 9.998262424340339516e-01 2.972679999999999767e-01 1.204704471395507195e-02 9.998262238263257995e-01 -1.422641426536397878e-02 -1.454776000000000125e-01 -9.998569227937256221e-01 1.187602054861286623e-02 -1.204550029639539499e-02 4.455516300000000207e+00
-1.243896286982502410e-02 7.292089730005493417e-03 9.998960434115602425e-01 3.835201999999999778e-01 5.524988306595807544e-03 9.999586446526076422e-01 -7.223814001758675947e-03 -1.482700000000000129e-01 -9.999073690632223066e-01 5.434557193513885921e-03 -1.247873716268321775e-02 4.455449100000000051e+00
-1.022913029859622361e-02 2.548951525731747367e-02 9.996227535952156851e-01 4.687881999999999882e-01 1.100725534147970960e-02 9.996173574775663040e-01 -2.537674051991216373e-02 -1.509621999999999908e-01 -9.998870962379612370e-01 1.074352090864374304e-02 -1.050578580134431395e-02 4.454578899999999564e+00
-8.090997960449713630e-03 2.512544627107325679e-02 9.996515631467214336e-01 5.543413000000000368e-01 1.483038041590296896e-02 9.995773519206491153e-01 -2.500354662887436380e-02 -1.541347000000000134e-01 -9.998572876009473864e-01 1.462290932003969257e-02 -8.460198242021044202e-03 4.453777299999999606e+00
-6.723080991484566525e-03 1.405210135682601925e-02 9.998786619532589182e-01 6.396115999999999469e-01 1.889150143207294491e-02 9.997245939287535688e-01 -1.392291160751941113e-02 -1.576619999999999966e-01 -9.997989354643381787e-01 1.879560431181453647e-02 -6.986694707068141774e-03 4.453399700000000294e+00
-8.372019503036943339e-03 1.575386611117942856e-02 9.998408498316078141e-01 7.239484999999999948e-01 1.423027719010643705e-02 9.997765183869716799e-01 -1.563369735916757958e-02 -1.603166000000000035e-01 -9.998636949607349056e-01 1.409712681989983354e-02 -8.594330392192039980e-03 4.453829800000000283e+00
-1.288825666543723381e-02 1.598503139041036400e-02 9.997891635797885312e-01 8.075286000000000408e-01 1.147742802611383811e-02 9.998087045873528256e-01 -1.583738858728996057e-02 -1.632743999999999862e-01 -9.998510696528913888e-01 1.127089183725231945e-02 -1.306925824833871097e-02 4.454063900000000409e+00
-1.710773239559773215e-02 1.671222011418373177e-02 9.997139726897569245e-01 8.900219999999999798e-01 8.764562281063158905e-03 9.998243914101935248e-01 -1.656408129832837722e-02 -1.660355000000000025e-01 -9.998152369014497998e-01 8.478681506657721051e-03 -1.725120342488251080e-02 4.453385800000000394e+00
-2.122348249140377716e-02 1.455994019795171790e-02 9.996687310966412277e-01 9.720644000000000506e-01 7.298071632779595808e-03 9.998695664390513382e-01 -1.440792349460091881e-02 -1.690224999999999922e-01 -9.997481192487334134e-01 6.989867696568021448e-03 -2.132697372354031007e-02 4.451989199999999869e+00
-2.547301210349295006e-02 1.615048222002514466e-02 9.995450402950512014e-01 1.052957099999999979e+00 6.859592135516425632e-03 9.998487721604956135e-01 -1.598057586207814185e-02 -1.713378999999999874e-01 -9.996519752644463797e-01 6.449397895146877571e-03 -2.557994559572818183e-02 4.450872399999999729e+00
-2.737340683457131427e-02 1.462438394767121529e-02 9.995182959768270647e-01 1.132132200000000033e+00 9.333741470684520439e-03 9.998531287469242246e-01 -1.437366359509109279e-02 -1.744747000000000103e-01 -9.995817014473741269e-01 8.935789228575140991e-03 -2.750588668694420313e-02 4.448664199999999624e+00
-3.005176243699419006e-02 1.367447710689578474e-02 9.994548015044418809e-01 1.211209999999999898e+00 8.365718357510616016e-03 9.998748347914667711e-01 -1.342868225478504110e-02 -1.771167999999999909e-01 -9.995133347438608373e-01 7.957601811485161963e-03 -3.016239782604446251e-02 4.446535100000000185e+00
-3.296605166578218948e-02 1.149908131565729671e-02 9.993903194280322477e-01 1.324574600000000046e+00 5.872768696146828983e-03 9.999187776386834203e-01 -1.131144170310882657e-02 -1.808485999999999982e-01 -9.994392177743527395e-01 5.496294611569955794e-03 -3.303090553000764817e-02 4.443931100000000356e+00
-3.306229844361086023e-02 1.398638359647456399e-02 9.993554250092995250e-01 1.360827000000000009e+00 6.225348878976534259e-03 9.998855636191166241e-01 -1.378784600351130873e-02 -1.822236000000000133e-01 -9.994339044944196004e-01 5.765478295318122483e-03 -3.314558503127651434e-02 4.442895899999999898e+00
-3.348506344464484419e-02 1.888226326487429593e-02 9.992608321454936604e-01 1.433182799999999979e+00 4.411254373138033362e-03 9.998145674672435090e-01 -1.874490637864875339e-02 -1.844579000000000080e-01 -9.994294829356216159e-01 3.780319336354381714e-03 -3.356214869092266628e-02 4.441087699999999749e+00
-3.371073624276019198e-02 1.966757166504525672e-02 9.992380961946815132e-01 1.504179699999999897e+00 6.147051434219940116e-03 9.997915235744507800e-01 -1.947108490411775944e-02 -1.870069000000000037e-01 -9.994127275658623022e-01 5.485983364777618533e-03 -3.382460592357694473e-02 4.439024899999999718e+00
-3.419507288138513845e-02 1.913579211542974085e-02 9.992319642859469608e-01 1.539706800000000042e+00 6.739047656629098063e-03 9.997983643909159612e-01 -1.891601961119080549e-02 -1.884223999999999899e-01 -9.993924565591431053e-01 6.087037158119723915e-03 -3.431713495205024334e-02 4.438074099999999689e+00
-3.435892520427848151e-02 1.941298929388870359e-02 9.992209966296157209e-01 1.609206200000000031e+00 -3.302172090018633960e-04 9.998110523167681452e-01 -1.943580772264436735e-02 -1.910991999999999968e-01 -9.994095032645036181e-01 -9.977534325101636292e-04 -3.434602266181974173e-02 4.436512900000000315e+00
-3.457820270578584876e-02 1.844930428073270762e-02 9.992316903847647813e-01 1.644087400000000088e+00 1.931773218572093928e-03 9.998289593838969314e-01 -1.839348334453973915e-02 -1.922301999999999900e-01 -9.994001281518175572e-01 1.294275423080817888e-03 -3.460792830060210878e-02 4.435630299999999693e+00
-3.918211858462460062e-02 1.706822920044708675e-02 9.990863011447917996e-01 1.712520400000000054e+00 -9.840704231706427080e-04 9.998529591636949876e-01 -1.711991988897131056e-02 -1.947986999999999913e-01 -9.992316013760887961e-01 -1.653966010400494471e-03 -3.915956087360761284e-02 4.433754000000000417e+00
-4.441058645545081091e-02 1.673345770941986332e-02 9.988732107749057620e-01 1.746805699999999906e+00 -5.141019538712504437e-03 9.998426417319855597e-01 -1.697827118722446127e-02 -1.959391000000000049e-01 -9.990001349993827828e-01 -5.889241673714613531e-03 -4.431757104945033277e-02 4.432655800000000035e+00
-5.728977103099835294e-02 2.357951981511767492e-02 9.980790992604264833e-01 1.815036199999999988e+00 1.220485977349559242e-03 9.997219558965516617e-01 -2.354827620766501706e-02 -1.982162000000000091e-01 -9.983568462975525026e-01 -1.309338071788044428e-04 -5.730262042126221811e-02 4.429074299999999909e+00
-6.468536505898429823e-02 2.545016623595914781e-02 9.975811208045930467e-01 1.848993099999999945e+00 5.309702447076972143e-04 9.996754671239619361e-01 -2.546916765596791976e-02 -1.993311000000000111e-01 -9.979055674851129432e-01 -1.117796515745365579e-03 -6.467788581241828982e-02 4.427051099999999906e+00
-7.073969981657858563e-02 2.438131884490369466e-02 9.971967940989598933e-01 1.883082499999999992e+00 -3.115752845958101591e-03 9.996909584194038079e-01 -2.466332781067474139e-02 -2.009836000000000122e-01 -9.974899432846744407e-01 -4.851695154999138143e-03 -7.064187214435713180e-02 4.424738399999999849e+00
-7.621697128986502923e-02 2.333779543425613251e-02 9.968180980458114515e-01 1.917845500000000092e+00 -3.219822481599774605e-03 9.997150717523617391e-01 -2.365180869103195374e-02 -2.021871000000000085e-01 -9.970860574848026125e-01 -5.012246546111192441e-03 -7.612011136338492356e-02 4.422295100000000367e+00
-8.517497703788717844e-02 2.333331594125141739e-02 9.960927565512064374e-01 1.988358499999999918e+00 -7.875337626650564388e-03 9.996787562864395404e-01 -2.409073030988428954e-02 -2.047944999999999904e-01 -9.963348846366172351e-01 -9.896494166272126747e-03 -8.496385737097444935e-02 4.417116199999999715e+00
-8.950186059981299347e-02 1.725507840545141905e-02 9.958371750534286138e-01 2.060859699999999961e+00 -4.818140077886699096e-03 9.998307173967412309e-01 -1.775731049758425342e-02 -2.071521000000000057e-01 -9.959750009289195516e-01 -6.387395332956781642e-03 -8.940357210704175106e-02 4.410826199999999808e+00
-9.109117213648922073e-02 1.464281761668910498e-02 9.957348975761796117e-01 2.097397599999999862e+00 -4.927011954906353013e-03 9.998730262847065342e-01 -1.515440072911817052e-02 -2.083820000000000117e-01 -9.958303685427537522e-01 -6.286429869716727951e-03 -9.100746061448172775e-02 4.407816900000000260e+00
-9.295887741472655397e-02 1.783957088819733069e-02 9.955101188939862178e-01 2.171125899999999831e+00 -4.082511161382365410e-03 9.998242409222228844e-01 -1.829809735786837310e-02 -2.107230999999999965e-01 -9.956615791585065045e-01 -5.765151760866606308e-03 -9.286970880089562286e-02 4.401351899999999873e+00
-9.334717579217424732e-02 2.659363614658918559e-02 9.952783948665460123e-01 2.245750399999999924e+00 9.311073208787070538e-03 9.996228202005585928e-01 -2.583643260944544842e-02 -2.134899000000000102e-01 -9.955900806493231947e-01 6.855351981089930630e-03 -9.355958241617923221e-02 4.393478400000000228e+00
-9.451343819194410467e-02 2.563793067169811354e-02 9.951934015617319718e-01 2.321418800000000005e+00 7.920761119047426552e-03 9.996560550620259278e-01 -2.500066241367846290e-02 -2.162853999999999888e-01 -9.954920750786681038e-01 5.519790639229856660e-03 -9.468400269774468470e-02 4.386718799999999696e+00
-9.461109915699698891e-02 1.855156256153083286e-02 9.953414386243697454e-01 2.398151400000000155e+00 1.019270879991195089e-02 9.997919949936295847e-01 -1.766565690764023561e-02 -2.193137000000000003e-01 -9.954621281614004502e-01 8.473858223021397268e-03 -9.478051024968714433e-02 4.379579500000000181e+00
-9.728180865499977403e-02 1.900177339854195596e-02 9.950754656369146245e-01 2.473167699999999858e+00 8.627258172728084068e-03 9.997962607225280296e-01 -1.824849203829953179e-02 -2.221342000000000039e-01 -9.952194833910924521e-01 6.809526632685134091e-03 -9.742592173444208914e-02 4.372933399999999970e+00
-9.946031076645420188e-02 1.975768940605681159e-02 9.948453549630589254e-01 2.510213400000000039e+00 8.370519333818278451e-03 9.997840841437082293e-01 -1.901892475953186057e-02 -2.234349999999999947e-01 -9.950063220846001588e-01 6.435744110850745436e-03 -9.960421782945294567e-02 4.369375699999999973e+00
-1.034009218099646993e-01 1.991309322167602106e-02 9.944404044924934905e-01 2.585512899999999892e+00 9.472975061237259853e-03 9.997739420408282562e-01 -1.903490372005462242e-02 -2.261670000000000069e-01 -9.945946471363791286e-01 7.452082560426508649e-03 -1.035661834440848583e-01 4.361823099999999620e+00
