1.000000e+00 1.197625e-11 1.704638e-10 1.110223e-16 1.197625e-11 1.000000e+00 3.562503e-10 0.000000e+00 1.704638e-10 3.562503e-10 1.000000e+00 2.220446e-16
9.999931e-01 -2.475044e-03 -2.755837e-03 1.173954e-03 2.468662e-03 9.999942e-01 -2.316828e-03 -2.241474e-02 2.761556e-03 2.310009e-03 9.999935e-01 1.127607e+00
9.999863e-01 -2.528164e-03 -4.580897e-03 -7.831705e-03 2.512020e-03 9.999906e-01 -3.526615e-03 -4.141091e-02 4.589771e-03 3.515059e-03 9.999833e-01 1.689225e+00
9.999675e-01 -4.648687e-03 -6.595320e-03 -1.508128e-02 4.612815e-03 9.999745e-01 -5.443974e-03 -5.922720e-02 6.620460e-03 5.413373e-03 9.999634e-01 2.251296e+00
9.999200e-01 -8.311338e-03 -9.539068e-03 -2.969353e-02 8.230327e-03 9.999300e-01 -8.500812e-03 -9.078265e-02 9.609054e-03 8.421622e-03 9.999184e-01 3.390281e+00
9.999041e-01 -8.525348e-03 -1.091073e-02 -4.152744e-02 8.441127e-03 9.999344e-01 -7.742225e-03 -1.098544e-01 1.097602e-02 7.649383e-03 9.999105e-01 3.969489e+00
9.998884e-01 -8.811524e-03 -1.206613e-02 -5.593704e-02 8.715868e-03 9.999303e-01 -7.957589e-03 -1.348021e-01 1.213540e-02 7.851533e-03 9.998955e-01 4.556204e+00
9.998780e-01 -8.278892e-03 -1.324786e-02 -7.008098e-02 8.141373e-03 9.999127e-01 -1.040105e-02 -1.575514e-01 1.333281e-02 1.029192e-02 9.998582e-01 5.150463e+00
9.998748e-01 -6.580037e-03 -1.439059e-02 -8.798198e-02 6.374276e-03 9.998774e-01 -1.429781e-02 -1.803479e-01 1.448291e-02 1.420429e-02 9.997942e-01 5.751285e+00
9.998522e-01 -3.623834e-03 -1.680538e-02 -1.238576e-01 3.306955e-03 9.998169e-01 -1.884543e-02 -2.187844e-01 1.687060e-02 1.878706e-02 9.996812e-01 6.989627e+00
9.998394e-01 -1.112536e-03 -1.788542e-02 -1.444743e-01 8.907687e-04 9.999227e-01 -1.240253e-02 -2.366165e-01 1.789783e-02 1.238460e-02 9.997631e-01 7.637602e+00
9.998120e-01 1.004604e-03 -1.936675e-02 -1.844755e-01 -8.989153e-04 9.999846e-01 5.465141e-03 -2.738044e-01 1.937194e-02 -5.446702e-03 9.997975e-01 8.978383e+00
9.997543e-01 5.555763e-03 -2.145926e-02 -2.329992e-01 -5.595211e-03 9.999827e-01 -1.778629e-03 -3.035717e-01 2.144901e-02 1.898261e-03 9.997682e-01 1.035368e+01
9.997145e-01 2.620743e-03 -2.375049e-02 -2.701280e-01 -2.819209e-03 9.999613e-01 -8.326642e-03 -3.152238e-01 2.372775e-02 8.391221e-03 9.996832e-01 1.179839e+01
9.996966e-01 1.625146e-03 -2.457882e-02 -2.962122e-01 -1.393167e-03 9.999543e-01 9.452361e-03 -3.252216e-01 2.459306e-02 -9.415248e-03 9.996532e-01 1.333520e+01
9.996792e-01 -1.382699e-03 -2.529212e-02 -3.270868e-01 1.667549e-03 9.999354e-01 1.124476e-02 -3.300205e-01 2.527494e-02 -1.128333e-02 9.996169e-01 1.492763e+01
9.997041e-01 5.747479e-05 -2.432655e-02 -3.585571e-01 6.660546e-05 9.999870e-01 5.099768e-03 -3.310784e-01 2.432653e-02 -5.099877e-03 9.996911e-01 1.658175e+01
9.997263e-01 -5.544119e-03 -2.272786e-02 -3.686442e-01 5.399776e-03 9.999649e-01 -6.407463e-03 -3.506532e-01 2.276259e-02 6.282984e-03 9.997212e-01 1.828806e+01
9.997662e-01 -3.838836e-03 -2.127843e-02 -3.931436e-01 3.555293e-03 9.999046e-01 -1.334729e-02 -3.836280e-01 2.132764e-02 1.326852e-02 9.996845e-01 2.007060e+01
9.997668e-01 -2.204438e-03 -2.148374e-02 -4.196580e-01 1.910245e-03 9.999042e-01 -1.370467e-02 -4.350658e-01 2.151189e-02 1.366044e-02 9.996753e-01 2.192489e+01
9.997643e-01 4.013694e-03 -2.133588e-02 -4.507315e-01 -4.371519e-03 9.998501e-01 -1.675089e-02 -4.913797e-01 2.126545e-02 1.684021e-02 9.996320e-01 2.384921e+01
9.997475e-01 6.655410e-03 -2.146389e-02 -4.870736e-01 -7.009523e-03 9.998398e-01 -1.646518e-02 -5.504866e-01 2.135087e-02 1.661147e-02 9.996340e-01 2.580752e+01
9.997300e-01 7.470019e-03 -2.200512e-02 -5.258752e-01 -7.810435e-03 9.998505e-01 -1.542467e-02 -6.123111e-01 2.188661e-02 1.559237e-02 9.996389e-01 2.779590e+01
9.997048e-01 8.828655e-03 -2.263483e-02 -5.679163e-01 -9.107452e-03 9.998835e-01 -1.224376e-02 -6.738450e-01 2.252410e-02 1.244629e-02 9.996688e-01 2.981730e+01
9.996909e-01 9.758370e-03 -2.286542e-02 -6.113853e-01 -1.008382e-02 9.998488e-01 -1.416135e-02 -7.344817e-01 2.272378e-02 1.438754e-02 9.996383e-01 3.186663e+01
9.996756e-01 8.859609e-03 -2.387811e-02 -6.562571e-01 -9.116721e-03 9.999014e-01 -1.068035e-02 -7.960953e-01 2.378114e-02 1.089458e-02 9.996578e-01 3.394945e+01
9.996516e-01 9.284323e-03 -2.470700e-02 -7.046294e-01 -9.400963e-03 9.999452e-01 -4.608864e-03 -8.521280e-01 2.466286e-02 4.839528e-03 9.996841e-01 3.606726e+01
9.996343e-01 8.640360e-03 -2.562662e-02 -7.509456e-01 -8.785442e-03 9.999460e-01 -5.554152e-03 -8.999454e-01 2.557725e-02 5.777261e-03 9.996562e-01 3.820156e+01
9.996113e-01 8.636784e-03 -2.650763e-02 -7.861115e-01 -8.772323e-03 9.999490e-01 -5.001110e-03 -9.426008e-01 2.646309e-02 5.231700e-03 9.996361e-01 4.035358e+01
9.995744e-01 8.727969e-03 -2.783667e-02 -8.405589e-01 -8.747257e-03 9.999616e-01 -5.711173e-04 -9.983507e-01 2.783061e-02 8.143693e-04 9.996123e-01 4.250646e+01
9.995085e-01 1.235171e-02 -2.881189e-02 -9.448054e-01 -1.260322e-02 9.998839e-01 -8.564026e-03 -1.065232e+00 2.870277e-02 8.922939e-03 9.995482e-01 4.570729e+01
9.994989e-01 1.324264e-02 -2.875026e-02 -1.015604e+00 -1.343042e-02 9.998896e-01 -6.348082e-03 -1.110851e+00 2.866302e-02 6.731028e-03 9.995665e-01 4.785820e+01
9.995220e-01 1.204172e-02 -2.847356e-02 -1.079496e+00 -1.212515e-02 9.999227e-01 -2.758982e-03 -1.149441e+00 2.843813e-02 3.102909e-03 9.995907e-01 5.001065e+01
9.995571e-01 1.082090e-02 -2.772132e-02 -1.142897e+00 -1.097231e-02 9.999256e-01 -5.315486e-03 -1.184929e+00 2.766174e-02 5.617298e-03 9.996016e-01 5.215954e+01
9.995747e-01 9.582319e-03 -2.754407e-02 -1.248790e+00 -9.938401e-03 9.998684e-01 -1.281994e-02 -1.244310e+00 2.741761e-02 1.308823e-02 9.995384e-01 5.537246e+01
9.996159e-01 5.272756e-03 -2.720940e-02 -1.352181e+00 -5.472263e-03 9.999586e-01 -7.262988e-03 -1.322688e+00 2.716998e-02 7.409094e-03 9.996034e-01 5.860062e+01
9.996473e-01 -6.622685e-04 -2.654826e-02 -1.444555e+00 5.799434e-04 9.999950e-01 -3.108548e-03 -1.364859e+00 2.655019e-02 3.092056e-03 9.996427e-01 6.184743e+01
9.996482e-01 -1.301741e-03 -2.649102e-02 -1.528092e+00 9.079193e-04 9.998890e-01 -1.487284e-02 -1.415207e+00 2.650744e-02 1.484356e-02 9.995384e-01 6.508527e+01
9.996600e-01 7.575555e-03 -2.494941e-02 -1.649241e+00 -7.807005e-03 9.999272e-01 -9.192408e-03 -1.501927e+00 2.487796e-02 9.384062e-03 9.996465e-01 6.943492e+01
9.996733e-01 4.970250e-03 -2.507073e-02 -1.697570e+00 -5.144801e-03 9.999629e-01 -6.902635e-03 -1.542287e+00 2.503550e-02 7.029363e-03 9.996619e-01 7.160597e+01
9.996291e-01 1.607274e-03 -2.718639e-02 -1.818016e+00 -1.826344e-03 9.999660e-01 -8.035150e-03 -1.644073e+00 2.717256e-02 8.081821e-03 9.995981e-01 7.591173e+01
9.995891e-01 4.233092e-03 -2.834910e-02 -1.892754e+00 -4.483809e-03 9.999513e-01 -8.786135e-03 -1.702097e+00 2.831053e-02 8.909636e-03 9.995595e-01 7.804464e+01
9.995411e-01 6.853246e-03 -2.950637e-02 -1.971601e+00 -6.869005e-03 9.999763e-01 -4.326932e-04 -1.759353e+00 2.950271e-02 6.351747e-04 9.995645e-01 8.018037e+01
9.995060e-01 7.795793e-03 -3.044809e-02 -2.046091e+00 -7.848921e-03 9.999679e-01 -1.625703e-03 -1.798450e+00 3.043444e-02 1.863885e-03 9.995350e-01 8.229562e+01
9.994882e-01 7.555003e-03 -3.108412e-02 -2.082196e+00 -7.642022e-03 9.999672e-01 -2.681568e-03 -1.819154e+00 3.106284e-02 2.917741e-03 9.995132e-01 8.334260e+01
9.994752e-01 7.225519e-03 -3.157600e-02 -2.118145e+00 -7.306479e-03 9.999703e-01 -2.449280e-03 -1.836350e+00 3.155737e-02 2.678705e-03 9.994984e-01 8.438146e+01
9.994607e-01 5.955976e-03 -3.229184e-02 -2.152257e+00 -6.031653e-03 9.999793e-01 -2.246562e-03 -1.854735e+00 3.227779e-02 2.440124e-03 9.994760e-01 8.540636e+01
9.994472e-01 4.547048e-03 -3.293428e-02 -2.187213e+00 -4.572446e-03 9.999893e-01 -6.958514e-04 -1.871238e+00 3.293077e-02 8.460575e-04 9.994573e-01 8.641716e+01
9.994314e-01 4.756684e-03 -3.338168e-02 -2.224921e+00 -4.695592e-03 9.999871e-01 1.908273e-03 -1.889129e+00 3.339033e-02 -1.750440e-03 9.994409e-01 8.741070e+01
9.994019e-01 4.012762e-03 -3.434629e-02 -2.262425e+00 -3.902838e-03 9.999870e-01 3.266921e-03 -1.907770e+00 3.435896e-02 -3.130918e-03 9.994047e-01 8.838264e+01
9.993338e-01 2.999186e-03 -3.637303e-02 -2.303693e+00 -2.880714e-03 9.999904e-01 3.309115e-03 -1.929486e+00 3.638260e-02 -3.202128e-03 9.993328e-01 8.933531e+01
9.992113e-01 2.138299e-03 -3.965073e-02 -2.344772e+00 -2.031068e-03 9.999941e-01 2.744488e-03 -1.950966e+00 3.965637e-02 -2.661789e-03 9.992098e-01 9.026556e+01
9.989307e-01 1.832805e-03 -4.619660e-02 -2.434745e+00 -1.755145e-03 9.999970e-01 1.721603e-03 -1.993637e+00 4.619962e-02 -1.638679e-03 9.989309e-01 9.205518e+01
9.986194e-01 3.941519e-03 -5.238126e-02 -2.538278e+00 -3.724414e-03 9.999840e-01 4.241689e-03 -2.044394e+00 5.239715e-02 -4.040742e-03 9.986182e-01 9.375397e+01
9.982947e-01 6.427526e-03 -5.802030e-02 -2.649588e+00 -6.047890e-03 9.999591e-01 6.716404e-03 -2.083333e+00 5.806110e-02 -6.354048e-03 9.982928e-01 9.535206e+01
9.979505e-01 1.045330e-02 -6.313131e-02 -2.769310e+00 -1.006763e-02 9.999287e-01 6.424076e-03 -2.127247e+00 6.319396e-02 -5.775324e-03 9.979846e-01 9.683647e+01
9.975717e-01 1.414368e-02 -6.819605e-02 -2.885302e+00 -1.423255e-02 9.998984e-01 -8.174607e-04 -2.169614e+00 6.817756e-02 1.786080e-03 9.976716e-01 9.819683e+01
9.972983e-01 2.031185e-02 -7.059445e-02 -3.043655e+00 -2.065599e-02 9.997780e-01 -4.148050e-03 -2.242127e+00 7.049453e-02 5.595041e-03 9.974965e-01 1.000200e+02
9.976861e-01 2.685736e-02 -6.245978e-02 -3.132396e+00 -2.695920e-02 9.996362e-01 -7.880321e-04 -2.291455e+00 6.241590e-02 2.470075e-03 9.980472e-01 1.011196e+02
9.985724e-01 2.754334e-02 -4.576698e-02 -3.182492e+00 -2.741437e-02 9.996182e-01 3.443627e-03 -2.327168e+00 4.584436e-02 -2.184037e-03 9.989462e-01 1.021306e+02
9.994365e-01 2.634999e-02 -2.079597e-02 -3.201967e+00 -2.625239e-02 9.996431e-01 4.952734e-03 -2.369031e+00 2.091905e-02 -4.403998e-03 9.997715e-01 1.030549e+02
9.996254e-01 2.465666e-02 1.187615e-02 -3.182672e+00 -2.467518e-02 9.996945e-01 1.414920e-03 -2.410045e+00 -1.183763e-02 -1.707435e-03 9.999285e-01 1.039074e+02
9.981466e-01 2.187542e-02 5.678845e-02 -3.116159e+00 -2.145346e-02 9.997376e-01 -8.029551e-03 -2.449486e+00 -5.694920e-02 6.796359e-03 9.983540e-01 1.047190e+02
9.659042e-01 5.639536e-03 2.588384e-01 -2.570785e+00 -1.392872e-03 9.998614e-01 -1.658708e-02 -2.565421e+00 -2.588961e-01 1.566100e-02 9.657782e-01 1.069444e+02
9.389078e-01 8.082927e-03 3.440738e-01 -2.279365e+00 -2.030353e-03 9.998368e-01 -1.794759e-02 -2.601080e+00 -3.441628e-01 1.615254e-02 9.387711e-01 1.076167e+02
9.015120e-01 6.907630e-03 4.326990e-01 -1.921488e+00 -1.279666e-04 9.998768e-01 -1.569548e-02 -2.628863e+00 -4.327542e-01 1.409428e-02 9.014018e-01 1.082346e+02
8.539851e-01 5.486594e-03 5.202685e-01 -1.506750e+00 4.312303e-03 9.998354e-01 -1.762231e-02 -2.655967e+00 -5.202796e-01 1.729274e-02 8.538209e-01 1.087943e+02
7.967129e-01 1.146739e-02 6.042492e-01 -1.047012e+00 4.228660e-03 9.996897e-01 -2.454758e-02 -2.682863e+00 -6.043433e-01 2.211254e-02 7.964172e-01 1.093104e+02
7.266640e-01 2.200542e-02 6.866405e-01 -5.307156e-01 -1.000028e-03 9.995197e-01 -3.097424e-02 -2.699185e+00 -6.869924e-01 2.182120e-02 7.263370e-01 1.097910e+02
6.472283e-01 1.957918e-02 7.620447e-01 5.578371e-02 5.453654e-03 9.995256e-01 -3.031273e-02 -2.723636e+00 -7.622767e-01 2.377518e-02 6.468145e-01 1.102064e+02
6.035009e-01 1.731669e-02 7.971742e-01 3.744581e-01 6.707206e-03 9.996185e-01 -2.679201e-02 -2.732922e+00 -7.973341e-01 2.151581e-02 6.031545e-01 1.104040e+02
5.100162e-01 1.318785e-02 8.600637e-01 1.049532e+00 9.403782e-03 9.997372e-01 -2.090598e-02 -2.753607e+00 -8.601135e-01 1.875023e-02 5.097581e-01 1.107304e+02
4.596811e-01 8.542107e-03 8.880429e-01 1.408134e+00 1.226402e-02 9.997973e-01 -1.596535e-02 -2.764267e+00 -8.879994e-01 1.822994e-02 4.594832e-01 1.108567e+02
3.572424e-01 1.240740e-02 9.339293e-01 2.148919e+00 6.274944e-03 9.998573e-01 -1.568353e-02 -2.788461e+00 -9.339906e-01 1.146317e-02 3.571136e-01 1.111029e+02
3.067219e-01 1.787320e-02 9.516313e-01 2.533142e+00 5.747217e-03 9.997706e-01 -2.062973e-02 -2.796272e+00 -9.517819e-01 1.179682e-02 3.065488e-01 1.111851e+02
2.598207e-01 2.006224e-02 9.654484e-01 2.934626e+00 7.048719e-03 9.997181e-01 -2.267132e-02 -2.806532e+00 -9.656312e-01 1.269565e-02 2.596061e-01 1.112656e+02
1.822823e-01 1.918248e-02 9.830591e-01 3.783818e+00 2.177190e-02 9.994858e-01 -2.354004e-02 -2.829807e+00 -9.830052e-01 2.569399e-02 1.817710e-01 1.113644e+02
1.229001e-01 1.931907e-02 9.922310e-01 4.690755e+00 2.545091e-02 9.994203e-01 -2.261146e-02 -2.856964e+00 -9.920927e-01 2.803212e-02 1.223372e-01 1.114470e+02
9.696370e-02 1.560921e-02 9.951655e-01 5.173439e+00 1.880566e-02 9.996698e-01 -1.751219e-02 -2.871679e+00 -9.951103e-01 2.041278e-02 9.663814e-02 1.114895e+02
7.261944e-02 1.214445e-02 9.972858e-01 5.672652e+00 1.372028e-02 9.998191e-01 -1.317437e-02 -2.886056e+00 -9.972654e-01 1.463975e-02 7.243968e-02 1.115178e+02
4.961925e-02 8.990929e-03 9.987277e-01 6.192944e+00 1.713408e-02 9.998046e-01 -9.851892e-03 -2.902144e+00 -9.986213e-01 1.760112e-02 4.945550e-02 1.115272e+02
2.913822e-02 9.131699e-03 9.995337e-01 6.728517e+00 2.461286e-02 9.996485e-01 -9.850263e-03 -2.917163e+00 -9.992724e-01 2.488840e-02 2.890322e-02 1.115183e+02
-3.553242e-03 1.690927e-02 9.998507e-01 7.855335e+00 3.158021e-02 9.993602e-01 -1.678875e-02 -2.935743e+00 -9.994949e-01 3.151583e-02 -4.084969e-03 1.114905e+02
-2.198079e-02 2.258082e-02 9.995033e-01 9.065751e+00 3.081249e-02 9.992852e-01 -2.189828e-02 -2.953427e+00 -9.992835e-01 3.031583e-02 -2.266085e-02 1.114624e+02
-2.478790e-02 1.739682e-02 9.995413e-01 1.036534e+01 3.920624e-02 9.990962e-01 -1.641679e-02 -2.980253e+00 -9.989237e-01 3.878131e-02 -2.544756e-02 1.114116e+02
-2.174809e-02 1.639419e-02 9.996290e-01 1.173050e+01 3.415289e-02 9.992941e-01 -1.564567e-02 -3.009754e+00 -9.991800e-01 3.379994e-02 -2.229265e-02 1.113912e+02
-1.993655e-02 1.883647e-02 9.996238e-01 1.316355e+01 3.319336e-02 9.992838e-01 -1.816806e-02 -3.034345e+00 -9.992501e-01 3.281866e-02 -2.054752e-02 1.113612e+02
-1.875443e-02 1.703650e-02 9.996789e-01 1.465827e+01 3.161099e-02 9.993650e-01 -1.643812e-02 -3.072877e+00 -9.993243e-01 3.129255e-02 -1.928107e-02 1.113363e+02
-1.880614e-02 1.351924e-02 9.997317e-01 1.620084e+01 3.332321e-02 9.993615e-01 -1.288739e-02 -3.118178e+00 -9.992677e-01 3.307190e-02 -1.924464e-02 1.113091e+02
-2.180273e-02 1.095057e-02 9.997023e-01 1.776747e+01 2.961032e-02 9.995084e-01 -1.030268e-02 -3.160636e+00 -9.993237e-01 2.937688e-02 -2.211626e-02 1.112760e+02
-2.447946e-02 7.293772e-03 9.996737e-01 1.937151e+01 3.473776e-02 9.993757e-01 -6.440963e-03 -3.193647e+00 -9.990966e-01 3.456875e-02 -2.471755e-02 1.112251e+02
-2.742417e-02 9.939064e-03 9.995745e-01 2.100565e+01 2.777439e-02 9.995721e-01 -9.177032e-03 -3.232298e+00 -9.992380e-01 2.751089e-02 -2.768849e-02 1.111890e+02
-2.877537e-02 1.693819e-02 9.994424e-01 2.265838e+01 2.997996e-02 9.994212e-01 -1.607467e-02 -3.273148e+00 -9.991363e-01 2.950068e-02 -2.926652e-02 1.111497e+02
-3.061397e-02 1.071316e-02 9.994739e-01 2.433823e+01 2.329981e-02 9.996785e-01 -1.000168e-02 -3.326366e+00 -9.992597e-01 2.298136e-02 -3.085374e-02 1.111280e+02
-3.049090e-02 -5.349902e-04 9.995349e-01 2.602725e+01 1.837372e-02 9.998306e-01 1.095637e-03 -3.370419e+00 -9.993662e-01 1.839858e-02 -3.047590e-02 1.110993e+02
-2.940461e-02 3.384421e-03 9.995618e-01 2.769648e+01 1.770798e-02 9.998391e-01 -2.864439e-03 -3.417654e+00 -9.994108e-01 1.761599e-02 -2.945981e-02 1.110665e+02
-2.765042e-02 2.203755e-02 9.993747e-01 2.934025e+01 2.260636e-02 9.995150e-01 -2.141519e-02 -3.464646e+00 -9.993620e-01 2.200008e-02 -2.813520e-02 1.110185e+02
-2.511623e-02 7.842711e-03 9.996538e-01 3.100291e+01 2.644169e-02 9.996246e-01 -7.178141e-03 -3.524637e+00 -9.993348e-01 2.625224e-02 -2.531418e-02 1.109727e+02
-2.448426e-02 5.625083e-03 9.996844e-01 3.263728e+01 2.725401e-02 9.996162e-01 -4.957200e-03 -3.574008e+00 -9.993287e-01 2.712402e-02 -2.462818e-02 1.109310e+02
-2.711108e-02 6.831514e-03 9.996091e-01 3.425559e+01 2.235531e-02 9.997307e-01 -6.226037e-03 -3.619497e+00 -9.993825e-01 2.217777e-02 -2.725650e-02 1.108957e+02
-3.118245e-02 7.053685e-03 9.994888e-01 3.585953e+01 2.094508e-02 9.997601e-01 -6.402152e-03 -3.668997e+00 -9.992943e-01 2.073473e-02 -3.132271e-02 1.108521e+02
-3.528758e-02 6.548349e-03 9.993557e-01 3.745030e+01 1.702129e-02 9.998374e-01 -5.950483e-03 -3.713275e+00 -9.992323e-01 1.680034e-02 -3.539330e-02 1.108119e+02
-3.931675e-02 4.742139e-03 9.992155e-01 3.902353e+01 1.720543e-02 9.998437e-01 -4.068132e-03 -3.764360e+00 -9.990787e-01 1.703198e-02 -3.939220e-02 1.107603e+02
-4.213293e-02 6.779929e-03 9.990890e-01 4.057553e+01 1.752921e-02 9.998280e-01 -6.045719e-03 -3.811300e+00 -9.989583e-01 1.725851e-02 -4.224453e-02 1.106977e+02
-4.474975e-02 4.542984e-03 9.989879e-01 4.211586e+01 1.966984e-02 9.997998e-01 -3.665569e-03 -3.860486e+00 -9.988046e-01 1.948589e-02 -4.483016e-02 1.106260e+02
-4.752738e-02 2.697713e-03 9.988663e-01 4.362563e+01 1.682637e-02 9.998566e-01 -1.899772e-03 -3.908535e+00 -9.987282e-01 1.671699e-02 -4.756596e-02 1.105634e+02
-4.930024e-02 1.121100e-03 9.987834e-01 4.507372e+01 1.575283e-02 9.998758e-01 -3.447660e-04 -3.947128e+00 -9.986598e-01 1.571667e-02 -4.931179e-02 1.105025e+02
-4.963267e-02 3.439404e-03 9.987616e-01 4.577870e+01 1.594992e-02 9.998693e-01 -2.650604e-03 -3.968246e+00 -9.986402e-01 1.579861e-02 -4.968105e-02 1.104722e+02
-4.991082e-02 8.104079e-03 9.987208e-01 4.717652e+01 1.435816e-02 9.998695e-01 -7.395860e-03 -4.011755e+00 -9.986505e-01 1.397065e-02 -5.002068e-02 1.104123e+02
-5.013018e-02 8.979031e-03 9.987023e-01 4.787113e+01 1.465636e-02 9.998585e-01 -8.253750e-03 -4.034285e+00 -9.986352e-01 1.422358e-02 -5.025469e-02 1.103817e+02
-5.019960e-02 8.863095e-03 9.986999e-01 4.856561e+01 1.583562e-02 9.998420e-01 -8.077259e-03 -4.055339e+00 -9.986137e-01 1.540955e-02 -5.033203e-02 1.103479e+02
-5.048020e-02 7.914478e-03 9.986937e-01 4.925400e+01 1.685096e-02 9.998330e-01 -7.071760e-03 -4.074607e+00 -9.985829e-01 1.647196e-02 -5.060514e-02 1.103152e+02
-5.087475e-02 8.507834e-03 9.986688e-01 4.993953e+01 1.311497e-02 9.998832e-01 -7.850075e-03 -4.093812e+00 -9.986190e-01 1.269814e-02 -5.098039e-02 1.102891e+02
-5.083338e-02 8.201674e-03 9.986735e-01 5.062365e+01 1.021682e-02 9.999182e-01 -7.691857e-03 -4.114385e+00 -9.986549e-01 9.812257e-03 -5.091302e-02 1.102629e+02
-5.069705e-02 6.789371e-03 9.986910e-01 5.129886e+01 1.208748e-02 9.999078e-01 -6.184045e-03 -4.131756e+00 -9.986410e-01 1.175814e-02 -5.077445e-02 1.102291e+02
-5.159813e-02 6.404684e-03 9.986474e-01 5.197172e+01 1.276125e-02 9.999020e-01 -5.753386e-03 -4.148661e+00 -9.985864e-01 1.244713e-02 -5.167481e-02 1.101946e+02
-6.012039e-02 5.456290e-03 9.981762e-01 5.330677e+01 5.756207e-03 9.999703e-01 -5.119404e-03 -4.188031e+00 -9.981746e-01 5.437925e-03 -6.015001e-02 1.101320e+02
-7.232000e-02 1.209615e-02 9.973081e-01 5.462746e+01 1.154160e-02 9.998696e-01 -1.129028e-02 -4.221113e+00 -9.973147e-01 1.069401e-02 -7.245018e-02 1.100294e+02
-8.610102e-02 1.289271e-02 9.962030e-01 5.596874e+01 7.212257e-03 9.998981e-01 -1.231719e-02 -4.259740e+00 -9.962603e-01 6.124346e-03 -8.618523e-02 1.099227e+02
-9.601658e-02 1.227851e-02 9.953040e-01 5.732460e+01 4.243196e-03 9.999199e-01 -1.192612e-02 -4.305330e+00 -9.953707e-01 3.078162e-03 -9.606099e-02 1.097920e+02
-9.999902e-02 1.143901e-02 9.949218e-01 5.801252e+01 1.729848e-03 9.999344e-01 -1.132278e-02 -4.323997e+00 -9.949861e-01 5.887941e-04 -1.000122e-01 1.097249e+02
-1.045341e-01 5.579471e-03 9.945056e-01 5.941860e+01 3.960115e-03 9.999786e-01 -5.193927e-03 -4.360434e+00 -9.945134e-01 3.395412e-03 -1.045540e-01 1.095755e+02
-1.078470e-01 1.980980e-03 9.941655e-01 6.086806e+01 2.647993e-03 9.999950e-01 -1.705346e-03 -4.390954e+00 -9.941640e-01 2.448625e-03 -1.078517e-01 1.094297e+02
-1.087612e-01 9.316179e-03 9.940242e-01 6.232941e+01 9.639908e-03 9.999189e-01 -8.316680e-03 -4.420348e+00 -9.940212e-01 8.677766e-03 -1.088422e-01 1.092651e+02
-1.100410e-01 1.596005e-02 9.937989e-01 6.381462e+01 1.875611e-02 9.997263e-01 -1.397843e-02 -4.456517e+00 -9.937501e-01 1.710159e-02 -1.103102e-01 1.090910e+02
-1.104470e-01 7.719378e-03 9.938520e-01 6.531557e+01 1.572797e-02 9.998582e-01 -6.018181e-03 -4.499677e+00 -9.937576e-01 1.496658e-02 -1.105528e-01 1.089344e+02
-1.105493e-01 6.344343e-03 9.938504e-01 6.605966e+01 1.848372e-02 9.998198e-01 -4.326448e-03 -4.579860e+00 -9.936988e-01 1.789176e-02 -1.106467e-01 1.088574e+02
-1.133140e-01 6.359768e-03 9.935389e-01 6.754618e+01 1.731402e-02 9.998403e-01 -4.425430e-03 -4.789634e+00 -9.934084e-01 1.670068e-02 -1.134060e-01 1.087201e+02
-1.155968e-01 7.492320e-03 9.932679e-01 6.828567e+01 1.688045e-02 9.998419e-01 -5.577361e-03 -4.884585e+00 -9.931528e-01 1.612208e-02 -1.157050e-01 1.086478e+02
-1.195878e-01 7.408337e-03 9.927960e-01 6.977011e+01 1.837544e-02 9.998174e-01 -5.247313e-03 -5.019805e+00 -9.926536e-01 1.761554e-02 -1.197021e-01 1.084826e+02
-1.216743e-01 7.133093e-03 9.925444e-01 7.051938e+01 1.797497e-02 9.998260e-01 -4.981908e-03 -5.072470e+00 -9.924073e-01 1.723478e-02 -1.217814e-01 1.083983e+02
-1.246446e-01 8.735687e-03 9.921630e-01 7.202772e+01 1.595162e-02 9.998496e-01 -6.799383e-03 -5.169640e+00 -9.920733e-01 1.497909e-02 -1.247652e-01 1.082285e+02
-1.267926e-01 9.328478e-03 9.918854e-01 7.355163e+01 1.435415e-02 9.998683e-01 -7.568673e-03 -5.250965e+00 -9.918254e-01 1.327801e-02 -1.269098e-01 1.080563e+02
-1.289397e-01 5.671148e-03 9.916362e-01 7.509805e+01 1.260751e-02 9.999122e-01 -4.079163e-03 -5.322302e+00 -9.915723e-01 1.197609e-02 -1.289999e-01 1.078742e+02
-1.326642e-01 2.681364e-03 9.911574e-01 7.666362e+01 1.026652e-02 9.999464e-01 -1.330995e-03 -5.383553e+00 -9.911079e-01 9.999156e-03 -1.326846e-01 1.076848e+02
-1.383602e-01 7.756543e-03 9.903516e-01 7.904660e+01 1.180350e-02 9.999112e-01 -6.182375e-03 -5.449247e+00 -9.903117e-01 1.083422e-02 -1.384395e-01 1.073781e+02
-1.397558e-01 1.572527e-02 9.900611e-01 8.065616e+01 1.567534e-02 9.997837e-01 -1.366699e-02 -5.497261e+00 -9.900620e-01 1.360950e-02 -1.399720e-01 1.071591e+02
-1.388048e-01 1.447101e-02 9.902140e-01 8.312845e+01 2.165159e-02 9.996985e-01 -1.157458e-02 -5.578164e+00 -9.900831e-01 1.983309e-02 -1.390763e-01 1.068232e+02
-1.381253e-01 1.301215e-02 9.903293e-01 8.396282e+01 2.122319e-02 9.997230e-01 -1.017550e-02 -5.600569e+00 -9.901874e-01 1.961245e-02 -1.383632e-01 1.067162e+02
-1.347013e-01 7.330803e-03 9.908591e-01 8.565017e+01 2.069307e-02 9.997753e-01 -4.583676e-03 -5.645151e+00 -9.906702e-01 1.988649e-02 -1.348228e-01 1.064988e+02
-1.311869e-01 3.194230e-03 9.913525e-01 8.734879e+01 1.948757e-02 9.998099e-01 -6.426705e-04 -5.689906e+00 -9.911661e-01 1.923473e-02 -1.312243e-01 1.062858e+02
-1.276834e-01 1.337617e-02 9.917248e-01 8.904327e+01 2.072071e-02 9.997268e-01 -1.081634e-02 -5.742522e+00 -9.915985e-01 1.916817e-02 -1.279257e-01 1.060757e+02
-1.261059e-01 1.693562e-02 9.918722e-01 8.989495e+01 1.946295e-02 9.997040e-01 -1.459484e-02 -5.767415e+00 -9.918259e-01 1.746426e-02 -1.263982e-01 1.059776e+02
-1.234953e-01 1.196673e-02 9.922730e-01 9.162156e+01 1.793269e-02 9.997909e-01 -9.825554e-03 -5.830094e+00 -9.921832e-01 1.658070e-02 -1.236840e-01 1.057772e+02
-1.228619e-01 1.031533e-02 9.923702e-01 9.248727e+01 1.866495e-02 9.997931e-01 -8.081658e-03 -5.857296e+00 -9.922483e-01 1.752960e-02 -1.230290e-01 1.056748e+02
-1.217251e-01 9.881780e-03 9.925146e-01 9.421112e+01 1.754070e-02 9.998157e-01 -7.803231e-03 -5.910917e+00 -9.924089e-01 1.645954e-02 -1.218760e-01 1.054745e+02
-1.198438e-01 7.271893e-03 9.927661e-01 9.593646e+01 2.234193e-02 9.997397e-01 -4.625927e-03 -5.961976e+00 -9.925414e-01 2.162592e-02 -1.199751e-01 1.052677e+02
-1.183018e-01 1.141515e-02 9.929121e-01 9.764589e+01 2.579424e-02 9.996318e-01 -8.419119e-03 -6.012871e+00 -9.926426e-01 2.461541e-02 -1.185527e-01 1.050653e+02
-1.172208e-01 5.690447e-03 9.930896e-01 1.002020e+02 1.305697e-02 9.999060e-01 -4.188312e-03 -6.095973e+00 -9.930201e-01 1.247578e-02 -1.172840e-01 1.047876e+02
-1.183671e-01 6.041275e-03 9.929515e-01 1.010431e+02 9.720484e-03 9.999406e-01 -4.925050e-03 -6.123256e+00 -9.929224e-01 9.069002e-03 -1.184188e-01 1.046963e+02
-1.209697e-01 1.392892e-02 9.925585e-01 1.035359e+02 6.373522e-03 9.998918e-01 -1.325505e-02 -6.203992e+00 -9.926358e-01 4.722631e-03 -1.210454e-01 1.044140e+02
-1.214188e-01 1.298786e-02 9.925164e-01 1.043613e+02 7.534352e-03 9.998976e-01 -1.216274e-02 -6.235915e+00 -9.925728e-01 6.001179e-03 -1.215042e-01 1.043147e+02
-1.225016e-01 1.645980e-02 9.923318e-01 1.059907e+02 9.949292e-03 9.998326e-01 -1.535600e-02 -6.298760e+00 -9.924185e-01 7.991859e-03 -1.226449e-01 1.041174e+02
-1.243020e-01 1.823554e-02 9.920768e-01 1.076027e+02 7.972666e-03 9.998172e-01 -1.737889e-02 -6.362544e+00 -9.922124e-01 5.749264e-03 -1.244246e-01 1.039256e+02
-1.296089e-01 1.774251e-02 9.914064e-01 1.091918e+02 5.753134e-03 9.998365e-01 -1.714126e-02 -6.429851e+00 -9.915485e-01 3.482031e-03 -1.296898e-01 1.037315e+02
-1.327292e-01 2.076343e-02 9.909348e-01 1.099770e+02 5.471096e-03 9.997806e-01 -2.021597e-02 -6.461637e+00 -9.911373e-01 2.738246e-03 -1.328137e-01 1.036312e+02
-1.393824e-01 2.211545e-02 9.899916e-01 1.115346e+02 4.017233e-03 9.997550e-01 -2.176797e-02 -6.526005e+00 -9.902305e-01 9.429535e-04 -1.394371e-01 1.034269e+02
-1.448094e-01 2.128516e-02 9.892306e-01 1.130783e+02 7.013069e-03 9.997655e-01 -2.048523e-02 -6.588770e+00 -9.894347e-01 3.971085e-03 -1.449247e-01 1.032107e+02
-1.488051e-01 3.176362e-02 9.883563e-01 1.145994e+02 -4.000436e-04 9.994819e-01 -3.218142e-02 -6.664413e+00 -9.888665e-01 -5.184145e-03 -1.487153e-01 1.030043e+02
-1.540003e-01 3.424775e-02 9.874771e-01 1.161173e+02 6.069612e-03 9.994130e-01 -3.371515e-02 -6.732518e+00 -9.880522e-01 8.014589e-04 -1.541177e-01 1.027662e+02
-1.597956e-01 2.329694e-02 9.868752e-01 1.176391e+02 3.079438e-03 9.997284e-01 -2.310175e-02 -6.812258e+00 -9.871453e-01 -6.525398e-04 -1.598240e-01 1.025331e+02
-1.639985e-01 3.001508e-02 9.860038e-01 1.191312e+02 4.911652e-04 9.995393e-01 -3.034543e-02 -6.880154e+00 -9.864605e-01 -4.492314e-03 -1.639377e-01 1.022948e+02
-1.685537e-01 3.619051e-02 9.850279e-01 1.206114e+02 3.086699e-03 9.993402e-01 -3.618819e-02 -6.955093e+00 -9.856877e-01 -3.059169e-03 -1.685542e-01 1.020532e+02
-1.734488e-01 4.368725e-02 9.838734e-01 1.220792e+02 3.064934e-03 9.990347e-01 -4.382015e-02 -7.031609e+00 -9.848381e-01 -4.585048e-03 -1.734153e-01 1.018119e+02
-1.795086e-01 3.730601e-02 9.830488e-01 1.235470e+02 7.378010e-03 9.993036e-01 -3.657563e-02 -7.116066e+00 -9.837288e-01 6.872995e-04 -1.796589e-01 1.015468e+02
-1.911026e-01 3.472870e-02 9.809555e-01 1.249966e+02 8.903726e-03 9.993941e-01 -3.364693e-02 -7.198722e+00 -9.815297e-01 2.304139e-03 -1.912961e-01 1.012695e+02
-2.097442e-01 3.490405e-02 9.771331e-01 1.264247e+02 6.731302e-03 9.993905e-01 -3.425422e-02 -7.277349e+00 -9.777332e-01 -6.072494e-04 -2.098513e-01 1.009752e+02
-2.338325e-01 3.646334e-02 9.715929e-01 1.278368e+02 8.066085e-03 9.993349e-01 -3.556323e-02 -7.354262e+00 -9.722435e-01 -4.788901e-04 -2.339711e-01 1.006400e+02
-2.566142e-01 3.679370e-02 9.658133e-01 1.292346e+02 1.413778e-02 9.993111e-01 -3.431348e-02 -7.428905e+00 -9.664105e-01 4.849127e-03 -2.569576e-01 1.002649e+02
-2.668005e-01 3.681275e-02 9.630484e-01 1.299272e+02 1.816236e-02 9.992848e-01 -3.316625e-02 -7.464456e+00 -9.635807e-01 8.642454e-03 -2.672783e-01 1.000660e+02
-2.756318e-01 3.765500e-02 9.605255e-01 1.306177e+02 2.381571e-02 9.991932e-01 -3.233675e-02 -7.501316e+00 -9.609683e-01 1.396256e-02 -2.763062e-01 9.985681e+01
-2.832348e-01 3.770564e-02 9.583091e-01 1.313037e+02 2.916264e-02 9.991034e-01 -3.069152e-02 -7.535702e+00 -9.586071e-01 1.925391e-02 -2.840805e-01 9.964198e+01
-2.897949e-01 3.761505e-02 9.563493e-01 1.319861e+02 2.949442e-02 9.991038e-01 -3.035922e-02 -7.571493e+00 -9.566342e-01 1.940902e-02 -2.906446e-01 9.943215e+01
-2.944851e-01 3.618860e-02 9.549706e-01 1.326678e+02 3.289240e-02 9.990745e-01 -2.771687e-02 -7.602966e+00 -9.550899e-01 2.324906e-02 -2.954029e-01 9.921607e+01
-2.966293e-01 3.359043e-02 9.544017e-01 1.333449e+02 3.923959e-02 9.989659e-01 -2.296317e-02 -7.633871e+00 -9.541862e-01 3.063878e-02 -2.976407e-01 9.899266e+01
-2.975246e-01 3.271849e-02 9.541533e-01 1.340170e+02 4.590603e-02 9.987468e-01 -1.993319e-02 -7.665957e+00 -9.536099e-01 3.787077e-02 -2.986538e-01 9.876779e+01
-2.985891e-01 2.994413e-02 9.539119e-01 1.346874e+02 4.720854e-02 9.987475e-01 -1.657458e-02 -7.696836e+00 -9.532135e-01 4.008379e-02 -2.996287e-01 9.855353e+01
-2.983373e-01 3.542957e-02 9.538027e-01 1.353466e+02 5.060939e-02 9.984922e-01 -2.125964e-02 -7.725113e+00 -9.531178e-01 4.192883e-02 -2.996805e-01 9.834062e+01
-2.968336e-01 3.904998e-02 9.541304e-01 1.360050e+02 5.058688e-02 9.984036e-01 -2.512421e-02 -7.752705e+00 -9.535884e-01 4.080876e-02 -2.983351e-01 9.813493e+01
-2.961325e-01 3.945679e-02 9.543315e-01 1.366601e+02 5.251239e-02 9.983078e-01 -2.498022e-02 -7.781433e+00 -9.537023e-01 4.271677e-02 -2.977033e-01 9.792651e+01
-2.943028e-01 3.805680e-02 9.549542e-01 1.373158e+02 5.415976e-02 9.982652e-01 -2.309160e-02 -7.809641e+00 -9.541764e-01 4.492415e-02 -2.958534e-01 9.771838e+01
-2.923629e-01 3.448849e-02 9.556853e-01 1.379665e+02 5.560800e-02 9.982716e-01 -1.901377e-02 -7.844579e+00 -9.546893e-01 4.758482e-02 -2.937755e-01 9.751185e+01
-2.908038e-01 3.523570e-02 9.561337e-01 1.386074e+02 5.699889e-02 9.981848e-01 -1.944944e-02 -7.876691e+00 -9.550834e-01 4.884258e-02 -2.922843e-01 9.731435e+01
-2.841890e-01 3.956027e-02 9.579518e-01 1.398731e+02 5.961113e-02 9.979443e-01 -2.352743e-02 -7.934720e+00 -9.569134e-01 5.041834e-02 -2.859630e-01 9.692653e+01
-2.788728e-01 3.891345e-02 9.595393e-01 1.405034e+02 6.114570e-02 9.978707e-01 -2.269708e-02 -7.965446e+00 -9.583795e-01 5.234209e-02 -2.806584e-01 9.673888e+01
-2.684718e-01 3.498844e-02 9.626519e-01 1.417523e+02 6.244183e-02 9.978705e-01 -1.885424e-02 -8.029376e+00 -9.612616e-01 5.504790e-02 -2.700849e-01 9.637711e+01
-2.643665e-01 3.405038e-02 9.638210e-01 1.423690e+02 6.234759e-02 9.978894e-01 -1.815265e-02 -8.060370e+00 -9.624049e-01 5.529295e-02 -2.659315e-01 9.620436e+01
-2.565355e-01 3.089812e-02 9.660408e-01 1.435939e+02 6.596060e-02 9.977184e-01 -1.439525e-02 -8.112439e+00 -9.642815e-01 6.002772e-02 -2.579883e-01 9.586352e+01
-2.491217e-01 2.804319e-02 9.680661e-01 1.448014e+02 6.736837e-02 9.976611e-01 -1.156397e-02 -8.165921e+00 -9.661263e-01 6.233618e-02 -2.504283e-01 9.553897e+01
-2.408650e-01 3.192500e-02 9.700334e-01 1.459803e+02 6.519589e-02 9.977336e-01 -1.664814e-02 -8.221656e+00 -9.683665e-01 5.923223e-02 -2.424005e-01 9.524410e+01
-2.202235e-01 3.475298e-02 9.748301e-01 1.477253e+02 6.348447e-02 9.977570e-01 -2.122859e-02 -8.301809e+00 -9.733814e-01 5.721153e-02 -2.219359e-01 9.484161e+01
-1.686128e-01 2.947232e-02 9.852416e-01 1.500216e+02 6.281771e-02 9.978422e-01 -1.909873e-02 -8.411951e+00 -9.836787e-01 5.867032e-02 -1.701004e-01 9.440439e+01
-6.359000e-02 2.925630e-02 9.975472e-01 1.528539e+02 4.649933e-02 9.985714e-01 -2.632219e-02 -8.551506e+00 -9.968923e-01 4.471144e-02 -6.485956e-02 9.414214e+01
-1.839191e-02 2.782557e-02 9.994436e-01 1.545327e+02 2.475617e-02 9.993188e-01 -2.736654e-02 -8.635876e+00 -9.995244e-01 2.423906e-02 -1.906824e-02 9.413268e+01
-3.339952e-02 1.870088e-02 9.992671e-01 1.561965e+02 6.110325e-03 9.998100e-01 -1.850682e-02 -8.709648e+00 -9.994234e-01 5.487725e-03 -3.350745e-02 9.412065e+01
-7.151987e-02 1.443012e-02 9.973348e-01 1.578214e+02 9.621680e-03 9.998588e-01 -1.377666e-02 -8.765511e+00 -9.973928e-01 8.610728e-03 -7.164862e-02 9.400733e+01
-1.188025e-01 1.165166e-02 9.928495e-01 1.594012e+02 2.750125e-03 9.999311e-01 -1.140570e-02 -8.813298e+00 -9.929141e-01 1.375433e-03 -1.188264e-01 9.383820e+01
-1.342507e-01 1.100316e-02 9.908863e-01 1.599158e+02 5.077193e-03 9.999328e-01 -1.041573e-02 -8.829814e+00 -9.909344e-01 3.632599e-03 -1.342976e-01 9.375723e+01
-1.629326e-01 7.570467e-03 9.866081e-01 1.609386e+02 6.761994e-03 9.999556e-01 -6.556186e-03 -8.861136e+00 -9.866141e-01 5.603219e-03 -1.629766e-01 9.357816e+01
-1.889989e-01 6.360769e-03 9.819567e-01 1.619306e+02 5.137210e-03 9.999717e-01 -5.488702e-03 -8.890957e+00 -9.819639e-01 4.007156e-03 -1.890262e-01 9.338617e+01
-2.174003e-01 1.130058e-02 9.760171e-01 1.633789e+02 1.394518e-02 9.998669e-01 -8.470543e-03 -8.934349e+00 -9.759830e-01 1.176923e-02 -2.175289e-01 9.304986e+01
-2.255958e-01 9.868399e-03 9.741710e-01 1.643316e+02 1.447832e-02 9.998722e-01 -6.775912e-03 -8.963049e+00 -9.741134e-01 1.257573e-02 -2.257099e-01 9.283529e+01
-2.293559e-01 9.113780e-03 9.732999e-01 1.657438e+02 1.912253e-02 9.998053e-01 -4.855798e-03 -9.013537e+00 -9.731548e-01 1.749824e-02 -2.294855e-01 9.251318e+01
-2.388826e-01 1.377125e-02 9.709508e-01 1.671492e+02 1.685226e-02 9.998076e-01 -1.003439e-02 -9.050522e+00 -9.709022e-01 1.396567e-02 -2.390687e-01 9.218701e+01
-2.497555e-01 1.147022e-02 9.682410e-01 1.681253e+02 1.481258e-02 9.998581e-01 -8.023911e-03 -9.068787e+00 -9.681957e-01 1.233813e-02 -2.498900e-01 9.194609e+01
-2.607071e-01 1.292790e-02 9.653314e-01 1.691260e+02 1.988029e-02 9.997702e-01 -8.020047e-03 -9.096027e+00 -9.652133e-01 1.710018e-02 -2.609042e-01 9.166843e+01
-2.721956e-01 1.590901e-02 9.621104e-01 1.701579e+02 1.869499e-02 9.997620e-01 -1.124251e-02 -9.119045e+00 -9.620604e-01 1.492647e-02 -2.724282e-01 9.138115e+01
-2.827266e-01 1.816067e-02 9.590286e-01 1.712141e+02 2.443884e-02 9.996325e-01 -1.172488e-02 -9.147581e+00 -9.588892e-01 2.012261e-02 -2.830665e-01 9.106242e+01
-2.873398e-01 1.919299e-02 9.576364e-01 1.717484e+02 2.829411e-02 9.995330e-01 -1.154301e-02 -9.163386e+00 -9.574107e-01 2.377870e-02 -2.877487e-01 9.089653e+01
-2.953670e-01 1.606871e-02 9.552487e-01 1.728366e+02 2.678467e-02 9.996048e-01 -8.532921e-03 -9.193889e+00 -9.550084e-01 2.306567e-02 -2.956807e-01 9.056912e+01
-2.981976e-01 1.237120e-02 9.544240e-01 1.733868e+02 2.689337e-02 9.996279e-01 -4.554645e-03 -9.207509e+00 -9.541252e-01 2.430948e-02 -2.984194e-01 9.039703e+01
-3.027064e-01 9.524578e-03 9.530363e-01 1.744808e+02 3.359430e-02 9.994353e-01 6.820323e-04 -9.235795e+00 -9.524916e-01 3.222303e-02 -3.028554e-01 9.003523e+01
-3.044141e-01 9.350867e-03 9.524939e-01 1.755740e+02 3.255291e-02 9.994698e-01 5.917600e-04 -9.260605e+00 -9.519834e-01 3.118658e-02 -3.045571e-01 8.968772e+01
-3.037054e-01 1.132475e-02 9.526987e-01 1.761157e+02 3.320492e-02 9.994477e-01 -1.295251e-03 -9.273390e+00 -9.521872e-01 3.124090e-02 -3.039137e-01 8.951351e+01
-3.006426e-01 1.210122e-02 9.536601e-01 1.771976e+02 3.430652e-02 9.994096e-01 -1.866579e-03 -9.302397e+00 -9.531197e-01 3.215558e-02 -3.008802e-01 8.917394e+01
-2.955264e-01 1.169623e-02 9.552630e-01 1.782718e+02 3.482970e-02 9.993922e-01 -1.461413e-03 -9.333326e+00 -9.546995e-01 3.283963e-02 -2.957541e-01 8.884611e+01
-2.894218e-01 1.599879e-02 9.570679e-01 1.793156e+02 3.706865e-02 9.992976e-01 -5.494994e-03 -9.362912e+00 -9.564837e-01 3.388684e-02 -2.898116e-01 8.853955e+01
-2.820015e-01 1.652123e-02 9.592717e-01 1.803224e+02 3.760260e-02 9.992738e-01 -6.155974e-03 -9.391387e+00 -9.586768e-01 3.433510e-02 -2.824180e-01 8.825564e+01
-2.733511e-01 1.248095e-02 9.618333e-01 1.812821e+02 3.703569e-02 9.993109e-01 -2.441812e-03 -9.417670e+00 -9.612011e-01 3.495468e-02 -2.736250e-01 8.799373e+01
-2.609832e-01 5.114162e-03 9.653298e-01 1.821857e+02 4.013209e-02 9.991789e-01 5.556475e-03 -9.443133e+00 -9.645088e-01 4.019084e-02 -2.609741e-01 8.775348e+01
-2.414348e-01 2.284986e-03 9.704143e-01 1.830265e+02 3.975206e-02 9.991811e-01 7.537411e-03 -9.464732e+00 -9.696025e-01 4.039575e-02 -2.413280e-01 8.756152e+01
-2.125689e-01 3.764842e-03 9.771388e-01 1.838335e+02 3.735659e-02 9.992928e-01 4.276428e-03 -9.483133e+00 -9.764318e-01 3.741160e-02 -2.125592e-01 8.740983e+01
-1.717367e-01 1.097173e-02 9.850818e-01 1.846231e+02 3.901595e-02 9.992292e-01 -4.327365e-03 -9.502342e+00 -9.843700e-01 3.769073e-02 -1.720324e-01 8.729367e+01
-1.181119e-01 8.604454e-03 9.929630e-01 1.854134e+02 3.571887e-02 9.993521e-01 -4.411101e-03 -9.524231e+00 -9.923577e-01 3.494651e-02 -1.183428e-01 8.723365e+01
-5.616419e-02 5.016196e-03 9.984089e-01 1.861937e+02 2.635121e-02 9.996465e-01 -3.540066e-03 -9.547399e+00 -9.980738e-01 2.611045e-02 -5.627652e-02 8.724422e+01
5.721284e-03 -1.150342e-03 9.999830e-01 1.869520e+02 1.662550e-02 9.998612e-01 1.055078e-03 -9.574536e+00 -9.998455e-01 1.661917e-02 5.739613e-03 8.729783e+01
6.861960e-02 -8.516294e-03 9.976065e-01 1.876973e+02 1.440293e-02 9.998678e-01 7.544902e-03 -9.601021e+00 -9.975390e-01 1.385073e-02 6.873318e-02 8.738579e+01
1.351236e-01 -1.098431e-02 9.907678e-01 1.884238e+02 1.319666e-02 9.998698e-01 9.285428e-03 -9.620615e+00 -9.907409e-01 1.182014e-02 1.352510e-01 8.752595e+01
2.076712e-01 -7.456692e-03 9.781702e-01 1.891549e+02 1.222124e-02 9.999127e-01 5.027795e-03 -9.633802e+00 -9.781224e-01 1.091032e-02 2.077442e-01 8.772864e+01
3.721213e-01 5.771503e-03 9.281661e-01 1.906013e+02 1.364474e-03 9.999762e-01 -6.765080e-03 -9.662356e+00 -9.281831e-01 3.783886e-03 3.721046e-01 8.835376e+01
4.594585e-01 1.130725e-02 8.881272e-01 1.913201e+02 8.704227e-04 9.999127e-01 -1.318076e-02 -9.684160e+00 -8.881988e-01 6.829056e-03 4.594086e-01 8.878162e+01
5.448941e-01 1.132756e-02 8.384283e-01 1.920423e+02 9.140241e-03 9.997691e-01 -1.944759e-02 -9.704866e+00 -8.384551e-01 1.826031e-02 5.446648e-01 8.929218e+01
6.241385e-01 1.187157e-02 7.812235e-01 1.927478e+02 1.752189e-03 9.998608e-01 -1.659387e-02 -9.734985e+00 -7.813118e-01 1.172572e-02 6.240308e-01 8.992948e+01
6.976322e-01 1.360725e-02 7.163268e-01 1.934542e+02 -4.660140e-03 9.998846e-01 -1.445516e-02 -9.771782e+00 -7.164409e-01 6.746199e-03 6.976152e-01 9.068449e+01
7.618590e-01 1.254854e-02 6.476213e-01 1.941207e+02 -3.911125e-03 9.998832e-01 -1.477307e-02 -9.805979e+00 -6.477311e-01 8.722066e-03 7.618191e-01 9.152895e+01
8.142510e-01 1.064909e-02 5.804153e-01 1.947637e+02 -3.160408e-03 9.998982e-01 -1.391183e-02 -9.843068e+00 -5.805044e-01 9.493374e-03 8.142018e-01 9.248548e+01
8.539778e-01 1.076167e-02 5.201981e-01 1.953781e+02 -5.811760e-03 9.999210e-01 -1.114519e-02 -9.878410e+00 -5.202770e-01 6.494480e-03 8.539729e-01 9.354895e+01
8.824760e-01 8.530372e-03 4.702801e-01 1.959764e+02 -7.021209e-03 9.999630e-01 -4.963022e-03 -9.912797e+00 -4.703050e-01 1.077812e-03 8.825033e-01 9.471148e+01
8.929201e-01 6.551292e-03 4.501676e-01 1.962715e+02 -6.486757e-03 9.999775e-01 -1.686020e-03 -9.928192e+00 -4.501685e-01 -1.414647e-03 8.929425e-01 9.532711e+01
9.093690e-01 1.215774e-04 4.159903e-01 1.968516e+02 -3.065167e-04 9.999999e-01 3.777946e-04 -9.951735e+00 -4.159902e-01 -4.710632e-04 9.093690e-01 9.660743e+01
9.237788e-01 -6.958991e-03 3.828633e-01 1.974182e+02 7.193970e-03 9.999738e-01 8.179753e-04 -9.970244e+00 -3.828589e-01 1.998678e-03 9.238047e-01 9.797014e+01
9.365780e-01 -6.943546e-03 3.503904e-01 1.979499e+02 7.585451e-03 9.999711e-01 -4.595440e-04 -9.992522e+00 -3.503771e-01 3.088267e-03 9.366036e-01 9.941105e+01
9.448573e-01 -3.593169e-03 3.274625e-01 1.984618e+02 3.568112e-03 9.999934e-01 6.772963e-04 -1.001358e+01 -3.274628e-01 5.284742e-04 9.448639e-01 1.009262e+02
9.468438e-01 1.394494e-03 3.216908e-01 1.989723e+02 -2.530612e-03 9.999919e-01 3.113582e-03 -1.003702e+01 -3.216839e-01 -3.762150e-03 9.468397e-01 1.024872e+02
9.471344e-01 -2.676734e-03 3.208259e-01 1.995168e+02 1.771992e-03 9.999936e-01 3.111974e-03 -1.005960e+01 -3.208322e-01 -2.378956e-03 9.471331e-01 1.040925e+02
9.470100e-01 -5.571899e-03 3.211557e-01 2.000827e+02 5.777165e-03 9.999832e-01 3.137822e-04 -1.008525e+01 -3.211521e-01 1.558214e-03 9.470264e-01 1.057448e+02
9.465238e-01 -6.084819e-03 3.225766e-01 2.006612e+02 5.676107e-03 9.999814e-01 2.207652e-03 -1.011259e+01 -3.225840e-01 -2.586164e-04 9.465408e-01 1.074441e+02
9.459411e-01 -9.756188e-03 3.241917e-01 2.012524e+02 8.069194e-03 9.999460e-01 6.547610e-03 -1.013595e+01 -3.242381e-01 -3.577688e-03 9.459688e-01 1.091695e+02
