9.993592953603435136e-01 3.718366363319927387e-03 -3.559736687545661526e-02 -3.443286999999999876e-01 -3.712043199390547849e-03 9.999930806442021147e-01 2.437191087850232958e-04 4.389479999999999771e-02 3.559802680154594556e-02 -1.114239931950026884e-04 9.993661831743808621e-01 -9.358899999999999997e-01
9.992967371057084325e-01 1.073145943854411470e-03 -3.748172311497720288e-02 -3.475855999999999946e-01 -1.136064798107184939e-03 9.999979811951328346e-01 -1.657396281287436268e-03 4.236979999999999913e-02 3.747986881859552422e-02 1.698812362184996035e-03 9.992959388839218748e-01 -8.794130000000000003e-01
9.992162382689149247e-01 6.831453855679127949e-04 -3.957830835320363255e-02 -3.488106000000000262e-01 -8.013620355567281509e-04 9.999952651284002014e-01 -2.971117579075805652e-03 4.177870000000000195e-02 3.957609124973131970e-02 3.000505484564587339e-03 9.992120545551029798e-01 -8.514831999999999956e-01
9.991467493368421104e-01 -1.308946016281384512e-03 -4.128026102083258431e-02 -3.502328000000000108e-01 1.116929934468629442e-03 9.999884518914519127e-01 -4.674243388916198526e-03 4.111959999999999921e-02 4.128590264416047428e-02 4.624147928407997508e-03 9.991366730827134779e-01 -8.234860999999999986e-01
9.990099534038733298e-01 -4.827910399982493668e-03 -4.422447604167570323e-02 -3.529006000000000087e-01 4.496515855926507162e-03 9.999610867816544069e-01 -7.589879288241077604e-03 4.015559999999999963e-02 4.425939838213358013e-02 7.383508896345305703e-03 9.989927874870915270e-01 -7.664994000000000529e-01
9.989375660328205786e-01 -5.017489276196400796e-03 -4.581008589587552693e-02 -3.542285000000000017e-01 4.710671818811891162e-03 9.999657631359057941e-01 -6.803096871352209800e-03 3.940409999999999746e-02 4.584265196778750107e-02 6.580072749507020861e-03 9.989270012884683414e-01 -7.375635999999999859e-01
9.988916439197432773e-01 -5.368177844966852581e-03 -4.676180464799993552e-02 -3.560495000000000188e-01 5.031271849709945988e-03 9.999605551999605213e-01 -7.319449963014329312e-03 3.870919999999999916e-02 4.679925224709489961e-02 7.076066054776570212e-03 9.988792516006633759e-01 -7.081568000000000307e-01
9.988358674335814369e-01 -4.832808585460377296e-03 -4.799535278942378830e-02 -3.576720999999999928e-01 4.358803630375740826e-03 9.999407402111435417e-01 -9.975815600849757825e-03 3.792679999999999663e-02 4.804071980223415667e-02 9.755000111052517658e-03 9.987977418945822583e-01 -6.784584999999999644e-01
9.987820824718811608e-01 -3.126880874701601799e-03 -4.923996698950649370e-02 -3.595013000000000236e-01 2.453288879585596282e-03 9.999026707078938481e-01 -1.373428137525107770e-02 3.709839999999999666e-02 4.927811996013611168e-02 1.359675428978152426e-02 9.986925428609035871e-01 -6.483033000000000268e-01
9.986827060043013127e-01 -5.129185320996054905e-04 -5.130876769622911421e-02 -3.637993999999999950e-01 -3.849655955766151773e-04 9.998469954402673388e-01 -1.748821061629941831e-02 3.587919999999999998e-02 5.130988724813569796e-02 1.748492561177353299e-02 9.985297055405684130e-01 -5.863680999999999477e-01
9.986131891461509369e-01 2.392432734241228039e-03 -5.259253491671479069e-02 -3.658318999999999876e-01 -2.948040091672669751e-03 9.999406396373941019e-01 -1.048934035948161959e-02 3.516810000000000075e-02 5.256431796353514679e-02 1.062983852987854465e-02 9.985609640927574082e-01 -5.542029000000000538e-01
9.985426449626461087e-01 4.425431223709403936e-03 -5.378663169865870869e-02 -3.701665000000000094e-01 -4.089423434323535486e-03 9.999714416851879228e-01 6.355503915635830371e-03 3.413080000000000280e-02 5.381322148856863136e-02 -6.126285377867632560e-03 9.985322257295911053e-01 -4.874351000000000100e-01
9.984227319813584467e-01 8.839908823428816939e-03 -5.544280183102202192e-02 -3.755567000000000211e-01 -8.935871622140238377e-03 9.999589743584127444e-01 -1.483171744545129685e-03 3.273489999999999733e-02 5.542741615151424578e-02 1.976262144720080435e-03 9.984607633386012315e-01 -4.186295999999999906e-01
9.983475739960741002e-01 5.715153266609646412e-03 -5.717917907151768425e-02 -3.806715999999999989e-01 -6.081509544323840041e-03 9.999620680197643940e-01 -6.235203549090034651e-03 3.286820000000000019e-02 5.714137500809569198e-02 6.572636059865783094e-03 9.983444614547670737e-01 -3.464247999999999772e-01
9.983159934780135858e-01 4.526877216511582432e-03 -5.783324777905250735e-02 -3.852141000000000037e-01 -3.935447738177695089e-03 9.999388350434335049e-01 1.033626736695400158e-02 3.232190000000000063e-02 5.787650142421123245e-02 -1.009126130113151276e-02 9.982727468123356873e-01 -2.709677999999999809e-01
9.982898048000437008e-01 2.013903119647619550e-03 -5.842439410481870682e-02 -3.900478000000000001e-01 -1.328609304852887418e-03 9.999298948805659393e-01 1.176605802532541822e-02 3.209120000000000028e-02 5.844399395665528935e-02 -1.166831257573004710e-02 9.982224952644722649e-01 -1.928846999999999923e-01
9.983597866801267040e-01 4.108382927186278975e-03 -5.710391868983712149e-02 -3.954387999999999792e-01 -3.777948103109171531e-03 9.999754977329382566e-01 5.893304836220213984e-03 3.220089999999999758e-02 5.712673146734494056e-02 -5.667902917835401268e-03 9.983508458594964052e-01 -1.114359000000000044e-01
9.984781518641007159e-01 -2.227902854693558036e-03 -5.510369042922471511e-02 -4.004687000000000108e-01 1.892109723892103270e-03 9.999793276282615828e-01 -6.145261338831747334e-03 3.151579999999999659e-02 5.511624235053162041e-02 6.031646955835156566e-03 9.984617263892280326e-01 -2.752800000000000039e-02
9.985473605415206011e-01 2.677078154925766821e-04 -5.388039613893135654e-02 -4.056239999999999846e-01 -9.134418177648509236e-04 9.999280556897555128e-01 -1.196031222631018139e-02 2.984859999999999944e-02 5.387331788193672893e-02 1.199215481182554395e-02 9.984757652759335134e-01 5.958890000000000020e-02
9.985186526833444987e-01 1.968849026047824000e-03 -5.437484599473325214e-02 -4.105957000000000079e-01 -2.668136901279606708e-03 9.999146332483374033e-01 -1.279090541434980272e-02 2.771979999999999930e-02 5.434502082909121318e-02 1.291703717403660384e-02 9.984386655482299089e-01 1.495898999999999979e-01
9.984802864419990431e-01 8.051618264105860415e-03 -5.451870348818432105e-02 -4.157455999999999929e-01 -8.928575852609818911e-03 9.998343404825517089e-01 -1.586102534721547247e-02 2.564249999999999863e-02 5.438196502469947596e-02 1.632369551143170866e-02 9.983867681639727598e-01 2.412238999999999911e-01
9.984061003671577117e-01 1.054128900308107936e-02 -5.544492741269162889e-02 -4.206055000000000210e-01 -1.143603044129096885e-02 9.998090579464148364e-01 -1.584502622429129551e-02 2.290750000000000078e-02 5.526731364369891902e-02 1.645384072051673044e-02 9.983360131579712693e-01 3.343495000000000217e-01
9.983271669277674620e-01 1.159086585834791239e-02 -5.664379579999388736e-02 -4.252510999999999930e-01 -1.241604900607632539e-02 9.998215478310896742e-01 -1.423777439499643825e-02 1.986129999999999840e-02 5.646865945864423808e-02 1.491724911965640506e-02 9.982929260380671854e-01 4.289755000000000096e-01
9.982723955928964887e-01 1.272337102564724889e-02 -5.736148557144600535e-02 -4.308634000000000075e-01 -1.337812161008018058e-02 9.998495064301089474e-01 -1.104492433896564485e-02 1.727180000000000035e-02 5.721232436639324404e-02 1.179323200871118874e-02 9.982923768212312865e-01 5.250004999999999811e-01
9.982443310663922098e-01 1.425221820354835404e-02 -5.749025804507783971e-02 -4.370537999999999923e-01 -1.504541474747856343e-02 9.997971795741669165e-01 -1.338787550799354006e-02 1.510670000000000068e-02 5.728779092343801865e-02 1.422933560710491069e-02 9.982562972600237394e-01 6.209812000000000110e-01
9.982006984351307066e-01 1.339593740805160131e-02 -5.844582538194536409e-02 -4.430656000000000039e-01 -1.399497289618369285e-02 9.998535273090063402e-01 -9.852139938776559303e-03 1.261649999999999924e-02 5.830528601466910404e-02 1.065236071008281854e-02 9.982419650736237271e-01 7.186173999999999618e-01
9.981039872243373523e-01 1.380468914655440769e-02 -5.998217438911923605e-02 -4.488145000000000051e-01 -1.405723486718688485e-02 9.998940079047399232e-01 -3.790396296505372901e-03 1.036029999999999937e-02 5.992349151016197750e-02 4.626393169934785339e-03 9.981922518490456975e-01 8.176622999999999530e-01
9.980652380041606930e-01 1.314140553989025413e-02 -6.077075076164663997e-02 -4.555950000000000277e-01 -1.344604269441435247e-02 9.998989862428712128e-01 -4.606652400429652253e-03 8.351600000000000690e-03 6.070407419241331121e-02 5.414865733749973584e-03 9.981411195845641959e-01 9.178876999999999731e-01
9.979723716389157229e-01 1.345889052132533993e-02 -6.220935388936897625e-02 -4.621482000000000090e-01 -1.376481501971329145e-02 9.998951717775014236e-01 -4.491694948897478022e-03 6.738599999999999972e-03 6.214237936280557484e-02 5.338887709612800438e-03 9.980530151074907819e-01 1.018567199999999895e+00
9.978751330874510161e-01 1.357828885329996627e-02 -6.372478981933275832e-02 -4.689519999999999800e-01 -1.357327737976551235e-02 9.999077479588905915e-01 5.115788810681566384e-04 4.406199999999999874e-03 6.372585744322105394e-02 3.544624041544448779e-04 9.979673789505998371e-01 1.118957999999999897e+00
9.977660860726150771e-01 1.683237785197210651e-02 -6.464911862649873331e-02 -4.794039999999999968e-01 -1.736541443390935552e-02 9.998196216194020769e-01 -7.691983253631713181e-03 1.582800000000000092e-03 6.450798295461764031e-02 8.797458762848334168e-03 9.978784118591015329e-01 1.268919700000000095e+00
9.977429299131700402e-01 1.783916858478201695e-02 -6.473646478212137512e-02 -4.863105999999999818e-01 -1.820712604816353275e-02 9.998212375174859723e-01 -5.098388968012004460e-03 -8.970999999999999591e-04 6.463394131065657022e-02 6.265546520981863862e-03 9.978893709011255053e-01 1.369442300000000001e+00
9.977556205328124150e-01 1.710085170301020238e-02 -6.474011558696773916e-02 -4.928289000000000142e-01 -1.724783714257209152e-02 9.998497790749969472e-01 -1.712132466584417693e-03 -3.045200000000000077e-03 6.470111134351250182e-02 2.824916761866622973e-03 9.979006894657418414e-01 1.469978299999999960e+00
9.978287095356012104e-01 1.598332261762727344e-02 -6.389366028502083128e-02 -4.998869000000000229e-01 -1.628985313137957039e-02 9.998581535725102887e-01 -4.279418129665471179e-03 -5.157300000000000079e-03 6.381619787698800117e-02 5.310944611956603181e-03 9.979475370758994490e-01 1.570310199999999989e+00
9.978940966361388165e-01 1.278782824167436910e-02 -6.359122068026185071e-02 -5.098504999999999843e-01 -1.362128720317884456e-02 9.998266937141409016e-01 -1.269027468488952669e-02 -8.487599999999999659e-03 6.341791886898248687e-02 1.352974447322886735e-02 9.978953419977548700e-01 1.719496600000000042e+00
9.979947525025808508e-01 8.467997165740440146e-03 -6.272772115511135449e-02 -5.197656000000000498e-01 -8.860024462862544498e-03 9.999429031728698236e-01 -5.974141003537001941e-03 -1.303909999999999965e-02 6.267355059217460944e-02 6.517930516174336684e-03 9.980127968307603847e-01 1.868948899999999913e+00
9.980554208229903690e-01 2.295408595471705015e-03 -6.229051344485465880e-02 -5.288909000000000526e-01 -2.456275765557290689e-03 9.999938431224754121e-01 -2.506077912918139305e-03 -1.602800000000000058e-02 6.228437745701019546e-02 2.654207324591431431e-03 9.980549140745066383e-01 2.017676100000000083e+00
9.980150172375230611e-01 3.311713655610306044e-03 -6.288925123619981683e-02 -5.375124000000000013e-01 -4.189978107175728814e-03 9.998954643813945387e-01 -1.383851122689476985e-02 -1.969260000000000108e-02 6.283684788281476696e-02 1.407454660650739146e-02 9.979245651280327367e-01 2.165509899999999988e+00
9.980359561007514646e-01 1.181799809364192551e-02 -6.151882030011237429e-02 -5.510475999999999708e-01 -1.235309578989712311e-02 9.998890411640299902e-01 -8.325045614427156390e-03 -2.470589999999999939e-02 6.141360887022084131e-02 9.068642739425930230e-03 9.980712040553019193e-01 2.366716600000000170e+00
9.980518114935550411e-01 8.885275218482559939e-03 -6.175462297451887045e-02 -5.573006000000000348e-01 -9.293364587430460316e-03 9.999368172505741503e-01 -6.324150649439150632e-03 -2.712900000000000034e-02 6.169452932860617494e-02 6.885738238092400584e-03 9.980713259381005509e-01 2.466295699999999869e+00
9.979243248542684075e-01 5.254038159376192736e-03 -6.418283997434440225e-02 -5.699096000000000162e-01 -5.721389424436631142e-03 9.999584274543024121e-01 -7.099934237199761154e-03 -3.249810000000000199e-02 6.414286840488525598e-02 7.452412102026799608e-03 9.979128989980313724e-01 2.663868200000000019e+00
9.978151590930620651e-01 7.844538200927401311e-03 -6.560008768669016443e-02 -5.763264000000000165e-01 -8.346891877242763186e-03 9.999378770231405200e-01 -7.387251887159084103e-03 -3.478690000000000254e-02 6.553806283433212532e-02 7.918668756104611448e-03 9.978186493572136495e-01 2.761121499999999784e+00
9.977124047290220066e-01 1.057877838311594570e-02 -6.676860712754972838e-02 -5.830602999999999758e-01 -1.056392028298326624e-02 9.999440345702268473e-01 5.756002706918451374e-04 -3.677840000000000276e-02 6.677095954145739753e-02 1.310547128666267813e-04 9.977683206970320295e-01 2.856604299999999874e+00
9.976160176608195318e-01 1.173727108552696276e-02 -6.800380705543133952e-02 -5.899387999999999854e-01 -1.178789284121856996e-02 9.999304614958384185e-01 -3.431546059942898789e-04 -3.895339999999999914e-02 6.799505047377661648e-02 1.143958121838318989e-03 9.976850026290282614e-01 2.951793900000000193e+00
9.976049144093619425e-01 1.173388354115316792e-02 -6.816707946899505655e-02 -5.937141000000000224e-01 -1.185357032052993323e-02 9.999288305523076348e-01 -1.351555012082704789e-03 -3.969439999999999774e-02 6.814636906648721681e-02 2.156341192179196155e-03 9.976730038322761951e-01 2.998718300000000170e+00
9.975644047121510205e-01 1.090733298153908834e-02 -6.889331272715648602e-02 -5.969518000000000324e-01 -1.102689168363462854e-02 9.999382834333396808e-01 -1.355353896017426384e-03 -4.091499999999999998e-02 6.887427757217742808e-02 2.111731899624039697e-03 9.976231124414143281e-01 3.045223200000000130e+00
9.975106487811299383e-01 9.939201244904797769e-03 -6.981201792573123177e-02 -6.001020000000000243e-01 -1.003035418177103573e-02 9.999492384515296095e-01 -9.552566117605040472e-04 -4.193890000000000118e-02 6.979897967189464814e-02 1.653117908488916862e-03 9.975597073047522967e-01 3.091189099999999801e+00
9.974745948008919560e-01 8.180548167523256711e-03 -7.055148020045613755e-02 -6.033275000000000166e-01 -8.174716904318214336e-03 9.999665174774556853e-01 3.713859767867627032e-04 -4.288109999999999838e-02 7.055215609980163005e-02 2.062903011092311143e-04 9.975080705006756920e-01 3.136546399999999846e+00
9.974250770957681089e-01 8.868514756697306461e-03 -7.116575740137440209e-02 -6.065477000000000229e-01 -8.658971992166378251e-03 9.999572211315899128e-01 3.252400779063691506e-03 -4.409539999999999987e-02 7.119155697510703984e-02 -2.627803797664130230e-03 9.974592006005363887e-01 3.180923500000000015e+00
9.973698681853311321e-01 7.643451248807519617e-03 -7.207581903095132414e-02 -6.098890000000000144e-01 -7.351448622971577980e-03 9.999636646546059549e-01 4.315735589052662781e-03 -4.501379999999999965e-02 7.210618724574995031e-02 -3.774522955011560925e-03 9.973898188458427683e-01 3.224706600000000201e+00
9.972023526598909893e-01 6.588342405914144814e-03 -7.445845548976277872e-02 -6.131206000000000156e-01 -6.267826987199099156e-03 9.999700623865220850e-01 4.537474578855441552e-03 -4.581269999999999787e-02 7.448612081748580416e-02 -4.058087608425196662e-03 9.972137933916304098e-01 3.267335899999999960e+00
9.969487799487736224e-01 5.898114135313340702e-03 -7.783535448816765456e-02 -6.164439000000000446e-01 -5.625867335318282363e-03 9.999772682020259262e-01 3.716543547304655259e-03 -4.667650000000000271e-02 7.785550574864504025e-02 -3.267312176763961188e-03 9.969592995181710826e-01 3.308956600000000137e+00
9.964219674117583692e-01 5.163533941493880786e-03 -8.435994770337321147e-02 -6.233303000000000038e-01 -4.902637614342706535e-03 9.999825384791396488e-01 3.299527426530983291e-03 -4.839740000000000014e-02 8.437551187224440197e-02 -2.874135357118516934e-03 9.964298833045132087e-01 3.389152499999999790e+00
9.958806402065440988e-01 7.758805916476355438e-03 -9.034130501910156430e-02 -6.306781999999999666e-01 -7.302810266269549669e-03 9.999588779104802150e-01 5.376936881559796211e-03 -4.988879999999999704e-02 9.037930860555840051e-02 -4.695041934196265976e-03 9.958963486012073485e-01 3.465143199999999979e+00
9.953115092404867248e-01 1.043130260538478564e-02 -9.615709801870846174e-02 -6.379280999999999979e-01 -9.719297633429270847e-03 9.999217959814931111e-01 7.870017449669372903e-03 -5.133709999999999662e-02 9.623167268076258940e-02 -6.898539490368730404e-03 9.953350568155240330e-01 3.536004500000000217e+00
9.947576066720738019e-01 1.416778100447136333e-02 -1.012747646230649640e-01 -6.455165000000000486e-01 -1.351692072403656679e-02 9.998833632075132538e-01 7.110051685625802705e-03 -5.252539999999999987e-02 1.013636859145718855e-01 -5.703855033352435260e-03 9.948330861082026466e-01 3.602120199999999883e+00
9.941362102707191895e-01 1.754400098442179118e-02 -1.067024060554914305e-01 -6.523202000000000167e-01 -1.767944150253269314e-02 9.998436541359615459e-01 -3.234690189046027665e-04 -5.375710000000000210e-02 1.066800486348356142e-01 2.208011210631360619e-03 9.942909493250770003e-01 3.662586899999999979e+00
9.937616406935626534e-01 2.350200349063893621e-02 -1.090204444953531554e-01 -6.619519999999999849e-01 -2.403114763971538406e-02 9.997049351220029800e-01 -3.542123068145872945e-03 -5.569629999999999720e-02 1.089050294024871274e-01 6.139912429154387348e-03 9.940331966520059570e-01 3.744185700000000061e+00
9.944907231627535538e-01 3.016073785704645113e-02 -1.003918892896341480e-01 -6.676936999999999456e-01 -3.038126892519175601e-02 9.995381593562949751e-01 -6.681984175292677262e-04 -5.708590000000000192e-02 1.003253708775542624e-01 3.714550113881341913e-03 9.949477484148264717e-01 3.793580299999999905e+00
9.960567458952173103e-01 3.104277670842896936e-02 -8.311019775491479411e-02 -6.717064999999999841e-01 -3.082968615058540029e-02 9.995172513562442518e-01 3.846387020932253049e-03 -5.821570000000000217e-02 8.318947895309133922e-02 -1.268958426826268708e-03 9.965329399151962031e-01 3.839077000000000073e+00
9.978653929175086423e-01 2.975326702503853712e-02 -5.813261321257520708e-02 -6.737243000000000537e-01 -2.951375349283117192e-02 9.995519956968282882e-01 4.974560608964279443e-03 -5.913600000000000106e-02 5.825457898183210304e-02 -3.248230260406057349e-03 9.982964755160788073e-01 3.880495499999999875e+00
9.992873452040922366e-01 2.841512868503916905e-02 -2.484717643455936278e-02 -6.741192999999999769e-01 -2.840114267461478492e-02 9.995961867889646690e-01 9.156701029730124342e-04 -6.015580000000000233e-02 2.486316170026718272e-02 -2.093293433034125136e-04 9.996908418963796894e-01 3.918967199999999984e+00
9.994648783923126834e-01 2.557499857999871729e-02 2.039304557619535385e-02 -6.721369999999999845e-01 -2.540574477652823154e-02 9.996409488725825909e-01 -8.515953820486069428e-03 -6.123370000000000202e-02 -2.060351893705601040e-02 7.993296238461731693e-03 9.997557712874952651e-01 3.955840799999999824e+00
9.742127211644218132e-01 1.015949108721012073e-02 2.254026589511787249e-01 -6.519565999999999972e-01 -6.212498864318762720e-03 9.998148240951973964e-01 -1.821324730382193127e-02 -6.475390000000000312e-02 -2.255459571335148850e-01 1.634326345434830227e-02 9.740954362691514046e-01 4.056953899999999891e+00
9.498153916276542708e-01 1.278853843239671079e-02 3.125494762625093959e-01 -6.406188999999999911e-01 -7.079760694036575652e-03 9.997868668969492889e-01 -1.939324028874647374e-02 -6.647079999999999655e-02 -3.127308728215379974e-01 1.620722262279990569e-02 9.497034943176392296e-01 4.087185400000000080e+00
9.152323502391713772e-01 1.217653902639806093e-02 4.027424449608227874e-01 -6.258856999999999893e-01 -5.709345660506601888e-03 9.998348278559958668e-01 -1.725457557577084536e-02 -6.759020000000000306e-02 -4.028860241405894937e-01 1.349254992615326124e-02 9.151506994198707057e-01 4.115826600000000113e+00
8.706542767464641175e-01 1.131856215786219803e-02 4.917652087467860311e-01 -6.082937000000000483e-01 -1.533094211038334848e-03 9.997928166163315700e-01 -2.029712946508953342e-02 -6.889389999999999403e-02 -4.918930574883441653e-01 1.691786017973712086e-02 8.704912440695238285e-01 4.141891499999999837e+00
8.157600230230027671e-01 1.808688868914760939e-02 5.781076450757733909e-01 -5.885713000000000195e-01 -2.235772541164027238e-03 9.996020810074860430e-01 -2.811904988877610492e-02 -7.041699999999999349e-02 -5.783861911894632168e-01 2.164587958595554432e-02 8.154758547855944784e-01 4.166409500000000321e+00
7.482050916586667766e-01 2.923379619979402447e-02 6.628231483403358437e-01 -5.655227000000000448e-01 -7.738757836129876028e-03 9.993453671746869160e-01 -3.534046878076097659e-02 -7.145880000000000287e-02 -6.634223786119969324e-01 2.131249085018246253e-02 7.479415253150216714e-01 4.189902799999999594e+00
6.712021421514949848e-01 2.700191060863884468e-02 7.407824115047058067e-01 -5.387450000000000294e-01 -1.256711511289724734e-03 9.993763546798188901e-01 -3.528912556375084220e-02 -7.284509999999999597e-02 -7.412732998344279123e-01 2.275518688914372756e-02 6.708174836885354431e-01 4.210520299999999772e+00
6.285025611176390248e-01 2.518468697942071247e-02 7.773996798367728278e-01 -5.242980000000000418e-01 -2.979101799855249366e-04 9.994833814469372690e-01 -3.213847322012791663e-02 -7.368819999999999537e-02 -7.778074581270695287e-01 1.996751745072018053e-02 6.281853678085490555e-01 4.220178100000000043e+00
5.368131934518663995e-01 2.118209596480750620e-02 8.434351866898527339e-01 -4.935254000000000030e-01 2.746498692306635625e-03 9.996356211586838736e-01 -2.685296362834821426e-02 -7.492360000000000686e-02 -8.436966588063165018e-01 1.673151879626950250e-02 5.365594134835655060e-01 4.237123999999999668e+00
4.871793835155118213e-01 1.761272177034845648e-02 8.731242983157013748e-01 -4.766985000000000250e-01 5.419247723268684827e-03 9.997163844258850629e-01 -2.319013722576592981e-02 -7.563229999999999953e-02 -8.732851081013345285e-01 1.602943362306670158e-02 4.869457641526045988e-01 4.244703799999999916e+00
3.865068760783827440e-01 2.307805258739390949e-02 9.219977430736494561e-01 -4.414230000000000098e-01 -5.279123942057706298e-04 9.996922565930973503e-01 -2.480148012326733459e-02 -7.705109999999999737e-02 -9.222863742095694928e-01 9.099208568565837763e-03 3.864001143255421100e-01 4.257687599999999684e+00
3.366536304187907613e-01 2.816680792958127857e-02 9.412071844481991745e-01 -4.228293000000000190e-01 -7.785773396504144794e-04 9.995604949644951720e-01 -2.963462035626026822e-02 -7.767649999999999555e-02 -9.416282318108216698e-01 9.243799943290085391e-03 3.365275994913849988e-01 4.263100599999999574e+00
2.908096705121231418e-01 3.015687802884931684e-02 9.563055464882465051e-01 -4.032594999999999930e-01 1.337763387563521700e-03 9.994893566945866059e-01 -3.192547953219205398e-02 -7.833629999999999760e-02 -9.567799882552673330e-01 1.056354873111420810e-02 2.906208277334164647e-01 4.267348300000000094e+00
2.151168473386390612e-01 2.926630548524872949e-02 9.761496941321698984e-01 -3.615843999999999725e-01 1.667869996447068209e-02 9.992949796208631108e-01 -3.363576477551808580e-02 -7.982799999999999618e-02 -9.764458832718687642e-01 2.351652754517379040e-02 2.144770616491126214e-01 4.274014000000000202e+00
1.572116502182034359e-01 2.923844738216675732e-02 9.871320125648592736e-01 -3.169043999999999750e-01 1.924819333830066204e-02 9.992810337000925802e-01 -3.266378331555942066e-02 -8.136590000000000489e-02 -9.873773362240398921e-01 2.413563510568317305e-02 1.565358330516199992e-01 4.279929199999999767e+00
1.318180740132491591e-01 2.586076023609543834e-02 9.909365350230298075e-01 -2.928879999999999817e-01 1.303041898209870812e-02 9.995280629644281989e-01 -2.781833078617618540e-02 -8.228689999999999616e-02 -9.911882785548807862e-01 1.657927702251642613e-02 1.314188876410926632e-01 4.283031499999999880e+00
1.077783480675323785e-01 2.222864935646611667e-02 9.939264131894378629e-01 -2.682670999999999806e-01 8.088593929028208354e-03 9.996973132005388951e-01 -2.323481499549830478e-02 -8.313039999999999319e-02 -9.941420433399268397e-01 1.054367712949440608e-02 1.075659264660694392e-01 4.285667899999999975e+00
8.539408776821348634e-02 1.964955957210598111e-02 9.961534744118785145e-01 -2.427468999999999877e-01 1.226720823305114082e-02 9.997089923027462355e-01 -2.077128573763497091e-02 -8.417180000000000495e-02 -9.962717326996695100e-01 1.399376710002613391e-02 8.512819219241418711e-02 4.287039799999999623e+00
6.519660078494232680e-02 1.985719273629769563e-02 9.976748443970722136e-01 -2.163132000000000110e-01 2.026754555097092306e-02 9.995693900641797747e-01 -2.121935541110988796e-02 -8.525309999999999833e-02 -9.976665925264953660e-01 2.160385019752742927e-02 6.476606992256528361e-02 4.287793599999999650e+00
3.345123522757117301e-02 2.763708768526262557e-02 9.990581595913358148e-01 -1.606882000000000033e-01 2.532525940679678997e-02 9.992731830667882509e-01 -2.849099576265669287e-02 -8.698480000000000101e-02 -9.991194353518143556e-01 2.625446605525192517e-02 3.272700588849331016e-02 4.289007200000000353e+00
1.629459187655397587e-02 3.239521930241375663e-02 9.993423017374604145e-01 -1.006309999999999982e-01 2.521016362470799091e-02 9.991439423650968488e-01 -3.279984885860720567e-02 -8.836689999999999823e-02 -9.995493654270369843e-01 2.572804309465734351e-02 1.546395398749822458e-02 4.290070499999999676e+00
1.413342989222337621e-02 2.678157009088582424e-02 9.995413916706745727e-01 -3.689479999999999843e-02 3.273254281841881524e-02 9.990930774413905313e-01 -2.723239338236636831e-02 -9.130399999999999627e-02 -9.993642112864169480e-01 3.310241852430940990e-02 1.324398307607921321e-02 4.290378099999999861e+00
1.749660096222286840e-02 2.707009333958309422e-02 9.994804045109414448e-01 3.023309999999999886e-02 2.754352524776062378e-02 9.992410041287567157e-01 -2.754577798283965734e-02 -9.379859999999999587e-02 -9.994674697916360318e-01 2.801117124184884788e-02 1.673771531497370013e-02 4.292404200000000003e+00
1.996871474075607999e-02 2.889133461662185542e-02 9.993830803128861406e-01 1.008349000000000051e-01 2.648734664287116097e-02 9.992162597371219146e-01 -2.941575674323178985e-02 -9.658110000000000306e-02 -9.994496840258756398e-01 2.705840093255683365e-02 1.918780966005018129e-02 4.293654400000000315e+00
2.106043099530566232e-02 2.723928599312187490e-02 9.994070639858797511e-01 1.748738999999999988e-01 2.467675983983102020e-02 9.993100748417371726e-01 -2.775665404202957640e-02 -9.929640000000000688e-02 -9.994736193467533836e-01 2.524669519732292491e-02 2.037372355545741254e-02 4.295942300000000103e+00
2.104338624371984712e-02 2.365656889627366921e-02 9.994986456436313338e-01 2.515460999999999947e-01 2.610228683083258561e-02 9.993662420965608861e-01 -2.420299113743687794e-02 -1.022639999999999938e-01 -9.994377652048166416e-01 2.659851322637717466e-02 2.041255928460883329e-02 4.297632199999999791e+00
1.876786973114923443e-02 2.100933002721741896e-02 9.996031087974677209e-01 3.296763999999999806e-01 2.261993581357563468e-02 9.995143825605646848e-01 -2.143216177530135949e-02 -1.050936999999999982e-01 -9.995679594552560054e-01 2.301319418030514999e-02 1.828352602960481299e-02 4.299654000000000309e+00
1.657108957043094966e-02 1.692602082586093515e-02 9.997194150407658908e-01 4.100184000000000051e-01 2.667189520836945466e-02 9.994934172166960451e-01 -1.736430092129787744e-02 -1.075031999999999932e-01 -9.995068829159919899e-01 2.695215686163446311e-02 1.611124588799195401e-02 4.300686800000000254e+00
1.389536782809963275e-02 2.103210953557372795e-02 9.996822340731102985e-01 4.911615999999999760e-01 2.087464913870646158e-02 9.995547631303625113e-01 -2.131958082939022434e-02 -1.102114000000000010e-01 -9.996855344438356772e-01 2.116425930403968356e-02 1.345014319082349363e-02 4.302591800000000077e+00
1.205433673740198552e-02 2.697768089352855364e-02 9.995633535196397634e-01 5.735168000000000488e-01 2.219511682446759226e-02 9.993824763036684988e-01 -2.724046340090022569e-02 -1.134404999999999997e-01 -9.996809839918781027e-01 2.251379112354233089e-02 1.144812011973805888e-02 4.303726700000000349e+00
9.367394818155577382e-03 2.112103770355232280e-02 9.997330412068242689e-01 6.570411999999999919e-01 1.567197154951729260e-02 9.996510092017245608e-01 -2.126614938640266836e-02 -1.165153000000000022e-01 -9.998333067177106459e-01 1.586699619647006024e-02 9.033117381573863014e-03 4.305545799999999979e+00
8.666064827218251596e-03 1.081466551583026500e-02 9.999039665538842492e-01 7.414849000000000023e-01 1.085556856577885032e-02 9.998815735361237245e-01 -1.090850741572168582e-02 -1.190496999999999944e-01 -9.999035233218873664e-01 1.094905990055276661e-02 8.547639192782008344e-03 4.307087400000000343e+00
1.005702128795534812e-02 1.683885708088260491e-02 9.998076361055777683e-01 8.241690000000000405e-01 1.083611446023918616e-02 9.997976567589319519e-01 -1.694768900922959814e-02 -1.215861000000000025e-01 -9.998907115011211877e-01 1.100447325220867828e-02 9.872518534964402903e-03 4.307977199999999840e+00
1.198073190638750118e-02 3.284143958281553199e-02 9.993887641499255015e-01 9.060783999999999505e-01 1.522404119807073235e-02 9.993386594578637094e-01 -3.302229977695876617e-02 -1.245866000000000057e-01 -9.998123277058483804e-01 1.561036703886756367e-02 1.147282913344060962e-02 4.308776899999999799e+00
1.395162614436967936e-02 1.931052534474118204e-02 9.997161875946781739e-01 9.888344000000000023e-01 1.970832768505155486e-02 9.996139578587452945e-01 -1.958359195431831276e-02 -1.282259000000000038e-01 -9.997084244657471475e-01 1.997595717067692997e-02 1.356566206747422676e-02 4.310139699999999685e+00
1.424180629478041457e-02 1.710863677347571749e-02 9.997522020486955263e-01 1.070443999999999951e+00 1.987747180598324614e-02 9.996511749648189227e-01 -1.739006917925775553e-02 -1.313485000000000069e-01 -9.997009838286969874e-01 2.012021220589643028e-02 1.389676195109501577e-02 4.311614500000000127e+00
1.056755798929025214e-02 1.801434132514113939e-02 9.997818813245036296e-01 1.151533200000000035e+00 1.364497110739674307e-02 9.997420203724425303e-01 -1.815784858139742400e-02 -1.344358999999999971e-01 -9.998510596491962943e-01 1.383387900221628129e-02 1.031902660771566449e-02 4.313703499999999913e+00
6.228761259659836361e-03 1.849444007133986545e-02 9.998095609762982505e-01 1.231595599999999902e+00 1.256167311226832894e-02 9.997486189571804793e-01 -1.857157133446012479e-02 -1.374545000000000072e-01 -9.999016986193147716e-01 1.267495876356386150e-02 5.994874356588297815e-03 4.315005300000000155e+00
1.849944662455644227e-03 1.823434056411505841e-02 9.998320291573667973e-01 1.310740199999999911e+00 9.266163667811001814e-03 9.997905026246406424e-01 -1.825072799780463190e-02 -1.401460999999999957e-01 -9.999553569613131021e-01 9.298370059337210738e-03 1.680594719862593678e-03 4.316011399999999831e+00
-2.080338352365486768e-03 1.719641577736371121e-02 9.998499664833477851e-01 1.389227599999999896e+00 9.168784370484822643e-03 9.998104299252308369e-01 -1.717665875228548827e-02 -1.429835999999999885e-01 -9.999558018160139561e-01 9.131675483554421019e-03 -2.237614210676364124e-03 4.315968999999999944e+00
-4.661011617019420426e-03 1.844506733883049393e-02 9.998190108522500008e-01 1.466117399999999904e+00 9.435282674538449099e-03 9.997861761077115883e-01 -1.840047566699185358e-02 -1.457450999999999885e-01 -9.999446236725098025e-01 9.347810159925869222e-03 -4.834049405666229760e-03 4.315743900000000188e+00
-7.297017690193765248e-03 1.638397489815899069e-02 9.998391465127605127e-01 1.542769899999999916e+00 1.145364266025354627e-02 9.998015461265254977e-01 -1.629976787627260629e-02 -1.487500999999999962e-01 -9.999077795490143306e-01 1.133286060735083818e-02 -7.483225762606404707e-03 4.315325699999999820e+00
-1.007802274203593168e-02 1.526563436002964166e-02 9.998326829350984157e-01 1.617497699999999927e+00 8.492762325759788122e-03 9.998487046833494096e-01 -1.518027440814192705e-02 -1.513904000000000083e-01 -9.999131494513356921e-01 8.338354190978936736e-03 -1.020614538876563060e-02 4.315357699999999852e+00
-1.150863048288085048e-02 1.397603727009940136e-02 9.998360974712970917e-01 1.689591400000000077e+00 8.134528535858682324e-03 9.998705390797779646e-01 -1.388288607651534320e-02 -1.538519000000000136e-01 -9.999006855032691599e-01 7.973422260171302012e-03 -1.162082903897987407e-02 4.315017700000000289e+00
-1.196889387965283970e-02 1.645870747814100546e-02 9.997929068199304936e-01 1.724569400000000030e+00 8.078688325484070787e-03 9.998334851719647975e-01 -1.636266249185092808e-02 -1.552647000000000055e-01 -9.998957347514974003e-01 7.881172313274415614e-03 -1.209986564930287667e-02 4.315006699999999640e+00
-1.216971394714919802e-02 2.093999506350772977e-02 9.997066643116790940e-01 1.794097099999999889e+00 6.153506630131666891e-03 9.997633384830122427e-01 -2.086627377983158588e-02 -1.579099999999999948e-01 -9.999070118859038070e-01 5.897765003985272307e-03 -1.229568824264337668e-02 4.314628100000000188e+00
-1.228487366145378408e-02 2.197202658002957165e-02 9.996831057525622510e-01 1.828257100000000079e+00 7.065459461771934555e-03 9.997354984516655385e-01 -2.188635232728102648e-02 -1.591905000000000125e-01 -9.998995755383218720e-01 6.794349385062284884e-03 -1.243686675644339878e-02 4.314318199999999770e+00
-1.256345529844670947e-02 2.180066674993371215e-02 9.996833951407927410e-01 1.862674500000000011e+00 7.992860829411193441e-03 9.997325483525226764e-01 -2.170128890947813083e-02 -1.604896000000000100e-01 -9.998891307373661830e-01 7.717687077700732985e-03 -1.273434487694968809e-02 4.314200900000000338e+00
-1.278481101287839809e-02 2.118039942556552285e-02 9.996939228021436419e-01 1.896970700000000010e+00 8.742612462027118253e-03 9.997397862390308143e-01 -2.106956425927484361e-02 -1.617926000000000086e-01 -9.998800504734074446e-01 8.470566150524270685e-03 -1.296665625309012526e-02 4.313814599999999722e+00
-1.314501529422223633e-02 2.156248783660932519e-02 9.996810829915762087e-01 1.930594399999999933e+00 5.014932057038120478e-03 9.997563099211568272e-01 -2.149816804509864857e-02 -1.630600000000000105e-01 -9.999010246166256666e-01 4.730738962158458766e-03 -1.324994639589005541e-02 4.313855199999999890e+00
-1.293172783140628633e-02 2.192864665148835587e-02 9.996758999152317582e-01 1.964128700000000061e+00 2.250537474955113804e-03 9.997576041197169250e-01 -2.190132612143184249e-02 -1.644525000000000015e-01 -9.999138490371899390e-01 1.966586087019481233e-03 -1.297794447491917857e-02 4.313657799999999654e+00
-1.283344263899034374e-02 2.076905547658549483e-02 9.997019301194941532e-01 1.997582900000000050e+00 4.276609591412334696e-03 9.997762601681277062e-01 -2.071569971386257036e-02 -1.656507000000000118e-01 -9.999085024943202837e-01 4.009481118898048160e-03 -1.291939242854767134e-02 4.313291099999999823e+00
-1.320933638885265528e-02 2.012886477502728866e-02 9.997101291049493854e-01 2.030822300000000080e+00 4.704045253450559599e-03 9.997875457163976076e-01 -2.006826820220645319e-02 -1.668545999999999918e-01 -9.999016878625716087e-01 4.437593182217926605e-03 -1.330121709955556231e-02 4.312503300000000372e+00
-2.253625106047613472e-02 1.937000447538142489e-02 9.995583626356008278e-01 2.097418999999999922e+00 -2.421078543667696051e-03 9.998082993613910396e-01 -1.942943403108812750e-02 -1.696114999999999984e-01 -9.997430948832930486e-01 -2.857875908208221474e-03 -2.248503454452988048e-02 4.312329300000000032e+00
-3.520442179642740282e-02 2.581561344432464766e-02 9.990466469532206517e-01 2.163482699999999870e+00 3.619413765056240725e-03 9.996630453352348677e-01 -2.570400037117826636e-02 -1.720070999999999961e-01 -9.993735780627668319e-01 2.711068714993285569e-03 -3.528599688893652164e-02 4.310132000000000296e+00
-4.869636233214270221e-02 2.697926043727714301e-02 9.984491893941694896e-01 2.230194800000000033e+00 -7.741894586725060062e-04 9.996338082825846350e-01 -2.704902898698669650e-02 -1.746212000000000042e-01 -9.988133283683685582e-01 -2.090178153732013058e-03 -4.865764306855513421e-02 4.307439800000000041e+00
-5.885836243100303622e-02 2.675473186052210184e-02 9.979077499924587924e-01 2.298049699999999973e+00 -3.099287665180154930e-03 9.996310681238723683e-01 -2.698373690752487244e-02 -1.772198000000000107e-01 -9.982615326596074867e-01 -4.681021747185248189e-03 -5.875372709448500874e-02 4.304027999999999743e+00
-6.278043096347979413e-02 2.618728882846024092e-02 9.976837391637964902e-01 2.332069900000000029e+00 -5.380560746480822845e-03 9.996322883757694511e-01 -2.657701267404034146e-02 -1.784763000000000044e-01 -9.980128591626928891e-01 -7.036614273745057935e-03 -6.261644357091311619e-02 4.302019099999999874e+00
-6.679319546840382926e-02 2.011792076229140802e-02 9.975640021087979203e-01 2.401856899999999850e+00 -2.098335208152779519e-03 9.997916639265066463e-01 -2.030334288784847729e-02 -1.808614000000000055e-01 -9.977646345849675580e-01 -3.449348818180772783e-03 -6.673706589487349294e-02 4.297337100000000021e+00
-6.997736018330401320e-02 1.700774098974137602e-02 9.974035822114344363e-01 2.473267100000000163e+00 -3.386022890531120884e-03 9.998448363941255801e-01 -1.728693104599877267e-02 -1.833855000000000068e-01 -9.975428331208442412e-01 -4.586925160735455705e-03 -6.990891364346085712e-02 4.293172799999999789e+00
-7.060415302443096008e-02 2.417869744222404804e-02 9.972113337531318678e-01 2.545235900000000218e+00 3.890958526179530419e-03 9.997052578088040375e-01 -2.396367983386903447e-02 -1.860373999999999917e-01 -9.974968240638415473e-01 2.188172623450650861e-03 -7.067742131062570987e-02 4.287971500000000269e+00
-7.150647112937813521e-02 3.025415453381744349e-02 9.969811987796295405e-01 2.618717699999999926e+00 1.272555767773290644e-02 9.994862047446049225e-01 -2.941745582160840145e-02 -1.888701000000000130e-01 -9.973589548243972924e-01 1.058360329327787813e-02 -7.185473243229301143e-02 4.282285199999999570e+00
-7.217033207117057314e-02 2.307617064814245639e-02 9.971253349087837448e-01 2.693063500000000055e+00 1.078848524176674421e-02 9.996918901991268536e-01 -2.235471440849010061e-02 -1.919420000000000015e-01 -9.973339720248802776e-01 9.144124797638222835e-03 -7.239705261100115585e-02 4.277543099999999932e+00
-7.223893602751675636e-02 2.097806700898339691e-02 9.971667146601809195e-01 2.730208600000000096e+00 1.309658014206934243e-02 9.997125379636424558e-01 -2.008285405202728593e-02 -1.934585000000000055e-01 -9.973013665438318354e-01 1.160870978443669446e-02 -7.249291101167087970e-02 4.274660599999999810e+00
-7.482085019429425554e-02 2.172860173183384716e-02 9.969602340329235535e-01 2.803352400000000078e+00 1.233180667230876840e-02 9.997062885460350490e-01 -2.086296205499994089e-02 -1.964357999999999937e-01 -9.971207383864799656e-01 1.073333630754731705e-02 -7.506682736941339140e-02 4.269527400000000306e+00
-7.702604972233996483e-02 2.231463003415623536e-02 9.967793361374475136e-01 2.839665199999999778e+00 1.171484782371161153e-02 9.997007535868238648e-01 -2.147476701628438928e-02 -1.979526000000000063e-01 -9.969602549774183586e-01 1.002300176469849390e-02 -7.726441244833204269e-02 4.266887200000000213e+00
-8.092032534995974302e-02 2.235013868922847147e-02 9.964699555158844646e-01 2.912473700000000054e+00 1.287303735381659618e-02 9.996886069713483147e-01 -2.137695022617133039e-02 -2.007421000000000066e-01 -9.966374395207837633e-01 1.109776519202026329e-02 -8.118284149497900781e-02 4.261187999999999754e+00
-8.302452374968340154e-02 2.196279549944528398e-02 9.963054572117868712e-01 2.949128400000000205e+00 1.287022917789619990e-02 9.996973659264214440e-01 -2.096506047411108090e-02 -2.021782000000000024e-01 -9.964643925685687798e-01 1.108206540425796596e-02 -8.328206391131920405e-02 4.258379900000000440e+00
