9.997156029217362239e-01 -1.871879516002860787e-03 -2.377413178029840271e-02 -1.068976600000000055e+00 1.972638678027881318e-03 9.999891693230065215e-01 4.215439873769810490e-03 2.028199999999999968e-03 2.376598349480563491e-02 -4.261138786872461538e-03 9.997084678668894941e-01 -1.315727599999999997e+00
9.996735643966861984e-01 -3.768087589162070084e-03 -2.526986668632808311e-02 -1.070027700000000026e+00 3.852479745106745634e-03 9.999871611959787465e-01 3.291784169875519323e-03 1.532500000000000008e-03 2.525713852038534782e-02 -3.388061263894674279e-03 9.996752462648227366e-01 -1.279956799999999895e+00
9.996460929267172446e-01 -4.313564482206367484e-03 -2.625037252701107118e-02 -1.071439699999999995e+00 4.363263578579180263e-03 9.999887949261463405e-01 1.836287857962809120e-03 8.742999999999999470e-04 2.624215744356500971e-02 -1.950175277072535660e-03 9.996537130372176172e-01 -1.243997599999999926e+00
9.995858343787932254e-01 -4.786584650455066522e-03 -2.837689758652232885e-02 -1.072375999999999996e+00 4.801222332919874783e-03 9.999883738390356047e-01 4.477174010873399184e-04 3.302000000000000031e-04 2.837442463490352784e-02 -5.837757663631845282e-04 9.995971944901070882e-01 -1.208559500000000009e+00
9.995189561511477194e-01 -6.850723965684086918e-03 -3.024770860191167490e-02 -1.073626200000000086e+00 6.818429779370706843e-03 9.999760689825488713e-01 -1.170673973649844239e-03 -4.080999999999999992e-04 3.025500470771655057e-02 9.638689510468064067e-04 9.995417478258631361e-01 -1.173133699999999946e+00
9.994509312646969734e-01 -9.262166170394667622e-03 -3.181270614018661541e-02 -1.074580799999999892e+00 9.162081256182315683e-03 9.999526136345872063e-01 -3.290403077578326913e-03 -8.455999999999999541e-04 3.184167491174080128e-02 2.997125821486444196e-03 9.994884316367174115e-01 -1.137215300000000040e+00
9.993406933406674408e-01 -1.039724602507518560e-02 -3.478614535254211798e-02 -1.077032599999999896e+00 1.028771853815539823e-02 9.999415482148384937e-01 -3.326108986719010247e-03 -2.219500000000000119e-03 3.481869441368850432e-02 2.966045988500084791e-03 9.993892440338351113e-01 -1.064381500000000091e+00
9.992676989793912723e-01 -1.020778484554051187e-02 -3.687637326229074863e-02 -1.080505000000000049e+00 9.980421688917008247e-03 9.999300675245571535e-01 -6.344386750977138584e-03 -4.065400000000000263e-03 3.693855654115403564e-02 5.971698994568695740e-03 9.992996957128397195e-01 -9.891250999999999793e-01
9.992294469559743764e-01 -8.542063552843507865e-03 -3.830855630687030056e-02 -1.082254300000000002e+00 8.156507921954115822e-03 9.999146150764981478e-01 -1.020950218852600261e-02 -4.861599999999999776e-03 3.839249555025785188e-02 9.889171182541036526e-03 9.992138012351239329e-01 -9.506750999999999951e-01
9.991915083224388594e-01 -7.571313358471274887e-03 -3.948423622608769612e-02 -1.084170300000000031e+00 7.024986898334497493e-03 9.998779182971138102e-01 -1.395700759147679333e-02 -5.479999999999999628e-03 3.958508880131368646e-02 1.366834722481641458e-02 9.991227136987398394e-01 -9.119199000000000055e-01
9.991607234675417004e-01 -5.750995424923186980e-03 -4.055582241110466946e-02 -1.086276299999999972e+00 5.191648461881722201e-03 9.998901362297373252e-01 -1.388388478508512103e-02 -6.153299999999999569e-03 4.063121295342767003e-02 1.366168079336468541e-02 9.990808090499153638e-01 -8.719405999999999546e-01
9.991235195425935967e-01 -2.950903752034120687e-03 -4.175505794351930949e-02 -1.088541600000000109e+00 2.661032557462701242e-03 9.999719866357126286e-01 -6.996059573379508588e-03 -6.845600000000000296e-03 4.177453294231483344e-02 6.878816095258145392e-03 9.991033831824307487e-01 -8.307303999999999800e-01
9.991020070057430313e-01 -2.117549440502291148e-03 -4.231661117650135223e-02 -1.090847099999999958e+00 2.263460143960046699e-03 9.999916567867790373e-01 3.400456588359650981e-03 -7.435299999999999722e-03 4.230905748504538294e-02 -3.493184964991494137e-03 9.990984642734306309e-01 -7.883347000000000548e-01
9.990812301821504482e-01 -9.968137992310188624e-04 -4.284509143379758994e-02 -1.093342899999999895e+00 1.426199089206860388e-03 9.999490575513958479e-01 9.992410031279558985e-03 -7.983600000000000418e-03 4.283294822772252403e-02 -1.004433493691510998e-02 9.990317561928631074e-01 -7.455486999999999531e-01
9.989866124937931691e-01 3.337843773259152515e-03 -4.488437208117240090e-02 -1.098364700000000083e+00 -3.238885492953558990e-03 9.999921617734656154e-01 2.277281799502592092e-03 -9.500099999999999170e-03 4.489162147817059995e-02 -2.129598688984825263e-03 9.989895931041946620e-01 -6.576908999999999672e-01
9.989017280076676331e-01 1.976758418727500273e-04 -4.685401484992784971e-02 -1.103545699999999963e+00 -3.149829442439410669e-04 9.999968346249507034e-01 -2.496302430395105128e-03 -9.023800000000000224e-03 4.685337308071378659e-02 2.508319026898490119e-03 9.988986283735796778e-01 -5.646934000000000120e-01
9.988675129886009918e-01 -1.152109610330179961e-03 -4.756431581987489304e-02 -1.108320399999999983e+00 1.827771179465504043e-03 9.998980125435750210e-01 1.416417184039340388e-02 -9.414600000000000399e-03 4.754314617778814672e-02 -1.423506778538349837e-02 9.987677468243870704e-01 -4.674318000000000084e-01
9.988231115745019872e-01 -3.507693461967012483e-03 -4.837445473808274499e-02 -1.113345299999999982e+00 4.268177207821974642e-03 9.998687898105328431e-01 1.562644636963197303e-02 -9.327500000000000721e-03 4.831329473294665444e-02 -1.581452653092178806e-02 9.987070272620746092e-01 -3.657885000000000164e-01
9.988703759267381077e-01 -1.550447937342382685e-03 -4.749282269112498761e-02 -1.118972800000000101e+00 2.019699631843350010e-03 9.999496045491552687e-01 9.834082335690908297e-03 -8.829399999999999402e-03 4.747518203624054994e-02 -9.918894756050537428e-03 9.988231688429359822e-01 -2.597588000000000119e-01
9.989217389631722677e-01 -8.034811993055517368e-03 -4.572527991197186670e-02 -1.124095099999999903e+00 7.934471839925726425e-03 9.999657000113154615e-01 -2.375491002160182597e-03 -8.961300000000000168e-03 4.574279815898184276e-02 2.010123656934956465e-03 9.989512279483270252e-01 -1.498851999999999962e-01
9.990027064271004287e-01 -5.632776565525507428e-03 -4.429293825759989672e-02 -1.129972799999999999e+00 5.271213335307525089e-03 9.999518635185254967e-01 -8.275563775473315439e-03 -1.058869999999999950e-02 4.433742055309900648e-02 8.033833082104502657e-03 9.989843095187764810e-01 -3.627090000000000175e-02
9.989913521211781777e-01 -4.359704149751710001e-03 -4.469084209127024282e-02 -1.135368900000000014e+00 3.954912900066605980e-03 9.999503899374503346e-01 -9.142008963776532618e-03 -1.291390000000000073e-02 4.472848143021514872e-02 8.956039507925445467e-03 9.989590343478952361e-01 8.140769999999999951e-02
9.990128834338802832e-01 2.137894823508090271e-03 -4.436990127155983343e-02 -1.141991500000000048e+00 -2.678426892351155886e-03 9.999228836552460642e-01 -1.212653173663072806e-02 -1.540889999999999968e-02 4.434055437752983109e-02 1.223340297304063504e-02 9.989415694069361251e-01 2.024482999999999977e-01
9.989760631738842100e-01 4.481521320097191403e-03 -4.501934220160411226e-02 -1.147615700000000016e+00 -5.035860895876574823e-03 9.999128046360212796e-01 -1.220750711501958526e-02 -1.840829999999999897e-02 4.496070852027356235e-02 1.242171854388058987e-02 9.989115254104197206e-01 3.256664000000000225e-01
9.989250436533050337e-01 5.835026366527251360e-03 -4.598597209524354912e-02 -1.153062000000000031e+00 -6.327528734150707906e-03 9.999240993762178453e-01 -1.057155933522334335e-02 -2.210279999999999884e-02 4.592079640381994954e-02 1.085117293022198892e-02 9.988861459163788092e-01 4.506886999999999976e-01
9.988962190439453215e-01 6.840720431664393253e-03 -4.647093848510284314e-02 -1.159485199999999994e+00 -7.194103277856500264e-03 9.999464338319571377e-01 -7.441394007765739053e-03 -2.497119999999999895e-02 4.641754471897385076e-02 7.767497069654213764e-03 9.988919248504990467e-01 5.781228000000000478e-01
9.988712590663314517e-01 8.169300698753505577e-03 -4.679177638576192261e-02 -1.165955800000000098e+00 -8.631749846067850521e-03 9.999157986438645951e-01 -9.689608712298731011e-03 -2.766719999999999943e-02 4.670867912751022061e-02 1.008256656292897020e-02 9.988576681117622424e-01 7.062716999999999468e-01
9.988384403795490529e-01 7.323284523386474135e-03 -4.762498844030867151e-02 -1.172719400000000078e+00 -7.619502432311129822e-03 9.999527222282867944e-01 -6.041232566509755451e-03 -3.055259999999999920e-02 4.757849517202085432e-02 6.397094029962466406e-03 9.988470173080248316e-01 8.367449000000000137e-01
9.987670954664159551e-01 7.832065316761657736e-03 -4.901987113868298829e-02 -1.179134799999999927e+00 -7.841901577701180376e-03 9.999692517823285387e-01 -8.338801635654220085e-06 -3.315209999999999685e-02 4.901829855497591426e-02 3.927375255104596828e-04 9.987978034437257069e-01 9.693726999999999761e-01
9.987301072185067463e-01 7.028158533459846237e-03 -4.988765301092671495e-02 -1.186661500000000036e+00 -7.083357473562386548e-03 9.999744804775860807e-01 -9.297529153594754443e-04 -3.520890000000000131e-02 4.987984545096143391e-02 1.281944308637122942e-03 9.987544030624234681e-01 1.103455300000000028e+00
9.986712131142913007e-01 7.349377480770206451e-03 -5.100779104680941423e-02 -1.194159299999999924e+00 -7.390123495820909681e-03 9.999725064488411697e-01 -6.102631718137957158e-04 -3.701379999999999948e-02 5.100190360708449500e-02 9.864061371992081592e-04 9.986980689034029579e-01 1.237927599999999906e+00
9.985984517898539581e-01 7.514376843402222755e-03 -5.238956216234232077e-02 -1.201842099999999913e+00 -7.305597813402887192e-03 9.999645961314920228e-01 4.175490889792432027e-03 -3.954239999999999838e-02 5.241908358122443490e-02 -3.786901667231020070e-03 9.986179945566108218e-01 1.372680499999999970e+00
9.985328392689316601e-01 1.115550530781812301e-02 -5.298795714927378303e-02 -1.213985099999999928e+00 -1.137657573420683237e-02 9.999277868400687774e-01 -3.872289979557600077e-03 -4.271839999999999665e-02 5.294093337002937077e-02 4.469430215269903396e-03 9.985876435083006486e-01 1.574055699999999947e+00
9.985172344414191548e-01 1.234476739747289442e-02 -5.301829157340238324e-02 -1.221719699999999964e+00 -1.243523213751799444e-02 9.999217317311878128e-01 -1.376740131104845291e-03 -4.552370000000000028e-02 5.299714638682029993e-02 2.033993511505199740e-03 9.985925922743714711e-01 1.709329099999999935e+00
9.985163508158870771e-01 1.146376371910134452e-02 -5.323231419651919261e-02 -1.228933499999999901e+00 -1.136015613297992367e-02 9.999329432811234764e-01 2.248509235887421239e-03 -4.812870000000000342e-02 5.325452099079139301e-02 -1.640445836401824894e-03 9.985796237313774304e-01 1.845433199999999996e+00
9.985631479309569070e-01 1.051139992640418713e-02 -5.254664657050051729e-02 -1.236680500000000071e+00 -1.056462238430942030e-02 9.999439225476477455e-01 -7.351965048878407634e-04 -5.021769999999999706e-02 5.253597194394381970e-02 1.289275614847745083e-03 9.986182000245610313e-01 1.980479700000000065e+00
9.986082665018389815e-01 9.461596741135931340e-03 -5.188456669666229037e-02 -1.244160699999999897e+00 -9.746844328687215633e-03 9.999387297070230218e-01 -5.247462009151983471e-03 -5.292909999999999976e-02 5.183173834461476948e-02 5.745869735147276190e-03 9.986393021913178014e-01 2.114239700000000166e+00
9.986368681192261398e-01 6.017484880366824607e-03 -5.184781103130407798e-02 -1.250914599999999988e+00 -6.554460284948597504e-03 9.999265686085534455e-01 -1.019296036962459052e-02 -5.627870000000000095e-02 5.178266778948620308e-02 1.051890043865149303e-02 9.986029781901140101e-01 2.247780999999999807e+00
9.986733707844857033e-01 3.548921759502550715e-03 -5.137026027088011787e-02 -1.258245599999999964e+00 -3.661081443206040936e-03 9.999911153530038899e-01 -2.089425213180191605e-03 -5.937110000000000304e-02 5.136238865764760492e-02 2.274724027259138626e-03 9.986774908157189934e-01 2.382138299999999820e+00
9.987014378610963306e-01 3.090441118405240018e-04 -5.094450417773899870e-02 -1.265118699999999929e+00 -8.762613164071229193e-05 9.999905416743234410e-01 4.348434609629220349e-03 -6.131369999999999876e-02 5.094536618613888096e-02 -4.338323827252207540e-03 9.986920188979834245e-01 2.515780700000000092e+00
9.987087880223834979e-01 -4.445548195930492004e-03 -5.060626273594499847e-02 -1.272197699999999987e+00 4.358804926022813962e-03 9.999888362842358491e-01 -1.824315355621041910e-03 -6.333049999999999791e-02 5.061380786384991892e-02 1.601376950481872520e-03 9.987170159987180940e-01 2.649561400000000067e+00
9.987323536067375107e-01 -1.956013896746139086e-03 -5.029771236132328516e-02 -1.279937000000000102e+00 1.465660451517358364e-03 9.999510608415624890e-01 -9.784056483616757061e-03 -6.652329999999999355e-02 5.031438858405749837e-02 9.697934391894036388e-03 9.986863433380587241e-01 2.782833600000000018e+00
9.987901157516988482e-01 4.662843101487700037e-03 -4.895469917095587875e-02 -1.287820600000000093e+00 -5.027357821432857157e-03 9.999605307937958765e-01 -7.325471174278291517e-03 -6.917210000000000025e-02 4.891860944510950659e-02 7.562720991866146714e-03 9.987741360794020196e-01 2.917710800000000049e+00
9.987785453646051970e-01 5.989386571392041510e-03 -4.904635121863574337e-02 -1.294673399999999974e+00 -6.205658847949838998e-03 9.999716772523191688e-01 -4.258461159442058358e-03 -7.250629999999999575e-02 4.901945652112234958e-02 4.557624565718790960e-03 9.987874253016463255e-01 3.051441399999999859e+00
9.987768789986839479e-01 3.343495347791795511e-03 -4.933119719313081714e-02 -1.301212100000000094e+00 -3.457219713306754899e-03 9.999915591873519416e-01 -2.220176998066477475e-03 -7.529370000000000507e-02 4.932335764627329006e-02 2.388010240370618681e-03 9.987800077081988581e-01 3.185198100000000032e+00
9.987216867031591949e-01 6.533631068454003781e-04 -5.054271090322796922e-02 -1.307969900000000019e+00 -5.686457728956880982e-04 9.999984093995378798e-01 1.690514826684542818e-03 -7.793179999999999552e-02 5.054373502998797674e-02 -1.659612920197276213e-03 9.987204696681516447e-01 3.319230800000000148e+00
9.986785259215225086e-01 2.992739584699135365e-04 -5.139175321306602151e-02 -1.315545100000000023e+00 -4.620734536878528219e-04 9.999949131843269834e-01 -3.155961595736430769e-03 -8.091249999999999831e-02 5.139054729557077095e-02 3.175537839193230075e-03 9.986735841144961379e-01 3.451619599999999899e+00
9.985983251962513574e-01 2.562058555092120576e-03 -5.286606445728707360e-02 -1.322786000000000017e+00 -2.748471118395118956e-03 9.999902587839235579e-01 -3.453728966358335459e-03 -8.372240000000000237e-02 5.285670082168485162e-02 3.594188812791282526e-03 9.985956393781343365e-01 3.583344199999999979e+00
9.985309640995055913e-01 5.215559573868210584e-03 -5.393247326836911326e-02 -1.330585799999999930e+00 -4.979069506478022746e-03 9.999773963660664178e-01 4.518365168129872753e-03 -8.586159999999999626e-02 5.395482000119709853e-02 -4.243193994426868246e-03 9.985343623047551187e-01 3.714691900000000047e+00
9.984698128719071697e-01 6.149595218568163456e-03 -5.495648516950926016e-02 -1.338763399999999937e+00 -5.964550287371749547e-03 9.999759795520346550e-01 3.530504045893846730e-03 -8.831089999999999773e-02 5.497687626091665031e-02 -3.197310994636402403e-03 9.984825087496502771e-01 3.843986999999999821e+00
9.984410476721831129e-01 5.235887799267755112e-03 -5.557031403750534171e-02 -1.346964700000000015e+00 -5.111671179163309979e-03 9.999841097203970852e-01 2.377209385176009930e-03 -9.037009999999999488e-02 5.558187781129381166e-02 -2.089446256388711488e-03 9.984519463015293361e-01 3.972132000000000218e+00
9.983505248600698101e-01 2.491583347017885253e-03 -5.735870922578432951e-02 -1.354008600000000007e+00 -2.264444815268875852e-03 9.999893372977747275e-01 4.024621775527473765e-03 -9.247850000000000514e-02 5.736812530754177575e-02 -3.888097630244277420e-03 9.983455217986987318e-01 4.097000099999999811e+00
9.983118940996145163e-01 3.038068609152791248e-03 -5.800113997471161020e-02 -1.357724699999999896e+00 -2.653096600775552323e-03 9.999739468680463039e-01 6.713170902687563661e-03 -9.369049999999999601e-02 5.802002393714571216e-02 -6.547955731968427111e-03 9.982939452376063949e-01 4.158308500000000407e+00
9.981225777912111630e-01 1.094300468608453997e-03 -6.123824140120321530e-02 -1.365151599999999910e+00 -6.172827306467380207e-04 9.999693272308793901e-01 7.807916460421363176e-03 -9.560150000000000592e-02 6.124490726140486424e-02 -7.755456395782061620e-03 9.980926381006099968e-01 4.276744400000000113e+00
9.979159232720389294e-01 2.928251084535639761e-04 -6.452692719764295537e-02 -1.369099000000000066e+00 1.580961766075324301e-04 9.999756068047880309e-01 6.982893454363569771e-03 -9.658179999999999543e-02 6.452739794624447189e-02 -6.978542029099678301e-03 9.978915346195873504e-01 4.333772200000000296e+00
9.974839138773677893e-01 -4.452234907483823773e-04 -7.089177196213429510e-02 -1.377586200000000094e+00 9.031204918182614500e-04 9.999789376552270515e-01 6.427178175591141858e-03 -9.857480000000000409e-02 7.088741728448867685e-02 -6.475030653736162968e-03 9.974633066177261975e-01 4.443357500000000293e+00
9.972699069110551040e-01 1.028854677243140094e-03 -7.383545373103948817e-02 -1.382028599999999940e+00 -4.829021402561138035e-04 9.999724167459902446e-01 7.411649796536985864e-03 -9.937479999999999924e-02 7.384104261952355308e-02 -7.355760004016280613e-03 9.972428957980221664e-01 4.496130499999999586e+00
9.970440786975330871e-01 2.380552085974451705e-03 -7.679477915817801981e-02 -1.386298999999999948e+00 -1.729570195570060732e-03 9.999620181381935202e-01 8.542298749737031391e-03 -1.001786999999999955e-01 7.681219773659626882e-02 -8.384226425683276654e-03 9.970103264390579589e-01 4.547048600000000107e+00
9.965670581841935549e-01 5.182198041112138706e-03 -8.262713455980980060e-02 -1.395156400000000074e+00 -4.308313963820873185e-03 9.999329246599508725e-01 1.075102840598280741e-02 -1.015757000000000049e-01 8.267730627500732843e-02 -1.035813711339045144e-02 9.965225396460678509e-01 4.644449200000000388e+00
9.961013930471303013e-01 8.902188736243356326e-03 -8.776540209712910268e-02 -1.404009700000000027e+00 -8.059859330405913513e-03 9.999180423524771655e-01 9.947223007641689194e-03 -1.028841999999999951e-01 8.784676110785485936e-02 -9.201065899882980223e-03 9.960915053092087579e-01 4.735132700000000305e+00
9.955678097177529384e-01 1.265209523551501063e-02 -9.319152718969488103e-02 -1.412395499999999915e+00 -1.246841030519638995e-02 9.999190070618375614e-01 2.553049339528978660e-03 -1.044878999999999947e-01 9.321628075748063236e-02 -1.379783541087239778e-03 9.956449272703207232e-01 4.818300699999999992e+00
9.952857917157595935e-01 1.837195221398079531e-02 -9.522953418231590306e-02 -1.424387300000000023e+00 -1.852447574382678347e-02 9.998281495389064188e-01 -7.177659943345799341e-04 -1.067533999999999983e-01 9.519998218040821858e-02 2.478459491994176433e-03 9.954550821766879887e-01 4.930101399999999856e+00
9.959361054119399981e-01 2.500478535540960612e-02 -8.652187380210318857e-02 -1.431389100000000081e+00 -2.489203269399956064e-02 9.996873075769142636e-01 2.381969349286947729e-03 -1.086276999999999937e-01 8.655437970003618253e-02 -2.185839655113994053e-04 9.962471036724734885e-01 4.997930499999999832e+00
9.972446958209604251e-01 2.579586318623174057e-02 -6.955278642468060157e-02 -1.435803699999999905e+00 -2.538502209218491262e-02 9.996547262884664109e-01 6.784457421974221004e-03 -1.098009999999999958e-01 6.970378261141429999e-02 -5.000165158123403251e-03 9.975552020003967124e-01 5.060336099999999782e+00
9.987116755708711491e-01 2.440928811181075631e-02 -4.448792793890939123e-02 -1.437772499999999898e+00 -2.407314741665362440e-02 9.996775788950152952e-01 8.076003222907851900e-03 -1.108988000000000057e-01 4.467071358148472227e-02 -6.994634263131226451e-03 9.989772782399236606e-01 5.116954800000000247e+00
9.996680576786808325e-01 2.316771514592273762e-02 -1.127082214618199164e-02 -1.437632900000000102e+00 -2.312114487091145726e-02 9.997236587654813045e-01 4.244851518936630652e-03 -1.121372999999999953e-01 1.136605106410353526e-02 -3.982848161413629628e-03 9.999274722717299557e-01 5.169552300000000322e+00
9.921934660128177708e-01 1.333917833814165198e-02 1.239927107645226456e-01 -1.423402000000000056e+00 -1.204958241659838912e-02 9.998652922752124805e-01 -1.114472372871705246e-02 -1.148905999999999955e-01 -1.241246694459119948e-01 9.563661676736506453e-03 9.922205414172173832e-01 5.291582599999999914e+00
9.800306709892183665e-01 7.423061787380698731e-03 1.987077806079148579e-01 -1.411774199999999979e+00 -4.965982231563564192e-03 9.999049648793864042e-01 -1.286080207564275525e-02 -1.166163999999999951e-01 -1.987843629184607164e-01 1.161720117987936375e-02 9.799743964491357540e-01 5.336841599999999630e+00
9.595410906573853538e-01 6.068704715393931012e-03 2.815032258485019034e-01 -1.397491700000000003e+00 -2.051287491001118832e-03 9.998918382804847793e-01 -1.456378933183524217e-02 -1.184077000000000046e-01 -2.815611613125372226e-01 1.339711025371408647e-02 9.594497537011436039e-01 5.379152300000000331e+00
9.284079973839940436e-01 8.459922904616529182e-03 3.714660416483443472e-01 -1.379366499999999940e+00 -3.647129701749269627e-03 9.999000895555892887e-01 -1.365684266816838757e-02 -1.200003000000000042e-01 -3.715444641471329912e-01 1.132433711845558591e-02 9.283460941644809949e-01 5.419382999999999839e+00
8.871037777157283477e-01 6.742256451979181803e-03 4.615207790992940096e-01 -1.356745599999999996e+00 -7.448745114834410749e-04 9.999129184261308367e-01 -1.317576284318613955e-02 -1.213816000000000062e-01 -4.615694235155159975e-01 1.134449392760590591e-02 8.870315494575605753e-01 5.456724600000000258e+00
8.363030765190501148e-01 9.269223586959982400e-03 5.481890601780252670e-01 -1.330865100000000023e+00 1.072359410539534819e-03 9.998275099478841632e-01 -1.854185526607889101e-02 -1.232358000000000064e-01 -5.482663716206441773e-01 1.609446630082945334e-02 8.361488826186548318e-01 5.490886699999999898e+00
7.739119541472196939e-01 2.021323071263657345e-02 6.329705463386029463e-01 -1.301270499999999997e+00 -3.831501123789651450e-03 9.996216559851057726e-01 -2.723718936919201222e-02 -1.245316999999999952e-01 -6.332816173134746540e-01 1.865395909056715568e-02 7.736965962075038616e-01 5.523437500000000000e+00
6.597227755842608454e-01 2.250480098402092566e-02 7.511720131288631697e-01 -1.247912300000000085e+00 1.215943775853718656e-04 9.995483039202464060e-01 -3.005284254386109133e-02 -1.265155000000000030e-01 -7.515090449157658670e-01 1.991788299062875051e-02 6.594220449355367997e-01 5.565955599999999670e+00
5.710639119888458737e-01 1.942024535678577718e-02 8.206758571410992520e-01 -1.207341800000000021e+00 2.246972905359750569e-03 9.996794079751037954e-01 -2.521968245851792870e-02 -1.277024999999999966e-01 -8.209025274274397432e-01 1.624608693895666575e-02 5.708371966878241777e-01 5.590490800000000426e+00
5.239941306393294251e-01 1.661090353821973939e-02 8.515598798318162466e-01 -1.185729100000000091e+00 3.969785260008639599e-03 9.997513125214252394e-01 -2.194433677915369127e-02 -1.286609999999999976e-01 -8.517126228138942601e-01 1.487921353202037618e-02 5.237978781401713135e-01 5.601008900000000068e+00
4.737001669217200672e-01 1.295331002430426780e-02 8.805909172923310768e-01 -1.162877399999999950e+00 5.909685886304237926e-03 9.998225638763174050e-01 -1.788620631974251543e-02 -1.296618999999999966e-01 -8.806663542290348312e-01 1.367671463478854418e-02 4.735395654068821347e-01 5.611140299999999748e+00
3.723233311912511612e-01 1.815855669473368655e-02 9.279254301232473523e-01 -1.115734699999999968e+00 -8.419430303553878531e-04 9.998147793690679297e-01 -1.922753460835850692e-02 -1.316392000000000118e-01 -9.281027034669078191e-01 6.377599387397310700e-03 3.722696576991876283e-01 5.627402299999999968e+00
3.223593692983438563e-01 2.339944148491746728e-02 9.463281160167269501e-01 -1.090541200000000099e+00 -1.117319401308037446e-03 9.997031476158521057e-01 -2.433861631878996706e-02 -1.319703000000000126e-01 -9.466167062876766902e-01 6.788430242090743097e-03 3.222898208009661314e-01 5.634146699999999619e+00
2.760932464350153159e-01 2.550383013434042237e-02 9.607924197876733796e-01 -1.064398900000000037e+00 5.299231616229596598e-04 9.996436874691893015e-01 -2.668739935708477895e-02 -1.328322000000000114e-01 -9.611307083089255521e-01 7.877356884162536876e-03 2.759813558813399847e-01 5.639619800000000183e+00
2.352968132296576753e-01 2.503054682763075980e-02 9.716011946315614711e-01 -1.037064699999999950e+00 7.679882621807149895e-03 9.995892292748153052e-01 -2.761144908721605354e-02 -1.337816000000000005e-01 -9.718932189736086968e-01 1.395866910885287457e-02 2.350079285254578210e-01 5.643698699999999846e+00
2.003126352310046210e-01 2.465315006195170980e-02 9.794218041062967561e-01 -1.008734000000000020e+00 1.554679279235624337e-02 9.994775016175139193e-01 -2.833762506428355588e-02 -1.346726000000000034e-01 -9.796086695209886841e-01 2.090325219757112329e-02 1.998246947874128265e-01 5.647158100000000402e+00
1.699479726889494280e-01 2.612720675160926098e-02 9.851066214609841554e-01 -9.794230000000000436e-01 1.987255335749480573e-02 9.993543267269765495e-01 -2.993344743134292163e-02 -1.352946999999999900e-01 -9.852526418142554254e-01 2.466371260435280821e-02 1.693190275149260016e-01 5.650767300000000048e+00
1.167483691042048022e-01 2.112657529173807974e-02 9.929367986573722771e-01 -9.166176000000000323e-01 1.164862284979840262e-02 9.996758266780496616e-01 -2.263959233867130980e-02 -1.374753999999999976e-01 -9.930932120889819359e-01 1.420948176396986604e-02 1.164644268898786805e-01 5.657967600000000097e+00
7.012799089017961174e-02 1.481653373568575342e-02 9.974279599157859222e-01 -8.492777000000000243e-01 1.030102238613823419e-02 9.998256170970801771e-01 -1.557640312277601413e-02 -1.397577000000000125e-01 -9.974848138350315141e-01 1.136686959994850227e-02 6.996313632185602316e-02 5.662336800000000281e+00
3.272355774995436978e-02 1.734163951137219356e-02 9.993139828438524219e-01 -7.771034999999999471e-01 2.310838211304568068e-02 9.995690532767141923e-01 -1.810277347841267662e-02 -1.424741999999999953e-01 -9.991972635292307725e-01 2.368491651982049598e-02 3.230871840767224334e-02 5.662849900000000325e+00
7.319076607924491010e-03 2.750633077594046363e-02 9.995948343628290322e-01 -7.004485000000000294e-01 2.043247285095365143e-02 9.994087983716670731e-01 -2.765081898417374659e-02 -1.439597999999999989e-01 -9.997644448422849939e-01 2.062657277748903770e-02 6.752727201107200372e-03 5.663652400000000142e+00
-1.434582903421385879e-03 2.397402355916136013e-02 9.997115524821539312e-01 -6.172360999999999542e-01 2.889673479129759720e-02 9.992960963717880674e-01 -2.392259380810332972e-02 -1.465068999999999955e-01 -9.995813727207479849e-01 2.885408065579058920e-02 -2.126344095980114979e-03 5.662674400000000219e+00
8.849129159779305087e-04 2.191120080231943185e-02 9.997595291911606230e-01 -5.297302999999999873e-01 2.931347388202022036e-02 9.993297228814230770e-01 -2.192772707569736607e-02 -1.493968999999999991e-01 -9.995698760857586462e-01 2.932582897615324674e-02 2.420263666559341331e-04 5.662925200000000103e+00
3.301969229573067238e-03 2.340278435726002651e-02 9.997206643275582394e-01 -4.376966999999999941e-01 2.494212042480591432e-02 9.994131656563927102e-01 -2.347796714756689163e-02 -1.524687000000000126e-01 -9.996834437100183823e-01 2.501267672591912100e-02 2.716316454913103584e-03 5.664567500000000422e+00
5.274818634867027567e-03 2.371879288644954120e-02 9.997047539910863811e-01 -3.402627999999999764e-01 2.381546897381354999e-02 9.994321257389421342e-01 -2.383798394362702730e-02 -1.557407000000000097e-01 -9.997024555966271819e-01 2.393417859357213281e-02 4.706949025048978719e-03 5.665347099999999969e+00
6.119982899773447962e-03 2.130440280199973058e-02 9.997543039319994884e-01 -2.391109999999999902e-01 2.313244236638056089e-02 9.995024707383404206e-01 -2.144064127117153995e-02 -1.589199000000000028e-01 -9.997136769692974712e-01 2.325797517418764365e-02 5.624115159232556671e-03 5.666737600000000263e+00
4.395447593538458209e-03 1.719222876735528385e-02 9.998425412586040562e-01 -1.352958999999999967e-01 2.164176887672117702e-02 9.996163839945610974e-01 -1.728348024920704079e-02 -1.625913999999999970e-01 -9.997561272031989521e-01 2.171432982270161266e-02 4.021691188031639719e-03 5.667800399999999961e+00
1.963093103091416436e-03 1.393839845416648335e-02 9.999009287494442511e-01 -2.945769999999999986e-02 2.331144862804198845e-02 9.996304941817144574e-01 -1.398039573415350845e-02 -1.651953999999999922e-01 -9.997263238648517181e-01 2.333658395211835046e-02 1.637443469246546712e-03 5.668332099999999762e+00
-9.298375028956619437e-04 1.120231965783373071e-02 9.999368197223772459e-01 7.823660000000000336e-02 2.159960352990226637e-02 9.997041927700281994e-01 -1.117962814128638932e-02 -1.684859999999999969e-01 -9.997662689496826793e-01 2.158784362344050994e-02 -1.171528113463993215e-03 5.668654899999999941e+00
-2.622873255164821955e-03 2.093454770371772078e-02 9.997774078505314854e-01 1.880989999999999884e-01 1.982353546405241779e-02 9.995854714527883100e-01 -2.087852251028338157e-02 -1.713745999999999881e-01 -9.998000539995948177e-01 1.976436118238383138e-02 -3.036782748153332712e-03 5.669264799999999660e+00
-5.095990392726252455e-03 2.041441710438486948e-02 9.997786167228250864e-01 2.992582999999999771e-01 1.690064618205303418e-02 9.996505568444769008e-01 -2.032565765618180378e-02 -1.750220000000000109e-01 -9.998441873814871705e-01 1.679332530547313421e-02 -5.439226474256986243e-03 5.669334899999999955e+00
-6.470808785297461375e-03 1.125132220215159518e-02 9.999157646433860513e-01 4.117086999999999830e-01 1.206039520130536627e-02 9.998648496636786120e-01 -1.117270220750393901e-02 -1.784678000000000098e-01 -9.999063333639068851e-01 1.198708287001484969e-02 -6.605629645609067957e-03 5.669573299999999705e+00
-6.759130033006741783e-03 4.357990807681934309e-03 9.999676605157371556e-01 5.234664999999999457e-01 5.696082995073105393e-03 9.999744478724320595e-01 -4.319518577105422967e-03 -1.815877999999999937e-01 -9.999609336367644152e-01 5.666702598944081855e-03 -6.783780800186156590e-03 5.669801200000000208e+00
-4.949038149097122023e-03 2.242718391264183000e-02 9.997362294341181066e-01 6.337205000000000199e-01 1.120629282153449632e-02 9.996869385539489672e-01 -2.237060316198671850e-02 -1.848057999999999923e-01 -9.999249601958124511e-01 1.109262396286853775e-02 -5.198814386145111932e-03 5.669729199999999913e+00
-3.099112530837365605e-03 2.227018246348317840e-02 9.997471852796409042e-01 7.437941000000000136e-01 1.495859557216891109e-02 9.996411593935455864e-01 -2.222145055652911816e-02 -1.884141000000000010e-01 -9.998833111518712347e-01 1.488594704313924572e-02 -3.431131096206962994e-03 5.669507000000000296e+00
-1.632386428414024735e-03 1.125549226699420861e-02 9.999353225125992006e-01 8.541499999999999648e-01 1.907163462377400864e-02 9.997551360546218513e-01 -1.122232975731450241e-02 -1.925088000000000077e-01 -9.998167872502069509e-01 1.905208193957488860e-02 -1.846647351859576069e-03 5.669337699999999813e+00
-2.883857606514826730e-03 1.290574061876224692e-02 9.999125587892107037e-01 9.623893000000000031e-01 1.452930426311111779e-02 9.998117095306289226e-01 -1.286253486180915541e-02 -1.958370999999999862e-01 -9.998902853228125442e-01 1.449094008415413408e-02 -3.070826035803331244e-03 5.670206499999999927e+00
-7.520493217087601857e-03 1.314462582898293964e-02 9.998853239214922084e-01 1.070070999999999994e+00 1.165639338287535569e-02 9.998468171004630811e-01 -1.305644773193864391e-02 -1.992696999999999941e-01 -9.999037807084614204e-01 1.155686574678535875e-02 -7.672560135663974989e-03 5.670991899999999752e+00
-1.161736153549312693e-02 1.406517396307192282e-02 9.998335900500353590e-01 1.175608999999999904e+00 9.256504447889902717e-03 9.998597360151838531e-01 -1.395798771503595909e-02 -2.024932999999999872e-01 -9.998896709319283760e-01 9.092809083854340446e-03 -1.174592638342064621e-02 5.670489800000000358e+00
-1.373550538063575410e-02 1.329645911277558407e-02 9.998172533353288927e-01 1.227998300000000098e+00 7.376382830635429266e-03 9.998857203176457764e-01 -1.319603278256982655e-02 -2.040115999999999874e-01 -9.998784550475496857e-01 7.193780641987760141e-03 -1.383201546415158134e-02 5.670238000000000334e+00
-1.761971573081981893e-02 1.232606599828893479e-02 9.997687801259701468e-01 1.331633199999999961e+00 7.713586043397915176e-03 9.998959262154397676e-01 -1.219169094584656755e-02 -2.073570000000000135e-01 -9.998150059925664523e-01 7.496988380260813725e-03 -1.771296015097523213e-02 5.668625399999999814e+00
-2.046985951837229992e-02 1.366768902943272385e-02 9.996970436726783094e-01 1.433416599999999930e+00 8.009738079457227877e-03 9.998767065729089465e-01 -1.350613744974449998e-02 -2.104274999999999896e-01 -9.997583852847630181e-01 7.730842742393768778e-03 -2.057681032851743641e-02 5.667154799999999604e+00
-2.331597006509253389e-02 1.147202243697151638e-02 9.996623221073854815e-01 1.534725499999999965e+00 9.899499620881581363e-03 9.998877830893196927e-01 -1.124371539935573386e-02 -2.140131999999999868e-01 -9.996791312452113498e-01 9.633998647039863916e-03 -2.342692090072784339e-02 5.665237399999999646e+00
-2.585299482979928898e-02 1.034444370904858031e-02 9.996122323894803818e-01 1.633121999999999963e+00 6.913104722060672315e-03 9.999243985699143300e-01 -1.016888035611078663e-02 -2.168711000000000111e-01 -9.996418516856083736e-01 6.647528032689945139e-03 -2.592255252907027518e-02 5.663515099999999691e+00
-2.738267181940886100e-02 9.005351821835764353e-03 9.995844601246038907e-01 1.728159100000000059e+00 6.532035977462973680e-03 9.999396834001257339e-01 -8.829613108480655059e-03 -2.196794999999999998e-01 -9.996036823611745836e-01 6.287543258004939066e-03 -2.743984347183914263e-02 5.661601499999999731e+00
-2.777531012925418819e-02 1.170519915113298580e-02 9.995456570162545296e-01 1.774518299999999993e+00 6.699110006159530659e-03 9.999111635072334137e-01 -1.152332498613906249e-02 -2.211868999999999919e-01 -9.995917436995710448e-01 6.376002387320696754e-03 -2.785125708487423690e-02 5.660825299999999949e+00
-2.792575003059687144e-02 1.609856741172113054e-02 9.994803592930273650e-01 1.866257000000000055e+00 4.543278528571206322e-03 9.998620251532956971e-01 -1.597777445585617240e-02 -2.242769000000000013e-01 -9.995996754228367864e-01 4.094726320605155193e-03 -2.799503725517971109e-02 5.658829700000000074e+00
-2.802114335517143923e-02 1.717731359166162208e-02 9.994597317665393499e-01 1.911534800000000089e+00 5.466011698702951185e-03 9.998400278450065848e-01 -1.703060289614043502e-02 -2.257889999999999897e-01 -9.995923860460215193e-01 4.985841621040668949e-03 -2.811055214952784542e-02 5.657822099999999743e+00
-2.847135600796132232e-02 1.644123732068889648e-02 9.994593876703711244e-01 2.001787399999999995e+00 6.957547004385861156e-03 9.998437631756333932e-01 -1.624936240194036277e-02 -2.289354000000000111e-01 -9.995703949331183891e-01 6.491144286843293816e-03 -2.858129841518219916e-02 5.655553799999999853e+00
-2.874631680024558253e-02 1.673712902724782542e-02 9.994466057685845728e-01 2.046433899999999806e+00 3.432618918524657503e-03 9.998555659950965069e-01 -1.664524784992602729e-02 -2.303834999999999911e-01 -9.995808453535809379e-01 2.952229759103911465e-03 -2.879961704032463210e-02 5.654801400000000200e+00
-2.871064063526810456e-02 1.591208935733381263e-02 9.994611070604982883e-01 2.135298000000000140e+00 2.892120275488550135e-03 9.998704274740443099e-01 -1.583552661530530578e-02 -2.334548999999999930e-01 -9.995835806747851437e-01 2.435913618369647642e-03 -2.875294020129492978e-02 5.652943600000000401e+00
-2.950660287973646753e-02 1.503036636138811374e-02 9.994515738511495773e-01 2.179520399999999913e+00 3.069180698889950598e-03 9.998835880576467661e-01 -1.494625246687756107e-02 -2.350980000000000014e-01 -9.995598734024566667e-01 2.626484343858693365e-03 -2.954929886911661363e-02 5.651624700000000168e+00
-3.869428605991843267e-02 1.394391192037256443e-02 9.991538017475938283e-01 2.267034499999999841e+00 -3.929191666508130218e-03 9.998927798459258387e-01 -1.410639092166184744e-02 -2.384703999999999990e-01 -9.992433705955525713e-01 -4.471703516982384469e-03 -3.863534895008924330e-02 5.649930000000000341e+00
-5.116295331050781797e-02 2.089389531056130150e-02 9.984717308703828786e-01 2.353347999999999995e+00 1.873769767623044077e-03 9.997813743176875434e-01 -2.082528641565180305e-02 -2.408253999999999950e-01 -9.986885606611327626e-01 8.054229865692309059e-04 -5.119091812429199528e-02 5.645516899999999616e+00
-6.464788740903341935e-02 2.218415567351262815e-02 9.976615227072770375e-01 2.440839299999999934e+00 -2.378914810133154339e-03 9.997466015041163168e-01 -2.238467210605875335e-02 -2.437460999999999933e-01 -9.979053018287232790e-01 -3.820473533868948626e-03 -6.457873151511994703e-02 5.640695100000000295e+00
-7.499168867594999122e-02 2.155338006493013464e-02 9.969512016329110660e-01 2.530662799999999990e+00 -5.083222396993982914e-03 9.997451326815183226e-01 -2.199614806451609395e-02 -2.468628999999999962e-01 -9.971712026926927708e-01 -6.717252964574775900e-03 -7.486301512107174094e-02 5.634939700000000329e+00
-7.907826672100513876e-02 2.105968852558309790e-02 9.966459337455837453e-01 2.575687199999999955e+00 -7.201907754568569534e-03 9.997386636947525052e-01 -2.169647064674618681e-02 -2.482059000000000071e-01 -9.968423948935436485e-01 -8.893471371509410056e-03 -7.890593076485374890e-02 5.631755400000000300e+00
-8.321424258192956780e-02 1.477142995296458830e-02 9.964221970072022483e-01 2.667925799999999903e+00 -4.223539403891478534e-03 9.998759275325345142e-01 -1.517535027132960526e-02 -2.511257000000000073e-01 -9.965227300701269275e-01 -5.471233690716214952e-03 -8.314153026906601074e-02 5.624073499999999726e+00
-8.481732454724610903e-02 1.184487757497510070e-02 9.963261114373551663e-01 2.714948399999999928e+00 -4.507092858495738777e-03 9.999145478865638648e-01 -1.227122808741650146e-02 -2.527228999999999726e-01 -9.963863244598514246e-01 -5.531347036875819065e-03 -8.475669076447966965e-02 5.620523500000000006e+00
-8.667993492496256502e-02 1.506718830807295129e-02 9.961222659482588115e-01 2.809415099999999832e+00 -3.722593323103561870e-03 9.998737449459867976e-01 -1.544786285019885026e-02 -2.554320999999999953e-01 -9.962292563362890041e-01 -5.047177842798759514e-03 -8.661290213050321096e-02 5.612876899999999836e+00
-8.705006617987710860e-02 2.345458037375867597e-02 9.959277928833846216e-01 2.904918900000000193e+00 9.386646282859855556e-03 9.996977343182912312e-01 -2.272291509546476088e-02 -2.588943000000000216e-01 -9.961597145285686628e-01 7.370390652205709679e-03 -8.724391378196183489e-02 5.603481799999999957e+00
-8.821090982133034109e-02 2.251380898590350788e-02 9.958473596859306332e-01 3.001892600000000133e+00 7.906622788710926733e-03 9.997288745714442149e-01 -2.190120234577518088e-02 -2.621758000000000144e-01 -9.960704396299341346e-01 5.941864443068503587e-03 -8.836500179579032110e-02 5.595506699999999611e+00
-8.831825994666020474e-02 1.540309924282646376e-02 9.959732072167953865e-01 3.100155099999999830e+00 1.018427384061109872e-02 9.998421333558902280e-01 -1.455983972032747625e-02 -2.655764999999999931e-01 -9.960402429251206113e-01 8.857364171005955439e-03 -8.846118682003190070e-02 5.586981299999999706e+00
-9.102492714283386133e-02 1.596542803347456366e-02 9.957206273580706535e-01 3.196113599999999888e+00 8.964722280341268917e-03 9.998441018913754030e-01 -1.521202377940693296e-02 -2.690350000000000241e-01 -9.958082628664407521e-01 7.541685536856711225e-03 -9.115386215726151153e-02 5.579174499999999703e+00
-9.582044193806364685e-02 1.677603557298552178e-02 9.952572569628657106e-01 3.293142800000000037e+00 9.416842332419952596e-03 9.998285020013856217e-01 -1.594646249647861669e-02 -2.721743999999999830e-01 -9.953540907572944185e-01 7.844183585254736399e-03 -9.596198620599882823e-02 5.570890399999999687e+00
