1.000000e+00 1.197625e-11 1.704638e-10 1.110223e-16 1.197625e-11 1.000000e+00 3.562503e-10 0.000000e+00 1.704638e-10 3.562503e-10 1.000000e+00 2.220446e-16
9.999931e-01 -2.475044e-03 -2.755837e-03 1.173954e-03 2.468662e-03 9.999942e-01 -2.316828e-03 -2.241474e-02 2.761556e-03 2.310009e-03 9.999935e-01 1.127607e+00
9.999863e-01 -2.528164e-03 -4.580897e-03 -7.831705e-03 2.512020e-03 9.999906e-01 -3.526615e-03 -4.141091e-02 4.589771e-03 3.515059e-03 9.999833e-01 1.689225e+00
9.999675e-01 -4.648687e-03 -6.595320e-03 -1.508128e-02 4.612815e-03 9.999745e-01 -5.443974e-03 -5.922720e-02 6.620460e-03 5.413373e-03 9.999634e-01 2.251296e+00
9.999413e-01 -7.134576e-03 -8.152763e-03 -2.040073e-02 7.072901e-03 9.999463e-01 -7.569121e-03 -7.423248e-02 8.206328e-03 7.511012e-03 9.999381e-01 2.816072e+00
9.999200e-01 -8.311338e-03 -9.539068e-03 -2.969353e-02 8.230327e-03 9.999300e-01 -8.500812e-03 -9.078265e-02 9.609054e-03 8.421622e-03 9.999184e-01 3.390281e+00
9.999041e-01 -8.525348e-03 -1.091073e-02 -4.152744e-02 8.441127e-03 9.999344e-01 -7.742225e-03 -1.098544e-01 1.097602e-02 7.649383e-03 9.999105e-01 3.969489e+00
9.998884e-01 -8.811524e-03 -1.206613e-02 -5.593704e-02 8.715868e-03 9.999303e-01 -7.957589e-03 -1.348021e-01 1.213540e-02 7.851533e-03 9.998955e-01 4.556204e+00
9.998780e-01 -8.278892e-03 -1.324786e-02 -7.008098e-02 8.141373e-03 9.999127e-01 -1.040105e-02 -1.575514e-01 1.333281e-02 1.029192e-02 9.998582e-01 5.150463e+00
9.998748e-01 -6.580037e-03 -1.439059e-02 -8.798198e-02 6.374276e-03 9.998774e-01 -1.429781e-02 -1.803479e-01 1.448291e-02 1.420429e-02 9.997942e-01 5.751285e+00
9.998522e-01 -3.623834e-03 -1.680538e-02 -1.238576e-01 3.306955e-03 9.998169e-01 -1.884543e-02 -2.187844e-01 1.687060e-02 1.878706e-02 9.996812e-01 6.989627e+00
9.998258e-01 -8.672136e-05 -1.866531e-02 -1.645124e-01 5.358731e-05 9.999984e-01 -1.775663e-03 -2.542635e-01 1.866543e-02 1.774354e-03 9.998242e-01 8.302111e+00
9.997817e-01 3.389970e-03 -2.061746e-02 -2.077191e-01 -3.275843e-03 9.999791e-01 5.566728e-03 -2.924369e-01 2.063590e-02 -5.497971e-03 9.997719e-01 9.661917e+00
9.997369e-01 4.812930e-03 -2.242765e-02 -2.537940e-01 -5.013394e-03 9.999479e-01 -8.890577e-03 -3.091782e-01 2.238369e-02 9.000675e-03 9.997089e-01 1.106423e+01
9.997063e-01 1.893748e-03 -2.416094e-02 -2.821162e-01 -1.858131e-03 9.999971e-01 1.496504e-03 -3.207015e-01 2.416371e-02 -1.451169e-03 9.997070e-01 1.255870e+01
9.996863e-01 7.583641e-04 -2.503532e-02 -3.128296e-01 -4.521018e-04 9.999250e-01 1.223661e-02 -3.292075e-01 2.504272e-02 -1.222145e-02 9.996117e-01 1.412399e+01
9.996851e-01 -2.198699e-03 -2.499779e-02 -3.451203e-01 2.413900e-03 9.999602e-01 8.581850e-03 -3.298600e-01 2.497793e-02 -8.639487e-03 9.996507e-01 1.574882e+01
9.997240e-01 -2.636624e-03 -2.334610e-02 -3.661096e-01 2.632565e-03 9.999965e-01 -2.046126e-04 -3.374209e-01 2.334656e-02 1.430967e-04 9.997274e-01 1.742810e+01
9.997553e-01 -5.085930e-03 -2.153036e-02 -3.812873e-01 4.819452e-03 9.999113e-01 -1.241078e-02 -3.643232e-01 2.159157e-02 1.230397e-02 9.996912e-01 1.916967e+01
9.997622e-01 -3.422674e-03 -2.153588e-02 -4.065575e-01 3.148129e-03 9.999135e-01 -1.276932e-02 -4.078809e-01 2.157773e-02 1.269848e-02 9.996865e-01 2.099062e+01
9.997726e-01 4.687529e-04 -2.131795e-02 -4.375606e-01 -8.075310e-04 9.998735e-01 -1.588585e-02 -4.631430e-01 2.130781e-02 1.589945e-02 9.996465e-01 2.287774e+01
9.997475e-01 6.655410e-03 -2.146389e-02 -4.870736e-01 -7.009523e-03 9.998398e-01 -1.646518e-02 -5.504866e-01 2.135087e-02 1.661147e-02 9.996340e-01 2.580752e+01
9.997300e-01 7.470019e-03 -2.200512e-02 -5.258752e-01 -7.810435e-03 9.998505e-01 -1.542467e-02 -6.123111e-01 2.188661e-02 1.559237e-02 9.996389e-01 2.779590e+01
9.997049e-01 8.689446e-03 -2.268546e-02 -5.884758e-01 -8.985541e-03 9.998753e-01 -1.298294e-02 -7.048065e-01 2.256982e-02 1.318295e-02 9.996584e-01 3.083820e+01
9.996756e-01 8.859609e-03 -2.387811e-02 -6.562571e-01 -9.116721e-03 9.999014e-01 -1.068035e-02 -7.960953e-01 2.378114e-02 1.089458e-02 9.996578e-01 3.394945e+01
9.996516e-01 9.284323e-03 -2.470700e-02 -7.046294e-01 -9.400963e-03 9.999452e-01 -4.608864e-03 -8.521280e-01 2.466286e-02 4.839528e-03 9.996841e-01 3.606726e+01
9.996235e-01 8.853187e-03 -2.597288e-02 -7.637420e-01 -9.008680e-03 9.999421e-01 -5.875766e-03 -9.173898e-01 2.591936e-02 6.107535e-03 9.996454e-01 3.927699e+01
9.995911e-01 8.601039e-03 -2.727063e-02 -8.119808e-01 -8.683288e-03 9.999581e-01 -2.898948e-03 -9.707248e-01 2.724456e-02 3.134561e-03 9.996239e-01 4.143101e+01
9.995279e-01 1.094395e-02 -2.871053e-02 -9.059963e-01 -1.106491e-02 9.999305e-01 -4.057536e-03 -1.047970e+00 2.866413e-02 4.373300e-03 9.995795e-01 4.464539e+01
9.994989e-01 1.324264e-02 -2.875026e-02 -1.015604e+00 -1.343042e-02 9.998896e-01 -6.348082e-03 -1.110851e+00 2.866302e-02 6.731028e-03 9.995665e-01 4.785820e+01
9.995195e-01 1.300679e-02 -2.813588e-02 -1.112505e+00 -1.308056e-02 9.999114e-01 -2.439357e-03 -1.168837e+00 2.810166e-02 2.806218e-03 9.996011e-01 5.108922e+01
9.995598e-01 1.097808e-02 -2.756386e-02 -1.210486e+00 -1.125243e-02 9.998885e-01 -9.817640e-03 -1.221230e+00 2.745301e-02 1.012348e-02 9.995718e-01 5.430647e+01
9.996076e-01 6.482936e-03 -2.724986e-02 -1.319412e+00 -6.848565e-03 9.998875e-01 -1.334574e-02 -1.300079e+00 2.716028e-02 1.352712e-02 9.995396e-01 5.751446e+01
9.996289e-01 4.177682e-03 -2.691985e-02 -1.387176e+00 -4.211062e-03 9.999904e-01 -1.183339e-03 -1.339024e+00 2.691465e-02 1.296261e-03 9.996369e-01 5.968580e+01
9.996473e-01 -6.622685e-04 -2.654826e-02 -1.444555e+00 5.799434e-04 9.999950e-01 -3.108548e-03 -1.364859e+00 2.655019e-02 3.092056e-03 9.996427e-01 6.184743e+01
9.996473e-01 -5.710145e-04 -2.655199e-02 -1.499917e+00 3.004754e-04 9.999480e-01 -1.019191e-02 -1.395800e+00 2.655643e-02 1.018033e-02 9.995955e-01 6.400399e+01
9.996614e-01 1.995361e-03 -2.594344e-02 -1.558768e+00 -2.403038e-03 9.998740e-01 -1.569239e-02 -1.436238e+00 2.590886e-02 1.574942e-02 9.995402e-01 6.616971e+01
9.996582e-01 8.312834e-03 -2.478541e-02 -1.623511e+00 -8.549643e-03 9.999186e-01 -9.463685e-03 -1.483749e+00 2.470473e-02 9.672356e-03 9.996480e-01 6.834968e+01
9.996743e-01 6.096033e-03 -2.478355e-02 -1.673162e+00 -6.302831e-03 9.999459e-01 -8.274537e-03 -1.522851e+00 2.473177e-02 8.428047e-03 9.996586e-01 7.052233e+01
9.996724e-01 3.394724e-03 -2.536873e-02 -1.724041e+00 -3.524391e-03 9.999809e-01 -5.068311e-03 -1.566430e+00 2.535104e-02 5.156060e-03 9.996653e-01 7.268959e+01
9.996291e-01 1.607274e-03 -2.718639e-02 -1.818016e+00 -1.826344e-03 9.999660e-01 -8.035150e-03 -1.644073e+00 2.717256e-02 8.081821e-03 9.995981e-01 7.591173e+01
9.995891e-01 4.233092e-03 -2.834910e-02 -1.892754e+00 -4.483809e-03 9.999513e-01 -8.786135e-03 -1.702097e+00 2.831053e-02 8.909636e-03 9.995595e-01 7.804464e+01
9.995411e-01 6.853246e-03 -2.950637e-02 -1.971601e+00 -6.869005e-03 9.999763e-01 -4.326932e-04 -1.759353e+00 2.950271e-02 6.351747e-04 9.995645e-01 8.018037e+01
9.995060e-01 7.795793e-03 -3.044809e-02 -2.046091e+00 -7.848921e-03 9.999679e-01 -1.625703e-03 -1.798450e+00 3.043444e-02 1.863885e-03 9.995350e-01 8.229562e+01
9.994752e-01 7.225519e-03 -3.157600e-02 -2.118145e+00 -7.306479e-03 9.999703e-01 -2.449280e-03 -1.836350e+00 3.155737e-02 2.678705e-03 9.994984e-01 8.438146e+01
9.994472e-01 4.547048e-03 -3.293428e-02 -2.187213e+00 -4.572446e-03 9.999893e-01 -6.958514e-04 -1.871238e+00 3.293077e-02 8.460575e-04 9.994573e-01 8.641716e+01
9.994019e-01 4.012762e-03 -3.434629e-02 -2.262425e+00 -3.902838e-03 9.999870e-01 3.266921e-03 -1.907770e+00 3.435896e-02 -3.130918e-03 9.994047e-01 8.838264e+01
9.992113e-01 2.138299e-03 -3.965073e-02 -2.344772e+00 -2.031068e-03 9.999941e-01 2.744488e-03 -1.950966e+00 3.965637e-02 -2.661789e-03 9.992098e-01 9.026556e+01
9.989307e-01 1.832805e-03 -4.619660e-02 -2.434745e+00 -1.755145e-03 9.999970e-01 1.721603e-03 -1.993637e+00 4.619962e-02 -1.638679e-03 9.989309e-01 9.205518e+01
9.986194e-01 3.941519e-03 -5.238126e-02 -2.538278e+00 -3.724414e-03 9.999840e-01 4.241689e-03 -2.044394e+00 5.239715e-02 -4.040742e-03 9.986182e-01 9.375397e+01
9.982947e-01 6.427526e-03 -5.802030e-02 -2.649588e+00 -6.047890e-03 9.999591e-01 6.716404e-03 -2.083333e+00 5.806110e-02 -6.354048e-03 9.982928e-01 9.535206e+01
9.977683e-01 1.184201e-02 -6.571358e-02 -2.827593e+00 -1.166772e-02 9.999273e-01 3.035422e-03 -2.149905e+00 6.574475e-02 -2.261919e-03 9.978339e-01 9.753308e+01
9.972983e-01 2.031185e-02 -7.059445e-02 -3.043655e+00 -2.065599e-02 9.997780e-01 -4.148050e-03 -2.242127e+00 7.049453e-02 5.595041e-03 9.974965e-01 1.000200e+02
9.985724e-01 2.754334e-02 -4.576698e-02 -3.182492e+00 -2.741437e-02 9.996182e-01 3.443627e-03 -2.327168e+00 4.584436e-02 -2.184037e-03 9.989462e-01 1.021306e+02
9.996254e-01 2.465666e-02 1.187615e-02 -3.182672e+00 -2.467518e-02 9.996945e-01 1.414920e-03 -2.410045e+00 -1.183763e-02 -1.707435e-03 9.999285e-01 1.039074e+02
9.892475e-01 1.437845e-02 1.455423e-01 -2.911418e+00 -1.252083e-02 9.998281e-01 -1.367150e-02 -2.507487e+00 -1.457139e-01 1.170218e-02 9.892576e-01 1.058778e+02
9.389078e-01 8.082927e-03 3.440738e-01 -2.279365e+00 -2.030353e-03 9.998368e-01 -1.794759e-02 -2.601080e+00 -3.441628e-01 1.615254e-02 9.387711e-01 1.076167e+02
8.539851e-01 5.486594e-03 5.202685e-01 -1.506750e+00 4.312303e-03 9.998354e-01 -1.762231e-02 -2.655967e+00 -5.202796e-01 1.729274e-02 8.538209e-01 1.087943e+02
7.266640e-01 2.200542e-02 6.866405e-01 -5.307156e-01 -1.000028e-03 9.995197e-01 -3.097424e-02 -2.699185e+00 -6.869924e-01 2.182120e-02 7.263370e-01 1.097910e+02
6.035009e-01 1.731669e-02 7.971742e-01 3.744581e-01 6.707206e-03 9.996185e-01 -2.679201e-02 -2.732922e+00 -7.973341e-01 2.151581e-02 6.031545e-01 1.104040e+02
5.100162e-01 1.318785e-02 8.600637e-01 1.049532e+00 9.403782e-03 9.997372e-01 -2.090598e-02 -2.753607e+00 -8.601135e-01 1.875023e-02 5.097581e-01 1.107304e+02
4.082059e-01 8.234297e-03 9.128527e-01 1.774099e+00 9.891073e-03 9.998607e-01 -1.344220e-02 -2.777327e+00 -9.128363e-01 1.451627e-02 4.080676e-01 1.109879e+02
3.067219e-01 1.787320e-02 9.516313e-01 2.533142e+00 5.747217e-03 9.997706e-01 -2.062973e-02 -2.796272e+00 -9.517819e-01 1.179682e-02 3.065488e-01 1.111851e+02
2.179078e-01 1.961097e-02 9.757723e-01 3.350702e+00 1.357173e-02 9.996405e-01 -2.312150e-02 -2.818457e+00 -9.758750e-01 1.828127e-02 2.175633e-01 1.113182e+02
1.229001e-01 1.931907e-02 9.922310e-01 4.690755e+00 2.545091e-02 9.994203e-01 -2.261146e-02 -2.856964e+00 -9.920927e-01 2.803212e-02 1.223372e-01 1.114470e+02
7.261944e-02 1.214445e-02 9.972858e-01 5.672652e+00 1.372028e-02 9.998191e-01 -1.317437e-02 -2.886056e+00 -9.972654e-01 1.463975e-02 7.243968e-02 1.115178e+02
4.961925e-02 8.990929e-03 9.987277e-01 6.192944e+00 1.713408e-02 9.998046e-01 -9.851892e-03 -2.902144e+00 -9.986213e-01 1.760112e-02 4.945550e-02 1.115272e+02
2.913822e-02 9.131699e-03 9.995337e-01 6.728517e+00 2.461286e-02 9.996485e-01 -9.850263e-03 -2.917163e+00 -9.992724e-01 2.488840e-02 2.890322e-02 1.115183e+02
1.095538e-02 1.122155e-02 9.998770e-01 7.282318e+00 2.994530e-02 9.994848e-01 -1.154526e-02 -2.930539e+00 -9.994915e-01 3.006809e-02 1.061370e-02 1.115004e+02
-3.553242e-03 1.690927e-02 9.998507e-01 7.855335e+00 3.158021e-02 9.993602e-01 -1.678875e-02 -2.935743e+00 -9.994949e-01 3.151583e-02 -4.084969e-03 1.114905e+02
-1.522981e-02 2.191925e-02 9.996437e-01 8.447661e+00 2.859550e-02 9.993603e-01 -2.147739e-02 -2.943016e+00 -9.994751e-01 2.825821e-02 -1.584686e-02 1.114822e+02
-2.198079e-02 2.258082e-02 9.995033e-01 9.065751e+00 3.081249e-02 9.992852e-01 -2.189828e-02 -2.953427e+00 -9.992835e-01 3.031583e-02 -2.266085e-02 1.114624e+02
-2.478790e-02 1.739682e-02 9.995413e-01 1.036534e+01 3.920624e-02 9.990962e-01 -1.641679e-02 -2.980253e+00 -9.989237e-01 3.878131e-02 -2.544756e-02 1.114116e+02
-2.174809e-02 1.639419e-02 9.996290e-01 1.173050e+01 3.415289e-02 9.992941e-01 -1.564567e-02 -3.009754e+00 -9.991800e-01 3.379994e-02 -2.229265e-02 1.113912e+02
-1.993655e-02 1.883647e-02 9.996238e-01 1.316355e+01 3.319336e-02 9.992838e-01 -1.816806e-02 -3.034345e+00 -9.992501e-01 3.281866e-02 -2.054752e-02 1.113612e+02
-1.875443e-02 1.703650e-02 9.996789e-01 1.465827e+01 3.161099e-02 9.993650e-01 -1.643812e-02 -3.072877e+00 -9.993243e-01 3.129255e-02 -1.928107e-02 1.113363e+02
-1.880614e-02 1.351924e-02 9.997317e-01 1.620084e+01 3.332321e-02 9.993615e-01 -1.288739e-02 -3.118178e+00 -9.992677e-01 3.307190e-02 -1.924464e-02 1.113091e+02
-2.180273e-02 1.095057e-02 9.997023e-01 1.776747e+01 2.961032e-02 9.995084e-01 -1.030268e-02 -3.160636e+00 -9.993237e-01 2.937688e-02 -2.211626e-02 1.112760e+02
-2.447946e-02 7.293772e-03 9.996737e-01 1.937151e+01 3.473776e-02 9.993757e-01 -6.440963e-03 -3.193647e+00 -9.990966e-01 3.456875e-02 -2.471755e-02 1.112251e+02
-2.742417e-02 9.939064e-03 9.995745e-01 2.100565e+01 2.777439e-02 9.995721e-01 -9.177032e-03 -3.232298e+00 -9.992380e-01 2.751089e-02 -2.768849e-02 1.111890e+02
-2.877537e-02 1.693819e-02 9.994424e-01 2.265838e+01 2.997996e-02 9.994212e-01 -1.607467e-02 -3.273148e+00 -9.991363e-01 2.950068e-02 -2.926652e-02 1.111497e+02
-3.061397e-02 1.071316e-02 9.994739e-01 2.433823e+01 2.329981e-02 9.996785e-01 -1.000168e-02 -3.326366e+00 -9.992597e-01 2.298136e-02 -3.085374e-02 1.111280e+02
-3.037824e-02 -1.870939e-03 9.995367e-01 2.686546e+01 1.530089e-02 9.998802e-01 2.336608e-03 -3.392421e+00 -9.994214e-01 1.536478e-02 -3.034597e-02 1.110866e+02
-2.823685e-02 1.516988e-02 9.994861e-01 2.851752e+01 2.033913e-02 9.996865e-01 -1.459832e-02 -3.439638e+00 -9.993944e-01 1.991646e-02 -2.853654e-02 1.110417e+02
-2.636109e-02 1.615497e-02 9.995219e-01 3.017178e+01 2.380199e-02 9.995961e-01 -1.552843e-02 -3.494748e+00 -9.993691e-01 2.338126e-02 -2.673496e-02 1.109962e+02
-2.452145e-02 5.048207e-03 9.996865e-01 3.182438e+01 2.812594e-02 9.995949e-01 -4.357843e-03 -3.550386e+00 -9.993036e-01 2.801026e-02 -2.465351e-02 1.109495e+02
-2.520882e-02 6.438168e-03 9.996615e-01 3.344955e+01 2.428460e-02 9.996881e-01 -5.825950e-03 -3.597380e+00 -9.993872e-01 2.412951e-02 -2.535731e-02 1.109148e+02
-2.907136e-02 6.272478e-03 9.995576e-01 3.505969e+01 2.164930e-02 9.997497e-01 -5.644034e-03 -3.643377e+00 -9.993429e-01 2.147564e-02 -2.919988e-02 1.108735e+02
-3.323136e-02 7.280968e-03 9.994211e-01 3.665572e+01 1.909226e-02 9.997956e-01 -6.648872e-03 -3.692321e+00 -9.992653e-01 1.886025e-02 -3.336358e-02 1.108323e+02
-3.931675e-02 4.742139e-03 9.992155e-01 3.902353e+01 1.720543e-02 9.998437e-01 -4.068132e-03 -3.764360e+00 -9.990787e-01 1.703198e-02 -3.939220e-02 1.107603e+02
-4.213293e-02 6.779929e-03 9.990890e-01 4.057553e+01 1.752921e-02 9.998280e-01 -6.045719e-03 -3.811300e+00 -9.989583e-01 1.725851e-02 -4.224453e-02 1.106977e+02
-4.613078e-02 3.792299e-03 9.989282e-01 4.287606e+01 1.865418e-02 9.998217e-01 -2.934241e-03 -3.885455e+00 -9.987613e-01 1.849882e-02 -4.619330e-02 1.105935e+02
-4.844212e-02 1.858945e-03 9.988242e-01 4.435901e+01 1.563944e-02 9.998771e-01 -1.102409e-03 -3.927506e+00 -9.987036e-01 1.556764e-02 -4.846524e-02 1.105329e+02
-4.963267e-02 3.439404e-03 9.987616e-01 4.577870e+01 1.594992e-02 9.998693e-01 -2.650604e-03 -3.968246e+00 -9.986402e-01 1.579861e-02 -4.968105e-02 1.104722e+02
-4.991082e-02 8.104079e-03 9.987208e-01 4.717652e+01 1.435816e-02 9.998695e-01 -7.395860e-03 -4.011755e+00 -9.986505e-01 1.397065e-02 -5.002068e-02 1.104123e+02
-5.013018e-02 8.979031e-03 9.987023e-01 4.787113e+01 1.465636e-02 9.998585e-01 -8.253750e-03 -4.034285e+00 -9.986352e-01 1.422358e-02 -5.025469e-02 1.103817e+02
-5.019960e-02 8.863095e-03 9.986999e-01 4.856561e+01 1.583562e-02 9.998420e-01 -8.077259e-03 -4.055339e+00 -9.986137e-01 1.540955e-02 -5.033203e-02 1.103479e+02
-5.048020e-02 7.914478e-03 9.986937e-01 4.925400e+01 1.685096e-02 9.998330e-01 -7.071760e-03 -4.074607e+00 -9.985829e-01 1.647196e-02 -5.060514e-02 1.103152e+02
-5.087475e-02 8.507834e-03 9.986688e-01 4.993953e+01 1.311497e-02 9.998832e-01 -7.850075e-03 -4.093812e+00 -9.986190e-01 1.269814e-02 -5.098039e-02 1.102891e+02
-5.069705e-02 6.789371e-03 9.986910e-01 5.129886e+01 1.208748e-02 9.999078e-01 -6.184045e-03 -4.131756e+00 -9.986410e-01 1.175814e-02 -5.077445e-02 1.102291e+02
-5.159813e-02 6.404684e-03 9.986474e-01 5.197172e+01 1.276125e-02 9.999020e-01 -5.753386e-03 -4.148661e+00 -9.985864e-01 1.244713e-02 -5.167481e-02 1.101946e+02
-5.487974e-02 5.891529e-03 9.984756e-01 5.264111e+01 9.889219e-03 9.999367e-01 -5.356609e-03 -4.167844e+00 -9.984440e-01 9.580171e-03 -5.493453e-02 1.101638e+02
-6.594365e-02 8.719935e-03 9.977852e-01 5.396640e+01 8.774153e-03 9.999282e-01 -8.158784e-03 -4.204714e+00 -9.977848e-01 8.216697e-03 -6.601543e-02 1.100844e+02
-7.976551e-02 1.367826e-02 9.967198e-01 5.529672e+01 1.069626e-02 9.998600e-01 -1.286536e-02 -4.239741e+00 -9.967563e-01 9.634955e-03 -7.990066e-02 1.099758e+02
-9.151917e-02 1.184083e-02 9.957329e-01 5.664512e+01 5.857237e-03 9.999184e-01 -1.135226e-02 -4.283061e+00 -9.957861e-01 4.793291e-03 -9.158106e-02 1.098596e+02
-9.601658e-02 1.227851e-02 9.953040e-01 5.732460e+01 4.243196e-03 9.999199e-01 -1.192612e-02 -4.305330e+00 -9.953707e-01 3.078162e-03 -9.606099e-02 1.097920e+02
-9.999902e-02 1.143901e-02 9.949218e-01 5.801252e+01 1.729848e-03 9.999344e-01 -1.132278e-02 -4.323997e+00 -9.949861e-01 5.887941e-04 -1.000122e-01 1.097249e+02
-1.045341e-01 5.579471e-03 9.945056e-01 5.941860e+01 3.960115e-03 9.999786e-01 -5.193927e-03 -4.360434e+00 -9.945134e-01 3.395412e-03 -1.045540e-01 1.095755e+02
-1.063441e-01 1.341655e-03 9.943285e-01 6.014241e+01 2.969012e-03 9.999950e-01 -1.031768e-03 -4.377079e+00 -9.943250e-01 2.842448e-03 -1.063475e-01 1.095029e+02
-1.085763e-01 5.064896e-03 9.940752e-01 6.159653e+01 4.061801e-03 9.999809e-01 -4.651347e-03 -4.404393e+00 -9.940799e-01 3.532707e-03 -1.085948e-01 1.093511e+02
-1.087612e-01 9.316179e-03 9.940242e-01 6.232941e+01 9.639908e-03 9.999189e-01 -8.316680e-03 -4.420348e+00 -9.940212e-01 8.677766e-03 -1.088422e-01 1.092651e+02
-1.100410e-01 1.596005e-02 9.937989e-01 6.381462e+01 1.875611e-02 9.997263e-01 -1.397843e-02 -4.456517e+00 -9.937501e-01 1.710159e-02 -1.103102e-01 1.090910e+02
-1.106278e-01 1.354003e-02 9.937697e-01 6.456343e+01 1.662791e-02 9.997924e-01 -1.177106e-02 -4.476878e+00 -9.937228e-01 1.522211e-02 -1.108300e-01 1.090137e+02
-1.105493e-01 6.344343e-03 9.938504e-01 6.605966e+01 1.848372e-02 9.998198e-01 -4.326448e-03 -4.579860e+00 -9.936988e-01 1.789176e-02 -1.106467e-01 1.088574e+02
-1.115464e-01 5.771519e-03 9.937424e-01 6.680584e+01 1.874394e-02 9.998174e-01 -3.702821e-03 -4.708747e+00 -9.935825e-01 1.821361e-02 -1.116343e-01 1.087907e+02
-1.133140e-01 6.359768e-03 9.935389e-01 6.754618e+01 1.731402e-02 9.998403e-01 -4.425430e-03 -4.789634e+00 -9.934084e-01 1.670068e-02 -1.134060e-01 1.087201e+02
-1.177661e-01 7.254734e-03 9.930148e-01 6.902479e+01 1.758561e-02 9.998317e-01 -5.218985e-03 -4.946543e+00 -9.928857e-01 1.684815e-02 -1.178739e-01 1.085668e+02
-1.195878e-01 7.408337e-03 9.927960e-01 6.977011e+01 1.837544e-02 9.998174e-01 -5.247313e-03 -5.019805e+00 -9.926536e-01 1.761554e-02 -1.197021e-01 1.084826e+02
-1.234095e-01 7.376899e-03 9.923284e-01 7.127406e+01 1.559289e-02 9.998633e-01 -5.493731e-03 -5.125756e+00 -9.922333e-01 1.479529e-02 -1.235077e-01 1.083160e+02
-1.253808e-01 8.769852e-03 9.920699e-01 7.278695e+01 1.435901e-02 9.998722e-01 -7.024095e-03 -5.215003e+00 -9.920048e-01 1.336445e-02 -1.254907e-01 1.081439e+02
-1.278121e-01 7.724363e-03 9.917683e-01 7.432302e+01 1.476541e-02 9.998736e-01 -5.884635e-03 -5.288827e+00 -9.916885e-01 1.389173e-02 -1.279100e-01 1.079665e+02
-1.306425e-01 3.493916e-03 9.914234e-01 7.587891e+01 9.506667e-03 9.999522e-01 -2.271259e-03 -5.352632e+00 -9.913840e-01 9.128405e-03 -1.306695e-01 1.077830e+02
-1.344690e-01 3.147963e-03 9.909128e-01 7.745431e+01 1.159636e-02 9.999315e-01 -1.602968e-03 -5.407645e+00 -9.908500e-01 1.127543e-02 -1.344963e-01 1.075825e+02
-1.383602e-01 7.756543e-03 9.903516e-01 7.904660e+01 1.180350e-02 9.999112e-01 -6.182375e-03 -5.449247e+00 -9.903117e-01 1.083422e-02 -1.384395e-01 1.073781e+02
-1.397558e-01 1.572527e-02 9.900611e-01 8.065616e+01 1.567534e-02 9.997837e-01 -1.366699e-02 -5.497261e+00 -9.900620e-01 1.360950e-02 -1.399720e-01 1.071591e+02
-1.390177e-01 1.633615e-02 9.901551e-01 8.229746e+01 2.133374e-02 9.996813e-01 -1.349807e-02 -5.550477e+00 -9.900601e-01 1.924724e-02 -1.393219e-01 1.069330e+02
-1.381253e-01 1.301215e-02 9.903293e-01 8.396282e+01 2.122319e-02 9.997230e-01 -1.017550e-02 -5.600569e+00 -9.901874e-01 1.961245e-02 -1.383632e-01 1.067162e+02
-1.347013e-01 7.330803e-03 9.908591e-01 8.565017e+01 2.069307e-02 9.997753e-01 -4.583676e-03 -5.645151e+00 -9.906702e-01 1.988649e-02 -1.348228e-01 1.064988e+02
-1.311869e-01 3.194230e-03 9.913525e-01 8.734879e+01 1.948757e-02 9.998099e-01 -6.426705e-04 -5.689906e+00 -9.911661e-01 1.923473e-02 -1.312243e-01 1.062858e+02
-1.297945e-01 7.040084e-03 9.915159e-01 8.819557e+01 2.040016e-02 9.997821e-01 -4.428295e-03 -5.717941e+00 -9.913311e-01 1.965231e-02 -1.299099e-01 1.061799e+02
-1.261059e-01 1.693562e-02 9.918722e-01 8.989495e+01 1.946295e-02 9.997040e-01 -1.459484e-02 -5.767415e+00 -9.918259e-01 1.746426e-02 -1.263982e-01 1.059776e+02
-1.243722e-01 1.491375e-02 9.921235e-01 9.075627e+01 1.760024e-02 9.997629e-01 -1.282223e-02 -5.799013e+00 -9.920796e-01 1.586688e-02 -1.246052e-01 1.058789e+02
-1.228619e-01 1.031533e-02 9.923702e-01 9.248727e+01 1.866495e-02 9.997931e-01 -8.081658e-03 -5.857296e+00 -9.922483e-01 1.752960e-02 -1.230290e-01 1.056748e+02
-1.217251e-01 9.881780e-03 9.925146e-01 9.421112e+01 1.754070e-02 9.998157e-01 -7.803231e-03 -5.910917e+00 -9.924089e-01 1.645954e-02 -1.218760e-01 1.054745e+02
-1.198438e-01 7.271893e-03 9.927661e-01 9.593646e+01 2.234193e-02 9.997397e-01 -4.625927e-03 -5.961976e+00 -9.925414e-01 2.162592e-02 -1.199751e-01 1.052677e+02
-1.183018e-01 1.141515e-02 9.929121e-01 9.764589e+01 2.579424e-02 9.996318e-01 -8.419119e-03 -6.012871e+00 -9.926426e-01 2.461541e-02 -1.185527e-01 1.050653e+02
-1.172208e-01 5.690447e-03 9.930896e-01 1.002020e+02 1.305697e-02 9.999060e-01 -4.188312e-03 -6.095973e+00 -9.930201e-01 1.247578e-02 -1.172840e-01 1.047876e+02
-1.197342e-01 1.068369e-02 9.927485e-01 1.018778e+02 6.446464e-03 9.999294e-01 -9.983472e-03 -6.148741e+00 -9.927851e-01 5.204352e-03 -1.197946e-01 1.046056e+02
-1.214188e-01 1.298786e-02 9.925164e-01 1.043613e+02 7.534352e-03 9.998976e-01 -1.216274e-02 -6.235915e+00 -9.925728e-01 6.001179e-03 -1.215042e-01 1.043147e+02
-1.225016e-01 1.645980e-02 9.923318e-01 1.059907e+02 9.949292e-03 9.998326e-01 -1.535600e-02 -6.298760e+00 -9.924185e-01 7.991859e-03 -1.226449e-01 1.041174e+02
-1.264559e-01 1.749424e-02 9.918179e-01 1.084014e+02 6.222075e-03 9.998388e-01 -1.684242e-02 -6.396279e+00 -9.919528e-01 4.041340e-03 -1.265443e-01 1.038301e+02
-1.327292e-01 2.076343e-02 9.909348e-01 1.099770e+02 5.471096e-03 9.997806e-01 -2.021597e-02 -6.461637e+00 -9.911373e-01 2.738246e-03 -1.328137e-01 1.036312e+02
-1.393824e-01 2.211545e-02 9.899916e-01 1.115346e+02 4.017233e-03 9.997550e-01 -2.176797e-02 -6.526005e+00 -9.902305e-01 9.429535e-04 -1.394371e-01 1.034269e+02
-1.448094e-01 2.128516e-02 9.892306e-01 1.130783e+02 7.013069e-03 9.997655e-01 -2.048523e-02 -6.588770e+00 -9.894347e-01 3.971085e-03 -1.449247e-01 1.032107e+02
-1.488051e-01 3.176362e-02 9.883563e-01 1.145994e+02 -4.000436e-04 9.994819e-01 -3.218142e-02 -6.664413e+00 -9.888665e-01 -5.184145e-03 -1.487153e-01 1.030043e+02
-1.540003e-01 3.424775e-02 9.874771e-01 1.161173e+02 6.069612e-03 9.994130e-01 -3.371515e-02 -6.732518e+00 -9.880522e-01 8.014589e-04 -1.541177e-01 1.027662e+02
-1.597956e-01 2.329694e-02 9.868752e-01 1.176391e+02 3.079438e-03 9.997284e-01 -2.310175e-02 -6.812258e+00 -9.871453e-01 -6.525398e-04 -1.598240e-01 1.025331e+02
-1.639985e-01 3.001508e-02 9.860038e-01 1.191312e+02 4.911652e-04 9.995393e-01 -3.034543e-02 -6.880154e+00 -9.864605e-01 -4.492314e-03 -1.639377e-01 1.022948e+02
-1.685537e-01 3.619051e-02 9.850279e-01 1.206114e+02 3.086699e-03 9.993402e-01 -3.618819e-02 -6.955093e+00 -9.856877e-01 -3.059169e-03 -1.685542e-01 1.020532e+02
-1.703598e-01 4.083782e-02 9.845353e-01 1.213457e+02 3.882035e-03 9.991609e-01 -4.077276e-02 -6.993951e+00 -9.853743e-01 -3.124038e-03 -1.703753e-01 1.019311e+02
-1.756325e-01 4.109592e-02 9.835976e-01 1.228130e+02 3.401261e-03 9.991476e-01 -4.113830e-02 -7.073884e+00 -9.844500e-01 -3.879751e-03 -1.756226e-01 1.016844e+02
-1.795086e-01 3.730601e-02 9.830488e-01 1.235470e+02 7.378010e-03 9.993036e-01 -3.657563e-02 -7.116066e+00 -9.837288e-01 6.872995e-04 -1.796589e-01 1.015468e+02
-1.911026e-01 3.472870e-02 9.809555e-01 1.249966e+02 8.903726e-03 9.993941e-01 -3.364693e-02 -7.198722e+00 -9.815297e-01 2.304139e-03 -1.912961e-01 1.012695e+02
-1.993640e-01 3.441734e-02 9.793209e-01 1.257124e+02 7.623401e-03 9.994072e-01 -3.357135e-02 -7.237820e+00 -9.798959e-01 7.728352e-04 -1.995082e-01 1.011264e+02
-2.215235e-01 3.605602e-02 9.744882e-01 1.271315e+02 7.392757e-03 9.993496e-01 -3.529536e-02 -7.316019e+00 -9.751270e-01 -6.146005e-04 -2.216460e-01 1.008115e+02
-2.338325e-01 3.646334e-02 9.715929e-01 1.278368e+02 8.066085e-03 9.993349e-01 -3.556323e-02 -7.354262e+00 -9.722435e-01 -4.788901e-04 -2.339711e-01 1.006400e+02
-2.566142e-01 3.679370e-02 9.658133e-01 1.292346e+02 1.413778e-02 9.993111e-01 -3.431348e-02 -7.428905e+00 -9.664105e-01 4.849127e-03 -2.569576e-01 1.002649e+02
-2.668005e-01 3.681275e-02 9.630484e-01 1.299272e+02 1.816236e-02 9.992848e-01 -3.316625e-02 -7.464456e+00 -9.635807e-01 8.642454e-03 -2.672783e-01 1.000660e+02
-2.756318e-01 3.765500e-02 9.605255e-01 1.306177e+02 2.381571e-02 9.991932e-01 -3.233675e-02 -7.501316e+00 -9.609683e-01 1.396256e-02 -2.763062e-01 9.985681e+01
-2.832348e-01 3.770564e-02 9.583091e-01 1.313037e+02 2.916264e-02 9.991034e-01 -3.069152e-02 -7.535702e+00 -9.586071e-01 1.925391e-02 -2.840805e-01 9.964198e+01
-2.897949e-01 3.761505e-02 9.563493e-01 1.319861e+02 2.949442e-02 9.991038e-01 -3.035922e-02 -7.571493e+00 -9.566342e-01 1.940902e-02 -2.906446e-01 9.943215e+01
-2.944851e-01 3.618860e-02 9.549706e-01 1.326678e+02 3.289240e-02 9.990745e-01 -2.771687e-02 -7.602966e+00 -9.550899e-01 2.324906e-02 -2.954029e-01 9.921607e+01
-2.966293e-01 3.359043e-02 9.544017e-01 1.333449e+02 3.923959e-02 9.989659e-01 -2.296317e-02 -7.633871e+00 -9.541862e-01 3.063878e-02 -2.976407e-01 9.899266e+01
-2.975246e-01 3.271849e-02 9.541533e-01 1.340170e+02 4.590603e-02 9.987468e-01 -1.993319e-02 -7.665957e+00 -9.536099e-01 3.787077e-02 -2.986538e-01 9.876779e+01
-2.985891e-01 2.994413e-02 9.539119e-01 1.346874e+02 4.720854e-02 9.987475e-01 -1.657458e-02 -7.696836e+00 -9.532135e-01 4.008379e-02 -2.996287e-01 9.855353e+01
-2.983373e-01 3.542957e-02 9.538027e-01 1.353466e+02 5.060939e-02 9.984922e-01 -2.125964e-02 -7.725113e+00 -9.531178e-01 4.192883e-02 -2.996805e-01 9.834062e+01
-2.968336e-01 3.904998e-02 9.541304e-01 1.360050e+02 5.058688e-02 9.984036e-01 -2.512421e-02 -7.752705e+00 -9.535884e-01 4.080876e-02 -2.983351e-01 9.813493e+01
-2.961325e-01 3.945679e-02 9.543315e-01 1.366601e+02 5.251239e-02 9.983078e-01 -2.498022e-02 -7.781433e+00 -9.537023e-01 4.271677e-02 -2.977033e-01 9.792651e+01
-2.943028e-01 3.805680e-02 9.549542e-01 1.373158e+02 5.415976e-02 9.982652e-01 -2.309160e-02 -7.809641e+00 -9.541764e-01 4.492415e-02 -2.958534e-01 9.771838e+01
-2.923629e-01 3.448849e-02 9.556853e-01 1.379665e+02 5.560800e-02 9.982716e-01 -1.901377e-02 -7.844579e+00 -9.546893e-01 4.758482e-02 -2.937755e-01 9.751185e+01
-2.908038e-01 3.523570e-02 9.561337e-01 1.386074e+02 5.699889e-02 9.981848e-01 -1.944944e-02 -7.876691e+00 -9.550834e-01 4.884258e-02 -2.922843e-01 9.731435e+01
-2.884384e-01 3.795384e-02 9.567459e-01 1.392425e+02 5.803494e-02 9.980700e-01 -2.209688e-02 -7.904561e+00 -9.557381e-01 4.915109e-02 -2.900843e-01 9.711981e+01
-2.788728e-01 3.891345e-02 9.595393e-01 1.405034e+02 6.114570e-02 9.978707e-01 -2.269708e-02 -7.965446e+00 -9.583795e-01 5.234209e-02 -2.806584e-01 9.673888e+01
-2.732552e-01 3.696237e-02 9.612312e-01 1.411304e+02 6.246963e-02 9.978340e-01 -2.061125e-02 -7.997921e+00 -9.599110e-01 5.441561e-02 -2.749723e-01 9.655453e+01
-2.684718e-01 3.498844e-02 9.626519e-01 1.417523e+02 6.244183e-02 9.978705e-01 -1.885424e-02 -8.029376e+00 -9.612616e-01 5.504790e-02 -2.700849e-01 9.637711e+01
-2.643665e-01 3.405038e-02 9.638210e-01 1.423690e+02 6.234759e-02 9.978894e-01 -1.815265e-02 -8.060370e+00 -9.624049e-01 5.529295e-02 -2.659315e-01 9.620436e+01
-2.604320e-01 3.275240e-02 9.649365e-01 1.429830e+02 6.330765e-02 9.978529e-01 -1.678322e-02 -8.087196e+00 -9.634144e-01 5.671696e-02 -2.619463e-01 9.603450e+01
-2.565355e-01 3.089812e-02 9.660408e-01 1.435939e+02 6.596060e-02 9.977184e-01 -1.439525e-02 -8.112439e+00 -9.642815e-01 6.002772e-02 -2.579883e-01 9.586352e+01
-2.524266e-01 3.007468e-02 9.671485e-01 1.442021e+02 6.925467e-02 9.975150e-01 -1.294344e-02 -8.136308e+00 -9.651345e-01 6.371227e-02 -2.538821e-01 9.569564e+01
-2.491217e-01 2.804319e-02 9.680661e-01 1.448014e+02 6.736837e-02 9.976611e-01 -1.156397e-02 -8.165921e+00 -9.661263e-01 6.233618e-02 -2.504283e-01 9.553897e+01
-2.455375e-01 2.857835e-02 9.689657e-01 1.453935e+02 6.436852e-02 9.978399e-01 -1.311887e-02 -8.194245e+00 -9.672477e-01 5.914970e-02 -2.468467e-01 9.539074e+01
-2.408650e-01 3.192500e-02 9.700334e-01 1.459803e+02 6.519589e-02 9.977336e-01 -1.664814e-02 -8.221656e+00 -9.683665e-01 5.923223e-02 -2.424005e-01 9.524410e+01
-2.351403e-01 3.558922e-02 9.713096e-01 1.465647e+02 6.756376e-02 9.975106e-01 -2.019302e-02 -8.246532e+00 -9.696104e-01 6.087712e-02 -2.369595e-01 9.509910e+01
-2.202235e-01 3.475298e-02 9.748301e-01 1.477253e+02 6.348447e-02 9.977570e-01 -2.122859e-02 -8.301809e+00 -9.733814e-01 5.721153e-02 -2.219359e-01 9.484161e+01
-1.971660e-01 3.170632e-02 9.798573e-01 1.488778e+02 6.374538e-02 9.977764e-01 -1.945937e-02 -8.357320e+00 -9.782955e-01 5.862464e-02 -1.987487e-01 9.460227e+01
-1.686128e-01 2.947232e-02 9.852416e-01 1.500216e+02 6.281771e-02 9.978422e-01 -1.909873e-02 -8.411951e+00 -9.836787e-01 5.867032e-02 -1.701004e-01 9.440439e+01
-1.292397e-01 2.755995e-02 9.912303e-01 1.511604e+02 6.132119e-02 9.979226e-01 -1.975078e-02 -8.463908e+00 -9.897155e-01 5.823082e-02 -1.306613e-01 9.425103e+01
-8.495579e-02 2.813820e-02 9.959873e-01 1.522939e+02 5.238013e-02 9.983450e-01 -2.373690e-02 -8.522593e+00 -9.950070e-01 5.015334e-02 -8.628908e-02 9.416541e+01
-4.405511e-02 3.007958e-02 9.985762e-01 1.534149e+02 4.018528e-02 9.987910e-01 -2.831317e-02 -8.579884e+00 -9.982206e-01 3.888071e-02 -4.521060e-02 9.413044e+01
-1.839191e-02 2.782557e-02 9.994436e-01 1.545327e+02 2.475617e-02 9.993188e-01 -2.736654e-02 -8.635876e+00 -9.995244e-01 2.423906e-02 -1.906824e-02 9.413268e+01
-1.508953e-02 2.533972e-02 9.995650e-01 1.550895e+02 1.662867e-02 9.995469e-01 -2.508824e-02 -8.663502e+00 -9.997479e-01 1.624286e-02 -1.550407e-02 9.413926e+01
-2.109399e-02 2.189851e-02 9.995376e-01 1.556469e+02 9.131974e-03 9.997226e-01 -2.170985e-02 -8.688323e+00 -9.997358e-01 8.669800e-03 -2.128812e-02 9.413797e+01
-3.339952e-02 1.870088e-02 9.992671e-01 1.561965e+02 6.110325e-03 9.998100e-01 -1.850682e-02 -8.709648e+00 -9.994234e-01 5.487725e-03 -3.350745e-02 9.412065e+01
-4.679940e-02 1.637794e-02 9.987700e-01 1.567425e+02 5.577396e-03 9.998543e-01 -1.613439e-02 -8.727615e+00 -9.988888e-01 4.815454e-03 -4.688393e-02 9.409311e+01
-5.946910e-02 1.519122e-02 9.981145e-01 1.572847e+02 8.193505e-03 9.998579e-01 -1.472958e-02 -8.747148e+00 -9.981966e-01 7.302098e-03 -5.958512e-02 9.405245e+01
-7.151987e-02 1.443012e-02 9.973348e-01 1.578214e+02 9.621680e-03 9.998588e-01 -1.377666e-02 -8.765511e+00 -9.973928e-01 8.610728e-03 -7.164862e-02 9.400733e+01
-8.537735e-02 1.386193e-02 9.962522e-01 1.583533e+02 6.951610e-03 9.998871e-01 -1.331677e-02 -8.782045e+00 -9.963245e-01 5.788603e-03 -8.546408e-02 9.396008e+01
-1.016683e-01 1.235219e-02 9.947417e-01 1.588792e+02 2.286106e-03 9.999231e-01 -1.218288e-02 -8.797332e+00 -9.948158e-01 1.035469e-03 -1.016887e-01 9.390679e+01
-1.188025e-01 1.165166e-02 9.928495e-01 1.594012e+02 2.750125e-03 9.999311e-01 -1.140570e-02 -8.813298e+00 -9.929141e-01 1.375433e-03 -1.188264e-01 9.383820e+01
-1.342507e-01 1.100316e-02 9.908863e-01 1.599158e+02 5.077193e-03 9.999328e-01 -1.041573e-02 -8.829814e+00 -9.909344e-01 3.632599e-03 -1.342976e-01 9.375723e+01
-1.486364e-01 9.184546e-03 9.888493e-01 1.604306e+02 6.744987e-03 9.999430e-01 -8.273736e-03 -8.846036e+00 -9.888690e-01 5.439995e-03 -1.486898e-01 9.366924e+01
-1.629326e-01 7.570467e-03 9.866081e-01 1.609386e+02 6.761994e-03 9.999556e-01 -6.556186e-03 -8.861136e+00 -9.866141e-01 5.603219e-03 -1.629766e-01 9.357816e+01
-1.764608e-01 6.683653e-03 9.842850e-01 1.614350e+02 4.967473e-03 9.999702e-01 -5.899608e-03 -8.875534e+00 -9.842952e-01 3.848357e-03 -1.764888e-01 9.348522e+01
-1.889989e-01 6.360769e-03 9.819567e-01 1.619306e+02 5.137210e-03 9.999717e-01 -5.488702e-03 -8.890957e+00 -9.819639e-01 4.007156e-03 -1.890262e-01 9.338617e+01
-1.998227e-01 6.697966e-03 9.798092e-01 1.624176e+02 8.616462e-03 9.999500e-01 -5.078409e-03 -8.905283e+00 -9.797942e-01 7.427703e-03 -1.998704e-01 9.327627e+01
-2.174003e-01 1.130058e-02 9.760171e-01 1.633789e+02 1.394518e-02 9.998669e-01 -8.470543e-03 -8.934349e+00 -9.759830e-01 1.176923e-02 -2.175289e-01 9.304986e+01
-2.255958e-01 9.868399e-03 9.741710e-01 1.643316e+02 1.447832e-02 9.998722e-01 -6.775912e-03 -8.963049e+00 -9.741134e-01 1.257573e-02 -2.257099e-01 9.283529e+01
-2.282584e-01 7.916889e-03 9.735684e-01 1.652777e+02 1.707519e-02 9.998457e-01 -4.127207e-03 -8.997595e+00 -9.734509e-01 1.568179e-02 -2.283583e-01 9.262255e+01
-2.325795e-01 8.553571e-03 9.725398e-01 1.662092e+02 1.689019e-02 9.998460e-01 -4.754508e-03 -9.030668e+00 -9.724307e-01 1.532057e-02 -2.326882e-01 9.241197e+01
-2.443866e-01 1.294450e-02 9.695914e-01 1.676334e+02 1.572711e-02 9.998323e-01 -9.384196e-03 -9.058955e+00 -9.695504e-01 1.295549e-02 -2.445492e-01 9.206950e+01
-2.553035e-01 1.222543e-02 9.667836e-01 1.686218e+02 1.759326e-02 9.998132e-01 -7.997165e-03 -9.082588e+00 -9.667009e-01 1.496716e-02 -2.554709e-01 9.181029e+01
-2.665264e-01 1.431077e-02 9.637214e-01 1.696389e+02 1.961510e-02 9.997632e-01 -9.421237e-03 -9.107717e+00 -9.636280e-01 1.639248e-02 -2.667440e-01 9.152630e+01
-2.775093e-01 1.743581e-02 9.605647e-01 1.706832e+02 2.029199e-02 9.997186e-01 -1.228412e-02 -9.132048e+00 -9.605087e-01 1.608281e-02 -2.777850e-01 9.122588e+01
-2.873398e-01 1.919299e-02 9.576364e-01 1.717484e+02 2.829411e-02 9.995330e-01 -1.154301e-02 -9.163386e+00 -9.574107e-01 2.377870e-02 -2.877487e-01 9.089653e+01
-2.981976e-01 1.237120e-02 9.544240e-01 1.733868e+02 2.689337e-02 9.996279e-01 -4.554645e-03 -9.207509e+00 -9.541252e-01 2.430948e-02 -2.984194e-01 9.039703e+01
-3.027064e-01 9.524578e-03 9.530363e-01 1.744808e+02 3.359430e-02 9.994353e-01 6.820323e-04 -9.235795e+00 -9.524916e-01 3.222303e-02 -3.028554e-01 9.003523e+01
-3.044141e-01 9.350867e-03 9.524939e-01 1.755740e+02 3.255291e-02 9.994698e-01 5.917600e-04 -9.260605e+00 -9.519834e-01 3.118658e-02 -3.045571e-01 8.968772e+01
-3.027890e-01 1.161052e-02 9.529869e-01 1.766580e+02 3.493632e-02 9.993889e-01 -1.075670e-03 -9.286728e+00 -9.524171e-01 3.296814e-02 -3.030097e-01 8.934095e+01
-2.982840e-01 1.151335e-02 9.544077e-01 1.777366e+02 3.409918e-02 9.994174e-01 -1.399209e-03 -9.318006e+00 -9.538679e-01 3.212715e-02 -2.985029e-01 8.900902e+01
-2.928886e-01 1.371698e-02 9.560481e-01 1.787972e+02 3.655161e-02 9.993268e-01 -3.140221e-03 -9.347847e+00 -9.554477e-01 3.402535e-02 -2.931929e-01 8.868987e+01
-2.856569e-01 1.651431e-02 9.581897e-01 1.798254e+02 3.729241e-02 9.992857e-01 -6.104944e-03 -9.377338e+00 -9.576061e-01 3.398928e-02 -2.860687e-01 8.839451e+01
-2.779321e-01 1.526490e-02 9.604794e-01 1.808080e+02 3.684002e-02 9.993075e-01 -5.221680e-03 -9.404618e+00 -9.598941e-01 3.393280e-02 -2.783020e-01 8.812317e+01
-2.609832e-01 5.114162e-03 9.653298e-01 1.821857e+02 4.013209e-02 9.991789e-01 5.556475e-03 -9.443133e+00 -9.645088e-01 4.019084e-02 -2.609741e-01 8.775348e+01
-2.281587e-01 2.614680e-03 9.736204e-01 1.834324e+02 3.891153e-02 9.992219e-01 6.435111e-03 -9.474451e+00 -9.728461e-01 3.935328e-02 -2.280830e-01 8.748204e+01
-1.717367e-01 1.097173e-02 9.850818e-01 1.846231e+02 3.901595e-02 9.992292e-01 -4.327365e-03 -9.502342e+00 -9.843700e-01 3.769073e-02 -1.720324e-01 8.729367e+01
-1.181119e-01 8.604454e-03 9.929630e-01 1.854134e+02 3.571887e-02 9.993521e-01 -4.411101e-03 -9.524231e+00 -9.923577e-01 3.494651e-02 -1.183428e-01 8.723365e+01
-5.616419e-02 5.016196e-03 9.984089e-01 1.861937e+02 2.635121e-02 9.996465e-01 -3.540066e-03 -9.547399e+00 -9.980738e-01 2.611045e-02 -5.627652e-02 8.724422e+01
3.700005e-02 -5.197322e-03 9.993017e-01 1.873319e+02 1.381041e-02 9.998936e-01 4.689056e-03 -9.588216e+00 -9.992199e-01 1.362726e-02 3.706789e-02 8.734029e+01
1.011490e-01 -1.028528e-02 9.948181e-01 1.880686e+02 1.356385e-02 9.998679e-01 8.958372e-03 -9.611487e+00 -9.947789e-01 1.258743e-02 1.012751e-01 8.745192e+01
1.704443e-01 -1.005290e-02 9.853160e-01 1.887883e+02 1.251008e-02 9.998894e-01 8.037535e-03 -9.627618e+00 -9.852879e-01 1.095643e-02 1.705512e-01 8.761924e+01
2.463376e-01 -5.020139e-03 9.691711e-01 1.895095e+02 1.343054e-02 9.999082e-01 1.765663e-03 -9.639227e+00 -9.690911e-01 1.258154e-02 2.463824e-01 8.784616e+01
3.289804e-01 1.435245e-04 9.443367e-01 1.902336e+02 7.240976e-03 9.999702e-01 -2.674536e-03 -9.651550e+00 -9.443090e-01 7.717786e-03 3.289696e-01 8.815725e+01
4.161375e-01 9.994793e-03 9.092468e-01 1.909490e+02 -1.116839e-03 9.999444e-01 -1.048063e-02 -9.672989e+00 -9.093011e-01 3.345899e-03 4.161255e-01 8.855409e+01
5.023124e-01 1.247096e-02 8.645963e-01 1.916933e+02 4.312122e-03 9.998474e-01 -1.692708e-02 -9.694072e+00 -8.646755e-01 1.223092e-02 5.021820e-01 8.903226e+01
5.851963e-01 1.051044e-02 8.108236e-01 1.924105e+02 8.094829e-03 9.997904e-01 -1.880224e-02 -9.719824e+00 -8.108513e-01 1.756648e-02 5.849885e-01 8.960055e+01
6.619290e-01 1.362857e-02 7.494426e-01 1.931030e+02 -3.337605e-03 9.998783e-01 -1.523486e-02 -9.753497e+00 -7.495591e-01 7.583050e-03 6.618940e-01 9.029644e+01
7.618590e-01 1.254854e-02 6.476213e-01 1.941207e+02 -3.911125e-03 9.998832e-01 -1.477307e-02 -9.805979e+00 -6.477311e-01 8.722066e-03 7.618191e-01 9.152895e+01
8.142510e-01 1.064909e-02 5.804153e-01 1.947637e+02 -3.160408e-03 9.998982e-01 -1.391183e-02 -9.843068e+00 -5.805044e-01 9.493374e-03 8.142018e-01 9.248548e+01
8.539778e-01 1.076167e-02 5.201981e-01 1.953781e+02 -5.811760e-03 9.999210e-01 -1.114519e-02 -9.878410e+00 -5.202770e-01 6.494480e-03 8.539729e-01 9.354895e+01
8.824760e-01 8.530372e-03 4.702801e-01 1.959764e+02 -7.021209e-03 9.999630e-01 -4.963022e-03 -9.912797e+00 -4.703050e-01 1.077812e-03 8.825033e-01 9.471148e+01
9.015920e-01 3.695464e-03 4.325716e-01 1.965617e+02 -4.113073e-03 9.999915e-01 2.977397e-05 -9.940191e+00 -4.325678e-01 -1.806043e-03 9.015996e-01 9.595704e+01
9.167775e-01 -4.268977e-03 3.993755e-01 1.971374e+02 4.415593e-03 9.999901e-01 5.529107e-04 -9.961056e+00 -3.993740e-01 1.256583e-03 9.167873e-01 9.727740e+01
9.304654e-01 -7.380189e-03 3.663055e-01 1.976899e+02 7.971659e-03 9.999682e-01 -1.020921e-04 -9.982069e+00 -3.662931e-01 3.015055e-03 9.304946e-01 9.868228e+01
9.365780e-01 -6.943546e-03 3.503904e-01 1.979499e+02 7.585451e-03 9.999711e-01 -4.595440e-04 -9.992522e+00 -3.503771e-01 3.088267e-03 9.366036e-01 9.941105e+01
9.448573e-01 -3.593169e-03 3.274625e-01 1.984618e+02 3.568112e-03 9.999934e-01 6.772963e-04 -1.001358e+01 -3.274628e-01 5.284742e-04 9.448639e-01 1.009262e+02
9.468438e-01 1.394494e-03 3.216908e-01 1.989723e+02 -2.530612e-03 9.999919e-01 3.113582e-03 -1.003702e+01 -3.216839e-01 -3.762150e-03 9.468397e-01 1.024872e+02
9.471344e-01 -2.676734e-03 3.208259e-01 1.995168e+02 1.771992e-03 9.999936e-01 3.111974e-03 -1.005960e+01 -3.208322e-01 -2.378956e-03 9.471331e-01 1.040925e+02
9.470100e-01 -5.571899e-03 3.211557e-01 2.000827e+02 5.777165e-03 9.999832e-01 3.137822e-04 -1.008525e+01 -3.211521e-01 1.558214e-03 9.470264e-01 1.057448e+02
