9.998834964903277056e-01 -2.704091884955620549e-03 -1.502269394464164111e-02 -1.025705300000000042e+00 2.808913833307839086e-03 9.999718278137093019e-01 6.960860721648406101e-03 -1.172360000000000069e-02 1.500344791551952960e-02 -7.002247209778648084e-03 9.998629231472978551e-01 -7.941207000000000127e-01
9.998320417300453622e-01 -5.121136006673023336e-03 -1.759722409728726664e-02 -1.026970399999999950e+00 5.201603422173600721e-03 9.999762108854005627e-01 4.530009394631105343e-03 -1.240879999999999934e-02 1.757360668068516998e-02 -4.620782323175509285e-03 9.998348947296020750e-01 -7.408635999999999555e-01
9.997897083970823662e-01 -5.596645161599598205e-03 -1.972857182393540978e-02 -1.027464399999999944e+00 5.662747274796444373e-03 9.999785335970916567e-01 3.296306768470003493e-03 -1.284689999999999964e-02 1.970970006313692638e-02 -3.407331499167569680e-03 9.997999388955152167e-01 -7.145074999999999621e-01
9.997395129895682020e-01 -7.551538687401257444e-03 -2.153788362011555338e-02 -1.028186899999999904e+00 7.585070496070291796e-03 9.999701441989724549e-01 1.475607080466342664e-03 -1.319829999999999962e-02 2.152609748539209208e-02 -1.638589069584114270e-03 9.997669439188867635e-01 -6.881258000000000097e-01
9.996851047873581697e-01 -9.887354174266805087e-03 -2.306364007959803633e-02 -1.028814300000000070e+00 9.875487996490397644e-03 9.999510387637738917e-01 -6.283407361374970064e-04 -1.346920000000000062e-02 2.306872348266817904e-02 4.003781738863342672e-04 9.997338014162560071e-01 -6.613626000000000227e-01
9.996366860271794774e-01 -1.102955080872394626e-02 -2.459359586469715697e-02 -1.029391399999999956e+00 1.099844303042458483e-02 9.999385355378125340e-01 -1.399784769675510446e-03 -1.379209999999999985e-02 2.460752322979248979e-02 1.128784945278588558e-03 9.996965517821108094e-01 -6.342932999999999488e-01
9.995971046555828243e-01 -1.112549528521216032e-02 -2.611229057042628934e-02 -1.030146199999999901e+00 1.111386259650185525e-02 9.999380647197536609e-01 -5.905782757343943246e-04 -1.435419999999999925e-02 2.611724377421416679e-02 3.001319250169383487e-04 9.996588415546905360e-01 -6.070368999999999904e-01
9.995623952713164062e-01 -1.156217245579330838e-02 -2.722745172745557815e-02 -1.031143200000000038e+00 1.153969796840697767e-02 9.999329328590264021e-01 -9.824228944591566377e-04 -1.494969999999999979e-02 2.723698460304247934e-02 6.677964121707561989e-04 9.996287814572394348e-01 -5.792072999999999805e-01
9.995395051524800234e-01 -1.099437796431555758e-02 -2.828252627883411779e-02 -1.032213100000000106e+00 1.089626787290031915e-02 9.999340787072630299e-01 -3.620716268768930674e-03 -1.555630000000000034e-02 2.832046938130034636e-02 3.310874965126311877e-03 9.995934119035538856e-01 -5.512580000000000258e-01
9.995148304928342942e-01 -9.259039852108307683e-03 -2.973842305667595554e-02 -1.033165799999999912e+00 9.040616505402963854e-03 9.999312240895275039e-01 -7.470899813362468118e-03 -1.610759999999999970e-02 2.980555112865725109e-02 7.198421482251094079e-03 9.995297953788475631e-01 -5.227498999999999896e-01
9.994683337278909008e-01 -6.563510427361331917e-03 -3.193697239976207164e-02 -1.035807799999999945e+00 6.210196545596657555e-03 9.999185578030596044e-01 -1.114949415508606143e-02 -1.690289999999999848e-02 3.200755120371292367e-02 1.094523146941890623e-02 9.994276955208027946e-01 -4.641405000000000114e-01
9.994178534201630937e-01 -2.907456526191779488e-03 -3.399266040753208540e-02 -1.038379799999999964e+00 3.118837190761833585e-03 9.999761198823764463e-01 6.167051123888026357e-03 -1.769410000000000080e-02 3.397391822576570353e-02 -6.269478569660523817e-03 9.994030550878126862e-01 -4.020934999999999926e-01
9.993583369512532011e-01 1.088515559053920232e-04 -3.581762858376080078e-02 -1.041516899999999968e+00 3.096159185631915025e-04 9.999317674053569416e-01 1.167752848774251430e-02 -1.834349999999999870e-02 3.581645577117358731e-02 -1.168112515718595749e-02 9.992901144367704047e-01 -3.378136999999999945e-01
9.992935599191334894e-01 1.651985849590133400e-03 -3.754533322395531975e-02 -1.044741200000000036e+00 -1.713418636076169139e-03 9.999972455072808630e-01 -1.604111725682480982e-03 -1.820810000000000137e-02 3.754257983573632690e-02 1.667309390508885927e-03 9.992936379156397431e-01 -2.713868999999999865e-01
9.992342040060596675e-01 -1.339107063830371081e-03 -3.910514463146913533e-02 -1.047593800000000019e+00 1.701877764301874905e-03 9.999558159322298190e-01 9.244987581602066504e-03 -1.845969999999999903e-02 3.909103677893302486e-02 -9.304459983266151826e-03 9.991923327708074343e-01 -2.003552000000000111e-01
9.991984277263551428e-01 -2.825180346735269021e-03 -3.993144606933441559e-02 -1.051021599999999889e+00 3.603225904617898649e-03 9.998048043479345059e-01 1.942601260858176776e-02 -1.854369999999999977e-02 3.986876963564379289e-02 -1.955432327637313117e-02 9.990135683007228540e-01 -1.260394999999999988e-01
9.992058985608955890e-01 -4.863239576289046968e-03 -3.954644335381836406e-02 -1.054129000000000094e+00 5.487981210807357964e-03 9.998616159962067096e-01 1.570448724676623553e-02 -1.770750000000000102e-02 3.946459607474747666e-02 -1.590904642892319171e-02 9.990943138154572134e-01 -4.961020000000000013e-02
9.992713183660585363e-01 -5.361942096558346138e-03 -3.778997046720802833e-02 -1.057708400000000104e+00 5.621591668864681091e-03 9.999612955090274591e-01 6.767953236828269832e-03 -1.754700000000000010e-02 3.775221845226914286e-02 -6.975461336750316509e-03 9.992627847273567454e-01 3.042069999999999844e-02
9.993185663577796030e-01 -7.107361559649047998e-03 -3.621999923098203483e-02 -1.060588700000000051e+00 6.918200984021126952e-03 9.999617829198376162e-01 -5.345202982500400768e-03 -1.779019999999999907e-02 3.625660529857429454e-02 5.090983347042603302e-03 9.993295454757571417e-01 1.134851000000000054e-01
9.993209849532636024e-01 -5.678616310276185866e-03 -3.640497697897679408e-02 -1.064051599999999986e+00 5.481447504622651359e-03 9.999697770194603264e-01 -5.513508946668011640e-03 -1.900340000000000015e-02 3.643518581389741662e-02 5.310213220915651483e-03 9.993219095317861234e-01 2.001564999999999872e-01
9.993416214560131294e-01 -1.725065135425854577e-03 -3.624014039632159762e-02 -1.067754300000000045e+00 1.394388805380636191e-03 9.999571850560924346e-01 -9.147881424413464510e-03 -2.045570000000000027e-02 3.625436946805159905e-02 9.091325809486639972e-03 9.993012401120593413e-01 2.892314000000000274e-01
9.993096603641806741e-01 4.074812280140800887e-03 -3.692693607256672395e-02 -1.073198099999999933e+00 -4.441612826689892053e-03 9.999415584685712455e-01 -9.856557357549004458e-03 -2.351980000000000043e-02 3.688461438491122402e-02 1.001376813824263363e-02 9.992693579157473360e-01 4.265817000000000081e-01
9.992575496346604025e-01 5.144034427101384227e-03 -3.818230490616255496e-02 -1.076300699999999999e+00 -5.459506579492238304e-03 9.999517817347074455e-01 -8.162597227144165191e-03 -2.597839999999999872e-02 3.813847514050412030e-02 8.364993448706125462e-03 9.992374510588363234e-01 5.199875999999999943e-01
9.992253044001321305e-01 6.720478868995531999e-03 -3.877661937604576226e-02 -1.082406800000000002e+00 -6.962003346944540400e-03 9.999571779822805651e-01 -6.096942767556548862e-03 -2.878740000000000118e-02 3.873398450792890635e-02 6.362182446701102403e-03 9.992293035528203582e-01 6.619855999999999518e-01
9.991710243612459408e-01 6.612208388195439830e-03 -4.016892800573019368e-02 -1.088499300000000058e+00 -6.764994534368420041e-03 9.999703867404934332e-01 -3.668854183252589357e-03 -3.151759999999999978e-02 4.014347924443548848e-02 3.937555370922735803e-03 9.991861672040163178e-01 8.074675000000000047e-01
9.991129084914879277e-01 7.103745695999395988e-03 -4.150822668780335123e-02 -1.092735800000000035e+00 -7.012714152254416293e-03 9.999726767414683914e-01 2.338292266033887255e-03 -3.314580000000000304e-02 4.152370318141519745e-02 -2.045132658091725932e-03 9.991354260091633854e-01 9.059642999999999446e-01
9.990383086719195616e-01 6.838111228139246225e-03 -4.330932971984003538e-02 -1.099631400000000037e+00 -6.807005889547086686e-03 9.999764573859427630e-01 8.656469715722849446e-04 -3.493480000000000196e-02 4.331422949528127703e-02 -5.700076239112570557e-04 9.990613357619935186e-01 1.055353800000000009e+00
9.989869550324671499e-01 6.662696653020547428e-03 -4.450474298621579644e-02 -1.104660200000000092e+00 -6.504346882596045119e-03 9.999719942898336322e-01 3.701905947432183614e-03 -3.616950000000000026e-02 4.452816127564845211e-02 -3.408681463938726623e-03 9.990023141835493448e-01 1.155486100000000071e+00
9.989076418869704543e-01 9.031957463078173209e-03 -4.584699253164931099e-02 -1.112270799999999893e+00 -8.921125393015202215e-03 9.999567697645420639e-01 2.621473590282803572e-03 -3.844979999999999926e-02 4.586868759332514422e-02 -2.209603233070890800e-03 9.989450340994835420e-01 1.304936300000000049e+00
9.988958604143799436e-01 1.152306775450533116e-02 -4.554425272787636370e-02 -1.120084999999999997e+00 -1.148377526337313395e-02 9.999334272201296780e-01 1.124292446859274670e-03 -4.112550000000000233e-02 4.555417601840619501e-02 -6.000311081976825861e-04 9.989616894605884978e-01 1.454741000000000062e+00
9.989310338257910704e-01 1.042572141669295335e-02 -4.503436457504216006e-02 -1.127819799999999928e+00 -1.026791420372731231e-02 9.999403115895536542e-01 3.734058929815128706e-03 -4.361629999999999674e-02 4.507060680356098081e-02 -3.267658355450744033e-03 9.989784596332550448e-01 1.605622300000000058e+00
9.989662788954427608e-01 8.846197095703474747e-03 -4.458832164071986626e-02 -1.134025099999999897e+00 -8.985171663693785823e-03 9.999553767915765334e-01 -2.917381666849828102e-03 -4.588480000000000336e-02 4.456052423352169223e-02 3.314999631988617586e-03 9.990011864144474618e-01 1.753639699999999912e+00
9.990218106454267222e-01 3.946461004477190386e-03 -4.404369762262383414e-02 -1.140989899999999890e+00 -4.202710818452862034e-03 9.999747690171907344e-01 -5.727001902603799655e-03 -4.924800000000000011e-02 4.401998496716506837e-02 5.906502734792319978e-03 9.990131901776544421e-01 1.903641499999999986e+00
9.990440115874215099e-01 1.035438282247266428e-03 -4.370344127040549226e-02 -1.145144799999999963e+00 -7.733211035337593563e-04 9.999816160413523836e-01 6.014112885227405544e-03 -5.084500000000000131e-02 4.370886507086352984e-02 -5.974566669565736787e-03 9.990264459299003086e-01 2.003416500000000156e+00
9.990614924831180410e-01 -3.790658634733421774e-03 -4.314817660712436803e-02 -1.149753699999999990e+00 3.959507725669441335e-03 9.999848325265535687e-01 3.828448172691451337e-03 -5.214699999999999891e-02 4.313300981817797669e-02 -3.995700683927846247e-03 9.990613483866089828e-01 2.102691699999999830e+00
9.990578534352844153e-01 -3.195516633735798889e-03 -4.328041315335843381e-02 -1.154175399999999962e+00 3.053402503077633570e-03 9.999897294878357101e-01 -3.349276339646672321e-03 -5.378600000000000048e-02 4.329067130960299187e-02 3.213968308592292118e-03 9.990573497979359230e-01 2.202504900000000099e+00
9.990968984470689485e-01 -3.187638560013517346e-05 -4.248983993078143256e-02 -1.159034700000000084e+00 -3.238078775327314423e-04 9.999649675917682279e-01 -8.364134004934253158e-03 -5.569579999999999670e-02 4.248861802772403023e-02 8.370338887410164186e-03 9.990618873548345880e-01 2.302376000000000200e+00
9.991153433192284661e-01 5.225066334103901228e-03 -4.172804124212234345e-02 -1.163899900000000098e+00 -5.337387341677235844e-03 9.999824257696439123e-01 -2.580784420197682668e-03 -5.783030000000000115e-02 4.171382313412369536e-02 2.801220031137413493e-03 9.991256728389438235e-01 2.402778099999999917e+00
9.991197194835602646e-01 2.880817605113575493e-03 -4.185077094890762850e-02 -1.168270200000000036e+00 -2.926702779100657896e-03 9.999951814035298314e-01 -1.035171755943579963e-03 -5.969119999999999981e-02 4.184758714591162165e-02 1.156745282059327105e-03 9.991233364256977278e-01 2.502870300000000103e+00
9.990787307719600774e-01 5.730359345667182216e-05 -4.291487429071097481e-02 -1.172237600000000102e+00 2.931005881868479509e-05 9.999979641437954925e-01 2.017634551872857663e-03 -6.114680000000000115e-02 4.291490253990798420e-02 -2.017033604736444188e-03 9.990766951117554528e-01 2.603150100000000133e+00
9.990098578509637450e-01 -1.655163878784819513e-03 -4.445856890557339097e-02 -1.179501799999999934e+00 1.632421920733915111e-03 9.999985175381966851e-01 -5.478321655862346609e-04 -6.442159999999999553e-02 4.445940974945527396e-02 4.747145914225726405e-04 9.990110787828064831e-01 2.752447800000000111e+00
9.989432496438354070e-01 8.818085964168644476e-04 -4.595221871262770985e-02 -1.183970500000000037e+00 -9.193152199854389122e-04 9.999992613516884843e-01 -7.950821364544484503e-04 -6.623590000000000033e-02 4.595148365983615923e-02 8.364865071781884447e-04 9.989433224361545793e-01 2.851190100000000172e+00
9.988784858621307938e-01 3.498666655569861953e-03 -4.721789717268572162e-02 -1.189030400000000043e+00 -3.176621954629240806e-03 9.999711924955190234e-01 6.893711050443443976e-03 -6.748279999999999557e-02 4.724065573988665834e-02 -6.735986247227806166e-03 9.988608246069833330e-01 2.949401599999999846e+00
9.988282188420767316e-01 4.307524678030571867e-03 -4.820409190009351114e-02 -1.194360000000000088e+00 -4.021197707837094286e-03 9.999737022782724249e-01 6.035289626811185526e-03 -6.913489999999999913e-02 4.822882140130514000e-02 -5.834379404286852908e-03 9.988192733438856497e-01 3.047172499999999840e+00
9.987867460085757543e-01 3.839814225631041182e-03 -4.909472297827397608e-02 -1.199628200000000033e+00 -3.611904827531601386e-03 9.999822899337827975e-01 4.730112293059594679e-03 -7.018989999999999951e-02 4.911201625995084002e-02 -4.547047998508599830e-03 9.987829264727053902e-01 3.143353900000000145e+00
9.987247936318321972e-01 1.126991161413147752e-03 -5.047292814941711087e-02 -1.204437299999999933e+00 -8.011838741910199367e-04 9.999787169411773480e-01 6.474856683843154166e-03 -7.174439999999999984e-02 5.047915103737247305e-02 -6.426161809250429367e-03 9.987044406404466113e-01 3.237369100000000000e+00
9.986400215677002645e-01 2.376542457822372124e-04 -5.213492920991319446e-02 -1.209358799999999956e+00 2.800393062805166212e-04 9.999507330641750347e-01 9.922349641383582108e-03 -7.309010000000000506e-02 5.213471877022197998e-02 -9.923455289282491487e-03 9.985907550813153399e-01 3.327887099999999876e+00
9.983204326432387754e-01 -1.369953211787333690e-03 -5.791750163132147050e-02 -1.214182400000000106e+00 1.925024659518749732e-03 9.999527439340377688e-01 9.529122669428187475e-03 -7.447040000000000604e-02 5.790171022583751742e-02 -9.624610484912053676e-03 9.982758931407373915e-01 3.414688099999999782e+00
9.979302968851502254e-01 -1.949241075448420075e-03 -6.427536867218917871e-02 -1.219879699999999900e+00 2.529194100104545546e-03 9.999568137147936131e-01 8.942811781627417467e-03 -7.569460000000000077e-02 6.425516116173120296e-02 -9.086867699455214442e-03 9.978921299917604681e-01 3.496838299999999844e+00
9.975320673020787732e-01 2.660684072703060768e-04 -7.021185022233482342e-02 -1.225938399999999984e+00 5.191081842031524101e-04 9.999375404977527415e-01 1.116448073123511506e-02 -7.688749999999999751e-02 7.021043534072422820e-02 -1.117337509026164813e-02 9.974696238273916826e-01 3.574439299999999875e+00
9.971067980444425771e-01 2.918671037720874453e-03 -7.595732125959142600e-02 -1.232089599999999896e+00 -1.912125046710786260e-03 9.999094456569299627e-01 1.332082069005663394e-02 -7.769109999999999905e-02 7.598932208781014608e-02 -1.313704096912500854e-02 9.970220865573693469e-01 3.647535099999999808e+00
9.964352566488446916e-01 8.144476025444252060e-03 -8.396693883560357730e-02 -1.241100499999999940e+00 -7.407895975152200586e-03 9.999313350886162022e-01 9.080098298971045825e-03 -7.933850000000000624e-02 8.403512589609390959e-02 -8.425711730685831943e-03 9.964271699414157801e-01 3.747444199999999892e+00
9.959827230511647533e-01 1.647073456899079275e-02 -8.801778392089083802e-02 -1.253238199999999969e+00 -1.635424361723990944e-02 9.998641701219327382e-01 2.044510231518823461e-03 -8.121920000000000528e-02 8.803950306138004500e-02 -5.968325868022546221e-04 9.961168052450317667e-01 3.861478599999999872e+00
9.977599694994112589e-01 2.378052874222756977e-02 -6.252623223315206813e-02 -1.260740999999999890e+00 -2.322706441939619351e-02 9.996844685530604790e-01 9.563828325639593328e-03 -8.321349999999999580e-02 6.273393613500746757e-02 -8.090104234506215533e-03 9.979974967255597074e-01 3.959155299999999933e+00
9.997708452206999219e-01 2.095073921828201347e-02 -4.395858607245024113e-03 -1.261198899999999901e+00 -2.091859342627095525e-02 9.997549996298165098e-01 7.235548648996258277e-03 -8.484529999999999850e-02 4.546371713105288800e-03 -7.141935409478150469e-03 9.999641609892091498e-01 4.041370399999999918e+00
9.913344752439450236e-01 1.092936746529332009e-02 1.309064823437733616e-01 -1.249906699999999926e+00 -1.000619916301515033e-02 9.999202294554812021e-01 -7.707833937479075144e-03 -8.687290000000000290e-02 -1.309802816118599555e-01 6.331165177616767357e-03 9.913647573806381175e-01 4.132940800000000081e+00
9.429508602115647120e-01 6.177804245458432507e-03 3.328746159757077216e-01 -1.223592199999999908e+00 -2.540988995825826414e-03 9.999322479268085706e-01 -1.135970646463142081e-02 -8.973580000000000445e-02 -3.329222410731869641e-01 9.865814246391050452e-03 9.429026710684738077e-01 4.213290200000000318e+00
8.597142895186496991e-01 4.650824185647452723e-03 5.107540604163980369e-01 -1.189541500000000029e+00 1.253490860883927195e-03 9.999363228076546539e-01 -1.121512775529225937e-02 -9.180130000000000234e-02 -5.107736966192610861e-01 1.028203113689328714e-02 8.596537155608616754e-01 4.268555600000000005e+00
7.336233089226643633e-01 2.267229607541236536e-02 6.791780382168064456e-01 -1.144654499999999908e+00 -6.567725164798032811e-03 9.996331642488170965e-01 -2.627550037691297677e-02 -9.361700000000000577e-02 -6.795246173550453239e-01 1.481566483713493351e-02 7.335030950745287104e-01 4.316772499999999901e+00
6.115857444735132153e-01 1.862786376552767048e-02 7.909588357483033905e-01 -1.102059799999999923e+00 -5.833167698248604982e-04 9.997331354043341722e-01 -2.309367264350422125e-02 -9.534059999999999757e-02 -7.911779426262620651e-01 1.366238142317200213e-02 6.114333998364196443e-01 4.346448900000000393e+00
5.185635799647461130e-01 1.469859341623383150e-02 8.549127235488604981e-01 -1.070287900000000070e+00 1.323336385625967400e-03 9.998372373210004938e-01 -1.799298883231621390e-02 -9.619859999999999522e-02 -8.550380472908538643e-01 1.046184581675839095e-02 5.184597259837542271e-01 4.363026600000000421e+00
4.168494210784027820e-01 1.114486654153779358e-02 9.089072296424821618e-01 -1.035302500000000014e+00 3.624918881878777879e-04 9.999227145136108108e-01 -1.242713158226945239e-02 -9.753399999999999570e-02 -9.089754830281350229e-01 5.509714103594874623e-03 4.168131647444274224e-01 4.377076100000000025e+00
3.161194349709291473e-01 2.152985786980642080e-02 9.484750750830336363e-01 -9.982130000000000170e-01 -4.184061780133368699e-03 9.997643829774052193e-01 -2.129958114208794009e-02 -9.822909999999999975e-02 -9.487101751645127257e-01 2.764733244690249087e-03 3.161350341063217106e-01 4.387798799999999666e+00
2.287612348952825503e-01 2.306412909064567765e-02 9.732093009001072659e-01 -9.580073999999999534e-01 4.354215863591047453e-03 9.996850533388643711e-01 -2.471507505724213419e-02 -9.947880000000000611e-02 -9.734728235618079761e-01 9.891414467197909982e-03 2.285887611113885942e-01 4.394860699999999731e+00
1.354807933724234692e-01 2.280481516333224962e-02 9.905174885041380106e-01 -8.913695000000000368e-01 1.403334919497228016e-02 9.995906175865371113e-01 -2.493315750837048206e-02 -1.012919999999999932e-01 -9.906805841125335688e-01 1.727824176041913712e-02 1.351053019837409330e-01 4.402366599999999686e+00
8.588332184672241298e-02 1.543922227232298432e-02 9.961855677755014904e-01 -8.422808000000000517e-01 2.489534666906668622e-03 9.998734752353062305e-01 -1.571100690642764086e-02 -1.027392000000000027e-01 -9.963020913586976279e-01 3.829351968330016801e-03 8.583401900055764866e-02 4.407138800000000245e+00
6.333711666884202229e-02 1.295067729663157245e-02 9.979081569010427311e-01 -8.165246999999999922e-01 6.446912177923326201e-03 9.998896257315389446e-01 -1.338557723122248480e-02 -1.035848000000000046e-01 -9.979713658093841699e-01 7.281230115948087583e-03 6.324663400174723726e-02 4.408068199999999770e+00
4.314136049249015642e-02 1.334449381689748262e-02 9.989798534002715114e-01 -7.899844999999999784e-01 1.423993460322032709e-02 9.998010060092619167e-01 -1.397042037176452617e-02 -1.045529000000000042e-01 -9.989674906008468858e-01 1.482811072384441695e-02 4.294275090173416132e-02 4.408146399999999687e+00
2.594425457673236318e-02 1.578300211087450139e-02 9.995387898920312653e-01 -7.622079999999999966e-01 1.900149740170102575e-02 9.996869269719520501e-01 -1.627854839560392841e-02 -1.052740000000000065e-01 -9.994827856201181637e-01 1.941506852274802603e-02 2.563623145679072568e-02 4.407997599999999849e+00
1.157361359948928456e-02 2.139225517825564180e-02 9.997041676849395264e-01 -7.336472000000000548e-01 1.957142988348695503e-02 9.995747620134678435e-01 -2.161606527643045172e-02 -1.056681000000000009e-01 -9.997414718818885548e-01 1.981581600912622060e-02 1.115001503707446773e-02 4.408204600000000362e+00
4.910575623708258357e-04 2.593600578699693099e-02 9.996634846118406248e-01 -7.044416999999999485e-01 1.639862836269373458e-02 9.995289749406194302e-01 -2.594057135023803556e-02 -1.063669000000000003e-01 -9.998654128682984421e-01 1.640584828563873554e-02 6.551134183974127723e-05 4.408295200000000413e+00
-5.653752734221765587e-03 2.576705467632104882e-02 9.996519864299413527e-01 -6.739199000000000161e-01 1.875497186381127820e-02 9.994948588602057260e-01 -2.565693166388252969e-02 -1.070718999999999976e-01 -9.998081246471284267e-01 1.860338693155018722e-02 -6.134157176589161153e-03 4.407841699999999641e+00
-7.689219466203990952e-03 2.058165916681835295e-02 9.997586064695520580e-01 -6.098983000000000043e-01 2.678384266537053859e-02 9.994337049907224824e-01 -2.036897397008544108e-02 -1.092805000000000026e-01 -9.996116754400563575e-01 2.662075570787320045e-02 -8.236121020511411039e-03 4.406669100000000228e+00
-4.317803353391499489e-03 2.077701446545553859e-02 9.997748107669561790e-01 -5.425955000000000084e-01 2.168164453020889754e-02 9.995510475090474412e-01 -2.067872612207287061e-02 -1.112439999999999957e-01 -9.997556015670361340e-01 2.158747538431226090e-02 -4.766344706859548808e-03 4.407198000000000171e+00
-2.075463457717874934e-03 2.255065874148668575e-02 9.997435472368704223e-01 -4.718697000000000030e-01 2.047892367863337476e-02 9.995369962258552343e-01 -2.250348552467438049e-02 -1.135590999999999962e-01 -9.997881306238839416e-01 2.042696664019232403e-02 -2.536315729573690447e-03 4.407227500000000298e+00
-7.234675253301706306e-04 2.096351439675175898e-02 9.997799796249555726e-01 -3.976720000000000255e-01 1.879023579746745554e-02 9.996040128913846745e-01 -2.094622758675600271e-02 -1.157373000000000013e-01 -9.998231861851449853e-01 1.877094764730292270e-02 -1.117090420175159693e-03 4.407650499999999916e+00
-9.840800322634219929e-04 1.750438148167847430e-02 9.998463022962250646e-01 -3.210312000000000165e-01 2.016584547311907338e-02 9.996438134218589289e-01 -1.748098863788559790e-02 -1.180685999999999958e-01 -9.997961643569376333e-01 2.014554333711240583e-02 -1.336720168226168681e-03 4.407878400000000418e+00
-2.982379509007292758e-03 1.457064767358650509e-02 9.998893947026521456e-01 -2.425673999999999886e-01 1.664759843630865890e-02 9.997559975751326711e-01 -1.451904882748439665e-02 -1.206162000000000067e-01 -9.998569712107663321e-01 1.660245581002011556e-02 -3.224218092601982555e-03 4.407964699999999958e+00
-5.289138731921629727e-03 1.051366006532441881e-02 9.999307415833883494e-01 -1.620369999999999866e-01 2.072730896358360164e-02 9.997310531616327989e-01 -1.040192325777693216e-02 -1.225606000000000056e-01 -9.997711756570112351e-01 2.067085620779498048e-02 -5.505636115294088029e-03 4.407275699999999574e+00
-8.058077990417964950e-03 1.452310543196907479e-02 9.998620638806694494e-01 -8.077850000000000308e-02 1.492448559386104316e-02 9.997849021722713392e-01 -1.440170539000981340e-02 -1.246305999999999942e-01 -9.998561532084795367e-01 1.480637690300749820e-02 -8.273094593144070252e-03 4.407432100000000297e+00
-9.703878321803655754e-03 2.055968795999787296e-02 9.997415335858079732e-01 2.106799999999999819e-03 1.626241498645883410e-02 9.996596258557749470e-01 -2.040015423226906183e-02 -1.272367000000000081e-01 -9.998206682222186004e-01 1.606025108395521539e-02 -1.003492555012175380e-02 4.406840299999999822e+00
-1.245531489469376210e-02 1.454392070514118340e-02 9.998166529426264493e-01 8.589560000000000251e-02 9.708087105126848859e-03 9.998488471501078001e-01 -1.442344956519347500e-02 -1.298545000000000116e-01 -9.998753013129353384e-01 9.526658549721176913e-03 -1.259462588740667410e-02 4.406891299999999845e+00
-1.327478041832306013e-02 2.476560115074801730e-03 9.999088192704581601e-01 2.116789000000000032e-01 1.961844285789627555e-03 9.999950725367123816e-01 -2.450728319002991665e-03 -1.331226000000000076e-01 -9.999099616324680362e-01 1.929132523096671083e-03 -1.327957363264009594e-02 4.406649100000000097e+00
-1.125463829550350098e-02 2.107248463988813450e-02 9.997146010276827255e-01 2.936107000000000022e-01 7.345944634510489374e-03 9.997526855772960186e-01 -2.099058785291582629e-02 -1.351758000000000126e-01 -9.999096810283736314e-01 7.107606635566540189e-03 -1.140665216660685655e-02 4.405949599999999577e+00
-9.316886620013824921e-03 2.041052394377022849e-02 9.997482713843774960e-01 3.758188000000000084e-01 1.075661746125819093e-02 9.997358641036417914e-01 -2.031002722146751927e-02 -1.380489000000000022e-01 -9.998987402754853093e-01 1.056468349196408238e-02 -9.533973894062186538e-03 4.405219100000000054e+00
-8.170215378924957153e-03 9.468184996009761795e-03 9.999217974689535993e-01 4.576563000000000159e-01 1.477361207319715861e-02 9.998471775041465337e-01 -9.346765392495548150e-03 -1.408684000000000047e-01 -9.998574838280565036e-01 1.469609165298736524e-02 -8.308846078387444045e-03 4.404956799999999895e+00
-9.761771405472992671e-03 1.095761208814192630e-02 9.998923134799833079e-01 5.382862000000000480e-01 9.908672211718955181e-03 9.998919240055734736e-01 -1.086087120968131682e-02 -1.432507000000000086e-01 -9.999032583375393468e-01 9.801583839277297830e-03 -9.869291778725530762e-03 4.405222400000000427e+00
-1.465543851033576650e-02 1.141849126622295797e-02 9.998274031948081175e-01 6.182872999999999841e-01 6.932657254875485356e-03 9.999119185262954623e-01 -1.131783779921851675e-02 -1.455438000000000009e-01 -9.998685695557475439e-01 6.765592824445403400e-03 -1.473330812403050860e-02 4.405572399999999611e+00
-1.863271628233819158e-02 1.216694878842030855e-02 9.997523629585086669e-01 6.969551999999999969e-01 4.551508263379533577e-03 9.999166254338722748e-01 -1.208411988791377456e-02 -1.478773999999999922e-01 -9.998160359068412051e-01 4.325221163945607711e-03 -1.868654075565301387e-02 4.404634500000000230e+00
-2.469075646524392792e-02 1.038835906440741669e-02 9.996411598874483939e-01 8.136900000000000244e-01 3.108929491904804075e-03 9.999419691209721073e-01 -1.031469572442170364e-02 -1.511946999999999874e-01 -9.996903025950529820e-01 2.853136243151227058e-03 -2.472162031481017763e-02 4.402493999999999907e+00
-2.757984917061340885e-02 1.176953581712415070e-02 9.995503138643776486e-01 8.899580999999999742e-01 3.364950450361341334e-03 9.999261116100762736e-01 -1.168111419428671284e-02 -1.532988000000000128e-01 -9.996139399929319103e-01 3.041273911173619782e-03 -2.761741524481220456e-02 4.400842199999999593e+00
-3.184954137465910440e-02 9.389428823745290739e-03 9.994485706331206476e-01 1.003533100000000067e+00 3.915348243906888528e-03 9.999493731989836931e-01 -9.269362819981261450e-03 -1.568371000000000071e-01 -9.994850057716488934e-01 3.617964251251919866e-03 -3.188469181792186191e-02 4.397979699999999603e+00
-3.398508486515588317e-02 7.101017232148811725e-03 9.993971130441476891e-01 1.076306100000000043e+00 9.551544510417557532e-04 9.999745324017653703e-01 -7.072639383244505931e-03 -1.589924000000000059e-01 -9.994218837341330985e-01 7.142143512221905619e-04 -3.399100191488479972e-02 4.396306499999999673e+00
-3.502193672738568991e-02 9.606547274038118589e-03 9.993403715438172741e-01 1.145832200000000078e+00 1.336315541471826823e-03 9.999533556088630037e-01 -9.565608571762985665e-03 -1.609905000000000086e-01 -9.993856503915977685e-01 1.000427931555011862e-03 -3.503314052889283658e-02 4.394402499999999989e+00
-3.507607859379389265e-02 1.404135379815796628e-02 9.992859996487477581e-01 1.214374199999999959e+00 -5.506394629591617948e-04 9.999008705787755247e-01 -1.406932166056987579e-02 -1.631170000000000120e-01 -9.993844933291009536e-01 -1.043742938516709941e-03 -3.506486979890943712e-02 4.392382600000000359e+00
-3.521067507262536783e-02 1.509431531118000588e-02 9.992659155631282708e-01 1.248102199999999939e+00 3.261986394386259466e-04 9.998860532264814971e-01 -1.509218862914040588e-02 -1.641563000000000050e-01 -9.993798586900668468e-01 -2.054469678613463773e-04 -3.521158667492518823e-02 4.391308800000000012e+00
-3.534392874201694457e-02 1.501205620802151600e-02 9.992624504450703382e-01 1.281691600000000042e+00 1.463408033709080909e-03 9.998868772159488216e-01 -1.496967629125108001e-02 -1.652102000000000015e-01 -9.993741367165783762e-01 9.332415256360993353e-04 -3.536189930205568821e-02 4.390257400000000310e+00
-3.546115953707424523e-02 1.478777016468873357e-02 9.992616414222263987e-01 1.315401599999999949e+00 2.299125687409046305e-03 9.998890783961639217e-01 -1.471546550889232981e-02 -1.661683999999999939e-01 -9.993684106401199418e-01 1.775600638163224096e-03 -3.549122507062962839e-02 4.389004199999999578e+00
-3.580335769479634639e-02 1.487199110076205949e-02 9.992481891194386900e-01 1.348608699999999994e+00 -1.339201724683373139e-03 9.998876520876268659e-01 -1.492949233676342177e-02 -1.672478000000000020e-01 -9.993579569486197300e-01 -1.872720852590350343e-03 -3.577941866617173616e-02 4.388266599999999684e+00
-3.560724586940324649e-02 1.397977933160004550e-02 9.992680770501153331e-01 1.414506800000000064e+00 -2.179822377452083140e-03 9.998986889960054247e-01 -1.406627592763674828e-02 -1.694434999999999969e-01 -9.993634836314554404e-01 -2.679088260849588066e-03 -3.557316502775587086e-02 4.386354899999999724e+00
-3.633087733463702396e-02 1.309941567866123105e-02 9.992539580411842204e-01 1.447094799999999903e+00 -1.916053113648989552e-03 9.999113345874540704e-01 -1.317769721925072905e-02 -1.705917999999999879e-01 -9.993379789103188360e-01 -2.393380958856475629e-03 -3.630255686621186584e-02 4.385100800000000021e+00
-4.010373416653937456e-02 1.273247830220214372e-02 9.991143951030749815e-01 1.479804899999999979e+00 -4.917000522242695633e-03 9.999041863521828111e-01 -1.293990808481668489e-02 -1.715609999999999913e-01 -9.991834234072158871e-01 -5.431584636474958393e-03 -4.003728607901646530e-02 4.384349799999999853e+00
-5.117781382034977677e-02 1.611143785527433675e-02 9.985595890795929686e-01 1.544261899999999965e+00 -5.018200469819457214e-03 9.998530902008954113e-01 -1.638949906997374042e-02 -1.736126000000000058e-01 -9.986769492867123565e-01 -5.849750931073848144e-03 -5.108944487298805459e-02 4.381462100000000248e+00
-6.503335093258205690e-02 2.081838360384413028e-02 9.976659050857669131e-01 1.609142400000000084e+00 -3.573641996970406201e-03 9.997710832966540950e-01 -2.109526218638058115e-02 -1.754808999999999952e-01 -9.978766919561538051e-01 -4.937196366141708564e-03 -6.494406626232329671e-02 4.377516700000000149e+00
-7.659355592049844896e-02 1.897920311634164817e-02 9.968817467686535982e-01 1.675306399999999973e+00 -7.443719811334806313e-03 9.997800676880880255e-01 -1.960630737728200068e-02 -1.778011999999999926e-01 -9.970346123514587378e-01 -8.922225208476210895e-03 -7.643543465242685908e-02 4.372867099999999674e+00
-8.148689112702993398e-02 1.972305672477624866e-02 9.964792459493991839e-01 1.708648399999999956e+00 -9.484224621916882009e-03 9.997435685012046047e-01 -2.056323719160573632e-02 -1.788428999999999991e-01 -9.966292871764168559e-01 -1.112646726991412503e-02 -8.127893742119751685e-02 4.370588800000000163e+00
-8.538051577163040251e-02 1.928801894273237533e-02 9.961617036665458835e-01 1.742235399999999990e+00 -1.170766484262575867e-02 9.997241531960912031e-01 -2.036045432427839932e-02 -1.797506000000000104e-01 -9.962796284731024743e-01 -1.340111344713861355e-02 -8.513114616797901046e-02 4.367884199999999773e+00
-8.949943639908683468e-02 1.291133418852511046e-02 9.959031822088518782e-01 1.811217300000000030e+00 -9.041121646823637240e-03 9.998642418994921899e-01 -1.377519111014345425e-02 -1.818925000000000125e-01 -9.959458363804795100e-01 -1.023695365945655016e-02 -8.937055318258357861e-02 4.361738199999999566e+00
-9.103856989648609344e-02 1.004178323204277593e-02 9.957967369803555346e-01 1.845969699999999936e+00 -9.311497173290824575e-03 9.998968619960786341e-01 -1.093441314322240142e-02 -1.829680999999999946e-01 -9.958038334991459184e-01 -1.026781183678111657e-02 -9.093567632392718370e-02 4.358804199999999796e+00
-9.273223149873270621e-02 1.343077549458649052e-02 9.956004959374414875e-01 1.916639200000000098e+00 -8.435498615523532792e-03 9.998625386199280207e-01 -1.427397028231943907e-02 -1.848589999999999955e-01 -9.956553498095478405e-01 -9.722043721720908388e-03 -9.260618911012374888e-02 4.352538100000000298e+00
-9.284569783870481874e-02 1.713885978490252773e-02 9.955329908537021710e-01 1.952129000000000003e+00 -2.643188933939878867e-03 9.998440760084060797e-01 -1.745958828713390851e-02 -1.861145999999999912e-01 -9.956770008115601867e-01 -4.252429443291998873e-03 -9.278591972237171248e-02 4.348878400000000255e+00
-9.404113862003261881e-02 2.313100724588160184e-02 9.952995633229418937e-01 2.024744000000000099e+00 5.400176219938856645e-03 9.997271992596103996e-01 -2.272366953924671862e-02 -1.884018000000000082e-01 -9.955536662299232509e-01 3.237833276475967845e-03 -9.414039564306242447e-02 4.341810699999999912e+00
-9.457698100269035235e-02 2.083268208536030730e-02 9.952995498951795472e-01 2.061198899999999945e+00 3.160114520445721567e-03 9.997822625651917594e-01 -2.062622447864906339e-02 -1.896610999999999991e-01 -9.955125355015046473e-01 1.194494519142432973e-03 -9.462222171461265319e-02 4.338701699999999661e+00
-9.464251921536949441e-02 1.402231352024894614e-02 9.954125618456443059e-01 2.134485499999999814e+00 5.670409321754160160e-03 9.998921665322143548e-01 -1.354628235488703793e-02 -1.921040999999999999e-01 -9.954951732754370175e-01 4.362342381611513178e-03 -9.471182584162030071e-02 4.331852399999999825e+00
-9.569805687777414860e-02 1.352700980591105620e-02 9.953184927024760764e-01 2.170385399999999798e+00 5.877097021684676154e-03 9.998979100890031946e-01 -1.302417483918038958e-02 -1.933921999999999863e-01 -9.953930588669059887e-01 4.603195124543444164e-03 -9.576778662070750681e-02 4.328759699999999988e+00
-9.754582322085314505e-02 1.450785361604240570e-02 9.951252858588318650e-01 2.206671200000000166e+00 4.174078301377085083e-03 9.998909140236104109e-01 -1.416817290136606136e-02 -1.945176000000000127e-01 -9.952222814238537163e-01 2.771684773655886704e-03 -9.759573925646258807e-02 4.325659299999999874e+00
-1.021538603665642642e-01 1.516111601463883754e-02 9.946530698557157768e-01 2.279258000000000006e+00 4.706152562050660258e-03 9.998800276649671970e-01 -1.475745251617295757e-02 -1.970376000000000072e-01 -9.947574784540559323e-01 3.173458349349697269e-03 -1.022129552543793451e-01 4.318794699999999764e+00
-1.037508611674000797e-01 1.550010576878154897e-02 9.944825315349582473e-01 2.315341500000000163e+00 5.199611721732981355e-03 9.998733480744240731e-01 -1.504167039876010657e-02 -1.980157999999999918e-01 -9.945897258895076698e-01 3.610336770760306721e-03 -1.038183154526964858e-01 4.314962399999999754e+00
-1.074035016709694174e-01 1.516373072846671083e-02 9.940998687753701546e-01 2.388412699999999944e+00 2.689232043907151953e-03 9.998844552953672915e-01 -1.496142004291716940e-02 -2.002066999999999874e-01 -9.942118767445033978e-01 1.066456319375086621e-03 -1.074318705556724929e-01 4.307516599999999585e+00
-1.093426196191262800e-01 1.742553194171208089e-02 9.938513683501049023e-01 2.462087599999999821e+00 1.096686026471633407e-03 9.998478327759430240e-01 -1.741001358440487368e-02 -2.021670999999999885e-01 -9.940035154940785045e-01 -8.137135848641282448e-04 -1.093450915936120538e-01 4.299756099999999748e+00
-1.116533841286620338e-01 1.598325148450218530e-02 9.936186680435307172e-01 2.536662600000000101e+00 1.225375218891712817e-03 9.998721012368159133e-01 -1.594614761776481232e-02 -2.043919999999999904e-01 -9.937464567323949227e-01 -5.628856524899144773e-04 -1.116586892792130747e-01 4.291751900000000397e+00
-1.146929269525457096e-01 1.168756280987308729e-02 9.933322371606707613e-01 2.613018999999999981e+00 -4.183716081762360421e-03 9.999162368502521048e-01 -1.224809385078590336e-02 -2.064524000000000081e-01 -9.933921828899223705e-01 -5.560589788478195392e-03 -1.146344224672460888e-01 4.283909300000000364e+00
-1.182989466602659828e-01 1.187517202059153870e-02 9.929070145328577901e-01 2.689681799999999789e+00 -1.552689803756812301e-03 9.999250521679043935e-01 -1.214410150596067703e-02 -2.084094999999999975e-01 -9.929768115990647015e-01 -2.978311013834285259e-03 -1.182716419521603335e-01 4.274725899999999967e+00
-1.218070479169908460e-01 1.675065225452234546e-02 9.924124438593040498e-01 2.767462999999999784e+00 -7.489308086115701452e-04 9.998557491016990539e-01 -1.696820824141733949e-02 -2.107617999999999991e-01 -9.925535160284266745e-01 -2.810095608383530487e-03 -1.217769320613717454e-01 4.265419999999999767e+00
-1.233461240814505006e-01 2.424695612794031119e-02 9.920674466953410819e-01 2.846480600000000027e+00 1.782720123749869517e-03 9.997052575124796281e-01 -2.421198072994145550e-02 -2.136486999999999969e-01 -9.923621091028435037e-01 -1.217875378032112765e-03 -1.233529942746417474e-01 4.255567600000000006e+00
-1.224265967395972154e-01 2.484475891971080208e-02 9.921665517265645384e-01 2.926169400000000032e+00 7.696744093045994675e-03 9.996803290712581447e-01 -2.408318497099522226e-02 -2.164767999999999970e-01 -9.924477258481307906e-01 4.688029671670090881e-03 -1.225786842671732213e-01 4.245460500000000081e+00
-1.214740403485955744e-01 2.105403560020883968e-02 9.923712939753615014e-01 3.007243599999999795e+00 7.676779124406225667e-03 9.997650451034499897e-01 -2.027120251913142740e-02 -2.195343999999999907e-01 -9.925649221001431322e-01 5.155790360526527408e-03 -1.216071266089921998e-01 4.235799799999999671e+00
-1.179986617821727063e-01 1.560550968531854155e-02 9.928911238827137220e-01 3.089828699999999984e+00 7.079559758776738515e-03 9.998643165021041668e-01 -1.487374933908655432e-02 -2.220967000000000080e-01 -9.929885173813636223e-01 5.274149527790981604e-03 -1.180931314493784967e-01 4.226425200000000437e+00
-1.146700909355560793e-01 1.207445354019535087e-02 9.933302460997237571e-01 3.172663000000000011e+00 6.026582285477794995e-03 9.999161845899908752e-01 -1.145880015322938567e-02 -2.246496000000000048e-01 -9.933853484679489032e-01 4.672404809190718565e-03 -1.147332475026806575e-01 4.217187400000000252e+00
-1.132281060608647250e-01 1.633151719516671291e-02 9.934347877661491300e-01 3.213827100000000048e+00 7.039779035251212888e-03 9.998529886481672957e-01 -1.563466029252246620e-02 -2.259374000000000104e-01 -9.935440792984500114e-01 5.223278417978051077e-03 -1.133264305162916541e-01 4.212631700000000201e+00
