1.000000e+00 1.197625e-11 1.704638e-10 1.110223e-16 1.197625e-11 1.000000e+00 3.562503e-10 0.000000e+00 1.704638e-10 3.562503e-10 1.000000e+00 2.220446e-16
9.999931e-01 -2.475044e-03 -2.755837e-03 1.173954e-03 2.468662e-03 9.999942e-01 -2.316828e-03 -2.241474e-02 2.761556e-03 2.310009e-03 9.999935e-01 1.127607e+00
9.999863e-01 -2.528164e-03 -4.580897e-03 -7.831705e-03 2.512020e-03 9.999906e-01 -3.526615e-03 -4.141091e-02 4.589771e-03 3.515059e-03 9.999833e-01 1.689225e+00
9.999675e-01 -4.648687e-03 -6.595320e-03 -1.508128e-02 4.612815e-03 9.999745e-01 -5.443974e-03 -5.922720e-02 6.620460e-03 5.413373e-03 9.999634e-01 2.251296e+00
9.999413e-01 -7.134576e-03 -8.152763e-03 -2.040073e-02 7.072901e-03 9.999463e-01 -7.569121e-03 -7.423248e-02 8.206328e-03 7.511012e-03 9.999381e-01 2.816072e+00
9.999200e-01 -8.311338e-03 -9.539068e-03 -2.969353e-02 8.230327e-03 9.999300e-01 -8.500812e-03 -9.078265e-02 9.609054e-03 8.421622e-03 9.999184e-01 3.390281e+00
9.998884e-01 -8.811524e-03 -1.206613e-02 -5.593704e-02 8.715868e-03 9.999303e-01 -7.957589e-03 -1.348021e-01 1.213540e-02 7.851533e-03 9.998955e-01 4.556204e+00
9.998780e-01 -8.278892e-03 -1.324786e-02 -7.008098e-02 8.141373e-03 9.999127e-01 -1.040105e-02 -1.575514e-01 1.333281e-02 1.029192e-02 9.998582e-01 5.150463e+00
9.998748e-01 -6.580037e-03 -1.439059e-02 -8.798198e-02 6.374276e-03 9.998774e-01 -1.429781e-02 -1.803479e-01 1.448291e-02 1.420429e-02 9.997942e-01 5.751285e+00
9.998652e-01 -5.082827e-03 -1.561247e-02 -1.054713e-01 4.800847e-03 9.998256e-01 -1.804597e-02 -1.996581e-01 1.570147e-02 1.796859e-02 9.997153e-01 6.363942e+00
9.998522e-01 -3.623834e-03 -1.680538e-02 -1.238576e-01 3.306955e-03 9.998169e-01 -1.884543e-02 -2.187844e-01 1.687060e-02 1.878706e-02 9.996812e-01 6.989627e+00
9.998394e-01 -1.112536e-03 -1.788542e-02 -1.444743e-01 8.907687e-04 9.999227e-01 -1.240253e-02 -2.366165e-01 1.789783e-02 1.238460e-02 9.997631e-01 7.637602e+00
9.998258e-01 -8.672136e-05 -1.866531e-02 -1.645124e-01 5.358731e-05 9.999984e-01 -1.775663e-03 -2.542635e-01 1.866543e-02 1.774354e-03 9.998242e-01 8.302111e+00
9.997817e-01 3.389970e-03 -2.061746e-02 -2.077191e-01 -3.275843e-03 9.999791e-01 5.566728e-03 -2.924369e-01 2.063590e-02 -5.497971e-03 9.997719e-01 9.661917e+00
9.997543e-01 5.555763e-03 -2.145926e-02 -2.329992e-01 -5.595211e-03 9.999827e-01 -1.778629e-03 -3.035717e-01 2.144901e-02 1.898261e-03 9.997682e-01 1.035368e+01
9.997145e-01 2.620743e-03 -2.375049e-02 -2.701280e-01 -2.819209e-03 9.999613e-01 -8.326642e-03 -3.152238e-01 2.372775e-02 8.391221e-03 9.996832e-01 1.179839e+01
9.996966e-01 1.625146e-03 -2.457882e-02 -2.962122e-01 -1.393167e-03 9.999543e-01 9.452361e-03 -3.252216e-01 2.459306e-02 -9.415248e-03 9.996532e-01 1.333520e+01
9.996792e-01 -1.382699e-03 -2.529212e-02 -3.270868e-01 1.667549e-03 9.999354e-01 1.124476e-02 -3.300205e-01 2.527494e-02 -1.128333e-02 9.996169e-01 1.492763e+01
9.997041e-01 5.747479e-05 -2.432655e-02 -3.585571e-01 6.660546e-05 9.999870e-01 5.099768e-03 -3.310784e-01 2.432653e-02 -5.099877e-03 9.996911e-01 1.658175e+01
9.997263e-01 -5.544119e-03 -2.272786e-02 -3.686442e-01 5.399776e-03 9.999649e-01 -6.407463e-03 -3.506532e-01 2.276259e-02 6.282984e-03 9.997212e-01 1.828806e+01
9.997662e-01 -3.838836e-03 -2.127843e-02 -3.931436e-01 3.555293e-03 9.999046e-01 -1.334729e-02 -3.836280e-01 2.132764e-02 1.326852e-02 9.996845e-01 2.007060e+01
9.997668e-01 -2.204438e-03 -2.148374e-02 -4.196580e-01 1.910245e-03 9.999042e-01 -1.370467e-02 -4.350658e-01 2.151189e-02 1.366044e-02 9.996753e-01 2.192489e+01
9.997643e-01 4.013694e-03 -2.133588e-02 -4.507315e-01 -4.371519e-03 9.998501e-01 -1.675089e-02 -4.913797e-01 2.126545e-02 1.684021e-02 9.996320e-01 2.384921e+01
9.997475e-01 6.655410e-03 -2.146389e-02 -4.870736e-01 -7.009523e-03 9.998398e-01 -1.646518e-02 -5.504866e-01 2.135087e-02 1.661147e-02 9.996340e-01 2.580752e+01
9.997300e-01 7.470019e-03 -2.200512e-02 -5.258752e-01 -7.810435e-03 9.998505e-01 -1.542467e-02 -6.123111e-01 2.188661e-02 1.559237e-02 9.996389e-01 2.779590e+01
9.997048e-01 8.828655e-03 -2.263483e-02 -5.679163e-01 -9.107452e-03 9.998835e-01 -1.224376e-02 -6.738450e-01 2.252410e-02 1.244629e-02 9.996688e-01 2.981730e+01
9.996909e-01 9.758370e-03 -2.286542e-02 -6.113853e-01 -1.008382e-02 9.998488e-01 -1.416135e-02 -7.344817e-01 2.272378e-02 1.438754e-02 9.996383e-01 3.186663e+01
9.996756e-01 8.859609e-03 -2.387811e-02 -6.562571e-01 -9.116721e-03 9.999014e-01 -1.068035e-02 -7.960953e-01 2.378114e-02 1.089458e-02 9.996578e-01 3.394945e+01
9.996516e-01 9.284323e-03 -2.470700e-02 -7.046294e-01 -9.400963e-03 9.999452e-01 -4.608864e-03 -8.521280e-01 2.466286e-02 4.839528e-03 9.996841e-01 3.606726e+01
9.996343e-01 8.640360e-03 -2.562662e-02 -7.509456e-01 -8.785442e-03 9.999460e-01 -5.554152e-03 -8.999454e-01 2.557725e-02 5.777261e-03 9.996562e-01 3.820156e+01
9.996113e-01 8.636784e-03 -2.650763e-02 -7.861115e-01 -8.772323e-03 9.999490e-01 -5.001110e-03 -9.426008e-01 2.646309e-02 5.231700e-03 9.996361e-01 4.035358e+01
9.995744e-01 8.727969e-03 -2.783667e-02 -8.405589e-01 -8.747257e-03 9.999616e-01 -5.711173e-04 -9.983507e-01 2.783061e-02 8.143693e-04 9.996123e-01 4.250646e+01
9.995085e-01 1.235171e-02 -2.881189e-02 -9.448054e-01 -1.260322e-02 9.998839e-01 -8.564026e-03 -1.065232e+00 2.870277e-02 8.922939e-03 9.995482e-01 4.570729e+01
9.994989e-01 1.324264e-02 -2.875026e-02 -1.015604e+00 -1.343042e-02 9.998896e-01 -6.348082e-03 -1.110851e+00 2.866302e-02 6.731028e-03 9.995665e-01 4.785820e+01
9.995220e-01 1.204172e-02 -2.847356e-02 -1.079496e+00 -1.212515e-02 9.999227e-01 -2.758982e-03 -1.149441e+00 2.843813e-02 3.102909e-03 9.995907e-01 5.001065e+01
9.995465e-01 1.194244e-02 -2.764414e-02 -1.177502e+00 -1.216294e-02 9.998954e-01 -7.821636e-03 -1.200275e+00 2.754784e-02 8.154322e-03 9.995872e-01 5.323263e+01
9.995931e-01 7.889461e-03 -2.741337e-02 -1.282228e+00 -8.313639e-03 9.998469e-01 -1.539395e-02 -1.272192e+00 2.728772e-02 1.561559e-02 9.995057e-01 5.644378e+01
9.996159e-01 5.272756e-03 -2.720940e-02 -1.352181e+00 -5.472263e-03 9.999586e-01 -7.262988e-03 -1.322688e+00 2.716998e-02 7.409094e-03 9.996034e-01 5.860062e+01
9.996473e-01 -6.622685e-04 -2.654826e-02 -1.444555e+00 5.799434e-04 9.999950e-01 -3.108548e-03 -1.364859e+00 2.655019e-02 3.092056e-03 9.996427e-01 6.184743e+01
9.996473e-01 -5.710145e-04 -2.655199e-02 -1.499917e+00 3.004754e-04 9.999480e-01 -1.019191e-02 -1.395800e+00 2.655643e-02 1.018033e-02 9.995955e-01 6.400399e+01
9.996614e-01 1.995361e-03 -2.594344e-02 -1.558768e+00 -2.403038e-03 9.998740e-01 -1.569239e-02 -1.436238e+00 2.590886e-02 1.574942e-02 9.995402e-01 6.616971e+01
9.996582e-01 8.312834e-03 -2.478541e-02 -1.623511e+00 -8.549643e-03 9.999186e-01 -9.463685e-03 -1.483749e+00 2.470473e-02 9.672356e-03 9.996480e-01 6.834968e+01
9.996743e-01 6.096033e-03 -2.478355e-02 -1.673162e+00 -6.302831e-03 9.999459e-01 -8.274537e-03 -1.522851e+00 2.473177e-02 8.428047e-03 9.996586e-01 7.052233e+01
9.996724e-01 3.394724e-03 -2.536873e-02 -1.724041e+00 -3.524391e-03 9.999809e-01 -5.068311e-03 -1.566430e+00 2.535104e-02 5.156060e-03 9.996653e-01 7.268959e+01
9.996291e-01 1.607274e-03 -2.718639e-02 -1.818016e+00 -1.826344e-03 9.999660e-01 -8.035150e-03 -1.644073e+00 2.717256e-02 8.081821e-03 9.995981e-01 7.591173e+01
9.995891e-01 4.233092e-03 -2.834910e-02 -1.892754e+00 -4.483809e-03 9.999513e-01 -8.786135e-03 -1.702097e+00 2.831053e-02 8.909636e-03 9.995595e-01 7.804464e+01
9.995411e-01 6.853246e-03 -2.950637e-02 -1.971601e+00 -6.869005e-03 9.999763e-01 -4.326932e-04 -1.759353e+00 2.950271e-02 6.351747e-04 9.995645e-01 8.018037e+01
9.995060e-01 7.795793e-03 -3.044809e-02 -2.046091e+00 -7.848921e-03 9.999679e-01 -1.625703e-03 -1.798450e+00 3.043444e-02 1.863885e-03 9.995350e-01 8.229562e+01
9.994752e-01 7.225519e-03 -3.157600e-02 -2.118145e+00 -7.306479e-03 9.999703e-01 -2.449280e-03 -1.836350e+00 3.155737e-02 2.678705e-03 9.994984e-01 8.438146e+01
9.994472e-01 4.547048e-03 -3.293428e-02 -2.187213e+00 -4.572446e-03 9.999893e-01 -6.958514e-04 -1.871238e+00 3.293077e-02 8.460575e-04 9.994573e-01 8.641716e+01
9.994314e-01 4.756684e-03 -3.338168e-02 -2.224921e+00 -4.695592e-03 9.999871e-01 1.908273e-03 -1.889129e+00 3.339033e-02 -1.750440e-03 9.994409e-01 8.741070e+01
9.993338e-01 2.999186e-03 -3.637303e-02 -2.303693e+00 -2.880714e-03 9.999904e-01 3.309115e-03 -1.929486e+00 3.638260e-02 -3.202128e-03 9.993328e-01 8.933531e+01
9.992113e-01 2.138299e-03 -3.965073e-02 -2.344772e+00 -2.031068e-03 9.999941e-01 2.744488e-03 -1.950966e+00 3.965637e-02 -2.661789e-03 9.992098e-01 9.026556e+01
9.989307e-01 1.832805e-03 -4.619660e-02 -2.434745e+00 -1.755145e-03 9.999970e-01 1.721603e-03 -1.993637e+00 4.619962e-02 -1.638679e-03 9.989309e-01 9.205518e+01
9.987771e-01 2.904739e-03 -4.935412e-02 -2.486719e+00 -2.745233e-03 9.999908e-01 3.299346e-03 -2.021957e+00 4.936326e-02 -3.159822e-03 9.987759e-01 9.291577e+01
9.986194e-01 3.941519e-03 -5.238126e-02 -2.538278e+00 -3.724414e-03 9.999840e-01 4.241689e-03 -2.044394e+00 5.239715e-02 -4.040742e-03 9.986182e-01 9.375397e+01
9.984574e-01 4.910923e-03 -5.530497e-02 -2.594376e+00 -4.595720e-03 9.999724e-01 5.825129e-03 -2.066115e+00 5.533206e-02 -5.561975e-03 9.984525e-01 9.456706e+01
9.981360e-01 8.546321e-03 -6.042826e-02 -2.709824e+00 -8.117173e-03 9.999401e-01 7.343723e-03 -2.104835e+00 6.048741e-02 -6.839525e-03 9.981455e-01 9.611060e+01
9.977683e-01 1.184201e-02 -6.571358e-02 -2.827593e+00 -1.166772e-02 9.999273e-01 3.035422e-03 -2.149905e+00 6.574475e-02 -2.261919e-03 9.978339e-01 9.753308e+01
9.973874e-01 1.616254e-02 -7.040771e-02 -2.940577e+00 -1.644917e-02 9.998586e-01 -3.493045e-03 -2.192789e+00 7.034131e-02 4.642067e-03 9.975122e-01 9.883274e+01
9.972983e-01 2.031185e-02 -7.059445e-02 -3.043655e+00 -2.065599e-02 9.997780e-01 -4.148050e-03 -2.242127e+00 7.049453e-02 5.595041e-03 9.974965e-01 1.000200e+02
9.976861e-01 2.685736e-02 -6.245978e-02 -3.132396e+00 -2.695920e-02 9.996362e-01 -7.880321e-04 -2.291455e+00 6.241590e-02 2.470075e-03 9.980472e-01 1.011196e+02
9.985724e-01 2.754334e-02 -4.576698e-02 -3.182492e+00 -2.741437e-02 9.996182e-01 3.443627e-03 -2.327168e+00 4.584436e-02 -2.184037e-03 9.989462e-01 1.021306e+02
9.994365e-01 2.634999e-02 -2.079597e-02 -3.201967e+00 -2.625239e-02 9.996431e-01 4.952734e-03 -2.369031e+00 2.091905e-02 -4.403998e-03 9.997715e-01 1.030549e+02
9.996254e-01 2.465666e-02 1.187615e-02 -3.182672e+00 -2.467518e-02 9.996945e-01 1.414920e-03 -2.410045e+00 -1.183763e-02 -1.707435e-03 9.999285e-01 1.039074e+02
9.981466e-01 2.187542e-02 5.678845e-02 -3.116159e+00 -2.145346e-02 9.997376e-01 -8.029551e-03 -2.449486e+00 -5.694920e-02 6.796359e-03 9.983540e-01 1.047190e+02
9.892475e-01 1.437845e-02 1.455423e-01 -2.911418e+00 -1.252083e-02 9.998281e-01 -1.367150e-02 -2.507487e+00 -1.457139e-01 1.170218e-02 9.892576e-01 1.058778e+02
9.756821e-01 8.224854e-03 2.190361e-01 -2.699437e+00 -4.860504e-03 9.998618e-01 -1.589424e-02 -2.548585e+00 -2.191366e-01 1.444310e-02 9.755873e-01 1.066027e+02
9.389078e-01 8.082927e-03 3.440738e-01 -2.279365e+00 -2.030353e-03 9.998368e-01 -1.794759e-02 -2.601080e+00 -3.441628e-01 1.615254e-02 9.387711e-01 1.076167e+02
9.015120e-01 6.907630e-03 4.326990e-01 -1.921488e+00 -1.279666e-04 9.998768e-01 -1.569548e-02 -2.628863e+00 -4.327542e-01 1.409428e-02 9.014018e-01 1.082346e+02
8.539851e-01 5.486594e-03 5.202685e-01 -1.506750e+00 4.312303e-03 9.998354e-01 -1.762231e-02 -2.655967e+00 -5.202796e-01 1.729274e-02 8.538209e-01 1.087943e+02
7.967129e-01 1.146739e-02 6.042492e-01 -1.047012e+00 4.228660e-03 9.996897e-01 -2.454758e-02 -2.682863e+00 -6.043433e-01 2.211254e-02 7.964172e-01 1.093104e+02
7.266640e-01 2.200542e-02 6.866405e-01 -5.307156e-01 -1.000028e-03 9.995197e-01 -3.097424e-02 -2.699185e+00 -6.869924e-01 2.182120e-02 7.263370e-01 1.097910e+02
6.472283e-01 1.957918e-02 7.620447e-01 5.578371e-02 5.453654e-03 9.995256e-01 -3.031273e-02 -2.723636e+00 -7.622767e-01 2.377518e-02 6.468145e-01 1.102064e+02
5.574795e-01 1.558425e-02 8.300444e-01 7.051086e-01 7.847757e-03 9.996802e-01 -2.403995e-02 -2.741477e+00 -8.301537e-01 1.991576e-02 5.571789e-01 1.105684e+02
4.596811e-01 8.542107e-03 8.880429e-01 1.408134e+00 1.226402e-02 9.997973e-01 -1.596535e-02 -2.764267e+00 -8.879994e-01 1.822994e-02 4.594832e-01 1.108567e+02
3.572424e-01 1.240740e-02 9.339293e-01 2.148919e+00 6.274944e-03 9.998573e-01 -1.568353e-02 -2.788461e+00 -9.339906e-01 1.146317e-02 3.571136e-01 1.111029e+02
2.598207e-01 2.006224e-02 9.654484e-01 2.934626e+00 7.048719e-03 9.997181e-01 -2.267132e-02 -2.806532e+00 -9.656312e-01 1.269565e-02 2.596061e-01 1.112656e+02
1.822823e-01 1.918248e-02 9.830591e-01 3.783818e+00 2.177190e-02 9.994858e-01 -2.354004e-02 -2.829807e+00 -9.830052e-01 2.569399e-02 1.817710e-01 1.113644e+02
1.229001e-01 1.931907e-02 9.922310e-01 4.690755e+00 2.545091e-02 9.994203e-01 -2.261146e-02 -2.856964e+00 -9.920927e-01 2.803212e-02 1.223372e-01 1.114470e+02
7.261944e-02 1.214445e-02 9.972858e-01 5.672652e+00 1.372028e-02 9.998191e-01 -1.317437e-02 -2.886056e+00 -9.972654e-01 1.463975e-02 7.243968e-02 1.115178e+02
4.961925e-02 8.990929e-03 9.987277e-01 6.192944e+00 1.713408e-02 9.998046e-01 -9.851892e-03 -2.902144e+00 -9.986213e-01 1.760112e-02 4.945550e-02 1.115272e+02
2.913822e-02 9.131699e-03 9.995337e-01 6.728517e+00 2.461286e-02 9.996485e-01 -9.850263e-03 -2.917163e+00 -9.992724e-01 2.488840e-02 2.890322e-02 1.115183e+02
1.095538e-02 1.122155e-02 9.998770e-01 7.282318e+00 2.994530e-02 9.994848e-01 -1.154526e-02 -2.930539e+00 -9.994915e-01 3.006809e-02 1.061370e-02 1.115004e+02
-3.553242e-03 1.690927e-02 9.998507e-01 7.855335e+00 3.158021e-02 9.993602e-01 -1.678875e-02 -2.935743e+00 -9.994949e-01 3.151583e-02 -4.084969e-03 1.114905e+02
-1.522981e-02 2.191925e-02 9.996437e-01 8.447661e+00 2.859550e-02 9.993603e-01 -2.147739e-02 -2.943016e+00 -9.994751e-01 2.825821e-02 -1.584686e-02 1.114822e+02
-2.198079e-02 2.258082e-02 9.995033e-01 9.065751e+00 3.081249e-02 9.992852e-01 -2.189828e-02 -2.953427e+00 -9.992835e-01 3.031583e-02 -2.266085e-02 1.114624e+02
-2.478790e-02 1.739682e-02 9.995413e-01 1.036534e+01 3.920624e-02 9.990962e-01 -1.641679e-02 -2.980253e+00 -9.989237e-01 3.878131e-02 -2.544756e-02 1.114116e+02
-2.312930e-02 1.652093e-02 9.995959e-01 1.104173e+01 3.862182e-02 9.991318e-01 -1.561960e-02 -2.993917e+00 -9.989862e-01 3.824493e-02 -2.374729e-02 1.113977e+02
-2.066774e-02 1.829032e-02 9.996191e-01 1.244057e+01 3.375051e-02 9.992755e-01 -1.758623e-02 -3.020980e+00 -9.992166e-01 3.337418e-02 -2.127008e-02 1.113766e+02
-1.940800e-02 1.845005e-02 9.996414e-01 1.390220e+01 3.300790e-02 9.992965e-01 -1.780284e-02 -3.051223e+00 -9.992667e-01 3.265054e-02 -2.000334e-02 1.113451e+02
-1.820959e-02 1.570494e-02 9.997108e-01 1.542377e+01 3.246256e-02 9.993587e-01 -1.510811e-02 -3.095311e+00 -9.993071e-01 3.217805e-02 -1.870774e-02 1.113240e+02
-2.016064e-02 1.196133e-02 9.997252e-01 1.698099e+01 3.120717e-02 9.994487e-01 -1.132870e-02 -3.141006e+00 -9.993096e-01 3.097020e-02 -2.052281e-02 1.112943e+02
-2.322968e-02 8.366561e-03 9.996951e-01 1.856541e+01 3.187309e-02 9.994628e-01 -7.623995e-03 -3.176463e+00 -9.992220e-01 3.168626e-02 -2.348387e-02 1.112519e+02
-2.654199e-02 5.000474e-03 9.996352e-01 2.018791e+01 3.034893e-02 9.995305e-01 -4.194140e-03 -3.214056e+00 -9.991869e-01 3.022653e-02 -2.668129e-02 1.112066e+02
-2.804745e-02 1.509420e-02 9.994926e-01 2.182752e+01 2.924817e-02 9.994702e-01 -1.427311e-02 -3.250815e+00 -9.991786e-01 2.883300e-02 -2.847408e-02 1.111686e+02
-2.984141e-02 1.484383e-02 9.994444e-01 2.349682e+01 2.643242e-02 9.995517e-01 -1.405621e-02 -3.298255e+00 -9.992051e-01 2.599827e-02 -3.022040e-02 1.111374e+02
-3.056497e-02 4.928690e-03 9.995206e-01 2.518208e+01 2.158534e-02 9.997579e-01 -4.269793e-03 -3.350402e+00 -9.992997e-01 2.144448e-02 -3.066396e-02 1.111110e+02
-3.037824e-02 -1.870939e-03 9.995367e-01 2.686546e+01 1.530089e-02 9.998802e-01 2.336608e-03 -3.392421e+00 -9.994214e-01 1.536478e-02 -3.034597e-02 1.110866e+02
-2.823685e-02 1.516988e-02 9.994861e-01 2.851752e+01 2.033913e-02 9.996865e-01 -1.459832e-02 -3.439638e+00 -9.993944e-01 1.991646e-02 -2.853654e-02 1.110417e+02
-2.636109e-02 1.615497e-02 9.995219e-01 3.017178e+01 2.380199e-02 9.995961e-01 -1.552843e-02 -3.494748e+00 -9.993691e-01 2.338126e-02 -2.673496e-02 1.109962e+02
-2.452145e-02 5.048207e-03 9.996865e-01 3.182438e+01 2.812594e-02 9.995949e-01 -4.357843e-03 -3.550386e+00 -9.993036e-01 2.801026e-02 -2.465351e-02 1.109495e+02
-2.520882e-02 6.438168e-03 9.996615e-01 3.344955e+01 2.428460e-02 9.996881e-01 -5.825950e-03 -3.597380e+00 -9.993872e-01 2.412951e-02 -2.535731e-02 1.109148e+02
-2.907136e-02 6.272478e-03 9.995576e-01 3.505969e+01 2.164930e-02 9.997497e-01 -5.644034e-03 -3.643377e+00 -9.993429e-01 2.147564e-02 -2.919988e-02 1.108735e+02
-3.323136e-02 7.280968e-03 9.994211e-01 3.665572e+01 1.909226e-02 9.997956e-01 -6.648872e-03 -3.692321e+00 -9.992653e-01 1.886025e-02 -3.336358e-02 1.108323e+02
-3.732820e-02 4.989269e-03 9.992906e-01 3.824062e+01 1.747571e-02 9.998378e-01 -4.339207e-03 -3.739393e+00 -9.991503e-01 1.730133e-02 -3.740934e-02 1.107877e+02
-4.114167e-02 5.913874e-03 9.991358e-01 3.980437e+01 1.695435e-02 9.998426e-01 -5.219929e-03 -3.788915e+00 -9.990095e-01 1.672494e-02 -4.123546e-02 1.107309e+02
-4.335089e-02 5.462525e-03 9.990450e-01 4.134827e+01 1.953435e-02 9.997985e-01 -4.619010e-03 -3.834868e+00 -9.988689e-01 1.931545e-02 -4.344886e-02 1.106618e+02
-4.474975e-02 4.542984e-03 9.989879e-01 4.211586e+01 1.966984e-02 9.997998e-01 -3.665569e-03 -3.860486e+00 -9.988046e-01 1.948589e-02 -4.483016e-02 1.106260e+02
-4.613078e-02 3.792299e-03 9.989282e-01 4.287606e+01 1.865418e-02 9.998217e-01 -2.934241e-03 -3.885455e+00 -9.987613e-01 1.849882e-02 -4.619330e-02 1.105935e+02
-4.844212e-02 1.858945e-03 9.988242e-01 4.435901e+01 1.563944e-02 9.998771e-01 -1.102409e-03 -3.927506e+00 -9.987036e-01 1.556764e-02 -4.846524e-02 1.105329e+02
-4.930024e-02 1.121100e-03 9.987834e-01 4.507372e+01 1.575283e-02 9.998758e-01 -3.447660e-04 -3.947128e+00 -9.986598e-01 1.571667e-02 -4.931179e-02 1.105025e+02
-4.971655e-02 6.537549e-03 9.987420e-01 4.647919e+01 1.624219e-02 9.998516e-01 -5.736295e-03 -3.990288e+00 -9.986313e-01 1.593657e-02 -4.981536e-02 1.104407e+02
-4.991082e-02 8.104079e-03 9.987208e-01 4.717652e+01 1.435816e-02 9.998695e-01 -7.395860e-03 -4.011755e+00 -9.986505e-01 1.397065e-02 -5.002068e-02 1.104123e+02
-5.019960e-02 8.863095e-03 9.986999e-01 4.856561e+01 1.583562e-02 9.998420e-01 -8.077259e-03 -4.055339e+00 -9.986137e-01 1.540955e-02 -5.033203e-02 1.103479e+02
-5.048020e-02 7.914478e-03 9.986937e-01 4.925400e+01 1.685096e-02 9.998330e-01 -7.071760e-03 -4.074607e+00 -9.985829e-01 1.647196e-02 -5.060514e-02 1.103152e+02
-5.087475e-02 8.507834e-03 9.986688e-01 4.993953e+01 1.311497e-02 9.998832e-01 -7.850075e-03 -4.093812e+00 -9.986190e-01 1.269814e-02 -5.098039e-02 1.102891e+02
-5.069705e-02 6.789371e-03 9.986910e-01 5.129886e+01 1.208748e-02 9.999078e-01 -6.184045e-03 -4.131756e+00 -9.986410e-01 1.175814e-02 -5.077445e-02 1.102291e+02
-5.159813e-02 6.404684e-03 9.986474e-01 5.197172e+01 1.276125e-02 9.999020e-01 -5.753386e-03 -4.148661e+00 -9.985864e-01 1.244713e-02 -5.167481e-02 1.101946e+02
-6.012039e-02 5.456290e-03 9.981762e-01 5.330677e+01 5.756207e-03 9.999703e-01 -5.119404e-03 -4.188031e+00 -9.981746e-01 5.437925e-03 -6.015001e-02 1.101320e+02
-7.232000e-02 1.209615e-02 9.973081e-01 5.462746e+01 1.154160e-02 9.998696e-01 -1.129028e-02 -4.221113e+00 -9.973147e-01 1.069401e-02 -7.245018e-02 1.100294e+02
-8.610102e-02 1.289271e-02 9.962030e-01 5.596874e+01 7.212257e-03 9.998981e-01 -1.231719e-02 -4.259740e+00 -9.962603e-01 6.124346e-03 -8.618523e-02 1.099227e+02
-9.601658e-02 1.227851e-02 9.953040e-01 5.732460e+01 4.243196e-03 9.999199e-01 -1.192612e-02 -4.305330e+00 -9.953707e-01 3.078162e-03 -9.606099e-02 1.097920e+02
-9.999902e-02 1.143901e-02 9.949218e-01 5.801252e+01 1.729848e-03 9.999344e-01 -1.132278e-02 -4.323997e+00 -9.949861e-01 5.887941e-04 -1.000122e-01 1.097249e+02
-1.045341e-01 5.579471e-03 9.945056e-01 5.941860e+01 3.960115e-03 9.999786e-01 -5.193927e-03 -4.360434e+00 -9.945134e-01 3.395412e-03 -1.045540e-01 1.095755e+02
-1.078470e-01 1.980980e-03 9.941655e-01 6.086806e+01 2.647993e-03 9.999950e-01 -1.705346e-03 -4.390954e+00 -9.941640e-01 2.448625e-03 -1.078517e-01 1.094297e+02
-1.087612e-01 9.316179e-03 9.940242e-01 6.232941e+01 9.639908e-03 9.999189e-01 -8.316680e-03 -4.420348e+00 -9.940212e-01 8.677766e-03 -1.088422e-01 1.092651e+02
-1.100410e-01 1.596005e-02 9.937989e-01 6.381462e+01 1.875611e-02 9.997263e-01 -1.397843e-02 -4.456517e+00 -9.937501e-01 1.710159e-02 -1.103102e-01 1.090910e+02
-1.106278e-01 1.354003e-02 9.937697e-01 6.456343e+01 1.662791e-02 9.997924e-01 -1.177106e-02 -4.476878e+00 -9.937228e-01 1.522211e-02 -1.108300e-01 1.090137e+02
-1.105493e-01 6.344343e-03 9.938504e-01 6.605966e+01 1.848372e-02 9.998198e-01 -4.326448e-03 -4.579860e+00 -9.936988e-01 1.789176e-02 -1.106467e-01 1.088574e+02
-1.133140e-01 6.359768e-03 9.935389e-01 6.754618e+01 1.731402e-02 9.998403e-01 -4.425430e-03 -4.789634e+00 -9.934084e-01 1.670068e-02 -1.134060e-01 1.087201e+02
-1.155968e-01 7.492320e-03 9.932679e-01 6.828567e+01 1.688045e-02 9.998419e-01 -5.577361e-03 -4.884585e+00 -9.931528e-01 1.612208e-02 -1.157050e-01 1.086478e+02
-1.177661e-01 7.254734e-03 9.930148e-01 6.902479e+01 1.758561e-02 9.998317e-01 -5.218985e-03 -4.946543e+00 -9.928857e-01 1.684815e-02 -1.178739e-01 1.085668e+02
-1.195878e-01 7.408337e-03 9.927960e-01 6.977011e+01 1.837544e-02 9.998174e-01 -5.247313e-03 -5.019805e+00 -9.926536e-01 1.761554e-02 -1.197021e-01 1.084826e+02
-1.216743e-01 7.133093e-03 9.925444e-01 7.051938e+01 1.797497e-02 9.998260e-01 -4.981908e-03 -5.072470e+00 -9.924073e-01 1.723478e-02 -1.217814e-01 1.083983e+02
-1.234095e-01 7.376899e-03 9.923284e-01 7.127406e+01 1.559289e-02 9.998633e-01 -5.493731e-03 -5.125756e+00 -9.922333e-01 1.479529e-02 -1.235077e-01 1.083160e+02
-1.246446e-01 8.735687e-03 9.921630e-01 7.202772e+01 1.595162e-02 9.998496e-01 -6.799383e-03 -5.169640e+00 -9.920733e-01 1.497909e-02 -1.247652e-01 1.082285e+02
-1.267926e-01 9.328478e-03 9.918854e-01 7.355163e+01 1.435415e-02 9.998683e-01 -7.568673e-03 -5.250965e+00 -9.918254e-01 1.327801e-02 -1.269098e-01 1.080563e+02
-1.278121e-01 7.724363e-03 9.917683e-01 7.432302e+01 1.476541e-02 9.998736e-01 -5.884635e-03 -5.288827e+00 -9.916885e-01 1.389173e-02 -1.279100e-01 1.079665e+02
-1.289397e-01 5.671148e-03 9.916362e-01 7.509805e+01 1.260751e-02 9.999122e-01 -4.079163e-03 -5.322302e+00 -9.915723e-01 1.197609e-02 -1.289999e-01 1.078742e+02
-1.326642e-01 2.681364e-03 9.911574e-01 7.666362e+01 1.026652e-02 9.999464e-01 -1.330995e-03 -5.383553e+00 -9.911079e-01 9.999156e-03 -1.326846e-01 1.076848e+02
-1.366917e-01 4.086094e-03 9.906052e-01 7.824938e+01 1.100964e-02 9.999360e-01 -2.605389e-03 -5.427471e+00 -9.905525e-01 1.055006e-02 -1.367279e-01 1.074828e+02
-1.397558e-01 1.572527e-02 9.900611e-01 8.065616e+01 1.567534e-02 9.997837e-01 -1.366699e-02 -5.497261e+00 -9.900620e-01 1.360950e-02 -1.399720e-01 1.071591e+02
-1.390177e-01 1.633615e-02 9.901551e-01 8.229746e+01 2.133374e-02 9.996813e-01 -1.349807e-02 -5.550477e+00 -9.900601e-01 1.924724e-02 -1.393219e-01 1.069330e+02
-1.381253e-01 1.301215e-02 9.903293e-01 8.396282e+01 2.122319e-02 9.997230e-01 -1.017550e-02 -5.600569e+00 -9.901874e-01 1.961245e-02 -1.383632e-01 1.067162e+02
-1.347013e-01 7.330803e-03 9.908591e-01 8.565017e+01 2.069307e-02 9.997753e-01 -4.583676e-03 -5.645151e+00 -9.906702e-01 1.988649e-02 -1.348228e-01 1.064988e+02
-1.311869e-01 3.194230e-03 9.913525e-01 8.734879e+01 1.948757e-02 9.998099e-01 -6.426705e-04 -5.689906e+00 -9.911661e-01 1.923473e-02 -1.312243e-01 1.062858e+02
-1.276834e-01 1.337617e-02 9.917248e-01 8.904327e+01 2.072071e-02 9.997268e-01 -1.081634e-02 -5.742522e+00 -9.915985e-01 1.916817e-02 -1.279257e-01 1.060757e+02
-1.243722e-01 1.491375e-02 9.921235e-01 9.075627e+01 1.760024e-02 9.997629e-01 -1.282223e-02 -5.799013e+00 -9.920796e-01 1.586688e-02 -1.246052e-01 1.058789e+02
-1.228619e-01 1.031533e-02 9.923702e-01 9.248727e+01 1.866495e-02 9.997931e-01 -8.081658e-03 -5.857296e+00 -9.922483e-01 1.752960e-02 -1.230290e-01 1.056748e+02
-1.217251e-01 9.881780e-03 9.925146e-01 9.421112e+01 1.754070e-02 9.998157e-01 -7.803231e-03 -5.910917e+00 -9.924089e-01 1.645954e-02 -1.218760e-01 1.054745e+02
-1.198438e-01 7.271893e-03 9.927661e-01 9.593646e+01 2.234193e-02 9.997397e-01 -4.625927e-03 -5.961976e+00 -9.925414e-01 2.162592e-02 -1.199751e-01 1.052677e+02
-1.183018e-01 1.141515e-02 9.929121e-01 9.764589e+01 2.579424e-02 9.996318e-01 -8.419119e-03 -6.012871e+00 -9.926426e-01 2.461541e-02 -1.185527e-01 1.050653e+02
-1.172208e-01 5.690447e-03 9.930896e-01 1.002020e+02 1.305697e-02 9.999060e-01 -4.188312e-03 -6.095973e+00 -9.930201e-01 1.247578e-02 -1.172840e-01 1.047876e+02
-1.197342e-01 1.068369e-02 9.927485e-01 1.018778e+02 6.446464e-03 9.999294e-01 -9.983472e-03 -6.148741e+00 -9.927851e-01 5.204352e-03 -1.197946e-01 1.046056e+02
-1.214188e-01 1.298786e-02 9.925164e-01 1.043613e+02 7.534352e-03 9.998976e-01 -1.216274e-02 -6.235915e+00 -9.925728e-01 6.001179e-03 -1.215042e-01 1.043147e+02
-1.225016e-01 1.645980e-02 9.923318e-01 1.059907e+02 9.949292e-03 9.998326e-01 -1.535600e-02 -6.298760e+00 -9.924185e-01 7.991859e-03 -1.226449e-01 1.041174e+02
-1.264559e-01 1.749424e-02 9.918179e-01 1.084014e+02 6.222075e-03 9.998388e-01 -1.684242e-02 -6.396279e+00 -9.919528e-01 4.041340e-03 -1.265443e-01 1.038301e+02
-1.327292e-01 2.076343e-02 9.909348e-01 1.099770e+02 5.471096e-03 9.997806e-01 -2.021597e-02 -6.461637e+00 -9.911373e-01 2.738246e-03 -1.328137e-01 1.036312e+02
-1.422740e-01 2.044221e-02 9.896162e-01 1.123078e+02 5.216391e-03 9.997883e-01 -1.990239e-02 -6.558137e+00 -9.898136e-01 2.330629e-03 -1.423506e-01 1.033200e+02
-1.469150e-01 2.569409e-02 9.888153e-01 1.138417e+02 2.553576e-03 9.996691e-01 -2.559672e-02 -6.625419e+00 -9.891459e-01 -1.235529e-03 -1.469320e-01 1.031087e+02
-1.513491e-01 3.616220e-02 9.878187e-01 1.153566e+02 3.780690e-03 9.993444e-01 -3.600489e-02 -6.698886e+00 -9.884732e-01 -1.714672e-03 -1.513866e-01 1.028870e+02
-1.575348e-01 2.612263e-02 9.871679e-01 1.168832e+02 4.681739e-03 9.996586e-01 -2.570605e-02 -6.772644e+00 -9.875024e-01 5.720647e-04 -1.576033e-01 1.026502e+02
-1.613565e-01 2.713452e-02 9.865231e-01 1.183859e+02 3.127759e-03 9.996310e-01 -2.698349e-02 -6.848109e+00 -9.868913e-01 -1.268356e-03 -1.613818e-01 1.024110e+02
-1.665879e-01 3.260343e-02 9.854874e-01 1.198732e+02 -3.815779e-04 9.994510e-01 -3.312991e-02 -6.916674e+00 -9.860266e-01 -5.895083e-03 -1.664840e-01 1.021780e+02
-1.703598e-01 4.083782e-02 9.845353e-01 1.213457e+02 3.882035e-03 9.991609e-01 -4.077276e-02 -6.993951e+00 -9.853743e-01 -3.124038e-03 -1.703753e-01 1.019311e+02
-1.756325e-01 4.109592e-02 9.835976e-01 1.228130e+02 3.401261e-03 9.991476e-01 -4.113830e-02 -7.073884e+00 -9.844500e-01 -3.879751e-03 -1.756226e-01 1.016844e+02
-1.795086e-01 3.730601e-02 9.830488e-01 1.235470e+02 7.378010e-03 9.993036e-01 -3.657563e-02 -7.116066e+00 -9.837288e-01 6.872995e-04 -1.796589e-01 1.015468e+02
-1.911026e-01 3.472870e-02 9.809555e-01 1.249966e+02 8.903726e-03 9.993941e-01 -3.364693e-02 -7.198722e+00 -9.815297e-01 2.304139e-03 -1.912961e-01 1.012695e+02
-1.993640e-01 3.441734e-02 9.793209e-01 1.257124e+02 7.623401e-03 9.994072e-01 -3.357135e-02 -7.237820e+00 -9.798959e-01 7.728352e-04 -1.995082e-01 1.011264e+02
-2.215235e-01 3.605602e-02 9.744882e-01 1.271315e+02 7.392757e-03 9.993496e-01 -3.529536e-02 -7.316019e+00 -9.751270e-01 -6.146005e-04 -2.216460e-01 1.008115e+02
-2.338325e-01 3.646334e-02 9.715929e-01 1.278368e+02 8.066085e-03 9.993349e-01 -3.556323e-02 -7.354262e+00 -9.722435e-01 -4.788901e-04 -2.339711e-01 1.006400e+02
-2.455518e-01 3.680717e-02 9.686844e-01 1.285371e+02 1.095265e-02 9.993204e-01 -3.519487e-02 -7.391647e+00 -9.693216e-01 1.967497e-03 -2.457881e-01 1.004561e+02
-2.566142e-01 3.679370e-02 9.658133e-01 1.292346e+02 1.413778e-02 9.993111e-01 -3.431348e-02 -7.428905e+00 -9.664105e-01 4.849127e-03 -2.569576e-01 1.002649e+02
-2.668005e-01 3.681275e-02 9.630484e-01 1.299272e+02 1.816236e-02 9.992848e-01 -3.316625e-02 -7.464456e+00 -9.635807e-01 8.642454e-03 -2.672783e-01 1.000660e+02
-2.756318e-01 3.765500e-02 9.605255e-01 1.306177e+02 2.381571e-02 9.991932e-01 -3.233675e-02 -7.501316e+00 -9.609683e-01 1.396256e-02 -2.763062e-01 9.985681e+01
-2.832348e-01 3.770564e-02 9.583091e-01 1.313037e+02 2.916264e-02 9.991034e-01 -3.069152e-02 -7.535702e+00 -9.586071e-01 1.925391e-02 -2.840805e-01 9.964198e+01
-2.897949e-01 3.761505e-02 9.563493e-01 1.319861e+02 2.949442e-02 9.991038e-01 -3.035922e-02 -7.571493e+00 -9.566342e-01 1.940902e-02 -2.906446e-01 9.943215e+01
-2.944851e-01 3.618860e-02 9.549706e-01 1.326678e+02 3.289240e-02 9.990745e-01 -2.771687e-02 -7.602966e+00 -9.550899e-01 2.324906e-02 -2.954029e-01 9.921607e+01
-2.966293e-01 3.359043e-02 9.544017e-01 1.333449e+02 3.923959e-02 9.989659e-01 -2.296317e-02 -7.633871e+00 -9.541862e-01 3.063878e-02 -2.976407e-01 9.899266e+01
-2.975246e-01 3.271849e-02 9.541533e-01 1.340170e+02 4.590603e-02 9.987468e-01 -1.993319e-02 -7.665957e+00 -9.536099e-01 3.787077e-02 -2.986538e-01 9.876779e+01
-2.985891e-01 2.994413e-02 9.539119e-01 1.346874e+02 4.720854e-02 9.987475e-01 -1.657458e-02 -7.696836e+00 -9.532135e-01 4.008379e-02 -2.996287e-01 9.855353e+01
-2.968336e-01 3.904998e-02 9.541304e-01 1.360050e+02 5.058688e-02 9.984036e-01 -2.512421e-02 -7.752705e+00 -9.535884e-01 4.080876e-02 -2.983351e-01 9.813493e+01
-2.943028e-01 3.805680e-02 9.549542e-01 1.373158e+02 5.415976e-02 9.982652e-01 -2.309160e-02 -7.809641e+00 -9.541764e-01 4.492415e-02 -2.958534e-01 9.771838e+01
-2.908038e-01 3.523570e-02 9.561337e-01 1.386074e+02 5.699889e-02 9.981848e-01 -1.944944e-02 -7.876691e+00 -9.550834e-01 4.884258e-02 -2.922843e-01 9.731435e+01
-2.841890e-01 3.956027e-02 9.579518e-01 1.398731e+02 5.961113e-02 9.979443e-01 -2.352743e-02 -7.934720e+00 -9.569134e-01 5.041834e-02 -2.859630e-01 9.692653e+01
-2.788728e-01 3.891345e-02 9.595393e-01 1.405034e+02 6.114570e-02 9.978707e-01 -2.269708e-02 -7.965446e+00 -9.583795e-01 5.234209e-02 -2.806584e-01 9.673888e+01
-2.684718e-01 3.498844e-02 9.626519e-01 1.417523e+02 6.244183e-02 9.978705e-01 -1.885424e-02 -8.029376e+00 -9.612616e-01 5.504790e-02 -2.700849e-01 9.637711e+01
-2.643665e-01 3.405038e-02 9.638210e-01 1.423690e+02 6.234759e-02 9.978894e-01 -1.815265e-02 -8.060370e+00 -9.624049e-01 5.529295e-02 -2.659315e-01 9.620436e+01
-2.565355e-01 3.089812e-02 9.660408e-01 1.435939e+02 6.596060e-02 9.977184e-01 -1.439525e-02 -8.112439e+00 -9.642815e-01 6.002772e-02 -2.579883e-01 9.586352e+01
-2.491217e-01 2.804319e-02 9.680661e-01 1.448014e+02 6.736837e-02 9.976611e-01 -1.156397e-02 -8.165921e+00 -9.661263e-01 6.233618e-02 -2.504283e-01 9.553897e+01
-2.408650e-01 3.192500e-02 9.700334e-01 1.459803e+02 6.519589e-02 9.977336e-01 -1.664814e-02 -8.221656e+00 -9.683665e-01 5.923223e-02 -2.424005e-01 9.524410e+01
-2.202235e-01 3.475298e-02 9.748301e-01 1.477253e+02 6.348447e-02 9.977570e-01 -2.122859e-02 -8.301809e+00 -9.733814e-01 5.721153e-02 -2.219359e-01 9.484161e+01
-1.686128e-01 2.947232e-02 9.852416e-01 1.500216e+02 6.281771e-02 9.978422e-01 -1.909873e-02 -8.411951e+00 -9.836787e-01 5.867032e-02 -1.701004e-01 9.440439e+01
-8.495579e-02 2.813820e-02 9.959873e-01 1.522939e+02 5.238013e-02 9.983450e-01 -2.373690e-02 -8.522593e+00 -9.950070e-01 5.015334e-02 -8.628908e-02 9.416541e+01
-2.829096e-02 2.964958e-02 9.991599e-01 1.539729e+02 3.328137e-02 9.990337e-01 -2.870349e-02 -8.607328e+00 -9.990456e-01 3.244136e-02 -2.925040e-02 9.412758e+01
-2.109399e-02 2.189851e-02 9.995376e-01 1.556469e+02 9.131974e-03 9.997226e-01 -2.170985e-02 -8.688323e+00 -9.997358e-01 8.669800e-03 -2.128812e-02 9.413797e+01
-5.946910e-02 1.519122e-02 9.981145e-01 1.572847e+02 8.193505e-03 9.998579e-01 -1.472958e-02 -8.747148e+00 -9.981966e-01 7.302098e-03 -5.958512e-02 9.405245e+01
-8.537735e-02 1.386193e-02 9.962522e-01 1.583533e+02 6.951610e-03 9.998871e-01 -1.331677e-02 -8.782045e+00 -9.963245e-01 5.788603e-03 -8.546408e-02 9.396008e+01
-1.188025e-01 1.165166e-02 9.928495e-01 1.594012e+02 2.750125e-03 9.999311e-01 -1.140570e-02 -8.813298e+00 -9.929141e-01 1.375433e-03 -1.188264e-01 9.383820e+01
-1.486364e-01 9.184546e-03 9.888493e-01 1.604306e+02 6.744987e-03 9.999430e-01 -8.273736e-03 -8.846036e+00 -9.888690e-01 5.439995e-03 -1.486898e-01 9.366924e+01
-1.629326e-01 7.570467e-03 9.866081e-01 1.609386e+02 6.761994e-03 9.999556e-01 -6.556186e-03 -8.861136e+00 -9.866141e-01 5.603219e-03 -1.629766e-01 9.357816e+01
-1.889989e-01 6.360769e-03 9.819567e-01 1.619306e+02 5.137210e-03 9.999717e-01 -5.488702e-03 -8.890957e+00 -9.819639e-01 4.007156e-03 -1.890262e-01 9.338617e+01
-2.099177e-01 1.021626e-02 9.776657e-01 1.628990e+02 1.352771e-02 9.998800e-01 -7.543823e-03 -8.919301e+00 -9.776255e-01 1.164199e-02 -2.100308e-01 9.316096e+01
-2.174003e-01 1.130058e-02 9.760171e-01 1.633789e+02 1.394518e-02 9.998669e-01 -8.470543e-03 -8.934349e+00 -9.759830e-01 1.176923e-02 -2.175289e-01 9.304986e+01
-2.223591e-01 1.113624e-02 9.749012e-01 1.638542e+02 1.540583e-02 9.998500e-01 -7.907419e-03 -8.947930e+00 -9.748431e-01 1.326087e-02 -2.224974e-01 9.293874e+01
-2.255958e-01 9.868399e-03 9.741710e-01 1.643316e+02 1.447832e-02 9.998722e-01 -6.775912e-03 -8.963049e+00 -9.741134e-01 1.257573e-02 -2.257099e-01 9.283529e+01
-2.282584e-01 7.916889e-03 9.735684e-01 1.652777e+02 1.707519e-02 9.998457e-01 -4.127207e-03 -8.997595e+00 -9.734509e-01 1.568179e-02 -2.283583e-01 9.262255e+01
-2.293559e-01 9.113780e-03 9.732999e-01 1.657438e+02 1.912253e-02 9.998053e-01 -4.855798e-03 -9.013537e+00 -9.731548e-01 1.749824e-02 -2.294855e-01 9.251318e+01
-2.350495e-01 1.202891e-02 9.719089e-01 1.666749e+02 1.713075e-02 9.998193e-01 -8.231399e-03 -9.042484e+00 -9.718325e-01 1.471474e-02 -2.352131e-01 9.229964e+01
-2.388826e-01 1.377125e-02 9.709508e-01 1.671492e+02 1.685226e-02 9.998076e-01 -1.003439e-02 -9.050522e+00 -9.709022e-01 1.396567e-02 -2.390687e-01 9.218701e+01
-2.497555e-01 1.147022e-02 9.682410e-01 1.681253e+02 1.481258e-02 9.998581e-01 -8.023911e-03 -9.068787e+00 -9.681957e-01 1.233813e-02 -2.498900e-01 9.194609e+01
-2.607071e-01 1.292790e-02 9.653314e-01 1.691260e+02 1.988029e-02 9.997702e-01 -8.020047e-03 -9.096027e+00 -9.652133e-01 1.710018e-02 -2.609042e-01 9.166843e+01
-2.665264e-01 1.431077e-02 9.637214e-01 1.696389e+02 1.961510e-02 9.997632e-01 -9.421237e-03 -9.107717e+00 -9.636280e-01 1.639248e-02 -2.667440e-01 9.152630e+01
-2.775093e-01 1.743581e-02 9.605647e-01 1.706832e+02 2.029199e-02 9.997186e-01 -1.228412e-02 -9.132048e+00 -9.605087e-01 1.608281e-02 -2.777850e-01 9.122588e+01
-2.873398e-01 1.919299e-02 9.576364e-01 1.717484e+02 2.829411e-02 9.995330e-01 -1.154301e-02 -9.163386e+00 -9.574107e-01 2.377870e-02 -2.877487e-01 9.089653e+01
-2.953670e-01 1.606871e-02 9.552487e-01 1.728366e+02 2.678467e-02 9.996048e-01 -8.532921e-03 -9.193889e+00 -9.550084e-01 2.306567e-02 -2.956807e-01 9.056912e+01
-3.008942e-01 1.085365e-02 9.535957e-01 1.739327e+02 3.075536e-02 9.995255e-01 -1.671982e-03 -9.221710e+00 -9.531615e-01 2.882508e-02 -3.010853e-01 9.021585e+01
-3.041964e-01 8.054749e-03 9.525753e-01 1.750292e+02 3.182098e-02 9.994921e-01 1.710272e-03 -9.249796e+00 -9.520778e-01 3.083213e-02 -3.042982e-01 8.986252e+01
-3.037054e-01 1.132475e-02 9.526987e-01 1.761157e+02 3.320492e-02 9.994477e-01 -1.295251e-03 -9.273390e+00 -9.521872e-01 3.124090e-02 -3.039137e-01 8.951351e+01
-3.006426e-01 1.210122e-02 9.536601e-01 1.771976e+02 3.430652e-02 9.994096e-01 -1.866579e-03 -9.302397e+00 -9.531197e-01 3.215558e-02 -3.008802e-01 8.917394e+01
-2.955264e-01 1.169623e-02 9.552630e-01 1.782718e+02 3.482970e-02 9.993922e-01 -1.461413e-03 -9.333326e+00 -9.546995e-01 3.283963e-02 -2.957541e-01 8.884611e+01
-2.894218e-01 1.599879e-02 9.570679e-01 1.793156e+02 3.706865e-02 9.992976e-01 -5.494994e-03 -9.362912e+00 -9.564837e-01 3.388684e-02 -2.898116e-01 8.853955e+01
-2.820015e-01 1.652123e-02 9.592717e-01 1.803224e+02 3.760260e-02 9.992738e-01 -6.155974e-03 -9.391387e+00 -9.586768e-01 3.433510e-02 -2.824180e-01 8.825564e+01
-2.733511e-01 1.248095e-02 9.618333e-01 1.812821e+02 3.703569e-02 9.993109e-01 -2.441812e-03 -9.417670e+00 -9.612011e-01 3.495468e-02 -2.736250e-01 8.799373e+01
-2.609832e-01 5.114162e-03 9.653298e-01 1.821857e+02 4.013209e-02 9.991789e-01 5.556475e-03 -9.443133e+00 -9.645088e-01 4.019084e-02 -2.609741e-01 8.775348e+01
-2.414348e-01 2.284986e-03 9.704143e-01 1.830265e+02 3.975206e-02 9.991811e-01 7.537411e-03 -9.464732e+00 -9.696025e-01 4.039575e-02 -2.413280e-01 8.756152e+01
-2.125689e-01 3.764842e-03 9.771388e-01 1.838335e+02 3.735659e-02 9.992928e-01 4.276428e-03 -9.483133e+00 -9.764318e-01 3.741160e-02 -2.125592e-01 8.740983e+01
-1.717367e-01 1.097173e-02 9.850818e-01 1.846231e+02 3.901595e-02 9.992292e-01 -4.327365e-03 -9.502342e+00 -9.843700e-01 3.769073e-02 -1.720324e-01 8.729367e+01
-1.181119e-01 8.604454e-03 9.929630e-01 1.854134e+02 3.571887e-02 9.993521e-01 -4.411101e-03 -9.524231e+00 -9.923577e-01 3.494651e-02 -1.183428e-01 8.723365e+01
-5.616419e-02 5.016196e-03 9.984089e-01 1.861937e+02 2.635121e-02 9.996465e-01 -3.540066e-03 -9.547399e+00 -9.980738e-01 2.611045e-02 -5.627652e-02 8.724422e+01
3.700005e-02 -5.197322e-03 9.993017e-01 1.873319e+02 1.381041e-02 9.998936e-01 4.689056e-03 -9.588216e+00 -9.992199e-01 1.362726e-02 3.706789e-02 8.734029e+01
1.011490e-01 -1.028528e-02 9.948181e-01 1.880686e+02 1.356385e-02 9.998679e-01 8.958372e-03 -9.611487e+00 -9.947789e-01 1.258743e-02 1.012751e-01 8.745192e+01
1.704443e-01 -1.005290e-02 9.853160e-01 1.887883e+02 1.251008e-02 9.998894e-01 8.037535e-03 -9.627618e+00 -9.852879e-01 1.095643e-02 1.705512e-01 8.761924e+01
2.463376e-01 -5.020139e-03 9.691711e-01 1.895095e+02 1.343054e-02 9.999082e-01 1.765663e-03 -9.639227e+00 -9.690911e-01 1.258154e-02 2.463824e-01 8.784616e+01
3.289804e-01 1.435245e-04 9.443367e-01 1.902336e+02 7.240976e-03 9.999702e-01 -2.674536e-03 -9.651550e+00 -9.443090e-01 7.717786e-03 3.289696e-01 8.815725e+01
4.161375e-01 9.994793e-03 9.092468e-01 1.909490e+02 -1.116839e-03 9.999444e-01 -1.048063e-02 -9.672989e+00 -9.093011e-01 3.345899e-03 4.161255e-01 8.855409e+01
5.023124e-01 1.247096e-02 8.645963e-01 1.916933e+02 4.312122e-03 9.998474e-01 -1.692708e-02 -9.694072e+00 -8.646755e-01 1.223092e-02 5.021820e-01 8.903226e+01
5.851963e-01 1.051044e-02 8.108236e-01 1.924105e+02 8.094829e-03 9.997904e-01 -1.880224e-02 -9.719824e+00 -8.108513e-01 1.756648e-02 5.849885e-01 8.960055e+01
6.619290e-01 1.362857e-02 7.494426e-01 1.931030e+02 -3.337605e-03 9.998783e-01 -1.523486e-02 -9.753497e+00 -7.495591e-01 7.583050e-03 6.618940e-01 9.029644e+01
7.309139e-01 1.324663e-02 6.823412e-01 1.937797e+02 -4.234771e-03 9.998804e-01 -1.487496e-02 -9.788979e+00 -6.824566e-01 7.982752e-03 7.308825e-01 9.108783e+01
8.358761e-01 1.096908e-02 5.488086e-01 1.950720e+02 -4.730695e-03 9.999071e-01 -1.278003e-02 -9.861770e+00 -5.488979e-01 8.086276e-03 8.358503e-01 9.300739e+01
8.694597e-01 9.517999e-03 4.939122e-01 1.956839e+02 -6.036330e-03 9.999444e-01 -8.643494e-03 -9.896652e+00 -4.939670e-01 4.533751e-03 8.694688e-01 9.412166e+01
8.929201e-01 6.551292e-03 4.501676e-01 1.962715e+02 -6.486757e-03 9.999775e-01 -1.686020e-03 -9.928192e+00 -4.501685e-01 -1.414647e-03 8.929425e-01 9.532711e+01
9.015920e-01 3.695464e-03 4.325716e-01 1.965617e+02 -4.113073e-03 9.999915e-01 2.977397e-05 -9.940191e+00 -4.325678e-01 -1.806043e-03 9.015996e-01 9.595704e+01
9.167775e-01 -4.268977e-03 3.993755e-01 1.971374e+02 4.415593e-03 9.999901e-01 5.529107e-04 -9.961056e+00 -3.993740e-01 1.256583e-03 9.167873e-01 9.727740e+01
9.304654e-01 -7.380189e-03 3.663055e-01 1.976899e+02 7.971659e-03 9.999682e-01 -1.020921e-04 -9.982069e+00 -3.662931e-01 3.015055e-03 9.304946e-01 9.868228e+01
9.415907e-01 -6.089185e-03 3.367045e-01 1.982071e+02 6.659661e-03 9.999777e-01 -5.394187e-04 -1.000261e+01 -3.366937e-01 2.750248e-03 9.416102e-01 1.001604e+02
