9.996287654187419047e-01 4.282600724388299467e-03 -2.690707487701590392e-02 -4.276438000000000184e-01 -4.186199467471664500e-03 9.999846200220047221e-01 3.638056275738747562e-03 3.023259999999999836e-02 2.692224138923822105e-02 -3.524067320919245690e-03 9.996313189711981684e-01 -7.580748000000000486e-01
9.995697176184693555e-01 1.845957135870163711e-03 -2.927408516736114408e-02 -4.296194999999999875e-01 -1.802449140833420251e-03 9.999972316846102993e-01 1.512547589479213642e-03 2.920100000000000126e-02 2.927679622547679772e-02 -1.459131717241639575e-03 9.995702777380905957e-01 -7.068803000000000170e-01
9.995072080932106973e-01 1.458164153255427520e-03 -3.135625499031022972e-02 -4.304398999999999864e-01 -1.454676899065038796e-03 9.999989329755152312e-01 1.340259319132800701e-04 2.878189999999999915e-02 3.135641696422792474e-02 -8.834666524313615553e-05 9.995082627522556828e-01 -6.815286999999999873e-01
9.994549542703894396e-01 -4.808349831734301180e-04 -3.300853195906643806e-02 -4.315375000000000183e-01 4.286407960199903637e-04 9.999986467979345983e-01 -1.588291335917916885e-03 2.830809999999999924e-02 3.300925099789060041e-02 1.573276841093511650e-03 9.994538079113709506e-01 -6.561485999999999708e-01
9.993998520552235254e-01 -2.743159447021849880e-03 -3.453130157184122057e-02 -4.324226999999999932e-01 2.612827089238529184e-03 9.999892945682026246e-01 -3.818885123987014393e-03 2.805830000000000130e-02 3.454140771015232897e-02 3.726368907754944865e-03 9.993963204495823760e-01 -6.303191999999999684e-01
9.993362535091150356e-01 -4.037492088231467435e-03 -3.620429643016486593e-02 -4.332424999999999748e-01 3.876374606795601318e-03 9.999822745707029892e-01 -4.519321222373230695e-03 2.762710000000000166e-02 3.622190141714775463e-02 4.375980123431906857e-03 9.993341906768153926e-01 -6.042064999999999797e-01
9.992446920759534557e-01 -4.427320514636940915e-03 -3.860627139589861007e-02 -4.356625000000000081e-01 4.271818998886341839e-03 9.999824318656979072e-01 -4.109443077323591056e-03 2.633570000000000008e-02 3.862378697737779004e-02 3.941420178778708150e-03 9.992460499228908999e-01 -5.511641999999999930e-01
9.991977944965919622e-01 -3.931477859675216492e-03 -3.985361909519881396e-02 -4.368342000000000058e-01 3.667756521511378234e-03 9.999709073012312821e-01 -6.688207028143619212e-03 2.566049999999999928e-02 3.987875418371569780e-02 6.536668340315463996e-03 9.991831448397052728e-01 -5.241356999999999822e-01
9.991451471348495872e-01 -2.292233546140194991e-03 -4.127615076832857888e-02 -4.381359000000000226e-01 1.860421874458574902e-03 9.999431753010946666e-01 -1.049690426808793861e-02 2.504999999999999935e-02 4.129786661958312344e-02 1.041113990561630398e-02 9.990926355341315235e-01 -4.966226999999999725e-01
9.990904109531164590e-01 -1.275485056985832316e-03 -4.262304399503011321e-02 -4.394865000000000022e-01 6.636237713270212550e-04 9.998965799874696136e-01 -1.436624282309082075e-02 2.465250000000000080e-02 4.263695984733194277e-02 1.432488978077265003e-02 9.989879314525004217e-01 -4.687661000000000189e-01
9.990499296820384290e-01 4.464173725749245847e-04 -4.357796133188988896e-02 -4.411844999999999795e-01 -1.070383384971031670e-03 9.998972326028091606e-01 -1.429610130955681277e-02 2.413819999999999855e-02 4.356710091024425247e-02 1.432916413380059401e-02 9.989477377588396045e-01 -4.402715999999999852e-01
9.989899819422805027e-01 3.257760909219771690e-03 -4.481520916854302150e-02 -4.428083999999999909e-01 -3.588462786871457477e-03 9.999669103428044936e-01 -7.300763952673067214e-03 2.359539999999999901e-02 4.478994210522203867e-02 7.454207759632897404e-03 9.989686160600276255e-01 -4.107743999999999840e-01
9.989644941639725939e-01 4.325553067715237274e-03 -4.529049558546208859e-02 -4.444782999999999928e-01 -4.191031837580178401e-03 9.999865212756471333e-01 3.064721711036659958e-03 2.315750000000000100e-02 4.530314174375515285e-02 -2.871734264880625598e-03 9.989691579275394862e-01 -3.805479999999999974e-01
9.988615815116367314e-01 7.826200317829108688e-03 -4.705625961184182332e-02 -4.481299999999999728e-01 -7.417316252884105336e-03 9.999332608994089266e-01 8.857605019379329037e-03 2.211329999999999893e-02 4.712244051061601630e-02 -8.498490198843799970e-03 9.988529677908873916e-01 -3.187171999999999783e-01
9.987920786331174750e-01 9.760673316919104767e-03 -4.815716889661246503e-02 -4.498770999999999742e-01 -9.692645130349996155e-03 9.999516705675265404e-01 1.645952487196093370e-03 2.193089999999999970e-02 4.817090709249284564e-02 -1.177193957420742936e-03 9.988384143214922295e-01 -2.871310000000000251e-01
9.987173237176506513e-01 6.853116171282452006e-03 -5.016714168652941508e-02 -4.536662000000000194e-01 -7.010818041337845731e-03 9.999710185852990207e-01 -2.968235144152949617e-03 2.218859999999999930e-02 5.014534611152526855e-02 3.316140561351380717e-03 9.987364254272158570e-01 -2.207459999999999978e-01
9.986993333268893158e-01 5.516060224371081323e-03 -5.068742143794474631e-02 -4.574979000000000129e-01 -4.819533834961873923e-03 9.998924196041248935e-01 1.385356675453198669e-02 2.176319999999999991e-02 5.075838557362090386e-02 -1.359125813932350602e-02 9.986184776961368748e-01 -1.505708000000000046e-01
9.986663996848945679e-01 3.304344145573481079e-03 -5.152187351191784420e-02 -4.611708999999999947e-01 -2.531145291155834087e-03 9.998833092864432004e-01 1.506522863769270242e-02 2.191509999999999986e-02 5.156564208778464248e-02 -1.491472829650312103e-02 9.985582283652345570e-01 -7.770499999999999630e-02
9.987122876529203053e-01 5.146621419251385873e-03 -5.047057339715547292e-02 -4.656640000000000224e-01 -4.685709384903768288e-03 9.999462729831989360e-01 9.246365478943148475e-03 2.222939999999999985e-02 5.051544930643474957e-02 -8.997968380521775833e-03 9.986827453933467824e-01 -1.419600000000000029e-03
9.988124539796676693e-01 -5.399069387255610872e-04 -4.871745350089397991e-02 -4.695404000000000244e-01 4.102100012977000568e-04 9.999963455676186275e-01 -2.672186214055996024e-03 2.166270000000000001e-02 4.871871819813290011e-02 2.649028483288084351e-03 9.988090253623189696e-01 7.731530000000000347e-02
9.988771839641157335e-01 1.453145438223136035e-03 -4.735250494169639113e-02 -4.739464999999999928e-01 -1.878285369141979941e-03 9.999583186259154433e-01 -8.934934521541225416e-03 2.073229999999999865e-02 4.733754746488327836e-02 9.013843751005074650e-03 9.988382788123623124e-01 1.589289000000000118e-01
9.988523756252385422e-01 3.095852143979808610e-03 -4.779484707915563485e-02 -4.780323000000000211e-01 -3.564556158950958273e-03 9.999463629258765751e-01 -9.724464545709448487e-03 1.908309999999999867e-02 4.776217799898724997e-02 9.883671929687413982e-03 9.988098354451558913e-01 2.435293000000000041e-01
9.988234594186399251e-01 9.283380555115492566e-03 -4.759743438936097498e-02 -4.829785999999999802e-01 -9.894180079553168555e-03 9.998714991073262004e-01 -1.261310720725214267e-02 1.725710000000000091e-02 4.747422580236556472e-02 1.306920496193881946e-02 9.987869611514403889e-01 3.306714000000000042e-01
9.987762758246989669e-01 1.167008804343135607e-02 -4.805996145237167311e-02 -4.875268999999999853e-01 -1.229207495713493907e-02 9.998442172227798297e-01 -1.266673515215002883e-02 1.500609999999999965e-02 4.790465262365511262e-02 1.324199121073177561e-02 9.987641332796156624e-01 4.195219000000000031e-01
9.987091217505970064e-01 1.304773521468928152e-02 -4.909018983380063206e-02 -4.917221999999999982e-01 -1.359804093877349518e-02 9.998482078576574894e-01 -1.089286585147056403e-02 1.220330000000000026e-02 4.894061109935864129e-02 1.154633489892142005e-02 9.987349491910370025e-01 5.096905999999999937e-01
9.986729528074208551e-01 1.440373990884409247e-02 -4.944558228543165929e-02 -4.968905000000000127e-01 -1.481750460897376248e-02 9.998581167774133194e-01 -8.011733363479635328e-03 1.029910000000000027e-02 4.932316786328775488e-02 8.733761558619712595e-03 9.987446853530521640e-01 6.019147999999999721e-01
9.986418742022901140e-01 1.568599526215353618e-02 -4.968255873415709789e-02 -5.019405000000000117e-01 -1.621032516191073247e-02 9.998168989174173182e-01 -1.016828389178971517e-02 8.304399999999999976e-03 4.951396215091655173e-02 1.095984451507425392e-02 9.987132968776990527e-01 6.944571000000000494e-01
9.986174099707562091e-01 1.476128876482255860e-02 -5.045168834935217367e-02 -5.071042999999999523e-01 -1.510021673972524771e-02 9.998658639542363780e-01 -6.343307769765102640e-03 6.052199999999999767e-03 5.035128556166124786e-02 7.096369004650489136e-03 9.987063580398584106e-01 7.889452999999999605e-01
9.985246038279972369e-01 1.524860118711409383e-02 -5.211617514723757005e-02 -5.118610999999999578e-01 -1.529372387542040322e-02 9.998829350617260969e-01 -4.670999576005621136e-04 4.316999999999999657e-03 5.210295154944291629e-02 1.263461192256074136e-03 9.986409195029273267e-01 8.849996999999999447e-01
9.984954943650357073e-01 1.445978607447060034e-02 -5.289293260354886034e-02 -5.176688999999999874e-01 -1.454768603629121547e-02 9.998933611094497076e-01 -1.277200155533972674e-03 2.700199999999999823e-03 5.286882411887475902e-02 2.044748377758134547e-03 9.985993723412603940e-01 9.819472000000000200e-01
9.984218894813009504e-01 1.468973060398357303e-02 -5.420278977480225135e-02 -5.233444999999999903e-01 -1.476183575213362367e-02 9.998906055365609502e-01 -9.301424388164211471e-04 1.362600000000000052e-03 5.418319674784839723e-02 1.728807251212895277e-03 9.985295150448343371e-01 1.079653399999999985e+00
9.983498029849393607e-01 1.489543686534727102e-02 -5.545986693567887815e-02 -5.294560999999999851e-01 -1.470389958924918014e-02 9.998844408283948937e-01 3.860094060691701343e-03 -4.427999999999999753e-04 5.551095582677378903e-02 -3.038247830339551453e-03 9.984534555167403624e-01 1.177911399999999942e+00
9.982390270684695643e-01 1.849806940500709623e-02 -5.636192212551605074e-02 -5.386959000000000053e-01 -1.876101275058008472e-02 9.998154267180082710e-01 -4.139673569189434264e-03 -2.816799999999999946e-03 5.627494325157304800e-02 5.189790455732728146e-03 9.984018213309998613e-01 1.324224800000000091e+00
9.982416314458394391e-01 1.957892412425181125e-02 -5.594918210738800829e-02 -5.451188999999999618e-01 -1.970657166361636584e-02 9.998043088224238817e-01 -1.730633809313528605e-03 -4.826800000000000014e-03 5.590434939801757624e-02 2.830157283964428606e-03 9.984321178368273930e-01 1.422361599999999893e+00
9.982433995772230784e-01 1.915166898474504262e-02 -5.606539731070610266e-02 -5.508380999999999972e-01 -1.908392069650828235e-02 9.998163650985341100e-01 1.743574490551257723e-03 -6.709599999999999592e-03 5.608849410848859574e-02 -6.705641307682681882e-04 9.984255761810134633e-01 1.520942000000000016e+00
9.983164040078443824e-01 1.818616442515625167e-02 -5.507831617204355518e-02 -5.594776000000000193e-01 -1.838357506151336654e-02 9.998262649952367465e-01 -3.079609331107055047e-03 -9.446400000000000630e-03 5.501274085886029980e-02 4.086960872790326715e-03 9.984772882214297818e-01 1.667250499999999969e+00
9.984032850454603869e-01 1.393627245537871692e-02 -5.474176395114348226e-02 -5.678495000000000070e-01 -1.452315130594158954e-02 9.998410923605156597e-01 -1.033770300770343875e-02 -1.309459999999999964e-02 5.458899602097465331e-02 1.111621956333204431e-02 9.984470297296906827e-01 1.813432200000000050e+00
9.984746414157695815e-01 1.090086719846407315e-02 -5.412542419207415356e-02 -5.736706000000000305e-01 -1.105193543923697203e-02 9.999358189277441911e-01 -2.492538535030446034e-03 -1.519999999999999997e-02 5.409477953275577955e-02 3.086927213771630332e-03 9.985310339231723287e-01 1.911683900000000103e+00
9.985887916567848244e-01 4.730034822343808648e-03 -5.289661565754306266e-02 -5.822602000000000055e-01 -4.682641995551028308e-03 9.999885163175076253e-01 1.019851484948853214e-03 -1.743389999999999870e-02 5.290083214264135886e-02 -7.707163481239198395e-04 9.985994732398605356e-01 2.058757299999999901e+00
9.985553689510587860e-01 5.400326815447917955e-03 -5.346037419716759276e-02 -5.871387999999999607e-01 -5.737193406182236957e-03 9.999646317923049921e-01 -6.149778556989884612e-03 -1.937660000000000077e-02 5.342527258549915892e-02 6.447606902278369898e-03 9.985510345567715218e-01 2.155864699999999967e+00
9.985710830528338189e-01 8.607089923944714199e-03 -5.274191970085627401e-02 -5.929122000000000003e-01 -9.205855223254663655e-03 9.998957897537330552e-01 -1.112033553301581407e-02 -2.152719999999999981e-02 5.264070972449855224e-02 1.158997997407712130e-02 9.985462573380872175e-01 2.253717700000000157e+00
9.985541734497906941e-01 1.399692970680601126e-02 -5.190037229912633499e-02 -5.986481000000000163e-01 -1.429711887527350053e-02 9.998831164071606548e-01 -5.417187071771850139e-03 -2.391479999999999995e-02 5.181848201049010783e-02 6.151380551307593890e-03 9.986375746182603041e-01 2.351988799999999991e+00
9.985808370949487145e-01 1.184135078306658255e-02 -5.192392703160852996e-02 -6.039976000000000234e-01 -1.205211790168725546e-02 9.999203466257250428e-01 -3.747913816200209702e-03 -2.614239999999999967e-02 5.187541075341252361e-02 4.368388206444481260e-03 9.986440101175405593e-01 2.449671500000000002e+00
9.985585871189813778e-01 9.004558717499713469e-03 -5.291187024899788455e-02 -6.089350999999999514e-01 -9.048530634865532482e-03 9.999588862420285551e-01 -5.915394760172154208e-04 -2.791259999999999922e-02 5.290436829122514145e-02 1.069461502292940814e-03 9.985990106483190187e-01 2.547616699999999845e+00
9.984952512701749106e-01 7.592272303729090226e-03 -5.431013342072067013e-02 -6.179769000000000512e-01 -7.782317327368682043e-03 9.999643096104563478e-01 -3.288623161695946196e-03 -3.151989999999999653e-02 5.428322694835476664e-02 3.706333302542290289e-03 9.985187000580029171e-01 2.693949899999999786e+00
9.983933621619921484e-01 1.027007417569135786e-02 -5.572450060161239505e-02 -6.235178999999999583e-01 -1.049114080091495538e-02 9.999382094209796623e-01 -3.676044703269170169e-03 -3.341140000000000082e-02 5.568330410067887093e-02 4.254752212626874974e-03 9.984394156522670150e-01 2.790283399999999858e+00
9.983038662512266903e-01 1.260018292842813442e-02 -5.683859620031921772e-02 -6.293242000000000003e-01 -1.236917131917351226e-02 9.999137548991806623e-01 4.414336223965653790e-03 -3.526590000000000280e-02 5.688931559378904851e-02 -3.703802585374680548e-03 9.983736212549282341e-01 2.886088599999999893e+00
9.982235451281848970e-01 1.355794444337431875e-02 -5.801668806635716658e-02 -6.354640000000000288e-01 -1.339205027946221635e-02 9.999050495299033336e-01 3.247293321203059430e-03 -3.680189999999999850e-02 5.805520597699202756e-02 -2.464562247529865097e-03 9.983103320069852682e-01 2.981115799999999982e+00
9.981810351024930084e-01 1.317256279716902227e-02 -5.883115459575991024e-02 -6.414855999999999892e-01 -1.308068131967576354e-02 9.999125493689294819e-01 1.946635749488573579e-03 -3.817009999999999847e-02 5.885165195581726350e-02 -1.173543302456307811e-03 9.982660496371638104e-01 3.075191300000000183e+00
9.981194589949629048e-01 1.030617422956655108e-02 -6.042622235712315215e-02 -6.471312999999999649e-01 -1.009939559221416372e-02 9.999420563038724508e-01 3.726425023412020376e-03 -3.992339999999999778e-02 6.046112622400146019e-02 -3.109149004625614849e-03 9.981657103949185261e-01 3.166615699999999922e+00
9.980776743549593100e-01 1.039183099527684305e-02 -6.109800162657839928e-02 -6.500059000000000253e-01 -1.001425853051727231e-02 9.999288416943109548e-01 6.482759748559730091e-03 -4.084510000000000224e-02 6.116102173999168889e-02 -5.858446589257915692e-03 9.981107193208983430e-01 3.211304399999999948e+00
9.979134391024769846e-01 8.405108849836966101e-03 -6.401657757088630163e-02 -6.559819999999999540e-01 -7.935450777010799595e-03 9.999397293704395118e-01 7.587242419855389289e-03 -4.225849999999999745e-02 6.407649084986277721e-02 -7.063410776275629716e-03 9.979199925588088105e-01 3.297957199999999922e+00
9.976915072279480823e-01 7.767525081165371249e-03 -6.746348611907580783e-02 -6.588612999999999831e-01 -7.324476474325265600e-03 9.999499723667958362e-01 6.812107458148959280e-03 -4.304770000000000124e-02 6.751302429607432265e-02 -6.302247040364241867e-03 9.976984881378943015e-01 3.339567900000000034e+00
9.972655333542699285e-01 7.016360979739079927e-03 -7.356783714521886175e-02 -6.654440000000000355e-01 -6.559883787907574114e-03 9.999577163697148663e-01 6.444640979452843227e-03 -4.460270000000000207e-02 7.360994435748879905e-02 -5.944421861450478739e-03 9.972693918598025675e-01 3.419996999999999954e+00
9.970300372476935680e-01 8.462284614836836430e-03 -7.654733545303930853e-02 -6.688085000000000280e-01 -7.911438018068010433e-03 9.999406037070400766e-01 7.496546303896095553e-03 -4.523039999999999700e-02 7.660622673352930623e-02 -6.868682340717604390e-03 9.970377661997329444e-01 3.458583599999999869e+00
9.967957178032391674e-01 9.640071816315416361e-03 -7.940633466230265225e-02 -6.722006999999999843e-01 -8.976834532260816527e-03 9.999218149261666078e-01 8.705198248258091964e-03 -4.582350000000000312e-02 7.948404500845271392e-02 -7.964486809415107643e-03 9.968043205860199762e-01 3.495801199999999831e+00
9.965406703879169381e-01 1.052051157681607035e-02 -8.243792269922323168e-02 -6.754790999999999990e-01 -9.717322328972481660e-03 9.999013910140186479e-01 1.013814060789813495e-02 -4.635380000000000056e-02 8.253645200489223566e-02 -9.301993570882502449e-03 9.965446337249783682e-01 3.532169300000000067e+00
9.960188002609297042e-01 1.408464948992251171e-02 -8.802370235069739701e-02 -6.818494000000000499e-01 -1.311622614975930211e-02 9.998470312015366179e-01 1.157060106743960926e-02 -4.749930000000000124e-02 8.817320533113512382e-02 -1.036999740691818550e-02 9.960511779097568352e-01 3.600974100000000178e+00
9.955000007769397863e-01 1.729298859066584482e-02 -9.317027958912647845e-02 -6.886185999999999696e-01 -1.675769740400265967e-02 9.998382911209182655e-01 6.524659846909528979e-03 -4.843120000000000064e-02 9.326804399594097739e-02 -4.933979530266797281e-03 9.956288102577014465e-01 3.664794000000000107e+00
9.949917029436339266e-01 2.118546566546537085e-02 -9.768667830295339749e-02 -6.952838999999999547e-01 -2.125928600673194363e-02 9.997739551517393908e-01 2.852345209578376192e-04 -4.951300000000000145e-02 9.767063955872966330e-02 1.792943051343951193e-03 9.952171780688893188e-01 3.722764300000000137e+00
9.948806050344239926e-01 2.551394643496611783e-02 -9.778353779472458152e-02 -7.010977000000000459e-01 -2.567080281021385732e-02 9.996703907131115896e-01 -3.461424185738687289e-04 -5.068160000000000026e-02 9.774247597343628524e-02 2.854552295632318756e-03 9.952076466355017637e-01 3.776061100000000170e+00
9.954971784282997671e-01 3.220550728518374595e-02 -8.915252683910801501e-02 -7.063599999999999879e-01 -3.208957608056320354e-02 9.994812583805079420e-01 2.733725129933434021e-03 -5.198730000000000018e-02 8.919432071754143654e-02 1.394511393307395087e-04 9.960142336860031698e-01 3.825520500000000101e+00
9.968482991535891902e-01 3.288381533544418311e-02 -7.219503558819545530e-02 -7.097002000000000033e-01 -3.244914744526244954e-02 9.994475567172552699e-01 7.185694259038704831e-03 -5.297140000000000182e-02 7.239144496880842161e-02 -4.820379745743117936e-03 9.973646487791888449e-01 3.871208000000000204e+00
9.983916417182866487e-01 3.150704683711376408e-02 -4.713210950793676746e-02 -7.112555000000000405e-01 -3.115611175713117742e-02 9.994812033987022781e-01 8.162153689988098024e-03 -5.370950000000000030e-02 4.736482288831424248e-02 -6.680572751325566071e-03 9.988553166001934436e-01 3.912763099999999827e+00
9.994422659424647692e-01 3.025878321781072175e-02 -1.412667993440277006e-02 -7.110136000000000234e-01 -3.020387024326933248e-02 9.995354134891877296e-01 4.084532204083717900e-03 -5.464249999999999663e-02 1.424370984397222220e-02 -3.655573713657502954e-03 9.998918709094022361e-01 3.951350699999999883e+00
9.991292458588507674e-01 2.743026780936322351e-02 3.143772379532046302e-02 -7.089282000000000084e-01 -2.726964520262865899e-02 9.996128359159918153e-01 -5.526728011325678092e-03 -5.551509999999999778e-02 -3.157715186724412149e-02 4.664620016146184614e-03 9.994904325705463721e-01 3.988175399999999815e+00
9.924266777876182832e-01 2.017227304787853198e-02 1.211708241100668132e-01 -7.009999999999999565e-01 -1.883346933695047992e-02 9.997483921449906719e-01 -1.218412230076513537e-02 -5.682109999999999939e-02 -1.213861180208225393e-01 9.809781016296413927e-03 9.925568893258699399e-01 4.040693300000000043e+00
9.805391859849507119e-01 1.450383124872403097e-02 1.957869853363054524e-01 -6.925050999999999846e-01 -1.184840925629538320e-02 9.998213451958530840e-01 -1.472728382458933505e-02 -5.799379999999999813e-02 -1.959656090901296110e-01 1.212091456381131013e-02 9.805358552771393787e-01 4.073800600000000216e+00
9.460505206941496326e-01 1.542779573876533472e-02 3.236516575161808573e-01 -6.761139000000000454e-01 -1.029921457506960056e-02 9.997928896019527834e-01 -1.755289379316556098e-02 -6.015449999999999964e-02 -3.238554283526292599e-01 1.327256644437730011e-02 9.460134779729698629e-01 4.119704699999999775e+00
9.104452856923885840e-01 1.480887957129093865e-02 4.133643415273598465e-01 -6.610669000000000128e-01 -9.020794771212432839e-03 9.998320860301311841e-01 -1.595070551204643902e-02 -6.112979999999999803e-02 -4.135311439567767589e-01 1.079336974625460209e-02 9.104259970735240071e-01 4.148073700000000308e+00
8.645660992562658187e-01 1.407499349036067660e-02 5.023219630625869181e-01 -6.432563000000000031e-01 -5.209726187967809313e-03 9.998050022369188161e-01 -1.904773621932591421e-02 -6.254560000000000675e-02 -5.024921081667362843e-01 1.385106711704633953e-02 8.644708376630573232e-01 4.174232499999999568e+00
8.083307387916019993e-01 2.096134080084693929e-02 5.883553678827565525e-01 -6.233902999999999528e-01 -5.764419888115294641e-03 9.995998512454824514e-01 -2.769311924220271490e-02 -6.385559999999999847e-02 -5.887004231253588626e-01 1.899367215259089789e-02 8.081281162230301574e-01 4.198629900000000248e+00
7.393975937533638909e-01 3.213076811686964990e-02 6.725019048983842396e-01 -6.002475000000000449e-01 -1.147621866621640306e-02 9.993169431501006672e-01 -3.512753248185454535e-02 -6.498829999999999885e-02 -6.731712224663652933e-01 1.825543407751546374e-02 7.392612828829743243e-01 4.221948600000000162e+00
6.612980889184885136e-01 2.998849743133150808e-02 7.495235337296392020e-01 -5.733433999999999475e-01 -5.027723988563130228e-03 9.993553098793183098e-01 -3.554836996975185154e-02 -6.633669999999999844e-02 -7.501063655137513164e-01 1.973967167463917122e-02 6.610225304616536013e-01 4.242015399999999659e+00
5.727771434859367794e-01 2.687201926467301660e-02 8.192705526752012135e-01 -5.436666999999999472e-01 -2.419146988372415652e-03 9.995135782278091741e-01 -3.109267865735954733e-02 -6.747949999999999782e-02 -8.197075647009360866e-01 1.582723977452213382e-02 5.725635395772075142e-01 4.260098000000000162e+00
4.755573477103196556e-01 2.049846715835263941e-02 8.794458606889249408e-01 -5.115676000000000112e-01 2.055784296704821906e-03 9.996998432687663749e-01 -2.441305223296156082e-02 -6.901179999999999815e-02 -8.796823192435162531e-01 1.341775735962704927e-02 4.753724655444261371e-01 4.275162700000000093e+00
3.742605150373918832e-01 2.592654497922224077e-02 9.269611001273928563e-01 -4.770530000000000048e-01 -3.666226805744051201e-03 9.996426424464279759e-01 -2.647916508751119516e-02 -7.039589999999999737e-02 -9.273163568410486279e-01 6.511656330243021512e-03 3.742218228095226529e-01 4.287188500000000069e+00
2.779664010093707560e-01 3.281246322004296306e-02 9.600302194031868908e-01 -4.396266999999999814e-01 -1.593387323665733032e-03 9.994307986888154582e-01 -3.369777068402376313e-02 -7.189819999999999545e-02 -9.605894758046928938e-01 7.837148057144098859e-03 2.778604651324040331e-01 4.296197900000000125e+00
2.022573558552326622e-01 3.214686382534984871e-02 9.788046491249641212e-01 -3.987828999999999957e-01 1.420839125829741895e-02 9.992595893548068542e-01 -3.575464585636206616e-02 -7.333699999999999941e-02 -9.792293314746555177e-01 2.113887955065605478e-02 2.016508471369310440e-01 4.302033899999999633e+00
1.441660174930886607e-01 3.223615471417475703e-02 9.890283058282135498e-01 -3.549800000000000177e-01 1.655458621269565583e-02 9.992508070270758047e-01 -3.498242889028965047e-02 -7.490990000000000149e-02 -9.894150317614488488e-01 2.141623181097770945e-02 1.435243531234667858e-01 4.307205699999999915e+00
9.463511948343857061e-02 2.497867095167704415e-02 9.951986033741421211e-01 -3.072604999999999920e-01 5.795345894907879061e-03 9.996544015131655359e-01 -2.564159708975381757e-02 -7.675160000000000315e-02 -9.954951572590965414e-01 8.194115745017431507e-03 9.445765369118364063e-02 4.312176700000000196e+00
7.236484643593023292e-02 2.245850579515791187e-02 9.971253404250406405e-01 -2.821805000000000008e-01 9.923834457741347731e-03 9.996807456960438154e-01 -2.323626894010744418e-02 -7.784919999999999340e-02 -9.973288557491755135e-01 1.157679584559194105e-02 7.211886915357101913e-02 4.313165699999999880e+00
5.220430300101451537e-02 2.294268979704045322e-02 9.983728480548010875e-01 -2.563733999999999735e-01 1.808459142648293980e-02 9.995503999531514250e-01 -2.391538221379988990e-02 -7.893840000000000579e-02 -9.984726627710522884e-01 1.930365090783949314e-02 5.176592277273550646e-02 4.313521399999999950e+00
3.492600559073530397e-02 2.521216535109144924e-02 9.990718296758172023e-01 -2.295713000000000059e-01 2.299059867570699134e-02 9.993969078351817581e-01 -2.602408465268083934e-02 -7.998239999999999517e-02 -9.991254208086233213e-01 2.387817681035430892e-02 3.432529921508264970e-02 4.313649700000000031e+00
2.020359732991671570e-02 3.078937112678288915e-02 9.993216845843725382e-01 -2.016845999999999917e-01 2.331742895233776189e-02 9.992393203659732936e-01 -3.125824917682640258e-02 -8.065120000000000622e-02 -9.995239427657466313e-01 2.393314146043339780e-02 1.947029989115789395e-02 4.314357799999999799e+00
9.502560276561874270e-03 3.544805823430757091e-02 9.993263413498149061e-01 -1.732536000000000076e-01 2.074623865708828674e-02 9.991493638515556164e-01 -3.563905577614023823e-02 -8.145120000000000138e-02 -9.997396135643384918e-01 2.107092504967065724e-02 8.759063179228587792e-03 4.314420700000000330e+00
3.096287154838932559e-03 3.533847654630620921e-02 9.993706044712548087e-01 -1.435333000000000025e-01 2.279956089384350265e-02 9.991131163753323996e-01 -3.540001002569588551e-02 -8.247619999999999951e-02 -9.997352614712072816e-01 2.289481954848329726e-02 2.287839360550880663e-03 4.314339600000000274e+00
9.967527565805224619e-04 3.007550807210779623e-02 9.995471326046346805e-01 -8.125509999999999677e-02 3.058068433798815169e-02 9.990792250044997491e-01 -3.009192432910250473e-02 -8.516110000000000346e-02 -9.995318045111735161e-01 3.059682955164936061e-02 7.610535290780706674e-05 4.313965299999999559e+00
2.970669297314111699e-03 2.961968158324454481e-02 9.995568265920818929e-01 -4.879170000000000035e-02 2.944526798036688209e-02 9.991252266978571939e-01 -2.969440299989157053e-02 -8.655409999999999493e-02 -9.995619797278657570e-01 2.952043087190281065e-02 2.095911173411568740e-03 4.314235700000000229e+00
5.446213999860855665e-03 3.118813745315147240e-02 9.994986937636641811e-01 1.805700000000000013e-02 2.461742427817241452e-02 9.992064194441954150e-01 -3.131315639502136455e-02 -8.923839999999999550e-02 -9.996821100604812438e-01 2.477562156059763890e-02 4.674120378197588188e-03 4.315372499999999611e+00
7.236422783180750454e-03 3.165237576849034423e-02 9.994727416460708058e-01 8.881279999999999730e-02 2.352815300908290067e-02 9.992168212851295639e-01 -3.181462048842408075e-02 -9.207450000000000356e-02 -9.996969841913520005e-01 2.374597163839701347e-02 6.486033430703086466e-03 4.316242199999999585e+00
8.100846774232240907e-03 2.899305323624342540e-02 9.995467868717206050e-01 1.622393000000000030e-01 2.304981921190273064e-02 9.993085833368678950e-01 -2.917295157437435268e-02 -9.521419999999999884e-02 -9.997014965057514635e-01 2.327569834188753309e-02 7.426961078290550411e-03 4.317373299999999858e+00
6.518031708682807401e-03 2.480987469816331448e-02 9.996709385493336431e-01 2.376446999999999865e-01 2.150293648260289542e-02 9.994575436670317670e-01 -2.494478161236045669e-02 -9.844450000000000423e-02 -9.997475376240090306e-01 2.165845157264588081e-02 5.981010801327957260e-03 4.318123800000000401e+00
4.010352194301620814e-03 2.152925542459765279e-02 9.997601753601410568e-01 3.145687999999999818e-01 2.280428394803104414e-02 9.995062506371760191e-01 -2.161526245115295147e-02 -1.009821999999999942e-01 -9.997319049169608451e-01 2.288549973404735427e-02 3.517412831568811349e-03 4.318746100000000254e+00
1.368674361880459689e-03 1.909861560824925933e-02 9.998166680008586660e-01 3.929148000000000085e-01 2.123482143899352650e-02 9.995916058531059134e-01 -1.912338532956654388e-02 -1.038557999999999981e-01 -9.997735789112176530e-01 2.125710210394064423e-02 9.625597111089234659e-04 4.319051299999999927e+00
-4.183544659186596236e-04 2.875091188476325971e-02 9.995865195396221869e-01 4.725448999999999899e-01 1.956652141808983003e-02 9.993954787634755643e-01 -2.873722788855906721e-02 -1.065949999999999953e-01 -9.998084697676531407e-01 1.954640869618058316e-02 -9.806568949424221415e-04 4.319597700000000096e+00
-3.010532882799169061e-03 2.835288890593737343e-02 9.995934425467429829e-01 5.537231000000000236e-01 1.663895249506586876e-02 9.994610101070063868e-01 -2.829902004927907153e-02 -1.098284000000000066e-01 -9.998570307557117509e-01 1.654699267450526409e-02 -3.480672607606538627e-03 4.320056000000000118e+00
-4.541951639400189714e-03 1.905294167078728368e-02 9.998081596431362961e-01 6.353185999999999556e-01 1.228380286265048048e-02 9.997440989054006133e-01 -1.899591774724789656e-02 -1.131102999999999970e-01 -9.999142357535155679e-01 1.219516779377164198e-02 -4.774831928441525264e-03 4.320405000000000051e+00
-5.096413946881127484e-03 1.233368491683999209e-02 9.999109494256243069e-01 7.165930000000000355e-01 5.632452221876393592e-03 9.999084277008569721e-01 -1.230494594740081174e-02 -1.158592999999999984e-01 -9.999711506072811451e-01 5.569239550628939280e-03 -5.165416147552392978e-03 4.321026299999999765e+00
-3.161072622406956283e-03 3.045159882191385281e-02 9.995312440084429539e-01 7.967100000000000293e-01 1.099337648804532552e-02 9.994768945557683804e-01 -3.041517585925868072e-02 -1.188403999999999988e-01 -9.999345745063865643e-01 1.089207869723472256e-02 -3.494184938620747971e-03 4.321018200000000142e+00
-1.208596424896755516e-03 3.020925110353279291e-02 9.995428657353546686e-01 8.773381000000000096e-01 1.461449400097747375e-02 9.994373805090496221e-01 -3.018839191319173249e-02 -1.221223000000000031e-01 -9.998924721487689737e-01 1.457132763246950236e-02 -1.649409364018028512e-03 4.320999099999999871e+00
1.922088098380879200e-04 1.925860834300307384e-02 9.998145173283216058e-01 9.576472999999999791e-01 1.881175488650627114e-02 9.996375422568235525e-01 -1.925881587292553251e-02 -1.256646999999999903e-01 -9.998230248068223913e-01 1.881196734602878437e-02 -1.701490773371450160e-04 4.321136499999999714e+00
-1.429148625494761331e-03 2.089605104548675554e-02 9.997806322313463889e-01 1.036250200000000010e+00 1.403797696076571414e-02 9.996835565273358704e-01 -2.087395534405755287e-02 -1.287227999999999983e-01 -9.999004414125715057e-01 1.400506549649482152e-02 -1.722034663888316608e-03 4.322108300000000014e+00
-5.866092671191667184e-03 2.130576989933077175e-02 9.997557967452702643e-01 1.114827800000000035e+00 1.131344388525445943e-02 9.997104258021467516e-01 -2.123842107939421381e-02 -1.317861999999999922e-01 -9.999187941749213548e-01 1.118609455919396256e-02 -6.105435634300104830e-03 4.322764900000000132e+00
-1.006350219347051586e-02 2.221892713819402509e-02 9.997024783406459614e-01 1.191896999999999984e+00 8.482102512304499214e-03 9.997190325111227072e-01 -2.213391000242456025e-02 -1.345787999999999984e-01 -9.999133861793093603e-01 8.256834251230747365e-03 -1.024913789422954302e-02 4.322717700000000107e+00
-1.464324515173295871e-02 1.981865047361964366e-02 9.996963521314012890e-01 1.267841900000000077e+00 6.613217297983696105e-03 9.997836008058335056e-01 -1.972351177380302772e-02 -1.378899000000000097e-01 -9.998709120323461264e-01 6.322392990489691597e-03 -1.477114140741697668e-02 4.322425400000000195e+00
-1.888505343316928056e-02 2.112704297150705054e-02 9.995984207731153370e-01 1.343102299999999971e+00 6.339112377822613519e-03 9.997591545373667454e-01 -2.101067759475928540e-02 -1.405998999999999999e-01 -9.998015655174218308e-01 5.939778952930668994e-03 -1.901443175334582847e-02 4.321916100000000149e+00
-2.067404577097158025e-02 2.001752425156842069e-02 9.995858555193234407e-01 1.416894799999999899e+00 8.818063527430204662e-03 9.997643057502160202e-01 -1.983871728249623698e-02 -1.436293999999999904e-01 -9.997473808853344357e-01 8.404265025954371637e-03 -2.084568881777582039e-02 4.320315400000000139e+00
-2.244968094963979699e-02 1.922392459194199876e-02 9.995631308469428156e-01 1.453917700000000091e+00 9.084558684865438188e-03 9.997777540751050518e-01 -1.902401771550455908e-02 -1.451639999999999875e-01 -9.997066982964355475e-01 8.653506793313510415e-03 -2.261933247064251695e-02 4.319787999999999961e+00
-2.349906776826902674e-02 1.906447471262688945e-02 9.995420649567252624e-01 1.490387300000000081e+00 7.871807599211518708e-03 9.997906898207185034e-01 -1.888415189869117536e-02 -1.464168000000000136e-01 -9.996928670642517556e-01 7.424442857444295968e-03 -2.364422105109931227e-02 4.319016500000000036e+00
-2.574309728633963901e-02 1.690604477208934586e-02 9.995256267811595263e-01 1.561499500000000040e+00 4.727601856901943178e-03 9.998478657295104544e-01 -1.678973426905645827e-02 -1.492094999999999949e-01 -9.996574126783576153e-01 4.293139446491575986e-03 -2.581910592767122647e-02 4.318017000000000216e+00
-2.623623440780244523e-02 1.680416470957685898e-02 9.995145221819004000e-01 1.595519399999999921e+00 5.687730543366182126e-03 9.998450279857263867e-01 -1.666042416891359845e-02 -1.504656000000000049e-01 -9.996395899149679298e-01 5.247862482523019644e-03 -2.632774608658372539e-02 4.317187299999999617e+00
-2.686437459742734013e-02 2.229501612414526782e-02 9.993904330308117645e-01 1.663000699999999998e+00 5.509264514178255356e-03 9.997393745115088493e-01 -2.215470730679805489e-02 -1.531485999999999958e-01 -9.996239059676405025e-01 4.910733892319709901e-03 -2.698020219785068896e-02 4.316051500000000374e+00
-2.697743786283514703e-02 2.408589285455636081e-02 9.993458298365764936e-01 1.696359299999999903e+00 3.538002989858022099e-03 9.997057205727780671e-01 -2.399905808373422114e-02 -1.544849000000000083e-01 -9.996297816597905506e-01 2.888255435643440755e-03 -2.705471491880573343e-02 4.315485999999999933e+00
-2.752604397043007661e-02 2.459994618928006832e-02 9.993183474503118946e-01 1.762480899999999906e+00 5.278614316210423346e-03 9.996867847747049618e-01 -2.446361742901628084e-02 -1.573412999999999895e-01 -9.996071494013228920e-01 4.601629526276077714e-03 -2.764727602249916760e-02 4.314164599999999794e+00
-2.753790258245286671e-02 2.437386926412463822e-02 9.993235604239772973e-01 1.795158899999999891e+00 6.245289010837340796e-03 9.996873716685542588e-01 -2.421064417955006570e-02 -1.586198000000000052e-01 -9.996012506427401911e-01 5.574354089311832350e-03 -2.768151531178386637e-02 4.313265799999999928e+00
-2.779662451535907727e-02 2.461108736988021350e-02 9.993105833743702870e-01 1.827460400000000096e+00 2.575157376312116678e-03 9.996953128229704166e-01 -2.454893244665873331e-02 -1.598620000000000041e-01 -9.996102821750281198e-01 1.891004562530588032e-03 -2.785153266348416867e-02 4.312816100000000041e+00
-2.759838049285359002e-02 2.373112717435434116e-02 9.993373619540132369e-01 1.891729599999999900e+00 1.753222574290528787e-03 9.997177739463316559e-01 -2.369174257829699884e-02 -1.625910000000000133e-01 -9.996175546701732140e-01 1.098207096095142610e-03 -2.763219745871492439e-02 4.311342200000000346e+00
-2.838775836005438466e-02 2.295637701645830003e-02 9.993333477521750829e-01 1.923630399999999963e+00 2.159041820740448259e-03 9.997353312229821931e-01 -2.290428001248730194e-02 -1.640024999999999955e-01 -9.995946547044496366e-01 1.507401324251995273e-03 -2.842980878479817175e-02 4.310373799999999811e+00
-3.760770645586197780e-02 2.176273733792694412e-02 9.990555758708773437e-01 1.987913100000000099e+00 -5.101563652171608315e-03 9.997456184324611250e-01 -2.196980822398468189e-02 -1.670240000000000058e-01 -9.992795577131720064e-01 -5.922979710941439491e-03 -3.748711575876728652e-02 4.309167399999999759e+00
-5.020883855056954004e-02 2.872122758926166919e-02 9.983256801350792742e-01 2.051448099999999997e+00 8.218170522289788144e-04 9.995872673211895210e-01 -2.871619100941848537e-02 -1.692682000000000075e-01 -9.987384027602701497e-01 -6.213655305661071326e-04 -5.021171931672840927e-02 4.306116099999999669e+00
-6.373711967348473506e-02 2.965719181984564218e-02 9.975259548247800145e-01 2.115500899999999795e+00 -3.584492751224630999e-03 9.995450831700979366e-01 -2.994625389257154005e-02 -1.720662000000000025e-01 -9.979602852756438436e-01 -5.484312522351240254e-03 -6.360181859595592790e-02 4.302540800000000054e+00
-7.396540285446569218e-02 2.919219395181098242e-02 9.968334539896104296e-01 2.181063700000000161e+00 -5.944049831864006359e-03 9.995408115081588774e-01 -2.971252936401376499e-02 -1.747952000000000117e-01 -9.972430934592493301e-01 -8.122926928817775227e-03 -7.375791893712957403e-02 4.298288300000000284e+00
-7.789024768614609406e-02 2.886656870897832960e-02 9.965439430985272296e-01 2.213823300000000049e+00 -8.018236192846799060e-03 9.995302619014304613e-01 -2.957978079049263659e-02 -1.759560000000000013e-01 -9.969296952161403880e-01 -1.029450116458824858e-02 -7.762220070331526944e-02 4.295891799999999705e+00
-8.179672692537587331e-02 2.267390579420976854e-02 9.963910825877209110e-01 2.281080999999999914e+00 -4.752492879018790570e-03 9.997209421827318865e-01 -2.313982654873864703e-02 -1.785575000000000079e-01 -9.966377021143291159e-01 -6.628103598023708451e-03 -8.166614333347388399e-02 4.290316599999999703e+00
-8.487010497845701162e-02 1.965776538510093790e-02 9.961980915164462269e-01 2.349642999999999926e+00 -5.713084723592206336e-03 9.997793297628982945e-01 -2.021515376619464899e-02 -1.811979999999999980e-01 -9.963756449973505402e-01 -7.407026320606916597e-03 -8.473907019314697031e-02 4.285187699999999822e+00
-8.568915848420932679e-02 2.694806598487655552e-02 9.959574136768812869e-01 2.419191599999999998e+00 1.552685606769185073e-03 9.996365461485624548e-01 -2.691402555507999353e-02 -1.839442000000000021e-01 -9.963207100555896423e-01 -7.598314600661612572e-04 -8.569985630371679264e-02 4.279234399999999994e+00
-8.648733301377131699e-02 3.302537695104021398e-02 9.957054111058182277e-01 2.489473100000000105e+00 9.697046264555224046e-03 9.994309617211825092e-01 -3.230665638557177199e-02 -1.868346999999999924e-01 -9.962057561176344000e-01 6.861284887980659969e-03 -8.675836701885220048e-02 4.272711799999999727e+00
-8.705116796591957917e-02 3.066874985730110026e-02 9.957316515698191317e-01 2.524923999999999946e+00 7.508659494244193308e-03 9.995178177025642041e-01 -3.012892510035823299e-02 -1.884636000000000089e-01 -9.961755438618080660e-01 4.853851799735280775e-03 -8.723947463354797538e-02 4.269967600000000196e+00
-8.701590445129163409e-02 2.399979295087252551e-02 9.959177889318169274e-01 2.596810800000000086e+00 1.043600945443919070e-02 9.996768698513227580e-01 -2.317855886219963302e-02 -1.915058000000000038e-01 -9.961522584822013471e-01 8.376504197864814705e-03 -8.723824905528887452e-02 4.263555499999999832e+00
-8.973250482955383300e-02 2.446098839455364618e-02 9.956654747573483455e-01 2.667224899999999899e+00 8.882318365356033779e-03 9.996782537516085698e-01 -2.375906977537208323e-02 -1.946840999999999988e-01 -9.959262934562329583e-01 6.711856888823850009e-03 -8.992090401921781773e-02 4.257805300000000237e+00
