9.995443602233728964e-01 2.691896393343645028e-03 -3.006369304419752655e-02 -5.144393999999999911e-01 -2.535890519646684035e-03 9.999831284191406100e-01 5.226101447624458690e-03 4.169989999999999808e-02 3.007725394580751041e-02 -5.147481993751883492e-03 9.995343226844205509e-01 -1.073268200000000006e+00
9.994227465935067167e-01 6.102364294196659534e-06 -3.397312988602219086e-02 -5.151953000000000227e-01 1.012885083870762891e-04 9.999950041706664461e-01 3.159331313261126706e-03 4.071729999999999794e-02 3.397297944145395709e-02 -3.160948666149701602e-03 9.994177530299331869e-01 -1.019711999999999952e+00
9.993444404512282775e-01 -3.830515588783648404e-04 -3.620141724746015616e-02 -5.160723999999999867e-01 4.468120870232973043e-04 9.999983633269705630e-01 1.753197746681750893e-03 4.034440000000000248e-02 3.620068643244703926e-02 -1.768223651951567575e-03 9.993429760032019882e-01 -9.935256000000000087e-01
9.992739861067145846e-01 -2.425377665906095284e-03 -3.802128658495724373e-02 -5.171170999999999962e-01 2.431340456031496136e-03 9.999970381722964596e-01 1.105903325070751878e-04 3.984320000000000223e-02 3.802090574913478266e-02 -2.029527346535861250e-04 9.992769233481793023e-01 -9.673336000000000157e-01
9.991971996596026306e-01 -4.830005592131478460e-03 -3.976967737345062093e-02 -5.179380000000000095e-01 4.751666090842147049e-03 9.999865804521954615e-01 -2.064118428287162448e-03 3.964310000000000056e-02 3.977911338591538781e-02 1.873489125891155457e-03 9.992067414588062801e-01 -9.406117000000000505e-01
9.990116122338503768e-01 -6.498014761834439157e-03 -4.397242802118245253e-02 -5.214737000000000400e-01 6.398789557249333695e-03 9.999766548826202195e-01 -2.396910921851619705e-03 3.793819999999999831e-02 4.398697664224181236e-02 2.113171531191070790e-03 9.990298696194997996e-01 -8.589155000000000539e-01
9.989527032649925253e-01 -5.880458482105994748e-03 -4.537528895339509177e-02 -5.226460000000000550e-01 5.655684251203561656e-03 9.999711006489342413e-01 -5.080462834200874175e-03 3.733439999999999676e-02 4.540385308775631706e-02 4.818513774934760421e-03 9.989570921965498229e-01 -8.310355000000000381e-01
9.988902964259026573e-01 -4.388232563939303832e-03 -4.689263397525320759e-02 -5.240333999999999826e-01 3.977766011305200466e-03 9.999529877253776622e-01 -8.843060366756225893e-03 3.675230000000000163e-02 4.692923485133327494e-02 8.646719265453940706e-03 9.988607916833119882e-01 -8.026906000000000319e-01
9.988319114577957070e-01 -3.402382860048971946e-03 -4.819996311658289456e-02 -5.256773000000000140e-01 2.798883741018348519e-03 9.999169174755552225e-01 -1.258270225301625321e-02 3.632500000000000312e-02 4.823876971244778211e-02 1.243309844959984874e-02 9.987584488551634054e-01 -7.738325000000000342e-01
9.987831299008261832e-01 -1.632981266054000591e-03 -4.929089974522727485e-02 -5.274254000000000442e-01 1.012961018264738186e-03 9.999200891754451703e-01 -1.260115761925620533e-02 3.591049999999999798e-02 4.930753832310841994e-02 1.253589388733724642e-02 9.987049704637304126e-01 -7.444311000000000123e-01
9.987156266433792062e-01 1.306072080216612785e-03 -5.064969174677817071e-02 -5.291103000000000334e-01 -1.596983435330271350e-03 9.999824594164515856e-01 -5.703551817236370870e-03 3.541620000000000185e-02 5.064135407184183063e-02 5.777113045968395276e-03 9.987001943639665091e-01 -7.141570999999999891e-01
9.986807530574864922e-01 2.260744137801046910e-03 -5.129953711755141921e-02 -5.309289000000000369e-01 -2.011833411500333138e-03 9.999859553657087785e-01 4.903223190428788146e-03 3.491480000000000278e-02 5.130990156739738406e-02 -4.793548505458762425e-03 9.986712751921273945e-01 -6.830901999999999807e-01
9.986415424757172365e-01 3.334087016608437617e-03 -5.199955293544236690e-02 -5.328127000000000280e-01 -2.740550359956607940e-03 9.999303310740127460e-01 1.148139285713869334e-02 3.454750000000000182e-02 5.203421014529510669e-02 -1.132328847910785835e-02 9.985811054253801444e-01 -6.515165000000000539e-01
9.985675717806308249e-01 5.657943591594720607e-03 -5.320519018337438455e-02 -5.348566000000000153e-01 -5.103654436323146019e-03 9.999313432576427685e-01 1.054805585692652689e-02 3.403609999999999969e-02 5.326121759337937300e-02 -1.026140561914278687e-02 9.985278895730403947e-01 -6.196490999999999527e-01
9.984479391428413564e-01 7.147319750073887618e-03 -5.523249624816169850e-02 -5.389557999999999849e-01 -7.321444413814718472e-03 9.999688439181303456e-01 -2.950871859842709496e-03 3.414319999999999855e-02 5.520968459526293809e-02 3.350673578251702357e-03 9.984691601213647738e-01 -5.535801999999999667e-01
9.983518315674788646e-01 4.014976930455472180e-03 -5.724945734335318281e-02 -5.425750999999999769e-01 -3.559039922048156963e-03 9.999611536017507518e-01 8.063778412699904377e-03 3.390060000000000295e-02 5.727960929243296195e-02 -7.846734843472659079e-03 9.983273386578184194e-01 -4.832849000000000173e-01
9.983175211243332514e-01 2.957128236274671109e-03 -5.790839670342035755e-02 -5.472010000000000485e-01 -1.907024832073478480e-03 9.998328979231249081e-01 1.818074494997158272e-02 3.370460000000000123e-02 5.795248288431078393e-02 -1.803972348015038876e-02 9.981563395101507030e-01 -4.097626999999999797e-01
9.983437613323068449e-01 9.563224929727547497e-04 -5.752234049611922029e-02 -5.516862999999999628e-01 -1.212026974152893605e-04 9.998945730763477702e-01 1.451991881431612640e-02 3.433379999999999765e-02 5.753016181767771353e-02 -1.448889850049431792e-02 9.982386249296678615e-01 -3.334288000000000252e-01
9.984390160921164936e-01 4.831597288051354229e-04 -5.585067324287946305e-02 -5.567216999999999860e-01 -1.745809714054407855e-04 9.999846952176298931e-01 5.529814824059566328e-03 3.437550000000000328e-02 5.585249024431098580e-02 -5.511432407317244306e-03 9.984238195507600944e-01 -2.536494000000000248e-01
9.985414051292648141e-01 -1.252536763191747487e-03 -5.397678569654121294e-02 -5.612958999999999588e-01 9.082638866022832089e-04 9.999790930730083627e-01 -6.402224113230551433e-03 3.381289999999999990e-02 5.398367622889142792e-02 6.343860696814657835e-03 9.985216663309183227e-01 -1.710698999999999970e-01
9.985315754535279975e-01 5.822232943261790284e-05 -5.417277390401761122e-02 -5.661728000000000316e-01 -4.092035187664407395e-04 9.999789994957889450e-01 -6.467852802986199731e-03 3.243599999999999955e-02 5.417125967499449718e-02 6.480522938870188904e-03 9.985106296117548519e-01 -8.502880000000000160e-02
9.985107783598465847e-01 4.315083646946815503e-03 -5.438387217119785427e-02 -5.708697999999999828e-01 -4.864979553122704935e-03 9.999383334319046357e-01 -9.983051005212524587e-03 3.082860000000000114e-02 5.433744080430209095e-02 1.023276045575332444e-02 9.984701964206513791e-01 3.062599999999999958e-03
9.984154406195474563e-01 9.422103773968038345e-03 -5.547821097464616935e-02 -5.753011999999999571e-01 -1.001950694963246562e-02 9.998946746016619258e-01 -1.049996112959138139e-02 2.872649999999999856e-02 5.537343598659054400e-02 1.103918763810274317e-02 9.984046869498007792e-01 9.286120000000000485e-02
9.983706123693922851e-01 1.027482321083938999e-02 -5.612974581405756613e-02 -5.803867999999999805e-01 -1.086666405231821037e-02 9.998884292234015980e-01 -1.024913252585884713e-02 2.639139999999999889e-02 5.601817534995916226e-02 1.084237580720013097e-02 9.983708764368663946e-01 1.851125999999999883e-01
9.982943536169507359e-01 1.195674892344682910e-02 -5.714385086513014411e-02 -5.855795999999999779e-01 -1.239228278639603956e-02 9.998967589883742679e-01 -7.273423670246629245e-03 2.429670000000000094e-02 5.705098477551964753e-02 7.969160540895423375e-03 9.983394601118483758e-01 2.792975999999999792e-01
9.982248790043674047e-01 1.296626307266579223e-02 -5.812888231031523162e-02 -5.908716999999999997e-01 -1.340224099386812251e-02 9.998848603112751032e-01 -7.116604291672243982e-03 2.236080000000000012e-02 5.802991360547021110e-02 7.883028747403529948e-03 9.982837206850111444e-01 3.744737000000000204e-01
9.981732535505736248e-01 1.407151491798392003e-02 -5.875498586652132260e-02 -5.968708000000000347e-01 -1.452680030105584115e-02 9.998676206417212997e-01 -7.328933433726761253e-03 2.046459999999999946e-02 5.864407872305105185e-02 8.169067276972932778e-03 9.982455301029645733e-01 4.707914999999999739e-01
9.981197581076668435e-01 1.379968280355847558e-02 -5.972032509635009229e-02 -6.029223999999999695e-01 -1.387929126257985736e-02 9.999032562292815562e-01 -9.183986760660364443e-04 1.852420000000000108e-02 5.970187391649482006e-02 1.745547650709634250e-03 9.982147260556006874e-01 5.688857999999999970e-01
9.980106632283087809e-01 1.346717356622287483e-02 -6.159018849401512452e-02 -6.085000999999999882e-01 -1.335026695558631619e-02 9.999082145977472580e-01 2.309275245586193265e-03 1.669319999999999832e-02 6.161563482433386751e-02 -1.482435861184210144e-03 9.980988507803781884e-01 6.684529000000000165e-01
9.979366962074450731e-01 1.338253752553206916e-02 -6.279536648469527527e-02 -6.149961000000000455e-01 -1.338804118759112649e-02 9.999103206634696317e-01 3.331423667524601915e-04 1.534499999999999927e-02 6.279419332811617127e-02 5.082519600433005368e-04 9.980263678702162577e-01 7.695035000000000069e-01
9.978448668815834699e-01 1.332676675219986867e-02 -6.424966090188624634e-02 -6.216732000000000369e-01 -1.315372954383339787e-02 9.999086324623683852e-01 3.115465667282057288e-03 1.419630000000000024e-02 6.428530965284831589e-02 -2.263628761256789544e-03 9.979289929387102909e-01 8.704271999999999565e-01
9.977568423843968803e-01 1.481728715257540213e-02 -6.528193836396019301e-02 -6.284081000000000250e-01 -1.447497226659452685e-02 9.998789080480415814e-01 5.713529429117140436e-03 1.259359999999999993e-02 6.535869225282199546e-02 -4.755758834738385739e-03 9.978505018813723648e-01 9.709362999999999744e-01
9.976915158830141905e-01 1.675022458426977945e-02 -6.581085861337659937e-02 -6.353239000000000525e-01 -1.693868098182432086e-02 9.998538695904372053e-01 -2.306632095713466533e-03 1.126210000000000058e-02 6.576260504001726903e-02 3.416056411348713986e-03 9.978294495237877149e-01 1.071293599999999957e+00
9.976670690369435768e-01 1.819215593361040231e-02 -6.579866884460169874e-02 -6.422248000000000401e-01 -1.820139927983078013e-02 9.998342354383266128e-01 4.590312768726986401e-04 9.337500000000000314e-03 6.579611252566924806e-02 7.396674551280862106e-04 9.978328138864572816e-01 1.172473000000000098e+00
9.976543112830893456e-01 1.738920133767728887e-02 -6.620793649633208156e-02 -6.484843000000000135e-01 -1.716766784490356829e-02 9.998449656650549855e-01 3.913542514392099984e-03 7.575799999999999722e-03 6.626572537165562049e-02 -2.767726699407443286e-03 9.977981726430880105e-01 1.273882299999999912e+00
9.977237834805940953e-01 1.601453152496625648e-02 -6.550409649178037808e-02 -6.555183999999999456e-01 -1.600802973895218417e-02 9.998716684760592388e-01 6.241496441120169278e-04 6.457300000000000019e-03 6.550568571540515972e-02 4.258625802821057829e-04 9.978521051638952200e-01 1.375445100000000087e+00
9.977579526914288621e-01 1.522471067325291243e-02 -6.517112877589392728e-02 -6.623352000000000128e-01 -1.551316990104886946e-02 9.998719699760041379e-01 -3.922399256329646769e-03 4.560899999999999677e-03 6.510306752089031757e-02 4.924615844977428547e-03 9.978663932401721226e-01 1.476489200000000057e+00
9.978086532958613253e-01 1.169958730436809063e-02 -6.512304557379912373e-02 -6.687946000000000168e-01 -1.229620403791451683e-02 9.998859553391363786e-01 -8.768105941449222396e-03 2.034600000000000124e-03 6.501303541719631596e-02 9.549658237338727595e-03 9.978387190590433109e-01 1.577423299999999973e+00
9.978621530829899777e-01 8.931262887041331588e-03 -6.474068263327185935e-02 -6.754567999999999683e-01 -9.016732583447713278e-03 9.999588199050470916e-01 -1.028118487445256425e-03 8.600000000000000331e-05 6.472883420932330767e-02 1.609669950080620500e-03 9.979015918338610680e-01 1.679400199999999899e+00
9.978850077457299683e-01 5.605189610392716411e-03 -6.476181873400368993e-02 -6.816716999999999915e-01 -5.236229025677372785e-03 9.999690882981405737e-01 5.865522464036109634e-03 -1.500500000000000098e-03 6.479269420154604164e-02 -5.514009214446780049e-03 9.978835114784129212e-01 1.781257599999999996e+00
9.979242638510099628e-01 1.350940532312862753e-03 -6.438430380999723979e-02 -6.883894000000000402e-01 -1.383239416660259763e-03 9.999989388606004281e-01 -4.570846632216455339e-04 -2.728700000000000136e-03 6.438361799507749672e-02 5.451947829072649899e-04 9.979250735884496182e-01 1.882772899999999971e+00
9.979115107078508906e-01 3.607755014024266373e-03 -6.449496802490554959e-02 -6.954405999999999644e-01 -4.193688100505898846e-03 9.999511372623381966e-01 -8.951875103697385511e-03 -4.583699999999999580e-03 6.445952045191215285e-02 9.203650988347213818e-03 9.978778798187653010e-01 1.984046200000000093e+00
9.979507287847607655e-01 9.774767578021644615e-03 -6.323604064740746822e-02 -7.024926999999999699e-01 -1.018489356590822695e-02 9.999291183851946041e-01 -6.166534558294736387e-03 -6.741200000000000143e-03 6.317128193266331737e-02 6.797950000049936270e-03 9.979795473930218597e-01 2.085423700000000213e+00
9.979234262409970579e-01 9.201517644249800412e-03 -6.375082299446735434e-02 -7.118128999999999706e-01 -9.352430077909259024e-03 9.999541241679363868e-01 -2.069205444867580450e-03 -1.050820000000000053e-02 6.372885854200721623e-02 2.661133701603707845e-03 9.979637022238609934e-01 2.237039799999999801e+00
9.978193472748044801e-01 5.405220645228330477e-03 -6.578247330299658024e-02 -7.207691999999999988e-01 -5.227768000126240856e-03 9.999822183237392359e-01 2.869403783059430203e-03 -1.287929999999999978e-02 6.579681334092035705e-02 -2.519251100977650849e-03 9.978298616137273314e-01 2.388714300000000179e+00
9.977207646252579387e-01 5.625257930005112678e-03 -6.724308372473389306e-02 -7.315850999999999882e-01 -5.913735183802440107e-03 9.999741422013194159e-01 -4.091780164082853798e-03 -1.591559999999999850e-02 6.721832764779642200e-02 4.480111824077539877e-03 9.977282320483255029e-01 2.539171699999999809e+00
9.975808002158463861e-01 8.695687446173052185e-03 -6.897051587852681687e-02 -7.384169999999999900e-01 -8.582247165061904562e-03 9.999612881943137355e-01 1.940913796751397771e-03 -1.794520000000000143e-02 6.898472348505454987e-02 -1.344296324141892179e-03 9.976168106006851888e-01 2.640343699999999849e+00
9.974993057341859926e-01 1.146440672758778680e-02 -6.974024977157211591e-02 -7.462469000000000463e-01 -1.106300317048300626e-02 9.999199567340852912e-01 6.139225175447591241e-03 -1.904619999999999924e-02 6.980505010861826065e-02 -5.352336245921630355e-03 9.975462933999824644e-01 2.739656699999999834e+00
9.973916268021383313e-01 1.080859445492893256e-02 -7.136607787242291168e-02 -7.533353000000000410e-01 -1.059980923117417179e-02 9.999383631296639985e-01 3.303632217849147498e-03 -2.037939999999999890e-02 7.139738671160567041e-02 -2.538548301091714775e-03 9.974447197430423850e-01 2.837411200000000022e+00
9.972778624424050165e-01 8.823604136848722107e-03 -7.320525317450612968e-02 -7.601191000000000475e-01 -8.588512560027902060e-03 9.999569029670417608e-01 3.525572374578323474e-03 -2.213940000000000005e-02 7.323320650028644629e-02 -2.887251045256196760e-03 9.973106643604529031e-01 2.933600699999999950e+00
9.972761377717762610e-01 7.567973966110140213e-03 -7.336914065911723237e-02 -7.640352000000000254e-01 -7.233897995871095207e-03 9.999622279706399386e-01 4.818023638308086345e-03 -2.285080000000000097e-02 7.340283203524494704e-02 -4.274155126132236568e-03 9.972932145799264791e-01 2.980101799999999912e+00
9.971618453472772536e-01 7.029514381164984720e-03 -7.495892282562355291e-02 -7.711352999999999680e-01 -6.387233267853322828e-03 9.999408382269535656e-01 8.804731521152426438e-03 -2.466700000000000143e-02 7.501638110969377493e-02 -8.300962205825421214e-03 9.971477506326044127e-01 3.071859100000000176e+00
9.967206091009471747e-01 5.538874175659191240e-03 -8.073009517090308507e-02 -7.780899000000000010e-01 -4.895677642905035820e-03 9.999546977904671952e-01 8.163008464531471692e-03 -2.597179999999999975e-02 8.077165179599594957e-02 -7.741010246826209203e-03 9.967025719975367570e-01 3.159319400000000222e+00
9.961487731690280567e-01 5.289151604569889559e-03 -8.751940692865985139e-02 -7.854866000000000348e-01 -4.647999605447386551e-03 9.999608619437694301e-01 7.527993115143989146e-03 -2.701900000000000135e-02 8.755579828605435100e-02 -7.092210937202174208e-03 9.961343698169008443e-01 3.242642200000000141e+00
9.955977188868468941e-01 8.081887869844645370e-03 -9.338021865345050299e-02 -7.935022999999999938e-01 -7.197895742532610212e-03 9.999260770643401131e-01 9.799525682337920443e-03 -2.842700000000000088e-02 9.345251438129739685e-02 -9.084244337226271213e-03 9.955822939670205818e-01 3.322188600000000047e+00
9.950443615026077770e-01 1.092327465871416846e-02 -9.883016094592746159e-02 -8.016096000000000332e-01 -9.772286994472344571e-03 9.998787635715645772e-01 1.212272929240962825e-02 -2.949629999999999960e-02 9.895059903186691208e-02 -1.109685673196120388e-02 9.950304712529687290e-01 3.396226599999999873e+00
9.941486982075666834e-01 1.585553016958426986e-02 -1.068502129864140199e-01 -8.131026000000000087e-01 -1.511248126911034738e-02 9.998556850085855707e-01 7.760287746147220660e-03 -3.112780000000000061e-02 1.069578363753279499e-01 -6.100108118190756580e-03 9.942448440494198181e-01 3.497713099999999908e+00
9.934226363853378983e-01 2.175274347385823190e-02 -1.124201212798014715e-01 -8.239771999999999652e-01 -2.184378908882713896e-02 9.997613069271655828e-01 4.219591552465682760e-04 -3.252610000000000223e-02 1.124024661448652929e-01 2.036497642124374466e-03 9.936606756241820326e-01 3.585811399999999871e+00
9.948509715769348061e-01 3.154211190443870910e-02 -9.631531305579985047e-02 -8.351345999999999492e-01 -3.112531489925648293e-02 9.994985037917542003e-01 5.827151145011179312e-03 -3.495589999999999808e-02 9.645081194500637611e-02 -2.799302529657780782e-03 9.953338157525326579e-01 3.687604700000000069e+00
9.966798795024250923e-01 3.107919109667518776e-02 -7.525491130688831409e-02 -8.379056000000000282e-01 -3.046275317152774553e-02 9.994923974944932565e-01 9.325664583312855485e-03 -3.581750000000000211e-02 7.550654583704553835e-02 -7.002230465089338482e-03 9.971207200255503000e-01 3.732922100000000132e+00
9.995834119484245939e-01 2.790112497767344851e-02 -7.384428381814721505e-03 -8.389767000000000197e-01 -2.789826333718848500e-02 9.996106474722546986e-01 4.902681598027926104e-04 -3.737929999999999725e-02 7.395232269157540721e-03 -2.840511923548752005e-04 9.999726145523212262e-01 3.813431000000000015e+00
9.941030932204995008e-01 1.878244941205415089e-02 1.068000919639975760e-01 -8.303479000000000276e-01 -1.772756315359113113e-02 9.997843279402919281e-01 -1.081809177323431702e-02 -3.919809999999999961e-02 -1.069802484296524386e-01 8.860993119414366584e-03 9.942216600169538898e-01 3.886946700000000199e+00
9.641978264368654683e-01 1.191648902216097851e-02 2.649161165044682242e-01 -8.119292999999999649e-01 -8.049828936850489738e-03 9.998447085814955448e-01 -1.567670168344500320e-02 -4.157929999999999959e-02 -2.650617885484659597e-01 1.298291226840109919e-02 9.641440204868354513e-01 3.953649299999999922e+00
9.161607479098055062e-01 1.387622598691329485e-02 4.005707607173866758e-01 -7.906976000000000004e-01 -8.868268012352008636e-03 9.998576589057428521e-01 -1.435324876075405945e-02 -4.339729999999999976e-02 -4.007129119604294076e-01 9.597514255634417846e-03 9.161533986774845761e-01 3.999208199999999991e+00
8.177435677262095970e-01 2.018255567146738649e-02 5.752287561387888770e-01 -7.516648999999999692e-01 -6.513491371616979102e-03 9.996455394623875446e-01 -2.581414075858721319e-02 -4.623929999999999707e-02 -5.755458555776090668e-01 1.736260002189769780e-02 8.175851688037873988e-01 4.051251899999999573e+00
7.506606132949125154e-01 3.136683802676554916e-02 6.599430014174773040e-01 -7.278784000000000365e-01 -1.220540484449834234e-02 9.993602911055406990e-01 -3.361601781934955152e-02 -4.718549999999999828e-02 -6.605752581956788605e-01 1.717934904621198910e-02 7.505632539806760262e-01 4.075332600000000305e+00
6.743801513577846185e-01 2.915266509027195779e-02 7.378086022626638707e-01 -7.002918000000000198e-01 -5.790107843919789152e-03 9.993983597417588349e-01 -3.419639157334729285e-02 -4.843109999999999776e-02 -7.383616228554995553e-01 1.878937634985147070e-02 6.741432141841794401e-01 4.096235300000000024e+00
5.871996123311792326e-01 2.620561892972413792e-02 8.090178495031015160e-01 -6.695263999999999660e-01 -3.417648941260001058e-03 9.995471529731316807e-01 -2.989663290441394589e-02 -4.958830000000000182e-02 -8.094349479444455930e-01 1.479035225466472647e-02 5.870232623383470072e-01 4.115700200000000031e+00
5.407893224241401287e-01 2.346101108642422578e-02 8.408308329924885083e-01 -6.531586999999999810e-01 -1.416740496542506431e-03 9.996349480097705964e-01 -2.698079991158095284e-02 -5.033750000000000030e-02 -8.411568828693045674e-01 1.339968941080313738e-02 5.406251443701903803e-01 4.124067300000000103e+00
4.912300672003120372e-01 1.975147811625487318e-02 8.708058912241005700e-01 -6.358529000000000542e-01 1.305223986803109165e-03 9.997250520729261680e-01 -2.341189116943203849e-02 -5.109829999999999928e-02 -8.710288844055180668e-01 1.263722160952164900e-02 4.910692244086067859e-01 4.132028100000000315e+00
4.408162868530969281e-01 1.999118207206398642e-02 8.973747009384707152e-01 -6.182075999999999683e-01 -1.050658625505875715e-03 9.997627579569132727e-01 -2.175600879846783728e-02 -5.199619999999999936e-02 -8.975967342640573943e-01 8.647568545432138265e-03 4.407327106044560683e-01 4.138934599999999797e+00
3.909063797769211646e-01 2.531506025880789559e-02 9.200822517437201586e-01 -5.998980000000000423e-01 -4.687156545934701574e-03 9.996634953209280194e-01 -2.551326490786317430e-02 -5.264479999999999854e-02 -9.204185095994188437e-01 5.660728472363442051e-03 3.908934936014499817e-01 4.145156400000000296e+00
2.953362882030348135e-01 3.248406884384258397e-02 9.548409617008490891e-01 -5.606463000000000418e-01 -2.661470782988896791e-03 9.994459035636178434e-01 -3.317834268276142334e-02 -5.389329999999999815e-02 -9.553896552944904919e-01 7.257487254687248687e-03 2.952590988183476650e-01 4.155313500000000104e+00
2.547588065020548465e-01 3.182424870342565743e-02 9.664808160041827856e-01 -5.395324000000000231e-01 4.786777983703494402e-03 9.994045672788456347e-01 -3.417012816361703065e-02 -5.488160000000000260e-02 -9.669927803588728166e-01 1.333147016070592925e-02 2.544547791596197817e-01 4.158982299999999910e+00
2.201646110226573860e-01 3.125711563437810758e-02 9.749618129831860713e-01 -5.177047999999999650e-01 1.294211129839650462e-02 9.993049042363115753e-01 -3.496012191620756493e-02 -5.577200000000000213e-02 -9.753768737305503755e-01 2.031504593830135014e-02 2.196070424648144392e-01 4.162023999999999724e+00
1.900405070871002688e-01 3.268859759582938562e-02 9.812319100260120663e-01 -4.952134000000000258e-01 1.741108025877698487e-02 9.991761654221249511e-01 -3.665848791972767945e-02 -5.634510000000000213e-02 -9.816218518096977430e-01 2.405090517124731930e-02 1.893148013498771043e-01 4.165173499999999862e+00
1.623492180734601442e-01 3.127985403564075007e-02 9.862374471304794499e-01 -4.717570999999999848e-01 1.549667089739014889e-02 9.992933196552528097e-01 -3.424491909002922579e-02 -5.733209999999999695e-02 -9.866116685819371623e-01 2.084303298211841182e-02 1.617497554683537953e-01 4.168322599999999767e+00
1.129959385209724221e-01 2.428910622710969691e-02 9.932985237059664962e-01 -4.216647000000000034e-01 4.530861308958899006e-03 9.996781698169101560e-01 -2.496053058955208931e-02 -5.925359999999999655e-02 -9.935851192391939035e-01 7.320936429253232028e-03 1.128495224457561896e-01 4.174330199999999991e+00
7.071900231603991949e-02 2.183287668249049573e-02 9.972573129374338041e-01 -3.679451000000000249e-01 1.660933995131616547e-02 9.995960575974180973e-01 -2.306190499678592576e-02 -6.163590000000000041e-02 -9.973579861503116817e-01 1.819470064239392393e-02 7.032780624140155812e-02 4.176554199999999994e+00
3.869186068673664131e-02 2.962795014522407941e-02 9.988118564007890665e-01 -3.100597999999999965e-01 2.190046900637696373e-02 9.992950960350150957e-01 -3.049066246690702517e-02 -6.351089999999999514e-02 -9.990111657904026110e-01 2.305418856872319330e-02 3.801572063684799385e-02 4.178637000000000157e+00
2.150772207698358265e-02 3.400951969585792878e-02 9.991900572269105663e-01 -2.486802999999999930e-01 2.172110621959348273e-02 9.991694418762849805e-01 -3.447636821404390095e-02 -6.543619999999999992e-02 -9.995326965315627366e-01 2.244502151235882800e-02 2.075113427389885246e-02 4.179859200000000108e+00
1.965141816829172813e-02 2.871160925017040774e-02 9.993945493438718408e-01 -1.824035999999999991e-01 2.983670901172666770e-02 9.991255343195953875e-01 -2.929056957337359407e-02 -6.825570000000000248e-02 -9.993615924975927101e-01 3.039424558775261770e-02 1.877757374707655913e-02 4.180402800000000418e+00
2.310055261051770920e-02 2.907915292542865779e-02 9.993101457176486457e-01 -1.128836000000000006e-01 2.497581994389802204e-02 9.992481208849705032e-01 -2.965470158314509677e-02 -7.078750000000000320e-02 -9.994211188919407407e-01 2.564363026162513534e-02 2.235690809987767036e-02 4.182769799999999982e+00
2.556839529836303637e-02 3.101498024285099381e-02 9.991918375179025258e-01 -3.965799999999999881e-02 2.348680865339625168e-02 9.992240669601936132e-01 -3.161698636507591365e-02 -7.373789999999999512e-02 -9.993971317655188091e-01 2.427622310134358932e-02 2.482011302932352059e-02 4.184504500000000071e+00
2.675524624849448876e-02 2.944018138234088394e-02 9.992084029462309225e-01 3.725849999999999995e-02 2.197524934347378639e-02 9.993073583566802753e-01 -3.003151595383457551e-02 -7.666449999999999654e-02 -9.994004428728628930e-01 2.276135440539808763e-02 2.608975912417144105e-02 4.187245400000000117e+00
2.673858028828244790e-02 2.591694601732270897e-02 9.993064396036392960e-01 1.163085999999999981e-01 2.320137907801731597e-02 9.993784792288266106e-01 -2.653961686151373039e-02 -7.977099999999999469e-02 -9.993731757121786519e-01 2.389491919661969332e-02 2.612065281614917023e-02 4.189425899999999814e+00
2.483752709224285385e-02 2.324959306835842551e-02 9.994211092778148009e-01 1.973021000000000080e-01 1.975512586595975020e-02 9.995228907136912699e-01 -2.374291349785060193e-02 -8.286459999999999659e-02 -9.994962892627275997e-01 2.033340506413198676e-02 2.436637824002041430e-02 4.191595099999999796e+00
2.145646710421567419e-02 1.813168330081501786e-02 9.996053531669810699e-01 3.208247000000000182e-01 2.103661712194230052e-02 9.996059842589832822e-01 -1.858324443400740170e-02 -8.729249999999999510e-02 -9.995484384258077615e-01 2.142704586050557178e-02 2.106658363905444808e-02 4.193693599999999577e+00
1.953590010715232014e-02 2.789092110436107788e-02 9.994200543950244597e-01 4.060456000000000065e-01 1.947431226590188094e-02 9.994105679472489179e-01 -2.827132535144797135e-02 -9.009100000000000441e-02 -9.996194774856947962e-01 2.001532401205604120e-02 1.898122851447980874e-02 4.196170300000000353e+00
1.575383913974644223e-02 2.379042075017905739e-02 9.995928333240934327e-01 5.357728999999999964e-01 1.336551015746373361e-02 9.996225678048538121e-01 -2.400177229833578424e-02 -9.510789999999999522e-02 -9.997865670684870087e-01 1.373818822697792791e-02 1.542992202347104325e-02 4.199627399999999788e+00
1.494819448668394460e-02 1.163621788734161763e-02 9.998205588578713554e-01 6.662424999999999597e-01 6.084492250003428922e-03 9.999127096392433911e-01 -1.172825886335577758e-02 -9.990809999999999969e-02 -9.998697567361699567e-01 6.258716736244430978e-03 1.487608917583971291e-02 4.203076799999999835e+00
1.816568943676371423e-02 3.472210672347392224e-02 9.992318965245108320e-01 7.933080999999999605e-01 1.338463346753616598e-02 9.992988078452811340e-01 -3.496775980727833549e-02 -1.046223000000000014e-01 -9.997453972458321125e-01 1.400956614900996690e-02 1.768820912613122687e-02 4.204804400000000442e+00
2.034239550804216659e-02 2.141474418594286819e-02 9.995637026605380671e-01 8.785433999999999743e-01 1.788696801098537195e-02 9.996027737214466802e-01 -2.177960384773617100e-02 -1.082937000000000066e-01 -9.996330543356236609e-01 1.832221328991026285e-02 1.995127012976027903e-02 4.206657400000000102e+00
2.084223945537639136e-02 1.912902079737423613e-02 9.995997607131658080e-01 9.629326000000000274e-01 1.855957229569003483e-02 9.996372542396025906e-01 -1.951671623274191247e-02 -1.117984999999999951e-01 -9.996104958085852976e-01 1.895891609881589918e-02 2.047965257694217556e-02 4.208358800000000066e+00
1.753319770893150067e-02 2.025051928701847304e-02 9.996411873500941070e-01 1.046930600000000045e+00 1.307136656057713599e-02 9.997047889411594390e-01 -2.048107283202597190e-02 -1.151119000000000031e-01 -9.997608345771196170e-01 1.342577508815857683e-02 1.726331975442829680e-02 4.210975200000000029e+00
1.356746153962295164e-02 2.071923295262596831e-02 9.996932716454709489e-01 1.129363099999999953e+00 1.252369375543898287e-02 9.997033508487259690e-01 -2.088940871707932467e-02 -1.184059999999999974e-01 -9.998295260103546855e-01 1.280326863281518700e-02 1.330395543532603142e-02 4.212531600000000154e+00
9.089864908045940106e-03 2.052462098550929606e-02 9.997480253990773669e-01 1.211286499999999933e+00 9.034428737338846827e-03 9.997468386560912634e-01 -2.060673905647122939e-02 -1.213631000000000015e-01 -9.999178733542786190e-01 9.219464764981869648e-03 8.902135479975425980e-03 4.214275800000000238e+00
5.510763442788410224e-03 1.989452158046424793e-02 9.997868970422456592e-01 1.292227000000000015e+00 9.365085738387811387e-03 9.997572056170215271e-01 -1.994555053031019792e-02 -1.240987000000000062e-01 -9.999409615849277344e-01 9.473005221626057404e-03 5.323111560053273017e-03 4.214701699999999995e+00
2.621781724134580969e-03 2.113486345891357754e-02 9.997731961835966130e-01 1.371473600000000070e+00 1.004359873471131342e-02 9.997256484717136349e-01 -2.116019641373319271e-02 -1.272251000000000076e-01 -9.999461247412518849e-01 1.009679822442448305e-02 2.408792346417443220e-03 4.215397399999999628e+00
-9.758589948565788113e-05 1.908994207905823082e-02 9.998177656895332888e-01 1.450202100000000049e+00 1.180796683625926630e-02 9.997480886804803735e-01 -1.908745920546160019e-02 -1.305140999999999940e-01 -9.999302787675679038e-01 1.180395235268938761e-02 -3.229747194686272138e-04 4.215612899999999996e+00
-2.622248155734338820e-03 1.808250759713497802e-02 9.998330594322278886e-01 1.526967299999999916e+00 8.943972798552442607e-03 9.997969292065601588e-01 -1.805839693083058708e-02 -1.333503000000000049e-01 -9.999565636392354628e-01 8.895126088607922810e-03 -2.783445109799109751e-03 4.216027699999999712e+00
-3.773830010047768760e-03 1.659585576106392679e-02 9.998551573996172781e-01 1.600862400000000019e+00 8.471654800470405575e-03 9.998269272472856128e-01 -1.656341197316433048e-02 -1.361508999999999914e-01 -9.999569937112280371e-01 8.407920242786446480e-03 -3.913771224025808237e-03 4.215980100000000341e+00
-4.208552866110988437e-03 1.907281976436621743e-02 9.998092396197432175e-01 1.636760800000000016e+00 8.535288520158706288e-03 9.997823588801376671e-01 -1.903637890842845362e-02 -1.376431999999999933e-01 -9.999547174410702288e-01 8.453544718259556334e-03 -4.370428931534053874e-03 4.216177000000000064e+00
-4.207740836928195761e-03 2.383390064586827367e-02 9.997070771466269878e-01 1.708211900000000005e+00 6.739914421596113550e-03 9.996938957185297348e-01 -2.380521826614697203e-02 -1.404088000000000003e-01 -9.999684337371048670e-01 6.637773957601792590e-03 -4.367091280128687636e-03 4.216111200000000281e+00
-4.249052448340125999e-03 2.456692941223513962e-02 9.996891574547285275e-01 1.778733799999999921e+00 8.854500654449714431e-03 9.996599155632835965e-01 -2.452857586915455773e-02 -1.433796999999999988e-01 -9.999517705226842468e-01 8.747525093578047140e-03 -4.465135304290157592e-03 4.215930499999999803e+00
-4.635686503039722697e-03 2.391247760325376781e-02 9.997033078996582223e-01 1.813986199999999993e+00 9.714585200896949657e-03 9.996679513551468554e-01 -2.386658475313047784e-02 -1.449710999999999916e-01 -9.999420669443903620e-01 9.601064955396003062e-03 -4.866447030659748485e-03 4.215887999999999636e+00
-4.668315946772754951e-03 2.450104080863660383e-02 9.996889045225590964e-01 1.883181299999999947e+00 2.532942516956940629e-03 9.996968806074387759e-01 -2.448940803617066092e-02 -1.479177000000000131e-01 -9.999858954147436974e-01 2.417830235933013730e-03 -4.728960617652600007e-03 4.216205099999999817e+00
-5.073880443123616156e-03 2.352270991548285201e-02 9.997104270014796068e-01 1.917855700000000052e+00 4.866019563653916150e-03 9.997120402631378688e-01 -2.349805112174813138e-02 -1.490982999999999892e-01 -9.999752884900980909e-01 4.745384193739850612e-03 -5.186881336485260618e-03 4.216493599999999731e+00
-9.330664334501886925e-03 2.253046941358770316e-02 9.997026141063551918e-01 1.985879299999999903e+00 2.143212418579469938e-03 9.997442889463560300e-01 -2.251140510216306789e-02 -1.518238000000000087e-01 -9.999541716216826526e-01 1.932528692732821823e-03 -9.376565962337379823e-03 4.216397800000000196e+00
-1.448124074323945895e-02 2.233539488347770913e-02 9.996456491186940241e-01 2.019755099999999803e+00 -1.634412169478609983e-03 9.997486172675867921e-01 -2.236137223894234943e-02 -1.532148999999999872e-01 -9.998938055430668381e-01 -1.957653428827255127e-03 -1.444109516816505234e-02 4.216232800000000225e+00
-2.053506010168153206e-02 2.589822937914508516e-02 9.994536472601648347e-01 2.053498300000000221e+00 2.235835126811042822e-03 9.996631329508722796e-01 -2.585771954624997010e-02 -1.546334000000000042e-01 -9.997866334113026943e-01 1.703623747189028995e-03 -2.058604668754948630e-02 4.215598599999999863e+00
-3.460835862314870504e-02 3.044313390026000959e-02 9.989371737560583941e-01 2.121138300000000143e+00 3.861800247887244020e-03 9.995325558025238699e-01 -3.032748571378486233e-02 -1.573596999999999912e-01 -9.993934900789860354e-01 2.808111323513832330e-03 -3.470974644876867465e-02 4.213674100000000422e+00
-4.587544813078368172e-02 2.915047158381699546e-02 9.985217540270423520e-01 2.189732100000000070e+00 3.070662341736786483e-04 9.995745025435458508e-01 -2.916709747559125335e-02 -1.599964000000000108e-01 -9.989471202066344535e-01 -1.031441352617411961e-03 -4.586487936982397429e-02 4.210733399999999627e+00
-5.475150913332377245e-02 2.899240620263805746e-02 9.980790112161487260e-01 2.259409199999999895e+00 -4.505266449622064365e-03 9.995610195807251852e-01 -2.928260078884935280e-02 -1.631315000000000126e-01 -9.984898471300757139e-01 -6.099878467842233254e-03 -5.459685577792994238e-02 4.207744100000000209e+00
-5.886016377995866716e-02 2.291846923364841346e-02 9.980031186763811402e-01 2.331216599999999861e+00 -1.257370699930690505e-03 9.997339290036945103e-01 -2.303237325502724420e-02 -1.658318000000000014e-01 -9.982654457301021189e-01 -2.610549141895178102e-03 -5.881568578583740159e-02 4.203591799999999878e+00
-6.185835411796519051e-02 1.943457140268988262e-02 9.978957067049692986e-01 2.404173600000000022e+00 -2.365969269052380086e-03 9.998047409381183304e-01 -1.961841448945628175e-02 -1.687923000000000062e-01 -9.980821340026252431e-01 -3.574553406505068601e-03 -6.180029411507459436e-02 4.199759000000000242e+00
-6.250274494003207892e-02 2.686921033417206603e-02 9.976830420584379411e-01 2.477534799999999926e+00 5.195096080178252668e-03 9.996327575992808301e-01 -2.659625746557586420e-02 -1.715244999999999964e-01 -9.980312709788599079e-01 3.520720164327788976e-03 -6.261937941121331619e-02 4.195163700000000162e+00
-6.349732012728966091e-02 3.245015423388077080e-02 9.974542986156560431e-01 2.552359099999999881e+00 1.342592664988452242e-02 9.994085497529044959e-01 -3.165904569610322045e-02 -1.747467000000000048e-01 -9.978916949400093994e-01 1.138148369033585745e-02 -6.389543801213204421e-02 4.190080199999999699e+00
-6.403626248365371088e-02 2.528408577461237899e-02 9.976272210067579360e-01 2.627835800000000166e+00 1.133943953227920659e-02 9.996328875808065950e-01 -2.460705545066890765e-02 -1.780586999999999864e-01 -9.978831465648762000e-01 9.736789686573018091e-03 -6.429946133818742471e-02 4.186005100000000034e+00
-6.523193273732783015e-02 2.278098254217306856e-02 9.976100549742700219e-01 2.702998899999999871e+00 1.348645150369526431e-02 9.996681865342877948e-01 -2.194612624329835004e-02 -1.811335000000000028e-01 -9.977789888433165055e-01 1.202263139506151192e-02 -6.551752251991271869e-02 4.181530000000000413e+00
-6.727566311642606267e-02 2.386886425455525887e-02 9.974488771217512317e-01 2.740340699999999963e+00 1.206522617042891585e-02 9.996601673961497125e-01 -2.310800811316767248e-02 -1.825502999999999987e-01 -9.976614733814778146e-01 1.047983972680117601e-02 -6.754078389831597029e-02 4.179546400000000439e+00
-7.199726923647800647e-02 2.464507666669082941e-02 9.971003025867474223e-01 2.813766699999999954e+00 1.271459328921688281e-02 9.996361290178941150e-01 -2.378967590384448161e-02 -1.856278000000000095e-01 -9.973237851069131077e-01 1.096493311484793981e-02 -7.228442364581055823e-02 4.175256700000000265e+00
-7.557216559536311662e-02 2.443411273447909648e-02 9.968409210712134705e-01 2.886965500000000073e+00 1.302775004714926306e-02 9.996385951764570343e-01 -2.351503268865614768e-02 -1.885997000000000090e-01 -9.970552269137027412e-01 1.120951241215831576e-02 -7.586317496352001921e-02 4.169860400000000134e+00
-7.816398918227419890e-02 2.656017659144366966e-02 9.965866484227775546e-01 2.958824900000000202e+00 1.084727533982386520e-02 9.996085311065159296e-01 -2.578994293858944895e-02 -1.912394000000000038e-01 -9.968815011889905486e-01 8.794404954570737148e-03 -7.842149596048042515e-02 4.164239399999999591e+00
-8.163647815987019885e-02 2.584953821282546388e-02 9.963268975631625057e-01 3.066591700000000031e+00 9.703111241926812292e-03 9.996368398721203752e-01 -2.514036600186253870e-02 -1.950323999999999947e-01 -9.966149382112829969e-01 7.615099780336986174e-03 -8.185765199085348609e-02 4.156738299999999775e+00
-8.443515213513097528e-02 2.156243229376694770e-02 9.961956467469097465e-01 3.138752199999999881e+00 4.734785181832944570e-03 9.997632292721702063e-01 -2.123834279231593541e-02 -1.979385999999999923e-01 -9.964177271070597808e-01 2.923509681656494621e-03 -8.451725384761432647e-02 4.151425399999999932e+00
-9.037578758421885294e-02 2.305472675513281500e-02 9.956408471897776336e-01 3.248496499999999898e+00 6.629035552120044264e-03 9.997237939563223819e-01 -2.254754277577570437e-02 -2.017963999999999869e-01 -9.958856726081467547e-01 4.562386636714365132e-03 -9.050365584879016545e-02 4.141849500000000184e+00
-9.307822798534230724e-02 3.382896703451173520e-02 9.950839384014229516e-01 3.359927200000000003e+00 1.137352883018129777e-02 9.993935501943538302e-01 -3.291161910138629132e-02 -2.067757000000000067e-01 -9.955938360180109914e-01 8.254260675773363726e-03 -9.340653544393295871e-02 4.131566000000000294e+00
-9.208316446179723447e-02 3.433422855631883958e-02 9.951592091580845345e-01 3.435718300000000003e+00 1.757047029313542341e-02 9.993057885856786449e-01 -3.285147596125587155e-02 -2.100140000000000062e-01 -9.955962883600861790e-01 1.446034745769916863e-02 -9.262250782084757716e-02 4.124442100000000444e+00
-9.129778832154847312e-02 3.051657434625745444e-02 9.953559426344743555e-01 3.513125899999999913e+00 1.745851252227661674e-02 9.994257747712284035e-01 -2.903999076169588855e-02 -2.136801999999999868e-01 -9.956705851776997962e-01 1.472614725918538342e-02 -9.177813682352431446e-02 4.117850299999999741e+00
-8.771682798375884937e-02 2.500552827126150540e-02 9.958315528463348443e-01 3.590713500000000113e+00 1.679171306786572671e-02 9.995799652991447237e-01 -2.362057037429241002e-02 -2.167043999999999915e-01 -9.960039138782106338e-01 1.464979619092274254e-02 -8.809986952799819804e-02 4.111519300000000321e+00
